Node	dPC	dPCintra	dPCflux	dPCconnector	varPC	varPCintra	varPCflux	varPCconnector	dBC_PC	varBC_PC	
1	0.176381	0.167158	0.0092023	2.08547e-05	0.777274	0.736629	0.0405524	9.1902e-05	2.0834e-05	9.1811e-05	
2	0.0920846	0.0841462	0.00793834	0	0.405796	0.370813	0.0349825	0	0	0	
3	0.0936446	0.0824347	0.0111928	1.69889e-05	0.41267	0.363271	0.0493243	7.48664e-05	2.91287e-05	0.000128363	
4	0.0578697	0.0578697	0	0	0.255019	0.255019	0	0	0	0	
5	0.107251	0.107083	0.000167264	0	0.472631	0.471894	0.000737097	0	0	0	
6	0.0911073	0.0901956	0.000911786	0	0.40149	0.397471	0.00401803	0	0	0	
7	0.0876798	0.0868713	0.000808514	0	0.386385	0.382822	0.00356294	0	0	0	
8	0.12006	0.103816	0.0162445	0	0.52908	0.457494	0.0715861	0	0	0	
9	0.0874246	0.0873039	0.000120683	0	0.38526	0.384729	0.000531824	0	0	0	
10	0.0598529	0.0598097	4.32573e-05	0	0.263758	0.263568	0.000190625	0	0	0	
11	0.0853673	0.0798317	0.00553566	0	0.376195	0.3518	0.0243944	0	0	0	
12	0.0960142	0.095338	0.00067618	2.62915e-08	0.423113	0.420133	0.00297977	1.1586e-07	5.31772e-09	2.3434e-08	
13	0.104016	0.104016	0	0	0.458377	0.458377	0	0	0	0	
14	0.0842416	0.0842416	0	0	0.371234	0.371234	0	0	0	0	
15	0.0947795	0.093653	0.00112654	0	0.417672	0.412708	0.00496443	0	0	0	
16	0.0740218	0.0740218	0	0	0.326197	0.326197	0	0	0	0	
17	0.0869725	0.0853443	0.00162822	0	0.383268	0.376093	0.00717523	0	0	0	
18	0.0734396	0.072881	0.000558647	0	0.323632	0.32117	0.00246183	0	0	0	
19	0.0871545	0.0851555	0.00199456	4.43956e-06	0.38407	0.375261	0.0087896	1.95641e-05	4.41865e-06	1.9472e-05	
20	0.0597198	0.0597198	0	0	0.263171	0.263171	0	0	0	0	
21	0.0841624	0.0825778	0.00158451	0	0.370884	0.363902	0.0069826	0	0	0	
22	0.0893871	0.0884573	0.000929807	0	0.393909	0.389811	0.00409745	0	0	0	
23	0.0967602	0.0959254	0.000833859	9.59755e-07	0.4264	0.422722	0.00367463	4.22943e-06	9.38837e-07	4.13724e-06	
24	0.0666284	0.0657512	0.000877212	0	0.293616	0.289751	0.00386567	0	0	0	
25	0.121576	0.116704	0.00487153	0	0.535759	0.514291	0.0214677	0	0	0	
26	0.0860681	0.0851383	0.000929807	0	0.379283	0.375185	0.00409745	0	0	0	
27	0.0787294	0.0770089	0.00172046	0	0.346942	0.339361	0.00758168	0	0	0	
28	0.0627452	0.0627452	0	0	0.276504	0.276504	0	0	0	0	
29	0.102622	0.102303	0.000318718	0	0.452234	0.450829	0.00140452	0	0	0	
30	0.165195	0.150357	0.014813	2.47081e-05	0.727978	0.662592	0.0652779	0.000108883	2.46875e-05	0.000108792	
31	0.140142	0.139824	0.000318718	0	0.617578	0.616173	0.00140452	0	0	0	
32	0.145163	0.140292	0.00487153	0	0.639704	0.618236	0.0214677	0	0	0	
33	0.0775313	0.0774282	0.000103114	0	0.341663	0.341209	0.000454401	0	0	0	
34	0.101467	0.0981447	0.00332267	0	0.447144	0.432502	0.0146422	0	0	0	
35	0.0635319	0.0615862	0.00194571	0	0.279971	0.271396	0.00857432	0	0	0	
36	0.0819881	0.0819881	0	0	0.361303	0.361303	0	0	0	0	
37	0.180209	0.0959542	0.0839057	0.000349161	0.794141	0.422848	0.369754	0.00153867	0.00608719	0.0268249	
38	0.0800517	0.0792173	0.000834432	0	0.35277	0.349093	0.00367715	0	0	0	
39	0.0875838	0.0847587	0.00281396	1.1073e-05	0.385962	0.373513	0.0124005	4.87965e-05	1.1052e-05	4.8704e-05	
40	0.101984	0.101984	0	0	0.449424	0.449424	0	0	0	0	
41	0.0977549	0.0969082	0.000845625	1.07192e-06	0.430784	0.427053	0.00372648	4.72372e-06	1.05099e-06	4.63151e-06	
42	0.0747334	0.0746925	4.08204e-05	0	0.329333	0.329153	0.000179886	0	0	0	
43	0.0618456	0.0558968	0.00594874	0	0.272539	0.246325	0.0262147	0	0	0	
44	0.0655285	0.0652614	0.000267095	0	0.288769	0.287592	0.00117702	0	0	0	
45	0.0580928	0.0526723	0.00542041	0	0.256002	0.232115	0.0238865	0	0	0	
46	0.09081	0.0859945	0.00481545	0	0.400179	0.378958	0.0212206	0	0	0	
47	0.136703	0.136224	0.000478289	0	0.60242	0.600312	0.00210771	0	0	0	
48	0.105829	0.0858976	0.0199318	0	0.466366	0.378531	0.0878353	0	0	0	
49	0.164962	0.159986	0.00497524	6.55317e-07	0.726952	0.705025	0.0219248	2.88783e-06	6.34564e-07	2.79638e-06	
50	0.0968058	0.0962431	0.000562111	6.40632e-07	0.426601	0.424122	0.00247709	2.82312e-06	6.19678e-07	2.73078e-06	
51	0.0855366	0.0855366	0	0	0.376941	0.376941	0	0	0	0	
52	0.0770182	0.0770182	0	0	0.339402	0.339402	0	0	0	0	
53	0.0959414	0.0959414	0	0	0.422792	0.422792	0	0	0	0	
54	0.0922699	0.0916892	0.000580758	0	0.406613	0.404053	0.00255927	0	0	0	
55	0.0993207	0.0937194	0.00558766	1.35791e-05	0.437684	0.413	0.0246235	5.98401e-05	1.35582e-05	5.97481e-05	
56	0.117781	0.113207	0.00457412	0	0.519036	0.498879	0.0201571	0	0	0	
57	0.101823	0.101823	0	0	0.448712	0.448712	0	0	0	0	
58	0.122691	0.0922997	0.0303364	5.52428e-05	0.540673	0.406744	0.133686	0.000243443	0.000106706	0.00047023	
59	0.185307	0.113254	0.0719807	7.2539e-05	0.81661	0.499087	0.317202	0.000319663	9.03147e-05	0.000397997	
60	0.0745459	0.0743958	0.00015004	0	0.328507	0.327845	0.000661193	0	0	0	
61	0.0881895	0.0880788	0.000110667	0	0.388631	0.388143	0.000487688	0	0	0	
62	0.0995321	0.0944285	0.00509679	6.85514e-06	0.438616	0.416125	0.0224604	3.0209e-05	6.83428e-06	3.01171e-05	
63	0.113967	0.0949184	0.01903	1.93768e-05	0.502231	0.418284	0.0838614	8.53894e-05	3.37704e-05	0.000148818	
64	0.0986063	0.097855	0.000751118	1.66905e-07	0.434536	0.431225	0.00331001	7.35514e-07	1.45948e-07	6.43163e-07	
65	0.105343	0.103667	0.00167529	1.05609e-06	0.464225	0.456837	0.00738265	4.65398e-06	1.03519e-06	4.56186e-06	
66	0.110243	0.102002	0.00824097	0	0.485817	0.449501	0.0363161	0	0	0	
67	0.164307	0.138798	0.0254972	1.12322e-05	0.724065	0.611654	0.11236	4.94979e-05	1.37564e-05	6.06216e-05	
68	0.0940055	0.0807135	0.013292	0	0.414261	0.355686	0.0585751	0	0	0	
69	0.116441	0.11496	0.00147838	3.08572e-06	0.513131	0.506603	0.0065149	1.35981e-05	3.06479e-06	1.35058e-05	
70	0.0772338	0.0771574	7.63997e-05	0	0.340352	0.340015	0.000336676	0	0	0	
71	0.0623776	0.044653	0.0177245	0	0.274884	0.196775	0.0781082	0	0	0	
72	0.159321	0.130838	0.0283452	0.000138353	0.702096	0.576575	0.124911	0.000609693	0.0001772	0.000780881	
73	0.0773904	0.0602869	0.0171035	0	0.341042	0.265671	0.0753715	0	0	0	
74	0.123572	0.107101	0.016408	6.25512e-05	0.544555	0.471973	0.0723067	0.000275649	6.25314e-05	0.000275562	
75	0.168534	0.144306	0.023981	0.000246722	0.742693	0.635927	0.105679	0.00108725	0.000347372	0.00153079	
76	0.144039	0.141734	0.00230218	3.04309e-06	0.634751	0.624593	0.0101452	1.34102e-05	3.02223e-06	1.33183e-05	
77	0.0898734	0.0898734	0	0	0.396052	0.396052	0	0	0	0	
78	0.115224	0.0990023	0.016111	0.0001109	0.507767	0.436281	0.0709978	0.000488715	0.000238505	0.00105104	
79	0.154785	0.137417	0.0171334	0.000234511	0.682105	0.605568	0.0755034	0.00103343	0.00023449	0.00103334	
80	0.135074	0.125498	0.00956634	9.16952e-06	0.595241	0.553044	0.0421567	4.0408e-05	2.62585e-05	0.000115715	
81	0.109879	0.106503	0.00337572	0	0.484213	0.469337	0.014876	0	0	0	
82	0.203945	0.161541	0.0417659	0.000638268	0.898741	0.711875	0.184053	0.0028127	0.000668993	0.0029481	
83	0.15255	0.125491	0.0269876	7.19146e-05	0.672258	0.553012	0.118928	0.000316911	8.39994e-05	0.000370166	
84	0.097948	0.0964131	0.00153482	0	0.431635	0.424871	0.00676362	0	0	0	
85	0.112993	0.101345	0.011647	0	0.497935	0.446609	0.0513259	0	0	0	
86	0.166779	0.146555	0.0200886	0.00013466	0.734959	0.645839	0.0885263	0.000593419	0.000134709	0.000593635	
87	0.0797522	0.0777897	0.00196252	0	0.35145	0.342802	0.00864841	0	0	0	
88	0.0819352	0.0818224	0.000112812	0	0.36107	0.360573	0.000497138	0	0	0	
89	0.0785204	0.0771366	0.00137873	5.1515e-06	0.346022	0.339923	0.00607577	2.27015e-05	5.1306e-06	2.26094e-05	
90	0.104109	0.0990349	0.00507477	0	0.458788	0.436425	0.0223633	0	0	0	
91	0.102864	0.102616	0.000247919	0	0.453299	0.452207	0.00109252	0	0	0	
92	0.0853728	0.0840628	0.00131001	0	0.376219	0.370446	0.00577295	0	0	0	
93	0.0926691	0.0904888	0.00217737	2.99256e-06	0.408372	0.398764	0.00959521	1.31875e-05	2.97163e-06	1.30953e-05	
94	0.0886899	0.0859766	0.00271333	0	0.390836	0.378879	0.011957	0	0	0	
95	0.150108	0.13182	0.0182769	1.08332e-05	0.661492	0.580902	0.0805424	4.77395e-05	2.44452e-05	0.000107724	
96	0.189164	0.159987	0.0291379	3.83309e-05	0.833604	0.70503	0.128404	0.000168915	3.95497e-05	0.000174287	
97	0.108257	0.0949597	0.0132913	6.48665e-06	0.477067	0.418466	0.0585718	2.85852e-05	7.48217e-06	3.29722e-05	
98	0.109384	0.0898538	0.0195304	5.76965e-07	0.482034	0.395965	0.0860664	2.54255e-06	5.56689e-07	2.4532e-06	
99	0.10334	0.100741	0.00259841	0	0.455396	0.443946	0.0114506	0	0	0	
100	0.0931001	0.0926192	0.000480281	5.71906e-07	0.410271	0.408152	0.00211649	2.52026e-06	5.50939e-07	2.42786e-06	
101	0.146079	0.145307	0.000771468	0	0.643738	0.640339	0.00339969	0	0	0	
102	0.158894	0.108011	0.0508818	1.11631e-06	0.700212	0.475982	0.224224	4.91932e-06	4.65388e-06	2.05086e-05	
103	0.078548	0.0738337	0.00469841	1.59554e-05	0.346143	0.325368	0.0207048	7.03121e-05	1.59344e-05	7.02196e-05	
104	0.106375	0.083885	0.0224899	0	0.468771	0.369662	0.0991081	0	0	0	
105	0.092927	0.0868228	0.00608846	1.58157e-05	0.409508	0.382608	0.0268304	6.96966e-05	2.80748e-05	0.000123719	
106	0.140477	0.112313	0.0281641	0	0.619051	0.494938	0.124112	0	0	0	
107	0.158754	0.147718	0.0110008	3.57089e-05	0.699595	0.65096	0.048478	0.000157361	3.83127e-05	0.000168835	
108	0.101623	0.0975913	0.00401628	1.54753e-05	0.44783	0.430063	0.0176988	6.81962e-05	1.57282e-05	6.9311e-05	
109	0.126971	0.108855	0.0179907	0.000124537	0.559533	0.479703	0.0792813	0.000548809	0.000137306	0.000605078	
110	0.117648	0.109381	0.00826762	0	0.518452	0.482018	0.0364335	0	0	0	
111	0.0999626	0.0969046	0.00305794	0	0.440513	0.427037	0.0134757	0	0	0	
112	0.103315	0.0954691	0.00784468	1.80881e-06	0.455289	0.420711	0.0345697	7.97103e-06	1.78784e-06	7.87862e-06	
113	0.0966572	0.0924159	0.00424128	0	0.425947	0.407256	0.0186904	0	0	0	
114	0.158341	0.125022	0.0327764	0.0005428	0.697775	0.550944	0.144438	0.00239199	0.000672684	0.00296436	
115	0.1144	0.107561	0.0068351	4.01722e-06	0.504137	0.473999	0.0301207	1.7703e-05	4.24033e-06	1.86862e-05	
116	0.116987	0.115161	0.0018264	0	0.515537	0.507489	0.00804857	0	0	0	
117	0.110823	0.097533	0.0132908	0	0.488376	0.429806	0.0585698	0	0	0	
118	0.104297	0.102318	0.00197844	3.10497e-07	0.459615	0.450895	0.00871858	1.36829e-06	2.89658e-07	1.27646e-06	
119	0.118958	0.114351	0.00460712	0	0.524225	0.503922	0.0203025	0	0	0	
120	0.107873	0.0968	0.0109782	9.52378e-05	0.475374	0.426576	0.0483784	0.000419692	0.000115957	0.000510998	
121	0.0882831	0.0849064	0.00337658	1.17884e-07	0.389044	0.374163	0.0148798	5.19491e-07	9.69285e-08	4.27142e-07	
122	0.168588	0.158739	0.00979919	5.00134e-05	0.742933	0.69953	0.0431828	0.000220397	5.10972e-05	0.000225174	
123	0.110827	0.107696	0.0031302	0	0.48839	0.474595	0.0137941	0	0	0	
124	0.15446	0.0969932	0.0559417	0.00152535	0.680672	0.427427	0.246523	0.0067219	0.00393966	0.0173612	
125	0.106162	0.104082	0.00208069	0	0.467836	0.458667	0.00916916	0	0	0	
126	0.130108	0.105039	0.024457	0.000611732	0.573358	0.462886	0.107776	0.00269577	0.00062166	0.00273952	
127	0.196814	0.192873	0.00393119	1.01788e-05	0.867317	0.849949	0.0173238	4.48561e-05	1.01626e-05	4.47844e-05	
128	0.125997	0.121449	0.00454832	0	0.555243	0.5352	0.0200434	0	0	0	
129	0.124149	0.118829	0.0053194	4.72997e-07	0.547099	0.523656	0.0234414	2.08439e-06	6.43236e-07	2.8346e-06	
130	0.09865	0.0968764	0.00177333	2.64974e-07	0.434728	0.426912	0.00781471	1.16768e-06	2.44091e-07	1.07565e-06	
131	0.132472	0.125452	0.0070174	2.69453e-06	0.583776	0.55284	0.0309241	1.18742e-05	3.0513e-06	1.34464e-05	
132	0.101587	0.0857198	0.0158679	0	0.447674	0.377748	0.0699264	0	0	0	
133	0.135115	0.111541	0.0231263	0.000447616	0.595424	0.491539	0.101912	0.00197254	0.000814729	0.00359033	
134	0.0965007	0.0962688	0.000231846	7.00298e-08	0.425257	0.424235	0.00102169	3.08605e-07	5.28017e-08	2.32685e-07	
135	0.0710202	0.0710202	0	0	0.31297	0.31297	0	0	0	0	
136	0.108363	0.104193	0.00414352	2.65868e-05	0.477532	0.459156	0.0182595	0.000117162	2.68971e-05	0.000118529	
137	0.105753	0.10279	0.00294915	1.33614e-05	0.46603	0.452975	0.0129962	5.88809e-05	1.34198e-05	5.91383e-05	
138	0.110845	0.105034	0.00581047	8.18902e-08	0.488471	0.462865	0.0256054	3.60871e-07	2.86554e-07	1.26278e-06	
139	0.108652	0.106909	0.00174331	1.99015e-07	0.478808	0.471125	0.00768241	8.77018e-07	1.78019e-07	7.8449e-07	
140	0.140712	0.121855	0.0186802	0.000177209	0.620089	0.536989	0.0823198	0.000780921	0.000418676	0.00184501	
141	0.0941534	0.0936398	0.0005136	0	0.414913	0.41265	0.00226332	0	0	0	
142	0.0842968	0.0839833	0.000313546	0	0.371477	0.370095	0.00138172	0	0	0	
143	0.157778	0.155824	0.00195404	0	0.695294	0.686683	0.00861103	0	0	0	
144	0.100766	0.0994217	0.00134491	0	0.444056	0.438129	0.00592675	0	0	0	
145	0.0890704	0.0873482	0.00172093	1.29328e-06	0.392513	0.384924	0.00758378	5.69921e-06	1.27227e-06	5.60664e-06	
146	0.0629079	0.0616017	0.00130623	0	0.277221	0.271465	0.00575627	0	0	0	
147	0.0745114	0.0731955	0.00131587	0	0.328355	0.322556	0.00579878	0	0	0	
148	0.108903	0.108562	0.000341335	0	0.479912	0.478408	0.00150418	0	0	0	
149	0.111477	0.100611	0.0108654	1.27357e-06	0.491258	0.443371	0.0478814	5.61236e-06	1.25293e-06	5.52141e-06	
150	0.0863564	0.0831842	0.00316343	8.79108e-06	0.380553	0.366574	0.0139405	3.87403e-05	8.77005e-06	3.86476e-05	
151	0.127665	0.125326	0.00233935	5.7148e-07	0.562595	0.552284	0.010309	2.51838e-06	5.50564e-07	2.42621e-06	
152	0.0940579	0.0853699	0.0086876	3.97302e-07	0.414492	0.376206	0.0382843	1.75082e-06	3.76523e-07	1.65925e-06	
153	0.138655	0.136593	0.00206246	0	0.611023	0.601934	0.00908882	0	0	0	
154	0.0984212	0.0984212	0	0	0.43372	0.43372	0	0	0	0	
155	0.0952817	0.0925211	0.00275918	1.49995e-06	0.419885	0.407719	0.0121591	6.60997e-06	1.47902e-06	6.51771e-06	
156	0.0982609	0.0954528	0.00280811	0	0.433014	0.420639	0.0123747	0	0	0	
157	0.0890106	0.0890106	0	0	0.39225	0.39225	0	0	0	0	
158	0.108445	0.104282	0.00414789	1.53452e-05	0.477895	0.459549	0.0182788	6.76232e-05	2.08157e-05	9.17304e-05	
159	0.103242	0.100022	0.00321951	0	0.454964	0.440777	0.0141876	0	0	0	
160	0.167548	0.157009	0.0104733	6.53705e-05	0.738346	0.691905	0.0461537	0.000288073	6.53495e-05	0.000287981	
161	0.188062	0.175318	0.0127013	4.23458e-05	0.828749	0.77259	0.0559718	0.000186608	4.4167e-05	0.000194634	
162	0.108573	0.0950279	0.0135133	3.1935e-05	0.478458	0.418767	0.0595504	0.00014073	3.83809e-05	0.000169136	
163	0.0867496	0.079211	0.00751038	2.8247e-05	0.382286	0.349065	0.0330965	0.000124478	2.83456e-05	0.000124912	
164	0.120049	0.0905095	0.0294443	9.53733e-05	0.52903	0.398855	0.129754	0.000420289	0.000186436	0.000821585	
165	0.152974	0.116233	0.0362602	0.000480808	0.674122	0.512213	0.15979	0.00211881	0.000584684	0.00257657	
166	0.0992166	0.0982867	0.000929895	0	0.437225	0.433127	0.00409784	0	0	0	
167	0.100234	0.0979804	0.0022486	5.66811e-06	0.441712	0.431778	0.00990909	2.49781e-05	5.64726e-06	2.48862e-05	
168	0.106547	0.0989343	0.00761303	0	0.46953	0.435981	0.0335489	0	0	0	
169	0.0988539	0.0956276	0.00321433	1.19637e-05	0.435627	0.421409	0.0141648	5.27214e-05	1.19429e-05	5.26299e-05	
170	0.135786	0.109654	0.0259307	0.000201485	0.598379	0.483221	0.11427	0.000887901	0.000346533	0.00152709	
171	0.212509	0.197132	0.0153497	2.66011e-05	0.93648	0.86872	0.0676427	0.000117225	4.58164e-05	0.000201902	
172	0.136544	0.12326	0.0132842	0	0.601722	0.543181	0.0585409	0	0	0	
173	0.164474	0.136938	0.0273251	0.000210028	0.7248	0.603459	0.120415	0.000925548	0.000512237	0.00225731	
174	0.128676	0.114302	0.0143735	0	0.567047	0.503706	0.063341	0	0	0	
175	0.102322	0.0971565	0.00516592	0	0.450912	0.428147	0.022765	0	0	0	
176	0.103416	0.0957307	0.00763104	5.46133e-05	0.455733	0.421864	0.0336283	0.000240668	5.45926e-05	0.000240577	
177	0.174965	0.143135	0.0314702	0.000360024	0.771034	0.630765	0.138682	0.00158654	0.000363122	0.00160019	
178	0.129917	0.107436	0.0224801	1.65607e-06	0.572518	0.473446	0.0990648	7.29797e-06	1.63464e-06	7.2035e-06	
179	0.159664	0.14176	0.0177423	0.000161875	0.703606	0.624706	0.0781867	0.00071335	0.000162915	0.000717932	
180	0.109834	0.102398	0.00739407	4.21953e-05	0.484017	0.451247	0.032584	0.000185945	4.21747e-05	0.000185854	
181	0.127766	0.126527	0.0012386	0	0.563036	0.557578	0.00545824	0	0	0	
182	0.100488	0.100371	0.000117719	3.99118e-08	0.442832	0.442313	0.000518764	1.75882e-07	1.89558e-08	8.35343e-08	
183	0.115016	0.112589	0.0024268	0	0.506853	0.496158	0.0106943	0	0	0	
184	0.0935407	0.0888673	0.00466871	4.70714e-06	0.412213	0.391618	0.0205739	2.07433e-05	4.68642e-06	2.0652e-05	
185	0.0900508	0.0833697	0.00668113	0	0.396834	0.367391	0.0294422	0	0	0	
186	0.129809	0.114895	0.0149133	1.17394e-06	0.572041	0.506316	0.0657199	5.17332e-06	1.15276e-06	5.07995e-06	
187	0.0893669	0.0891202	0.000246747	0	0.39382	0.392732	0.00108735	0	0	0	
188	0.0834883	0.0814495	0.00203878	0	0.367914	0.358929	0.00898448	0	0	0	
189	0.105245	0.103272	0.00197299	0	0.463792	0.455098	0.00869457	0	0	0	
190	0.0777173	0.0599463	0.0177709	0	0.342482	0.26417	0.0783127	0	0	0	
191	0.317483	0.215385	0.100261	0.00183666	1.39907	0.949155	0.44183	0.00809377	0.00217159	0.00956974	
192	0.0737027	0.0736893	1.34026e-05	0	0.324791	0.324732	5.90625e-05	0	0	0	
193	0.119544	0.119544	0	0	0.526805	0.526805	0	0	0	0	
194	0.157801	0.122235	0.0352255	0.00034078	0.695397	0.538664	0.155231	0.00150174	0.000438673	0.00193313	
195	0.0894686	0.0894686	0	0	0.394268	0.394268	0	0	0	0	
196	0.090253	0.090253	0	0	0.397725	0.397725	0	0	0	0	
197	0.0737358	0.0565625	0.0171733	0	0.324937	0.249258	0.0756789	0	0	0	
198	0.131326	0.115399	0.0159275	0	0.578727	0.508538	0.0701891	0	0	0	
199	0.146781	0.115436	0.0312489	9.60538e-05	0.646835	0.508704	0.137707	0.000423288	0.000289948	0.00127773	
200	0.105615	0.0880512	0.0175644	0	0.465424	0.388022	0.0774026	0	0	0	
201	0.145619	0.101552	0.0439192	0.000147432	0.641713	0.447521	0.193542	0.000649701	0.000365886	0.00161238	
202	0.106873	0.106873	0	0	0.470968	0.470968	0	0	0	0	
203	0.0955651	0.0953949	0.00017019	0	0.421134	0.420384	0.000749992	0	0	0	
204	0.160329	0.135047	0.0252036	7.8287e-05	0.706534	0.595122	0.111066	0.000344993	7.8279e-05	0.000344958	
205	0.101876	0.0907001	0.0111359	4.03499e-05	0.448946	0.399695	0.0490738	0.000177813	4.48343e-05	0.000197575	
206	0.191109	0.150722	0.0403114	7.61605e-05	0.842178	0.664198	0.177643	0.000335622	0.000187407	0.000825863	
207	0.0643736	0.0523865	0.0119833	3.82618e-06	0.28368	0.230855	0.0528079	1.68611e-05	9.87455e-06	4.35149e-05	
208	0.10081	0.0991861	0.00162443	0	0.444249	0.437091	0.00715854	0	0	0	
209	0.147869	0.0960734	0.0517963	0	0.651628	0.423374	0.228254	0	0	0	
210	0.115074	0.114703	0.000370559	0	0.507107	0.505474	0.00163297	0	0	0	
211	0.167342	0.104434	0.0629083	0	0.737442	0.460219	0.277222	0	0	0	
212	0.118004	0.117384	0.000620023	0	0.520017	0.517285	0.0027323	0	0	0	
213	0.24293	0.166078	0.0759182	0.000934336	1.07054	0.731869	0.334554	0.00411741	0.00163355	0.00719872	
214	0.118335	0.116822	0.00150985	2.57299e-06	0.521476	0.514811	0.00665359	1.13386e-05	2.65894e-06	1.17173e-05	
215	0.167175	0.162999	0.00416604	1.02125e-05	0.736706	0.718303	0.0183588	4.50045e-05	1.02735e-05	4.52734e-05	
216	0.0972524	0.0855414	0.011711	0	0.428569	0.376961	0.0516079	0	0	0	
217	0.188237	0.1421	0.0453837	0.000753713	0.829521	0.626204	0.199995	0.00332144	0.000911439	0.00401651	
218	0.0979962	0.0979962	0	0	0.431847	0.431847	0	0	0	0	
219	0.134565	0.134198	0.000366818	0	0.592999	0.591382	0.00161648	0	0	0	
220	0.0949255	0.084537	0.0103885	0	0.418315	0.372535	0.0457802	0	0	0	
221	0.121274	0.0946566	0.0265755	4.1942e-05	0.534428	0.41713	0.117112	0.000184829	5.01885e-05	0.000221169	
222	0.0508299	0.0507036	0.000126391	0	0.223996	0.223439	0.000556978	0	0	0	
223	0.0982473	0.0975954	0.000651952	0	0.432954	0.430081	0.00287301	0	0	0	
224	0.176773	0.146473	0.0302957	4.35718e-06	0.779	0.645474	0.133506	1.92011e-05	4.36613e-06	1.92405e-05	
225	0.0809605	0.0789595	0.00200097	0	0.356775	0.347957	0.00881783	0	0	0	
226	0.247665	0.226923	0.0207293	1.33854e-05	1.0914	1	0.0913494	5.89865e-05	1.46577e-05	6.45933e-05	
227	0.0853548	0.0829438	0.00240931	1.76578e-06	0.376139	0.365514	0.0106173	7.78139e-06	1.764e-06	7.77356e-06	
228	0.0890212	0.0799983	0.00900744	1.54729e-05	0.392296	0.352534	0.0396938	6.81859e-05	1.5452e-05	6.80938e-05	
229	0.128065	0.124903	0.0031625	0	0.564357	0.55042	0.0139364	0	0	0	
230	0.107784	0.107449	0.000335408	3.31857e-08	0.474982	0.473504	0.00147807	1.46242e-07	2.03188e-08	8.95407e-08	
231	0.0932415	0.0927677	0.00047385	0	0.410894	0.408806	0.00208815	0	0	0	
232	0.081955	0.0756869	0.00626812	0	0.361157	0.333535	0.0276222	0	0	0	
233	0.0810853	0.0787565	0.00231958	9.25453e-06	0.357324	0.347062	0.0102218	4.07826e-05	9.33501e-06	4.11373e-05	
234	0.105712	0.10514	0.00057206	0	0.46585	0.463329	0.00252094	0	0	0	
235	0.137347	0.137341	5.72283e-06	0	0.605258	0.605233	2.52192e-05	0	0	0	
236	0.0693469	0.0667003	0.00264661	0	0.305596	0.293933	0.011663	0	0	0	
237	0.04775	0.04775	0	0	0.210423	0.210423	0	0	0	0	
238	0.0902228	0.0902228	0	0	0.397592	0.397592	0	0	0	0	
239	0.140674	0.122965	0.0177026	6.88327e-06	0.619921	0.541879	0.0780115	3.0333e-05	7.08363e-06	3.1216e-05	
240	0.094332	0.0914101	0.00292197	0	0.4157	0.402824	0.0128764	0	0	0	
241	0.139669	0.11956	0.0199915	0.000118194	0.615493	0.526874	0.0880982	0.000520854	0.000118177	0.000520781	
242	0.0878656	0.0862711	0.00158895	5.53851e-06	0.387204	0.380177	0.00700218	2.44069e-05	5.5179e-06	2.43161e-05	
243	0.08836	0.0868416	0.00151845	0	0.389383	0.382691	0.00669148	0	0	0	
244	0.0898216	0.0895705	0.000250929	1.46454e-07	0.395823	0.394717	0.00110578	6.45392e-07	1.25502e-07	5.5306e-07	
245	0.122207	0.0960289	0.0257196	0.000458667	0.53854	0.423178	0.11334	0.00202124	0.000600773	0.00264747	
246	0.109078	0.0903823	0.018696	0	0.480684	0.398294	0.0823895	0	0	0	
247	0.111116	0.108197	0.00291044	9.0845e-06	0.489666	0.476801	0.0128256	4.00333e-05	9.07852e-06	4.0007e-05	
248	0.0843867	0.0843867	0	0	0.371873	0.371873	0	0	0	0	
249	0.0751193	0.0706715	0.00444776	0	0.331034	0.311433	0.0196003	0	0	0	
250	0.0709374	0.0672838	0.00360807	4.5565e-05	0.312605	0.296504	0.0158999	0.000200795	4.5544e-05	0.000200702	
251	0.130862	0.110312	0.0203883	0.000161132	0.576679	0.486123	0.0898467	0.000710073	0.000161111	0.000709981	
252	0.0775507	0.0699365	0.00759093	2.33531e-05	0.341748	0.308194	0.0334515	0.000102912	2.33322e-05	0.000102819	
253	0.100532	0.0987461	0.00178598	0	0.443022	0.435152	0.00787043	0	0	0	
254	0.0788464	0.0784075	0.000438908	0	0.347458	0.345524	0.00193417	0	0	0	
255	0.0884455	0.0875512	0.00089392	4.50967e-07	0.38976	0.385818	0.00393931	1.98731e-06	4.29964e-07	1.89475e-06	
256	0.0990199	0.0976375	0.00138138	1.00547e-06	0.436358	0.430266	0.00608745	4.43091e-06	1.54076e-06	6.78979e-06	
257	0.100442	0.0896441	0.0107981	0	0.442626	0.395041	0.0475848	0	0	0	
258	0.101088	0.0971093	0.00396094	1.77453e-05	0.445472	0.427939	0.0174549	7.81997e-05	1.86809e-05	8.23226e-05	
259	0.0505352	0.0456993	0.00481557	2.03549e-05	0.222697	0.201386	0.0212211	8.96997e-05	3.15154e-05	0.000138881	
260	0.0476561	0.0421422	0.00544213	7.18546e-05	0.21001	0.185711	0.0239822	0.000316647	7.18351e-05	0.000316561	
261	0.111049	0.110911	0.000137759	0	0.489369	0.488762	0.000607075	0	0	0	
262	0.116188	0.112158	0.00402953	0	0.512016	0.494259	0.0177572	0	0	0	
263	0.0588962	0.0441771	0.0147129	6.14902e-06	0.259542	0.194678	0.0648366	2.70973e-05	0.000134812	0.000594088	
264	0.204189	0.141295	0.0623454	0.000549117	0.899819	0.622657	0.274742	0.00241984	0.00094612	0.00416934	
265	0.0486538	0.0437702	0.00486611	1.74362e-05	0.214406	0.192885	0.0214438	7.68377e-05	2.00178e-05	8.82143e-05	
266	0.0964457	0.0842125	0.0121918	4.1363e-05	0.425014	0.371105	0.0537267	0.000182277	4.13419e-05	0.000182184	
267	0.0508248	0.0459886	0.00483219	4.06474e-06	0.223973	0.202661	0.0212944	1.79124e-05	4.04527e-06	1.78266e-05	
268	0.086196	0.0859903	0.00020564	0	0.379846	0.37894	0.000906212	0	0	0	
269	0.216865	0.206744	0.0101177	3.78042e-06	0.955679	0.911075	0.0445867	1.66594e-05	3.85452e-06	1.6986e-05	
270	0.108789	0.10835	0.000438908	0	0.479408	0.477474	0.00193417	0	0	0	
271	0.0853811	0.0853811	0	0	0.376255	0.376255	0	0	0	0	
272	0.107385	0.104604	0.00278025	4.43492e-07	0.473223	0.460969	0.0122519	1.95437e-06	4.22607e-07	1.86233e-06	
273	0.108638	0.0924599	0.0161508	2.77938e-05	0.478745	0.40745	0.071173	0.000122481	5.65839e-05	0.000249352	
274	0.101173	0.0951235	0.00604954	2.86449e-07	0.445848	0.419188	0.0266589	1.26231e-06	4.65894e-07	2.05309e-06	
275	0.119182	0.112186	0.00694104	5.53006e-05	0.525211	0.49438	0.0305876	0.000243697	5.55629e-05	0.000244853	
276	0.0926328	0.0905673	0.00206544	0	0.408212	0.39911	0.00910196	0	0	0	
277	0.113167	0.104944	0.00819953	2.39793e-05	0.498704	0.462465	0.0361335	0.000105671	3.24734e-05	0.000143103	
278	0.178253	0.149244	0.0289296	7.93183e-05	0.785521	0.657686	0.127486	0.000349538	0.00010531	0.000464078	
279	0.0793652	0.0776919	0.00167329	0	0.349744	0.34237	0.00737384	0	0	0	
280	0.146899	0.122404	0.0244731	2.19184e-05	0.647353	0.539409	0.107847	9.65895e-05	3.1307e-05	0.000137963	
281	0.116537	0.0959218	0.020611	4.33324e-06	0.513553	0.422706	0.0908283	1.90956e-05	4.97631e-06	2.19295e-05	
282	0.0858219	0.0819163	0.00390563	0	0.378198	0.360986	0.0172112	0	0	0	
283	0.102585	0.0919037	0.0106661	1.55734e-05	0.452071	0.404999	0.0470034	6.86286e-05	2.97414e-05	0.000131063	
284	0.154296	0.111547	0.0427083	4.03567e-05	0.67995	0.491567	0.188206	0.000177843	0.000200774	0.000884769	
285	0.100032	0.0879663	0.0120656	9.43581e-08	0.440818	0.387648	0.0531705	4.15815e-07	1.7304e-07	7.62549e-07	
286	0.120755	0.082768	0.0379878	0	0.532144	0.36474	0.167404	0	0	0	
287	0.0792108	0.0659335	0.0131956	8.17444e-05	0.349064	0.290554	0.0581501	0.000360229	8.50246e-05	0.000374684	
288	0.234552	0.141672	0.0898269	0.00305349	1.03362	0.624317	0.395847	0.013456	0.00405903	0.0178872	
289	0.0690236	0.066181	0.00281941	2.32508e-05	0.304172	0.291645	0.0124245	0.000102461	2.32299e-05	0.000102369	
290	0.0695674	0.0695674	0	0	0.306568	0.306568	0	0	0	0	
291	0.214429	0.138318	0.0746019	0.00150953	0.944943	0.609537	0.328754	0.00665218	0.00246881	0.0108795	
292	0.123703	0.117642	0.00605572	5.61008e-06	0.545134	0.518423	0.0266862	2.47223e-05	5.89687e-06	2.59862e-05	
293	0.05447	0.0479676	0.0065024	0	0.240037	0.211382	0.0286546	0	0	0	
294	0.0710393	0.0615048	0.00937706	0.000157398	0.313054	0.271038	0.0413226	0.000693619	0.000193493	0.000852681	
295	0.203231	0.153433	0.0492182	0.000579717	0.895596	0.676147	0.216893	0.00255468	0.000751467	0.00331154	
296	0.11929	0.11929	0	0	0.525688	0.525688	0	0	0	0	
297	0.178341	0.147812	0.0305084	2.05358e-05	0.785909	0.651374	0.134443	9.04969e-05	5.7046e-05	0.000251389	
298	0.112497	0.0915976	0.0205419	0.00035796	0.495751	0.40365	0.0905237	0.00157745	0.00035794	0.00157736	
299	0.102427	0.080083	0.0222844	5.96592e-05	0.451373	0.352908	0.0982025	0.000262904	6.78209e-05	0.000298871	
300	0.0781035	0.077389	0.000714499	0	0.344184	0.341036	0.00314863	0	0	0	
301	0.0736473	0.0627601	0.0108725	1.46236e-05	0.324547	0.27657	0.0479129	6.44433e-05	1.86099e-05	8.20099e-05	
302	0.0735631	0.0699302	0.00363083	2.01857e-06	0.324176	0.308167	0.0160002	8.8954e-06	2.06872e-06	9.11642e-06	
303	0.124023	0.106699	0.017311	1.22837e-05	0.546541	0.470201	0.0762858	5.41315e-05	1.24601e-05	5.49091e-05	
304	0.0962498	0.0962498	0	0	0.424151	0.424151	0	0	0	0	
305	0.0521799	0.0416192	0.0105607	0	0.229945	0.183406	0.0465388	0	0	0	
306	0.0648416	0.0533785	0.011463	0	0.285742	0.235227	0.0505151	0	0	0	
307	0.0924013	0.0880377	0.00436358	0	0.407191	0.387962	0.0192293	0	0	0	
308	0.0927437	0.076162	0.0165817	0	0.408701	0.335629	0.0730718	0	0	0	
309	0.120375	0.111699	0.00865167	2.42817e-05	0.530468	0.492235	0.0381259	0.000107004	2.69773e-05	0.000118883	
310	0.146595	0.144546	0.0020438	5.40546e-06	0.646015	0.636985	0.00900658	2.38206e-05	5.67469e-06	2.50071e-05	
311	0.0785013	0.0745677	0.00389775	3.58127e-05	0.345937	0.328603	0.0171765	0.000157818	3.68666e-05	0.000162463	
312	0.146988	0.0966497	0.0498158	0.00052302	0.647746	0.425913	0.219527	0.00230483	0.000619074	0.00272812	
313	0.105059	0.0942187	0.0107604	8.0618e-05	0.462975	0.415201	0.0474187	0.000355265	8.11904e-05	0.000357788	
314	0.0795221	0.0779306	0.00159149	0	0.350436	0.343423	0.00701335	0	0	0	
315	0.10913	0.0957794	0.0133285	2.29404e-05	0.480915	0.422078	0.058736	0.000101093	2.40025e-05	0.000105774	
316	0.0748052	0.0712012	0.00360241	1.58839e-06	0.329649	0.313767	0.015875	6.99972e-06	4.67162e-06	2.05867e-05	
317	0.120828	0.0774151	0.043233	0.000180507	0.532465	0.341151	0.190518	0.000795456	0.00023201	0.00102241	
318	0.151116	0.123311	0.0278041	0	0.665935	0.543408	0.122526	0	0	0	
319	0.229637	0.144801	0.0827182	0.00211775	1.01196	0.638109	0.36452	0.00933245	0.00228166	0.0100547	
320	0.0978296	0.0767396	0.0210672	2.26968e-05	0.431113	0.338174	0.0928388	0.00010002	4.52333e-05	0.000199333	
321	0.152794	0.0996508	0.051635	0.00150817	0.673329	0.439138	0.227544	0.00664619	0.00164759	0.0072606	
322	0.144217	0.0794747	0.0637593	0.00098351	0.635535	0.350227	0.280973	0.00433411	0.0013143	0.00579185	
323	0.100603	0.0956745	0.00492902	0	0.443337	0.421616	0.021721	0	0	0	
324	0.127376	0.12628	0.00109598	0	0.561318	0.556488	0.00482977	0	0	0	
325	0.0915555	0.0910097	0.000545807	0	0.403464	0.401059	0.00240525	0	0	0	
326	0.0717108	0.0716881	2.26534e-05	0	0.316013	0.315913	9.98285e-05	0	0	0	
327	0.0805173	0.0757919	0.0047237	1.77444e-06	0.354822	0.333998	0.0208162	7.81959e-06	1.75355e-06	7.72753e-06	
328	0.0915936	0.0915035	9.01455e-05	0	0.403632	0.403235	0.000397251	0	0	0	
329	0.0963189	0.0922707	0.00404252	5.64047e-06	0.424456	0.406616	0.0178145	2.48563e-05	5.61959e-06	2.47642e-05	
330	0.149669	0.0890508	0.0591176	0.00150101	0.659559	0.392427	0.260518	0.00661463	0.00189452	0.00834873	
331	0.131716	0.117879	0.0138192	1.76916e-05	0.580443	0.519467	0.0608982	7.79629e-05	2.13973e-05	9.42931e-05	
332	0.110142	0.0972057	0.0128012	0.000135242	0.485372	0.428364	0.0564123	0.000595984	0.000145543	0.000641378	
333	0.125471	0.0993029	0.0261648	3.86692e-06	0.552925	0.437605	0.115302	1.70406e-05	4.51842e-06	1.99116e-05	
334	0.1405	0.0891942	0.0511362	0.000169733	0.619153	0.393059	0.225346	0.000747978	0.000285028	0.00125605	
335	0.0869188	0.0811494	0.00576941	0	0.383032	0.357607	0.0254245	0	0	0	
336	0.108706	0.0902083	0.0184746	2.35364e-05	0.479045	0.397527	0.0814138	0.00010372	0.000112994	0.000497939	
337	0.119598	0.112786	0.0067997	1.31264e-05	0.527045	0.497022	0.0299647	5.78451e-05	1.8658e-05	8.22218e-05	
338	0.110088	0.102555	0.00748072	5.21713e-05	0.485135	0.451939	0.0329659	0.000229907	5.71463e-05	0.000251831	
339	0.0893365	0.0777024	0.0116166	1.7438e-05	0.393686	0.342417	0.051192	7.68454e-05	2.78508e-05	0.000122732	
340	0.109694	0.0842904	0.0251684	0.000235526	0.483398	0.371449	0.110911	0.00103791	0.000338054	0.00148973	
341	0.106674	0.105227	0.00144731	1.37201e-07	0.470092	0.463714	0.00637798	6.04617e-07	1.56695e-07	6.90523e-07	
342	0.104196	0.076046	0.0281508	0	0.459172	0.335117	0.124054	0	0	0	
343	0.139599	0.0890081	0.0499442	0.0006468	0.615182	0.392238	0.220092	0.0028503	0.00107418	0.00473371	
344	0.0867366	0.0832091	0.00351368	1.38306e-05	0.382229	0.366684	0.015484	6.09487e-05	1.40824e-05	6.2058e-05	
345	0.120616	0.0959275	0.024663	2.58738e-05	0.531529	0.422731	0.108684	0.00011402	6.33297e-05	0.00027908	
346	0.150271	0.0991413	0.0503673	0.000762312	0.66221	0.436893	0.221957	0.00335933	0.00113902	0.00501944	
347	0.0914666	0.0761665	0.0152413	5.88732e-05	0.403073	0.335648	0.067165	0.000259441	7.28904e-05	0.000321212	
348	0.100841	0.0844853	0.0163358	2.02225e-05	0.444385	0.372308	0.0719882	8.91164e-05	2.17022e-05	9.56367e-05	
349	0.08476	0.0728576	0.0118739	2.84833e-05	0.373518	0.321067	0.0523257	0.000125519	3.99957e-05	0.000176252	
350	0.139377	0.0767801	0.0618686	0.000728389	0.614204	0.338353	0.272641	0.00320985	0.00099962	0.0044051	
351	0.155631	0.0945498	0.0608931	0.000188289	0.685832	0.41666	0.268342	0.000829751	0.000554784	0.00244481	
352	0.130335	0.0824832	0.047829	2.33276e-05	0.574359	0.363485	0.210771	0.000102799	8.19334e-05	0.000361062	
353	0.0848556	0.0786689	0.00618587	7.99809e-07	0.373939	0.346676	0.0272597	3.52458e-06	1.35136e-06	5.95516e-06	
354	0.0872597	0.0798968	0.0073385	2.44722e-05	0.384534	0.352087	0.0323391	0.000107843	2.65773e-05	0.00011712	
355	0.0841919	0.0841919	0	0	0.371014	0.371014	0	0	0	0	
356	0.121552	0.109795	0.0117196	3.69755e-05	0.535653	0.483844	0.051646	0.000162942	4.19726e-05	0.000184964	
357	0.209829	0.108982	0.0986159	0.00223099	0.924669	0.480259	0.434578	0.0098315	0.00272525	0.0120096	
358	0.17578	0.0987019	0.0750877	0.00199035	0.774623	0.434957	0.330894	0.00877104	0.00412829	0.0181924	
359	0.116069	0.0788661	0.0369568	0.000246138	0.51149	0.347545	0.16286	0.00108467	0.00030865	0.00136015	
360	0.101511	0.0974495	0.00406167	0	0.447337	0.429438	0.0178988	0	0	0	
361	0.047393	0.047393	0	0	0.20885	0.20885	0	0	0	0	
362	0.103348	0.0878032	0.0155169	2.85013e-05	0.455434	0.386929	0.0683797	0.000125599	3.68585e-05	0.000162427	
363	0.0498866	0.0494998	0.000386901	0	0.219839	0.218134	0.00170499	0	0	0	
364	0.134058	0.114351	0.0197051	1.62139e-06	0.590766	0.503923	0.086836	7.1451e-06	2.63859e-06	1.16276e-05	
365	0.0816522	0.0798834	0.00176728	1.53628e-06	0.359823	0.352028	0.00778803	6.77007e-06	1.5161e-06	6.68113e-06	
366	0.117655	0.0922185	0.025342	9.47634e-05	0.51848	0.406386	0.111676	0.000417601	0.00018379	0.000809922	
367	0.125163	0.105868	0.0192126	8.27827e-05	0.551569	0.466538	0.0846657	0.000364805	0.000120967	0.000533074	
368	0.0800337	0.0761807	0.00384604	6.91717e-06	0.35269	0.335711	0.0169486	3.04824e-05	7.72455e-06	3.40403e-05	
369	0.0848452	0.0807411	0.00409713	7.07113e-06	0.373894	0.355808	0.0180551	3.11608e-05	1.4767e-05	6.50751e-05	
370	0.113357	0.0921345	0.021096	0.000127077	0.499542	0.406016	0.0929655	0.000560002	0.00019028	0.000838522	
371	0.111239	0.0797523	0.0314178	6.95264e-05	0.490208	0.35145	0.138451	0.000306387	0.000122681	0.000540628	
372	0.0974544	0.0794725	0.0179541	2.77658e-05	0.429459	0.350217	0.0791197	0.000122357	3.49413e-05	0.000153978	
373	0.0854913	0.0796288	0.00585579	6.7018e-06	0.376741	0.350906	0.0258051	2.95333e-05	7.16473e-06	3.15734e-05	
374	0.171161	0.104489	0.0612324	0.00544052	0.754272	0.460459	0.269837	0.0239751	0.00663739	0.0292495	
375	0.14461	0.127811	0.0166322	0.000166022	0.637264	0.563238	0.0732947	0.000731626	0.000169762	0.000748107	
376	0.10105	0.0994118	0.00163909	0	0.445309	0.438086	0.00722312	0	0	0	
377	0.103486	0.100602	0.00287964	4.77233e-06	0.456041	0.44333	0.0126899	2.10305e-05	4.75139e-06	2.09383e-05	
378	0.119197	0.10424	0.0149403	1.61997e-05	0.525275	0.459365	0.0658386	7.13888e-05	2.01907e-05	8.8976e-05	
379	0.089818	0.0771122	0.0127058	0	0.395808	0.339816	0.0559917	0	0	0	
380	0.106932	0.0828332	0.0239801	0.000119589	0.471229	0.365027	0.105675	0.000527002	0.000152231	0.000670848	
381	0.111495	0.0802006	0.0308197	0.000475237	0.491336	0.353426	0.135815	0.00209426	0.000754252	0.00332382	
382	0.106399	0.10456	0.00183608	2.63184e-06	0.468879	0.460776	0.0080912	1.15979e-05	2.61799e-06	1.15369e-05	
383	0.0826618	0.0762975	0.00636433	0	0.364272	0.336226	0.0280462	0	0	0	
384	0.0977177	0.0908397	0.00687804	0	0.43062	0.40031	0.03031	0	0	0	
385	0.141709	0.107857	0.0332361	0.000615828	0.624482	0.475305	0.146464	0.00271381	0.000709582	0.00312697	
386	0.0980795	0.0800039	0.01786	0.000215592	0.432214	0.352559	0.0787053	0.000950068	0.000256076	0.00112847	
387	0.0955682	0.08463	0.0108115	0.000126659	0.421148	0.372945	0.047644	0.000558159	0.00019317	0.000851258	
388	0.0865265	0.0773471	0.00907107	0.000108329	0.381303	0.340851	0.0399741	0.000477383	0.000108308	0.00047729	
389	0.132879	0.11171	0.021153	1.6191e-05	0.58557	0.492282	0.0932169	7.13505e-05	1.78835e-05	7.88088e-05	
390	0.0866762	0.0747211	0.0119551	2.09365e-08	0.381963	0.329279	0.0526835	9.22628e-08	1.57661e-05	6.94777e-05	
391	0.098397	0.0917055	0.00669142	0	0.433613	0.404126	0.0294876	0	0	0	
392	0.0971338	0.0500855	0.0469733	7.49879e-05	0.428047	0.220715	0.207	0.000330455	7.49681e-05	0.000330367	
393	0.0883297	0.0812985	0.00703117	0	0.389249	0.358264	0.0309848	0	0	0	
394	0.098621	0.0930876	0.00553342	0	0.434601	0.410216	0.0243845	0	0	0	
395	0.148205	0.138974	0.00922969	9.74436e-07	0.653107	0.61243	0.0406732	4.29412e-06	1.88409e-06	8.30279e-06	
396	0.105641	0.0594458	0.0461956	0	0.465538	0.261964	0.203574	0	0	0	
397	0.130335	0.101838	0.0281982	0.000298729	0.574358	0.448779	0.124263	0.00131643	0.000445712	0.00196415	
398	0.0919405	0.0916347	0.000305674	1.1925e-07	0.405161	0.403813	0.00134703	5.25511e-07	9.88606e-08	4.35657e-07	
399	0.0801794	0.0789308	0.00124805	5.87066e-07	0.353333	0.34783	0.00549989	2.58707e-06	6.81552e-07	3.00345e-06	
400	0.145219	0.129728	0.0154906	0	0.639948	0.571684	0.0682636	0	0	0	
401	0.101411	0.101155	0.000255684	0	0.446898	0.445771	0.00112674	0	0	0	
402	0.110477	0.0838379	0.0265889	5.09281e-05	0.486851	0.369455	0.117171	0.000224429	6.50406e-05	0.000286619	
403	0.11479	0.0892834	0.0254499	5.74124e-05	0.505857	0.393452	0.112152	0.000253003	0.000286958	0.00126456	
404	0.109304	0.0992984	0.0100058	0	0.481679	0.437586	0.0440934	0	0	0	
405	0.108097	0.107769	0.000328221	0	0.476362	0.474916	0.00144639	0	0	0	
406	0.19587	0.17786	0.0180012	8.71943e-06	0.863159	0.783793	0.0793274	3.84245e-05	8.69853e-06	3.83324e-05	
407	0.127952	0.0859571	0.0417882	0.000207319	0.563858	0.378793	0.184151	0.000913612	0.00024574	0.00108292	
408	0.131735	0.128368	0.00336645	0	0.580528	0.565693	0.0148352	0	0	0	
409	0.0930903	0.0925053	0.000584928	0	0.410228	0.40765	0.00257765	0	0	0	
410	0.109099	0.088439	0.0206112	4.96011e-05	0.480778	0.389731	0.0908293	0.000218581	5.09705e-05	0.000224615	
411	0.131608	0.118187	0.0134156	6.04424e-06	0.579971	0.520825	0.0591197	2.66356e-05	6.02664e-06	2.6558e-05	
412	0.158699	0.123122	0.0355235	5.3356e-05	0.699355	0.542575	0.156544	0.000235128	6.1547e-05	0.000271224	
413	0.0968485	0.0922884	0.00455596	4.21869e-06	0.42679	0.406694	0.0200771	1.85908e-05	7.1315e-06	3.14269e-05	
414	0.150682	0.113477	0.037157	4.79334e-05	0.664022	0.500068	0.163742	0.000211231	4.8206e-05	0.000212433	
415	0.0929989	0.092718	0.000280899	0	0.409825	0.408587	0.00123786	0	0	0	
416	0.132796	0.106986	0.0257972	1.2449e-05	0.585204	0.471466	0.113682	5.48603e-05	1.24283e-05	5.47691e-05	
417	0.106568	0.0965628	0.0100058	0	0.469624	0.42553	0.0440934	0	0	0	
418	0.0818576	0.0775693	0.00428645	1.87439e-06	0.360728	0.34183	0.0188894	8.26004e-06	3.24651e-06	1.43066e-05	
419	0.138299	0.10299	0.0352832	2.59932e-05	0.609456	0.453856	0.155485	0.000114546	4.8503e-05	0.000213742	
420	0.0844611	0.0844611	0	0	0.372201	0.372201	0	0	0	0	
421	0.0909571	0.0868797	0.00407739	0	0.400828	0.382859	0.0179681	0	0	0	
422	0.108177	0.0817284	0.0262499	0.000199134	0.476713	0.360158	0.115677	0.000877542	0.000199114	0.000877451	
423	0.0638986	0.0564952	0.00739454	8.80718e-06	0.281587	0.248962	0.0325861	3.88112e-05	8.8246e-06	3.8888e-05	
424	0.111741	0.111565	0.0001763	0	0.492421	0.491644	0.000776916	0	0	0	
425	0.0767891	0.0702021	0.00655371	3.33204e-05	0.338392	0.309365	0.0288807	0.000146835	3.65691e-05	0.000161151	
426	0.112989	0.110053	0.00293274	2.4672e-06	0.497918	0.484983	0.0129239	1.08724e-05	2.76714e-06	1.21941e-05	
427	0.092058	0.091319	0.000738976	0	0.405679	0.402422	0.0032565	0	0	0	
428	0.0956718	0.0949275	0.000744242	6.2217e-08	0.421604	0.418324	0.00327971	2.74176e-07	4.13096e-08	1.82042e-07	
429	0.124323	0.0890489	0.0352744	0	0.547865	0.392418	0.155446	0	0	0	
430	0.21978	0.214364	0.00541572	2.54842e-07	0.968525	0.944658	0.0238658	1.12303e-06	2.33925e-07	1.03085e-06	
431	0.182483	0.167897	0.0145859	0	0.804163	0.739886	0.064277	0	0	0	
432	0.133554	0.113233	0.0203127	9.05268e-06	0.588546	0.498992	0.0895139	3.98931e-05	2.23291e-05	9.83994e-05	
433	0.114547	0.0995	0.0148444	0.000202996	0.504785	0.438474	0.0654163	0.000894561	0.000237951	0.00104859	
434	0.093368	0.0813472	0.0119408	8.00217e-05	0.411452	0.358478	0.0526207	0.000352637	8.00008e-05	0.000352545	
435	0.219442	0.153538	0.065808	9.51829e-05	0.967032	0.676611	0.290001	0.000419449	0.00028868	0.00127214	
436	0.11985	0.0869752	0.0325286	0.00034609	0.528152	0.38328	0.143346	0.00152514	0.000426329	0.00187873	
437	0.141417	0.0870251	0.0533128	0.00107996	0.623197	0.3835	0.234937	0.00475916	0.00169344	0.00746261	
438	0.179124	0.131704	0.0467106	0.000709265	0.789361	0.580392	0.205843	0.00312557	0.000810301	0.00357081	
439	0.151986	0.128345	0.0236403	1.12549e-06	0.66977	0.565588	0.104177	4.95981e-06	3.50301e-06	1.5437e-05	
440	0.086843	0.0809555	0.0058627	2.48368e-05	0.382698	0.356753	0.0258356	0.00010945	3.76194e-05	0.00016578	
441	0.0689942	0.0683172	0.000676974	0	0.304042	0.301058	0.00298327	0	0	0	
442	0.137622	0.0958866	0.0400236	0.00171206	0.60647	0.42255	0.176375	0.00754469	0.00215007	0.00947491	
443	0.172469	0.139345	0.0328268	0.000298008	0.760036	0.614062	0.14466	0.00131325	0.000375964	0.00165678	
444	0.135162	0.109047	0.0261065	8.62837e-06	0.59563	0.480546	0.115045	3.80233e-05	1.98493e-05	8.74716e-05	
445	0.110399	0.0891092	0.0211881	0.000102481	0.486507	0.392684	0.0933716	0.000451614	0.000139371	0.000614179	
446	0.156156	0.0916278	0.0642106	0.000317746	0.688145	0.403783	0.282962	0.00140023	0.00054643	0.00240799	
447	0.166853	0.123215	0.0436381	0	0.735287	0.542984	0.192303	0	0	0	
448	0.0496059	0.0379353	0.0116686	1.94858e-06	0.218602	0.167172	0.0514212	8.58696e-06	1.95381e-06	8.61002e-06	
449	0.224846	0.155767	0.0689629	0.000116755	0.990849	0.686431	0.303904	0.000514516	0.000192114	0.000846603	
450	0.0873285	0.0802353	0.00709323	0	0.384837	0.353579	0.0312583	0	0	0	
451	0.131983	0.121443	0.0105358	3.88994e-06	0.581622	0.535176	0.0464289	1.71421e-05	7.54366e-06	3.32432e-05	
452	0.181743	0.101066	0.0791145	0.0015621	0.8009	0.445377	0.34864	0.00688382	0.00254157	0.0112001	
453	0.106187	0.0965433	0.00960545	3.83142e-05	0.467942	0.425444	0.0423291	0.000168842	4.61773e-05	0.000203493	
454	0.144458	0.0900695	0.0543398	4.87311e-05	0.636594	0.396916	0.239463	0.000214747	0.000265688	0.00117083	
455	0.167666	0.106134	0.0608377	0.000693923	0.738867	0.46771	0.268098	0.00305796	0.000928265	0.00409065	
456	0.149787	0.113025	0.0363958	0.000366612	0.66008	0.498076	0.160388	0.00161557	0.000509271	0.00224424	
457	0.124481	0.101575	0.0229009	5.17465e-06	0.548561	0.447619	0.100919	2.28035e-05	6.53086e-06	2.878e-05	
458	0.0952198	0.0797308	0.0154888	2.52791e-07	0.419612	0.351356	0.0682557	1.11399e-06	8.99875e-07	3.96555e-06	
459	0.103441	0.0898121	0.013618	1.11053e-05	0.455842	0.395781	0.0600117	4.89389e-05	1.32672e-05	5.84658e-05	
460	0.128662	0.0862308	0.0424311	0	0.566984	0.38	0.186984	0	0	0	
461	0.135234	0.0864048	0.0488038	2.61815e-05	0.595949	0.380766	0.215067	0.000115376	4.6691e-05	0.000205757	
462	0.119386	0.10102	0.0183062	6.01813e-05	0.526109	0.445172	0.0806714	0.000265205	7.75332e-05	0.000341671	
463	0.132541	0.120721	0.0118201	0	0.584081	0.531992	0.0520889	0	0	0	
464	0.0834842	0.0696966	0.0137542	3.33011e-05	0.367896	0.307137	0.0606121	0.00014675	4.67136e-05	0.000205856	
465	0.0848616	0.0835301	0.00133152	0	0.373966	0.368098	0.00586775	0	0	0	
466	0.166683	0.111065	0.0554356	0.000182381	0.734537	0.489441	0.244292	0.000803715	0.000236251	0.0010411	
467	0.125685	0.0805975	0.0444695	0.000618443	0.553868	0.355175	0.195967	0.00272534	0.00125212	0.00551782	
468	0.107649	0.102592	0.00505685	0	0.474385	0.452101	0.0222844	0	0	0	
469	0.0775802	0.0775802	0	0	0.341879	0.341879	0	0	0	0	
470	0.107287	0.0959029	0.0113829	1.6001e-06	0.472792	0.422623	0.050162	7.05128e-06	3.74794e-06	1.65163e-05	
471	0.127818	0.0798477	0.0479706	0	0.563267	0.351871	0.211396	0	0	0	
472	0.126635	0.0901037	0.0342068	0.00232547	0.558056	0.397067	0.150741	0.0102478	0.00235085	0.0103596	
473	0.163708	0.100223	0.0610028	0.00248161	0.721425	0.441663	0.268826	0.0109359	0.00305508	0.013463	
474	0.107035	0.0777516	0.0292842	0	0.471683	0.342634	0.129048	0	0	0	
475	0.11932	0.11444	0.00487391	5.46268e-06	0.525817	0.504315	0.0214782	2.40728e-05	5.46759e-06	2.40944e-05	
476	0.158605	0.113873	0.0446638	6.80942e-05	0.69894	0.501817	0.196823	0.000300076	0.000199833	0.00088062	
477	0.122783	0.0980158	0.0247202	4.6995e-05	0.541077	0.431933	0.108936	0.000207096	6.24001e-05	0.000274983	
478	0.0958829	0.0797175	0.0161025	6.27804e-05	0.422534	0.351297	0.0709604	0.000276659	8.6812e-05	0.000382561	
479	0.108389	0.0987089	0.00962438	5.61566e-05	0.477648	0.434988	0.0424125	0.000247469	5.61358e-05	0.000247378	
480	0.123747	0.0986047	0.0251213	2.18058e-05	0.545329	0.434529	0.110704	9.60935e-05	4.01292e-05	0.00017684	
481	0.0807656	0.0766796	0.00408601	0	0.355916	0.337909	0.0180061	0	0	0	
482	0.136087	0.106872	0.0292148	0	0.599705	0.470961	0.128743	0	0	0	
483	0.0986706	0.0934246	0.00524268	3.41198e-06	0.434819	0.411701	0.0231033	1.50358e-05	4.51038e-06	1.98762e-05	
484	0.158834	0.117858	0.0397418	0.00123357	0.699946	0.519376	0.175133	0.00543609	0.00156352	0.00689011	
485	0.104193	0.095826	0.00830462	6.23669e-05	0.459155	0.422283	0.0365966	0.000274837	7.2327e-05	0.000318729	
486	0.0825349	0.080729	0.00180575	1.12824e-07	0.363712	0.355754	0.00795755	4.97194e-07	9.19048e-08	4.05004e-07	
487	0.105212	0.100704	0.00450754	0	0.463646	0.443782	0.0198637	0	0	0	
488	0.14003	0.0963648	0.0435035	0.000162124	0.617082	0.424658	0.19171	0.000714448	0.000188161	0.000829186	
489	0.150798	0.0990462	0.0517427	1.00346e-05	0.664537	0.436474	0.228018	4.42206e-05	1.75401e-05	7.72955e-05	
490	0.0939485	0.0915719	0.00237658	0	0.41401	0.403537	0.010473	0	0	0	
491	0.100746	0.0789702	0.0217759	0	0.443966	0.348004	0.0959618	0	0	0	
492	0.144031	0.0978694	0.0456267	0.000535688	0.634716	0.431289	0.201066	0.00236066	0.000703217	0.00309892	
493	0.200202	0.112679	0.0874692	5.3459e-05	0.882247	0.496553	0.385457	0.000235582	8.67812e-05	0.000382425	
494	0.201677	0.118126	0.0829971	0.000554405	0.888749	0.520556	0.36575	0.00244313	0.000557827	0.00245822	
495	0.0933565	0.0846511	0.00870537	0	0.411401	0.373038	0.0383626	0	0	0	
496	0.111857	0.0904968	0.0204565	0.000904412	0.492932	0.398799	0.0901473	0.00398554	0.000905714	0.00399128	
497	0.114213	0.0782347	0.0358631	0.000115452	0.503312	0.344762	0.15804	0.000508771	0.000192358	0.000847679	
498	0.171891	0.134676	0.0371929	2.13706e-05	0.757485	0.59349	0.1639	9.41756e-05	3.4738e-05	0.000153082	
499	0.159317	0.159317	0	0	0.702076	0.702076	0	0	0	0	
500	0.141249	0.0814329	0.0597779	3.8569e-05	0.622455	0.358857	0.263428	0.000169965	0.000171468	0.000755621	
501	0.129782	0.109346	0.0204084	2.74693e-05	0.571923	0.481866	0.0899353	0.000121051	3.02948e-05	0.000133502	
502	0.094754	0.0916958	0.00305823	0	0.41756	0.404083	0.0134769	0	0	0	
503	0.117907	0.103857	0.0140345	1.53568e-05	0.519592	0.457678	0.0618469	6.76743e-05	1.5336e-05	6.75823e-05	
504	0.129133	0.12033	0.00880235	0	0.56906	0.53027	0.03879	0	0	0	
505	0.0736231	0.0692303	0.0043928	0	0.32444	0.305082	0.0193581	0	0	0	
506	0.151669	0.0986002	0.052824	0.000245161	0.668373	0.434509	0.232783	0.00108037	0.00040058	0.00176527	
507	0.201562	0.159273	0.0420469	0.000242099	0.888241	0.701883	0.185291	0.00106687	0.000242077	0.00106678	
508	0.0964587	0.0887471	0.00771161	0	0.425072	0.391088	0.0339833	0	0	0	
509	0.0912224	0.0878873	0.00333365	1.4174e-06	0.401996	0.3873	0.0146906	6.24617e-06	1.3965e-06	6.15409e-06	
510	0.130896	0.106152	0.0246203	0.000123668	0.57683	0.467789	0.108496	0.000544978	0.000172364	0.00075957	
511	0.0776861	0.0757525	0.00192672	6.85157e-06	0.342345	0.333824	0.00849065	3.01933e-05	6.83067e-06	3.01012e-05	
512	0.17004	0.0890403	0.08099	9.87396e-06	0.749329	0.39238	0.356904	4.35123e-05	1.07488e-05	4.73676e-05	
513	0.107857	0.0918683	0.0159093	7.95235e-05	0.475302	0.404843	0.0701089	0.000350442	9.51619e-05	0.000419357	
514	0.226546	0.129477	0.0949323	0.00213596	0.998338	0.570579	0.418345	0.00941272	0.0028402	0.0125161	
515	0.0635443	0.0570444	0.00644187	5.80251e-05	0.280025	0.251382	0.0283878	0.000255703	8.10082e-05	0.000356985	
516	0.10776	0.089202	0.0182266	0.000331785	0.474876	0.393093	0.080321	0.0014621	0.000346478	0.00152685	
517	0.0859061	0.0823711	0.00353455	4.61703e-07	0.378569	0.362991	0.015576	2.03462e-06	4.42715e-07	1.95094e-06	
518	0.190146	0.157061	0.0330852	0	0.837932	0.692133	0.145799	0	0	0	
519	0.0715738	0.0424374	0.0291352	1.16571e-06	0.315409	0.187012	0.128392	5.13704e-06	1.19554e-05	5.26848e-05	
520	0.172884	0.123321	0.0473474	0.00221557	0.761861	0.543448	0.208649	0.00976354	0.00260274	0.0114697	
521	0.266988	0.110733	0.155669	0.000586488	1.17656	0.487975	0.686	0.00258452	0.000943489	0.00415774	
522	0.180284	0.0789648	0.101174	0.000144928	0.794473	0.34798	0.445854	0.000638668	0.000250384	0.00110339	
523	0.0937778	0.0768122	0.0169656	0	0.413258	0.338494	0.0747636	0	0	0	
524	0.155024	0.106828	0.0477757	0.000420866	0.68316	0.470768	0.210537	0.00185466	0.00056498	0.00248974	
525	0.168967	0.100575	0.0678465	0.000545332	0.7446	0.443213	0.298984	0.00240316	0.00177581	0.00782564	
526	0.117249	0.102293	0.014948	7.87976e-06	0.516691	0.450783	0.0658728	3.47243e-05	2.23737e-05	9.85961e-05	
527	0.108331	0.0785934	0.0297378	0	0.477391	0.346343	0.131047	0	0	0	
528	0.0855296	0.0810804	0.00444875	5.32858e-07	0.37691	0.357303	0.0196046	2.34818e-06	9.67199e-07	4.26223e-06	
529	0.132934	0.0817523	0.05109	9.21572e-05	0.585812	0.360264	0.225142	0.000406116	0.000238628	0.00105158	
530	0.0927341	0.0815172	0.0112082	8.63252e-06	0.408658	0.359228	0.0493921	3.80416e-05	2.17749e-05	9.59575e-05	
531	0.167607	0.105916	0.0613556	0.000335977	0.738609	0.466748	0.27038	0.00148057	0.00062746	0.00276507	
532	0.102094	0.0844883	0.0175379	6.84803e-05	0.449909	0.372321	0.077286	0.000301777	8.25039e-05	0.000363576	
533	0.164657	0.118975	0.0455431	0.000138675	0.72561	0.5243	0.200698	0.000611112	0.000241202	0.00106292	
534	0.137179	0.114433	0.0222391	0.000506287	0.604517	0.504283	0.0980029	0.00223109	0.000506266	0.002231	
535	0.0869385	0.078389	0.00847532	7.4208e-05	0.383119	0.345443	0.0373488	0.000327018	7.41869e-05	0.000326925	
536	0.0674294	0.0664892	0.000940229	0	0.297146	0.293003	0.00414338	0	0	0	
537	0.122649	0.0775212	0.0450902	3.76547e-05	0.540487	0.341618	0.198702	0.000165936	6.78738e-05	0.000299104	
538	0.13186	0.08121	0.0498248	0.000825619	0.58108	0.357874	0.219567	0.00363832	0.00093686	0.00412853	
539	0.134193	0.0839923	0.0501508	5.00467e-05	0.591359	0.370135	0.221003	0.000220544	0.000124745	0.000549723	
540	0.0961022	0.0807359	0.0151264	0.000239857	0.423501	0.355785	0.066659	0.00105699	0.00029165	0.00128523	
541	0.092371	0.0830203	0.00934053	1.0172e-05	0.407058	0.365852	0.0411616	4.48257e-05	1.48157e-05	6.52895e-05	
542	0.171609	0.151493	0.0200403	7.54051e-05	0.756243	0.667597	0.0883133	0.000332293	8.40329e-05	0.000370314	
543	0.125104	0.0903075	0.0347856	1.14109e-05	0.551307	0.397965	0.153292	5.02853e-05	0.000167826	0.000739574	
544	0.170857	0.127987	0.0428547	1.46123e-05	0.752929	0.564013	0.188851	6.43931e-05	0.00039662	0.00174781	
545	0.150352	0.0759563	0.0743855	1.09168e-05	0.662571	0.334722	0.3278	4.81083e-05	0.000109972	0.000484624	
546	0.139026	0.117758	0.0212669	1.432e-06	0.612658	0.518933	0.0937185	6.31052e-06	1.84807e-06	8.14405e-06	
547	0.0868805	0.076261	0.0106194	0	0.382863	0.336065	0.0467976	0	0	0	
548	0.118398	0.111924	0.0064735	0	0.521755	0.493227	0.0285272	0	0	0	
549	0.151591	0.0858738	0.0647331	0.000984612	0.66803	0.378426	0.285264	0.00433896	0.00156344	0.00688973	
550	0.183969	0.120964	0.0595454	0.00345994	0.810714	0.533063	0.262403	0.0152472	0.0038083	0.0167823	
551	0.0982053	0.0975512	0.000654138	0	0.432769	0.429886	0.00288264	0	0	0	
552	0.0883421	0.0733426	0.0147306	0.000268787	0.389304	0.323204	0.0649148	0.00118448	0.000273306	0.0012044	
553	0.187818	0.184868	0.00295011	8.85649e-08	0.827675	0.814674	0.0130004	3.90286e-07	6.76791e-08	2.98246e-07	
554	0.136412	0.103483	0.0325085	0.000420216	0.601139	0.456029	0.143257	0.0018518	0.000496529	0.00218809	
555	0.0961156	0.0759126	0.0201905	1.24613e-05	0.42356	0.33453	0.0889752	5.49143e-05	2.30634e-05	0.000101635	
556	0.168734	0.151111	0.0175998	2.25788e-05	0.743573	0.665915	0.0775587	9.94997e-05	2.25579e-05	9.94078e-05	
557	0.0934372	0.0797611	0.0136263	4.97988e-05	0.411757	0.351489	0.0600484	0.000219452	7.16586e-05	0.000315783	
558	0.110095	0.098425	0.01167	0	0.485164	0.433737	0.0514271	0	0	0	
559	0.102531	0.0798663	0.022492	0.000172669	0.451831	0.351953	0.0991176	0.000760915	0.000238722	0.00105199	
560	0.0951331	0.0856841	0.00944846	5.62054e-07	0.41923	0.37759	0.0416372	2.47684e-06	9.92399e-07	4.37328e-06	
561	0.120881	0.0940364	0.026516	0.000329529	0.532699	0.414397	0.11685	0.00145216	0.000520237	0.00229257	
562	0.0697918	0.0503498	0.019442	0	0.307557	0.22188	0.0856768	0	0	0	
563	0.110705	0.079623	0.0308163	0.000266201	0.487854	0.350881	0.1358	0.00117309	0.000396702	0.00174818	
564	0.118595	0.0822971	0.036023	0.000275422	0.522624	0.362665	0.158745	0.00121372	0.000317425	0.00139882	
565	0.0956347	0.0858436	0.00974512	4.60389e-05	0.42144	0.378293	0.0429445	0.000202883	5.44606e-05	0.000239995	
566	0.124629	0.104814	0.0197788	3.56214e-05	0.549214	0.461896	0.0871609	0.000156975	3.80242e-05	0.000167564	
567	0.208379	0.162496	0.045106	0.000776944	0.918282	0.716085	0.198772	0.00342382	0.000802716	0.00353739	
568	0.146886	0.116443	0.0304162	2.72044e-05	0.647295	0.513138	0.134037	0.000119883	2.71825e-05	0.000119787	
569	0.0816442	0.0766482	0.00499598	0	0.359788	0.337771	0.0220161	0	0	0	
570	0.134093	0.120992	0.0128947	0.000205998	0.590918	0.533186	0.0568244	0.000907791	0.000210911	0.000929439	
571	0.10111	0.0924558	0.00865098	3.18576e-06	0.445569	0.407432	0.0381229	1.40389e-05	6.51481e-06	2.87093e-05	
572	0.114786	0.0986073	0.0160594	0.000119584	0.505837	0.43454	0.0707703	0.000526981	0.000188418	0.000830317	
573	0.0965698	0.0852391	0.0112905	4.01877e-05	0.425561	0.37563	0.0497547	0.000177098	6.14709e-05	0.000270888	
574	0.137801	0.0806838	0.0566129	0.000504252	0.607258	0.355555	0.24948	0.00222212	0.000846425	0.00373	
575	0.142409	0.0851786	0.0558415	0.00138935	0.627567	0.375363	0.246081	0.00612257	0.00209579	0.00923571	
576	0.0704724	0.055051	0.0154214	0	0.310556	0.242597	0.0679587	0	0	0	
577	0.124201	0.11433	0.00987165	0	0.54733	0.503827	0.0435021	0	0	0	
578	0.096778	0.0899469	0.00683119	0	0.426479	0.396375	0.0301035	0	0	0	
579	0.0919482	0.0882077	0.00373283	7.66375e-06	0.405195	0.388712	0.0164497	3.37724e-05	7.86644e-06	3.46656e-05	
580	0.0845408	0.0674688	0.0170671	4.95994e-06	0.372552	0.29732	0.0752109	2.18573e-05	8.64314e-06	3.80884e-05	
581	0.0803175	0.0760143	0.0043032	0	0.353941	0.334978	0.0189632	0	0	0	
582	0.0886302	0.0853728	0.00325733	8.53357e-08	0.390573	0.376219	0.0143543	3.76055e-07	6.44489e-08	2.84012e-07	
583	0.108279	0.0938926	0.0143577	2.86357e-05	0.477161	0.413763	0.0632715	0.000126191	3.24109e-05	0.000142827	
584	0.161079	0.129512	0.0312297	0.000337508	0.709842	0.570732	0.137622	0.00148732	0.000352263	0.00155234	
585	0.112913	0.0758109	0.0370961	6.57987e-06	0.497585	0.334082	0.163474	2.8996e-05	1.304e-05	5.74647e-05	
586	0.115719	0.0853708	0.0301491	0.000199518	0.509949	0.37621	0.13286	0.000879232	0.000275504	0.00121408	
587	0.11217	0.0900466	0.022124	1.07419e-07	0.494311	0.396815	0.0974957	4.73371e-07	3.11638e-06	1.37332e-05	
588	0.0684546	0.0684546	0	0	0.301664	0.301664	0	0	0	0	
589	0.14737	0.110598	0.0359156	0.000855812	0.649427	0.487383	0.158272	0.00377137	0.000985101	0.00434112	
590	0.135581	0.108723	0.0267704	8.80081e-05	0.597478	0.479118	0.117971	0.000387832	0.000176781	0.000779038	
591	0.132101	0.097143	0.0349586	0	0.582142	0.428087	0.154054	0	0	0	
592	0.105765	0.0868755	0.0188374	5.27464e-05	0.466085	0.382841	0.0830123	0.000232441	6.2518e-05	0.000275503	
593	0.0998612	0.0951839	0.00467701	2.88142e-07	0.440066	0.419454	0.0206105	1.26978e-06	2.67337e-07	1.17809e-06	
594	0.0885866	0.0815337	0.00703374	1.9211e-05	0.390381	0.3593	0.0309961	8.46589e-05	3.17518e-05	0.000139923	
595	0.11399	0.0950279	0.018913	4.93633e-05	0.50233	0.418767	0.0833455	0.000217533	6.20977e-05	0.000273651	
596	0.108688	0.0913993	0.0172595	2.97003e-05	0.478966	0.402776	0.0760589	0.000130882	3.48607e-05	0.000153623	
597	0.149473	0.142741	0.00672305	8.58805e-06	0.658695	0.629031	0.0296269	3.78456e-05	1.02172e-05	4.5025e-05	
598	0.114036	0.109584	0.00443087	2.1962e-05	0.502535	0.482912	0.0195258	9.67816e-05	2.19617e-05	9.67804e-05	
599	0.107288	0.0945789	0.0127063	3.57918e-06	0.472797	0.416788	0.055994	1.57726e-05	9.23303e-06	4.06879e-05	
600	0.110433	0.109311	0.00112209	0	0.486655	0.48171	0.00494481	0	0	0	
601	0.240063	0.149917	0.0897889	0.000356607	1.0579	0.660653	0.395679	0.00157149	0.000356663	0.00157173	
602	0.108598	0.103863	0.00472734	7.26372e-06	0.478567	0.457703	0.0208323	3.20096e-05	4.0865e-05	0.000180083	
603	0.118391	0.0526118	0.0657792	0	0.521722	0.231848	0.289874	0	0	0	
604	0.0879454	0.0819633	0.00597641	5.66729e-06	0.387555	0.361194	0.0263367	2.49745e-05	5.82895e-06	2.56869e-05	
605	0.123888	0.0501687	0.0736972	2.29688e-05	0.545951	0.221082	0.324767	0.000101218	0.000111277	0.000490375	
606	0.128871	0.094958	0.0333811	0.000532049	0.567906	0.418458	0.147103	0.00234462	0.00081649	0.00359809	
607	0.0847729	0.0791524	0.00559061	2.98588e-05	0.373575	0.348807	0.0246365	0.000131581	3.13738e-05	0.000138257	
608	0.0861585	0.0797765	0.006382	0	0.379681	0.351557	0.028124	0	0	0	
609	0.0919922	0.0881847	0.00380752	0	0.405389	0.38861	0.0167789	0	0	0	
610	0.107405	0.0810086	0.0256134	0.000783225	0.473311	0.356987	0.112872	0.00345149	0.000869169	0.00383023	
611	0.0661798	0.0584251	0.00766553	8.92304e-05	0.29164	0.257466	0.0337803	0.000393218	9.19937e-05	0.000405395	
612	0.0960616	0.0917217	0.00433907	8.69023e-07	0.423322	0.404197	0.0191213	3.82959e-06	1.00884e-06	4.44575e-06	
613	0.0904119	0.077566	0.0127994	4.65006e-05	0.398425	0.341816	0.0564042	0.000204918	5.56956e-05	0.000245438	
614	0.0986429	0.0846313	0.0139641	4.75038e-05	0.434697	0.372951	0.0615367	0.000209338	5.79371e-05	0.000255316	
615	0.0960638	0.0877881	0.00827562	0	0.423331	0.386862	0.0364688	0	0	0	
616	0.111781	0.0900111	0.021154	0.000616301	0.492596	0.396659	0.0932212	0.0027159	0.000802041	0.00353441	
617	0.111291	0.0927381	0.0185243	2.88131e-05	0.490435	0.408676	0.0816326	0.000126973	3.62935e-05	0.000159937	
618	0.063238	0.0565639	0.00664013	3.4041e-05	0.278676	0.249264	0.0292616	0.000150011	3.40201e-05	0.000149919	
619	0.141022	0.0999924	0.0410305	0	0.621456	0.440644	0.180812	0	0	0	
620	0.101163	0.0887064	0.0124524	4.5986e-06	0.445804	0.390909	0.0548751	2.0265e-05	6.32221e-06	2.78605e-05	
621	0.356013	0.188225	0.165151	0.00263559	1.56887	0.829469	0.727787	0.0116144	0.00263811	0.0116256	
622	0.0344788	0.0308239	0.00365332	1.55307e-06	0.15194	0.135834	0.0160994	6.84405e-06	2.98152e-06	1.31389e-05	
623	0.0861202	0.0726417	0.0134595	1.89994e-05	0.379512	0.320116	0.059313	8.37263e-05	2.75798e-05	0.000121538	
624	0.121435	0.0836089	0.0378262	0	0.535138	0.368446	0.166692	0	0	0	
625	0.0618156	0.0555831	0.00623249	0	0.272407	0.244942	0.0274651	0	0	0	
626	0.0715579	0.0645259	0.00703201	0	0.315339	0.284351	0.0309885	0	0	0	
627	0.100849	0.0799749	0.0208746	0	0.444421	0.352431	0.09199	0	0	0	
628	0.0607667	0.0607667	0	0	0.267785	0.267785	0	0	0	0	
629	0.234784	0.139119	0.0948989	0.000766147	1.03464	0.613069	0.418198	0.00337624	0.00107966	0.00475785	
630	0.16317	0.14717	0.016	3.51088e-07	0.719056	0.648545	0.0705088	1.54716e-06	6.30038e-07	2.77643e-06	
631	0.105878	0.0968886	0.00898946	0	0.466581	0.426966	0.0396145	0	0	0	
632	0.0437291	0.0437291	0	0	0.192704	0.192704	0	0	0	0	
633	0.052846	0.0456531	0.00715374	3.91783e-05	0.23288	0.201183	0.0315249	0.00017265	3.91572e-05	0.000172557	
634	0.0474777	0.0424306	0.00504717	0	0.209224	0.186982	0.0222417	0	0	0	
635	0.0689103	0.0662758	0.0026345	0	0.303672	0.292062	0.0116096	0	0	0	
636	0.0849908	0.0657183	0.0192708	1.59008e-06	0.374535	0.289606	0.0849224	7.00715e-06	7.4174e-06	3.26868e-05	
637	0.0767167	0.0744493	0.00226737	0	0.338073	0.328081	0.0099918	0	0	0	
638	0.143807	0.0824457	0.0613577	4.54058e-06	0.633729	0.363319	0.270389	2.00093e-05	1.51201e-05	6.66313e-05	
639	0.131005	0.0769771	0.0540286	0	0.577313	0.339221	0.238092	0	0	0	
640	0.0861912	0.0813862	0.00476165	4.33004e-05	0.379825	0.358651	0.0209835	0.000190815	4.47502e-05	0.000197204	
641	0.0758687	0.0758687	0	0	0.334336	0.334336	0	0	0	0	
642	0.0637761	0.0637761	0	0	0.281047	0.281047	0	0	0	0	
643	0.167133	0.143512	0.0232657	0.000355121	0.736519	0.632427	0.102526	0.00156494	0.000403537	0.0017783	
644	0.108575	0.0833202	0.025255	0	0.478466	0.367173	0.111293	0	0	0	
645	0.0812926	0.0812926	0	0	0.358238	0.358238	0	0	0	0	
646	0.120874	0.0758295	0.0448867	0.000158698	0.532669	0.334163	0.197805	0.000699347	0.000236145	0.00104064	
647	0.174119	0.12522	0.0477545	0.00114419	0.767306	0.55182	0.210443	0.00504222	0.00149084	0.00656981	
648	0.145586	0.118598	0.0268957	9.27717e-05	0.641569	0.522637	0.118523	0.000408824	0.000119313	0.000525789	
649	0.0650571	0.0650571	0	0	0.286692	0.286692	0	0	0	0	
650	0.0742166	0.073798	0.000418569	0	0.327056	0.325211	0.00184454	0	0	0	
651	0.104222	0.102634	0.00158756	0	0.459284	0.452288	0.00699604	0	0	0	
652	0.0928895	0.0833898	0.00948588	1.38389e-05	0.409343	0.36748	0.0418021	6.09853e-05	2.11656e-05	9.32721e-05	
653	0.101013	0.0886414	0.0123723	0	0.445145	0.390623	0.0545222	0	0	0	
654	0.125054	0.0892457	0.0357074	0.000101118	0.551086	0.393285	0.157354	0.000445606	0.00019532	0.000860735	
655	0.131632	0.0819744	0.0487066	0.000950908	0.580073	0.361243	0.214639	0.00419044	0.00152491	0.00671997	
656	0.230767	0.119765	0.107612	0.00338991	1.01694	0.527778	0.474223	0.0149386	0.00593222	0.0261419	
657	0.113023	0.0810201	0.032003	0	0.498067	0.357037	0.14103	0	0	0	
658	0.119492	0.0762161	0.0432764	0	0.526577	0.335867	0.190709	0	0	0	
659	0.126099	0.0968833	0.0291649	5.1315e-05	0.555692	0.426943	0.128523	0.000226133	6.70979e-05	0.000295685	
660	0.160355	0.101632	0.0581102	0.000612562	0.706652	0.447873	0.256079	0.00269942	0.00143442	0.00632121	
661	0.201937	0.0995316	0.0999103	0.00249569	0.889894	0.438613	0.440282	0.0109979	0.00660465	0.0291052	
662	0.121096	0.0814296	0.0396068	6.02111e-05	0.533646	0.358842	0.174538	0.000265337	0.000199141	0.000877572	
663	0.0947306	0.0813471	0.0133764	7.08283e-06	0.417457	0.358478	0.0589469	3.12124e-05	7.40959e-06	3.26524e-05	
664	0.106431	0.0884047	0.0180239	3.25605e-06	0.469021	0.38958	0.0794276	1.43486e-05	1.1001e-05	4.84792e-05	
665	0.100311	0.0882981	0.0120134	0	0.44205	0.38911	0.0529403	0	0	0	
666	0.100501	0.0799327	0.0205046	6.37283e-05	0.442886	0.352245	0.0903593	0.000280836	8.2772e-05	0.000364757	
667	0.149535	0.106132	0.0415952	0.00180729	0.658969	0.467704	0.1833	0.00796432	0.00208745	0.00919894	
668	0.101199	0.0840917	0.0171064	1.24491e-06	0.445963	0.370573	0.0753841	5.48608e-06	2.22519e-06	9.80595e-06	
669	0.0440533	0.0440533	0	0	0.194133	0.194133	0	0	0	0	
670	0.0928316	0.0836628	0.00913508	3.36543e-05	0.409088	0.368683	0.0402563	0.000148307	3.39277e-05	0.000149512	
671	0.0517528	0.0512781	0.000474741	0	0.228063	0.225971	0.00209208	0	0	0	
672	0.155434	0.113373	0.0420515	9.54611e-06	0.684964	0.49961	0.185311	4.20676e-05	1.33136e-05	5.86703e-05	
673	0.148388	0.102737	0.0451428	0.000508236	0.653913	0.452739	0.198934	0.00223968	0.000709319	0.00312581	
674	0.13908	0.0965479	0.0423942	0.000138695	0.612898	0.425465	0.186821	0.000611199	0.000140187	0.000617776	
675	0.125766	0.0822113	0.0431977	0.000357254	0.554224	0.362287	0.190363	0.00157434	0.000403584	0.0017785	
676	0.155569	0.111165	0.0434591	0.000944775	0.685561	0.489883	0.191514	0.00416341	0.00141819	0.00624967	
677	0.104826	0.0946091	0.0101832	3.39262e-05	0.461946	0.416921	0.0448751	0.000149505	3.984e-05	0.000175566	
678	0.103768	0.0813238	0.0224404	3.76501e-06	0.457282	0.358376	0.09889	1.65915e-05	6.57494e-06	2.89743e-05	
679	0.124342	0.0921403	0.0322021	0	0.547949	0.406041	0.141907	0	0	0	
680	0.129253	0.111791	0.0174619	0	0.569592	0.492641	0.076951	0	0	0	
681	0.112177	0.0989864	0.0131552	3.61964e-05	0.494342	0.436211	0.0579722	0.000159509	9.21598e-05	0.000406127	
682	0.10109	0.0988852	0.00220569	0	0.445485	0.435765	0.00972	0	0	0	
683	0.095742	0.0923436	0.00339838	0	0.421913	0.406937	0.0149759	0	0	0	
684	0.109129	0.0954718	0.0136558	2.34675e-06	0.480911	0.420722	0.0601781	1.03416e-05	1.14635e-05	5.05172e-05	
685	0.174302	0.14254	0.0313715	0.000390691	0.768111	0.628142	0.138247	0.00172169	0.000393582	0.00173442	
686	0.10679	0.0916753	0.015038	7.69758e-05	0.470601	0.403992	0.0662692	0.000339215	0.000112265	0.00049473	
687	0.0822069	0.078824	0.00337392	9.04167e-06	0.362267	0.347359	0.0148681	3.98446e-05	9.91657e-06	4.37001e-05	
688	0.0654315	0.0650644	0.000367019	0	0.288342	0.286724	0.00161737	0	0	0	
689	0.00776654	0.00724333	0.000523211	0	0.0342254	0.0319197	0.00230567	0	0	0	
690	0.060601	0.060601	0	0	0.267055	0.267055	0	0	0	0	
691	0.105513	0.0993778	0.00610639	2.8915e-05	0.464972	0.437935	0.0269095	0.000127421	3.43541e-05	0.000151391	
692	0.0738512	0.0738512	0	0	0.325446	0.325446	0	0	0	0	
693	0.08983	0.0803477	0.00947411	8.27428e-06	0.395861	0.354074	0.0417503	3.64629e-05	9.72808e-06	4.28695e-05	
694	0.204305	0.156377	0.0470127	0.000914872	0.900328	0.689122	0.207174	0.00403164	0.00131799	0.0058081	
695	0.0920247	0.0803306	0.0116793	1.48718e-05	0.405532	0.353999	0.0514681	6.5537e-05	2.21337e-05	9.75385e-05	
696	0.245599	0.161786	0.0820637	0.0017496	1.0823	0.712955	0.361636	0.00771013	0.00207019	0.00912287	
697	0.157515	0.0838391	0.0730405	0.00063568	0.694135	0.36946	0.321873	0.0028013	0.00224623	0.00989865	
698	0.237034	0.198289	0.0384125	0.000332206	1.04455	0.873819	0.169275	0.00146396	0.000362345	0.00159677	
699	0.2987	0.187702	0.107289	0.003708	1.3163	0.827164	0.4728	0.0163403	0.00446148	0.0196607	
700	0.0835693	0.0835693	0	0	0.368271	0.368271	0	0	0	0	
701	0.0834239	0.0834239	0	0	0.36763	0.36763	0	0	0	0	
702	0.112483	0.107591	0.00489184	0	0.49569	0.474133	0.0215572	0	0	0	
703	0.0913993	0.0887371	0.00265097	1.12589e-05	0.402776	0.391044	0.0116822	4.96155e-05	1.1238e-05	4.95236e-05	
704	0.0952226	0.0804337	0.0147837	5.07879e-06	0.419624	0.354453	0.0651487	2.23811e-05	1.1306e-05	4.98233e-05	
705	0.0989239	0.089168	0.00975594	0	0.435935	0.392943	0.0429922	0	0	0	
706	0.198503	0.160143	0.038225	0.00013529	0.874761	0.705716	0.168449	0.000596194	0.000176385	0.00077729	
707	0.0879567	0.0812495	0.00670721	0	0.387605	0.358048	0.0295571	0	0	0	
708	0.0809142	0.0809142	0	0	0.35657	0.35657	0	0	0	0	
709	0.123818	0.104631	0.0189931	0.000193794	0.545641	0.461088	0.0836986	0.000854008	0.000200973	0.000885645	
710	0.195498	0.097158	0.0982854	5.46189e-05	0.861516	0.428153	0.433122	0.000240693	7.95379e-05	0.000350505	
711	0.0967184	0.0816483	0.0150701	0	0.426216	0.359806	0.0664106	0	0	0	
712	0.0777302	0.0774874	0.000242793	0	0.342539	0.341469	0.00106993	0	0	0	
713	0.090187	0.0793535	0.0108335	0	0.397434	0.349693	0.0477411	0	0	0	
714	0.0929147	0.0826534	0.0102483	1.29051e-05	0.409454	0.364235	0.0451621	5.687e-05	1.28836e-05	5.67754e-05	
715	0.0708919	0.0708919	0	0	0.312405	0.312405	0	0	0	0	
716	0.0808437	0.0758823	0.00496127	1.94674e-07	0.35626	0.334396	0.0218632	8.57888e-07	1.73782e-07	7.65818e-07	
717	0.0974578	0.0893431	0.00810841	6.30679e-06	0.429475	0.393715	0.0357319	2.77926e-05	6.28603e-06	2.77011e-05	
718	0.119488	0.109446	0.010013	2.97881e-05	0.52656	0.482304	0.0441251	0.000131269	2.9794e-05	0.000131295	
719	0.0747703	0.063681	0.0109207	0.000168583	0.329496	0.280628	0.0481251	0.000742909	0.000174152	0.000767452	
720	0.0629726	0.0628315	0.000141136	0	0.277506	0.276884	0.000621958	0	0	0	
721	0.128308	0.107602	0.0204647	0.000241724	0.565426	0.474178	0.0901833	0.00106522	0.000247745	0.00109176	
722	0.0821211	0.081824	0.000297066	0	0.361889	0.36058	0.0013091	0	0	0	
723	0.113184	0.10327	0.00990681	7.61731e-06	0.498778	0.455088	0.0436571	3.35677e-05	7.59619e-06	3.34747e-05	
724	0.0814541	0.0814541	0	0	0.35895	0.35895	0	0	0	0	
725	0.0819248	0.0631355	0.0187892	0	0.361024	0.278224	0.0828001	0	0	0	
726	0.0461419	0.0430437	0.00309826	0	0.203337	0.189684	0.0136533	0	0	0	
727	0.0900254	0.0898049	0.000220507	0	0.396722	0.39575	0.000971727	0	0	0	
728	0.101492	0.0862281	0.0149213	0.000342635	0.447253	0.379988	0.065755	0.00150991	0.000351771	0.00155018	
729	0.0993512	0.0783286	0.0210226	0	0.437818	0.345176	0.0926419	0	0	0	
730	0.112066	0.105871	0.00617606	1.95904e-05	0.493853	0.46655	0.0272165	8.63305e-05	2.1744e-05	9.58212e-05	
731	0.112084	0.0953256	0.0167071	5.22198e-05	0.493933	0.420079	0.0736245	0.000230121	5.67193e-05	0.000249949	
732	0.0829887	0.0780983	0.00489037	0	0.365712	0.344162	0.0215508	0	0	0	
733	0.102374	0.0928349	0.00953746	2.40777e-06	0.451142	0.409103	0.0420294	1.06105e-05	1.00248e-05	4.41774e-05	
734	0.114811	0.107844	0.00696664	0	0.505946	0.475246	0.0307004	0	0	0	
735	0.070522	0.0663436	0.00417838	0	0.310775	0.292361	0.0184132	0	0	0	
736	0.0579203	0.0560137	0.00190659	0	0.255241	0.246839	0.00840193	0	0	0	
737	0.0896617	0.080392	0.00926962	0	0.395119	0.35427	0.0408491	0	0	0	
738	0.118651	0.114233	0.00441156	6.76671e-06	0.522872	0.503402	0.0194408	2.98194e-05	8.04687e-06	3.54607e-05	
739	0.0666151	0.065436	0.00117912	0	0.293558	0.288362	0.00519612	0	0	0	
740	0.037067	0.0370391	2.79413e-05	0	0.163346	0.163223	0.000123131	0	0	0	
741	0.090943	0.087201	0.0037387	3.33166e-06	0.400765	0.384275	0.0164756	1.46818e-05	3.59333e-06	1.5835e-05	
742	0.142646	0.124104	0.0185227	1.95721e-05	0.628611	0.546899	0.0816257	8.62502e-05	1.95506e-05	8.61553e-05	
743	0.0893072	0.0849666	0.00429917	4.1377e-05	0.393556	0.374429	0.0189455	0.000182339	4.13562e-05	0.000182247	
744	0.0564357	0.0558694	0.000566352	0	0.248699	0.246204	0.00249578	0	0	0	
745	0.125631	0.102682	0.0229053	4.39747e-05	0.55363	0.452498	0.100938	0.000193786	4.3954e-05	0.000193695	
746	0.0796531	0.0758408	0.00381229	0	0.351013	0.334213	0.0167999	0	0	0	
747	0.0863318	0.0850256	0.00130618	0	0.380445	0.374689	0.00575604	0	0	0	
748	0.102545	0.0829874	0.0194163	0.000141812	0.451895	0.365707	0.0855636	0.000624936	0.000153219	0.000675204	
749	0.121216	0.113405	0.0078118	0	0.534175	0.49975	0.0344248	0	0	0	
750	0.0917877	0.0828865	0.0089012	0	0.404488	0.365262	0.0392256	0	0	0	
751	0.257158	0.153329	0.0986475	0.00518158	1.13324	0.675689	0.434717	0.0228341	0.00596408	0.0262823	
752	0.0840835	0.0770731	0.00701045	0	0.370537	0.339644	0.0308935	0	0	0	
753	0.102255	0.0933542	0.0089012	0	0.450616	0.411391	0.0392256	0	0	0	
754	0.224732	0.178083	0.0462757	0.000373759	0.990346	0.784772	0.203927	0.00164707	0.000678108	0.00298827	
755	0.111702	0.0928766	0.0188165	9.57219e-06	0.492248	0.409286	0.0829202	4.21825e-05	9.58309e-06	4.22305e-05	
756	0.192562	0.11507	0.0773971	9.49557e-05	0.84858	0.50709	0.341072	0.000418448	0.000135081	0.000595275	
757	0.123763	0.0782345	0.0426305	0.00289841	0.545398	0.344762	0.187863	0.0127726	0.00321072	0.0141489	
758	0.216954	0.128963	0.0879911	0	0.956071	0.568314	0.387757	0	0	0	
759	0.111883	0.0719617	0.0399126	9.08852e-06	0.493045	0.317119	0.175885	4.00511e-05	1.29831e-05	5.72138e-05	
760	0.113572	0.0874776	0.0260951	0	0.500489	0.385494	0.114995	0	0	0	
761	0.123115	0.110844	0.0120898	0.000181408	0.542543	0.488467	0.0532773	0.000799427	0.000183269	0.000807626	
762	0.0511005	0.0511005	0	0	0.225188	0.225188	0	0	0	0	
763	0.0563244	0.0544133	0.00191102	0	0.248209	0.239787	0.00842147	0	0	0	
764	0.0779095	0.0773491	0.000560402	0	0.343329	0.34086	0.00246956	0	0	0	
765	0.0855792	0.0845077	0.00107145	0	0.377128	0.372406	0.00472166	0	0	0	
766	0.0480463	0.044869	0.00315397	2.33768e-05	0.211729	0.197727	0.0138988	0.000103016	2.33558e-05	0.000102924	
767	0.0522662	0.0435033	0.00870226	6.07091e-05	0.230325	0.191709	0.0383489	0.000267531	6.06881e-05	0.000267439	
768	0.045719	0.0456801	3.89103e-05	0	0.201473	0.201302	0.000171469	0	0	0	
769	0.0814265	0.0528995	0.028399	0.000128056	0.358828	0.233116	0.125148	0.000564317	0.00036318	0.00160045	
770	0.0843962	0.0570256	0.0270397	0.000330811	0.371915	0.251299	0.119158	0.00145781	0.000341613	0.00150541	
771	0.104776	0.0788857	0.0258904	0	0.461725	0.347632	0.114093	0	0	0	
772	0.104099	0.104099	0	0	0.458741	0.458741	0	0	0	0	
773	0.109328	0.0912602	0.0180237	4.43282e-05	0.481785	0.402163	0.0794266	0.000195344	6.49012e-05	0.000286005	
774	0.0782583	0.0782583	0	0	0.344867	0.344867	0	0	0	0	
775	0.0762622	0.0762622	0	0	0.33607	0.33607	0	0	0	0	
776	0.0654235	0.0654235	0	0	0.288306	0.288306	0	0	0	0	
777	0.0749244	0.0749244	0	0	0.330175	0.330175	0	0	0	0	
778	0.093025	0.093025	0	0	0.40994	0.40994	0	0	0	0	
779	0.129771	0.111642	0.0181288	0	0.571874	0.491984	0.0798897	0	0	0	
780	0.0510961	0.0438368	0.00725922	0	0.225169	0.193179	0.0319897	0	0	0	
781	0.0541321	0.0428295	0.0113026	0	0.238548	0.18874	0.0498083	0	0	0	
782	0.108182	0.0959414	0.0122406	0	0.476734	0.422792	0.0539419	0	0	0	
783	0.198309	0.136001	0.0600394	0.00226849	0.873906	0.599329	0.26458	0.00999675	0.00296813	0.0130799	
784	0.0723459	0.0723459	0	0	0.318812	0.318812	0	0	0	0	
785	0.123064	0.0759788	0.0470855	0	0.542317	0.334821	0.207495	0	0	0	
786	0.117373	0.0957133	0.0214991	0.000161463	0.51724	0.421787	0.0947418	0.000711532	0.000347309	0.00153051	
787	0.171709	0.0847722	0.0841956	0.00274202	0.756687	0.373572	0.371031	0.0120834	0.00433766	0.0191151	
788	0.149491	0.0924232	0.0570684	0	0.658776	0.407288	0.251487	0	0	0	
789	0.103676	0.103676	0	0	0.456878	0.456878	0	0	0	0	
790	0.11708	0.0852891	0.0317914	0	0.515947	0.37585	0.140097	0	0	0	
791	0.125066	0.0880879	0.0368462	0.000131945	0.551138	0.388183	0.162373	0.000581456	0.00133163	0.00586819	
792	0.0955641	0.0833235	0.0122406	0	0.42113	0.367188	0.0539419	0	0	0	
793	0.214875	0.148942	0.0632796	0.00265403	0.946909	0.656354	0.278859	0.0116957	0.00315123	0.0138867	
794	0.0975969	0.0905864	0.00701045	0	0.430087	0.399194	0.0308935	0	0	0	
795	0.139291	0.106767	0.0324519	7.19494e-05	0.613826	0.4705	0.143008	0.000317065	8.74346e-05	0.000385305	
796	0.0957916	0.0948644	0.000927168	0	0.422132	0.418046	0.00408582	0	0	0	
797	0.0538705	0.0538705	0	0	0.237395	0.237395	0	0	0	0	
798	0.176556	0.104994	0.0715154	4.71557e-05	0.778047	0.462686	0.315152	0.000207804	9.42043e-05	0.000415137	
799	0.148932	0.130797	0.018134	0	0.65631	0.576397	0.0799129	0	0	0	
800	0.193396	0.160592	0.0325427	0.000260815	0.852253	0.707695	0.143408	0.00114935	0.000269655	0.00118831	
801	0.143695	0.0862591	0.0574231	1.32259e-05	0.633234	0.380124	0.25305	5.82838e-05	0.000152315	0.00067122	
802	0.125525	0.0873469	0.0381514	2.66539e-05	0.553161	0.384918	0.168125	0.000117458	6.44317e-05	0.000283936	
803	0.0842635	0.0842635	0	0	0.37133	0.37133	0	0	0	0	
804	0.181455	0.152776	0.0286761	3.69741e-06	0.799636	0.67325	0.126369	1.62936e-05	6.3609e-06	2.80311e-05	
805	0.17015	0.145571	0.0245579	2.12364e-05	0.749815	0.6415	0.108221	9.3584e-05	6.05595e-05	0.000266872	
806	0.152795	0.108175	0.0419998	0.0026203	0.673336	0.476705	0.185083	0.0115471	0.00288763	0.0127251	
807	0.133518	0.120723	0.0127006	9.42888e-05	0.588386	0.532001	0.055969	0.000415509	0.000118969	0.000524271	
808	0.16765	0.154386	0.01323	3.3354e-05	0.738796	0.680348	0.058302	0.000146983	3.33333e-05	0.000146892	
809	0.16215	0.113504	0.0484611	0.00018519	0.714562	0.500189	0.213557	0.000816094	0.000333437	0.00146938	
810	0.0794881	0.0788484	0.000639443	3.02083e-07	0.350286	0.347467	0.00281788	1.33121e-06	2.81162e-07	1.23902e-06	
811	0.131364	0.0982381	0.0331265	0	0.578894	0.432913	0.145981	0	0	0	
812	0.169597	0.113453	0.0558043	0.000339784	0.74738	0.499965	0.245917	0.00149735	0.000402876	0.00177538	
813	0.0646927	0.0646927	0	0	0.285086	0.285086	0	0	0	0	
814	0.0952653	0.0824137	0.0128516	0	0.419813	0.363179	0.0566341	0	0	0	
815	0.152065	0.134135	0.0178108	0.00011925	0.67012	0.591106	0.0784885	0.000525512	0.00011923	0.00052542	
816	0.180639	0.157564	0.0230455	3.01209e-05	0.796039	0.69435	0.101556	0.000132736	4.56066e-05	0.000200978	
817	0.157921	0.0982746	0.0588129	0.000833971	0.695924	0.433074	0.259175	0.00367512	0.00162378	0.00715567	
818	0.189447	0.12565	0.0626644	0.00113193	0.834851	0.553714	0.276148	0.00498818	0.00232267	0.0102354	
819	0.0677056	0.0677056	0	0	0.298363	0.298363	0	0	0	0	
820	0.0952225	0.0917662	0.00345432	1.99747e-06	0.419624	0.404393	0.0152224	8.80242e-06	2.04582e-06	9.01547e-06	
821	0.0280887	0.0278689	0.000219874	0	0.12378	0.122812	0.000968937	0	0	0	
822	0.0996067	0.0852012	0.014385	2.04311e-05	0.438944	0.375463	0.0633916	9.00355e-05	2.34857e-05	0.000103496	
823	0.0631372	0.05966	0.00347718	0	0.278231	0.262908	0.0153231	0	0	0	
824	0.120914	0.120886	2.87314e-05	0	0.532845	0.532718	0.000126613	0	0	0	
825	0.079388	0.079388	0	0	0.349845	0.349845	0	0	0	0	
826	0.118449	0.10724	0.0112095	0	0.521982	0.472584	0.0493981	0	0	0	
827	0.0850243	0.0849956	2.87314e-05	0	0.374683	0.374556	0.000126613	0	0	0	
828	0.165697	0.104726	0.0607805	0.000190585	0.730194	0.461508	0.267846	0.000839868	0.00110405	0.00486532	
829	0.135115	0.102604	0.0325103	0	0.595422	0.452156	0.143265	0	0	0	
830	0.162858	0.1353	0.0275583	0	0.717682	0.596238	0.121443	0	0	0	
831	0.10178	0.10168	0.000100253	0	0.448523	0.448081	0.000441796	0	0	0	
832	0.0865338	0.0847121	0.00182162	1.55929e-07	0.381335	0.373307	0.00802748	6.87147e-07	2.38618e-07	1.05153e-06	
833	0.0909283	0.0893187	0.00160778	1.82129e-06	0.4007	0.393607	0.00708516	8.02603e-06	2.78681e-06	1.22808e-05	
834	0.0992362	0.0989046	0.000331311	2.89686e-07	0.437312	0.43585	0.00146001	1.27658e-06	2.68739e-07	1.18427e-06	
835	0.0987397	0.0975566	0.00118306	0	0.435123	0.42991	0.0052135	0	0	0	
836	0.143647	0.117342	0.0262587	4.59726e-05	0.63302	0.517101	0.115716	0.000202591	4.72258e-05	0.000208113	
837	0.126268	0.121322	0.00489921	4.62569e-05	0.556435	0.534642	0.0215897	0.000203844	4.65136e-05	0.000204975	
838	0.14279	0.0982394	0.0444527	9.867e-05	0.629247	0.432919	0.195893	0.000434816	9.89097e-05	0.000435873	
839	0.196479	0.153783	0.0420252	0.000670086	0.865839	0.67769	0.185196	0.00295292	0.00071244	0.00313956	
840	0.100023	0.0773529	0.0226701	0	0.440779	0.340877	0.0999021	0	0	0	
841	0.115726	0.080635	0.0346537	0.000438117	0.509982	0.35534	0.152711	0.00193068	0.000595177	0.00262281	
842	0.108466	0.0987684	0.00969849	0	0.477989	0.43525	0.0427391	0	0	0	
843	0.138462	0.122442	0.0158492	0.000171478	0.610175	0.539575	0.069844	0.000755666	0.000234363	0.00103278	
844	0.15197	0.110848	0.0410123	0.000109685	0.669698	0.488482	0.180732	0.000483357	0.000205546	0.000905796	
845	0.195662	0.135602	0.0579614	0.00209932	0.862242	0.597568	0.255422	0.00925125	0.00223501	0.0098492	
846	0.106744	0.0946296	0.0121122	2.46135e-06	0.470398	0.417011	0.0533759	1.08466e-05	2.44062e-06	1.07553e-05	
847	0.1201	0.0964909	0.0235775	3.17462e-05	0.529254	0.425213	0.1039	0.000139898	3.20455e-05	0.000141217	
848	0.105378	0.103421	0.00195671	1.64706e-07	0.464379	0.455755	0.00862282	7.25824e-07	1.55081e-07	6.83407e-07	
849	0.102398	0.0974481	0.00494191	8.28131e-06	0.451246	0.429432	0.0217779	3.64939e-05	8.26055e-06	3.64024e-05	
850	0.0807515	0.0806335	0.000117985	0	0.355854	0.355334	0.000519934	0	0	0	
851	0.0649671	0.0649671	0	0	0.286295	0.286295	0	0	0	0	
852	0.0907919	0.0853426	0.00541698	3.23775e-05	0.4001	0.376086	0.0238714	0.00014268	3.30376e-05	0.000145589	
853	0.109093	0.104107	0.0049857	0	0.480749	0.458778	0.0219708	0	0	0	
854	0.100198	0.0951126	0.00508637	0	0.441554	0.41914	0.0224145	0	0	0	
855	0.111017	0.0938016	0.0165252	0.000690848	0.48923	0.413363	0.0728229	0.00304441	0.000690827	0.00304432	
856	0.116597	0.104272	0.0123224	1.76948e-06	0.513817	0.459507	0.0543021	7.79774e-06	1.74836e-06	7.70464e-06	
857	0.0637553	0.0637553	0	0	0.280955	0.280955	0	0	0	0	
858	0.101404	0.0858851	0.0155191	0	0.446866	0.378476	0.0683896	0	0	0	
859	0.127201	0.112563	0.0146375	0	0.560547	0.496043	0.0645045	0	0	0	
860	0.0966155	0.0845813	0.0120342	0	0.425763	0.37273	0.0530323	0	0	0	
861	0.0867498	0.0867498	0	0	0.382287	0.382287	0	0	0	0	
862	0.12212	0.0792544	0.0427552	0.000111163	0.538159	0.349256	0.188412	0.000489872	0.000161742	0.000712762	
863	0.120449	0.115628	0.00482052	0	0.530793	0.50955	0.0212429	0	0	0	
864	0.103802	0.0956488	0.00815348	0	0.457433	0.421503	0.0359305	0	0	0	
865	0.117673	0.117189	0.000484802	0	0.518562	0.516426	0.00213641	0	0	0	
866	0.0769987	0.0761587	0.000840014	0	0.339316	0.335614	0.00370175	0	0	0	
867	0.0867827	0.0867827	0	0	0.382432	0.382432	0	0	0	0	
868	0.105934	0.100189	0.00571562	2.92863e-05	0.46683	0.441514	0.0251874	0.000129058	2.92653e-05	0.000128966	
869	0.0972655	0.0948405	0.0024237	1.36228e-06	0.428627	0.417941	0.0106807	6.00327e-06	1.38915e-06	6.12167e-06	
870	0.130583	0.126535	0.00404799	0	0.575454	0.557615	0.0178385	0	0	0	
871	0.108974	0.0991356	0.00979726	4.20104e-05	0.480228	0.436868	0.0431743	0.00018513	4.20328e-05	0.000185229	
872	0.0420116	0.0420116	0	0	0.185135	0.185135	0	0	0	0	
873	0.100674	0.10025	0.000423082	0	0.443648	0.441783	0.00186443	0	0	0	
874	0.106929	0.0911904	0.0157372	1.60759e-06	0.471213	0.401856	0.0693504	7.08432e-06	4.25803e-06	1.87641e-05	
875	0.0817808	0.0817808	0	0	0.36039	0.36039	0	0	0	0	
876	0.0446149	0.0446149	0	0	0.196608	0.196608	0	0	0	0	
877	0.104766	0.0879479	0.0165979	0.000220541	0.461682	0.387567	0.0731435	0.000971875	0.000220945	0.000973659	
878	0.100792	0.0997241	0.00106855	0	0.44417	0.439461	0.00470889	0	0	0	
879	0.0875578	0.0875578	0	0	0.385847	0.385847	0	0	0	0	
880	0.0928577	0.0880124	0.0048453	0	0.409203	0.387851	0.0213521	0	0	0	
881	0.0826072	0.0796306	0.00296764	9.06471e-06	0.364031	0.350914	0.0130777	3.99461e-05	9.10847e-06	4.0139e-05	
882	0.0906694	0.0897942	0.000874817	4.32218e-07	0.39956	0.395703	0.00385512	1.90469e-06	5.94918e-07	2.62167e-06	
883	0.0594937	0.0594937	0	0	0.262175	0.262175	0	0	0	0	
884	0.0791209	0.0791209	0	0	0.348668	0.348668	0	0	0	0	
885	0.0898795	0.0898795	0	0	0.396079	0.396079	0	0	0	0	
886	0.103524	0.102133	0.00139131	0	0.456211	0.450079	0.00613119	0	0	0	
887	0.0663804	0.0663804	0	0	0.292523	0.292523	0	0	0	0	
888	0.0972204	0.0972204	0	0	0.428429	0.428429	0	0	0	0	
889	0.0651276	0.0648873	0.000240255	0	0.287002	0.285944	0.00105875	0	0	0	
890	0.0949414	0.0920178	0.00292136	2.17708e-06	0.418385	0.405502	0.0128738	9.59392e-06	2.15617e-06	9.5018e-06	
891	0.0425236	0.0414436	0.00107993	0	0.187392	0.182633	0.00475904	0	0	0	
892	0.0587914	0.0587914	0	0	0.25908	0.25908	0	0	0	0	
893	0.087257	0.087257	0	0	0.384522	0.384522	0	0	0	0	
894	0.0846441	0.0841259	0.000518141	0	0.373007	0.370724	0.00228333	0	0	0	
895	0.0803763	0.0803763	0	0	0.3542	0.3542	0	0	0	0	
896	0.0796822	0.079164	0.000518141	0	0.351141	0.348858	0.00228333	0	0	0	
897	0.0792251	0.0720177	0.00717638	3.10798e-05	0.349127	0.317366	0.0316247	0.000136961	3.10588e-05	0.000136869	
898	0.0734628	0.0734628	0	0	0.323734	0.323734	0	0	0	0	
899	0.103083	0.0961207	0.00696253	0	0.454265	0.423582	0.0306823	0	0	0	
900	0.0822417	0.0822417	0	0	0.36242	0.36242	0	0	0	0	
901	0.17965	0.112918	0.0654882	0.0012431	0.791677	0.497607	0.288592	0.00547807	0.00146497	0.00645582	
902	0.0767821	0.0755799	0.00120212	0	0.338361	0.333064	0.00529751	0	0	0	
903	0.204669	0.11681	0.0876509	0.000207706	0.901932	0.514759	0.386257	0.000915314	0.000763098	0.0033628	
904	0.0682012	0.0682012	0	0	0.300547	0.300547	0	0	0	0	
905	0.1585	0.0934502	0.0650498	0	0.698474	0.411814	0.28666	0	0	0	
906	0.196922	0.131494	0.0649527	0.000474476	0.867792	0.579468	0.286232	0.00209091	0.000603945	0.00266145	
907	0.0812114	0.0808858	0.000325651	0	0.35788	0.356445	0.00143507	0	0	0	
908	0.114815	0.0999995	0.0147189	9.69329e-05	0.505966	0.440675	0.0648631	0.000427162	0.000109078	0.000480684	
909	0.108726	0.106306	0.00241934	0	0.479132	0.46847	0.0106615	0	0	0	
910	0.112909	0.0908734	0.0220358	0	0.497566	0.400459	0.0971072	0	0	0	
911	0.127976	0.107462	0.0200307	0.000483683	0.563964	0.473562	0.0882709	0.00213148	0.000544516	0.00239956	
912	0.107889	0.0966622	0.0112164	1.0999e-05	0.475445	0.425968	0.0494284	4.84703e-05	1.29355e-05	5.70041e-05	
913	0.116281	0.0995144	0.0166145	0.000152259	0.512425	0.438537	0.0732165	0.000670973	0.000161168	0.000710233	
914	0.0773351	0.0773351	0	0	0.340798	0.340798	0	0	0	0	
915	0.123347	0.0924853	0.0308278	3.404e-05	0.543563	0.407562	0.135851	0.000150007	3.40201e-05	0.000149919	
916	0.107748	0.107748	0	0	0.474825	0.474825	0	0	0	0	
917	0.116158	0.093359	0.0227995	0	0.511884	0.411412	0.100472	0	0	0	
918	0.127566	0.0897044	0.0374935	0.000368741	0.562158	0.395307	0.165225	0.00162496	0.000787778	0.00347156	
919	0.0933609	0.0869748	0.00638608	0	0.41142	0.383278	0.028142	0	0	0	
920	0.11846	0.0865367	0.0317741	0.000149355	0.522027	0.381348	0.140021	0.000658174	0.000152945	0.000673995	
921	0.0386405	0.0386405	0	0	0.17028	0.17028	0	0	0	0	
922	0.0194165	0.0193094	0.00010706	0	0.0855643	0.0850925	0.000471791	0	0	0	
923	0.0633086	0.0597108	0.00358203	1.57637e-05	0.278987	0.263132	0.0157852	6.94673e-05	1.57428e-05	6.93752e-05	
924	0.064492	0.0521379	0.0121073	0.000246686	0.284201	0.22976	0.0533545	0.00108709	0.000249809	0.00110085	
925	0.0491321	0.0452296	0.00387773	2.47718e-05	0.216514	0.199317	0.0170883	0.000109163	2.47508e-05	0.000109071	
926	0.0687568	0.0593454	0.00941137	0	0.302996	0.261522	0.0414738	0	0	0	
927	0.0780679	0.0779801	8.7847e-05	0	0.344028	0.34364	0.000387122	0	0	0	
928	0.103724	0.095993	0.00773099	0	0.457088	0.423019	0.0340687	0	0	0	
929	0.0456253	0.0433895	0.0022219	1.39184e-05	0.20106	0.191207	0.00979143	6.13353e-05	1.38974e-05	6.1243e-05	
930	0.0787229	0.0754482	0.00327475	0	0.346914	0.332483	0.0144311	0	0	0	
931	0.0943307	0.083334	0.0109247	7.19172e-05	0.415694	0.367234	0.0481429	0.000316923	7.18959e-05	0.000316829	
932	0.0861835	0.0849099	0.00127358	0	0.379791	0.374179	0.00561241	0	0	0	
933	0.0481558	0.0481558	0	0	0.212212	0.212212	0	0	0	0	
934	0.0490838	0.045882	0.00317753	2.43474e-05	0.216301	0.202191	0.0140026	0.000107293	2.43264e-05	0.000107201	
935	0.0938025	0.0784353	0.0153561	1.10878e-05	0.413367	0.345647	0.0676709	4.88616e-05	1.34959e-05	5.94734e-05	
936	0.0771594	0.0765186	0.000640846	0	0.340024	0.3372	0.00282406	0	0	0	
937	0.0624708	0.0624708	0	0	0.275295	0.275295	0	0	0	0	
938	0.06796	0.06796	0	0	0.299484	0.299484	0	0	0	0	
939	0.0736227	0.0735911	3.15889e-05	0	0.324439	0.324299	0.000139205	0	0	0	
940	0.0766509	0.0751908	0.00146012	0	0.337783	0.331349	0.00643442	0	0	0	
941	0.0693806	0.0693806	0	0	0.305744	0.305744	0	0	0	0	
942	0.0715109	0.0715109	0	0	0.315132	0.315132	0	0	0	0	
943	0.0809959	0.0809959	0	0	0.356931	0.356931	0	0	0	0	
944	0.064223	0.064223	0	0	0.283016	0.283016	0	0	0	0	
945	0.064867	0.0639399	0.000927168	0	0.285854	0.281769	0.00408582	0	0	0	
946	0.0662592	0.0662592	0	0	0.291989	0.291989	0	0	0	0	
947	0.0967491	0.0967491	0	0	0.426351	0.426351	0	0	0	0	
948	0.0620509	0.0547892	0.00726167	0	0.273444	0.241444	0.0320005	0	0	0	
949	0.0653727	0.0653727	0	0	0.288083	0.288083	0	0	0	0	
950	0.0869675	0.0869675	0	0	0.383246	0.383246	0	0	0	0	
951	0.117234	0.117203	3.15889e-05	0	0.516627	0.516488	0.000139205	0	0	0	
952	0.0514764	0.0500163	0.00146012	0	0.226845	0.22041	0.00643442	0	0	0	
953	0.0538622	0.0538622	0	0	0.237358	0.237358	0	0	0	0	
954	0.0873107	0.0873107	0	0	0.384759	0.384759	0	0	0	0	
955	0.0900242	0.0900242	0	0	0.396716	0.396716	0	0	0	0	
956	0.0539451	0.0502237	0.00372143	0	0.237724	0.221324	0.0163995	0	0	0	
957	0.0798046	0.0798046	0	0	0.351681	0.351681	0	0	0	0	
958	0.0790844	0.0700401	0.00904435	0	0.348507	0.308651	0.0398564	0	0	0	
959	0.0918907	0.0918907	0	0	0.404941	0.404941	0	0	0	0	
960	0.0572542	0.0572542	0	0	0.252306	0.252306	0	0	0	0	
961	0.0769682	0.0757005	0.00126768	0	0.339181	0.333595	0.00558639	0	0	0	
962	0.0990635	0.0989666	9.69666e-05	0	0.436551	0.436123	0.00042731	0	0	0	
963	0.147326	0.147198	0.000127454	0	0.649234	0.648673	0.000561663	0	0	0	
964	0.105377	0.105377	0	0	0.464375	0.464375	0	0	0	0	
965	0.143909	0.09716	0.0467455	4.30811e-06	0.634178	0.428162	0.205997	1.89848e-05	4.28474e-06	1.88819e-05	
966	0.14937	0.102646	0.0467236	0	0.658242	0.452342	0.2059	0	0	0	
967	0.0447626	0.0447626	0	0	0.197259	0.197259	0	0	0	0	
968	0.0713481	0.0713481	0	0	0.314415	0.314415	0	0	0	0	
969	0.194284	0.17958	0.0147045	2.46924e-07	0.85617	0.79137	0.0647994	1.08813e-06	2.26042e-07	9.96117e-07	
970	0.188215	0.175336	0.0128734	5.63603e-06	0.829424	0.772669	0.0567306	2.48367e-05	6.13177e-06	2.70213e-05	
