Node	dPC	dPCintra	dPCflux	dPCconnector	varPC	varPCintra	varPCflux	varPCconnector	dBC_PC	varBC_PC	
1	0.171953	0.165872	0.00608138	0	0.763637	0.736629	0.0270071	0	0	0	
2	0.0883243	0.0834987	0.00482557	0	0.392244	0.370813	0.0214301	0	0	0	
3	0.0934377	0.0818004	0.0116373	0	0.414952	0.363271	0.0516808	0	0	0	
4	0.0574244	0.0574244	0	0	0.255019	0.255019	0	0	0	0	
5	0.116471	0.106259	0.010203	8.80598e-06	0.517245	0.471894	0.0453113	3.91069e-05	1.06127e-05	4.71307e-05	
6	0.0914626	0.0895015	0.00195731	3.86062e-06	0.406181	0.397471	0.00869233	1.71448e-05	3.85468e-06	1.71184e-05	
7	0.0872604	0.0862028	0.00105758	0	0.387519	0.382822	0.00469669	0	0	0	
8	0.122796	0.103017	0.0197792	0	0.545333	0.457494	0.0878387	0	0	0	
9	0.0905318	0.0866321	0.00389971	0	0.402047	0.384729	0.0173184	0	0	0	
10	0.0600233	0.0593494	0.000673841	0	0.26656	0.263568	0.00299249	0	0	0	
11	0.0843289	0.0792173	0.00511157	0	0.3745	0.3518	0.0227002	0	0	0	
12	0.0982845	0.0946044	0.00367207	8.11131e-06	0.436477	0.420133	0.0163074	3.60219e-05	8.18659e-06	3.63562e-05	
13	0.103215	0.103215	0	0	0.458377	0.458377	0	0	0	0	
14	0.0835972	0.0835934	3.84061e-06	0	0.371251	0.371234	1.70559e-05	0	0	0	
15	0.0948421	0.0929323	0.00190984	0	0.421189	0.412708	0.00848154	0	0	0	
16	0.0734521	0.0734521	0	0	0.326197	0.326197	0	0	0	0	
17	0.0879049	0.0846875	0.00321534	2.00578e-06	0.390381	0.376093	0.0142791	8.90758e-06	1.9999e-06	8.88147e-06	
18	0.0726287	0.0723201	0.000308588	0	0.32254	0.32117	0.00137042	0	0	0	
19	0.087981	0.0845002	0.00348077	0	0.390719	0.375261	0.0154579	0	0	0	
20	0.0593318	0.0592602	7.1602e-05	0	0.263489	0.263171	0.000317981	0	0	0	
21	0.0838149	0.0819424	0.00187248	0	0.372217	0.363902	0.00831559	0	0	0	
22	0.0891162	0.0877766	0.00133799	1.60707e-06	0.39576	0.389811	0.00594196	7.13692e-06	2.87327e-06	1.276e-05	
23	0.097362	0.0951872	0.00217144	3.34498e-06	0.43238	0.422722	0.00964328	1.48549e-05	3.33911e-06	1.48288e-05	
24	0.0663329	0.0652452	0.00108769	0	0.294581	0.289751	0.00483042	0	0	0	
25	0.125826	0.115806	0.00985081	0.000169361	0.558791	0.514291	0.043747	0.000752124	0.000169811	0.000754124	
26	0.0853318	0.0844832	0.000847599	1.05628e-06	0.378954	0.375185	0.00376414	4.69091e-06	1.05043e-06	4.66491e-06	
27	0.0849759	0.0764163	0.00837709	0.000182471	0.377373	0.339361	0.0372022	0.000810347	0.000182491	0.000810434	
28	0.0643874	0.0622623	0.00212508	0	0.285941	0.276504	0.00943742	0	0	0	
29	0.107581	0.101516	0.00606414	5.80427e-07	0.477763	0.450829	0.0269305	2.57765e-06	5.74421e-07	2.55097e-06	
30	0.170487	0.1492	0.0211956	9.15688e-05	0.757127	0.662592	0.0941287	0.000406652	9.67114e-05	0.00042949	
31	0.144484	0.138748	0.00573474	1.53567e-06	0.641648	0.616173	0.0254677	6.81987e-06	1.52972e-06	6.79342e-06	
32	0.145706	0.139212	0.00649428	5.8953e-08	0.647077	0.618236	0.0288408	2.61807e-07	6.93986e-07	3.08196e-06	
33	0.0789383	0.0768324	0.0021059	0	0.350561	0.341209	0.0093522	0	0	0	
34	0.104166	0.0973895	0.00677664	0	0.462596	0.432502	0.0300947	0	0	0	
35	0.0754942	0.0611123	0.0143504	3.14835e-05	0.335266	0.271396	0.0637296	0.000139816	4.42932e-05	0.000196704	
36	0.0833895	0.0813572	0.00203226	0	0.370328	0.361303	0.00902517	0	0	0	
37	0.168198	0.0952158	0.070145	0.00283774	0.746962	0.422848	0.31151	0.0126022	0.00496737	0.0220598	
38	0.0799727	0.0786077	0.00136504	0	0.355155	0.349093	0.00606211	0	0	0	
39	0.0923316	0.0841065	0.00816351	6.1597e-05	0.41004	0.373513	0.0362537	0.000273549	6.37171e-05	0.000282964	
40	0.101592	0.101199	0.000392088	0	0.451165	0.449424	0.00174124	0	0	0	
41	0.0988327	0.0961624	0.00266946	7.89554e-07	0.438911	0.427053	0.0118549	3.50637e-06	6.22366e-06	2.7639e-05	
42	0.0769907	0.0741178	0.00287294	0	0.341912	0.329153	0.0127586	0	0	0	
43	0.059845	0.0554667	0.00437834	0	0.265769	0.246325	0.019444	0	0	0	
44	0.0649748	0.0647592	0.00021558	0	0.28855	0.287592	0.000957383	0	0	0	
45	0.0555522	0.052267	0.00327953	5.65063e-06	0.246704	0.232115	0.0145642	2.50942e-05	7.80019e-06	3.46403e-05	
46	0.0933696	0.0853327	0.00803683	1.40924e-08	0.41465	0.378958	0.0356912	6.2584e-08	3.25792e-08	1.44683e-07	
47	0.13673	0.135176	0.00155386	0	0.607212	0.600312	0.00690063	0	0	0	
48	0.107598	0.0852365	0.0223594	2.25834e-06	0.477838	0.378531	0.0992972	1.00291e-05	1.4679e-05	6.5189e-05	
49	0.167414	0.158755	0.0086523	7.01058e-06	0.74348	0.705025	0.0384244	3.11336e-05	8.71642e-06	3.87092e-05	
50	0.10056	0.0955025	0.00505786	2.57173e-07	0.446584	0.424122	0.0224617	1.14209e-06	1.00903e-06	4.48106e-06	
51	0.0850454	0.0848784	0.000167049	0	0.377682	0.376941	0.00074186	0	0	0	
52	0.077271	0.0764256	0.000845394	0	0.343156	0.339402	0.00375435	0	0	0	
53	0.097121	0.095203	0.00191208	5.84441e-06	0.431309	0.422792	0.00849149	2.59547e-05	5.86759e-06	2.60577e-05	
54	0.093958	0.0909836	0.00297438	0	0.417263	0.404053	0.0132091	0	0	0	
55	0.101127	0.0929982	0.00812885	5.93504e-09	0.4491	0.413	0.0360998	2.63572e-08	4.39131e-06	1.95016e-05	
56	0.120281	0.112336	0.00793832	6.85609e-06	0.534163	0.498879	0.0352537	3.04475e-05	7.99607e-06	3.55101e-05	
57	0.101636	0.101039	0.000596188	0	0.45136	0.448712	0.00264764	0	0	0	
58	0.120841	0.0915894	0.029175	7.73968e-05	0.536652	0.406744	0.129564	0.000343715	9.74479e-05	0.000432761	
59	0.169435	0.112383	0.0570517	6.1724e-07	0.752454	0.499087	0.253364	2.74113e-06	7.86904e-07	3.4946e-06	
60	0.0779554	0.0738233	0.00411929	1.28079e-05	0.346196	0.327845	0.0182935	5.68796e-05	1.35283e-05	6.00786e-05	
61	0.0889586	0.087401	0.00155758	0	0.395061	0.388143	0.00691717	0	0	0	
62	0.103782	0.0937018	0.0100613	1.94713e-05	0.460893	0.416125	0.044682	8.64712e-05	3.34791e-05	0.000148679	
63	0.123376	0.0941879	0.0291531	3.5379e-05	0.547909	0.418284	0.129467	0.000157116	5.15311e-05	0.000228847	
64	0.0988114	0.097102	0.00170717	2.22589e-06	0.438816	0.431225	0.00758147	9.88508e-06	3.49876e-06	1.55378e-05	
65	0.112927	0.102869	0.00995909	9.90933e-05	0.501505	0.456837	0.0442278	0.000440068	0.000100232	0.000445128	
66	0.111737	0.101217	0.0105202	0	0.496221	0.449501	0.0467198	0	0	0	
67	0.163644	0.13773	0.0259119	2.14995e-06	0.726738	0.611654	0.115073	9.54785e-06	3.22725e-06	1.4332e-05	
68	0.113428	0.0800923	0.0332132	0.000122349	0.503728	0.355686	0.147498	0.000543347	0.000129099	0.000573323	
69	0.115175	0.114075	0.00109975	8.0599e-08	0.511487	0.506603	0.00488394	3.57936e-07	9.96249e-08	4.42429e-07	
70	0.0787576	0.0765637	0.00219254	1.41987e-06	0.349759	0.340015	0.00973699	6.30559e-06	1.74117e-06	7.73246e-06	
71	0.0657125	0.0443094	0.0214031	0	0.291826	0.196775	0.0950501	0	0	0	
72	0.161974	0.129831	0.0320912	5.1841e-05	0.719321	0.576575	0.142515	0.000230223	6.61551e-05	0.000293791	
73	0.0730225	0.0598229	0.0131995	0	0.324289	0.265671	0.0586185	0	0	0	
74	0.146293	0.106277	0.0399975	1.81448e-05	0.64968	0.471973	0.177626	8.05803e-05	2.78114e-05	0.000123509	
75	0.18626	0.143196	0.0427659	0.000298721	0.827175	0.635927	0.189921	0.0013266	0.000357345	0.00158695	
76	0.159094	0.140643	0.0181737	0.0002768	0.70653	0.624593	0.0807086	0.00122925	0.000279948	0.00124323	
77	0.0897254	0.0891818	0.00054365	0	0.398466	0.396052	0.00241432	0	0	0	
78	0.138594	0.0982404	0.0402924	6.20081e-05	0.615493	0.436281	0.178936	0.000275375	7.37597e-05	0.000327563	
79	0.154606	0.13636	0.0181629	8.35467e-05	0.6866	0.605568	0.0806608	0.000371027	0.000108069	0.000479929	
80	0.137951	0.124532	0.0134045	1.40288e-05	0.612635	0.553044	0.0595289	6.23015e-05	1.56966e-05	6.97078e-05	
81	0.109214	0.105684	0.00353027	0	0.485015	0.469337	0.0156777	0	0	0	
82	0.239278	0.160297	0.0780056	0.000975098	1.06262	0.711875	0.346419	0.00433036	0.00119176	0.00529255	
83	0.15945	0.124525	0.0348804	4.40357e-05	0.70811	0.553012	0.154902	0.00019556	4.76678e-05	0.00021169	
84	0.119569	0.0956712	0.0238981	0	0.531001	0.424871	0.10613	0	0	0	
85	0.141509	0.100566	0.0409433	0	0.628436	0.446609	0.181827	0	0	0	
86	0.170034	0.145428	0.0244555	0.000150666	0.755114	0.645839	0.108606	0.000669103	0.000155617	0.000691088	
87	0.0832481	0.0771911	0.006057	0	0.369701	0.342802	0.0268988	0	0	0	
88	0.0843469	0.0811927	0.00314371	1.04856e-05	0.37458	0.360573	0.013961	4.65661e-05	1.11322e-05	4.94376e-05	
89	0.0769637	0.076543	0.000420767	0	0.341792	0.339923	0.0018686	0	0	0	
90	0.107764	0.0982728	0.00949199	0	0.478578	0.436425	0.0421534	0	0	0	
91	0.107515	0.101826	0.00568874	2.66161e-07	0.477471	0.452207	0.0252634	1.18201e-06	2.60228e-07	1.15566e-06	
92	0.0848017	0.0834159	0.00138573	0	0.3766	0.370446	0.00615397	0	0	0	
93	0.0958065	0.0897924	0.00601411	0	0.425472	0.398764	0.0267083	0	0	0	
94	0.090561	0.0853149	0.00524571	3.25832e-07	0.402177	0.378879	0.0232959	1.447e-06	1.4397e-06	6.39367e-06	
95	0.153469	0.130805	0.0226634	0	0.68155	0.580902	0.100647	0	0	0	
96	0.18729	0.158756	0.028414	0.000119778	0.831747	0.70503	0.126185	0.000531931	0.000210467	0.000934674	
97	0.113817	0.094229	0.0195781	1.05098e-05	0.505458	0.418466	0.0869455	4.66738e-05	1.49846e-05	6.65461e-05	
98	0.100836	0.0891623	0.0116587	1.53928e-05	0.44781	0.395965	0.051776	6.83587e-05	1.71188e-05	7.6024e-05	
99	0.107706	0.0999664	0.00773849	1.80903e-06	0.47832	0.443946	0.0343662	8.03384e-06	1.97953e-06	8.791e-06	
100	0.096844	0.0919065	0.00493726	2.69168e-07	0.430079	0.408152	0.0219261	1.19536e-06	2.72003e-06	1.20795e-05	
101	0.146998	0.144189	0.00280869	0	0.652812	0.640339	0.0124732	0	0	0	
102	0.139732	0.10718	0.0325404	1.13026e-05	0.620543	0.475982	0.14451	5.01945e-05	1.54383e-05	6.85607e-05	
103	0.0757018	0.0732655	0.00243018	6.15667e-06	0.336188	0.325368	0.0107923	2.73414e-05	6.15583e-06	2.73377e-05	
104	0.106756	0.0832395	0.0234852	3.22163e-05	0.474102	0.369662	0.104296	0.000143071	3.98908e-05	0.000177153	
105	0.0926339	0.0861546	0.00640952	6.97706e-05	0.411383	0.382608	0.0284643	0.000309848	7.04998e-05	0.000313086	
106	0.134729	0.111448	0.0232784	1.8716e-06	0.598325	0.494938	0.103378	8.31172e-06	7.72878e-06	3.43231e-05	
107	0.21564	0.146581	0.068892	0.000166811	0.957647	0.65096	0.305946	0.000740803	0.00024802	0.00110144	
108	0.100703	0.0968403	0.00386044	2.60614e-06	0.447218	0.430063	0.017144	1.15737e-05	2.85382e-06	1.26737e-05	
109	0.129691	0.108018	0.0214743	0.000199166	0.575954	0.479703	0.0953663	0.000884488	0.000207345	0.000920811	
110	0.11708	0.108539	0.0085411	3.64836e-07	0.51995	0.482018	0.0379306	1.62022e-06	9.82666e-07	4.36397e-06	
111	0.10495	0.0961589	0.00878794	3.88008e-06	0.466081	0.427037	0.0390268	1.72312e-05	4.60202e-06	2.04373e-05	
112	0.102187	0.0947345	0.00745278	0	0.453808	0.420711	0.0330974	0	0	0	
113	0.0949184	0.0917048	0.00321265	1.01121e-06	0.421528	0.407256	0.0142672	4.49077e-06	2.36748e-06	1.05138e-05	
114	0.150458	0.12406	0.0261928	0.000205326	0.668177	0.550944	0.11632	0.000911843	0.000512466	0.00227583	
115	0.11441	0.106733	0.00767399	3.05487e-06	0.508092	0.473999	0.0340798	1.35665e-05	5.59284e-06	2.48375e-05	
116	0.121853	0.114274	0.00757835	3.21631e-07	0.541145	0.507489	0.033655	1.42835e-06	3.40609e-07	1.51262e-06	
117	0.10377	0.0967824	0.00698769	0	0.460838	0.429806	0.031032	0	0	0	
118	0.104385	0.101531	0.00285436	3.26247e-07	0.463572	0.450895	0.012676	1.44884e-06	5.98136e-07	2.65629e-06	
119	0.116053	0.113471	0.0025817	0	0.515388	0.503922	0.0114652	0	0	0	
120	0.109963	0.096055	0.0138207	8.80717e-05	0.488344	0.426576	0.0613771	0.000391122	0.000124588	0.000553293	
121	0.0904026	0.084253	0.00612569	2.38773e-05	0.401473	0.374163	0.0272039	0.000106037	3.01662e-05	0.000133966	
122	0.182974	0.157518	0.0253488	0.000107367	0.81258	0.69953	0.112573	0.000476815	0.000155741	0.00069164	
123	0.111551	0.106868	0.00468374	8.61091e-08	0.495396	0.474595	0.0208002	3.82406e-07	3.82783e-07	1.69992e-06	
124	0.137087	0.0962468	0.0405214	0.00031923	0.608799	0.427427	0.179953	0.00141768	0.000636108	0.00282492	
125	0.108782	0.103281	0.00550076	0	0.483095	0.458667	0.0244286	0	0	0	
126	0.132849	0.104231	0.0285602	5.78949e-05	0.589977	0.462886	0.126834	0.000257108	7.10151e-05	0.000315375	
127	0.204835	0.191388	0.0134068	3.97992e-05	0.909665	0.849949	0.0595392	0.000176746	4.24895e-05	0.000188693	
128	0.131888	0.120514	0.0113712	2.75355e-06	0.585711	0.5352	0.0504992	1.22284e-05	6.76549e-06	3.00452e-05	
129	0.123809	0.117915	0.00589392	5.32517e-07	0.549833	0.523656	0.0261746	2.36488e-06	9.58754e-07	4.25778e-06	
130	0.0974079	0.0961309	0.00127618	8.09767e-07	0.432584	0.426912	0.00566749	3.59613e-06	1.05371e-06	4.67951e-06	
131	0.131827	0.124486	0.00733064	1.03022e-05	0.585441	0.55284	0.032555	4.57515e-05	1.13511e-05	5.041e-05	
132	0.116726	0.0850602	0.031666	0	0.518375	0.377748	0.140627	0	0	0	
133	0.127885	0.110683	0.0170583	0.000143437	0.567931	0.491539	0.0757551	0.000636998	0.00015659	0.00069541	
134	0.0970895	0.095528	0.00156149	0	0.43117	0.424235	0.00693454	0	0	0	
135	0.0723378	0.0704736	0.00186416	0	0.321248	0.31297	0.00827865	0	0	0	
136	0.106888	0.103391	0.00349307	3.96697e-06	0.474686	0.459156	0.0155125	1.76171e-05	4.92747e-06	2.18826e-05	
137	0.11718	0.101999	0.0151123	6.87207e-05	0.520393	0.452975	0.067113	0.000305185	9.89448e-05	0.000439409	
138	0.110884	0.104226	0.00665307	4.69349e-06	0.492432	0.462865	0.0295459	2.08435e-05	6.63712e-06	2.94751e-05	
139	0.109595	0.106086	0.00350924	0	0.486709	0.471125	0.0155843	0	0	0	
140	0.133986	0.120917	0.0130375	3.17966e-05	0.595029	0.536989	0.0578993	0.000141207	3.27072e-05	0.000145251	
141	0.0984382	0.0929192	0.00551006	8.89028e-06	0.437159	0.41265	0.0244699	3.94813e-05	1.64984e-05	7.32688e-05	
142	0.0883655	0.083337	0.00502848	0	0.392427	0.370095	0.0223312	0	0	0	
143	0.158582	0.154625	0.00395738	8.44891e-08	0.704257	0.686683	0.0175745	3.75212e-07	7.84769e-08	3.48512e-07	
144	0.100923	0.0986566	0.0022654	1.18739e-06	0.448195	0.438129	0.0100605	5.27317e-06	1.18151e-06	5.24702e-06	
145	0.0894501	0.086676	0.00277372	3.72799e-07	0.397243	0.384924	0.0123179	1.65558e-06	6.72693e-07	2.9874e-06	
146	0.0619385	0.0611277	0.00081088	0	0.275066	0.271465	0.00360108	0	0	0	
147	0.0735359	0.0726323	0.000902559	1.12108e-06	0.326569	0.322556	0.00400822	4.97869e-06	1.55122e-06	6.88893e-06	
148	0.111987	0.107726	0.00426015	3.34841e-07	0.497329	0.478408	0.0189191	1.48701e-06	4.81147e-07	2.13675e-06	
149	0.113936	0.099837	0.0140557	4.40311e-05	0.505988	0.443371	0.0624209	0.00019554	5.09979e-05	0.000226479	
150	0.0980911	0.082544	0.0155208	2.62272e-05	0.435618	0.366574	0.0689275	0.000116473	6.32599e-05	0.000280934	
151	0.133404	0.124361	0.00903255	1.06278e-05	0.592444	0.552284	0.0401131	4.71975e-05	1.24777e-05	5.54129e-05	
152	0.0938174	0.084713	0.00910394	4.5839e-07	0.416638	0.376206	0.0404301	2.03568e-06	6.02884e-07	2.67737e-06	
153	0.139444	0.135541	0.0039024	0	0.619265	0.601934	0.0173304	0	0	0	
154	0.103602	0.0976638	0.00593837	2.34068e-07	0.460093	0.43372	0.026372	1.03948e-06	3.1289e-06	1.38953e-05	
155	0.111592	0.0918091	0.019775	8.177e-06	0.495576	0.407719	0.0878199	3.63137e-05	1.70235e-05	7.56009e-05	
156	0.114164	0.0947182	0.0194406	5.84667e-06	0.507	0.420639	0.0863348	2.59648e-05	1.08403e-05	4.81414e-05	
157	0.0890174	0.0883257	0.000691715	0	0.395322	0.39225	0.00307187	0	0	0	
158	0.112115	0.103479	0.00861917	1.62281e-05	0.497898	0.459549	0.0382773	7.20682e-05	2.06615e-05	9.1757e-05	
159	0.10328	0.0992528	0.00402708	4.10234e-07	0.458663	0.440777	0.017884	1.82183e-06	4.89944e-07	2.17581e-06	
160	0.172475	0.155801	0.0166723	1.89781e-06	0.765954	0.691905	0.0740409	8.42811e-06	2.82678e-06	1.25536e-05	
161	0.218595	0.173969	0.0444393	0.000186476	0.970771	0.77259	0.197352	0.000828132	0.000273994	0.00121679	
162	0.123021	0.0942967	0.0286634	6.09402e-05	0.54633	0.418767	0.127293	0.000270632	7.26845e-05	0.000322788	
163	0.0912998	0.0786014	0.0126984	0	0.405458	0.349065	0.056393	0	0	0	
164	0.123848	0.089813	0.0340351	5.49611e-07	0.550006	0.398855	0.151148	2.44079e-06	8.58065e-07	3.81062e-06	
165	0.152331	0.115338	0.0367219	0.000270413	0.676494	0.512213	0.16308	0.00120089	0.000288233	0.00128003	
166	0.101948	0.0975304	0.0044177	0	0.452746	0.433127	0.0196188	0	0	0	
167	0.104477	0.0972264	0.0072404	1.0356e-05	0.463978	0.431778	0.0321543	4.59905e-05	1.03502e-05	4.59649e-05	
168	0.104876	0.098173	0.0066954	8.40145e-06	0.465752	0.435981	0.0297339	3.73104e-05	1.28325e-05	5.69887e-05	
169	0.0982217	0.0948917	0.00332608	3.93102e-06	0.436198	0.421409	0.014771	1.74574e-05	3.92504e-06	1.74309e-05	
170	0.144803	0.10881	0.0352408	0.000752385	0.643065	0.483221	0.156503	0.0033413	0.000968639	0.00430168	
171	0.233716	0.195615	0.0380941	6.10307e-06	1.03792	0.86872	0.169174	2.71034e-05	8.44538e-06	3.75055e-05	
172	0.135856	0.122311	0.0135423	2.34651e-06	0.603332	0.543181	0.0601407	1.04207e-05	2.34612e-06	1.0419e-05	
173	0.189709	0.135885	0.0536093	0.000214642	0.842488	0.603459	0.238076	0.000953216	0.000303674	0.0013486	
174	0.11863	0.113423	0.00520733	0	0.526831	0.503706	0.0231255	0	0	0	
175	0.10805	0.0964089	0.0116411	0	0.479845	0.428147	0.0516979	0	0	0	
176	0.108828	0.094994	0.013756	7.83798e-05	0.483302	0.421864	0.0610898	0.000348081	9.78114e-05	0.000434375	
177	0.192393	0.142033	0.0502278	0.000131939	0.854411	0.630765	0.223059	0.000585936	0.00014089	0.000625686	
178	0.133896	0.106609	0.0272033	8.41767e-05	0.594629	0.473446	0.120808	0.000373824	0.000126293	0.000560862	
179	0.187327	0.140669	0.0463961	0.000261534	0.831911	0.624706	0.206042	0.00116146	0.000387656	0.00172156	
180	0.116275	0.10161	0.0146536	1.12662e-05	0.516373	0.451247	0.0650762	5.00329e-05	1.74493e-05	7.74917e-05	
181	0.132512	0.125553	0.00695748	8.43106e-07	0.58848	0.557578	0.0308978	3.74419e-06	4.13628e-06	1.8369e-05	
182	0.104089	0.0995987	0.00449049	0	0.462255	0.442313	0.019942	0	0	0	
183	0.117029	0.111723	0.005306	0	0.519722	0.496158	0.0235637	0	0	0	
184	0.0942994	0.0881834	0.00611531	6.78761e-07	0.418779	0.391618	0.0271578	3.01434e-06	9.61589e-07	4.27037e-06	
185	0.0966432	0.0827281	0.0139133	1.72747e-06	0.429187	0.367391	0.0617884	7.67164e-06	1.73442e-06	7.7025e-06	
186	0.144805	0.11401	0.0307823	1.1865e-05	0.643072	0.506316	0.136702	5.2692e-05	1.43091e-05	6.3546e-05	
187	0.0889945	0.0884343	0.000560182	0	0.39522	0.392732	0.00248774	0	0	0	
188	0.086136	0.0808227	0.0053047	8.61477e-06	0.382526	0.358929	0.0235579	3.82578e-05	1.06919e-05	4.74824e-05	
189	0.109716	0.102477	0.00723131	7.84359e-06	0.487246	0.455098	0.0321139	3.4833e-05	7.83781e-06	3.48073e-05	
190	0.0708977	0.059485	0.0114126	1.84303e-08	0.314853	0.26417	0.050683	8.18483e-08	8.72109e-08	3.87299e-07	
191	0.327985	0.213727	0.111572	0.00268546	1.45656	0.949155	0.495486	0.011926	0.00290986	0.0129225	
192	0.0732143	0.0731223	9.19939e-05	0	0.325141	0.324732	0.00040854	0	0	0	
193	0.118624	0.118624	0	0	0.526805	0.526805	0	0	0	0	
194	0.159614	0.121294	0.0382753	4.40867e-05	0.708839	0.538664	0.169979	0.000195787	7.41092e-05	0.000329115	
195	0.0899392	0.0887801	0.00115911	0	0.399415	0.394268	0.00514759	0	0	0	
196	0.0895585	0.0895585	0	0	0.397725	0.397725	0	0	0	0	
197	0.077151	0.0561272	0.0209712	5.2504e-05	0.342624	0.249258	0.0931324	0.000233167	0.000129422	0.000574761	
198	0.165583	0.114511	0.0496134	0.00145897	0.735348	0.508538	0.220331	0.00647924	0.00198241	0.00880379	
199	0.135433	0.114548	0.0208844	0	0.601451	0.508704	0.0927469	0	0	0	
200	0.112773	0.0873736	0.0254001	0	0.500822	0.388022	0.1128	0	0	0	
201	0.158839	0.100771	0.0569268	0.0011413	0.705399	0.447521	0.252809	0.00506848	0.00216053	0.00959483	
202	0.106051	0.106051	0	0	0.470968	0.470968	0	0	0	0	
203	0.0965664	0.0946608	0.00190555	0	0.428846	0.420384	0.00846248	0	0	0	
204	0.169736	0.134007	0.0356949	3.39031e-05	0.753793	0.595122	0.158519	0.000150562	4.56402e-05	0.000202686	
205	0.119657	0.0900022	0.0296454	9.49828e-06	0.531391	0.399695	0.131654	4.21814e-05	2.50378e-05	0.000111191	
206	0.176986	0.149562	0.0273992	2.53563e-05	0.78599	0.664198	0.121678	0.000112606	4.19129e-05	0.000186133	
207	0.0603025	0.0519833	0.00831914	0	0.2678	0.230855	0.0369449	0	0	0	
208	0.103281	0.0984228	0.00485794	3.09354e-07	0.458666	0.437091	0.0215739	1.37383e-06	3.77636e-07	1.67706e-06	
209	0.13603	0.095334	0.0406966	0	0.604105	0.423374	0.180731	0	0	0	
210	0.114297	0.113821	0.000475792	0	0.507587	0.505474	0.00211296	0	0	0	
211	0.167757	0.10363	0.0641268	0	0.745003	0.460219	0.284784	0	0	0	
212	0.11662	0.11648	0.000139729	0	0.517906	0.517285	0.000620531	0	0	0	
213	0.236716	0.1648	0.0716113	0.000304475	1.05124	0.731869	0.318022	0.00135216	0.000391752	0.00173975	
214	0.118619	0.115923	0.00269369	2.47024e-06	0.526784	0.514811	0.0119625	1.09702e-05	2.51738e-06	1.11795e-05	
215	0.182471	0.161745	0.0206978	2.83244e-05	0.810346	0.718303	0.0919179	0.000125787	2.97285e-05	0.000132023	
216	0.101066	0.0848831	0.0161761	7.44818e-06	0.448832	0.376961	0.0718374	3.3077e-05	7.49722e-06	3.32948e-05	
217	0.183922	0.141006	0.0423641	0.000551412	0.81679	0.626204	0.188137	0.00244879	0.00059469	0.00264099	
218	0.0977605	0.0972421	0.000518406	0	0.434149	0.431847	0.00230222	0	0	0	
219	0.133935	0.133165	0.000769613	0	0.5948	0.591382	0.00341781	0	0	0	
220	0.0972618	0.0838864	0.0133691	6.24079e-06	0.431934	0.372535	0.0593715	2.7715e-05	1.60879e-05	7.14457e-05	
221	0.107625	0.0939282	0.0136398	5.76991e-05	0.477961	0.41713	0.060574	0.000256239	5.77938e-05	0.000256659	
222	0.0503189	0.0503134	5.55639e-06	0	0.223464	0.223439	2.46756e-05	0	0	0	
223	0.0969884	0.0968444	0.000144061	0	0.430721	0.430081	0.00063977	0	0	0	
224	0.15721	0.145346	0.0118639	0	0.698162	0.645474	0.0526873	0	0	0	
225	0.0841732	0.0783519	0.00577568	4.56423e-05	0.373809	0.347957	0.0256495	0.000202695	5.2283e-05	0.000232186	
226	0.227711	0.225176	0.0025309	3.34153e-06	1.01125	1	0.0112396	1.48396e-05	3.46603e-06	1.53924e-05	
227	0.0849262	0.0823055	0.00261977	9.78742e-07	0.377153	0.365514	0.0116342	4.34655e-06	9.88538e-07	4.39005e-06	
228	0.0904762	0.0793827	0.0110349	5.84981e-05	0.4018	0.352534	0.0490058	0.000259787	5.84927e-05	0.000259763	
229	0.12523	0.123942	0.00128854	0	0.556143	0.55042	0.00572234	0	0	0	
230	0.106988	0.106622	0.000366497	8.52273e-08	0.475132	0.473504	0.00162759	3.7849e-07	8.17946e-08	3.63246e-07	
231	0.0921692	0.0920538	0.00011538	0	0.409319	0.408806	0.000512397	0	0	0	
232	0.0849679	0.0751045	0.00986344	0	0.377338	0.333535	0.043803	0	0	0	
233	0.0784138	0.0781504	0.000263447	0	0.348232	0.347062	0.00116995	0	0	0	
234	0.1044	0.104331	6.89779e-05	0	0.463636	0.463329	0.000306327	0	0	0	
235	0.136284	0.136284	0	0	0.605233	0.605233	0	0	0	0	
236	0.0689993	0.066187	0.00281225	5.86046e-09	0.306422	0.293933	0.012489	2.6026e-08	1.74831e-06	7.76418e-06	
237	0.0476242	0.0473826	0.000241661	0	0.211497	0.210423	0.0010732	0	0	0	
238	0.0897059	0.0895285	0.00017738	0	0.398379	0.397592	0.000787738	0	0	0	
239	0.149846	0.122018	0.0277694	5.78841e-05	0.665459	0.541879	0.123322	0.00025706	5.88082e-05	0.000261164	
240	0.0918932	0.0907066	0.00118659	0	0.408093	0.402824	0.00526963	0	0	0	
241	0.149631	0.11864	0.0309461	4.48842e-05	0.664504	0.526874	0.13743	0.000199328	4.65273e-05	0.000206625	
242	0.0856308	0.0856072	2.36017e-05	0	0.380282	0.380177	0.000104814	0	0	0	
243	0.0861733	0.0861733	0	0	0.382691	0.382691	0	0	0	0	
244	0.0890832	0.0888813	0.000201946	0	0.395614	0.394717	0.000896833	0	0	0	
245	0.124023	0.0952899	0.027983	0.000750911	0.550784	0.423178	0.124271	0.00333475	0.000755653	0.00335581	
246	0.100647	0.0896868	0.0109607	0	0.44697	0.398294	0.048676	0	0	0	
247	0.112498	0.107364	0.00509684	3.71945e-05	0.499601	0.476801	0.0226348	0.000165179	3.89715e-05	0.00017307	
248	0.0837373	0.0837373	0	0	0.371873	0.371873	0	0	0	0	
249	0.070778	0.0701277	0.0006503	0	0.314321	0.311433	0.00288795	0	0	0	
250	0.068548	0.066766	0.00177489	7.10065e-06	0.304418	0.296504	0.0078822	3.15336e-05	7.09478e-06	3.15076e-05	
251	0.120424	0.109463	0.0109607	0	0.534799	0.486123	0.048676	0	0	0	
252	0.0759656	0.0693983	0.00653083	3.65432e-05	0.337359	0.308194	0.0290031	0.000162287	3.89064e-05	0.000172781	
253	0.0981489	0.0979862	0.000162705	0	0.435874	0.435152	0.000722568	0	0	0	
254	0.077913	0.0778041	0.000108882	0	0.346007	0.345524	0.000483543	0	0	0	
255	0.0868775	0.0868775	0	0	0.385818	0.385818	0	0	0	0	
256	0.100222	0.0968862	0.00333627	0	0.445083	0.430266	0.0148162	0	0	0	
257	0.0897094	0.0889543	0.000755144	0	0.398395	0.395041	0.00335355	0	0	0	
258	0.102531	0.096362	0.00614107	2.84719e-05	0.455338	0.427939	0.0272722	0.000126442	4.49937e-05	0.000199814	
259	0.0541701	0.0453477	0.00869561	0.00012683	0.240567	0.201386	0.0386168	0.00056325	0.000171359	0.000760998	
260	0.0433795	0.0418179	0.00156158	0	0.192646	0.185711	0.00693494	0	0	0	
261	0.111	0.110058	0.000942438	4.62884e-07	0.49295	0.488762	0.00418532	2.05564e-06	4.572e-07	2.0304e-06	
262	0.115027	0.111295	0.00373196	0	0.510832	0.494259	0.0165734	0	0	0	
263	0.0576643	0.0438372	0.0138271	0	0.256084	0.194678	0.0614057	0	0	0	
264	0.190207	0.140208	0.0496427	0.000356542	0.844701	0.622657	0.22046	0.00158338	0.00056973	0.00253014	
265	0.0504908	0.0434334	0.00705546	1.91473e-06	0.224227	0.192885	0.0313329	8.50325e-06	5.72018e-06	2.5403e-05	
266	0.084909	0.0835644	0.00134213	2.45922e-06	0.377077	0.371105	0.00596037	1.09213e-05	2.45334e-06	1.08951e-05	
267	0.0472379	0.0456347	0.00160177	1.42846e-06	0.209781	0.202661	0.00711341	6.34373e-06	1.42261e-06	6.31776e-06	
268	0.0853286	0.0853286	0	0	0.37894	0.37894	0	0	0	0	
269	0.206925	0.205153	0.0017712	6.8532e-07	0.918944	0.911075	0.00786582	3.04347e-06	7.39159e-07	3.28257e-06	
270	0.107625	0.107516	0.000108882	0	0.477958	0.477474	0.000483543	0	0	0	
271	0.084724	0.084724	0	0	0.376255	0.376255	0	0	0	0	
272	0.103799	0.103799	0	0	0.460969	0.460969	0	0	0	0	
273	0.114423	0.0917483	0.0223596	0.000315479	0.508149	0.40745	0.0992979	0.00140102	0.000389621	0.00173028	
274	0.10306	0.0943915	0.00866829	5.27076e-07	0.457686	0.419188	0.0384954	2.34071e-06	9.80853e-07	4.35592e-06	
275	0.118298	0.111323	0.00692213	5.28765e-05	0.525356	0.49438	0.0307408	0.000234822	5.39924e-05	0.000239777	
276	0.0910061	0.0898704	0.00113568	0	0.404153	0.39911	0.00504351	0	0	0	
277	0.104557	0.104136	0.00042046	0	0.464332	0.462465	0.00186724	0	0	0	
278	0.175447	0.148095	0.0272243	0.000127879	0.779155	0.657686	0.120901	0.000567906	0.000225009	0.000999256	
279	0.0776228	0.077094	0.000528801	0	0.344719	0.34237	0.00234838	0	0	0	
280	0.134607	0.121462	0.0131447	0	0.597784	0.539409	0.0583753	0	0	0	
281	0.122492	0.0951837	0.0272383	7.00645e-05	0.543981	0.422706	0.120964	0.000311153	0.00010793	0.000479312	
282	0.0839776	0.0812859	0.00269168	0	0.37294	0.360986	0.0119536	0	0	0	
283	0.104677	0.0911964	0.0134405	4.08224e-05	0.464869	0.404999	0.0596886	0.00018129	6.38036e-05	0.000283348	
284	0.132694	0.110689	0.0219242	8.04469e-05	0.589288	0.491567	0.0973646	0.00035726	8.94013e-05	0.000397026	
285	0.100238	0.0872893	0.0129488	0	0.445153	0.387648	0.057505	0	0	0	
286	0.1247	0.082131	0.0424524	0.000116558	0.553786	0.36474	0.188529	0.000517628	0.000170461	0.000757013	
287	0.0721173	0.0654261	0.00669119	0	0.320269	0.290554	0.0297152	0	0	0	
288	0.205078	0.140581	0.0632678	0.00122906	0.910744	0.624317	0.280969	0.00545819	0.00152839	0.00678753	
289	0.0656717	0.0656717	0	0	0.291645	0.291645	0	0	0	0	
290	0.0707656	0.069032	0.00173355	0	0.314266	0.306568	0.00769864	0	0	0	
291	0.176463	0.137253	0.0390295	0.000179623	0.783663	0.609537	0.173328	0.000797701	0.000430501	0.00191183	
292	0.141283	0.116737	0.0242712	0.000275187	0.627433	0.518423	0.107787	0.00122209	0.000280316	0.00124487	
293	0.0687473	0.0475985	0.0211488	0	0.305303	0.211382	0.0939208	0	0	0	
294	0.0673376	0.0610315	0.00630602	0	0.299043	0.271038	0.0280047	0	0	0	
295	0.169498	0.152252	0.0171736	7.20798e-05	0.752735	0.676147	0.0762674	0.000320103	0.000129537	0.000575269	
296	0.118372	0.118372	0	0	0.525688	0.525688	0	0	0	0	
297	0.168266	0.146674	0.021555	3.73542e-05	0.747265	0.651374	0.0957247	0.000165888	5.35183e-05	0.000237672	
298	0.106292	0.0908927	0.0153161	8.32715e-05	0.472038	0.40365	0.0680182	0.000369804	0.000100298	0.00044542	
299	0.0963657	0.0794668	0.0168815	1.73525e-05	0.427955	0.352908	0.0749703	7.7062e-05	2.15563e-05	9.57306e-05	
300	0.078527	0.0767934	0.00173355	0	0.348734	0.341036	0.00769864	0	0	0	
301	0.0659995	0.0622771	0.00370626	1.61161e-05	0.2931	0.27657	0.0164593	7.15709e-05	1.92888e-05	8.56608e-05	
302	0.0707404	0.0693921	0.00134825	0	0.314154	0.308167	0.00598754	0	0	0	
303	0.135272	0.105878	0.0292564	0.000137134	0.600737	0.470201	0.129926	0.000609009	0.000179134	0.000795529	
304	0.0955092	0.0955092	0	0	0.424151	0.424151	0	0	0	0	
305	0.0491803	0.0412989	0.00787279	8.57513e-06	0.218407	0.183406	0.0349627	3.80817e-05	9.6406e-06	4.28134e-05	
306	0.0608865	0.0529678	0.00791872	0	0.270394	0.235227	0.0351666	0	0	0	
307	0.090511	0.0873602	0.00315078	0	0.401955	0.387962	0.0139924	0	0	0	
308	0.0909149	0.0755759	0.0153225	1.64202e-05	0.403749	0.335629	0.0680469	7.29213e-05	1.70338e-05	7.56465e-05	
309	0.119576	0.11084	0.00865897	7.78114e-05	0.531035	0.492235	0.038454	0.000345556	8.06311e-05	0.000358078	
310	0.15257	0.143434	0.00913254	4.07721e-06	0.67756	0.636985	0.0405572	1.81066e-05	4.64779e-06	2.06406e-05	
311	0.0773485	0.0739939	0.00332768	2.68796e-05	0.3435	0.328603	0.014778	0.000119371	2.71592e-05	0.000120612	
312	0.143079	0.095906	0.0468757	0.00029769	0.635408	0.425913	0.208173	0.00132202	0.000370522	0.00164547	
313	0.10069	0.0934937	0.00719714	0	0.447163	0.415201	0.0319621	0	0	0	
314	0.0784585	0.0773309	0.00112759	0	0.34843	0.343423	0.00500758	0	0	0	
315	0.109408	0.0950423	0.0143009	6.53283e-05	0.485878	0.422078	0.06351	0.00029012	0.000101563	0.00045104	
316	0.0716407	0.0706533	0.000987453	0	0.318153	0.313767	0.00438523	0	0	0	
317	0.119991	0.0768193	0.0430561	0.000116093	0.532876	0.341151	0.19121	0.000515564	0.000173304	0.000769637	
318	0.184069	0.122363	0.0617045	1.47719e-06	0.817442	0.543408	0.274027	6.56015e-06	1.46993e-06	6.52791e-06	
319	0.232967	0.143687	0.0865146	0.00276543	1.03459	0.638109	0.384207	0.0122811	0.00328302	0.0145797	
320	0.0854365	0.0761491	0.00926719	2.0209e-05	0.379419	0.338174	0.0411551	8.97474e-05	3.62274e-05	0.000160884	
321	0.128792	0.0988839	0.0295024	0.000406397	0.571962	0.439138	0.131018	0.00180479	0.000441576	0.00196101	
322	0.135471	0.0788631	0.0561648	0.000443631	0.601623	0.350227	0.249425	0.00197014	0.000761979	0.00338391	
323	0.0966447	0.0949382	0.00170646	0	0.429194	0.421616	0.00757834	0	0	0	
324	0.126294	0.125308	0.000986118	0	0.560868	0.556488	0.0043793	0	0	0	
325	0.0909441	0.0903093	0.000634788	0	0.403878	0.401059	0.00281906	0	0	0	
326	0.0722888	0.0711365	0.00115233	0	0.321031	0.315913	0.00511747	0	0	0	
327	0.0808991	0.0752086	0.00569049	0	0.359269	0.333998	0.0252711	0	0	0	
328	0.0910062	0.0907993	0.000206857	0	0.404154	0.403235	0.000918646	0	0	0	
329	0.105431	0.0915607	0.0137542	0.000116596	0.468216	0.406616	0.061082	0.000517799	0.000147586	0.000655422	
330	0.148816	0.0883655	0.0584379	0.002013	0.660886	0.392427	0.259519	0.00893968	0.00247495	0.0109911	
331	0.125309	0.116972	0.00828421	5.35276e-05	0.556495	0.519467	0.0367897	0.000237713	6.05547e-05	0.00026892	
332	0.112469	0.0964577	0.0159521	5.95644e-05	0.499471	0.428364	0.0708426	0.000264522	9.09213e-05	0.000403777	
333	0.118867	0.0985387	0.0203286	0	0.527884	0.437605	0.0902783	0	0	0	
334	0.133647	0.0885078	0.0449761	0.000163754	0.593523	0.393059	0.199736	0.000727223	0.000227241	0.00100916	
335	0.0819914	0.0805249	0.00146644	0	0.364119	0.357607	0.00651241	0	0	0	
336	0.107961	0.0895141	0.0180747	0.000372303	0.47945	0.397527	0.0802692	0.00165338	0.000549078	0.00243843	
337	0.117413	0.111918	0.00545704	3.88566e-05	0.521429	0.497022	0.0242344	0.00017256	3.96842e-05	0.000176236	
338	0.118109	0.101766	0.0162135	0.000129995	0.52452	0.451939	0.0720033	0.000577302	0.000136423	0.000605849	
339	0.0824742	0.0771044	0.00534981	1.99211e-05	0.366263	0.342417	0.0237582	8.8469e-05	2.11378e-05	9.38723e-05	
340	0.104704	0.0836417	0.0210443	1.84089e-05	0.464987	0.371449	0.0934567	8.17534e-05	5.45723e-05	0.000242353	
341	0.106316	0.104417	0.00189814	5.04804e-07	0.472145	0.463714	0.00842955	2.24181e-06	5.09881e-07	2.26435e-06	
342	0.107989	0.0754608	0.0325288	0	0.479576	0.335117	0.144458	0	0	0	
343	0.141881	0.0883231	0.0519199	0.00163866	0.63009	0.392238	0.230573	0.00727721	0.00299605	0.0133053	
344	0.083119	0.0825688	0.000550165	0	0.369127	0.366684	0.00244326	0	0	0	
345	0.123939	0.0951893	0.0285357	0.000214934	0.550411	0.422731	0.126725	0.000954515	0.000247174	0.00109769	
346	0.140325	0.0983784	0.0410874	0.000859718	0.623179	0.436893	0.182467	0.00381796	0.00109804	0.00487638	
347	0.0965405	0.0755803	0.0207176	0.000242566	0.428731	0.335648	0.0920058	0.00107722	0.000305998	0.00135892	
348	0.0992595	0.0838352	0.0153775	4.68137e-05	0.440806	0.372308	0.0682907	0.000207897	6.87219e-05	0.00030519	
349	0.0784453	0.0722969	0.00613647	1.19411e-05	0.348372	0.321067	0.0272517	5.30302e-05	1.42008e-05	6.30652e-05	
350	0.132061	0.0761893	0.0551344	0.000737945	0.586479	0.338353	0.244849	0.00327717	0.000893681	0.00396879	
351	0.14357	0.0938222	0.0491938	0.000554369	0.637589	0.41666	0.218467	0.00246192	0.000736299	0.00326987	
352	0.131724	0.0818485	0.0498354	4.01126e-05	0.58498	0.363485	0.221316	0.000178138	5.89286e-05	0.000261699	
353	0.0916131	0.0780635	0.0134933	5.62623e-05	0.406849	0.346676	0.0599232	0.000249858	5.85672e-05	0.000260094	
354	0.0856326	0.079282	0.00629389	5.6719e-05	0.38029	0.352087	0.0279508	0.000251886	6.19702e-05	0.000275206	
355	0.0856206	0.083544	0.00207661	0	0.380237	0.371014	0.00922214	0	0	0	
356	0.120464	0.10895	0.0114349	7.89915e-05	0.534977	0.483844	0.050782	0.000350797	8.03424e-05	0.000356797	
357	0.208899	0.108143	0.0953538	0.00540189	0.927711	0.480259	0.423461	0.0239895	0.00731498	0.0324854	
358	0.164778	0.0979424	0.0655563	0.00127929	0.731771	0.434957	0.291132	0.00568128	0.00370665	0.016461	
359	0.105264	0.0782592	0.0267453	0.000260162	0.467475	0.347545	0.118774	0.00115536	0.000543972	0.00241575	
360	0.102682	0.0966996	0.00598188	1.42968e-06	0.45601	0.429438	0.0265652	6.34915e-06	3.93104e-06	1.74576e-05	
361	0.0470283	0.0470283	0	0	0.20885	0.20885	0	0	0	0	
362	0.104397	0.0871275	0.0172125	5.74444e-05	0.463624	0.386929	0.0764402	0.000255108	6.18513e-05	0.000274678	
363	0.0491674	0.0491188	4.85252e-05	0	0.21835	0.218134	0.000215498	0	0	0	
364	0.124115	0.113471	0.0106308	1.28976e-05	0.551192	0.503923	0.0472112	5.72778e-05	1.52012e-05	6.75081e-05	
365	0.0821165	0.0792686	0.00284522	2.66799e-06	0.364675	0.352028	0.0126355	1.18484e-05	2.91995e-06	1.29673e-05	
366	0.107828	0.0915088	0.0162174	0.000102467	0.478862	0.406386	0.0720209	0.000455054	0.000150316	0.000667548	
367	0.128136	0.105053	0.0229523	0.000130202	0.569047	0.466538	0.10193	0.000578225	0.000192924	0.00085677	
368	0.0797847	0.0755945	0.00417942	1.0799e-05	0.35432	0.335711	0.0185606	4.79578e-05	1.33769e-05	5.94064e-05	
369	0.0830326	0.0801197	0.00291287	0	0.368744	0.355808	0.0129359	0	0	0	
370	0.115123	0.0914255	0.0234592	0.000238691	0.511257	0.406016	0.104181	0.00106001	0.000312569	0.0013881	
371	0.11823	0.0791386	0.0388561	0.000235664	0.525055	0.35145	0.172558	0.00104657	0.000243499	0.00108136	
372	0.107293	0.078861	0.0282815	0.000151275	0.476486	0.350217	0.125597	0.000671808	0.00015698	0.000697143	
373	0.0839785	0.0790161	0.00494293	1.95406e-05	0.372944	0.350906	0.0219513	8.67792e-05	3.09834e-05	0.000137595	
374	0.208239	0.103684	0.0943554	0.0101991	0.924781	0.460459	0.419027	0.0452941	0.0198797	0.0882848	
375	0.143375	0.126828	0.0164589	8.81461e-05	0.636722	0.563238	0.0730933	0.000391452	9.43296e-05	0.000418913	
376	0.0998497	0.0986468	0.00120199	8.74237e-07	0.443427	0.438086	0.00533798	3.88244e-06	9.35221e-07	4.15327e-06	
377	0.110088	0.0998278	0.0102382	2.27967e-05	0.488899	0.44333	0.0454677	0.000101239	3.51851e-05	0.000156255	
378	0.126368	0.103438	0.022814	0.000115687	0.561195	0.459365	0.101316	0.000513763	0.000143194	0.00063592	
379	0.102988	0.0765188	0.0263756	9.36348e-05	0.457365	0.339816	0.117132	0.000415827	9.73297e-05	0.000432236	
380	0.117763	0.0821957	0.0354705	9.74418e-05	0.522983	0.365027	0.157523	0.000432734	0.000100089	0.000444493	
381	0.0958481	0.0795834	0.0162036	6.10284e-05	0.425657	0.353426	0.0719597	0.000271024	9.65969e-05	0.000428982	
382	0.106178	0.103756	0.00242212	5.45363e-07	0.471535	0.460776	0.0107565	2.42193e-06	6.48694e-07	2.88082e-06	
383	0.0789602	0.0757103	0.00324981	0	0.350658	0.336226	0.0144322	0	0	0	
384	0.0970426	0.0901406	0.00690195	0	0.430961	0.40031	0.0306512	0	0	0	
385	0.125093	0.107027	0.0179994	6.58425e-05	0.555532	0.475305	0.0799345	0.000292403	0.000139051	0.000617519	
386	0.0989994	0.0793882	0.0192927	0.000318505	0.439651	0.352559	0.085678	0.00141446	0.000436063	0.00193653	
387	0.0931361	0.0839788	0.00906771	8.96459e-05	0.413613	0.372945	0.0402692	0.000398113	9.4377e-05	0.000419124	
388	0.0833512	0.0767519	0.00655534	4.39569e-05	0.370158	0.340851	0.0291119	0.00019521	4.39511e-05	0.000195184	
389	0.131275	0.11085	0.0204234	1.57062e-06	0.582988	0.492282	0.0906995	6.97508e-06	1.56518e-06	6.9509e-06	
390	0.0823809	0.0741461	0.00821574	1.90668e-05	0.365849	0.329279	0.0364857	8.46748e-05	2.5562e-05	0.000113519	
391	0.0956682	0.0909998	0.00466838	0	0.424858	0.404126	0.020732	0	0	0	
392	0.105566	0.0497001	0.0548683	0.000997587	0.468813	0.220715	0.243667	0.00443023	0.00128891	0.00572399	
393	0.085293	0.0806729	0.00461566	4.42477e-06	0.378782	0.358264	0.0204979	1.96502e-05	4.41892e-06	1.96242e-05	
394	0.0966835	0.0923713	0.00431223	0	0.429367	0.410216	0.0191504	0	0	0	
395	0.153238	0.137905	0.01529	4.30332e-05	0.680523	0.61243	0.0679022	0.000191108	4.31825e-05	0.000191771	
396	0.114741	0.0589883	0.0550113	0.000741836	0.509561	0.261964	0.244302	0.00329446	0.000741829	0.00329442	
397	0.135223	0.101054	0.0335651	0.000603601	0.60052	0.448779	0.149061	0.00268056	0.000979516	0.00434998	
398	0.0913844	0.0909295	0.000454841	0	0.405833	0.403813	0.00201992	0	0	0	
399	0.0788009	0.0783234	0.000477528	0	0.349951	0.34783	0.00212067	0	0	0	
400	0.148054	0.12873	0.0193205	4.19013e-06	0.657504	0.571684	0.0858016	1.86081e-05	1.14406e-05	5.08072e-05	
401	0.103525	0.100377	0.00314758	0	0.45975	0.445771	0.0139782	0	0	0	
402	0.105025	0.0831927	0.0218164	1.5874e-05	0.466411	0.369455	0.0968859	7.04957e-05	1.77877e-05	7.89943e-05	
403	0.112768	0.0885964	0.0240492	0.000122439	0.500797	0.393452	0.106801	0.000543746	0.000144132	0.000640084	
404	0.107222	0.0985343	0.00867532	1.31916e-05	0.476171	0.437586	0.0385267	5.85833e-05	1.31856e-05	5.85569e-05	
405	0.10694	0.10694	0	0	0.474916	0.474916	0	0	0	0	
406	0.187696	0.176492	0.0112007	3.70054e-06	0.833551	0.783793	0.0497418	1.64339e-05	3.78411e-06	1.6805e-05	
407	0.120121	0.0852956	0.0337656	0.00106003	0.533453	0.378793	0.149951	0.00470758	0.00123434	0.00548164	
408	0.129935	0.127381	0.00255452	0	0.577037	0.565693	0.0113445	0	0	0	
409	0.0948569	0.0917935	0.00306348	0	0.421255	0.40765	0.0136047	0	0	0	
410	0.106814	0.0877584	0.0188987	0.000157683	0.474359	0.389731	0.0839282	0.000700264	0.000163946	0.000728078	
411	0.134204	0.117277	0.0169267	1.66156e-07	0.595996	0.520825	0.0751706	7.37892e-07	1.73895e-07	7.72262e-07	
412	0.151134	0.122175	0.0289233	3.55875e-05	0.67118	0.542575	0.128447	0.000158042	4.10127e-05	0.000182135	
413	0.0938485	0.0915782	0.00227031	6.63901e-08	0.416777	0.406694	0.0100823	2.94835e-07	1.28441e-07	5.70403e-07	
414	0.147052	0.112603	0.0343613	8.71514e-05	0.653052	0.500068	0.152597	0.000387035	9.13803e-05	0.000405815	
415	0.0983072	0.0920045	0.00630272	0	0.436577	0.408587	0.02799	0	0	0	
416	0.127435	0.106163	0.0212628	9.50441e-06	0.565936	0.471466	0.0944274	4.22086e-05	9.50082e-06	4.21926e-05	
417	0.104238	0.0958197	0.00841894	0	0.462918	0.42553	0.0373881	0	0	0	
418	0.0809265	0.0769724	0.00395412	0	0.35939	0.34183	0.01756	0	0	0	
419	0.137292	0.102197	0.0350919	2.20826e-06	0.609707	0.453856	0.155841	9.80677e-06	7.59339e-06	3.37219e-05	
420	0.084183	0.0838111	0.000371866	0	0.373852	0.372201	0.00165144	0	0	0	
421	0.0880057	0.0862112	0.00179453	0	0.390829	0.382859	0.00796943	0	0	0	
422	0.104558	0.0810995	0.0231182	0.000340852	0.464339	0.360158	0.102666	0.0015137	0.000348996	0.00154987	
423	0.0618017	0.0560605	0.00573467	6.53829e-06	0.274458	0.248962	0.0254674	2.90362e-05	8.59433e-06	3.8167e-05	
424	0.110762	0.110706	5.55739e-05	0	0.49189	0.491644	0.000246801	0	0	0	
425	0.0752205	0.0696619	0.00552717	3.14611e-05	0.33405	0.309365	0.0245458	0.000139717	3.23638e-05	0.000143726	
426	0.112919	0.109207	0.00370557	7.05898e-06	0.50147	0.484983	0.0164562	3.13486e-05	8.45913e-06	3.75665e-05	
427	0.0938008	0.0906163	0.00316162	2.28956e-05	0.416565	0.402422	0.0140406	0.000101678	2.53251e-05	0.000112467	
428	0.0950372	0.094197	0.000839724	4.23233e-07	0.422055	0.418324	0.00372917	1.87955e-06	7.83001e-07	3.47727e-06	
429	0.121749	0.0883637	0.0333793	6.00358e-06	0.540681	0.392418	0.148236	2.66616e-05	6.00924e-06	2.66867e-05	
430	0.229387	0.212715	0.0166715	7.90263e-07	1.01869	0.944658	0.0740376	3.50952e-06	8.58471e-07	3.81243e-06	
431	0.171183	0.166605	0.00457853	0	0.760219	0.739886	0.020333	0	0	0	
432	0.124723	0.112361	0.0123577	4.03498e-06	0.55389	0.498992	0.05488	1.79191e-05	4.75088e-06	2.10984e-05	
433	0.109051	0.0987343	0.0101335	0.000183647	0.484292	0.438474	0.0450025	0.000815571	0.000188312	0.000836287	
434	0.0847663	0.0807211	0.00404156	3.57545e-06	0.376443	0.358478	0.0179484	1.58784e-05	6.00713e-06	2.66774e-05	
435	0.204079	0.152357	0.0514512	0.000271369	0.906308	0.676611	0.228492	0.00120513	0.000403765	0.0017931	
436	0.117561	0.0863059	0.0310143	0.000241377	0.522085	0.38328	0.137733	0.00107194	0.000385713	0.00171293	
437	0.141021	0.0863554	0.0533081	0.00135758	0.626268	0.3835	0.236738	0.00602896	0.00238325	0.0105839	
438	0.17272	0.130691	0.0417913	0.000238092	0.767043	0.580392	0.185593	0.00105735	0.000308896	0.00137179	
439	0.144904	0.127357	0.0174818	6.56094e-05	0.643515	0.565588	0.0776362	0.000291368	8.32053e-05	0.000369511	
440	0.0837756	0.0803325	0.00343312	9.91505e-06	0.372043	0.356753	0.0152463	4.40322e-05	1.01917e-05	4.5261e-05	
441	0.0694865	0.0677915	0.00169318	1.8831e-06	0.308586	0.301058	0.00751935	8.36276e-06	1.9472e-06	8.64742e-06	
442	0.141109	0.0951487	0.0439175	0.00204355	0.626662	0.42255	0.195035	0.00907531	0.00256884	0.011408	
443	0.167629	0.138272	0.0291802	0.000176161	0.744433	0.614062	0.129587	0.000782323	0.000389707	0.00173067	
444	0.124357	0.108208	0.0161343	1.47268e-05	0.552264	0.480546	0.071652	6.54012e-05	2.58631e-05	0.000114857	
445	0.109931	0.0884234	0.0214336	7.47485e-05	0.488202	0.392684	0.095186	0.000331954	0.000100455	0.00044612	
446	0.150677	0.0909227	0.0593548	0.000399691	0.66915	0.403783	0.263591	0.00177501	0.000864043	0.00383717	
447	0.153986	0.122267	0.0317191	9.2986e-08	0.683847	0.542984	0.140863	4.12946e-07	1.39418e-06	6.1915e-06	
448	0.0439932	0.0376433	0.00633339	1.65179e-05	0.195372	0.167172	0.0281262	7.33554e-05	2.08732e-05	9.2697e-05	
449	0.2867	0.154568	0.131868	0.000263644	1.27322	0.686431	0.585622	0.00117083	0.000510018	0.00226496	
450	0.0862634	0.0796178	0.00664559	0	0.383091	0.353579	0.0295127	0	0	0	
451	0.128794	0.120509	0.00827392	1.09418e-05	0.571968	0.535176	0.0367441	4.85924e-05	1.89755e-05	8.42693e-05	
452	0.175466	0.100288	0.0729751	0.00220264	0.779238	0.445377	0.324079	0.00978183	0.00281344	0.0124943	
453	0.112363	0.0958003	0.0164999	6.30403e-05	0.499	0.425444	0.0732756	0.000279959	7.18903e-05	0.000319261	
454	0.125748	0.0893764	0.0363721	0	0.558443	0.396916	0.161526	0	0	0	
455	0.157314	0.105317	0.0511584	0.000838032	0.698624	0.46771	0.227192	0.00372166	0.00113837	0.00505546	
456	0.147404	0.112155	0.0347826	0.000465946	0.654614	0.498076	0.154468	0.00206924	0.000515906	0.00229111	
457	0.118135	0.100793	0.0173417	0	0.524633	0.447619	0.0770139	0	0	0	
458	0.0953236	0.0791172	0.0162058	4.8192e-07	0.423327	0.351356	0.0719695	2.14018e-06	3.00479e-06	1.33441e-05	
459	0.0988632	0.0891209	0.00973277	9.53071e-06	0.439047	0.395781	0.0432227	4.23254e-05	1.23866e-05	5.50083e-05	
460	0.154894	0.0855672	0.0693167	1.02001e-05	0.687877	0.38	0.307832	4.52985e-05	1.59787e-05	7.09606e-05	
461	0.159502	0.0857399	0.0736897	7.25463e-05	0.708341	0.380766	0.327252	0.000322175	0.000434371	0.00192902	
462	0.119769	0.100242	0.0195035	2.32745e-05	0.53189	0.445172	0.0866145	0.00010336	3.04962e-05	0.000135432	
463	0.129024	0.119792	0.00923195	1.82966e-07	0.572991	0.531992	0.0409986	8.12543e-07	1.85744e-07	8.24882e-07	
464	0.08433	0.0691603	0.0151395	3.01698e-05	0.374505	0.307137	0.067234	0.000133982	4.69555e-05	0.000208527	
465	0.0847311	0.0828873	0.00184382	0	0.376286	0.368098	0.00818834	0	0	0	
466	0.173727	0.11021	0.0628924	0.000623659	0.771513	0.489441	0.279302	0.00276964	0.000846816	0.00376067	
467	0.103127	0.0799773	0.0228709	0.00027889	0.457982	0.355175	0.101568	0.00123853	0.000353026	0.00156777	
468	0.107238	0.101802	0.00543553	2.71673e-07	0.476241	0.452101	0.0241389	1.20648e-06	5.32687e-07	2.36564e-06	
469	0.0769832	0.0769832	0	0	0.341879	0.341879	0	0	0	0	
470	0.101716	0.0951649	0.00654591	6.06217e-06	0.45172	0.422623	0.02907	2.69218e-05	7.98516e-06	3.54617e-05	
471	0.114763	0.0792332	0.0355307	0	0.509661	0.351871	0.15779	0	0	0	
472	0.129307	0.0894103	0.0377633	0.00213407	0.574249	0.397067	0.167705	0.00947732	0.00292931	0.0130089	
473	0.159788	0.0994524	0.0585159	0.00182055	0.709614	0.441663	0.259866	0.00808501	0.00413299	0.0183544	
474	0.109706	0.0771533	0.0325535	0	0.487203	0.342634	0.144568	0	0	0	
475	0.130087	0.11356	0.0165105	1.64831e-05	0.577711	0.504315	0.0733224	7.32007e-05	1.66127e-05	7.37762e-05	
476	0.165052	0.112997	0.0520547	0	0.73299	0.501817	0.231172	0	0	0	
477	0.124787	0.0972615	0.0273953	0.000130926	0.554176	0.431933	0.121661	0.000581437	0.000200412	0.000890022	
478	0.0910462	0.0791041	0.0119019	4.01591e-05	0.404332	0.351297	0.052856	0.000178344	5.63649e-05	0.000250314	
479	0.102095	0.0979493	0.00413489	1.1208e-05	0.453401	0.434988	0.0183628	4.97744e-05	1.12021e-05	4.97484e-05	
480	0.138435	0.0978459	0.040543	4.62761e-05	0.614784	0.434529	0.180049	0.00020551	9.6546e-05	0.000428756	
481	0.0880254	0.0760895	0.0119359	0	0.390916	0.337909	0.053007	0	0	0	
482	0.138053	0.106049	0.0319321	7.19902e-05	0.61309	0.470961	0.141809	0.000319705	9.65596e-05	0.000428816	
483	0.11012	0.0927056	0.0174129	1.77737e-06	0.489039	0.411701	0.0773301	7.89321e-06	3.4785e-06	1.54478e-05	
484	0.166641	0.116951	0.0490838	0.0006061	0.740047	0.519376	0.217979	0.00269166	0.000918084	0.00407717	
485	0.119384	0.0950886	0.0241359	0.000160194	0.530182	0.422283	0.107186	0.000711416	0.000202818	0.000900706	
486	0.0822864	0.0801078	0.00217864	0	0.36543	0.355754	0.00967525	0	0	0	
487	0.102245	0.0999295	0.00231597	0	0.454067	0.443782	0.0102851	0	0	0	
488	0.134843	0.0956232	0.0391224	9.77594e-05	0.598833	0.424658	0.17374	0.000434145	0.00017683	0.000785297	
489	0.146187	0.098284	0.0478057	9.77001e-05	0.649211	0.436474	0.212302	0.000433881	0.000106407	0.00047255	
490	0.0946596	0.0908672	0.00379235	0	0.420378	0.403537	0.0168416	0	0	0	
491	0.0948135	0.0783625	0.0164509	0	0.421062	0.348004	0.0730576	0	0	0	
492	0.139537	0.0971163	0.0421689	0.00025177	0.619677	0.431289	0.18727	0.00111809	0.000371338	0.00164909	
493	0.184401	0.111812	0.0725702	1.85956e-05	0.818917	0.496553	0.322281	8.25824e-05	3.26974e-05	0.000145207	
494	0.192677	0.117217	0.0751546	0.000305357	0.85567	0.520556	0.333758	0.00135607	0.000341677	0.00151737	
495	0.088697	0.0839997	0.0046972	4.17665e-08	0.393899	0.373038	0.02086	1.85483e-07	2.15712e-07	9.5797e-07	
496	0.1011	0.0898004	0.0110901	0.000210089	0.448983	0.398799	0.049251	0.000932997	0.000215333	0.000956286	
497	0.120554	0.0776326	0.0428184	0.000103409	0.535376	0.344762	0.190154	0.000459234	0.000232131	0.00103088	
498	0.169131	0.13364	0.0353429	0.000147755	0.751103	0.59349	0.156956	0.000656174	0.000178785	0.000793979	
499	0.158546	0.158091	0.00045463	7.1407e-08	0.704096	0.702076	0.00201899	3.17115e-07	7.42645e-08	3.29805e-07	
500	0.143122	0.0808063	0.061861	0.000455	0.635599	0.358857	0.274722	0.00202063	0.000752891	0.00334355	
501	0.1565	0.108505	0.0479692	2.61383e-05	0.695011	0.481866	0.213029	0.000116079	3.03563e-05	0.000134811	
502	0.0924735	0.0909902	0.00148339	0	0.41067	0.404083	0.00658768	0	0	0	
503	0.110347	0.103058	0.00728463	4.07069e-06	0.490047	0.457678	0.0323507	1.80777e-05	4.06481e-06	1.80516e-05	
504	0.121975	0.119404	0.00256545	5.06052e-06	0.541686	0.53027	0.011393	2.24735e-05	5.44694e-06	2.41896e-05	
505	0.0724634	0.0686975	0.00376506	7.96044e-07	0.321806	0.305082	0.0167204	3.53519e-06	1.64522e-06	7.30635e-06	
506	0.1438	0.0978415	0.0455938	0.000364955	0.63861	0.434509	0.20248	0.00162075	0.00083218	0.00369567	
507	0.184934	0.158047	0.0268123	7.38477e-05	0.821283	0.701883	0.119072	0.000327954	0.000122096	0.000542224	
508	0.0921057	0.0880642	0.00404151	0	0.409037	0.391088	0.0179481	0	0	0	
509	0.0957079	0.087211	0.00849535	1.57403e-06	0.425034	0.3873	0.0377274	6.99022e-06	1.6668e-06	7.40221e-06	
510	0.13884	0.105335	0.0329198	0.000584877	0.616582	0.467789	0.146195	0.00259741	0.000647189	0.00287413	
511	0.077079	0.0751696	0.00190716	2.27241e-06	0.342304	0.333824	0.0084696	1.00916e-05	2.31409e-06	1.02767e-05	
512	0.166491	0.0883551	0.0778997	0.00023671	0.73938	0.39238	0.345948	0.00105121	0.000296718	0.00131771	
513	0.114407	0.0911613	0.0231433	0.000102889	0.508078	0.404843	0.102778	0.000456925	0.000119123	0.000529019	
514	0.248409	0.128481	0.11597	0.00395737	1.10317	0.570579	0.515019	0.0175745	0.00517079	0.0229632	
515	0.0683367	0.0566054	0.0117159	1.52946e-05	0.30348	0.251382	0.0520301	6.79229e-05	3.84267e-05	0.000170651	
516	0.100463	0.0885155	0.011903	4.51829e-05	0.446154	0.393093	0.0528609	0.000200655	5.52407e-05	0.000245321	
517	0.0871883	0.0817373	0.00545096	7.41921e-08	0.387199	0.362991	0.0242074	3.29483e-07	4.45445e-07	1.9782e-06	
518	0.177697	0.155852	0.0218453	0	0.789147	0.692133	0.0970142	0	0	0	
519	0.0717023	0.0421109	0.0295906	7.96073e-07	0.318426	0.187012	0.13141	3.53532e-06	1.4947e-05	6.63792e-05	
520	0.146876	0.122372	0.0243391	0.000165371	0.652272	0.543448	0.108089	0.000734407	0.000202355	0.000898652	
521	0.242762	0.10988	0.132124	0.000756683	1.07809	0.487975	0.58676	0.00336039	0.000961672	0.00427073	
522	0.175491	0.0783571	0.0970975	3.65402e-05	0.779348	0.34798	0.431205	0.000162273	4.62401e-05	0.00020535	
523	0.0887492	0.0762211	0.012528	0	0.394131	0.338494	0.0556366	0	0	0	
524	0.138805	0.106006	0.0325879	0.000210911	0.616426	0.470768	0.144721	0.000936647	0.000266656	0.0011842	
525	0.144438	0.0998013	0.0442292	0.000407597	0.641443	0.443213	0.19642	0.00181012	0.00110557	0.00490981	
526	0.117726	0.101506	0.0161922	2.76241e-05	0.522815	0.450783	0.0719092	0.000122677	3.4135e-05	0.000151592	
527	0.113129	0.0779886	0.0350896	5.08765e-05	0.5024	0.346343	0.155831	0.00022594	8.45051e-05	0.000375283	
528	0.0875452	0.0804564	0.0070754	1.34168e-05	0.388784	0.357303	0.0314215	5.95837e-05	1.34223e-05	5.96078e-05	
529	0.126759	0.0811232	0.0453683	0.000268174	0.562934	0.360264	0.201478	0.00119095	0.000398851	0.00177127	
530	0.0954805	0.0808899	0.0145241	6.64418e-05	0.424024	0.359228	0.0645011	0.000295064	0.000111586	0.000495549	
531	0.170917	0.105101	0.0652921	0.000524236	0.759035	0.466748	0.289959	0.0023281	0.00158244	0.00702758	
532	0.115673	0.0838382	0.0317554	7.93294e-05	0.513698	0.372321	0.141024	0.000352298	0.0001478	0.000656375	
533	0.175233	0.11806	0.0565748	0.000598035	0.778202	0.5243	0.251246	0.00265584	0.000844476	0.00375028	
534	0.120064	0.113553	0.00647921	3.26684e-05	0.533202	0.504283	0.0287738	0.000145079	3.26788e-05	0.000145125	
535	0.0896039	0.0777858	0.0117219	9.61961e-05	0.397926	0.345443	0.0520565	0.000427202	0.00011043	0.000490418	
536	0.0690192	0.0659776	0.00304165	0	0.306511	0.293003	0.0135078	0	0	0	
537	0.120951	0.0769246	0.0437944	0.000232258	0.537139	0.341618	0.194489	0.00103144	0.000427386	0.001898	
538	0.138909	0.0805851	0.0562917	0.00203296	0.616892	0.357874	0.249989	0.00902831	0.00262268	0.0116472	
539	0.130572	0.0833459	0.0470007	0.000225601	0.579865	0.370135	0.208728	0.00100188	0.000361481	0.00160532	
540	0.0924084	0.0801146	0.0121759	0.000117781	0.410381	0.355785	0.054073	0.00052306	0.000154062	0.000684185	
541	0.0896551	0.0823814	0.00726481	8.84884e-06	0.398153	0.365852	0.0322627	3.92973e-05	1.37793e-05	6.11934e-05	
542	0.225389	0.150327	0.0746461	0.000416147	1.00094	0.667597	0.331499	0.00184809	0.000491333	0.00218198	
543	0.129928	0.0896125	0.0403008	1.47352e-05	0.577004	0.397965	0.178974	6.54384e-05	3.29546e-05	0.000146349	
544	0.162469	0.127002	0.0354542	1.20186e-05	0.721517	0.564013	0.15745	5.33743e-05	3.86436e-05	0.000171614	
545	0.152015	0.0753718	0.0764913	0.000152506	0.675094	0.334722	0.339694	0.000677273	0.000293263	0.00130236	
546	0.134741	0.116851	0.0178631	2.65929e-05	0.598381	0.518933	0.0793293	0.000118098	3.4574e-05	0.000153541	
547	0.081173	0.0756741	0.00549884	0	0.360485	0.336065	0.0244201	0	0	0	
548	0.115377	0.111063	0.00431432	0	0.512387	0.493227	0.0191597	0	0	0	
549	0.147765	0.0852129	0.0615698	0.00098244	0.656218	0.378426	0.273428	0.00436296	0.00130427	0.00579221	
550	0.173688	0.120033	0.0532721	0.000382437	0.771341	0.533063	0.236579	0.00169838	0.000594938	0.00264209	
551	0.0971247	0.0968005	0.00032421	0	0.431326	0.429886	0.0014398	0	0	0	
552	0.0859483	0.0727782	0.0129681	0.000201957	0.381692	0.323204	0.0575908	0.000896884	0.000224432	0.000996694	
553	0.189661	0.183446	0.00621248	2.85722e-06	0.842276	0.814674	0.0275893	1.26887e-05	4.50842e-06	2.00216e-05	
554	0.134393	0.102687	0.0309726	0.000733792	0.596836	0.456029	0.137548	0.00325873	0.000844071	0.00374848	
555	0.0986545	0.0753284	0.023281	4.49851e-05	0.438119	0.33453	0.10339	0.000199776	5.2006e-05	0.000230956	
556	0.168507	0.149948	0.0185211	3.73786e-05	0.748332	0.665915	0.0822515	0.000165996	3.75789e-05	0.000166886	
557	0.0926598	0.0791473	0.013421	9.15222e-05	0.411498	0.351489	0.059602	0.000406445	0.000139189	0.000618132	
558	0.10314	0.0976675	0.00546415	8.52399e-06	0.458041	0.433737	0.024266	3.78546e-05	8.51803e-06	3.78282e-05	
559	0.0991005	0.0792517	0.0195563	0.000292484	0.4401	0.351953	0.0868486	0.0012989	0.000369023	0.00163881	
560	0.0941425	0.0850247	0.00911774	0	0.418082	0.37759	0.0404914	0	0	0	
561	0.11318	0.0933127	0.0197416	0.000126479	0.50263	0.414397	0.0876715	0.000561689	0.000177146	0.000786696	
562	0.0756704	0.0499623	0.0248854	0.000822622	0.336048	0.22188	0.110515	0.00365322	0.000822615	0.00365319	
563	0.0975098	0.0790103	0.0184789	2.05038e-05	0.433036	0.350881	0.0820643	9.10564e-05	4.56683e-05	0.000202811	
564	0.121745	0.0816638	0.0396712	0.000410129	0.540664	0.362665	0.176178	0.00182136	0.000561179	0.00249217	
565	0.101776	0.085183	0.016463	0.00013078	0.451986	0.378293	0.0731116	0.000580789	0.000180375	0.00080104	
566	0.118905	0.104008	0.0148279	6.86874e-05	0.528051	0.461896	0.0658501	0.000305037	8.13022e-05	0.000361059	
567	0.217932	0.161246	0.0560534	0.000632873	0.967827	0.716085	0.24893	0.00281056	0.000659168	0.00292733	
568	0.157696	0.115546	0.04215	0	0.700324	0.513138	0.187186	0	0	0	
569	0.0760584	0.0760584	0	0	0.337771	0.337771	0	0	0	0	
570	0.129895	0.120061	0.00981977	1.46451e-05	0.57686	0.533186	0.0436091	6.50384e-05	1.98091e-05	8.79713e-05	
571	0.101964	0.0917443	0.0102135	6.54309e-06	0.452819	0.407432	0.0453577	2.90575e-05	1.464e-05	6.50155e-05	
572	0.119241	0.0978485	0.0212813	0.000111206	0.529543	0.43454	0.0945093	0.000493862	0.000257524	0.00114365	
573	0.0943981	0.0845832	0.00980207	1.28516e-05	0.419217	0.37563	0.0435305	5.70735e-05	1.98483e-05	8.81457e-05	
574	0.141328	0.0800629	0.060514	0.000751634	0.627634	0.355555	0.26874	0.00333797	0.00112903	0.005014	
575	0.150519	0.0845232	0.0648406	0.00115532	0.668448	0.375363	0.287954	0.00513072	0.00205048	0.00910611	
576	0.0636663	0.0546273	0.00903898	0	0.282739	0.242597	0.0401416	0	0	0	
577	0.132915	0.11345	0.0194628	2.23119e-06	0.590271	0.503827	0.0864336	9.90861e-06	3.62049e-06	1.60784e-05	
578	0.0978066	0.0892547	0.0085486	3.36864e-06	0.434354	0.396375	0.0379639	1.49599e-05	5.13453e-06	2.28022e-05	
579	0.0943609	0.087529	0.00680095	3.1037e-05	0.419052	0.388712	0.0302027	0.000137834	3.72767e-05	0.000165544	
580	0.092835	0.0669496	0.0257783	0.000107166	0.412276	0.29732	0.11448	0.000475923	0.000194349	0.000863098	
581	0.084266	0.0754293	0.00883669	0	0.374221	0.334978	0.0392433	0	0	0	
582	0.0888614	0.0847158	0.00414558	1.24538e-08	0.394629	0.376219	0.0184103	5.53071e-08	9.09226e-09	4.03783e-08	
583	0.119808	0.09317	0.0265016	0.000137217	0.532065	0.413763	0.117692	0.000609378	0.000191067	0.000848519	
584	0.203152	0.128515	0.0743416	0.000295123	0.90219	0.570732	0.330147	0.00131062	0.000362356	0.0016092	
585	0.122774	0.0752275	0.0475278	1.93081e-05	0.545236	0.334082	0.211068	8.57464e-05	3.05483e-05	0.000135663	
586	0.135975	0.0847138	0.0510494	0.00021169	0.603858	0.37621	0.226708	0.000940107	0.0002671	0.00118618	
587	0.104309	0.0893537	0.0148788	7.7425e-05	0.463235	0.396815	0.0660761	0.00034384	0.000102741	0.000456272	
588	0.0689801	0.0679278	0.00105053	1.71259e-06	0.306337	0.301664	0.00466538	7.60553e-06	1.71117e-06	7.59923e-06	
589	0.157828	0.109747	0.0477416	0.000339357	0.700909	0.487383	0.212018	0.00150706	0.00061234	0.00271937	
590	0.136047	0.107886	0.0281331	2.8147e-05	0.604181	0.479118	0.124937	0.000124999	7.94556e-05	0.000352858	
591	0.131437	0.0963955	0.0348839	0.000158473	0.583709	0.428087	0.154917	0.000703773	0.000232099	0.00103074	
592	0.114638	0.086207	0.0283567	7.49997e-05	0.509105	0.382841	0.12593	0.00033307	0.000133909	0.000594685	
593	0.100822	0.0944515	0.00635636	1.49854e-05	0.447749	0.419454	0.0282283	6.65496e-05	1.75997e-05	7.81595e-05	
594	0.0906582	0.0809062	0.00974942	2.5657e-06	0.402608	0.3593	0.0432967	1.13941e-05	1.04498e-05	4.64071e-05	
595	0.110982	0.0942967	0.0166484	3.70706e-05	0.492866	0.418767	0.0739351	0.000164629	4.66347e-05	0.000207102	
596	0.107702	0.090696	0.0169858	2.08885e-05	0.478302	0.402776	0.0754331	9.27652e-05	2.82386e-05	0.000125406	
597	0.147725	0.141643	0.00606794	1.41829e-05	0.656041	0.629031	0.0269474	6.29859e-05	1.57537e-05	6.99615e-05	
598	0.113441	0.10874	0.0046648	3.61212e-05	0.503789	0.482912	0.0207161	0.000160412	3.71879e-05	0.00016515	
599	0.10582	0.093851	0.0119692	0	0.469943	0.416788	0.0531547	0	0	0	
600	0.109322	0.10847	0.000852153	0	0.485494	0.48171	0.00378437	0	0	0	
601	0.33632	0.148763	0.183074	0.00448154	1.49358	0.660653	0.813026	0.0199023	0.00448449	0.0199154	
602	0.110233	0.103064	0.00716433	5.26383e-06	0.489543	0.457703	0.0318164	2.33764e-05	7.89131e-06	3.50449e-05	
603	0.1358	0.0522069	0.0835939	0	0.603085	0.231848	0.371236	0	0	0	
604	0.0895852	0.0813326	0.00825188	7.37025e-07	0.397843	0.361194	0.0366462	3.27309e-06	8.65228e-07	3.84243e-06	
605	0.136034	0.0497826	0.0862515	0	0.604121	0.221082	0.383038	0	0	0	
606	0.127818	0.0942272	0.0334062	0.00018454	0.567633	0.418458	0.148355	0.000819535	0.000327523	0.00145451	
607	0.0932095	0.0785433	0.0145639	0.000102257	0.413939	0.348807	0.0646779	0.000454118	0.00011657	0.000517685	
608	0.0941839	0.0791626	0.0149039	0.000117352	0.418266	0.351557	0.0661878	0.000521155	0.00014079	0.000625244	
609	0.0949339	0.0875061	0.00742661	1.22977e-06	0.421597	0.38861	0.0329812	5.46138e-06	1.40336e-06	6.23228e-06	
610	0.112204	0.0803852	0.0308252	0.000994062	0.498295	0.356987	0.136893	0.00441458	0.0011898	0.00528388	
611	0.0623174	0.0579755	0.00429743	4.45018e-05	0.276748	0.257466	0.0190846	0.00019763	4.44961e-05	0.000197605	
612	0.0972056	0.0910159	0.00618892	8.58084e-07	0.431685	0.404197	0.0274846	3.81071e-06	2.20893e-05	9.80975e-05	
613	0.0965919	0.0769691	0.0195051	0.000117701	0.42896	0.341816	0.0866213	0.000522708	0.00018553	0.000823932	
614	0.0973483	0.08398	0.0132649	0.000103371	0.432319	0.372951	0.0589088	0.000459068	0.000124773	0.000554111	
615	0.092762	0.0871126	0.00562932	2.00672e-05	0.411951	0.386862	0.0249995	8.91178e-05	2.34947e-05	0.000104339	
616	0.112291	0.0893184	0.022837	0.000135837	0.49868	0.396659	0.101418	0.000603248	0.000196135	0.000871028	
617	0.111429	0.0920244	0.0192576	0.000147116	0.494851	0.408676	0.0855222	0.000653339	0.000177968	0.000790351	
618	0.0601427	0.0561286	0.00401408	0	0.267091	0.249264	0.0178263	0	0	0	
619	0.14388	0.099223	0.044452	0.000205472	0.638966	0.440644	0.197409	0.000912492	0.00026047	0.00115673	
620	0.106896	0.0880237	0.0188665	6.11606e-06	0.474721	0.390909	0.0837854	2.71611e-05	7.08077e-06	3.14453e-05	
621	0.352109	0.186777	0.160641	0.00469088	1.5637	0.829469	0.7134	0.0208319	0.00496986	0.0220709	
622	0.0402537	0.0305867	0.00957501	9.19825e-05	0.178765	0.135834	0.0425221	0.00040849	0.000117499	0.000521807	
623	0.0834713	0.0720827	0.0113464	4.21451e-05	0.370692	0.320116	0.050389	0.000187164	5.58981e-05	0.00024824	
624	0.119838	0.0829655	0.0367495	0.000123242	0.532196	0.368446	0.163203	0.000547315	0.000183317	0.000814102	
625	0.0709886	0.0551554	0.0158031	3.00596e-05	0.315257	0.244942	0.0701809	0.000133493	3.12798e-05	0.000138912	
626	0.0686406	0.0640293	0.00461128	0	0.304829	0.284351	0.0204785	0	0	0	
627	0.0951747	0.0793595	0.0158152	0	0.422666	0.352431	0.0702346	0	0	0	
628	0.0611058	0.0602991	0.000806674	0	0.271368	0.267785	0.0035824	0	0	0	
629	0.216304	0.138049	0.0772996	0.000955256	0.960595	0.613069	0.343284	0.00424224	0.00105421	0.0046817	
630	0.194287	0.146037	0.0482079	4.19678e-05	0.862821	0.648545	0.214089	0.000186377	6.75464e-05	0.00029997	
631	0.114411	0.096143	0.0182612	6.71424e-06	0.508093	0.426966	0.0810972	2.98176e-05	6.95247e-06	3.08756e-05	
632	0.0433926	0.0433926	0	0	0.192704	0.192704	0	0	0	0	
633	0.0635194	0.0453018	0.0180529	0.000164608	0.282086	0.201183	0.0801724	0.000731016	0.000164602	0.000730991	
634	0.0441877	0.042104	0.00206532	1.83019e-05	0.196235	0.186982	0.009172	8.12781e-05	1.95158e-05	8.66689e-05	
635	0.0774372	0.0657658	0.0115214	0.000149922	0.343895	0.292062	0.0511662	0.000665797	0.000181657	0.000806734	
636	0.0948145	0.0652126	0.0295878	1.39634e-05	0.421066	0.289606	0.131398	6.20108e-05	2.06526e-05	9.17176e-05	
637	0.0799381	0.0738764	0.00604506	1.66689e-05	0.355001	0.328081	0.0268458	7.40261e-05	1.80651e-05	8.02262e-05	
638	0.138559	0.0818112	0.0567346	1.34151e-05	0.615335	0.363319	0.251955	5.95758e-05	3.30694e-05	0.000146859	
639	0.14079	0.0763848	0.0643814	2.45018e-05	0.625244	0.339221	0.285914	0.000108811	3.89831e-05	0.000173122	
640	0.086789	0.0807599	0.00597713	5.19539e-05	0.385426	0.358651	0.0265441	0.000230724	5.60668e-05	0.00024899	
641	0.0757716	0.0752849	0.00048622	5.29166e-07	0.336498	0.334336	0.00215928	2.35e-06	5.58542e-07	2.48045e-06	
642	0.0636195	0.0632853	0.000334209	0	0.282531	0.281047	0.0014842	0	0	0	
643	0.193781	0.142408	0.0506764	0.000697339	0.860576	0.632427	0.225051	0.00309685	0.0014424	0.00640563	
644	0.101163	0.082679	0.0184839	0	0.44926	0.367173	0.0820864	0	0	0	
645	0.083276	0.080667	0.00260178	7.19353e-06	0.369824	0.358238	0.0115544	3.19461e-05	1.02038e-05	4.53148e-05	
646	0.141521	0.075246	0.0656004	0.000675441	0.628492	0.334163	0.291328	0.0029996	0.00145591	0.00646564	
647	0.189388	0.124257	0.0628716	0.00225968	0.841065	0.55182	0.27921	0.0100351	0.00255196	0.0113331	
648	0.14562	0.117685	0.0278258	0.000109099	0.646694	0.522637	0.123573	0.000484505	0.000141149	0.000626839	
649	0.064918	0.0645565	0.000361509	0	0.288297	0.286692	0.00160544	0	0	0	
650	0.073723	0.0732301	0.000492817	0	0.3274	0.325211	0.00218857	0	0	0	
651	0.1032	0.101845	0.00135573	0	0.458309	0.452288	0.00602076	0	0	0	
652	0.105361	0.0827481	0.0223474	0.000265729	0.467904	0.36748	0.0992439	0.00118009	0.000312009	0.00138561	
653	0.102457	0.0879593	0.0144928	5.54305e-06	0.455009	0.390623	0.064362	2.46164e-05	1.77927e-05	7.90167e-05	
654	0.118282	0.0885589	0.0296933	2.99122e-05	0.525285	0.393285	0.131866	0.000132838	5.03194e-05	0.000223466	
655	0.145382	0.0813436	0.0624854	0.00155315	0.645635	0.361243	0.277494	0.00689748	0.00202426	0.00898964	
656	0.223812	0.118843	0.102456	0.00251201	0.99394	0.527778	0.455006	0.0111557	0.00519688	0.0230791	
657	0.129321	0.0803966	0.0489251	0	0.574311	0.357037	0.217274	0	0	0	
658	0.121846	0.0756296	0.0461336	8.3157e-05	0.541114	0.335867	0.204877	0.000369296	0.000113109	0.000502313	
659	0.134849	0.0961377	0.036994	0.00171742	0.598859	0.426943	0.164288	0.00762699	0.00204759	0.00909326	
660	0.165876	0.10085	0.0644001	0.000625413	0.736649	0.447873	0.285997	0.00277743	0.00111642	0.004958	
661	0.188676	0.0987657	0.0892866	0.000623954	0.837902	0.438613	0.396517	0.00277095	0.00113373	0.00503488	
662	0.120342	0.080803	0.0394168	0.000122715	0.534435	0.358842	0.175048	0.000544972	0.000203292	0.000902814	
663	0.109262	0.0807211	0.0281887	0.000352884	0.48523	0.358478	0.125184	0.00156714	0.000451839	0.00200659	
664	0.0991174	0.0877244	0.011384	8.9182e-06	0.440175	0.38958	0.050556	3.96053e-05	1.62376e-05	7.21105e-05	
665	0.114458	0.0876186	0.0268095	3.01281e-05	0.508304	0.38911	0.11906	0.000133797	6.68235e-05	0.00029676	
666	0.10284	0.0793176	0.0233958	0.000126788	0.456708	0.352245	0.103899	0.000563061	0.000194284	0.000862809	
667	0.171823	0.105316	0.061787	0.00471988	0.763058	0.467704	0.274393	0.0209607	0.00519731	0.023081	
668	0.101203	0.0834446	0.0177435	1.53961e-05	0.44944	0.370573	0.0787981	6.83735e-05	1.62664e-05	7.22387e-05	
669	0.0447463	0.0437143	0.00103197	0	0.198716	0.194133	0.00458292	0	0	0	
670	0.0945019	0.083019	0.011273	0.000209824	0.419678	0.368683	0.050063	0.000931821	0.00021549	0.000956983	
671	0.0564817	0.0508835	0.00559109	7.16151e-06	0.250832	0.225971	0.0248297	3.18039e-05	8.67165e-06	3.85104e-05	
672	0.145013	0.1125	0.0324744	3.80365e-05	0.643996	0.49961	0.144217	0.000168918	4.49498e-05	0.00019962	
673	0.142737	0.101946	0.0395618	0.00122936	0.633891	0.452739	0.175692	0.00545953	0.00177244	0.00787132	
674	0.134824	0.0958049	0.0387324	0.000287151	0.598749	0.425465	0.172008	0.00127522	0.000641254	0.00284778	
675	0.11795	0.0815787	0.0362984	7.35506e-05	0.523813	0.362287	0.161199	0.000326634	7.49629e-05	0.000332907	
676	0.142403	0.11031	0.0317538	0.000338861	0.632405	0.489883	0.141017	0.00150486	0.000462815	0.00205534	
677	0.0985583	0.0938811	0.00467112	6.08231e-06	0.437692	0.416921	0.0207442	2.70112e-05	9.43918e-06	4.19189e-05	
678	0.102677	0.080698	0.0219705	9.00438e-06	0.455986	0.358376	0.0975702	3.9988e-05	1.57642e-05	7.00084e-05	
679	0.133111	0.0914312	0.0415123	0.000167653	0.59114	0.406041	0.184354	0.000744539	0.000227483	0.00101024	
680	0.12814	0.110931	0.0172087	0	0.569065	0.492641	0.0764232	0	0	0	
681	0.112125	0.0982247	0.0138956	4.7728e-06	0.497942	0.436211	0.0617098	2.11957e-05	1.28273e-05	5.69656e-05	
682	0.100689	0.0981242	0.00256537	0	0.447157	0.435765	0.0113927	0	0	0	
683	0.100768	0.091633	0.00913556	0	0.447508	0.406937	0.0405705	0	0	0	
684	0.117789	0.0947371	0.023052	3.58686e-07	0.523097	0.420722	0.102373	1.5929e-06	1.80546e-06	8.01797e-06	
685	0.185025	0.141443	0.0430484	0.000533238	0.821687	0.628142	0.191176	0.00236808	0.000538509	0.00239149	
686	0.114195	0.0909698	0.0219968	0.00122879	0.507136	0.403992	0.0976868	0.005457	0.0012331	0.00547617	
687	0.0813341	0.0782174	0.00310545	1.12771e-05	0.361201	0.347359	0.0137911	5.00814e-05	1.17336e-05	5.21087e-05	
688	0.0650643	0.0645637	0.000500595	0	0.288947	0.286724	0.00222312	0	0	0	
689	0.00773628	0.00718759	0.000548688	0	0.0343564	0.0319197	0.0024367	0	0	0	
690	0.062144	0.0601346	0.00200931	0	0.275978	0.267055	0.00892326	0	0	0	
691	0.112964	0.098613	0.014258	9.3416e-05	0.50167	0.437935	0.0633194	0.000414856	0.000115903	0.00051472	
692	0.0732854	0.0732829	2.46075e-06	0	0.325457	0.325446	1.0928e-05	0	0	0	
693	0.0925394	0.0797294	0.0128035	6.41041e-06	0.410963	0.354074	0.05686	2.84683e-05	1.02929e-05	4.57104e-05	
694	0.215768	0.155174	0.0590012	0.00159236	0.958215	0.689122	0.262021	0.00707161	0.00206205	0.00915749	
695	0.0957403	0.0797124	0.0159672	6.0682e-05	0.425178	0.353999	0.0709097	0.000269486	8.36195e-05	0.00037135	
696	0.23761	0.160541	0.0753399	0.00172887	1.05521	0.712955	0.334581	0.00767786	0.00201641	0.0089548	
697	0.151825	0.0831939	0.06833	0.000301028	0.674247	0.36946	0.30345	0.00133685	0.000485337	0.00215535	
698	0.253999	0.196764	0.0565331	0.000702343	1.128	0.873819	0.251061	0.00311907	0.000943658	0.00419074	
699	0.277077	0.186258	0.0898283	0.00099066	1.23048	0.827164	0.398923	0.00439947	0.00110083	0.00488873	
700	0.0829262	0.0829262	0	0	0.368271	0.368271	0	0	0	0	
701	0.0827872	0.0827819	5.23075e-06	0	0.367654	0.36763	2.32295e-05	0	0	0	
702	0.117658	0.106763	0.010878	1.63515e-05	0.522514	0.474133	0.048309	7.26164e-05	2.29137e-05	0.000101759	
703	0.0941492	0.0880542	0.00604908	4.5948e-05	0.418112	0.391044	0.0268636	0.000204052	4.5942e-05	0.000204026	
704	0.0868297	0.0798148	0.00701255	2.39589e-06	0.385606	0.354453	0.0311424	1.064e-05	7.82925e-06	3.47693e-05	
705	0.100482	0.0884818	0.012001	0	0.446239	0.392943	0.0532959	0	0	0	
706	0.270847	0.158911	0.111598	0.000337816	1.20281	0.705716	0.495602	0.00150022	0.000651728	0.00289429	
707	0.0884161	0.0806242	0.00779187	0	0.392651	0.358048	0.0346033	0	0	0	
708	0.0802915	0.0802915	0	0	0.35657	0.35657	0	0	0	0	
709	0.130002	0.103826	0.0257371	0.000438811	0.577334	0.461088	0.114297	0.00194874	0.000438805	0.00194871	
710	0.149876	0.0964103	0.053438	2.80433e-05	0.665594	0.428153	0.237315	0.000124539	5.72129e-05	0.00025408	
711	0.101999	0.08102	0.0209796	0	0.452975	0.359806	0.0931694	0	0	0	
712	0.0789413	0.0768911	0.00205026	0	0.350574	0.341469	0.00910512	0	0	0	
713	0.0896529	0.0787428	0.0109101	0	0.398144	0.349693	0.0484513	0	0	0	
714	0.0944062	0.0820174	0.0123887	0	0.419253	0.364235	0.055018	0	0	0	
715	0.0715069	0.0703464	0.00116048	0	0.317558	0.312405	0.00515367	0	0	0	
716	0.0844109	0.0752983	0.00905795	5.46179e-05	0.374864	0.334396	0.0402259	0.000242555	5.55684e-05	0.000246776	
717	0.09803	0.0886556	0.00936381	1.06261e-05	0.435346	0.393715	0.0415842	4.71904e-05	1.99968e-05	8.88051e-05	
718	0.116598	0.108603	0.0079506	4.37936e-05	0.517806	0.482304	0.0353082	0.000194485	5.32861e-05	0.000236641	
719	0.0698898	0.0631909	0.00660751	9.13753e-05	0.310377	0.280628	0.0293436	0.000405793	9.13701e-05	0.00040577	
720	0.0627198	0.062348	0.000371824	0	0.278535	0.276884	0.00165125	0	0	0	
721	0.121604	0.106773	0.0147356	9.5201e-05	0.540041	0.474178	0.0654403	0.000422783	9.92636e-05	0.000440824	
722	0.0811943	0.0811943	0	0	0.36058	0.36058	0	0	0	0	
723	0.1147	0.102475	0.0122021	2.27085e-05	0.509378	0.455088	0.0541893	0.000100847	2.27028e-05	0.000100822	
724	0.0808273	0.0808273	0	0	0.35895	0.35895	0	0	0	0	
725	0.0813743	0.0626497	0.0187246	0	0.361379	0.278224	0.083155	0	0	0	
726	0.0451497	0.0427124	0.00243726	0	0.200507	0.189684	0.0108237	0	0	0	
727	0.0891138	0.0891138	0	0	0.39575	0.39575	0	0	0	0	
728	0.0967774	0.0855645	0.0110701	0.000142772	0.429784	0.379988	0.0491619	0.000634046	0.000146982	0.000652742	
729	0.0943532	0.0777258	0.0166264	9.56004e-07	0.419018	0.345176	0.073837	4.24556e-06	1.77854e-06	7.89842e-06	
730	0.108825	0.105056	0.00376358	5.09829e-06	0.483286	0.46655	0.0167138	2.26412e-05	5.09301e-06	2.26178e-05	
731	0.112317	0.0945921	0.0174976	0.000227938	0.498797	0.420079	0.0777062	0.00101226	0.000244123	0.00108414	
732	0.0824722	0.0774973	0.00497484	0	0.366255	0.344162	0.022093	0	0	0	
733	0.103027	0.0921205	0.0108374	6.97561e-05	0.457541	0.409103	0.0481285	0.000309783	7.48279e-05	0.000332307	
734	0.111968	0.107014	0.00493929	1.47341e-05	0.497246	0.475246	0.0219351	6.54335e-05	1.50288e-05	6.67423e-05	
735	0.0682078	0.0658331	0.00237468	0	0.302907	0.292361	0.0105458	0	0	0	
736	0.057817	0.0555826	0.00223435	0	0.256762	0.246839	0.00992266	0	0	0	
737	0.0896346	0.0797734	0.00985225	8.9045e-06	0.398063	0.35427	0.0437534	3.95444e-05	8.94018e-06	3.97029e-05	
738	0.118687	0.113354	0.0053295	3.65811e-06	0.527086	0.503402	0.023668	1.62455e-05	3.97252e-06	1.76418e-05	
739	0.0650566	0.0649324	0.000124123	0	0.288913	0.288362	0.000551227	0	0	0	
740	0.0367817	0.0367541	2.76105e-05	0	0.163345	0.163223	0.000122617	0	0	0	
741	0.0894228	0.08653	0.00289146	1.35074e-06	0.397122	0.384275	0.0128408	5.99859e-06	1.90668e-06	8.46748e-06	
742	0.147538	0.123149	0.0243633	2.61216e-05	0.655211	0.546899	0.108196	0.000116004	2.61156e-05	0.000115978	
743	0.0874464	0.0843128	0.00311432	1.93024e-05	0.388345	0.374429	0.0138305	8.57211e-05	1.92965e-05	8.56949e-05	
744	0.0565854	0.0554394	0.00114494	1.06075e-06	0.251293	0.246204	0.00508463	4.71077e-06	1.17837e-06	5.23312e-06	
745	0.122085	0.101892	0.0201873	6.07494e-06	0.542176	0.452498	0.0896511	2.69785e-05	6.11528e-06	2.71577e-05	
746	0.0802832	0.0752572	0.00502393	2.08976e-06	0.356533	0.334213	0.022311	9.28054e-06	4.68901e-06	2.08237e-05	
747	0.0853445	0.0843713	0.000973165	0	0.379011	0.374689	0.00432178	0	0	0	
748	0.099819	0.0823487	0.017462	8.27907e-06	0.443291	0.365707	0.0775479	3.67669e-05	8.27327e-06	3.67412e-05	
749	0.121221	0.112532	0.00867976	9.04108e-06	0.538337	0.49975	0.0385464	4.0151e-05	9.03536e-06	4.01256e-05	
750	0.0920047	0.0822486	0.00975526	7.62989e-07	0.408588	0.365262	0.0433226	3.3884e-06	7.57146e-07	3.36245e-06	
751	0.313212	0.152149	0.138761	0.0223009	1.39096	0.675689	0.616235	0.0990375	0.0240713	0.106899	
752	0.0850172	0.07648	0.00853088	6.33316e-06	0.377557	0.339644	0.0378852	2.81252e-05	7.10395e-06	3.15483e-05	
753	0.102378	0.0926358	0.0097427	0	0.454658	0.411391	0.0432669	0	0	0	
754	0.228455	0.176712	0.0517202	2.25415e-05	1.01455	0.784772	0.229687	0.000100105	3.20707e-05	0.000142424	
755	0.118397	0.0921618	0.0262357	0	0.525798	0.409286	0.116511	0	0	0	
756	0.223207	0.114185	0.109021	0	0.991251	0.50709	0.484161	0	0	0	
757	0.135164	0.0776325	0.052201	0.0053312	0.60026	0.344762	0.231822	0.0236756	0.00539618	0.0239642	
758	0.191934	0.127971	0.0639619	9.18821e-07	0.85237	0.568314	0.284052	4.08044e-06	1.19817e-06	5.32103e-06	
759	0.126055	0.071408	0.0538104	0.000837282	0.559807	0.317119	0.238969	0.00371833	0.00272469	0.0121002	
760	0.118951	0.0868044	0.0321475	0	0.52826	0.385494	0.142765	0	0	0	
761	0.12173	0.109991	0.0116214	0.000117147	0.540597	0.488467	0.0516101	0.000520245	0.000117443	0.000521561	
762	0.0507072	0.0507072	0	0	0.225188	0.225188	0	0	0	0	
763	0.0552864	0.0539946	0.00129181	0	0.245524	0.239787	0.00573687	0	0	0	
764	0.0777089	0.0767538	0.000955084	0	0.345101	0.34086	0.00424148	0	0	0	
765	0.0848125	0.0838574	0.000955084	0	0.376648	0.372406	0.00424148	0	0	0	
766	0.0470783	0.0445237	0.00255458	0	0.209072	0.197727	0.0113448	0	0	0	
767	0.04956	0.0431685	0.0063915	0	0.220093	0.191709	0.0283843	0	0	0	
768	0.0453794	0.0453285	5.09134e-05	0	0.201528	0.201302	0.000226104	0	0	0	
769	0.0757771	0.0524924	0.0228923	0.000392377	0.336522	0.233116	0.101663	0.00174252	0.000457694	0.0020326	
770	0.0784557	0.0565868	0.0218688	0	0.348418	0.251299	0.0971186	0	0	0	
771	0.104047	0.0782787	0.0257674	8.46902e-07	0.462067	0.347632	0.114432	3.76105e-06	1.35046e-06	5.99733e-06	
772	0.103348	0.103297	5.09134e-05	0	0.458967	0.458741	0.000226104	0	0	0	
773	0.102207	0.090558	0.011649	9.00807e-08	0.453897	0.402163	0.051733	4.00044e-07	4.41824e-06	1.96212e-05	
774	0.0785655	0.0776561	0.000909399	0	0.348905	0.344867	0.00403859	0	0	0	
775	0.0756753	0.0756753	0	0	0.33607	0.33607	0	0	0	0	
776	0.06492	0.06492	0	0	0.288306	0.288306	0	0	0	0	
777	0.0743479	0.0743479	0	0	0.330175	0.330175	0	0	0	0	
778	0.0923091	0.0923091	0	0	0.40994	0.40994	0	0	0	0	
779	0.148481	0.110783	0.0376975	0	0.659397	0.491984	0.167413	0	0	0	
780	0.0498027	0.0434995	0.00630319	0	0.221171	0.193179	0.0279921	0	0	0	
781	0.0606123	0.0424999	0.0181124	0	0.269176	0.18874	0.0804363	0	0	0	
782	0.106086	0.095203	0.0108836	0	0.471125	0.422792	0.0483335	0	0	0	
783	0.233067	0.134955	0.0913316	0.00678107	1.03504	0.599329	0.405599	0.0301144	0.0125759	0.0558493	
784	0.0717892	0.0717892	0	0	0.318812	0.318812	0	0	0	0	
785	0.12985	0.0753941	0.0544564	0	0.57666	0.334821	0.241838	0	0	0	
786	0.123031	0.0949767	0.0280361	1.88931e-05	0.546378	0.421787	0.124507	8.39034e-05	0.000573187	0.00254549	
787	0.200683	0.0841199	0.113958	0.00260485	0.891223	0.373572	0.506083	0.011568	0.0100041	0.0444277	
788	0.147729	0.091712	0.0558442	0.000173151	0.656059	0.407288	0.248001	0.000768956	0.000323408	0.00143624	
789	0.103861	0.102878	0.000982075	5.10486e-07	0.461241	0.456878	0.00436135	2.26704e-06	5.04609e-07	2.24094e-06	
790	0.114243	0.0846327	0.0296109	0	0.50735	0.37585	0.1315	0	0	0	
791	0.124011	0.08741	0.0366018	0	0.550731	0.388183	0.162547	0	0	0	
792	0.093635	0.0826823	0.0109481	4.59588e-06	0.415828	0.367188	0.04862	2.04101e-05	4.58983e-06	2.03832e-05	
793	0.242999	0.147795	0.0897048	0.00549905	1.07915	0.656354	0.398375	0.024421	0.00691818	0.0307233	
794	0.0990249	0.0898893	0.00908941	4.61757e-05	0.439765	0.399194	0.0403656	0.000205064	4.62667e-05	0.000205468	
795	0.126851	0.105945	0.0209009	5.15531e-06	0.563343	0.4705	0.0928201	2.28945e-05	1.04174e-05	4.62631e-05	
796	0.0941344	0.0941344	0	0	0.418046	0.418046	0	0	0	0	
797	0.05417	0.0534559	0.000714029	0	0.240566	0.237395	0.00317096	0	0	0	
798	0.190962	0.104186	0.0865837	0.000192432	0.848055	0.462686	0.384514	0.000854585	0.00052651	0.0023382	
799	0.168389	0.129791	0.0385981	2.08671e-07	0.74781	0.576397	0.171412	9.26699e-07	2.88563e-07	1.28149e-06	
800	0.203552	0.159356	0.0441883	6.92907e-06	0.903964	0.707695	0.196238	3.07717e-05	7.66562e-06	3.40426e-05	
801	0.159694	0.0855953	0.0734929	0.000606115	0.709195	0.380124	0.326378	0.00269172	0.000935511	0.00415456	
802	0.116469	0.0866747	0.0295169	0.000277953	0.517236	0.384918	0.131083	0.00123437	0.000389027	0.00172765	
803	0.0836151	0.0836151	0	0	0.37133	0.37133	0	0	0	0	
804	0.179741	0.1516	0.027818	0.000322632	0.798222	0.67325	0.123538	0.00143279	0.000364149	0.00161717	
805	0.182627	0.144451	0.0379205	0.000255592	0.811038	0.6415	0.168403	0.00113507	0.000361914	0.00160724	
806	0.144202	0.107343	0.0362174	0.000642406	0.640398	0.476705	0.16084	0.00285289	0.000948839	0.00421375	
807	0.15471	0.119794	0.0348639	5.15798e-05	0.687059	0.532001	0.154829	0.000229063	8.78874e-05	0.000390303	
808	0.165306	0.153198	0.01209	1.76503e-05	0.734117	0.680348	0.0536913	7.83841e-05	1.76926e-05	7.85722e-05	
809	0.186067	0.112631	0.0733355	0.000100803	0.826316	0.500189	0.325679	0.000447663	0.000202094	0.000897491	
810	0.079221	0.0782416	0.000979377	0	0.351816	0.347467	0.00434937	0	0	0	
811	0.125494	0.0974821	0.0279889	2.32193e-05	0.557314	0.432913	0.124297	0.000103116	3.87927e-05	0.000172276	
812	0.171011	0.11258	0.0576266	0.000804468	0.759455	0.499965	0.255917	0.0035726	0.00106991	0.00475142	
813	0.0641948	0.0641948	0	0	0.285086	0.285086	0	0	0	0	
814	0.09517	0.0817795	0.0133889	1.47594e-06	0.422645	0.363179	0.0594598	6.55461e-06	2.77668e-06	1.23311e-05	
815	0.14889	0.133103	0.0155293	0.000257374	0.661214	0.591106	0.068965	0.00114298	0.000258904	0.00114978	
816	0.229399	0.156351	0.0729419	0.000106141	1.01875	0.69435	0.323931	0.000471369	0.000243106	0.00107962	
817	0.157052	0.0975183	0.0584239	0.00110987	0.697461	0.433074	0.259458	0.0049289	0.00133969	0.00594953	
818	0.178278	0.124683	0.0530531	0.000542036	0.791728	0.553714	0.235606	0.00240715	0.000630716	0.00280098	
819	0.0671845	0.0671845	0	0	0.298363	0.298363	0	0	0	0	
820	0.0963841	0.0910601	0.00532405	0	0.428037	0.404393	0.0236438	0	0	0	
821	0.0276618	0.0276544	7.38357e-06	0	0.122844	0.122812	3.27901e-05	0	0	0	
822	0.0923019	0.0845456	0.00775197	4.31437e-06	0.409908	0.375463	0.0344261	1.91599e-05	7.58271e-06	3.36744e-05	
823	0.0638341	0.0592009	0.00458895	4.43304e-05	0.283484	0.262908	0.0203793	0.000196869	4.43246e-05	0.000196843	
824	0.120012	0.119955	5.70207e-05	0	0.532971	0.532718	0.000253226	0	0	0	
825	0.0787771	0.0787771	0	0	0.349845	0.349845	0	0	0	0	
826	0.117013	0.106415	0.0105989	0	0.519653	0.472584	0.0470692	0	0	0	
827	0.0843986	0.0843415	5.70207e-05	0	0.37481	0.374556	0.000253226	0	0	0	
828	0.167971	0.10392	0.0638118	0.000238691	0.745953	0.461508	0.283385	0.00106001	0.000342762	0.00152219	
829	0.135509	0.101815	0.0336946	0	0.601793	0.452156	0.149636	0	0	0	
830	0.163751	0.134259	0.0294922	0	0.727212	0.596238	0.130973	0	0	0	
831	0.100996	0.100897	9.89697e-05	0	0.448521	0.448081	0.00043952	0	0	0	
832	0.0858726	0.0840602	0.00181196	4.0975e-07	0.381356	0.373307	0.00804687	1.81968e-06	4.4434e-07	1.97329e-06	
833	0.0908739	0.0886313	0.00224251	0	0.403566	0.393607	0.00995892	0	0	0	
834	0.0986812	0.0981435	0.00053743	2.54303e-07	0.438238	0.43585	0.0023867	1.12935e-06	2.48427e-07	1.10325e-06	
835	0.0985634	0.0968059	0.00175751	0	0.437715	0.42991	0.00780503	0	0	0	
836	0.142468	0.116439	0.0259804	4.88775e-05	0.632696	0.517101	0.115377	0.000217063	5.21326e-05	0.000231518	
837	0.124607	0.120389	0.00420683	1.17568e-05	0.553376	0.534642	0.0186823	5.22117e-05	1.1751e-05	5.21859e-05	
838	0.133039	0.0974834	0.0354098	0.000145818	0.59082	0.432919	0.157253	0.000647574	0.000208486	0.00092588	
839	0.209004	0.1526	0.0555238	0.000880425	0.928179	0.67769	0.246578	0.00390992	0.000970327	0.00430917	
840	0.10484	0.0767576	0.0280826	0	0.46559	0.340877	0.124713	0	0	0	
841	0.116092	0.0800145	0.0360681	9.75467e-06	0.51556	0.35534	0.160176	4.332e-05	2.21746e-05	9.84767e-05	
842	0.103931	0.0980083	0.00592302	0	0.461554	0.43525	0.0263038	0	0	0	
843	0.140649	0.1215	0.0189764	0.000173344	0.624619	0.539575	0.0842735	0.000769815	0.000214364	0.00095198	
844	0.115947	0.109995	0.00594934	2.65397e-06	0.514915	0.488482	0.0264207	1.17861e-05	2.64828e-06	1.17609e-05	
845	0.182811	0.134558	0.0463609	0.0018918	0.811856	0.597568	0.205886	0.0084014	0.00190035	0.00843938	
846	0.104126	0.0939014	0.0102252	2.41419e-08	0.462421	0.417011	0.0454099	1.07213e-07	2.18856e-08	9.71931e-08	
847	0.1197	0.0957483	0.0239451	6.87184e-06	0.531583	0.425213	0.106339	3.05175e-05	7.07616e-06	3.14249e-05	
848	0.105776	0.102625	0.00315032	0	0.469746	0.455755	0.0139904	0	0	0	
849	0.101591	0.0966982	0.00488964	3.18091e-06	0.45116	0.429432	0.0217146	1.41263e-05	7.30034e-06	3.24204e-05	
850	0.0800627	0.080013	4.96493e-05	0	0.355554	0.355334	0.00022049	0	0	0	
851	0.0644889	0.0644672	2.17e-05	0	0.286392	0.286295	9.63686e-05	0	0	0	
852	0.0929298	0.0846858	0.00822347	2.04692e-05	0.412696	0.376086	0.03652	9.09031e-05	2.7678e-05	0.000122916	
853	0.105759	0.103306	0.00245265	0	0.46967	0.458778	0.0108921	0	0	0	
854	0.100062	0.0943806	0.00567283	8.97356e-06	0.444372	0.41914	0.0251927	3.98511e-05	1.13718e-05	5.05017e-05	
855	0.112542	0.0930798	0.0187823	0.00067996	0.499794	0.413363	0.0834116	0.00301967	0.000679954	0.00301964	
856	0.114845	0.10347	0.011372	2.98871e-06	0.510023	0.459507	0.0505026	1.32727e-05	2.98251e-06	1.32452e-05	
857	0.0632647	0.0632647	0	0	0.280955	0.280955	0	0	0	0	
858	0.104964	0.0852242	0.0197249	1.52493e-05	0.466141	0.378476	0.0875973	6.77215e-05	1.75171e-05	7.77926e-05	
859	0.125556	0.111697	0.0138585	2.59621e-07	0.557589	0.496043	0.061545	1.15296e-06	6.60734e-07	2.93429e-06	
860	0.0950828	0.0839304	0.0111524	0	0.422258	0.37273	0.0495275	0	0	0	
861	0.086132	0.0860822	4.97572e-05	0	0.382508	0.382287	0.000220969	0	0	0	
862	0.0953578	0.0786445	0.0166949	1.83334e-05	0.423479	0.349256	0.0741413	8.14178e-05	2.37417e-05	0.000105436	
863	0.119875	0.114739	0.00513641	0	0.532361	0.50955	0.0228105	0	0	0	
864	0.109132	0.0949128	0.0142192	0	0.48465	0.421503	0.063147	0	0	0	
865	0.117133	0.116287	0.00084566	2.73936e-07	0.520182	0.516426	0.00375553	1.21653e-06	2.68051e-07	1.1904e-06	
866	0.076253	0.0755726	0.000680354	0	0.338636	0.335614	0.00302142	0	0	0	
867	0.0861148	0.0861148	0	0	0.382432	0.382432	0	0	0	0	
868	0.104212	0.0994188	0.0047696	2.44708e-05	0.462804	0.441514	0.0211815	0.000108673	2.44649e-05	0.000108647	
869	0.0963703	0.0941107	0.00225497	4.7205e-06	0.427976	0.417941	0.0100142	2.09635e-05	5.67958e-06	2.52227e-05	
870	0.128494	0.125562	0.00293215	0	0.570637	0.557615	0.0130215	0	0	0	
871	0.105978	0.0983727	0.00753639	6.96737e-05	0.470646	0.436868	0.0334687	0.000309417	6.9668e-05	0.000309392	
872	0.0416883	0.0416883	0	0	0.185135	0.185135	0	0	0	0	
873	0.100073	0.0994794	0.000593602	0	0.444419	0.441783	0.00263615	0	0	0	
874	0.103923	0.0904887	0.0134348	0	0.461519	0.401856	0.0596634	0	0	0	
875	0.0814539	0.0811515	0.000302407	0	0.361733	0.36039	0.00134297	0	0	0	
876	0.0442716	0.0442716	0	0	0.196608	0.196608	0	0	0	0	
877	0.0991101	0.0872711	0.011755	8.38781e-05	0.440143	0.387567	0.0522035	0.000372498	8.38724e-05	0.000372473	
878	0.0996502	0.0989567	0.000693575	0	0.442542	0.439461	0.00308013	0	0	0	
879	0.0870351	0.086884	0.000151098	0	0.386518	0.385847	0.000671021	0	0	0	
880	0.0919109	0.0873351	0.0045758	0	0.408172	0.387851	0.0203209	0	0	0	
881	0.0806874	0.0790178	0.00166438	5.27583e-06	0.358329	0.350914	0.00739144	2.34297e-05	5.26994e-06	2.34035e-05	
882	0.0930603	0.0891032	0.00395357	3.53065e-06	0.413276	0.395703	0.0175576	1.56794e-05	3.74263e-06	1.66208e-05	
883	0.0590359	0.0590359	0	0	0.262175	0.262175	0	0	0	0	
884	0.078512	0.078512	0	0	0.348668	0.348668	0	0	0	0	
885	0.0891878	0.0891878	0	0	0.396079	0.396079	0	0	0	0	
886	0.101932	0.101347	0.000584743	0	0.452676	0.450079	0.00259681	0	0	0	
887	0.0658695	0.0658696	0	0	0.292523	0.292523	0	0	0	0	
888	0.0965803	0.0964723	0.000108042	0	0.428908	0.428429	0.000479809	0	0	0	
889	0.0663193	0.064388	0.00193129	0	0.29452	0.285944	0.00857679	0	0	0	
890	0.0950677	0.0913097	0.00375799	0	0.422191	0.405502	0.016689	0	0	0	
891	0.0419858	0.0411247	0.000861118	0	0.186457	0.182633	0.00382418	0	0	0	
892	0.0583389	0.0583389	0	0	0.25908	0.25908	0	0	0	0	
893	0.0865855	0.0865855	0	0	0.384522	0.384522	0	0	0	0	
894	0.0837999	0.0834786	0.000321346	0	0.372151	0.370724	0.00142708	0	0	0	
895	0.0797577	0.0797577	0	0	0.3542	0.3542	0	0	0	0	
896	0.0788762	0.0785548	0.000321346	0	0.350285	0.348858	0.00142708	0	0	0	
897	0.0733345	0.0714635	0.00187106	0	0.325675	0.317366	0.00830929	0	0	0	
898	0.0728975	0.0728975	0	0	0.323734	0.323734	0	0	0	0	
899	0.101053	0.0953811	0.00567196	0	0.448771	0.423582	0.0251889	0	0	0	
900	0.0816088	0.0816088	0	0	0.36242	0.36242	0	0	0	0	
901	0.16764	0.112049	0.0545156	0.00107463	0.744481	0.497607	0.242101	0.00477239	0.00110361	0.00490109	
902	0.0749983	0.0749983	0	0	0.333064	0.333064	0	0	0	0	
903	0.190212	0.115911	0.0737186	0.000581784	0.844723	0.514759	0.32738	0.00258367	0.004335	0.0192515	
904	0.0676764	0.0676764	0	0	0.300547	0.300547	0	0	0	0	
905	0.14521	0.0927311	0.0524795	0	0.644873	0.411814	0.233059	0	0	0	
906	0.181917	0.130483	0.0511466	0.000287489	0.807885	0.579468	0.227139	0.00127672	0.000310474	0.0013788	
907	0.0803414	0.0802633	7.80699e-05	0	0.356792	0.356445	0.000346704	0	0	0	
908	0.10985	0.09923	0.0106029	1.76657e-05	0.487841	0.440675	0.0470872	7.84527e-05	2.42636e-05	0.000107753	
909	0.106739	0.105488	0.00125024	0	0.474023	0.46847	0.00555226	0	0	0	
910	0.11701	0.0901741	0.0268365	0	0.519639	0.400459	0.119179	0	0	0	
911	0.119604	0.106635	0.0127941	0.000175256	0.531158	0.473562	0.0568183	0.000778305	0.000182291	0.000809547	
912	0.104287	0.0959183	0.00831005	5.93811e-05	0.463137	0.425968	0.0369045	0.000263708	5.9375e-05	0.000263681	
913	0.115167	0.0987486	0.0163185	0.000100084	0.511452	0.438537	0.0724699	0.000444468	0.000101186	0.000449366	
914	0.07674	0.07674	0	0	0.340798	0.340798	0	0	0	0	
915	0.111092	0.0917736	0.0192967	2.22488e-05	0.493356	0.407562	0.0856957	9.8806e-05	2.33349e-05	0.000103629	
916	0.106919	0.106919	0	0	0.474825	0.474825	0	0	0	0	
917	0.118397	0.0926405	0.0257555	1.10791e-06	0.525796	0.411412	0.114379	4.92018e-06	1.27607e-06	5.66696e-06	
918	0.126873	0.0890141	0.0377896	6.92312e-05	0.563437	0.395307	0.167822	0.000307452	0.000101528	0.000450882	
919	0.0903707	0.0863055	0.00406521	0	0.401332	0.383278	0.0180534	0	0	0	
920	0.118716	0.0858708	0.0328123	3.31525e-05	0.527213	0.381348	0.145718	0.000147228	5.24352e-05	0.000232862	
921	0.0383432	0.0383432	0	0	0.17028	0.17028	0	0	0	0	
922	0.0194263	0.0191608	0.00026549	0	0.0862716	0.0850925	0.00117902	0	0	0	
923	0.0622311	0.0592513	0.00297073	9.02622e-06	0.276365	0.263132	0.0131928	4.0085e-05	2.118e-05	9.40597e-05	
924	0.0626085	0.0517367	0.0108717	0	0.278041	0.22976	0.0482811	0	0	0	
925	0.0488485	0.0448816	0.00394497	2.19628e-05	0.216934	0.199317	0.0175194	9.75358e-05	2.36972e-05	0.000105238	
926	0.0667431	0.0588887	0.00785436	0	0.296403	0.261522	0.0348808	0	0	0	
927	0.078441	0.07738	0.00106107	0	0.348353	0.34364	0.00471216	0	0	0	
928	0.0994425	0.0952543	0.00418817	0	0.441619	0.423019	0.0185995	0	0	0	
929	0.0444838	0.0430556	0.00142828	0	0.19755	0.191207	0.00634294	0	0	0	
930	0.0764638	0.0748676	0.00159624	0	0.339572	0.332483	0.00708883	0	0	0	
931	0.0906018	0.0826928	0.00785248	5.65835e-05	0.402358	0.367234	0.0348724	0.000251284	5.65774e-05	0.000251257	
932	0.0855055	0.0842565	0.00124902	0	0.379726	0.374179	0.00554684	0	0	0	
933	0.0478308	0.0477853	4.55505e-05	0	0.212414	0.212212	0.000202287	0	0	0	
934	0.046751	0.0455289	0.00122212	0	0.207619	0.202191	0.0054274	0	0	0	
935	0.0879988	0.0778317	0.0101635	3.5414e-06	0.390798	0.345647	0.0451358	1.57272e-05	4.01761e-06	1.7842e-05	
936	0.0764297	0.0759297	0.000500008	0	0.33942	0.3372	0.00222051	0	0	0	
937	0.0619901	0.0619901	0	0	0.275295	0.275295	0	0	0	0	
938	0.067437	0.067437	0	0	0.299484	0.299484	0	0	0	0	
939	0.0743916	0.0730248	0.00136067	6.10647e-06	0.330369	0.324299	0.00604271	2.71185e-05	6.10058e-06	2.70924e-05	
940	0.0753548	0.0746122	0.000742667	0	0.334647	0.331349	0.00329814	0	0	0	
941	0.0688467	0.0688467	0	0	0.305744	0.305744	0	0	0	0	
942	0.0709606	0.0709605	0	0	0.315132	0.315132	0	0	0	0	
943	0.0805852	0.0803726	0.000212531	0	0.357875	0.356931	0.000943842	0	0	0	
944	0.064547	0.0637287	0.000818227	0	0.28665	0.283016	0.00363371	0	0	0	
945	0.0636604	0.0634478	0.000212531	0	0.282712	0.281769	0.000943842	0	0	0	
946	0.0657493	0.0657493	0	0	0.291989	0.291989	0	0	0	0	
947	0.0960045	0.0960045	0	0	0.426351	0.426351	0	0	0	0	
948	0.0631491	0.0543676	0.00878148	0	0.280442	0.241444	0.0389981	0	0	0	
949	0.0648697	0.0648697	0	0	0.288083	0.288083	0	0	0	0	
950	0.0862982	0.0862982	0	0	0.383246	0.383246	0	0	0	0	
951	0.116855	0.116301	0.000554653	0	0.518951	0.516488	0.00246318	0	0	0	
952	0.0498728	0.0496314	0.00024148	0	0.221483	0.22041	0.0010724	0	0	0	
953	0.0539489	0.0534477	0.000501186	0	0.239584	0.237358	0.00222574	0	0	0	
954	0.0870165	0.0866388	0.000377704	0	0.386436	0.384759	0.00167736	0	0	0	
955	0.0893314	0.0893314	0	0	0.396716	0.396716	0	0	0	0	
956	0.053937	0.0498372	0.00409983	0	0.239532	0.221324	0.0182071	0	0	0	
957	0.0791904	0.0791904	0	0	0.351681	0.351681	0	0	0	0	
958	0.0792699	0.0695011	0.00976885	0	0.352034	0.308651	0.043383	0	0	0	
959	0.0911835	0.0911835	0	0	0.404941	0.404941	0	0	0	0	
960	0.0568137	0.0568137	0	0	0.252306	0.252306	0	0	0	0	
961	0.0788039	0.075118	0.00368592	0	0.349964	0.333595	0.016369	0	0	0	
962	0.0985126	0.098205	0.000307642	0	0.43749	0.436123	0.00136622	0	0	0	
963	0.146391	0.146066	0.000325189	3.44827e-08	0.650117	0.648673	0.00144415	1.53136e-07	2.85937e-08	1.26983e-07	
964	0.104944	0.104566	0.000377704	0	0.466052	0.464375	0.00167736	0	0	0	
965	0.152354	0.0964123	0.0559421	0	0.676599	0.428162	0.248436	0	0	0	
966	0.157799	0.101857	0.0559424	0	0.700779	0.452342	0.248437	0	0	0	
967	0.0444182	0.0444182	0	0	0.197259	0.197259	0	0	0	0	
968	0.070799	0.070799	0	0	0.314415	0.314415	0	0	0	0	
969	0.196105	0.178198	0.0179015	5.86912e-06	0.870896	0.79137	0.0794999	2.60645e-05	9.12479e-06	4.05227e-05	
970	0.215084	0.173987	0.0408556	0.000242066	0.955182	0.772669	0.181438	0.001075	0.000432252	0.00191961	
