Node	dPC	dPCintra	dPCflux	dPCconnector	varPC	varPCintra	varPCflux	varPCconnector	dBC_PC	varBC_PC	
1	0.172065	0.16598	0.00608534	0	0.763637	0.736629	0.0270071	0	0	0	
2	0.0883818	0.0835531	0.00482871	0	0.392244	0.370813	0.0214301	0	0	0	
3	0.0934986	0.0818537	0.0116449	0	0.414952	0.363271	0.0516808	0	0	0	
4	0.0574618	0.0574618	0	0	0.255019	0.255019	0	0	0	0	
5	0.116372	0.106329	0.010035	8.82458e-06	0.51647	0.471894	0.0445363	3.9164e-05	1.06219e-05	4.71408e-05	
6	0.0915222	0.0895598	0.00195858	3.86595e-06	0.406181	0.397471	0.00869233	1.71573e-05	3.85719e-06	1.71184e-05	
7	0.0873172	0.086259	0.00105827	0	0.387519	0.382822	0.00469669	0	0	0	
8	0.122876	0.103084	0.0197921	0	0.545333	0.457494	0.0878387	0	0	0	
9	0.0905907	0.0866885	0.00390225	0	0.402047	0.384729	0.0173184	0	0	0	
10	0.0600624	0.0593881	0.00067428	0	0.26656	0.263568	0.00299249	0	0	0	
11	0.0843839	0.0792689	0.0051149	0	0.3745	0.3518	0.0227002	0	0	0	
12	0.0983486	0.094666	0.00367446	8.11941e-06	0.436477	0.420133	0.0163074	3.60344e-05	8.19192e-06	3.63562e-05	
13	0.103283	0.103283	0	0	0.458377	0.458377	0	0	0	0	
14	0.0836516	0.0836478	3.84311e-06	0	0.371251	0.371234	1.70559e-05	0	0	0	
15	0.0949039	0.0929928	0.00191109	0	0.421189	0.412708	0.00848154	0	0	0	
16	0.0735	0.0735	0	0	0.326197	0.326197	0	0	0	0	
17	0.0879621	0.0847427	0.00321744	2.00989e-06	0.390381	0.376093	0.0142791	8.92005e-06	2.0012e-06	8.88147e-06	
18	0.072676	0.0723672	0.000308789	0	0.32254	0.32117	0.00137042	0	0	0	
19	0.0880383	0.0845553	0.00348304	0	0.390719	0.375261	0.0154579	0	0	0	
20	0.0593705	0.0592988	7.16487e-05	0	0.263489	0.263171	0.000317981	0	0	0	
21	0.0838695	0.0819958	0.00187369	0	0.372217	0.363902	0.00831559	0	0	0	
22	0.0891743	0.0878338	0.00133886	1.61092e-06	0.39576	0.389811	0.00594196	7.14939e-06	2.87514e-06	1.276e-05	
23	0.0974254	0.0952492	0.00217282	3.34953e-06	0.43238	0.422722	0.00964311	1.48654e-05	3.34085e-06	1.48269e-05	
24	0.0663761	0.0652877	0.0010884	0	0.294581	0.289751	0.00483041	0	0	0	
25	0.125908	0.115882	0.00985708	0.00016947	0.55879	0.514291	0.0437463	0.000752119	0.000169917	0.000754105	
26	0.0853874	0.0845382	0.000848151	1.05978e-06	0.378954	0.375185	0.00376414	4.70338e-06	1.05111e-06	4.66491e-06	
27	0.0850312	0.0764661	0.00838255	0.000182593	0.377373	0.339361	0.0372022	0.00081036	0.00018261	0.000810434	
28	0.0644293	0.0623029	0.00212647	0	0.285941	0.276504	0.0094374	0	0	0	
29	0.107651	0.101582	0.00606809	5.83615e-07	0.477763	0.450829	0.0269305	2.59012e-06	5.74795e-07	2.55097e-06	
30	0.170598	0.149297	0.0212094	9.16313e-05	0.757127	0.662592	0.0941287	0.000406665	9.67743e-05	0.00042949	
31	0.144578	0.138838	0.00573847	1.53948e-06	0.641648	0.616173	0.0254677	6.83234e-06	1.53071e-06	6.79342e-06	
32	0.145801	0.139303	0.0064985	6.18015e-08	0.647077	0.618236	0.0288407	2.74278e-07	6.94438e-07	3.08196e-06	
33	0.0789897	0.0768824	0.00210727	0	0.350561	0.341209	0.0093522	0	0	0	
34	0.104234	0.0974529	0.00678106	0	0.462596	0.432502	0.0300947	0	0	0	
35	0.0755433	0.0611521	0.0143597	3.15068e-05	0.335266	0.271396	0.0637295	0.000139829	4.43221e-05	0.000196704	
36	0.0834438	0.0814102	0.00203358	0	0.370328	0.361303	0.00902517	0	0	0	
37	0.168306	0.0952778	0.0701893	0.00283956	0.746955	0.422848	0.311504	0.0126021	0.00497056	0.0220596	
38	0.0800198	0.0786589	0.0013609	0	0.355132	0.349093	0.00603976	0	0	0	
39	0.091907	0.0841613	0.00768409	6.15812e-05	0.407888	0.373513	0.0341024	0.000273301	6.36962e-05	0.000282688	
40	0.101658	0.101265	0.000392343	0	0.451165	0.449424	0.00174124	0	0	0	
41	0.0988971	0.0962251	0.0026712	7.92878e-07	0.438911	0.427053	0.0118549	3.51884e-06	6.22772e-06	2.7639e-05	
42	0.0770409	0.074166	0.00287482	0	0.341912	0.329153	0.0127586	0	0	0	
43	0.059884	0.0555028	0.0043812	0	0.265769	0.246325	0.019444	0	0	0	
44	0.0650171	0.0648014	0.000215721	0	0.28855	0.287592	0.000957383	0	0	0	
45	0.0555884	0.0523011	0.00328166	5.65713e-06	0.246704	0.232115	0.0145642	2.51066e-05	7.80527e-06	3.46403e-05	
46	0.0934304	0.0853883	0.00804207	1.69116e-08	0.41465	0.378958	0.0356912	7.5055e-08	3.26005e-08	1.44683e-07	
47	0.136819	0.135264	0.00155487	0	0.607212	0.600312	0.00690063	0	0	0	
48	0.107668	0.0852921	0.022374	2.26262e-06	0.477838	0.378531	0.0992972	1.00416e-05	1.46886e-05	6.5189e-05	
49	0.167523	0.158858	0.00865793	7.01795e-06	0.74348	0.705025	0.0384244	3.11461e-05	8.7221e-06	3.87092e-05	
50	0.100625	0.0955647	0.00506087	2.74318e-07	0.446583	0.424122	0.0224604	1.21744e-06	1.00968e-06	4.48106e-06	
51	0.0851008	0.0849337	0.000167158	0	0.377682	0.376941	0.00074186	0	0	0	
52	0.0773207	0.0764753	0.000845342	0	0.343154	0.339402	0.00375168	0	0	0	
53	0.097037	0.0952651	0.00176668	5.22926e-06	0.430656	0.422792	0.00784063	2.32078e-05	5.22937e-06	2.32082e-05	
54	0.0940191	0.0910428	0.00297623	0	0.417262	0.404053	0.0132087	0	0	0	
55	0.101016	0.0930588	0.00795801	0	0.448319	0.413	0.0353181	0	0	0	
56	0.120359	0.112409	0.00794332	6.86427e-06	0.534162	0.498879	0.0352529	3.0464e-05	8.00229e-06	3.55146e-05	
57	0.101702	0.101105	0.00059652	0	0.45136	0.448712	0.00264739	0	0	0	
58	0.120918	0.0916491	0.0291922	7.75081e-05	0.536645	0.406744	0.129557	0.000343986	9.7581e-05	0.00043307	
59	0.16953	0.112456	0.0570736	1.69148e-07	0.752384	0.499087	0.253296	7.5069e-07	2.54736e-07	1.13053e-06	
60	0.0780062	0.0738714	0.00412197	1.28191e-05	0.346196	0.327845	0.0182935	5.68921e-05	1.35371e-05	6.00786e-05	
61	0.0890164	0.0874579	0.00155846	0	0.39506	0.388143	0.00691658	0	0	0	
62	0.103851	0.0937629	0.0100674	2.12443e-05	0.460899	0.416125	0.0446797	9.42837e-05	3.78944e-05	0.000168178	
63	0.123451	0.0942493	0.0291672	3.54314e-05	0.547887	0.418284	0.129445	0.000157247	5.15647e-05	0.000228847	
64	0.098875	0.0971653	0.0017075	2.229e-06	0.438813	0.431225	0.00757799	9.89245e-06	3.50082e-06	1.55368e-05	
65	0.113	0.102936	0.00996529	9.9144e-05	0.501504	0.456837	0.0442265	0.000440007	0.000100281	0.000445054	
66	0.111805	0.101283	0.0105224	0	0.4962	0.449501	0.0466993	0	0	0	
67	0.163729	0.13782	0.0259075	1.9133e-06	0.726642	0.611654	0.114979	8.49137e-06	2.96632e-06	1.31647e-05	
68	0.113501	0.0801445	0.0332349	0.000122431	0.503728	0.355686	0.147498	0.000543359	0.000129183	0.000573323	
69	0.115249	0.114149	0.00110001	8.34616e-08	0.511485	0.506603	0.00488193	3.70407e-07	9.96898e-08	4.42429e-07	
70	0.0788089	0.0766136	0.00219395	1.4236e-06	0.349759	0.340015	0.0097369	6.31806e-06	1.7423e-06	7.73246e-06	
71	0.0657553	0.0443382	0.021417	0	0.291826	0.196775	0.0950501	0	0	0	
72	0.161968	0.129916	0.032004	4.86811e-05	0.718827	0.576575	0.142036	0.000216049	6.01624e-05	0.000267004	
73	0.0730701	0.0598619	0.0132081	0	0.324289	0.265671	0.0586185	0	0	0	
74	0.146388	0.106346	0.0400235	1.81594e-05	0.64968	0.471973	0.177626	8.05928e-05	2.78295e-05	0.000123509	
75	0.186382	0.143289	0.0427937	0.000298966	0.827175	0.635927	0.189921	0.00132682	0.000357582	0.00158697	
76	0.159185	0.140735	0.0181739	0.000276082	0.706475	0.624593	0.0806572	0.00122527	0.00027923	0.00123924	
77	0.0897813	0.0892399	0.000541435	0	0.398455	0.396052	0.00240292	0	0	0	
78	0.138203	0.0983044	0.0398397	5.88033e-05	0.613353	0.436281	0.176811	0.000260972	6.97326e-05	0.000309477	
79	0.154707	0.136448	0.0181745	8.35962e-05	0.686599	0.605568	0.0806597	0.000371005	0.000108126	0.00047987	
80	0.138041	0.124613	0.0134132	1.40408e-05	0.612635	0.553044	0.0595289	6.2314e-05	1.57068e-05	6.97078e-05	
81	0.109284	0.105752	0.00353208	0	0.485013	0.469337	0.0156756	0	0	0	
82	0.239395	0.160402	0.0780176	0.000975548	1.06245	0.711875	0.346247	0.00432954	0.00119135	0.00528728	
83	0.159516	0.124606	0.0348654	4.39516e-05	0.707943	0.553012	0.154735	0.00019506	4.72444e-05	0.000209673	
84	0.119141	0.0957335	0.0234082	0	0.528758	0.424871	0.103887	0	0	0	
85	0.140805	0.100631	0.0401741	0	0.624904	0.446609	0.178295	0	0	0	
86	0.170145	0.145522	0.0244714	0.000150767	0.755114	0.645839	0.108605	0.000669115	0.000155718	0.000691088	
87	0.0833019	0.0772414	0.00606047	0	0.369698	0.342802	0.0268967	0	0	0	
88	0.0843895	0.0812456	0.0031334	1.04603e-05	0.374525	0.360573	0.0139062	4.64237e-05	1.11045e-05	4.92825e-05	
89	0.0770133	0.0765928	0.000420457	0	0.341789	0.339923	0.00186601	0	0	0	
90	0.107834	0.0983368	0.00949758	0	0.478576	0.436425	0.0421508	0	0	0	
91	0.107585	0.101892	0.00569244	2.69123e-07	0.477471	0.452207	0.0252634	1.19438e-06	2.60377e-07	1.15557e-06	
92	0.0848569	0.0834703	0.00138663	0	0.3766	0.370446	0.00615397	0	0	0	
93	0.0958687	0.0898509	0.00601781	0	0.425471	0.398764	0.0267074	0	0	0	
94	0.0906198	0.0853705	0.00524893	3.28855e-07	0.402176	0.378879	0.0232951	1.45948e-06	1.44064e-06	6.39367e-06	
95	0.153569	0.130891	0.0226781	0	0.681549	0.580902	0.100646	0	0	0	
96	0.18739	0.15886	0.0284114	0.000119485	0.831652	0.70503	0.126091	0.000530283	0.000210011	0.000932044	
97	0.113886	0.0942904	0.0195857	1.05223e-05	0.505436	0.418466	0.0869228	4.66987e-05	1.50014e-05	6.65771e-05	
98	0.100896	0.0892204	0.0116603	1.54056e-05	0.447783	0.395965	0.0517494	6.83712e-05	1.713e-05	7.6024e-05	
99	0.107639	0.100031	0.00760695	1.18259e-06	0.477711	0.443946	0.0337601	5.24844e-06	1.19607e-06	5.30825e-06	
100	0.0969071	0.0919664	0.00494048	2.72153e-07	0.430079	0.408152	0.0219261	1.20783e-06	2.7218e-06	1.20795e-05	
101	0.147094	0.144283	0.00281052	0	0.652812	0.640339	0.0124732	0	0	0	
102	0.139662	0.10725	0.0324121	0	0.619829	0.475982	0.143847	0	0	0	
103	0.075751	0.0733132	0.00243168	6.16333e-06	0.336187	0.325368	0.0107919	2.73532e-05	6.15968e-06	2.7337e-05	
104	0.10645	0.0832937	0.0231316	2.52906e-05	0.472434	0.369662	0.102659	0.000112241	3.07155e-05	0.000136317	
105	0.0926915	0.0862108	0.0064109	6.98022e-05	0.41137	0.382608	0.0284519	0.000309786	7.05215e-05	0.000312978	
106	0.134659	0.111521	0.0231365	1.36273e-06	0.597625	0.494938	0.102681	6.04789e-06	6.55535e-06	2.9093e-05	
107	0.214607	0.146676	0.0677673	0.000163269	0.95244	0.65096	0.300755	0.0007246	0.000242998	0.00107843	
108	0.100765	0.0969033	0.00385977	2.60765e-06	0.447204	0.430063	0.0171299	1.15729e-05	2.85268e-06	1.26604e-05	
109	0.12977	0.108088	0.0214826	0.000199279	0.575928	0.479703	0.0953411	0.000884416	0.000207461	0.000920726	
110	0.117157	0.10861	0.00854667	3.67884e-07	0.51995	0.482018	0.0379306	1.63269e-06	9.83306e-07	4.36397e-06	
111	0.105019	0.0962216	0.00879366	3.88542e-06	0.466081	0.427037	0.0390268	1.72437e-05	4.60502e-06	2.04373e-05	
112	0.102253	0.0947962	0.00745763	0	0.453808	0.420711	0.0330974	0	0	0	
113	0.0947607	0.0917645	0.00299185	4.30736e-06	0.420553	0.407256	0.013278	1.91163e-05	5.54492e-06	2.46087e-05	
114	0.150556	0.12414	0.0262097	0.000205779	0.668178	0.550944	0.11632	0.000913262	0.000513261	0.00227788	
115	0.11448	0.106803	0.00767385	3.05967e-06	0.508069	0.473999	0.034057	1.3579e-05	5.59648e-06	2.48375e-05	
116	0.121886	0.114349	0.007537	3.24651e-07	0.54094	0.507489	0.0334496	1.44082e-06	3.4083e-07	1.51262e-06	
117	0.103837	0.0968455	0.00699197	0	0.460837	0.429806	0.0310308	0	0	0	
118	0.104322	0.101597	0.00272503	0	0.462989	0.450895	0.0120938	0	0	0	
119	0.116064	0.113545	0.00251891	0	0.515102	0.503922	0.011179	0	0	0	
120	0.109859	0.0961176	0.0136647	7.7515e-05	0.487565	0.426576	0.060645	0.000344016	0.000111955	0.000496865	
121	0.0904556	0.0843079	0.00612376	2.38888e-05	0.401447	0.374163	0.0271776	0.00010602	3.01602e-05	0.000133852	
122	0.182482	0.15762	0.0247558	0.000105706	0.809867	0.69953	0.109867	0.000469132	0.000151909	0.000674181	
123	0.111537	0.106937	0.00459977	1.64643e-07	0.49501	0.474595	0.0204141	7.30696e-07	3.83032e-07	1.69992e-06	
124	0.13675	0.0963095	0.0401261	0.000315014	0.606907	0.427427	0.178082	0.00139805	0.000631161	0.00280113	
125	0.108852	0.103348	0.00550359	0	0.483092	0.458667	0.0244253	0	0	0	
126	0.132936	0.104299	0.0285782	5.90125e-05	0.58998	0.462886	0.126832	0.000261901	7.11438e-05	0.00031574	
127	0.204894	0.191513	0.0133407	3.96139e-05	0.909332	0.849949	0.0592072	0.000175809	4.3167e-05	0.000191578	
128	0.131928	0.120593	0.0113329	2.76069e-06	0.585508	0.5352	0.0502961	1.22521e-05	6.76969e-06	3.00442e-05	
129	0.123879	0.117992	0.00588689	5.35674e-07	0.549785	0.523656	0.0261264	2.37735e-06	9.59378e-07	4.25778e-06	
130	0.0974702	0.0961935	0.00127591	8.17399e-07	0.432579	0.426912	0.00566258	3.62767e-06	1.05693e-06	4.69076e-06	
131	0.131765	0.124568	0.00718979	7.73952e-06	0.584783	0.55284	0.0319087	3.43484e-05	8.27342e-06	3.67179e-05	
132	0.116799	0.0851156	0.0316834	0	0.518361	0.377748	0.140613	0	0	0	
133	0.127964	0.110755	0.0170648	0.00014409	0.567913	0.491539	0.0757347	0.000639481	0.000157184	0.000697594	
134	0.0969923	0.0955903	0.00140202	0	0.430457	0.424235	0.00622226	0	0	0	
135	0.0723849	0.0705195	0.00186537	0	0.321248	0.31297	0.00827865	0	0	0	
136	0.106957	0.103458	0.00349467	3.97236e-06	0.474683	0.459156	0.0155095	1.76295e-05	4.93068e-06	2.18826e-05	
137	0.116305	0.102065	0.0141793	6.00583e-05	0.51617	0.452975	0.0629287	0.000266542	8.53876e-05	0.000378955	
138	0.110956	0.104294	0.00665701	4.69936e-06	0.49243	0.462865	0.0295442	2.0856e-05	6.64144e-06	2.94751e-05	
139	0.109667	0.106155	0.00351152	0	0.486709	0.471125	0.0155843	0	0	0	
140	0.134073	0.120996	0.0130456	3.18772e-05	0.595027	0.536989	0.0578972	0.000141473	3.27238e-05	0.00014523	
141	0.098502	0.0929798	0.00551337	8.89725e-06	0.437158	0.41265	0.0244686	3.94865e-05	1.65067e-05	7.32581e-05	
142	0.088423	0.0833913	0.00503173	0	0.392426	0.370095	0.0223311	0	0	0	
143	0.158685	0.154725	0.00395995	8.73535e-08	0.704257	0.686683	0.0175745	3.8768e-07	7.85273e-08	3.48509e-07	
144	0.100988	0.0987208	0.0022665	1.18924e-06	0.448193	0.438129	0.0100588	5.27795e-06	1.18054e-06	5.23934e-06	
145	0.0895082	0.0867325	0.00277537	3.75795e-07	0.397243	0.384924	0.0123172	1.6678e-06	6.73028e-07	2.98694e-06	
146	0.0619789	0.0611675	0.000811398	0	0.275066	0.271465	0.00360103	0	0	0	
147	0.073582	0.0726796	0.000901313	1.11461e-06	0.326561	0.322556	0.00400008	4.94672e-06	1.54222e-06	6.8445e-06	
148	0.112059	0.107796	0.0042623	3.37869e-07	0.497326	0.478408	0.0189163	1.49948e-06	4.8146e-07	2.13675e-06	
149	0.114008	0.099902	0.0140625	4.40368e-05	0.505977	0.443371	0.0624103	0.000195438	5.10044e-05	0.00022636	
150	0.0981661	0.0825978	0.0155302	3.80867e-05	0.435667	0.366574	0.0689241	0.000169031	6.33011e-05	0.000280934	
151	0.133401	0.124442	0.00894797	1.06632e-05	0.592042	0.552284	0.0397116	4.73241e-05	1.24858e-05	5.54129e-05	
152	0.093566	0.0847682	0.00879761	2.4851e-07	0.415251	0.376206	0.0390443	1.1029e-06	3.50157e-07	1.55401e-06	
153	0.1395	0.13563	0.00387012	0	0.61911	0.601934	0.0171758	0	0	0	
154	0.103669	0.0977275	0.00594165	2.37031e-07	0.460091	0.43372	0.0263694	1.05196e-06	3.13094e-06	1.38953e-05	
155	0.111663	0.0918689	0.0197865	8.18516e-06	0.49557	0.407719	0.0878138	3.63262e-05	1.70346e-05	7.56009e-05	
156	0.114231	0.0947799	0.0194454	6.20602e-06	0.506967	0.420639	0.0863001	2.75427e-05	1.09039e-05	4.83925e-05	
157	0.0890754	0.0883832	0.000692166	0	0.395322	0.39225	0.00307187	0	0	0	
158	0.111249	0.103547	0.00768952	1.30461e-05	0.493733	0.459549	0.0341265	5.78994e-05	1.5993e-05	7.09779e-05	
159	0.103345	0.0993175	0.00402636	1.79961e-06	0.458654	0.440777	0.0178692	7.98681e-06	4.39146e-06	1.94895e-05	
160	0.171614	0.155902	0.0157059	5.58376e-06	0.761634	0.691905	0.0697041	2.47811e-05	1.28946e-05	5.72271e-05	
161	0.210096	0.174082	0.0358383	0.00017504	0.93242	0.77259	0.159052	0.000776839	0.000221513	0.000983091	
162	0.12017	0.0943581	0.0257715	4.13343e-05	0.533326	0.418767	0.114375	0.000183444	4.91655e-05	0.000218199	
163	0.090419	0.0786526	0.0117663	0	0.401285	0.349065	0.0522197	0	0	0	
164	0.123701	0.0898715	0.0338298	5.55077e-07	0.548996	0.398855	0.150138	2.46346e-06	8.10585e-07	3.59742e-06	
165	0.15209	0.115413	0.0364062	0.000270959	0.674988	0.512213	0.161573	0.00120253	0.000277315	0.00123074	
166	0.102013	0.0975939	0.00441917	0	0.45274	0.433127	0.0196125	0	0	0	
167	0.10454	0.0972898	0.0072408	1.03619e-05	0.463959	0.431778	0.0321351	4.59867e-05	1.03533e-05	4.59487e-05	
168	0.104944	0.0982369	0.00669912	8.4504e-06	0.46575	0.435981	0.0297311	3.75033e-05	1.284e-05	5.69849e-05	
169	0.0982845	0.0949535	0.00332701	3.92829e-06	0.436192	0.421409	0.0147654	1.7434e-05	3.9195e-06	1.73949e-05	
170	0.144825	0.108881	0.0351945	0.000750097	0.642745	0.483221	0.156195	0.00332897	0.000965687	0.00428577	
171	0.227983	0.195743	0.0322389	1.50029e-06	1.0118	0.86872	0.143078	6.6584e-06	2.80816e-06	1.24627e-05	
172	0.135808	0.122391	0.0134147	2.35079e-06	0.602727	0.543181	0.0595353	1.04329e-05	2.34758e-06	1.04187e-05	
173	0.187804	0.135973	0.0516399	0.000190639	0.833486	0.603459	0.229181	0.000846068	0.000268332	0.00119087	
174	0.118689	0.113496	0.0051928	0	0.526752	0.503706	0.0230459	0	0	0	
175	0.10799	0.0964717	0.0115184	0	0.479267	0.428147	0.0511195	0	0	0	
176	0.10863	0.0950559	0.0134978	7.71513e-05	0.48211	0.421864	0.0599041	0.000342402	9.61034e-05	0.000426513	
177	0.190688	0.142126	0.0484281	0.00013385	0.846287	0.630765	0.214927	0.000594038	0.000145642	0.000646372	
178	0.133764	0.106678	0.0270019	8.35632e-05	0.593653	0.473446	0.119836	0.000370858	0.00012589	0.000558709	
179	0.181526	0.140761	0.0405231	0.000242271	0.805626	0.624706	0.179844	0.00107521	0.000323291	0.00143478	
180	0.115019	0.101676	0.0133383	4.19435e-06	0.510462	0.451247	0.0591964	1.86148e-05	4.44841e-06	1.97423e-05	
181	0.132273	0.125635	0.00663727	9.88213e-07	0.587039	0.557578	0.0294566	4.38575e-06	4.19899e-06	1.86353e-05	
182	0.103876	0.0996636	0.00421265	0	0.461009	0.442313	0.0186959	0	0	0	
183	0.117103	0.111796	0.00530755	0	0.519713	0.496158	0.0235552	0	0	0	
184	0.0943605	0.0882409	0.0061189	7.21709e-07	0.418777	0.391618	0.027156	3.20298e-06	9.62215e-07	4.27037e-06	
185	0.0959962	0.082782	0.0132124	1.73123e-06	0.426037	0.367391	0.0586377	7.6833e-06	1.73555e-06	7.70248e-06	
186	0.144654	0.114085	0.0305573	1.18765e-05	0.641984	0.506316	0.135615	5.2709e-05	1.43184e-05	6.3546e-05	
187	0.0888534	0.088492	0.000361473	0	0.394337	0.392732	0.00160423	0	0	0	
188	0.0861838	0.0808753	0.00529983	8.62444e-06	0.382489	0.358929	0.0235209	3.82757e-05	1.06989e-05	4.74824e-05	
189	0.109762	0.102544	0.00720993	7.85148e-06	0.487131	0.455098	0.0319981	3.48453e-05	7.8429e-06	3.48073e-05	
190	0.070942	0.0595237	0.0114182	5.53881e-08	0.314845	0.26417	0.0506747	2.45815e-07	8.72677e-08	3.87299e-07	
191	0.328077	0.213867	0.111535	0.00267524	1.45602	0.949155	0.495	0.0118729	0.00289808	0.0128618	
192	0.073262	0.0731699	9.20538e-05	0	0.325141	0.324732	0.00040854	0	0	0	
193	0.118701	0.118701	0	0	0.526805	0.526805	0	0	0	0	
194	0.15889	0.121373	0.037474	4.25972e-05	0.705165	0.538664	0.166312	0.000189049	7.16562e-05	0.000318014	
195	0.0895013	0.0888379	0.000663385	0	0.397212	0.394268	0.00294414	0	0	0	
196	0.0896168	0.0896168	0	0	0.397725	0.397725	0	0	0	0	
197	0.0771976	0.0561638	0.0209813	5.24925e-05	0.342608	0.249258	0.0931164	0.000232965	0.000129366	0.000574134	
198	0.16414	0.114585	0.0480637	0.00149089	0.728464	0.508538	0.213309	0.00661669	0.00191979	0.00852017	
199	0.135517	0.114623	0.0208945	0	0.601436	0.508704	0.0927312	0	0	0	
200	0.112846	0.0874305	0.0254158	0	0.500819	0.388022	0.112797	0	0	0	
201	0.158939	0.100837	0.0569561	0.00114623	0.705382	0.447521	0.252774	0.00508707	0.00216187	0.00959455	
202	0.10612	0.10612	0	0	0.470968	0.470968	0	0	0	0	
203	0.0959764	0.0947225	0.00125387	0	0.425949	0.420384	0.00556479	0	0	0	
204	0.169824	0.134095	0.035695	3.46042e-05	0.753693	0.595122	0.158416	0.000153575	5.72869e-05	0.000254243	
205	0.119682	0.0900608	0.0296124	9.50733e-06	0.531159	0.399695	0.131422	4.21941e-05	2.50541e-05	0.000111191	
206	0.1771	0.149659	0.0274153	2.53756e-05	0.785982	0.664198	0.12167	0.000112618	4.19402e-05	0.000186133	
207	0.0603381	0.0520172	0.00832093	0	0.267784	0.230855	0.0369288	0	0	0	
208	0.102424	0.0984869	0.00393713	1.90466e-07	0.454565	0.437091	0.0174732	8.453e-07	1.81751e-07	8.06622e-07	
209	0.136115	0.0953961	0.0407193	0	0.604089	0.423374	0.180715	0	0	0	
210	0.114371	0.113895	0.000476101	0	0.507587	0.505474	0.00211296	0	0	0	
211	0.167865	0.103698	0.0641671	0	0.744996	0.460219	0.284777	0	0	0	
212	0.116696	0.116556	0.000139702	0	0.517905	0.517285	0.000620009	0	0	0	
213	0.236868	0.164907	0.071656	0.000304672	1.05123	0.731869	0.318013	0.00135215	0.000392004	0.00173973	
214	0.118697	0.115999	0.00269537	2.47466e-06	0.526784	0.514811	0.0119622	1.09827e-05	2.51902e-06	1.11795e-05	
215	0.179147	0.16185	0.0172731	2.36566e-05	0.795067	0.718303	0.0766593	0.000104989	2.48287e-05	0.000110191	
216	0.100561	0.0849384	0.0156157	7.55623e-06	0.446299	0.376961	0.0693036	3.3535e-05	8.27802e-06	3.67383e-05	
217	0.18367	0.141098	0.0420444	0.000527567	0.815141	0.626204	0.186595	0.00234137	0.000564969	0.00250736	
218	0.0978234	0.0973054	0.000517943	0	0.434146	0.431847	0.00229866	0	0	0	
219	0.134022	0.133252	0.000770114	0	0.5948	0.591382	0.00341781	0	0	0	
220	0.0973062	0.0839411	0.0133588	6.24666e-06	0.43185	0.372535	0.0592875	2.7723e-05	1.60965e-05	7.14373e-05	
221	0.107373	0.0939894	0.0133258	5.77526e-05	0.476528	0.41713	0.059141	0.000256309	5.78314e-05	0.000256659	
222	0.0503517	0.0503461	5.56001e-06	0	0.223464	0.223439	2.46756e-05	0	0	0	
223	0.0970513	0.0969074	0.000143813	0	0.430719	0.430081	0.000638251	0	0	0	
224	0.1573	0.14544	0.0118594	0	0.698107	0.645474	0.0526329	0	0	0	
225	0.0842319	0.0784029	0.00577921	4.97363e-05	0.373826	0.347957	0.0256485	0.000220732	5.23291e-05	0.00023224	
226	0.227858	0.225323	0.00253149	3.34073e-06	1.01124	1	0.0112349	1.48263e-05	3.46219e-06	1.53654e-05	
227	0.0846363	0.0823591	0.00227697	1.81298e-07	0.375621	0.365514	0.0101053	8.04615e-07	1.78632e-07	7.92782e-07	
228	0.0905351	0.0794344	0.0110421	5.8539e-05	0.4018	0.352534	0.0490058	0.0002598	5.85308e-05	0.000259763	
229	0.125312	0.124022	0.00128937	0	0.556143	0.55042	0.00572234	0	0	0	
230	0.107028	0.106691	0.000336611	8.28651e-08	0.474998	0.473504	0.0014939	3.6776e-07	7.59844e-08	3.37223e-07	
231	0.0922283	0.0921138	0.000114499	0	0.409314	0.408806	0.000508157	0	0	0	
232	0.0850232	0.0751534	0.00986986	0	0.377338	0.333535	0.043803	0	0	0	
233	0.0784632	0.0782013	0.000261859	0	0.348224	0.347062	0.00116214	0	0	0	
234	0.104468	0.104399	6.90227e-05	0	0.463636	0.463329	0.000306327	0	0	0	
235	0.136373	0.136373	0	0	0.605233	0.605233	0	0	0	0	
236	0.0689523	0.0662302	0.00272219	8.66642e-09	0.306014	0.293933	0.0120812	3.84621e-08	1.74945e-06	7.76418e-06	
237	0.0476553	0.0474134	0.000241819	0	0.211497	0.210423	0.0010732	0	0	0	
238	0.0897643	0.0895868	0.000177496	0	0.398379	0.397592	0.000787738	0	0	0	
239	0.149943	0.122098	0.0277875	5.79473e-05	0.665459	0.541879	0.123322	0.000257173	5.88582e-05	0.000261216	
240	0.0919531	0.0907657	0.00118737	0	0.408093	0.402824	0.00526962	0	0	0	
241	0.149728	0.118717	0.030966	4.49135e-05	0.664503	0.526874	0.137429	0.000199329	4.6555e-05	0.000206614	
242	0.0856776	0.085663	1.46049e-05	0	0.380242	0.380177	6.48178e-05	0	0	0	
243	0.0862294	0.0862294	0	0	0.382691	0.382691	0	0	0	0	
244	0.0891412	0.0889392	0.000202077	0	0.395614	0.394717	0.00089683	0	0	0	
245	0.123947	0.095352	0.0276976	0.000898002	0.550087	0.423178	0.122923	0.00398538	0.000902135	0.00400373	
246	0.100713	0.0897452	0.0109678	0	0.44697	0.398294	0.048676	0	0	0	
247	0.112571	0.107434	0.00509973	3.72125e-05	0.499599	0.476801	0.0226329	0.000165151	3.89856e-05	0.00017302	
248	0.0837919	0.0837919	0	0	0.371873	0.371873	0	0	0	0	
249	0.0708241	0.0701734	0.000650723	0	0.314321	0.311433	0.00288795	0	0	0	
250	0.0685927	0.0668095	0.00177604	7.10807e-06	0.304418	0.296504	0.00788218	3.1546e-05	7.09938e-06	3.15075e-05	
251	0.120502	0.109535	0.0109678	0	0.534799	0.486123	0.048676	0	0	0	
252	0.0760151	0.0694435	0.00653507	3.65698e-05	0.337359	0.308194	0.029003	0.000162299	3.89317e-05	0.000172781	
253	0.0982128	0.09805	0.000162811	0	0.435874	0.435152	0.000722565	0	0	0	
254	0.0779637	0.0778548	0.000108953	0	0.346007	0.345524	0.000483543	0	0	0	
255	0.086934	0.0869341	0	0	0.385818	0.385818	0	0	0	0	
256	0.100287	0.0969493	0.0033384	0	0.445082	0.430266	0.014816	0	0	0	
257	0.0897678	0.0890122	0.000755635	0	0.398395	0.395041	0.00335355	0	0	0	
258	0.102598	0.0964248	0.00614506	2.84936e-05	0.455337	0.427939	0.0272721	0.000126456	4.50235e-05	0.000199817	
259	0.0542078	0.0453772	0.00870081	0.000129813	0.240577	0.201386	0.0386147	0.000576118	0.000174447	0.000774209	
260	0.0434077	0.0418451	0.0015626	0	0.192646	0.185711	0.00693493	0	0	0	
261	0.111073	0.110129	0.000943051	4.65996e-07	0.49295	0.488762	0.00418532	2.06811e-06	4.57498e-07	2.0304e-06	
262	0.115102	0.111368	0.0037344	0	0.510832	0.494259	0.0165734	0	0	0	
263	0.0568554	0.0438657	0.0129897	0	0.252328	0.194678	0.0576491	0	0	0	
264	0.190176	0.140299	0.0495249	0.000351709	0.844012	0.622657	0.219794	0.0015609	0.000558258	0.00247758	
265	0.0505231	0.0434617	0.00705951	1.91685e-06	0.224224	0.192885	0.0313305	8.50713e-06	5.72069e-06	2.53888e-05	
266	0.0849643	0.0836189	0.00134301	2.46363e-06	0.377077	0.371105	0.00596037	1.09337e-05	2.45493e-06	1.08951e-05	
267	0.0472686	0.0456644	0.00160274	1.42942e-06	0.209781	0.202661	0.00711305	6.34388e-06	1.42076e-06	6.30545e-06	
268	0.0853842	0.0853842	0	0	0.37894	0.37894	0	0	0	0	
269	0.207004	0.205286	0.00171683	7.46437e-07	0.918698	0.911075	0.0076194	3.31273e-06	7.89726e-07	3.50485e-06	
270	0.107695	0.107586	0.000108953	0	0.477958	0.477474	0.000483543	0	0	0	
271	0.0847792	0.0847792	0	0	0.376255	0.376255	0	0	0	0	
272	0.103867	0.103867	0	0	0.460969	0.460969	0	0	0	0	
273	0.114502	0.0918081	0.0223663	0.000327698	0.508167	0.40745	0.0992631	0.00145434	0.000403719	0.00179173	
274	0.103126	0.094453	0.00867308	5.30229e-07	0.457682	0.419188	0.0384916	2.35319e-06	9.81492e-07	4.35592e-06	
275	0.118307	0.111395	0.00685974	5.2092e-05	0.525055	0.49438	0.0304439	0.000231187	5.3176e-05	0.000235998	
276	0.0910653	0.0899289	0.00113641	0	0.404153	0.39911	0.00504349	0	0	0	
277	0.104625	0.104204	0.000420729	0	0.464332	0.462465	0.00186722	0	0	0	
278	0.175496	0.148192	0.0271761	0.000127797	0.778862	0.657686	0.120609	0.000567172	0.00022432	0.000995548	
279	0.0776734	0.0771442	0.000529142	0	0.344719	0.34237	0.00234836	0	0	0	
280	0.134693	0.121541	0.0131521	0	0.597779	0.539409	0.0583701	0	0	0	
281	0.122571	0.0952457	0.0272561	7.0113e-05	0.543981	0.422706	0.120964	0.000311165	0.000108	0.000479312	
282	0.0840314	0.0813388	0.00269258	0	0.372936	0.360986	0.0119498	0	0	0	
283	0.104745	0.0912558	0.0134492	4.08518e-05	0.464869	0.404999	0.0596886	0.000181302	6.38451e-05	0.000283348	
284	0.13257	0.110761	0.0217297	7.94013e-05	0.588357	0.491567	0.0964378	0.000352387	8.83123e-05	0.000391935	
285	0.100296	0.0873462	0.0129502	0	0.445122	0.387648	0.057474	0	0	0	
286	0.124431	0.0821845	0.0421298	0.000116636	0.552232	0.36474	0.186974	0.000517641	0.000170572	0.000757013	
287	0.0720893	0.0654687	0.0066206	0	0.319936	0.290554	0.0293826	0	0	0	
288	0.205095	0.140673	0.0632058	0.00121592	0.910224	0.624317	0.280511	0.00539636	0.0015071	0.00668862	
289	0.0657145	0.0657145	0	0	0.291645	0.291645	0	0	0	0	
290	0.0708117	0.069077	0.00173468	0	0.314266	0.306568	0.00769864	0	0	0	
291	0.176577	0.137343	0.0390544	0.000179743	0.783661	0.609537	0.173325	0.000797713	0.000430782	0.00191183	
292	0.141375	0.116813	0.024287	0.000275369	0.627433	0.518423	0.107787	0.0012221	0.000280499	0.00124487	
293	0.0687921	0.0476295	0.0211625	0	0.305303	0.211382	0.0939208	0	0	0	
294	0.0673707	0.0610713	0.00629939	0	0.298995	0.271038	0.0279571	0	0	0	
295	0.169448	0.152352	0.0170245	7.19112e-05	0.752023	0.676147	0.075556	0.000319146	0.000124724	0.000553536	
296	0.11845	0.11845	0	0	0.525688	0.525688	0	0	0	0	
297	0.168343	0.14677	0.0215357	3.71995e-05	0.747117	0.651374	0.0955771	0.000165093	5.33522e-05	0.00023678	
298	0.106361	0.0909519	0.0153261	8.33283e-05	0.472038	0.40365	0.0680181	0.000369816	0.000100363	0.000445419	
299	0.0964282	0.0795185	0.0168922	1.73457e-05	0.427954	0.352908	0.0749689	7.69814e-05	2.15493e-05	9.56375e-05	
300	0.0785781	0.0768435	0.00173468	0	0.348734	0.341036	0.00769864	0	0	0	
301	0.0660425	0.0623177	0.00370867	1.6131e-05	0.2931	0.27657	0.0164593	7.15907e-05	1.93109e-05	8.57033e-05	
302	0.070786	0.0694373	0.00134865	0	0.314152	0.308167	0.00598542	0	0	0	
303	0.13536	0.105947	0.0292755	0.000137226	0.600737	0.470201	0.129926	0.000609021	0.000179251	0.000795529	
304	0.0955714	0.0955714	0	0	0.424151	0.424151	0	0	0	0	
305	0.0492123	0.0413258	0.00787792	8.58352e-06	0.218407	0.183406	0.0349627	3.80942e-05	9.64688e-06	4.28134e-05	
306	0.0609262	0.0530023	0.00792387	0	0.270394	0.235227	0.0351666	0	0	0	
307	0.0905699	0.0874171	0.00315283	0	0.401955	0.387962	0.0139924	0	0	0	
308	0.0909741	0.0756251	0.0153325	1.64337e-05	0.403748	0.335629	0.0680468	7.29338e-05	1.70449e-05	7.56465e-05	
309	0.119552	0.110912	0.00856159	7.89862e-05	0.530583	0.492235	0.0379968	0.000350545	8.09324e-05	0.000359183	
310	0.15267	0.143527	0.00913825	4.08202e-06	0.677559	0.636985	0.0405561	1.81162e-05	4.65017e-06	2.06377e-05	
311	0.0771271	0.0740421	0.00306216	2.28595e-05	0.342295	0.328603	0.01359	0.000101452	2.31025e-05	0.00010253	
312	0.142972	0.0959684	0.0467074	0.000296786	0.634521	0.425913	0.20729	0.00131715	0.000366988	0.00162871	
313	0.100748	0.0935546	0.0071937	0	0.447127	0.415201	0.0319261	0	0	0	
314	0.0785077	0.0773813	0.00112637	0	0.348421	0.343423	0.00499891	0	0	0	
315	0.109469	0.0951042	0.014299	6.61019e-05	0.485831	0.422078	0.0634599	0.000293364	0.000101729	0.000451479	
316	0.0716874	0.0706993	0.000988096	0	0.318153	0.313767	0.00438523	0	0	0	
317	0.120068	0.0768694	0.043083	0.000116078	0.532871	0.341151	0.191205	0.000515164	0.000173336	0.000769279	
318	0.184188	0.122442	0.0617447	1.48096e-06	0.817441	0.543408	0.274026	6.57262e-06	1.47089e-06	6.52791e-06	
319	0.233119	0.143781	0.0865709	0.00276723	1.03459	0.638109	0.384207	0.0122811	0.00328516	0.0145797	
320	0.0854917	0.0761987	0.0092725	2.04641e-05	0.379417	0.338174	0.0411519	9.08211e-05	3.80601e-05	0.000168913	
321	0.128874	0.0989483	0.0295198	0.000406652	0.571954	0.439138	0.13101	0.00180475	0.000441852	0.00196096	
322	0.135552	0.0789145	0.0561938	0.000443923	0.601589	0.350227	0.249391	0.00197016	0.000762494	0.00338399	
323	0.0967076	0.0950001	0.00170757	0	0.429194	0.421616	0.00757831	0	0	0	
324	0.126376	0.12539	0.00098676	0	0.560868	0.556488	0.0043793	0	0	0	
325	0.0910034	0.0903682	0.000635202	0	0.403878	0.401059	0.00281906	0	0	0	
326	0.0723347	0.0711828	0.0011519	0	0.321026	0.315913	0.0051122	0	0	0	
327	0.0809508	0.0752576	0.00569315	0	0.359264	0.333998	0.0252665	0	0	0	
328	0.0910655	0.0908585	0.000206992	0	0.404154	0.403235	0.000918643	0	0	0	
329	0.105268	0.0916203	0.0135315	0.000116927	0.467189	0.406616	0.0600539	0.000518932	0.000147236	0.000653444	
330	0.148861	0.0884231	0.0584223	0.0020158	0.660655	0.392427	0.259281	0.00894626	0.00247636	0.0109902	
331	0.125391	0.117048	0.00828934	5.35662e-05	0.556493	0.519467	0.0367886	0.00023773	6.05937e-05	0.000268918	
332	0.112542	0.0965205	0.0159625	5.9606e-05	0.499471	0.428364	0.0708426	0.000264535	9.09806e-05	0.000403777	
333	0.118943	0.0986029	0.0203401	0	0.527876	0.437605	0.0902707	0	0	0	
334	0.133731	0.0885655	0.045002	0.000163862	0.593508	0.393059	0.199721	0.000727233	0.000227388	0.00100916	
335	0.0820448	0.0805774	0.00146739	0	0.364119	0.357607	0.00651239	0	0	0	
336	0.107937	0.0895724	0.0180022	0.000362621	0.479032	0.397527	0.079895	0.00160933	0.000539509	0.00239437	
337	0.117397	0.11199	0.00536851	3.81734e-05	0.521018	0.497022	0.0238257	0.000169416	3.89986e-05	0.000173078	
338	0.117874	0.101832	0.0159147	0.000126534	0.523132	0.451939	0.0706305	0.000561567	0.000131856	0.000585187	
339	0.0824818	0.0771547	0.00530718	1.99249e-05	0.366059	0.342417	0.0235536	8.84283e-05	2.10797e-05	9.35529e-05	
340	0.104772	0.0836962	0.021058	1.84237e-05	0.464987	0.371449	0.0934567	8.17658e-05	5.46079e-05	0.000242353	
341	0.106385	0.104485	0.00189937	5.07943e-07	0.472145	0.463714	0.00842954	2.25428e-06	5.10213e-07	2.26435e-06	
342	0.108059	0.0755099	0.0325499	0	0.479576	0.335117	0.144458	0	0	0	
343	0.141973	0.0883807	0.0519534	0.00163971	0.630088	0.392238	0.230572	0.00727713	0.00299798	0.0133052	
344	0.0831731	0.0826226	0.000550518	0	0.369127	0.366684	0.00244323	0	0	0	
345	0.12402	0.0952513	0.0285538	0.000215066	0.550409	0.422731	0.126723	0.000954479	0.000247298	0.00109752	
346	0.140292	0.0984424	0.0409916	0.000858594	0.622627	0.436893	0.181923	0.00381049	0.00109494	0.00485943	
347	0.0966031	0.0756296	0.0207307	0.000242792	0.42873	0.335648	0.0920041	0.00107752	0.000306278	0.00135928	
348	0.0993239	0.0838898	0.0153873	4.68461e-05	0.440805	0.372308	0.0682898	0.000207906	6.87591e-05	0.000305157	
349	0.0784964	0.072344	0.00614046	1.19517e-05	0.348372	0.321067	0.0272517	5.30426e-05	1.421e-05	6.30652e-05	
350	0.132144	0.0762389	0.0551668	0.000738413	0.586463	0.338353	0.244833	0.00327712	0.000894234	0.00396866	
351	0.143662	0.0938833	0.0492241	0.000554725	0.637582	0.41666	0.218459	0.0024619	0.000736769	0.00326982	
352	0.131809	0.0819018	0.0498677	4.01416e-05	0.584979	0.363485	0.221316	0.000178151	5.89672e-05	0.0002617	
353	0.0916667	0.0781144	0.013496	5.62837e-05	0.406822	0.346676	0.0598963	0.00024979	5.85856e-05	0.000260006	
354	0.0856864	0.0793336	0.00629603	5.67931e-05	0.380281	0.352087	0.0279421	0.000252051	6.20467e-05	0.000275367	
355	0.0856757	0.0835984	0.00207728	0	0.380234	0.371014	0.00921911	0	0	0	
356	0.119909	0.109021	0.0108193	6.87665e-05	0.532166	0.483844	0.048017	0.00030519	7.00154e-05	0.000310732	
357	0.209034	0.108213	0.095415	0.00540527	0.927706	0.480259	0.423457	0.0239889	0.00731957	0.0324847	
358	0.164883	0.0980062	0.0655973	0.00128012	0.731763	0.434957	0.291125	0.00568125	0.00370904	0.0164609	
359	0.105332	0.0783101	0.0267619	0.000260334	0.467471	0.347545	0.118771	0.00115538	0.000544326	0.00241575	
360	0.102748	0.0967626	0.0059841	1.43342e-06	0.456002	0.429438	0.0265578	6.36163e-06	3.93361e-06	1.74576e-05	
361	0.0470589	0.0470589	0	0	0.20885	0.20885	0	0	0	0	
362	0.104465	0.0871843	0.0172233	5.74829e-05	0.463622	0.386929	0.0764382	0.000255112	6.18879e-05	0.000274662	
363	0.0491993	0.0491508	4.84952e-05	0	0.218349	0.218134	0.000215225	0	0	0	
364	0.124196	0.113545	0.0106372	1.29088e-05	0.551189	0.503923	0.0472088	5.72902e-05	1.52111e-05	6.75081e-05	
365	0.0817943	0.0793203	0.00247192	2.09351e-06	0.363008	0.352028	0.0109705	9.29116e-06	2.19513e-06	9.74212e-06	
366	0.107898	0.0915684	0.0162276	0.000102565	0.47886	0.406386	0.0720191	0.00045519	0.000150462	0.000667761	
367	0.128219	0.105122	0.022967	0.000130287	0.569046	0.466538	0.101929	0.000578225	0.000193039	0.000856722	
368	0.0798366	0.0756437	0.0041821	1.08149e-05	0.35432	0.335711	0.0185604	4.79975e-05	1.3385e-05	5.94035e-05	
369	0.0830867	0.0801719	0.00291476	0	0.368744	0.355808	0.0129359	0	0	0	
370	0.115198	0.0914851	0.0234742	0.000238845	0.511256	0.406016	0.10418	0.00106	0.000312766	0.00138807	
371	0.118287	0.0791902	0.0388617	0.000235515	0.524967	0.35145	0.17247	0.00104523	0.00024298	0.00107836	
372	0.107363	0.0789123	0.0282992	0.000151424	0.476483	0.350217	0.125593	0.000672031	0.000157121	0.000697315	
373	0.0840332	0.0790675	0.00494611	1.95556e-05	0.372944	0.350906	0.0219511	8.67891e-05	3.1003e-05	0.000137593	
374	0.208375	0.103752	0.0944166	0.0102058	0.924781	0.460459	0.419026	0.0452942	0.0198925	0.0882844	
375	0.143468	0.12691	0.0164696	8.82063e-05	0.636722	0.563238	0.0730933	0.000391465	9.4391e-05	0.000418913	
376	0.0998107	0.0987111	0.00109926	3.2261e-07	0.442966	0.438086	0.00487858	1.43176e-06	3.23373e-07	1.43515e-06	
377	0.109941	0.0998928	0.0100272	2.17678e-05	0.487928	0.44333	0.0445013	9.66071e-05	3.35607e-05	0.000148944	
378	0.126078	0.103505	0.022463	0.00010991	0.559545	0.459365	0.0996921	0.000487789	0.0001374	0.000609792	
379	0.103053	0.0765686	0.0263914	9.37055e-05	0.457359	0.339816	0.117126	0.00041587	9.73885e-05	0.000432216	
380	0.11784	0.0822493	0.0354933	9.74811e-05	0.522981	0.365027	0.157521	0.000432627	0.000100124	0.000444356	
381	0.0959105	0.0796353	0.0162141	6.10708e-05	0.425656	0.353426	0.0719591	0.000271036	9.66594e-05	0.00042898	
382	0.106243	0.103823	0.00241894	5.44812e-07	0.471514	0.460776	0.0107354	2.41791e-06	6.4538e-07	2.86423e-06	
383	0.0790116	0.0757597	0.00325193	0	0.350658	0.336226	0.0144322	0	0	0	
384	0.0971058	0.0901994	0.00690645	0	0.430961	0.40031	0.0306512	0	0	0	
385	0.125179	0.107097	0.0180107	7.12775e-05	0.555554	0.475305	0.0799328	0.000316334	0.000144474	0.000641186	
386	0.0990639	0.0794399	0.0193052	0.000318716	0.439651	0.352559	0.085678	0.00141448	0.000436347	0.00193653	
387	0.0931958	0.0840335	0.00907268	8.97025e-05	0.413609	0.372945	0.0402651	0.000398105	9.44338e-05	0.000419102	
388	0.0834055	0.0768019	0.00655961	4.39883e-05	0.370158	0.340851	0.0291119	0.000195222	4.39797e-05	0.000195184	
389	0.131319	0.110922	0.0203952	1.57446e-06	0.582804	0.492282	0.0905154	6.98756e-06	1.5662e-06	6.9509e-06	
390	0.0824346	0.0741944	0.00822109	1.90821e-05	0.365849	0.329279	0.0364857	8.46878e-05	2.55789e-05	0.00011352	
391	0.0957305	0.0910591	0.00467142	0	0.424858	0.404126	0.020732	0	0	0	
392	0.105634	0.0497325	0.0549041	0.00099824	0.468813	0.220715	0.243667	0.00443025	0.00128975	0.00572399	
393	0.0853486	0.0807255	0.00461867	4.43046e-06	0.378782	0.358264	0.0204979	1.96626e-05	4.42179e-06	1.96242e-05	
394	0.0967465	0.0924314	0.00431504	0	0.429367	0.410216	0.0191504	0	0	0	
395	0.153338	0.137995	0.0152999	4.3064e-05	0.680523	0.61243	0.0679021	0.000191121	4.32107e-05	0.000191771	
396	0.114816	0.0590268	0.0550471	0.000742322	0.509561	0.261964	0.244302	0.00329447	0.000742312	0.00329442	
397	0.135311	0.10112	0.0335682	0.000622457	0.600519	0.448779	0.148977	0.0027625	0.00100932	0.00447942	
398	0.0914439	0.0909888	0.000455136	0	0.405833	0.403813	0.00201992	0	0	0	
399	0.0788523	0.0783744	0.000477838	0	0.349951	0.34783	0.00212067	0	0	0	
400	0.148147	0.128814	0.0193295	4.19582e-06	0.657488	0.571684	0.0857856	1.86213e-05	1.14482e-05	5.0808e-05	
401	0.103592	0.100442	0.00314963	0	0.45975	0.445771	0.0139782	0	0	0	
402	0.105093	0.0832469	0.0218306	1.58871e-05	0.466411	0.369455	0.0968859	7.05081e-05	1.77993e-05	7.89943e-05	
403	0.112841	0.0886541	0.0240646	0.00012251	0.500796	0.393452	0.1068	0.000543708	0.000144211	0.000640018	
404	0.107292	0.0985985	0.00868097	1.3203e-05	0.476171	0.437586	0.0385267	5.85957e-05	1.31942e-05	5.85569e-05	
405	0.107009	0.107009	0	0	0.474916	0.474916	0	0	0	0	
406	0.187795	0.176607	0.0111857	2.94733e-06	0.833449	0.783793	0.0496428	1.30804e-05	2.99949e-06	1.33119e-05	
407	0.120199	0.0853512	0.0337876	0.00106073	0.533453	0.378793	0.149951	0.00470759	0.00123514	0.00548164	
408	0.13002	0.127464	0.00255618	0	0.577037	0.565693	0.0113445	0	0	0	
409	0.0947349	0.0918532	0.00288162	0	0.420439	0.40765	0.0127888	0	0	0	
410	0.106884	0.0878156	0.018911	0.000157788	0.474359	0.389731	0.0839282	0.000700276	0.000164053	0.000728078	
411	0.134292	0.117354	0.0169377	1.69074e-07	0.595996	0.520825	0.0751706	7.50364e-07	1.74009e-07	7.72262e-07	
412	0.151232	0.122255	0.0289422	3.56135e-05	0.67118	0.542575	0.128447	0.000158055	4.10394e-05	0.000182135	
413	0.0939097	0.0916378	0.00227179	6.92433e-08	0.416777	0.406694	0.0100823	3.07306e-07	1.28525e-07	5.70403e-07	
414	0.147148	0.112677	0.0343837	8.77755e-05	0.653055	0.500068	0.152597	0.000389553	9.14346e-05	0.000405792	
415	0.0980793	0.0920644	0.00601489	0	0.435282	0.408587	0.0266944	0	0	0	
416	0.127518	0.106232	0.0212767	9.51341e-06	0.565936	0.471466	0.0944274	4.22211e-05	9.50701e-06	4.21926e-05	
417	0.104306	0.0958821	0.00842443	0	0.462918	0.42553	0.0373881	0	0	0	
418	0.0809792	0.0770225	0.00395669	0	0.35939	0.34183	0.01756	0	0	0	
419	0.137381	0.102264	0.0351148	2.2125e-06	0.609707	0.453856	0.155841	9.81924e-06	7.59834e-06	3.37218e-05	
420	0.0842378	0.0838657	0.000372107	0	0.373852	0.372201	0.00165143	0	0	0	
421	0.088063	0.0862673	0.00179569	0	0.390829	0.382859	0.0079694	0	0	0	
422	0.104626	0.0811523	0.0231332	0.000341077	0.464339	0.360158	0.102666	0.00151372	0.000349224	0.00154987	
423	0.0618419	0.056097	0.00573837	6.54536e-06	0.274458	0.248962	0.0254672	2.90487e-05	8.59993e-06	3.8167e-05	
424	0.110834	0.110779	5.56101e-05	0	0.49189	0.491644	0.000246801	0	0	0	
425	0.0752306	0.0697072	0.0054921	3.12789e-05	0.333878	0.309365	0.0243742	0.000138818	3.21395e-05	0.000142637	
426	0.112993	0.109278	0.00370795	7.06632e-06	0.50147	0.484983	0.0164561	3.13608e-05	8.46457e-06	3.75663e-05	
427	0.0921878	0.0906753	0.00150914	3.38001e-06	0.409135	0.402422	0.00669767	1.50007e-05	3.37127e-06	1.49619e-05	
428	0.0946781	0.0942584	0.000419522	1.89814e-07	0.420187	0.418324	0.00186186	8.42409e-07	3.44763e-07	1.53008e-06	
429	0.121643	0.0884212	0.0332166	6.01031e-06	0.539863	0.392418	0.147417	2.66741e-05	6.01315e-06	2.66867e-05	
430	0.229526	0.212853	0.0166717	7.04428e-07	1.01865	0.944658	0.0739901	3.12629e-06	7.52124e-07	3.33797e-06	
431	0.171283	0.166713	0.00456943	0	0.760165	0.739886	0.0202794	0	0	0	
432	0.124804	0.112434	0.0123657	4.04042e-06	0.55389	0.498992	0.05488	1.79316e-05	4.75397e-06	2.10984e-05	
433	0.108908	0.0987986	0.00993692	0.000172607	0.483341	0.438474	0.0441006	0.000766041	0.000178093	0.000790391	
434	0.0848215	0.0807737	0.00404419	3.58059e-06	0.376443	0.358478	0.0179484	1.58908e-05	6.01105e-06	2.66774e-05	
435	0.204212	0.152456	0.0514847	0.000271548	0.906308	0.676611	0.228492	0.00120515	0.000404028	0.0017931	
436	0.117638	0.0863622	0.0310345	0.000241537	0.522085	0.38328	0.137733	0.00107195	0.000385964	0.00171293	
437	0.141112	0.0864116	0.0533428	0.00135846	0.626268	0.3835	0.236738	0.00602896	0.0023848	0.0105839	
438	0.172832	0.130776	0.0418182	0.000238248	0.767041	0.580392	0.185591	0.00105736	0.000309094	0.00137177	
439	0.144768	0.12744	0.0172625	6.58442e-05	0.642492	0.565588	0.0766122	0.00029222	8.45733e-05	0.000375341	
440	0.0836055	0.0803849	0.00321232	8.28082e-06	0.371046	0.356753	0.0142564	3.67508e-05	8.50244e-06	3.77343e-05	
441	0.0695318	0.0678356	0.00169428	1.88713e-06	0.308586	0.301058	0.00751934	8.37524e-06	1.94847e-06	8.64742e-06	
442	0.141201	0.0952107	0.0439461	0.00204491	0.626661	0.42255	0.195035	0.00907545	0.0025705	0.011408	
443	0.167728	0.138362	0.0291896	0.000176267	0.74439	0.614062	0.129545	0.000782283	0.000389744	0.0017297	
444	0.124438	0.108278	0.0161448	1.47392e-05	0.552264	0.480546	0.071652	6.54137e-05	2.588e-05	0.000114857	
445	0.110003	0.088481	0.0214476	7.48e-05	0.488202	0.392684	0.095186	0.000331967	0.000100521	0.00044612	
446	0.150775	0.0909819	0.0593934	0.000399954	0.66915	0.403783	0.263591	0.00177502	0.000864606	0.00383717	
447	0.154087	0.122347	0.0317397	9.58566e-08	0.683847	0.542984	0.140863	4.25417e-07	1.39509e-06	6.1915e-06	
448	0.0440219	0.0376679	0.00633751	1.65315e-05	0.195372	0.167172	0.0281262	7.33678e-05	2.08868e-05	9.2697e-05	
449	0.286796	0.154669	0.131864	0.000262528	1.27281	0.686431	0.585223	0.00116511	0.000506214	0.00224661	
450	0.0863196	0.0796697	0.00664992	0	0.383091	0.353579	0.0295127	0	0	0	
451	0.128878	0.120587	0.00827931	1.09518e-05	0.571968	0.535176	0.0367441	4.86048e-05	1.89878e-05	8.42693e-05	
452	0.17558	0.100353	0.0730227	0.00220408	0.779238	0.445377	0.324079	0.00978184	0.00281527	0.0124943	
453	0.112436	0.0958628	0.0165106	6.30839e-05	0.499	0.425444	0.0732751	0.00027997	7.19368e-05	0.00031926	
454	0.12583	0.0894346	0.0363958	0	0.558443	0.396916	0.161526	0	0	0	
455	0.157416	0.105386	0.0511917	0.000838577	0.698624	0.46771	0.227191	0.00372165	0.00113911	0.00505544	
456	0.1475	0.112228	0.0348053	0.000466252	0.654614	0.498076	0.154468	0.00206925	0.000516242	0.00229111	
457	0.118212	0.100859	0.017353	0	0.524633	0.447619	0.0770138	0	0	0	
458	0.0953857	0.0791688	0.0162164	4.85044e-07	0.423327	0.351356	0.0719695	2.15265e-06	3.00675e-06	1.33441e-05	
459	0.0989276	0.089179	0.00973911	9.53957e-06	0.439047	0.395781	0.0432227	4.23372e-05	1.23944e-05	5.50074e-05	
460	0.15499	0.085623	0.0693572	1.02129e-05	0.687857	0.38	0.307811	4.53258e-05	1.60375e-05	7.11755e-05	
461	0.159592	0.0857957	0.0737243	7.21286e-05	0.70828	0.380766	0.327193	0.000320111	0.000434612	0.00192883	
462	0.119847	0.100307	0.0195162	2.32927e-05	0.53189	0.445172	0.0866145	0.000103374	3.05163e-05	0.000135433	
463	0.129106	0.11987	0.00923534	1.86323e-07	0.57298	0.531992	0.040987	8.26913e-07	1.8626e-07	8.26637e-07	
464	0.0843849	0.0692053	0.0151494	3.01923e-05	0.374505	0.307137	0.067234	0.000133995	4.69861e-05	0.000208527	
465	0.0847863	0.0829413	0.00184502	0	0.376286	0.368098	0.00818834	0	0	0	
466	0.173518	0.110282	0.0626897	0.000545534	0.770083	0.489441	0.278221	0.00242111	0.000745882	0.00331027	
467	0.103194	0.0800294	0.0228858	0.000279075	0.457982	0.355175	0.101568	0.00123855	0.000353256	0.00156777	
468	0.107308	0.101869	0.00543907	2.7466e-07	0.476241	0.452101	0.0241389	1.21895e-06	5.33035e-07	2.36564e-06	
469	0.0770334	0.0770334	0	0	0.341879	0.341879	0	0	0	0	
470	0.101783	0.0952269	0.00655017	6.06893e-06	0.45172	0.422623	0.02907	2.69342e-05	7.99036e-06	3.54617e-05	
471	0.114838	0.0792848	0.0355538	0	0.509661	0.351871	0.15779	0	0	0	
472	0.129391	0.0894685	0.0377878	0.00213546	0.574249	0.397067	0.167704	0.00947733	0.00293122	0.0130089	
473	0.159893	0.0995172	0.058554	0.00182174	0.709614	0.441663	0.259866	0.00808502	0.00413568	0.0183544	
474	0.109778	0.0772036	0.0325747	0	0.487203	0.342634	0.144568	0	0	0	
475	0.130171	0.113634	0.0165212	1.64966e-05	0.577711	0.504315	0.0733224	7.32131e-05	1.66235e-05	7.37762e-05	
476	0.16516	0.113071	0.0520887	0	0.73299	0.501817	0.231172	0	0	0	
477	0.124869	0.0973249	0.0274131	0.000131013	0.554176	0.431933	0.121661	0.000581447	0.000200542	0.000890018	
478	0.0911055	0.0791556	0.0119097	4.01881e-05	0.404331	0.351297	0.052856	0.000178357	5.64016e-05	0.000250314	
479	0.102161	0.0980131	0.00413758	1.12181e-05	0.453401	0.434988	0.0183628	4.97869e-05	1.12094e-05	4.97484e-05	
480	0.138512	0.0979097	0.0405568	4.63089e-05	0.614728	0.434529	0.179993	0.000205521	9.6605e-05	0.000428738	
481	0.0880827	0.076139	0.0119436	0	0.390916	0.337909	0.0530066	0	0	0	
482	0.138143	0.106118	0.0319529	7.20399e-05	0.61309	0.470961	0.141809	0.000319717	9.66225e-05	0.000428816	
483	0.110192	0.092766	0.0174243	1.78133e-06	0.489039	0.411701	0.0773301	7.90568e-06	3.48076e-06	1.54478e-05	
484	0.16675	0.117027	0.0491157	0.000606537	0.740047	0.519376	0.217978	0.00269184	0.00091868	0.00407716	
485	0.119462	0.0951505	0.0241516	0.000160301	0.530182	0.422283	0.107186	0.000711428	0.00020295	0.000900706	
486	0.0823378	0.0801599	0.00217783	0	0.36542	0.355754	0.00966534	0	0	0	
487	0.102312	0.0999946	0.00231748	0	0.454067	0.443782	0.0102851	0	0	0	
488	0.134928	0.0956855	0.0391446	9.78251e-05	0.598818	0.424658	0.173726	0.000434153	0.000176943	0.000785285	
489	0.146286	0.098348	0.0478364	0.000102144	0.649228	0.436474	0.2123	0.000453321	0.000107329	0.000476336	
490	0.0947194	0.0909264	0.00379301	0	0.42037	0.403537	0.0168336	0	0	0	
491	0.094875	0.0784136	0.0164613	0	0.421061	0.348004	0.0730565	0	0	0	
492	0.13958	0.0971796	0.0421525	0.000248787	0.619468	0.431289	0.187075	0.00110413	0.000368317	0.00163461	
493	0.184515	0.111885	0.0726119	1.86105e-05	0.818892	0.496553	0.322256	8.25949e-05	3.27187e-05	0.000145207	
494	0.192796	0.117293	0.0751969	0.000305559	0.855641	0.520556	0.333728	0.00135608	0.0003419	0.00151737	
495	0.0887547	0.0840544	0.00470026	4.46036e-08	0.393899	0.373038	0.02086	1.97953e-07	2.15853e-07	9.5797e-07	
496	0.101166	0.0898589	0.0110974	0.000210229	0.448983	0.398799	0.049251	0.00093301	0.000215474	0.000956286	
497	0.120633	0.0776832	0.0428463	0.00010349	0.535376	0.344762	0.190154	0.000459296	0.000232282	0.00103088	
498	0.169241	0.133727	0.0353659	0.000147853	0.751103	0.59349	0.156956	0.000656181	0.000178898	0.000793961	
499	0.158581	0.158194	0.000386551	5.76898e-08	0.703792	0.702076	0.00171553	2.56031e-07	5.43869e-08	2.41372e-07	
500	0.143174	0.0808589	0.0618654	0.000450457	0.635418	0.358857	0.274562	0.00199915	0.000736119	0.00326694	
501	0.15655	0.108575	0.0479481	2.62648e-05	0.69478	0.481866	0.212796	0.000116564	3.04428e-05	0.000135107	
502	0.0925338	0.0910494	0.00148433	0	0.41067	0.404083	0.00658754	0	0	0	
503	0.110419	0.103125	0.00728938	4.07615e-06	0.490047	0.457678	0.0323507	1.80902e-05	4.06746e-06	1.80516e-05	
504	0.121909	0.119482	0.00242386	3.54074e-06	0.541043	0.53027	0.0107572	1.5714e-05	3.77812e-06	1.67675e-05	
505	0.0722848	0.0687423	0.00354256	0	0.320804	0.305082	0.0157221	0	0	0	
506	0.143872	0.0979052	0.0456034	0.0003635	0.638513	0.434509	0.202391	0.00161323	0.000831115	0.00368853	
507	0.184986	0.15815	0.026767	6.82762e-05	0.82098	0.701883	0.118793	0.000303014	0.000115603	0.000513054	
508	0.0921657	0.0881215	0.00404414	0	0.409037	0.391088	0.0179481	0	0	0	
509	0.0955673	0.0872678	0.00829942	0	0.424133	0.3873	0.0368333	0	0	0	
510	0.138841	0.105403	0.032855	0.00058251	0.616187	0.467789	0.145812	0.00258521	0.000640197	0.00284123	
511	0.0771262	0.0752186	0.00190535	2.29276e-06	0.342291	0.333824	0.00845609	1.01754e-05	2.31605e-06	1.02787e-05	
512	0.166586	0.0884126	0.0779398	0.000233536	0.739318	0.39238	0.345901	0.00103644	0.000293614	0.00130307	
513	0.114164	0.0912207	0.0228427	0.00010127	0.50667	0.404843	0.101377	0.000449445	0.000119628	0.000530917	
514	0.248364	0.128565	0.115853	0.00394621	1.10225	0.570579	0.514164	0.0175135	0.00516556	0.0229251	
515	0.0683813	0.0566423	0.0117236	1.53074e-05	0.30348	0.251382	0.0520301	6.79353e-05	3.84517e-05	0.000170651	
516	0.100507	0.0885732	0.0118888	4.52151e-05	0.446057	0.393093	0.0527634	0.000200667	5.52767e-05	0.000245321	
517	0.0872444	0.0817905	0.00545375	1.71386e-07	0.387196	0.362991	0.024204	7.60624e-07	4.45735e-07	1.9782e-06	
518	0.177771	0.155954	0.0218177	0	0.788962	0.692133	0.0968287	0	0	0	
519	0.0717485	0.0421383	0.0296094	7.99401e-07	0.318424	0.187012	0.131408	3.54779e-06	1.49568e-05	6.63792e-05	
520	0.146972	0.122451	0.0243549	0.000165481	0.652271	0.543448	0.108088	0.000734417	0.000202486	0.000898649	
521	0.24292	0.109952	0.13221	0.000757224	1.07809	0.487975	0.58676	0.0033606	0.000962432	0.00427133	
522	0.175551	0.0784081	0.0971065	3.65907e-05	0.779107	0.34798	0.430964	0.000162392	4.62703e-05	0.00020535	
523	0.0888069	0.0762707	0.0125361	0	0.39413	0.338494	0.0556362	0	0	0	
524	0.138894	0.106075	0.0326084	0.00021105	0.616423	0.470768	0.144718	0.000936655	0.000266829	0.0011842	
525	0.144531	0.0998663	0.0442568	0.000407864	0.641437	0.443213	0.196414	0.00181012	0.00110629	0.0049098	
526	0.117712	0.101572	0.0161143	2.58475e-05	0.522414	0.450783	0.0715164	0.000114713	3.23549e-05	0.000143593	
527	0.113184	0.0780394	0.0350938	5.08984e-05	0.502318	0.346343	0.155748	0.00022589	8.45281e-05	0.000375141	
528	0.0872882	0.0805088	0.00677939	0	0.38739	0.357303	0.0300873	0	0	0	
529	0.126837	0.0811761	0.0453926	0.000268346	0.56291	0.360264	0.201455	0.00119093	0.000399076	0.00177112	
530	0.0955408	0.0809426	0.0145301	6.80372e-05	0.424016	0.359228	0.0644858	0.000301953	0.000111628	0.000495415	
531	0.171022	0.105169	0.0653283	0.000524569	0.759007	0.466748	0.289931	0.00232807	0.00158346	0.00702751	
532	0.11575	0.0838928	0.0317754	8.2279e-05	0.513707	0.372321	0.141021	0.000365159	0.000149501	0.000663497	
533	0.175045	0.118137	0.056325	0.000583028	0.776862	0.5243	0.249973	0.00258751	0.000819818	0.0036384	
534	0.119812	0.113627	0.00616859	1.71606e-05	0.531736	0.504283	0.0273766	7.61599e-05	1.71527e-05	7.61248e-05	
535	0.0889625	0.0778365	0.0110213	0.000104688	0.394821	0.345443	0.0489134	0.000464614	0.00011252	0.000499371	
536	0.0689136	0.0660205	0.00289301	0	0.305842	0.293003	0.0128393	0	0	0	
537	0.121029	0.0769747	0.0438224	0.000232412	0.537136	0.341618	0.194486	0.00103146	0.000427664	0.001898	
538	0.139	0.0806376	0.0563275	0.00203541	0.616893	0.357874	0.249985	0.00903331	0.00262439	0.0116472	
539	0.130625	0.0834002	0.0469994	0.000225677	0.579723	0.370135	0.208586	0.00100156	0.000361477	0.00160425	
540	0.0924662	0.0801668	0.0121815	0.000117855	0.41037	0.355785	0.0540626	0.000523049	0.000154142	0.000684093	
541	0.0897111	0.0824351	0.00726718	8.85741e-06	0.398143	0.365852	0.0322521	3.93097e-05	1.37883e-05	6.11934e-05	
542	0.225452	0.150425	0.0745986	0.000428137	1.00057	0.667597	0.331073	0.0019001	0.000491085	0.00217946	
543	0.130001	0.0896709	0.0403159	1.47476e-05	0.576954	0.397965	0.178924	6.54508e-05	3.2976e-05	0.000146349	
544	0.162562	0.127085	0.0354648	1.20564e-05	0.721461	0.564013	0.157395	5.35074e-05	3.86679e-05	0.00017161	
545	0.152109	0.0754209	0.0765362	0.000152609	0.675072	0.334722	0.339672	0.00067729	0.000293454	0.00130236	
546	0.134828	0.116928	0.017874	2.66052e-05	0.598377	0.518933	0.0793259	0.000118075	3.4587e-05	0.000153499	
547	0.0812255	0.0757234	0.00550208	0	0.360483	0.336065	0.0244185	0	0	0	
548	0.115452	0.111135	0.00431699	0	0.512386	0.493227	0.0191591	0	0	0	
549	0.147856	0.0852684	0.0616044	0.000983435	0.656195	0.378426	0.273404	0.00436454	0.00130498	0.0057916	
550	0.173637	0.120111	0.0531493	0.000376398	0.770614	0.533063	0.23588	0.00167047	0.000590449	0.00262045	
551	0.097188	0.0968636	0.000324421	0	0.431326	0.429886	0.0014398	0	0	0	
552	0.0860016	0.0728257	0.0129738	0.000202085	0.38168	0.323204	0.0575788	0.000896866	0.000224543	0.000996537	
553	0.189319	0.183565	0.00575193	2.23776e-06	0.840212	0.814674	0.0255274	9.93135e-06	3.56025e-06	1.58006e-05	
554	0.134166	0.102754	0.0307084	0.000703525	0.595437	0.456029	0.136285	0.00312229	0.000811293	0.00360057	
555	0.0981924	0.0753775	0.0227821	3.27864e-05	0.435784	0.33453	0.101108	0.000145508	3.97975e-05	0.000176623	
556	0.168503	0.150046	0.0184311	2.62533e-05	0.74783	0.665915	0.0817987	0.000116513	2.64469e-05	0.000117373	
557	0.092714	0.0791988	0.0134236	9.15354e-05	0.41147	0.351489	0.0595748	0.000406239	0.000139165	0.000617623	
558	0.103207	0.0977312	0.00546768	8.53229e-06	0.45804	0.433737	0.0242659	3.78668e-05	8.52352e-06	3.78279e-05	
559	0.0991642	0.0793034	0.0195681	0.000292648	0.440096	0.351953	0.0868446	0.00129879	0.00036932	0.00163906	
560	0.0942033	0.0850801	0.00912317	0	0.41808	0.37759	0.0404891	0	0	0	
561	0.113115	0.0933735	0.0196155	0.000126522	0.502013	0.414397	0.0870549	0.000561515	0.000177198	0.000786419	
562	0.0757087	0.0499948	0.0248912	0.000822643	0.336	0.22188	0.110468	0.00365094	0.000822633	0.00365089	
563	0.097324	0.0790618	0.0182431	1.90769e-05	0.431929	0.350881	0.0809641	8.46644e-05	4.42445e-05	0.00019636	
564	0.121828	0.081717	0.0396959	0.000415089	0.54068	0.362665	0.176172	0.00184219	0.000561544	0.00249217	
565	0.101839	0.0852384	0.0164697	0.00013081	0.451967	0.378293	0.0730935	0.000580542	0.000180389	0.000800579	
566	0.118982	0.104076	0.0148371	6.87163e-05	0.528049	0.461896	0.0658483	0.000304967	8.13326e-05	0.000360959	
567	0.218009	0.161351	0.0560251	0.000633342	0.967539	0.716085	0.248642	0.00281081	0.000659009	0.00292472	
568	0.157784	0.115622	0.0421625	0	0.700258	0.513138	0.18712	0	0	0	
569	0.0761079	0.0761079	0	0	0.337771	0.337771	0	0	0	0	
570	0.129976	0.120139	0.00982276	1.46589e-05	0.576845	0.533186	0.043594	6.50572e-05	1.9822e-05	8.79715e-05	
571	0.101889	0.0918041	0.0100812	4.18564e-06	0.452191	0.407432	0.0447409	1.85761e-05	1.22849e-05	5.45214e-05	
572	0.119214	0.0979122	0.0211909	0.000110978	0.529079	0.43454	0.0940467	0.000492528	0.000257041	0.00114076	
573	0.0944524	0.0846383	0.00980122	1.28949e-05	0.419185	0.37563	0.0434984	5.72284e-05	1.98954e-05	8.82971e-05	
574	0.14114	0.0801151	0.0602823	0.00074323	0.626391	0.355555	0.267536	0.0032985	0.00111653	0.00495523	
575	0.150652	0.0845782	0.0648778	0.0011968	0.668606	0.375363	0.287932	0.00531147	0.00208972	0.0092743	
576	0.0637073	0.0546629	0.00904434	0	0.282737	0.242597	0.0401393	0	0	0	
577	0.132906	0.113524	0.0193801	1.99979e-06	0.589846	0.503827	0.0860101	8.8752e-06	3.02792e-06	1.34381e-05	
578	0.0972332	0.0893128	0.00792034	0	0.431526	0.396375	0.0351509	0	0	0	
579	0.0941416	0.087586	0.00652993	2.56546e-05	0.417806	0.388712	0.0289802	0.000113857	3.0296e-05	0.000134455	
580	0.0928894	0.0669932	0.0257889	0.000107255	0.412248	0.29732	0.114452	0.000476006	0.000194609	0.000863687	
581	0.0843206	0.0754785	0.00884212	0	0.37422	0.334978	0.0392418	0	0	0	
582	0.0889181	0.084771	0.00414704	1.52828e-08	0.394623	0.376219	0.0184048	6.78261e-08	9.15984e-09	4.06519e-08	
583	0.119392	0.0932307	0.0260347	0.000126979	0.529871	0.413763	0.115543	0.000563544	0.000174303	0.000773571	
584	0.202235	0.128599	0.0733418	0.000294021	0.897532	0.570732	0.325495	0.00130488	0.000351529	0.0015601	
585	0.122836	0.0752765	0.0475356	2.4559e-05	0.545156	0.334082	0.210965	0.000108994	4.07542e-05	0.00018087	
586	0.135219	0.084769	0.0503919	5.81322e-05	0.60011	0.37621	0.223642	0.000257994	7.14691e-05	0.000317184	
587	0.104224	0.0894119	0.0147311	8.17406e-05	0.462556	0.396815	0.0653776	0.000362769	0.000102787	0.000456179	
588	0.0689542	0.0679721	0.000979978	2.15592e-06	0.306023	0.301664	0.0043492	9.56813e-06	3.39563e-06	1.507e-05	
589	0.157928	0.109819	0.0477635	0.00034566	0.700895	0.487383	0.211977	0.00153406	0.000612367	0.00271772	
590	0.136135	0.107956	0.0281508	2.81671e-05	0.604178	0.479118	0.124935	0.000125007	7.94966e-05	0.000352811	
591	0.13141	0.0964582	0.0347933	0.000158579	0.583206	0.428087	0.154414	0.000703786	0.000232104	0.00103009	
592	0.114713	0.0862631	0.0283748	7.50658e-05	0.509103	0.382841	0.125929	0.000333146	0.000134077	0.000595044	
593	0.10088	0.094513	0.00635243	1.49743e-05	0.447713	0.419454	0.0281924	6.64568e-05	1.7582e-05	7.80301e-05	
594	0.0907032	0.0809589	0.00974171	2.56718e-06	0.402546	0.3593	0.0432343	1.13933e-05	1.043e-05	4.62894e-05	
595	0.111052	0.0943581	0.0166575	3.69321e-05	0.492858	0.418767	0.073927	0.000163907	4.64973e-05	0.000206357	
596	0.107739	0.0907551	0.0169621	2.18353e-05	0.478152	0.402776	0.0752792	9.69064e-05	2.86942e-05	0.000127346	
597	0.147821	0.141735	0.00607135	1.41932e-05	0.656039	0.629031	0.026945	6.29905e-05	1.57642e-05	6.99625e-05	
598	0.113303	0.108811	0.00445911	3.289e-05	0.502848	0.482912	0.0197898	0.000145967	3.39544e-05	0.000150692	
599	0.105889	0.0939122	0.011977	0	0.469942	0.416788	0.0531546	0	0	0	
600	0.109393	0.10854	0.000852523	0	0.485494	0.48171	0.00378355	0	0	0	
601	0.336386	0.14886	0.183118	0.00440651	1.4929	0.660653	0.812691	0.0195563	0.00441063	0.0195746	
602	0.109298	0.103131	0.00616165	5.92478e-06	0.485075	0.457703	0.0273458	2.62945e-05	9.20215e-06	4.08397e-05	
603	0.135857	0.0522409	0.0836167	0	0.602944	0.231848	0.371096	0	0	0	
604	0.0896403	0.0813856	0.00825404	7.40316e-07	0.397829	0.361194	0.0366319	3.28556e-06	8.65791e-07	3.84243e-06	
605	0.13609	0.049815	0.0862753	0	0.603977	0.221082	0.382895	0	0	0	
606	0.127337	0.0942886	0.0328538	0.000194643	0.565129	0.418458	0.145807	0.00086384	0.000321965	0.0014289	
607	0.0932639	0.0785945	0.0145671	0.000102287	0.413911	0.348807	0.0646499	0.000453959	0.000116599	0.000517474	
608	0.0942378	0.0792142	0.0149064	0.000117187	0.418233	0.351557	0.0661558	0.000520086	0.000140477	0.000623448	
609	0.0949845	0.087563	0.0074202	1.23343e-06	0.421547	0.38861	0.0329313	5.47405e-06	1.40433e-06	6.23254e-06	
610	0.111083	0.0804376	0.0297394	0.000906423	0.492995	0.356987	0.131985	0.00402276	0.00107621	0.00477629	
611	0.0623571	0.0580133	0.00429932	4.45335e-05	0.276744	0.257466	0.0190806	0.000197642	4.45249e-05	0.000197604	
612	0.0970887	0.0910751	0.00601266	9.36507e-07	0.430885	0.404197	0.0266845	4.15627e-06	2.01006e-05	8.92079e-05	
613	0.0961473	0.0770192	0.0190148	0.000113331	0.426708	0.341816	0.0843889	0.000502974	0.000174004	0.000772241	
614	0.0961832	0.0840347	0.0120789	6.9516e-05	0.426867	0.372951	0.0536072	0.000308516	8.14428e-05	0.000361448	
615	0.0928168	0.0871693	0.00562738	2.01063e-05	0.411926	0.386862	0.0249746	8.92331e-05	2.35359e-05	0.000104453	
616	0.111909	0.0893766	0.0223983	0.00013412	0.496659	0.396659	0.099405	0.000595234	0.000194217	0.000861951	
617	0.110281	0.0920844	0.0180809	0.000116461	0.489437	0.408676	0.0802443	0.000516865	0.000141011	0.000625819	
618	0.0601795	0.0561652	0.00401435	0	0.26708	0.249264	0.0178159	0	0	0	
619	0.143664	0.0992876	0.0442143	0.000162251	0.63759	0.440644	0.196226	0.00072008	0.000200315	0.000889013	
620	0.106265	0.0880811	0.0181803	3.91137e-06	0.471612	0.390909	0.0806854	1.73589e-05	4.78883e-06	2.12531e-05	
621	0.345841	0.186898	0.154597	0.00434455	1.53486	0.829469	0.686114	0.0192813	0.00458447	0.0203461	
622	0.0400193	0.0306067	0.00933431	7.83235e-05	0.177608	0.135834	0.0414262	0.000347604	9.36552e-05	0.000415647	
623	0.0835482	0.0721297	0.0113436	7.48339e-05	0.370792	0.320116	0.0503438	0.000332117	9.48799e-05	0.000421083	
624	0.119886	0.0830196	0.0367435	0.00012324	0.532063	0.368446	0.163069	0.000546947	0.000183073	0.00081249	
625	0.0710346	0.0551913	0.0158131	3.00776e-05	0.315255	0.244942	0.0701798	0.000133486	3.12946e-05	0.000138887	
626	0.0686846	0.064071	0.0046136	0	0.304826	0.284351	0.0204754	0	0	0	
627	0.0952344	0.0794112	0.0158232	0	0.422656	0.352431	0.0702246	0	0	0	
628	0.0608137	0.0603384	0.000475316	0	0.269895	0.267785	0.00210948	0	0	0	
629	0.21617	0.138139	0.0770996	0.00093181	0.959377	0.613069	0.342172	0.00413543	0.000966181	0.00428797	
630	0.194129	0.146132	0.0479629	3.38278e-05	0.861558	0.648545	0.212862	0.00015013	5.81388e-05	0.000258023	
631	0.114426	0.0962057	0.0182145	6.49101e-06	0.507832	0.426966	0.0808371	2.88075e-05	6.63085e-06	2.94281e-05	
632	0.0434208	0.0434208	0	0	0.192704	0.192704	0	0	0	0	
633	0.0635582	0.0453313	0.0180623	0.000164592	0.282075	0.201183	0.0801617	0.000730472	0.000164584	0.000730434	
634	0.0442163	0.0421315	0.00206647	1.83167e-05	0.196234	0.186982	0.00917115	8.12906e-05	1.95285e-05	8.66689e-05	
635	0.0775204	0.0658086	0.0115205	0.000191189	0.34404	0.292062	0.051129	0.000848512	0.000229709	0.00101946	
636	0.0948528	0.0652551	0.0295839	1.37371e-05	0.420962	0.289606	0.131295	6.09663e-05	2.03341e-05	9.02441e-05	
637	0.0799986	0.0739245	0.00604024	3.38631e-05	0.355038	0.328081	0.0268069	0.000150286	3.83427e-05	0.000170167	
638	0.138615	0.0818645	0.0567308	2.05355e-05	0.615185	0.363319	0.251774	9.11381e-05	9.84952e-05	0.000437127	
639	0.140343	0.0764345	0.0639084	0	0.62285	0.339221	0.283629	0	0	0	
640	0.0868417	0.0808126	0.0059772	5.1959e-05	0.385409	0.358651	0.0265272	0.000230597	5.60716e-05	0.000248849	
641	0.0758205	0.0753339	0.000486081	5.68445e-07	0.336496	0.334336	0.00215725	2.52279e-06	5.67878e-07	2.52027e-06	
642	0.0634974	0.0633265	0.000170886	0	0.281805	0.281047	0.000758404	0	0	0	
643	0.193555	0.1425	0.0503664	0.000687759	0.859009	0.632427	0.223529	0.00305231	0.00142159	0.00630912	
644	0.101225	0.0827329	0.0184929	0	0.449246	0.367173	0.082073	0	0	0	
645	0.0833285	0.0807196	0.00260172	7.20103e-06	0.369817	0.358238	0.0115466	3.19586e-05	1.02105e-05	4.53148e-05	
646	0.141604	0.075295	0.0655999	0.00070918	0.628447	0.334163	0.291136	0.00314738	0.0014918	0.00662073	
647	0.189329	0.124338	0.0627299	0.00226172	0.840257	0.55182	0.278399	0.0100376	0.00254811	0.0113086	
648	0.145598	0.117762	0.0277239	0.000111785	0.646173	0.522637	0.12304	0.000496112	0.000137413	0.000609849	
649	0.0649601	0.0645985	0.000361594	0	0.288297	0.286692	0.00160477	0	0	0	
650	0.0737587	0.0732778	0.000480903	0	0.327346	0.325211	0.00213427	0	0	0	
651	0.103262	0.101911	0.00135107	0	0.458284	0.452288	0.00599616	0	0	0	
652	0.103278	0.082802	0.0202587	0.000217713	0.458356	0.36748	0.0899096	0.000966224	0.000243847	0.0010822	
653	0.10252	0.0880166	0.014498	5.5495e-06	0.45499	0.390623	0.0643431	2.4629e-05	1.78044e-05	7.9017e-05	
654	0.117896	0.0886166	0.0292799	2.74231e-07	0.523233	0.393285	0.129946	1.21705e-06	1.50339e-06	6.67217e-06	
655	0.142995	0.0813966	0.0608106	0.000788367	0.634623	0.361243	0.269881	0.00349882	0.00120341	0.00534084	
656	0.223686	0.11892	0.102304	0.00246106	0.992735	0.527778	0.454034	0.0109223	0.00512672	0.0227527	
657	0.129324	0.080449	0.048875	0	0.573948	0.357037	0.21691	0	0	0	
658	0.120581	0.0756789	0.0448333	6.9035e-05	0.535147	0.335867	0.198973	0.000306381	9.56986e-05	0.000424716	
659	0.134321	0.0962004	0.0364996	0.00162187	0.596128	0.426943	0.161987	0.00719796	0.00194382	0.00862683	
660	0.165717	0.100916	0.0641798	0.000621526	0.735466	0.447873	0.284833	0.00275837	0.00110468	0.00490267	
661	0.18872	0.09883	0.0892629	0.000627249	0.837551	0.438613	0.396154	0.00278377	0.00113572	0.00504042	
662	0.119537	0.0808556	0.0385645	0.000117442	0.530515	0.358842	0.171151	0.000521214	0.000191781	0.00085114	
663	0.108584	0.0807737	0.0274663	0.000344099	0.481903	0.358478	0.121897	0.00152713	0.000413901	0.00183691	
664	0.099175	0.0877815	0.0113845	8.92864e-06	0.440144	0.38958	0.0505251	3.96258e-05	1.62523e-05	7.2129e-05	
665	0.113867	0.0876757	0.0261758	1.57478e-05	0.50535	0.38911	0.11617	6.98898e-05	5.17053e-05	0.000229471	
666	0.102877	0.0793693	0.0233736	0.000134494	0.456576	0.352245	0.103733	0.000596896	0.000202662	0.000899429	
667	0.171886	0.105384	0.0617786	0.00472346	0.762844	0.467704	0.274177	0.020963	0.0051981	0.0230695	
668	0.101245	0.0834989	0.0177312	1.54518e-05	0.449334	0.370573	0.0786921	6.85761e-05	1.63028e-05	7.23532e-05	
669	0.0447754	0.0437428	0.00103263	0	0.198716	0.194133	0.00458288	0	0	0	
670	0.0941766	0.0830731	0.0109297	0.000173733	0.417961	0.368683	0.0485069	0.000771037	0.00017938	0.000796101	
671	0.0565095	0.0509166	0.00558574	7.15593e-06	0.250792	0.225971	0.0247898	3.17584e-05	8.64063e-06	3.83476e-05	
672	0.144928	0.112574	0.0323201	3.38709e-05	0.643199	0.49961	0.143438	0.000150321	3.87878e-05	0.000172142	
673	0.142787	0.102012	0.039542	0.00123248	0.633699	0.452739	0.17549	0.00546982	0.00177588	0.00788147	
674	0.134905	0.0958673	0.0387506	0.000287254	0.598717	0.425465	0.171977	0.00127485	0.000641426	0.00284669	
675	0.118019	0.0816318	0.036314	7.36019e-05	0.523777	0.362287	0.161163	0.00032665	7.50143e-05	0.000332918	
676	0.14239	0.110382	0.0316772	0.000330798	0.631937	0.489883	0.140585	0.0014681	0.000451041	0.00200175	
677	0.0986133	0.0939422	0.00466498	6.0919e-06	0.437652	0.416921	0.0207034	2.70362e-05	9.4592e-06	4.19805e-05	
678	0.102735	0.0807505	0.0219757	9.01308e-06	0.455945	0.358376	0.0975296	4.00006e-05	1.57738e-05	7.00054e-05	
679	0.133189	0.0914908	0.0415306	0.000168247	0.591104	0.406041	0.184315	0.000746693	0.000228296	0.00101319	
680	0.128213	0.111003	0.0172092	0	0.569017	0.492641	0.0763754	0	0	0	
681	0.112197	0.0982886	0.0139037	4.78707e-06	0.497938	0.436211	0.0617058	2.12453e-05	1.28603e-05	5.70752e-05	
682	0.100753	0.0981881	0.00256579	0	0.447152	0.435765	0.0113871	0	0	0	
683	0.100834	0.0916927	0.00914134	0	0.447507	0.406937	0.0405698	0	0	0	
684	0.117848	0.0947988	0.0230489	5.59822e-07	0.523018	0.420722	0.102292	2.48452e-06	2.29936e-06	1.02047e-05	
685	0.183999	0.141535	0.0419729	0.000491065	0.8166	0.628142	0.186278	0.00217937	0.00049344	0.00218992	
686	0.114264	0.0910291	0.0220065	0.00122911	0.507114	0.403992	0.0976665	0.00545486	0.00123341	0.00547396	
687	0.0813833	0.0782683	0.00310358	1.13758e-05	0.361184	0.347359	0.0137739	5.04866e-05	1.1816e-05	5.24402e-05	
688	0.0651067	0.0646058	0.000500918	0	0.288947	0.286724	0.0022231	0	0	0	
689	0.00766518	0.00719227	0.000472904	0	0.0340185	0.0319197	0.00209877	0	0	0	
690	0.0618801	0.0601738	0.00170625	0	0.274627	0.267055	0.00757248	0	0	0	
691	0.112791	0.0986773	0.0140303	8.38765e-05	0.500575	0.437935	0.0622674	0.000372249	0.00010704	0.000475053	
692	0.0733331	0.0733306	2.41936e-06	0	0.325456	0.325446	1.07372e-05	0	0	0	
693	0.092597	0.0797813	0.0128093	6.39108e-06	0.410951	0.354074	0.0568485	2.8364e-05	1.02573e-05	4.55226e-05	
694	0.215906	0.155275	0.059037	0.00159348	0.958204	0.689122	0.262009	0.007072	0.00206368	0.00915876	
695	0.0957953	0.0797643	0.0159702	6.06967e-05	0.425145	0.353999	0.070877	0.000269375	8.36375e-05	0.000371188	
696	0.237724	0.160645	0.0753499	0.00172849	1.05503	0.712955	0.334407	0.00767117	0.00201573	0.00894597	
697	0.151657	0.0832481	0.0681303	0.000279167	0.673066	0.36946	0.302366	0.00123896	0.000460815	0.00204512	
698	0.25328	0.196892	0.0556864	0.000701687	1.12407	0.873819	0.247139	0.00311413	0.000938006	0.00416293	
699	0.276867	0.186379	0.089487	0.00100062	1.22875	0.827164	0.397148	0.00444084	0.00111255	0.00493759	
700	0.0829803	0.0829803	0	0	0.368271	0.368271	0	0	0	0	
701	0.082841	0.0828359	5.14277e-06	0	0.367653	0.36763	2.28239e-05	0	0	0	
702	0.117734	0.106833	0.0108844	1.63649e-05	0.522511	0.474133	0.0483059	7.26285e-05	2.29286e-05	0.000101758	
703	0.0942095	0.0881115	0.00605203	4.59685e-05	0.418107	0.391044	0.0268593	0.000204011	4.59598e-05	0.000203972	
704	0.0868848	0.0798668	0.00701563	2.40021e-06	0.3856	0.354453	0.0311358	1.06522e-05	7.83419e-06	3.47686e-05	
705	0.100548	0.0885394	0.0120088	0	0.446239	0.392943	0.0532959	0	0	0	
706	0.270971	0.159014	0.111619	0.00033748	1.20258	0.705716	0.495374	0.00149775	0.000651417	0.00289103	
707	0.0884732	0.0806768	0.00779647	0	0.392649	0.358048	0.0346012	0	0	0	
708	0.0803438	0.0803438	0	0	0.35657	0.35657	0	0	0	0	
709	0.130083	0.103894	0.0257505	0.00043873	0.577318	0.461088	0.114282	0.00194711	0.000438721	0.00194707	
710	0.149649	0.0964731	0.0531495	2.698e-05	0.664154	0.428153	0.23588	0.000119739	5.15684e-05	0.000228864	
711	0.102065	0.0810728	0.0209929	0	0.452973	0.359806	0.0931678	0	0	0	
712	0.0789927	0.0769412	0.00205152	0	0.350574	0.341469	0.0091048	0	0	0	
713	0.0897113	0.0787941	0.0109172	0	0.398144	0.349693	0.0484513	0	0	0	
714	0.0944676	0.0820708	0.0123968	0	0.419253	0.364235	0.0550179	0	0	0	
715	0.0715529	0.0703922	0.00116074	0	0.317556	0.312405	0.00515143	0	0	0	
716	0.0843216	0.0753474	0.00891985	5.4372e-05	0.374224	0.334396	0.0395868	0.000241306	5.50169e-05	0.000244168	
717	0.0978638	0.0887133	0.00914262	7.83589e-06	0.434325	0.393715	0.0405755	3.47761e-05	7.83919e-06	3.47908e-05	
718	0.116595	0.108674	0.00787346	4.75921e-05	0.517458	0.482304	0.0349429	0.000211216	5.88076e-05	0.000260991	
719	0.0699335	0.0632321	0.00661005	9.13566e-05	0.310369	0.280628	0.0293358	0.000405446	9.13504e-05	0.000405419	
720	0.0627606	0.0623886	0.000372042	0	0.278535	0.276884	0.00165114	0	0	0	
721	0.121528	0.106843	0.0146044	8.06633e-05	0.539351	0.474178	0.0648154	0.000357988	8.465e-05	0.000375682	
722	0.0812472	0.0812472	0	0	0.36058	0.36058	0	0	0	0	
723	0.114774	0.102542	0.0122101	2.27261e-05	0.509378	0.455088	0.0541893	0.000100859	2.27175e-05	0.000100821	
724	0.0808799	0.0808799	0	0	0.35895	0.35895	0	0	0	0	
725	0.0814079	0.0626905	0.0187174	0	0.361293	0.278224	0.083069	0	0	0	
726	0.0451791	0.0427403	0.00243883	0	0.200507	0.189684	0.0108237	0	0	0	
727	0.0891719	0.0891719	0	0	0.39575	0.39575	0	0	0	0	
728	0.0968128	0.0856202	0.0110475	0.000145071	0.429661	0.379988	0.0490295	0.000643837	0.000149404	0.000663066	
729	0.0944027	0.0777764	0.0166253	9.59448e-07	0.418965	0.345176	0.0737842	4.25809e-06	1.77988e-06	7.89925e-06	
730	0.108889	0.105124	0.00375946	5.10448e-06	0.483257	0.46655	0.0166847	2.2654e-05	5.09634e-06	2.26178e-05	
731	0.112387	0.0946537	0.0175052	0.000228243	0.498781	0.420079	0.0776891	0.00101295	0.000244235	0.00108393	
732	0.0825258	0.0775478	0.00497802	0	0.366254	0.344162	0.0220927	0	0	0	
733	0.103078	0.0921805	0.010829	6.92728e-05	0.45747	0.409103	0.0480598	0.000307436	7.43433e-05	0.00032994	
734	0.112037	0.107084	0.00493822	1.47338e-05	0.497227	0.475246	0.0219161	6.53895e-05	1.50259e-05	6.66862e-05	
735	0.0682521	0.065876	0.00237616	0	0.302907	0.292361	0.0105455	0	0	0	
736	0.0578546	0.0556188	0.00223581	0	0.256762	0.246839	0.00992266	0	0	0	
737	0.0896928	0.0798254	0.00985853	8.91861e-06	0.398062	0.35427	0.0437527	3.95813e-05	8.94602e-06	3.9703e-05	
738	0.118716	0.113428	0.00528416	3.60548e-06	0.526869	0.503402	0.0234514	1.60013e-05	3.91771e-06	1.7387e-05	
739	0.0650915	0.0649747	0.000116773	0	0.28888	0.288362	0.000518248	0	0	0	
740	0.0368056	0.036778	2.76281e-05	0	0.163345	0.163223	0.000122615	0	0	0	
741	0.0894806	0.0865863	0.00289291	1.3471e-06	0.39712	0.384275	0.0128389	5.97852e-06	1.89747e-06	8.42112e-06	
742	0.147634	0.123229	0.0243792	2.61414e-05	0.655211	0.546899	0.108196	0.000116017	2.61326e-05	0.000115978	
743	0.0875033	0.0843677	0.00311634	1.93177e-05	0.388345	0.374429	0.0138305	8.57332e-05	1.9309e-05	8.56945e-05	
744	0.0566221	0.0554756	0.00114545	1.06549e-06	0.251292	0.246204	0.00508358	4.72875e-06	1.17915e-06	5.23314e-06	
745	0.122165	0.101958	0.0202005	6.08171e-06	0.542176	0.452498	0.0896511	2.6991e-05	6.11927e-06	2.71577e-05	
746	0.0803291	0.0753062	0.00502082	2.09393e-06	0.356505	0.334213	0.0222827	9.29301e-06	4.69207e-06	2.08237e-05	
747	0.0854001	0.0844263	0.000973799	0	0.379011	0.374689	0.00432178	0	0	0	
748	0.0998841	0.0824024	0.0174733	8.28721e-06	0.443291	0.365707	0.0775479	3.67791e-05	8.27859e-06	3.67409e-05	
749	0.1213	0.112605	0.00868542	9.04978e-06	0.538337	0.49975	0.0385464	4.01635e-05	9.04125e-06	4.01256e-05	
750	0.0920645	0.0823022	0.00976155	7.62243e-07	0.408588	0.365262	0.0433223	3.38288e-06	7.53587e-07	3.34446e-06	
751	0.313126	0.152248	0.138665	0.0222126	1.38967	0.675689	0.615404	0.0985808	0.0239818	0.106432	
752	0.0850437	0.0765298	0.00850757	6.32686e-06	0.377429	0.339644	0.0377571	2.8079e-05	6.95517e-06	3.08674e-05	
753	0.102445	0.0926961	0.00974905	0	0.454658	0.411391	0.0432668	0	0	0	
754	0.228591	0.176827	0.0517418	2.21165e-05	1.0145	0.784772	0.229633	9.81545e-05	3.16326e-05	0.000140387	
755	0.118474	0.0922219	0.0262527	0	0.525798	0.409286	0.116511	0	0	0	
756	0.223344	0.114259	0.109084	0	0.991214	0.50709	0.484124	0	0	0	
757	0.135252	0.0776831	0.052235	0.00533468	0.60026	0.344762	0.231822	0.0236756	0.00539968	0.0239641	
758	0.19159	0.128054	0.0635335	1.74825e-06	0.850288	0.568314	0.281965	7.75884e-06	2.46157e-06	1.09246e-05	
759	0.126137	0.0714545	0.0538454	0.00083781	0.559807	0.317119	0.238969	0.00371825	0.00272644	0.0121001	
760	0.119029	0.0868609	0.0321684	0	0.528259	0.385494	0.142765	0	0	0	
761	0.121808	0.110063	0.011628	0.000117257	0.540593	0.488467	0.0516058	0.000520397	0.000117519	0.00052156	
762	0.0507403	0.0507402	0	0	0.225188	0.225188	0	0	0	0	
763	0.0553224	0.0540298	0.00129264	0	0.245524	0.239787	0.00573682	0	0	0	
764	0.0777596	0.0768039	0.000955706	0	0.345101	0.34086	0.00424148	0	0	0	
765	0.0848677	0.083912	0.000955706	0	0.376648	0.372406	0.00424148	0	0	0	
766	0.047109	0.0445527	0.00255625	0	0.209072	0.197727	0.0113448	0	0	0	
767	0.0495923	0.0431966	0.00639566	0	0.220093	0.191709	0.0283843	0	0	0	
768	0.045409	0.0453581	5.09466e-05	0	0.201528	0.201302	0.000226104	0	0	0	
769	0.0758265	0.0525266	0.0229072	0.000392635	0.336522	0.233116	0.101663	0.00174254	0.000457992	0.0020326	
770	0.0785068	0.0566237	0.0218831	0	0.348418	0.251299	0.0971186	0	0	0	
771	0.103932	0.0783297	0.0256023	0	0.461256	0.347632	0.113624	0	0	0	
772	0.103416	0.103365	5.09466e-05	0	0.458967	0.458741	0.000226104	0	0	0	
773	0.101119	0.090617	0.0105025	5.93837e-08	0.448775	0.402163	0.0466111	2.63548e-07	4.32318e-06	1.91865e-05	
774	0.0786167	0.0777067	0.000909991	0	0.348905	0.344867	0.00403859	0	0	0	
775	0.0757246	0.0757246	0	0	0.33607	0.33607	0	0	0	0	
776	0.0649623	0.0649623	0	0	0.288306	0.288306	0	0	0	0	
777	0.0743963	0.0743963	0	0	0.330175	0.330175	0	0	0	0	
778	0.0923693	0.0923693	0	0	0.40994	0.40994	0	0	0	0	
779	0.148262	0.110855	0.0374066	0	0.657997	0.491984	0.166013	0	0	0	
780	0.0498351	0.0435278	0.00630729	0	0.221171	0.193179	0.0279921	0	0	0	
781	0.0606518	0.0425276	0.0181242	0	0.269176	0.18874	0.0804363	0	0	0	
782	0.106155	0.0952651	0.0108906	0	0.471125	0.422792	0.0483335	0	0	0	
783	0.233165	0.135043	0.0913365	0.00678549	1.0348	0.599329	0.405357	0.0301144	0.0125841	0.0558493	
784	0.0718359	0.0718359	0	0	0.318812	0.318812	0	0	0	0	
785	0.128436	0.0754432	0.0529927	3.9998e-07	0.570008	0.334821	0.235185	1.77513e-06	8.52719e-06	3.78442e-05	
786	0.122982	0.0950386	0.0279254	1.84641e-05	0.545804	0.421787	0.123934	8.19451e-05	0.000572126	0.00253913	
787	0.200714	0.0841747	0.113935	0.00260482	0.890783	0.373572	0.505651	0.0115603	0.0100044	0.0444003	
788	0.146782	0.0917717	0.0548201	0.000190964	0.651431	0.407288	0.243295	0.000847511	0.000329835	0.00146383	
789	0.103928	0.102945	0.000982715	5.13628e-07	0.461241	0.456878	0.00436135	2.27951e-06	5.04938e-07	2.24094e-06	
790	0.114316	0.0846879	0.0296286	0	0.507343	0.37585	0.131493	0	0	0	
791	0.124087	0.0874669	0.0366202	0	0.550706	0.388183	0.162522	0	0	0	
792	0.093696	0.0827361	0.0109552	4.60168e-06	0.415828	0.367188	0.04862	2.04225e-05	4.59282e-06	2.03832e-05	
793	0.243101	0.147892	0.0897141	0.00549502	1.07889	0.656354	0.398157	0.0243872	0.00691113	0.030672	
794	0.0990803	0.0899479	0.00908598	4.63927e-05	0.439724	0.399194	0.0403241	0.000205893	4.65633e-05	0.00020665	
795	0.126171	0.106014	0.0201547	1.8455e-06	0.559956	0.4705	0.0894479	8.19044e-06	6.24487e-06	2.77151e-05	
796	0.0941957	0.0941957	0	0	0.418046	0.418046	0	0	0	0	
797	0.0542052	0.0534908	0.000714446	0	0.240566	0.237395	0.00317075	0	0	0	
798	0.189982	0.104254	0.0855657	0.000162629	0.843154	0.462686	0.379746	0.000721761	0.000475273	0.00210929	
799	0.168454	0.129875	0.0385786	2.11591e-07	0.747612	0.576397	0.171214	9.39056e-07	2.88732e-07	1.28141e-06	
800	0.203656	0.15946	0.0441893	6.93703e-06	0.903841	0.707695	0.196115	3.07869e-05	7.67061e-06	3.40426e-05	
801	0.157971	0.0856511	0.0718812	0.000438864	0.701086	0.380124	0.319013	0.0019477	0.000785166	0.00348461	
802	0.115104	0.0867312	0.0280874	0.000285814	0.51084	0.384918	0.124653	0.00126846	0.000393763	0.00174754	
803	0.0836695	0.0836695	0	0	0.37133	0.37133	0	0	0	0	
804	0.179676	0.151699	0.0276545	0.000322848	0.797415	0.67325	0.122732	0.00143282	0.000364387	0.00161717	
805	0.181761	0.144545	0.0369589	0.00025764	0.806669	0.6415	0.164026	0.00114342	0.00036815	0.00163387	
806	0.143737	0.107412	0.0357092	0.000615152	0.637915	0.476705	0.158479	0.00273008	0.000920211	0.00408395	
807	0.148406	0.119872	0.0285003	3.39136e-05	0.658638	0.532001	0.126486	0.00015051	5.66798e-05	0.000251548	
808	0.165308	0.153298	0.0119927	1.76646e-05	0.733651	0.680348	0.0532246	7.83966e-05	1.77041e-05	7.85722e-05	
809	0.185845	0.112704	0.0730401	0.000100553	0.824791	0.500189	0.324156	0.00044626	0.000205942	0.000913984	
810	0.0792726	0.0782926	0.000980015	0	0.351816	0.347467	0.00434937	0	0	0	
811	0.125548	0.0975456	0.0279794	2.3225e-05	0.557191	0.432913	0.124174	0.000103074	3.87092e-05	0.000171794	
812	0.166921	0.112654	0.0538366	0.000430939	0.740808	0.499965	0.23893	0.00191253	0.000815284	0.00361828	
813	0.0642366	0.0642366	0	0	0.285086	0.285086	0	0	0	0	
814	0.095231	0.0818328	0.0133963	1.88547e-06	0.422641	0.363179	0.0594537	8.36785e-06	4.65014e-06	2.06376e-05	
815	0.148968	0.13319	0.0155222	0.000255978	0.661131	0.591106	0.0688886	0.00113604	0.000257469	0.00114266	
816	0.229453	0.156453	0.0728942	0.000105167	1.01832	0.69435	0.323509	0.000466741	0.000242053	0.00107424	
817	0.157046	0.0975818	0.0583541	0.00111071	0.696983	0.433074	0.258979	0.0049294	0.00134056	0.00594953	
818	0.178394	0.124765	0.0530873	0.000542386	0.791726	0.553714	0.235604	0.00240714	0.000631119	0.00280094	
819	0.0672283	0.0672283	0	0	0.298363	0.298363	0	0	0	0	
820	0.0964465	0.0911194	0.00532711	0	0.428035	0.404393	0.023642	0	0	0	
821	0.0276798	0.0276724	7.38838e-06	0	0.122844	0.122812	3.27901e-05	0	0	0	
822	0.0923611	0.0846007	0.00775612	4.31944e-06	0.409904	0.375463	0.0344221	1.91699e-05	7.58669e-06	3.36701e-05	
823	0.0638704	0.0592394	0.00458669	4.43142e-05	0.283461	0.262908	0.020356	0.000196669	4.43056e-05	0.000196631	
824	0.120091	0.120034	5.70579e-05	0	0.532971	0.532718	0.000253226	0	0	0	
825	0.0788284	0.0788284	0	0	0.349845	0.349845	0	0	0	0	
826	0.11709	0.106484	0.0106056	0	0.519652	0.472584	0.0470686	0	0	0	
827	0.0844535	0.0843965	5.70579e-05	0	0.37481	0.374556	0.000253226	0	0	0	
828	0.166347	0.103988	0.0621533	0.00020561	0.738261	0.461508	0.27584	0.000912512	0.000296567	0.00131618	
829	0.135547	0.101881	0.0336655	0	0.601566	0.452156	0.149409	0	0	0	
830	0.163841	0.134346	0.0294945	0	0.727137	0.596238	0.130898	0	0	0	
831	0.101062	0.100963	9.90342e-05	0	0.448521	0.448081	0.00043952	0	0	0	
832	0.0859284	0.0841149	0.00181305	4.12827e-07	0.381355	0.373307	0.00804643	1.83215e-06	4.44629e-07	1.97329e-06	
833	0.0909329	0.0886891	0.00224386	0	0.403566	0.393607	0.00995839	0	0	0	
834	0.0987455	0.0982074	0.00053778	2.57279e-07	0.438238	0.43585	0.0023867	1.14182e-06	2.48589e-07	1.10325e-06	
835	0.0986276	0.0968689	0.00175865	0	0.437715	0.42991	0.00780502	0	0	0	
836	0.142561	0.116515	0.0259973	4.89122e-05	0.632696	0.517101	0.115377	0.000217075	5.21665e-05	0.000231518	
837	0.124688	0.120467	0.00420948	1.17668e-05	0.553376	0.534642	0.0186819	5.22219e-05	1.17582e-05	5.21836e-05	
838	0.133119	0.0975469	0.0354269	0.00014592	0.590793	0.432919	0.157226	0.000647604	0.000208622	0.000925879	
839	0.209116	0.152699	0.0555374	0.000879156	0.92807	0.67769	0.246478	0.00390175	0.000967146	0.00429225	
840	0.104905	0.0768076	0.0280976	0	0.465576	0.340877	0.124699	0	0	0	
841	0.115813	0.0800666	0.0357417	5.08336e-06	0.513987	0.35534	0.158624	2.25602e-05	9.70207e-06	4.30584e-05	
842	0.103999	0.0980722	0.00592688	0	0.461554	0.43525	0.0263038	0	0	0	
843	0.140741	0.121579	0.0189888	0.00017346	0.624619	0.539575	0.0842735	0.000769827	0.000214503	0.00095198	
844	0.116022	0.110066	0.00595322	2.65851e-06	0.514915	0.488482	0.0264207	1.17986e-05	2.65001e-06	1.17609e-05	
845	0.182923	0.134646	0.0463845	0.0018929	0.811826	0.597568	0.205857	0.0084008	0.00190145	0.00843877	
846	0.104193	0.0939626	0.0102308	2.69673e-08	0.462417	0.417011	0.0454053	1.19682e-07	2.18999e-08	9.71931e-08	
847	0.119778	0.0958107	0.0239607	6.87912e-06	0.531583	0.425213	0.106339	3.05299e-05	7.08077e-06	3.14249e-05	
848	0.105844	0.102692	0.00315236	0	0.469746	0.455755	0.0139904	0	0	0	
849	0.101657	0.0967611	0.00489282	3.1858e-06	0.45116	0.429432	0.0217146	1.41387e-05	7.30509e-06	3.24204e-05	
850	0.0801148	0.0800651	4.96813e-05	0	0.355554	0.355334	0.000220488	0	0	0	
851	0.0645309	0.0645092	2.17138e-05	0	0.286392	0.286295	9.63673e-05	0	0	0	
852	0.0929895	0.084741	0.00822789	2.05964e-05	0.412693	0.376086	0.0365158	9.14082e-05	2.7696e-05	0.000122916	
853	0.105827	0.103373	0.00245425	0	0.46967	0.458778	0.0108921	0	0	0	
854	0.100127	0.0944421	0.00567651	8.98219e-06	0.444372	0.41914	0.0251927	3.98635e-05	1.13791e-05	5.05015e-05	
855	0.112615	0.0931404	0.0187946	0.000680406	0.499794	0.413363	0.0834116	0.00301968	0.000680397	0.00301964	
856	0.114918	0.103537	0.0113773	2.96562e-06	0.510014	0.459507	0.0504933	1.31616e-05	2.9566e-06	1.31216e-05	
857	0.0633059	0.0633059	0	0	0.280955	0.280955	0	0	0	0	
858	0.105032	0.0852797	0.0197377	1.52619e-05	0.466141	0.378476	0.0875973	6.77335e-05	1.75284e-05	7.77921e-05	
859	0.125638	0.11177	0.0138675	2.626e-07	0.557589	0.496043	0.061545	1.16543e-06	6.61165e-07	2.93429e-06	
860	0.0951448	0.083985	0.0111597	0	0.422258	0.37273	0.0495274	0	0	0	
861	0.0861881	0.0861383	4.97896e-05	0	0.382508	0.382287	0.000220969	0	0	0	
862	0.0954199	0.0786958	0.0167058	1.83481e-05	0.423479	0.349256	0.0741413	8.14303e-05	2.37572e-05	0.000105436	
863	0.119953	0.114813	0.00513975	0	0.532361	0.50955	0.0228105	0	0	0	
864	0.109203	0.0949746	0.0142285	0	0.48465	0.421503	0.063147	0	0	0	
865	0.117209	0.116363	0.000846211	2.76924e-07	0.520182	0.516426	0.00375553	1.229e-06	2.68226e-07	1.1904e-06	
866	0.0763027	0.0756219	0.000680798	0	0.338636	0.335614	0.00302142	0	0	0	
867	0.0861709	0.0861709	0	0	0.382432	0.382432	0	0	0	0	
868	0.10428	0.0994836	0.0047727	2.44895e-05	0.462804	0.441514	0.0211815	0.000108686	2.44807e-05	0.000108647	
869	0.0964331	0.094172	0.00225641	4.73243e-06	0.427976	0.417941	0.010014	2.10028e-05	5.68285e-06	2.52208e-05	
870	0.128578	0.125643	0.00293406	0	0.570637	0.557615	0.0130215	0	0	0	
871	0.106047	0.0984368	0.0075413	6.97219e-05	0.470646	0.436868	0.0334687	0.00030943	6.97134e-05	0.000309392	
872	0.0417154	0.0417154	0	0	0.185135	0.185135	0	0	0	0	
873	0.100138	0.0995442	0.000593988	0	0.444419	0.441783	0.00263615	0	0	0	
874	0.103991	0.0905476	0.0134435	0	0.461519	0.401856	0.0596634	0	0	0	
875	0.0812044	0.0812044	0	0	0.36039	0.36039	0	0	0	0	
876	0.0443005	0.0443005	0	0	0.196608	0.196608	0	0	0	0	
877	0.0991746	0.087328	0.0117626	8.39355e-05	0.440143	0.387567	0.0522035	0.00037251	8.3927e-05	0.000372473	
878	0.0997151	0.0990211	0.000694027	0	0.442542	0.439461	0.00308013	0	0	0	
879	0.0870918	0.0869406	0.000151196	0	0.386518	0.385847	0.000671021	0	0	0	
880	0.0919708	0.087392	0.00457878	0	0.408172	0.387851	0.0203209	0	0	0	
881	0.08074	0.0790692	0.00166546	5.28208e-06	0.358329	0.350914	0.00739144	2.34421e-05	5.27337e-06	2.34035e-05	
882	0.0931208	0.0891613	0.00395602	3.53576e-06	0.413276	0.395703	0.017557	1.56919e-05	3.74506e-06	1.66208e-05	
883	0.0590743	0.0590743	0	0	0.262175	0.262175	0	0	0	0	
884	0.0785631	0.0785631	0	0	0.348668	0.348668	0	0	0	0	
885	0.0892459	0.0892459	0	0	0.396079	0.396079	0	0	0	0	
886	0.101998	0.101413	0.000585124	0	0.452676	0.450079	0.00259681	0	0	0	
887	0.0659125	0.0659125	0	0	0.292523	0.292523	0	0	0	0	
888	0.0966432	0.0965351	0.000108112	0	0.428908	0.428429	0.000479809	0	0	0	
889	0.0663625	0.0644299	0.00193255	0	0.29452	0.285944	0.00857679	0	0	0	
890	0.0951296	0.0913692	0.00376044	0	0.422191	0.405502	0.016689	0	0	0	
891	0.0420132	0.0411515	0.000861679	0	0.186457	0.182633	0.00382418	0	0	0	
892	0.0583769	0.0583769	0	0	0.25908	0.25908	0	0	0	0	
893	0.0866419	0.0866419	0	0	0.384522	0.384522	0	0	0	0	
894	0.0838545	0.0835329	0.000321555	0	0.372151	0.370724	0.00142708	0	0	0	
895	0.0798097	0.0798097	0	0	0.3542	0.3542	0	0	0	0	
896	0.0789275	0.078606	0.000321555	0	0.350285	0.348858	0.00142708	0	0	0	
897	0.0733823	0.07151	0.00187227	0	0.325675	0.317366	0.00830929	0	0	0	
898	0.0729449	0.0729449	0	0	0.323734	0.323734	0	0	0	0	
899	0.101118	0.0954432	0.00567565	0	0.448771	0.423582	0.0251889	0	0	0	
900	0.0816619	0.0816619	0	0	0.36242	0.36242	0	0	0	0	
901	0.167749	0.112122	0.0545511	0.00107533	0.744481	0.497607	0.242101	0.00477241	0.00110433	0.00490109	
902	0.0750472	0.0750472	0	0	0.333064	0.333064	0	0	0	0	
903	0.190336	0.115987	0.0737666	0.000582166	0.844723	0.514759	0.32738	0.00258368	0.00433783	0.0192515	
904	0.0677205	0.0677205	0	0	0.300547	0.300547	0	0	0	0	
905	0.145305	0.0927915	0.0525137	0	0.644873	0.411814	0.233059	0	0	0	
906	0.182035	0.130568	0.05118	0.000287679	0.807885	0.579468	0.227139	0.00127673	0.000310676	0.0013788	
907	0.0803937	0.0803156	7.81208e-05	0	0.356792	0.356445	0.000346704	0	0	0	
908	0.109922	0.0992946	0.0106098	1.768e-05	0.487841	0.440675	0.0470872	7.84651e-05	2.42794e-05	0.000107753	
909	0.106808	0.105557	0.00125105	0	0.474023	0.46847	0.00555226	0	0	0	
910	0.117086	0.0902329	0.026854	0	0.519639	0.400459	0.119179	0	0	0	
911	0.119682	0.106704	0.0128025	0.000175373	0.531158	0.473562	0.0568183	0.000778317	0.00018241	0.000809547	
912	0.104355	0.0959808	0.00831546	5.94226e-05	0.463137	0.425968	0.0369045	0.000263721	5.94136e-05	0.000263681	
913	0.115242	0.0988129	0.0163292	0.000100152	0.511452	0.438537	0.0724699	0.000444481	0.000101252	0.000449366	
914	0.07679	0.07679	0	0	0.340798	0.340798	0	0	0	0	
915	0.111164	0.0918333	0.0193092	2.22661e-05	0.493356	0.407562	0.0856957	9.88185e-05	2.33501e-05	0.000103629	
916	0.106989	0.106989	0	0	0.474825	0.474825	0	0	0	0	
917	0.118474	0.0927009	0.0257723	1.11144e-06	0.525796	0.411412	0.114379	4.93265e-06	1.2769e-06	5.66696e-06	
918	0.126955	0.0890721	0.0378143	6.92791e-05	0.563437	0.395307	0.167822	0.000307465	0.000101594	0.000450882	
919	0.0904296	0.0863617	0.00406785	0	0.401332	0.383278	0.0180534	0	0	0	
920	0.118793	0.0859268	0.0328337	3.31769e-05	0.527213	0.381348	0.145718	0.000147241	5.24693e-05	0.000232862	
921	0.0383682	0.0383682	0	0	0.17028	0.17028	0	0	0	0	
922	0.019439	0.0191733	0.000265663	0	0.0862716	0.0850925	0.00117902	0	0	0	
923	0.0622716	0.0592899	0.00297266	9.03491e-06	0.276365	0.263132	0.0131928	4.00974e-05	2.11938e-05	9.40597e-05	
924	0.0626492	0.0517704	0.0108788	0	0.278041	0.22976	0.0482811	0	0	0	
925	0.0488803	0.0449108	0.00394754	2.19799e-05	0.216934	0.199317	0.0175194	9.75482e-05	2.37127e-05	0.000105238	
926	0.0667866	0.0589271	0.00785948	0	0.296403	0.261522	0.0348808	0	0	0	
927	0.0784921	0.0774304	0.00106176	0	0.348353	0.34364	0.00471216	0	0	0	
928	0.0995073	0.0953163	0.0041909	0	0.441619	0.423019	0.0185995	0	0	0	
929	0.0445128	0.0430836	0.00142921	0	0.19755	0.191207	0.00634294	0	0	0	
930	0.0765136	0.0749163	0.00159728	0	0.339572	0.332483	0.00708883	0	0	0	
931	0.0906608	0.0827466	0.00785759	5.66231e-05	0.402358	0.367234	0.0348724	0.000251297	5.66143e-05	0.000251257	
932	0.0855612	0.0843114	0.00124983	0	0.379726	0.374179	0.00554684	0	0	0	
933	0.047862	0.0478164	4.55802e-05	0	0.212414	0.212212	0.000202287	0	0	0	
934	0.0467815	0.0455585	0.00122292	0	0.207619	0.202191	0.0054274	0	0	0	
935	0.0880562	0.0778824	0.0101701	3.54652e-06	0.390798	0.345647	0.0451358	1.57396e-05	4.02023e-06	1.7842e-05	
936	0.0764795	0.0759792	0.000500334	0	0.33942	0.3372	0.00222051	0	0	0	
937	0.0620305	0.0620305	0	0	0.275295	0.275295	0	0	0	0	
938	0.067481	0.067481	0	0	0.299484	0.299484	0	0	0	0	
939	0.0744401	0.0730724	0.00136156	6.11326e-06	0.330369	0.324299	0.00604271	2.7131e-05	6.10455e-06	2.70924e-05	
940	0.0754039	0.0746608	0.00074315	0	0.334647	0.331349	0.00329814	0	0	0	
941	0.0688915	0.0688915	0	0	0.305744	0.305744	0	0	0	0	
942	0.0710068	0.0710068	0	0	0.315132	0.315132	0	0	0	0	
943	0.0806377	0.080425	0.00021267	0	0.357875	0.356931	0.000943842	0	0	0	
944	0.064589	0.0637703	0.00081876	0	0.28665	0.283016	0.00363371	0	0	0	
945	0.0637018	0.0634892	0.00021267	0	0.282712	0.281769	0.000943842	0	0	0	
946	0.0657921	0.0657921	0	0	0.291989	0.291989	0	0	0	0	
947	0.0960671	0.0960671	0	0	0.426351	0.426351	0	0	0	0	
948	0.0631902	0.054403	0.0087872	0	0.280442	0.241444	0.0389981	0	0	0	
949	0.0649119	0.0649119	0	0	0.288083	0.288083	0	0	0	0	
950	0.0863544	0.0863544	0	0	0.383246	0.383246	0	0	0	0	
951	0.116931	0.116376	0.000555014	0	0.518951	0.516488	0.00246318	0	0	0	
952	0.0499053	0.0496637	0.000241638	0	0.221483	0.22041	0.0010724	0	0	0	
953	0.053984	0.0534825	0.000501512	0	0.239584	0.237358	0.00222574	0	0	0	
954	0.0870732	0.0866952	0.00037795	0	0.386436	0.384759	0.00167736	0	0	0	
955	0.0893896	0.0893896	0	0	0.396716	0.396716	0	0	0	0	
956	0.0539722	0.0498697	0.0041025	0	0.239532	0.221324	0.0182071	0	0	0	
957	0.079242	0.079242	0	0	0.351681	0.351681	0	0	0	0	
958	0.0793216	0.0695463	0.00977521	0	0.352034	0.308651	0.043383	0	0	0	
959	0.0912429	0.0912429	0	0	0.404941	0.404941	0	0	0	0	
960	0.0568507	0.0568507	0	0	0.252306	0.252306	0	0	0	0	
961	0.0788552	0.0751669	0.00368832	0	0.349964	0.333595	0.016369	0	0	0	
962	0.0985768	0.098269	0.000307843	0	0.43749	0.436123	0.00136622	0	0	0	
963	0.146486	0.146161	0.000325401	3.73151e-08	0.650117	0.648673	0.00144415	1.65607e-07	2.86124e-08	1.26983e-07	
964	0.105012	0.104634	0.00037795	0	0.466052	0.464375	0.00167736	0	0	0	
965	0.152453	0.0964751	0.0559786	0	0.676599	0.428162	0.248436	0	0	0	
966	0.157902	0.101923	0.0559788	0	0.700779	0.452342	0.248437	0	0	0	
967	0.0444471	0.0444471	0	0	0.197259	0.197259	0	0	0	0	
968	0.0708451	0.0708451	0	0	0.314415	0.314415	0	0	0	0	
969	0.195995	0.178314	0.0176747	5.85011e-06	0.869837	0.79137	0.0784418	2.59631e-05	9.31338e-06	4.13333e-05	
970	0.213885	0.1741	0.0395592	0.000225812	0.949237	0.772669	0.175566	0.00100217	0.000404606	0.00179566	
