Node	dPC	dPCintra	dPCflux	dPCconnector	varPC	varPCintra	varPCflux	varPCconnector	dBC_PC	varBC_PC	
1	0.172409	0.165003	0.00739606	9.98092e-06	0.769692	0.736629	0.0330184	4.4558e-05	9.95534e-06	4.44438e-05	
2	0.090387	0.0830616	0.00732542	0	0.403517	0.370813	0.032703	0	0	0	
3	0.0914064	0.0813722	0.0100081	2.61118e-05	0.408067	0.363271	0.0446794	0.000116571	2.75909e-05	0.000123175	
4	0.0571238	0.0571238	0	0	0.255019	0.255019	0	0	0	0	
5	0.1143	0.105703	0.00859497	1.67579e-06	0.510272	0.471894	0.0383707	7.48128e-06	3.50703e-06	1.56565e-05	
6	0.0912128	0.089033	0.00217597	3.86222e-06	0.407203	0.397471	0.00971423	1.72422e-05	3.83668e-06	1.71282e-05	
7	0.0863875	0.0857516	0.00063597	0	0.385661	0.382822	0.00283917	0	0	0	
8	0.121845	0.102478	0.0193675	0	0.543957	0.457494	0.0864631	0	0	0	
9	0.0872554	0.0861786	0.00107496	1.82918e-06	0.389536	0.384729	0.004799	8.16608e-06	1.8037e-06	8.05232e-06	
10	0.0607166	0.0590388	0.00166754	1.03723e-05	0.271058	0.263568	0.00744445	4.63053e-05	1.09554e-05	4.89088e-05	
11	0.084477	0.0788027	0.00567434	0	0.377132	0.3518	0.025332	0	0	0	
12	0.0960757	0.0941091	0.00196163	4.93724e-06	0.428912	0.420133	0.00875736	2.20414e-05	5.09858e-06	2.27617e-05	
13	0.102675	0.102675	0	0	0.458377	0.458377	0	0	0	0	
14	0.0834095	0.0831558	0.000253749	0	0.372367	0.371234	0.00113281	0	0	0	
15	0.0943768	0.0924458	0.00193094	0	0.421328	0.412708	0.00862035	0	0	0	
16	0.0730676	0.0730676	0	0	0.326197	0.326197	0	0	0	0	
17	0.0868649	0.0842442	0.00261664	4.07431e-06	0.387793	0.376093	0.0116815	1.8189e-05	4.04885e-06	1.80753e-05	
18	0.0731465	0.0719416	0.00120496	0	0.326549	0.32117	0.00537934	0	0	0	
19	0.0875581	0.0840579	0.00349817	2.02264e-06	0.390887	0.375261	0.0156169	9.02972e-06	1.99716e-06	8.91597e-06	
20	0.05895	0.05895	0	0	0.263171	0.263171	0	0	0	0	
21	0.0844565	0.0815134	0.00293991	3.19742e-06	0.377041	0.363902	0.0131247	1.42743e-05	3.17223e-06	1.41618e-05	
22	0.0893968	0.0873171	0.00207971	0	0.399096	0.389811	0.0092845	0	0	0	
23	0.0982715	0.0946889	0.00357053	1.20765e-05	0.438715	0.422722	0.01594	5.39136e-05	1.20536e-05	5.38113e-05	
24	0.0660734	0.0649037	0.00116969	0	0.294972	0.289751	0.00522188	0	0	0	
25	0.121032	0.1152	0.00581338	1.84113e-05	0.540326	0.514291	0.0259527	8.2194e-05	2.09748e-05	9.36386e-05	
26	0.0855228	0.0840409	0.00148183	0	0.381801	0.375185	0.00661538	0	0	0	
27	0.0839751	0.0760163	0.0078321	0.000126775	0.374892	0.339361	0.034965	0.000565968	0.000130329	0.00058183	
28	0.0619364	0.0619364	0	0	0.276504	0.276504	0	0	0	0	
29	0.106391	0.100985	0.005406	3.16125e-07	0.474965	0.450829	0.0241341	1.41128e-06	4.2803e-07	1.91086e-06	
30	0.168162	0.148419	0.0196539	8.88592e-05	0.75073	0.662592	0.0877414	0.000396696	9.02256e-05	0.000402796	
31	0.142563	0.138021	0.00454185	0	0.63645	0.616173	0.0202762	0	0	0	
32	0.144048	0.138483	0.0055591	5.55356e-06	0.643078	0.618236	0.0248176	2.47928e-05	5.71342e-06	2.55065e-05	
33	0.0779525	0.0764302	0.00152228	0	0.348005	0.341209	0.00679597	0	0	0	
34	0.104807	0.0968796	0.00792758	0	0.467893	0.432502	0.0353912	0	0	0	
35	0.0726727	0.0607924	0.0118144	6.59573e-05	0.324434	0.271396	0.0527433	0.000294454	6.78264e-05	0.000302799	
36	0.081428	0.0809313	0.000496727	0	0.363521	0.361303	0.00221755	0	0	0	
37	0.16998	0.0947173	0.0748026	0.000460693	0.758848	0.422848	0.333942	0.00205668	0.0047534	0.0212207	
38	0.0803188	0.0781962	0.00212251	1.29914e-07	0.358569	0.349093	0.00947558	5.79981e-07	1.07364e-07	4.7931e-07	
39	0.0903362	0.0836662	0.00665073	1.92132e-05	0.403289	0.373513	0.029691	8.57739e-05	1.92559e-05	8.59649e-05	
40	0.102378	0.10067	0.00170823	0	0.45705	0.449424	0.00762613	0	0	0	
41	0.0981867	0.0956591	0.00252758	0	0.438336	0.427053	0.0112839	0	0	0	
42	0.0752766	0.0737298	0.00154685	0	0.336059	0.329153	0.00690565	0	0	0	
43	0.0587344	0.0551763	0.00355803	0	0.262209	0.246325	0.0158842	0	0	0	
44	0.0646867	0.0644202	0.000266484	0	0.288782	0.287592	0.00118967	0	0	0	
45	0.0570715	0.0519934	0.0050781	0	0.254785	0.232115	0.0226702	0	0	0	
46	0.0956092	0.084886	0.0106933	2.98876e-05	0.42683	0.378958	0.0477384	0.000133428	3.31331e-05	0.000147916	
47	0.135772	0.134468	0.00130403	0	0.606133	0.600312	0.00582163	0	0	0	
48	0.107163	0.0847904	0.0222887	8.42026e-05	0.478411	0.378531	0.0995042	0.000375907	0.000146638	0.000654642	
49	0.168098	0.157924	0.0101707	2.95755e-06	0.750443	0.705025	0.0454053	1.32034e-05	6.33745e-06	2.82924e-05	
50	0.102478	0.0950025	0.00745727	1.90025e-05	0.457498	0.424122	0.0332916	8.48332e-05	2.49285e-05	0.000111288	
51	0.0849732	0.0844341	0.000539149	0	0.379347	0.376941	0.00240693	0	0	0	
52	0.080767	0.0760255	0.00473947	2.06711e-06	0.36057	0.339402	0.0211585	9.22828e-06	2.11935e-06	9.46149e-06	
53	0.0972041	0.0947047	0.00249655	2.83768e-06	0.43395	0.422792	0.0111454	1.26683e-05	3.84714e-06	1.71748e-05	
54	0.0942408	0.0905073	0.00373347	0	0.420721	0.404053	0.0166674	0	0	0	
55	0.0985687	0.0925114	0.00604241	1.49056e-05	0.440042	0.413	0.0269752	6.65435e-05	1.52051e-05	6.78805e-05	
56	0.117014	0.111748	0.00526544	8.30002e-07	0.522389	0.498879	0.0235066	3.70539e-06	9.12144e-07	4.0721e-06	
57	0.101571	0.10051	0.00106076	0	0.453448	0.448712	0.00473559	0	0	0	
58	0.12042	0.09111	0.0292686	4.22413e-05	0.537597	0.406744	0.130664	0.000188579	0.000163896	0.000731688	
59	0.174214	0.111794	0.0622793	0.000140731	0.777751	0.499087	0.278035	0.000628269	0.000159281	0.000711084	
60	0.0750211	0.0734369	0.00158075	3.53137e-06	0.334918	0.327845	0.00705699	1.57652e-05	3.50592e-06	1.56515e-05	
61	0.0877236	0.0869435	0.000780131	0	0.391626	0.388143	0.00348275	0	0	0	
62	0.10235	0.0932113	0.00909664	4.2892e-05	0.456927	0.416125	0.0406103	0.000191483	5.60674e-05	0.000250302	
63	0.126755	0.0936949	0.0329968	6.33079e-05	0.565875	0.418284	0.147308	0.000282627	9.12507e-05	0.000407372	
64	0.0983466	0.0965937	0.00175286	0	0.43905	0.431225	0.00782535	0	0	0	
65	0.110219	0.10233	0.00786955	1.91711e-05	0.492055	0.456837	0.0351322	8.5586e-05	2.0288e-05	9.05724e-05	
66	0.114968	0.100687	0.0142804	2.87852e-08	0.513254	0.449501	0.0637527	1.28506e-07	1.33739e-08	5.97056e-08	
67	0.170716	0.137009	0.0336554	5.16758e-05	0.762134	0.611654	0.150248	0.000230697	7.04545e-05	0.000314531	
68	0.107854	0.0796731	0.028015	0.000166842	0.481499	0.355686	0.125068	0.000744839	0.000176907	0.000789771	
69	0.11559	0.113478	0.0021109	9.30311e-07	0.516031	0.506603	0.00942377	4.15321e-06	1.56974e-06	7.00786e-06	
70	0.0771718	0.0761629	0.00100884	9.25067e-08	0.344519	0.340015	0.0045038	4.12979e-07	6.76615e-08	3.02062e-07	
71	0.0657053	0.0440774	0.0216278	0	0.293329	0.196775	0.0965538	0	0	0	
72	0.168104	0.129151	0.0388681	8.44459e-05	0.750472	0.576575	0.173519	0.000376994	0.000157147	0.000701555	
73	0.0869565	0.0595098	0.0274203	2.63793e-05	0.388201	0.265671	0.122413	0.000117765	2.73677e-05	0.000122178	
74	0.134986	0.105721	0.0292486	1.6171e-05	0.60262	0.471973	0.130575	7.21928e-05	1.62003e-05	7.23237e-05	
75	0.182401	0.142446	0.0396849	0.000269968	0.814299	0.635927	0.177166	0.00120522	0.000350971	0.00156684	
76	0.15605	0.139907	0.0159679	0.00017513	0.69666	0.624593	0.0712861	0.00078184	0.000184507	0.000823701	
77	0.088715	0.088715	0	0	0.396052	0.396052	0	0	0	0	
78	0.153609	0.0977262	0.0552815	0.000601838	0.685762	0.436281	0.246794	0.00268679	0.000847895	0.00378527	
79	0.162878	0.135646	0.0271351	9.67945e-05	0.72714	0.605568	0.12114	0.000432121	0.00012618	0.00056331	
80	0.13772	0.12388	0.0138038	3.52521e-05	0.614826	0.553044	0.0616249	0.000157377	7.28473e-05	0.000325213	
81	0.108842	0.10513	0.0037117	0	0.485907	0.469337	0.0165702	0	0	0	
82	0.258196	0.159458	0.0976261	0.00111132	1.15267	0.711875	0.435834	0.00496129	0.00184352	0.00823008	
83	0.163338	0.123873	0.0393602	0.000104687	0.729197	0.553012	0.175717	0.000467357	0.000135289	0.000603976	
84	0.117526	0.0951704	0.0223403	1.60655e-05	0.524677	0.424871	0.0997344	7.17216e-05	2.21373e-05	9.88282e-05	
85	0.143899	0.100039	0.0438601	0	0.642414	0.446609	0.195805	0	0	0	
86	0.170236	0.144666	0.0253114	0.000257843	0.759988	0.645839	0.112998	0.00115109	0.000384516	0.0017166	
87	0.0810201	0.076787	0.00423231	8.27202e-07	0.3617	0.342802	0.0188944	3.69289e-06	8.2953e-07	3.70328e-06	
88	0.0841245	0.0807677	0.00335678	0	0.375558	0.360573	0.0149857	0	0	0	
89	0.0776811	0.0761423	0.00153468	4.12102e-06	0.346793	0.339923	0.00685131	1.83975e-05	4.14787e-06	1.85174e-05	
90	0.110682	0.0977584	0.0129137	9.9917e-06	0.49412	0.436425	0.0576509	4.46061e-05	1.34309e-05	5.99599e-05	
91	0.104469	0.101293	0.00317445	1.18261e-06	0.466384	0.452207	0.0141717	5.27957e-06	1.9894e-06	8.88133e-06	
92	0.084652	0.0829793	0.00167242	2.9887e-07	0.377913	0.370446	0.00746625	1.33425e-06	3.33477e-07	1.48875e-06	
93	0.0952047	0.0893224	0.00587162	1.07006e-05	0.425024	0.398764	0.0262128	4.77709e-05	2.70691e-05	0.000120845	
94	0.0897218	0.0848683	0.00485349	0	0.400547	0.378879	0.0216675	0	0	0	
95	0.153532	0.130121	0.0234096	1.74018e-06	0.685418	0.580902	0.104508	7.76874e-06	2.0566e-06	9.18135e-06	
96	0.195499	0.157925	0.0375139	5.96314e-05	0.872771	0.70503	0.167474	0.000266214	7.95891e-05	0.000355311	
97	0.114162	0.0937357	0.0203792	4.77701e-05	0.509659	0.418466	0.0909796	0.000213261	4.97326e-05	0.000222022	
98	0.106808	0.0886956	0.0181131	0	0.476828	0.395965	0.080863	0	0	0	
99	0.111052	0.0994431	0.0116053	4.03381e-06	0.495774	0.443946	0.0518098	1.80082e-05	4.81006e-06	2.14736e-05	
100	0.0986151	0.0914254	0.007182	7.73641e-06	0.440249	0.408152	0.0320627	3.45378e-05	1.15103e-05	5.1386e-05	
101	0.145008	0.143434	0.00157386	0	0.647365	0.640339	0.00702622	0	0	0	
102	0.151045	0.106619	0.0443493	7.65173e-05	0.674313	0.475982	0.197989	0.000341598	0.000117225	0.000523331	
103	0.0756299	0.072882	0.00274551	2.47826e-06	0.337636	0.325368	0.0122568	1.10637e-05	2.51344e-06	1.12208e-05	
104	0.109429	0.0828038	0.0266157	1.02239e-05	0.488529	0.369662	0.118821	4.56431e-05	1.3215e-05	5.89961e-05	
105	0.0918637	0.0857036	0.00607326	8.68338e-05	0.410109	0.382608	0.027113	0.000387654	8.68107e-05	0.000387551	
106	0.13758	0.110865	0.0266813	3.39979e-05	0.614204	0.494938	0.119114	0.000151777	4.42218e-05	0.00019742	
107	0.208241	0.145813	0.0622543	0.00017311	0.929656	0.65096	0.277923	0.000772821	0.000230827	0.00103048	
108	0.10175	0.0963333	0.00539853	1.90257e-05	0.454248	0.430063	0.0241008	8.49369e-05	2.23522e-05	9.97876e-05	
109	0.133395	0.107452	0.0258811	6.1765e-05	0.59552	0.479703	0.115541	0.000275738	7.88405e-05	0.000351969	
110	0.115109	0.107971	0.0071386	5.11577e-08	0.513887	0.482018	0.031869	2.28384e-07	4.07108e-07	1.81746e-06	
111	0.104014	0.0956556	0.00835548	3.3774e-06	0.464353	0.427037	0.0373015	1.50778e-05	3.81653e-06	1.70382e-05	
112	0.100915	0.0942386	0.0066659	1.09377e-05	0.450518	0.420711	0.0297587	4.88294e-05	1.21885e-05	5.44135e-05	
113	0.092759	0.0912247	0.00153366	6.26781e-07	0.414106	0.407256	0.00684678	2.79815e-06	6.38223e-07	2.84923e-06	
114	0.160055	0.12341	0.0357836	0.000860951	0.714538	0.550944	0.159749	0.00384356	0.000992546	0.00443104	
115	0.112488	0.106174	0.00630792	5.86621e-06	0.502185	0.473999	0.0281605	2.61886e-05	6.81379e-06	3.04189e-05	
116	0.120225	0.113676	0.00654705	1.55251e-06	0.536724	0.507489	0.0292281	6.93093e-06	1.97915e-06	8.8356e-06	
117	0.109444	0.0962758	0.0131629	5.31242e-06	0.488593	0.429806	0.0587634	2.37163e-05	5.8582e-06	2.61529e-05	
118	0.102724	0.100999	0.00172377	6.26619e-07	0.458593	0.450895	0.00769547	2.79742e-06	6.08668e-07	2.71729e-06	
119	0.117921	0.112877	0.00504326	0	0.526437	0.503922	0.0225147	0	0	0	
120	0.108472	0.0955522	0.012832	8.83211e-05	0.484256	0.426576	0.0572862	0.000394294	0.00010551	0.000471033	
121	0.0889708	0.083812	0.00515731	1.5288e-06	0.397194	0.374163	0.0230239	6.82507e-06	1.78635e-06	7.97484e-06	
122	0.181257	0.156693	0.0244421	0.000122333	0.809193	0.69953	0.109117	0.000546137	0.000156882	0.000700374	
123	0.109081	0.106308	0.00277219	5.29266e-07	0.486974	0.474595	0.0123759	2.36281e-06	1.22851e-06	5.48449e-06	
124	0.152611	0.095743	0.0549355	0.00193309	0.681307	0.427427	0.24525	0.00862996	0.00328912	0.0146837	
125	0.108793	0.10274	0.00605256	0	0.485687	0.458667	0.0270205	0	0	0	
126	0.139602	0.103685	0.0352047	0.000712107	0.62323	0.462886	0.157165	0.00317907	0.0013663	0.00609961	
127	0.211363	0.190387	0.0208126	0.000163433	0.943593	0.849949	0.0929143	0.000729619	0.000198684	0.000886989	
128	0.135816	0.119883	0.0159283	4.60434e-06	0.606329	0.5352	0.0711092	2.05552e-05	7.60936e-06	3.39706e-05	
129	0.123086	0.117298	0.00578727	1.00495e-06	0.549497	0.523656	0.0258362	4.48646e-06	2.30939e-06	1.03098e-05	
130	0.0964914	0.0956277	0.000863219	4.66443e-07	0.430768	0.426912	0.00385368	2.08235e-06	4.87697e-07	2.17723e-06	
131	0.130571	0.123835	0.00671504	2.15444e-05	0.582914	0.55284	0.0299781	9.61812e-05	2.21628e-05	9.89422e-05	
132	0.118115	0.0846149	0.0335005	0	0.527305	0.377748	0.149557	0	0	0	
133	0.132148	0.110103	0.0219295	0.000115202	0.589953	0.491539	0.0979003	0.000514302	0.000158024	0.000705473	
134	0.0957241	0.095028	0.000696128	0	0.427343	0.424235	0.00310774	0	0	0	
135	0.0705996	0.0701047	0.000494848	0	0.315179	0.31297	0.00220916	0	0	0	
136	0.1056	0.10285	0.00274999	0	0.471432	0.459156	0.0122768	0	0	0	
137	0.112763	0.101465	0.011196	0.000101598	0.503411	0.452975	0.0499828	0.000453568	0.000141216	0.000630434	
138	0.111439	0.103681	0.0077471	1.14529e-05	0.497502	0.462865	0.0345855	5.11297e-05	1.49606e-05	6.6789e-05	
139	0.111261	0.105531	0.00572258	7.84584e-06	0.496707	0.471125	0.0255474	3.50263e-05	1.34862e-05	6.02067e-05	
140	0.13778	0.120284	0.0174762	1.91899e-05	0.615094	0.536989	0.0780197	8.56702e-05	3.77708e-05	0.000168621	
141	0.0978476	0.0924329	0.00541026	4.51365e-06	0.436823	0.41265	0.0241531	2.01504e-05	9.27399e-06	4.14021e-05	
142	0.085196	0.0829008	0.00229526	0	0.380342	0.370095	0.0102468	0	0	0	
143	0.154251	0.153815	0.000435216	0	0.688625	0.686683	0.00194294	0	0	0	
144	0.100294	0.0981401	0.00215111	2.98286e-06	0.447745	0.438129	0.00960327	1.33164e-05	3.09323e-06	1.38091e-05	
145	0.0915019	0.0862223	0.00527823	1.37873e-06	0.408493	0.384924	0.0235637	6.15511e-06	2.34661e-06	1.0476e-05	
146	0.0641061	0.0608077	0.00329498	3.49406e-06	0.28619	0.271465	0.0147098	1.55986e-05	3.89325e-06	1.73807e-05	
147	0.0767089	0.0722521	0.00442791	2.89705e-05	0.342453	0.322556	0.0197676	0.000129333	2.89583e-05	0.000129279	
148	0.112745	0.107162	0.00558215	8.17223e-07	0.503332	0.478408	0.0249205	3.64834e-06	2.06071e-06	9.19969e-06	
149	0.116629	0.0993144	0.0172213	9.34464e-05	0.52067	0.443371	0.0768814	0.000417174	0.000134953	0.000602476	
150	0.0936808	0.0821119	0.0114749	9.38961e-05	0.418221	0.366574	0.0512278	0.000419182	9.58453e-05	0.000427884	
151	0.133837	0.12371	0.0100957	3.07065e-05	0.597491	0.552284	0.0450706	0.000137083	3.65776e-05	0.000163294	
152	0.0936482	0.0842695	0.00937306	5.66914e-06	0.418076	0.376206	0.0418443	2.53088e-05	8.29585e-06	3.70353e-05	
153	0.138742	0.134832	0.00391033	0	0.619391	0.601934	0.017457	0	0	0	
154	0.101825	0.0971526	0.00467231	5.68104e-07	0.454581	0.43372	0.0208586	2.5362e-06	1.50998e-06	6.74107e-06	
155	0.104912	0.0913285	0.0135698	1.40771e-05	0.468362	0.407719	0.0605799	6.28449e-05	2.55152e-05	0.000113908	
156	0.105075	0.0942224	0.0108527	0	0.469089	0.420639	0.0484502	0	0	0	
157	0.0883271	0.0878633	0.000463765	0	0.39432	0.39225	0.00207039	0	0	0	
158	0.110949	0.102938	0.00799171	2.00707e-05	0.495316	0.459549	0.0356775	8.96021e-05	3.26546e-05	0.00014578	
159	0.101215	0.0987333	0.00248097	1.44724e-06	0.451859	0.440777	0.0110758	6.46098e-06	1.67339e-06	7.47059e-06	
160	0.172775	0.154985	0.0177899	0	0.771325	0.691905	0.07942	0	0	0	
161	0.218117	0.173058	0.0449994	5.92539e-05	0.973747	0.77259	0.200891	0.000264528	8.44362e-05	0.00037695	
162	0.121694	0.0938031	0.0278701	2.17048e-05	0.543285	0.418767	0.124421	9.68974e-05	2.3999e-05	0.000107139	
163	0.0914433	0.0781899	0.0132178	3.55433e-05	0.408232	0.349065	0.0590085	0.000158676	4.26204e-05	0.000190271	
164	0.125461	0.0893428	0.0360639	5.44319e-05	0.560099	0.398855	0.161	0.000243001	0.000193128	0.000862188	
165	0.155752	0.114734	0.0407369	0.000280682	0.695329	0.512213	0.181862	0.00125305	0.000372187	0.00166156	
166	0.101973	0.0970198	0.00495316	0	0.45524	0.433127	0.0221124	0	0	0	
167	0.104808	0.0967175	0.00808611	5.08593e-06	0.467899	0.431778	0.036099	2.27052e-05	8.51654e-06	3.80206e-05	
168	0.110139	0.0976591	0.0124675	1.25077e-05	0.491696	0.435981	0.0556591	5.58385e-05	1.64415e-05	7.34004e-05	
169	0.0970774	0.094395	0.00267175	1.0719e-05	0.433385	0.421409	0.0119275	4.78534e-05	1.07232e-05	4.78718e-05	
170	0.146704	0.10824	0.0377853	0.000678581	0.654936	0.483221	0.168686	0.0030294	0.000766549	0.00342212	
171	0.21949	0.194591	0.0248865	1.18696e-05	0.979875	0.86872	0.111101	5.29897e-05	1.23678e-05	5.52138e-05	
172	0.133728	0.121671	0.0120471	1.00408e-05	0.597008	0.543181	0.0537822	4.48254e-05	1.15997e-05	5.17849e-05	
173	0.17018	0.135173	0.0346024	0.00040473	0.759742	0.603459	0.154476	0.00180684	0.000497415	0.00222062	
174	0.120442	0.112829	0.00761247	1.19228e-06	0.537696	0.503706	0.0339845	5.32272e-06	1.21801e-06	5.43759e-06	
175	0.103767	0.0959042	0.00786273	0	0.463249	0.428147	0.0351017	0	0	0	
176	0.109069	0.0944968	0.0144372	0.000135739	0.486922	0.421864	0.0644524	0.000605984	0.000164736	0.000735437	
177	0.176164	0.14129	0.0344503	0.000424001	0.786455	0.630765	0.153797	0.00189287	0.000506859	0.00226278	
178	0.142373	0.106051	0.0362178	0.000104894	0.635603	0.473446	0.161688	0.000468284	0.000154664	0.000690471	
179	0.194365	0.139933	0.0542159	0.0002166	0.867711	0.624706	0.242037	0.000966975	0.000354772	0.00158381	
180	0.113394	0.101078	0.0121614	0.000154674	0.50623	0.451247	0.0542924	0.000690518	0.000161207	0.000719682	
181	0.130117	0.124896	0.00522107	0	0.580887	0.557578	0.0233085	0	0	0	
182	0.101192	0.0990773	0.00211549	0	0.451757	0.442313	0.00944422	0	0	0	
183	0.116151	0.111138	0.00501292	0	0.518537	0.496158	0.0223792	0	0	0	
184	0.093303	0.0877218	0.0055787	2.49414e-06	0.416534	0.391618	0.0249051	1.11346e-05	3.0172e-06	1.34697e-05	
185	0.0934476	0.0822951	0.0111515	1.09344e-06	0.41718	0.367391	0.0497839	4.88149e-06	5.81467e-06	2.59585e-05	
186	0.137695	0.113414	0.0242633	1.78204e-05	0.614715	0.506316	0.108319	7.95564e-05	2.56983e-05	0.000114725	
187	0.0889839	0.0879714	0.00101251	0	0.397253	0.392732	0.00452018	0	0	0	
188	0.0846147	0.0803996	0.00421009	5.00335e-06	0.377747	0.358929	0.0187952	2.23365e-05	5.71198e-06	2.55001e-05	
189	0.11055	0.101941	0.00860921	0	0.493532	0.455098	0.0384342	0	0	0	
190	0.0696739	0.0591736	0.0105002	0	0.311046	0.26417	0.0468764	0	0	0	
191	0.330945	0.212609	0.115923	0.00241266	1.47744	0.949155	0.517521	0.0107709	0.00254783	0.0113743	
192	0.0727395	0.0727395	0	0	0.324732	0.324732	0	0	0	0	
193	0.118003	0.118003	0	0	0.526805	0.526805	0	0	0	0	
194	0.153587	0.120659	0.0327447	0.000182587	0.685662	0.538664	0.146182	0.00081513	0.000195839	0.000874291	
195	0.0883231	0.0883154	7.72165e-06	0	0.394302	0.394268	3.44719e-05	0	0	0	
196	0.0890897	0.0890897	0	0	0.397725	0.397725	0	0	0	0	
197	0.0717477	0.0558334	0.0158196	9.46785e-05	0.320305	0.249258	0.0706239	0.000422675	0.000110458	0.000493122	
198	0.147466	0.113911	0.0332564	0.000298512	0.658338	0.508538	0.148467	0.00133265	0.000396776	0.00177133	
199	0.139781	0.113948	0.0258293	2.91777e-06	0.624028	0.508704	0.11531	1.30258e-05	7.47675e-06	3.33786e-05	
200	0.109244	0.0869162	0.0223276	2.13209e-07	0.4877	0.388022	0.0996776	9.51835e-07	1.39731e-06	6.23806e-06	
201	0.149134	0.100243	0.0483554	0.000535596	0.665786	0.447521	0.215874	0.00239107	0.000955336	0.00426492	
202	0.105496	0.105496	0	0	0.470968	0.470968	0	0	0	0	
203	0.0984034	0.0941653	0.0042381	0	0.439304	0.420384	0.0189202	0	0	0	
204	0.166624	0.133306	0.0331915	0.000126081	0.743863	0.595122	0.148177	0.000562868	0.000201456	0.000899366	
205	0.109636	0.089531	0.0200175	8.82267e-05	0.489453	0.399695	0.0893646	0.000393872	0.000101614	0.000453638	
206	0.186951	0.148779	0.0380695	0.000102163	0.834609	0.664198	0.169954	0.00045609	0.000114357	0.00051053	
207	0.0619244	0.0517112	0.0102066	6.57172e-06	0.27645	0.230855	0.0455657	2.93383e-05	1.1784e-05	5.26076e-05	
208	0.101775	0.0979076	0.00386708	9.8216e-07	0.454359	0.437091	0.0172638	4.38468e-06	1.37689e-06	6.14689e-06	
209	0.141736	0.094835	0.046901	0	0.632755	0.423374	0.209381	0	0	0	
210	0.114144	0.113225	0.000918662	0	0.509575	0.505474	0.0041012	0	0	0	
211	0.158112	0.103088	0.0550244	0	0.705865	0.460219	0.245646	0	0	0	
212	0.116373	0.115871	0.000502245	3.47179e-07	0.519529	0.517285	0.00224218	1.54991e-06	3.21689e-07	1.43612e-06	
213	0.233118	0.163937	0.0687218	0.000459138	1.04071	0.731869	0.306796	0.00204974	0.0016392	0.00731795	
214	0.118548	0.115316	0.00322782	4.11537e-06	0.529239	0.514811	0.01441	1.83723e-05	1.35485e-05	6.04848e-05	
215	0.182944	0.160898	0.0220179	2.78774e-05	0.816722	0.718303	0.0982951	0.000124453	3.26341e-05	0.000145689	
216	0.0958374	0.0844388	0.0113978	7.88503e-07	0.427849	0.376961	0.0508837	3.52013e-06	1.35902e-06	6.06712e-06	
217	0.19948	0.140268	0.0583644	0.000846986	0.890543	0.626204	0.260557	0.00378122	0.00102763	0.00458767	
218	0.0973191	0.0967331	0.000586061	0	0.434464	0.431847	0.00261636	0	0	0	
219	0.132935	0.132468	0.000466328	0	0.593464	0.591382	0.00208184	0	0	0	
220	0.0951314	0.0834473	0.0116839	1.0944e-07	0.424697	0.372535	0.052161	4.88576e-07	3.93032e-07	1.75462e-06	
221	0.110206	0.0934365	0.0167391	3.05369e-05	0.491996	0.41713	0.0747289	0.000136326	3.69059e-05	0.00016476	
222	0.0513118	0.05005	0.00126175	0	0.229072	0.223439	0.00563289	0	0	0	
223	0.0967151	0.0963374	0.000377656	0	0.431767	0.430081	0.00168598	0	0	0	
224	0.159115	0.144585	0.0145295	8.61807e-07	0.710343	0.645474	0.0648646	3.84738e-06	1.10918e-06	4.95173e-06	
225	0.0805359	0.0779417	0.0025941	0	0.359538	0.347957	0.0115809	0	0	0	
226	0.232255	0.223998	0.00824106	1.66906e-05	1.03686	1	0.0367907	7.45123e-05	1.69238e-05	7.55536e-05	
227	0.0838592	0.0818746	0.00198278	1.82938e-06	0.374374	0.365514	0.00885176	8.16697e-06	3.08345e-06	1.37655e-05	
228	0.0933327	0.0789671	0.0143655	0	0.416667	0.352534	0.0641323	0	0	0	
229	0.128362	0.123293	0.00506881	0	0.573049	0.55042	0.0226288	0	0	0	
230	0.108036	0.106064	0.00197248	0	0.48231	0.473504	0.0088058	0	0	0	
231	0.0919125	0.0915719	0.00034051	0	0.410326	0.408806	0.00152014	0	0	0	
232	0.0855315	0.0747113	0.0108201	0	0.38184	0.333535	0.0483045	0	0	0	
233	0.0794039	0.0777413	0.00165693	5.71956e-06	0.354484	0.347062	0.00739711	2.55339e-05	5.69411e-06	2.54203e-05	
234	0.103785	0.103785	0	0	0.463329	0.463329	0	0	0	0	
235	0.135571	0.135571	0	0	0.605233	0.605233	0	0	0	0	
236	0.0695153	0.0658406	0.00366196	1.28261e-05	0.310339	0.293933	0.0163481	5.72601e-05	1.50466e-05	6.71732e-05	
237	0.0489999	0.0471345	0.00186533	0	0.218751	0.210423	0.00832744	0	0	0	
238	0.0890599	0.0890599	0	0	0.397592	0.397592	0	0	0	0	
239	0.151834	0.12138	0.0302142	0.000240146	0.677837	0.541879	0.134886	0.00107208	0.000240133	0.00107203	
240	0.0923985	0.0902318	0.00216664	0	0.412496	0.402824	0.00967257	0	0	0	
241	0.149031	0.118019	0.0309458	6.6968e-05	0.665325	0.526874	0.138152	0.000298967	7.10565e-05	0.000317219	
242	0.0852719	0.0851591	0.000112863	0	0.380681	0.380177	0.000503856	0	0	0	
243	0.0857222	0.0857222	0	0	0.382691	0.382691	0	0	0	0	
244	0.0884577	0.088416	4.17532e-05	0	0.394904	0.394717	0.0001864	0	0	0	
245	0.123331	0.0947911	0.028107	0.000432763	0.550589	0.423178	0.125479	0.00193199	0.000473517	0.00211393	
246	0.104886	0.0892173	0.0156695	0	0.468248	0.398294	0.0699538	0	0	0	
247	0.111139	0.106802	0.00431658	1.98139e-05	0.49616	0.476801	0.0192706	8.84557e-05	2.1097e-05	9.41839e-05	
248	0.083299	0.083299	0	0	0.371873	0.371873	0	0	0	0	
249	0.0741837	0.0697606	0.0044231	0	0.33118	0.311433	0.0197461	0	0	0	
250	0.0684577	0.0664165	0.00203373	7.45547e-06	0.305617	0.296504	0.00907925	3.32836e-05	7.43004e-06	3.317e-05	
251	0.125926	0.10889	0.0169559	8.03055e-05	0.562178	0.486123	0.0756967	0.000358509	8.028e-05	0.000358396	
252	0.0779585	0.069035	0.00885674	6.6738e-05	0.348031	0.308194	0.0395393	0.00029794	6.75606e-05	0.000301612	
253	0.0978305	0.0974733	0.000357206	0	0.436746	0.435152	0.00159468	0	0	0	
254	0.0776134	0.0773968	0.000216625	0	0.346491	0.345524	0.000967086	0	0	0	
255	0.086464	0.0864227	4.12799e-05	0	0.386003	0.385818	0.000184286	0	0	0	
256	0.0997167	0.096379	0.00333673	9.49649e-07	0.445167	0.430266	0.0148962	4.23954e-06	1.04402e-06	4.66084e-06	
257	0.0888972	0.0884886	0.000408608	0	0.396865	0.395041	0.00182415	0	0	0	
258	0.100448	0.0958576	0.00457827	1.26701e-05	0.448434	0.427939	0.0204388	5.65637e-05	1.423e-05	6.35275e-05	
259	0.0509903	0.0451103	0.00580525	7.48433e-05	0.227637	0.201386	0.0259165	0.000334124	7.87723e-05	0.000351665	
260	0.044703	0.041599	0.00310399	0	0.199568	0.185711	0.0138572	0	0	0	
261	0.110154	0.109481	0.000672386	0	0.491764	0.488762	0.00300175	0	0	0	
262	0.115706	0.110713	0.00499319	0	0.51655	0.494259	0.0222912	0	0	0	
263	0.0604725	0.0436077	0.0163936	0.000471145	0.269968	0.194678	0.0731866	0.00210334	0.000539406	0.00240808	
264	0.191033	0.139474	0.0512144	0.000345315	0.852836	0.622657	0.228637	0.00154159	0.00111683	0.00498592	
265	0.0479234	0.0432061	0.00471573	1.57859e-06	0.213945	0.192885	0.0210525	7.04733e-06	5.5917e-06	2.49631e-05	
266	0.0851502	0.083127	0.00202294	3.21747e-07	0.380138	0.371105	0.00903106	1.43638e-06	2.96311e-07	1.32282e-06	
267	0.0484998	0.0453958	0.00310399	0	0.216518	0.202661	0.0138572	0	0	0	
268	0.085082	0.0848819	0.000200097	0	0.379833	0.37894	0.000893298	0	0	0	
269	0.205478	0.204079	0.00139906	4.10274e-07	0.917323	0.911075	0.00624585	1.83159e-06	5.38832e-07	2.40552e-06	
270	0.10717	0.106953	0.000216625	0	0.478441	0.477474	0.000967086	0	0	0	
271	0.0842805	0.0842805	0	0	0.376255	0.376255	0	0	0	0	
272	0.105211	0.103256	0.0019555	0	0.469699	0.460969	0.00873	0	0	0	
273	0.107385	0.0912681	0.0160457	7.19232e-05	0.479404	0.40745	0.0716335	0.000321088	0.000117035	0.000522482	
274	0.10159	0.0938974	0.007693	5.49758e-08	0.453532	0.419188	0.034344	2.4543e-07	1.88893e-07	8.43282e-07	
275	0.119891	0.11074	0.00905472	9.63111e-05	0.535233	0.49438	0.0404232	0.000429964	0.000101703	0.000454035	
276	0.0908046	0.0894	0.00140465	0	0.405381	0.39911	0.00627081	0	0	0	
277	0.105976	0.103591	0.00237417	1.11688e-05	0.473114	0.462465	0.010599	4.98612e-05	1.11539e-05	4.97946e-05	
278	0.177613	0.14732	0.0302171	7.58122e-05	0.792923	0.657686	0.134898	0.00033845	0.000147009	0.000656295	
279	0.0778659	0.0766904	0.00117542	0	0.347618	0.34237	0.00524747	0	0	0	
280	0.13992	0.120826	0.0190911	2.8308e-06	0.62465	0.539409	0.0852289	1.26376e-05	1.75298e-05	7.82589e-05	
281	0.114692	0.0946854	0.0199181	8.92513e-05	0.512025	0.422706	0.0889209	0.000398446	0.000100136	0.000447042	
282	0.0851743	0.0808604	0.00431391	0	0.380245	0.360986	0.0192587	0	0	0	
283	0.100778	0.090719	0.010039	2.01683e-05	0.449906	0.404999	0.0448177	9.00381e-05	3.06919e-05	0.000137018	
284	0.138934	0.11011	0.0287621	6.26154e-05	0.620249	0.491567	0.128403	0.000279535	7.81496e-05	0.000348884	
285	0.101019	0.0868324	0.0141867	0	0.450982	0.387648	0.0633343	0	0	0	
286	0.119926	0.0817011	0.0381587	6.6295e-05	0.535389	0.36474	0.170353	0.000295962	0.000172415	0.000769719	
287	0.0774111	0.0650836	0.0123274	0	0.345588	0.290554	0.0550337	0	0	0	
288	0.21659	0.139845	0.0749519	0.00179214	0.966927	0.624317	0.334609	0.00800071	0.00231306	0.0103262	
289	0.0672834	0.0653279	0.0019555	0	0.300375	0.291645	0.00873	0	0	0	
290	0.0695329	0.0686707	0.000862241	0	0.310417	0.306568	0.00384932	0	0	0	
291	0.208598	0.136535	0.0708307	0.00123224	0.931249	0.609537	0.316211	0.00550111	0.00144716	0.00646062	
292	0.133991	0.116125	0.0177937	7.19808e-05	0.598181	0.518423	0.0794371	0.000321345	7.86787e-05	0.000351247	
293	0.0644313	0.0473493	0.0170819	0	0.287642	0.211382	0.0762592	0	0	0	
294	0.0640924	0.060712	0.00336943	1.09027e-05	0.286129	0.271038	0.0150422	4.86733e-05	2.03827e-05	9.0995e-05	
295	0.178166	0.151455	0.0266364	7.41319e-05	0.795392	0.676147	0.118913	0.000330948	0.000166976	0.000745436	
296	0.117753	0.117753	0	0	0.525688	0.525688	0	0	0	0	
297	0.17242	0.145906	0.0264919	2.13274e-05	0.769738	0.651374	0.118268	9.52126e-05	3.58595e-05	0.000160088	
298	0.10312	0.0904169	0.0126289	7.43852e-05	0.460361	0.40365	0.0563795	0.000332079	8.24383e-05	0.000368031	
299	0.0958069	0.0790508	0.0163142	0.000441856	0.427713	0.352908	0.0728322	0.00197259	0.00044183	0.00197247	
300	0.0772537	0.0763914	0.000862241	0	0.344885	0.341036	0.00384932	0	0	0	
301	0.063316	0.0619511	0.00136487	0	0.282663	0.27657	0.00609325	0	0	0	
302	0.0723712	0.0690289	0.00334178	5.52051e-07	0.323088	0.308167	0.0149188	2.46453e-06	9.03781e-07	4.03476e-06	
303	0.123915	0.105324	0.0184879	0.000103131	0.553198	0.470201	0.0825359	0.000460411	0.000119877	0.000535172	
304	0.0950092	0.0950092	0	0	0.424151	0.424151	0	0	0	0	
305	0.0511993	0.0410827	0.010039	7.75239e-05	0.22857	0.183406	0.0448177	0.000346092	8.06947e-05	0.000360247	
306	0.0587925	0.0526905	0.00610196	0	0.262468	0.235227	0.0272411	0	0	0	
307	0.0882026	0.0869029	0.00129968	0	0.393764	0.387962	0.0058022	0	0	0	
308	0.0897299	0.0751803	0.0145333	1.62705e-05	0.400583	0.335629	0.0648814	7.26369e-05	2.74922e-05	0.000122734	
309	0.124453	0.110259	0.0140425	0.000151422	0.555602	0.492235	0.0626903	0.000675996	0.000156297	0.000697763	
310	0.145176	0.142683	0.00248724	5.81821e-06	0.648114	0.636985	0.0111038	2.59743e-05	6.28723e-06	2.80682e-05	
311	0.081115	0.0736066	0.00746292	4.54956e-05	0.362123	0.328603	0.0333169	0.000203107	5.25726e-05	0.000234701	
312	0.141745	0.0954039	0.0458488	0.000493224	0.632799	0.425913	0.204683	0.00220191	0.000613707	0.00273978	
313	0.103217	0.0930043	0.0101646	4.85527e-05	0.460796	0.415201	0.0453781	0.000216755	4.95891e-05	0.000221381	
314	0.0785688	0.0769261	0.00164264	0	0.350756	0.343423	0.00733327	0	0	0	
315	0.109758	0.0945448	0.0151196	9.42082e-05	0.489998	0.422078	0.0674991	0.000420575	9.98405e-05	0.00044572	
316	0.0748526	0.0702834	0.00456914	0	0.334166	0.313767	0.0203981	0	0	0	
317	0.123005	0.0764172	0.0463393	0.000249057	0.549136	0.341151	0.206873	0.00111187	0.000750625	0.00335103	
318	0.177118	0.121722	0.055393	2.85226e-06	0.790713	0.543408	0.247292	1.27334e-05	2.82747e-06	1.26227e-05	
319	0.246777	0.142935	0.100264	0.00357792	1.10169	0.638109	0.447612	0.0159729	0.00470758	0.0210161	
320	0.0887571	0.0757505	0.0129813	2.52909e-05	0.39624	0.338174	0.0579527	0.000112907	3.61574e-05	0.000161418	
321	0.150051	0.0983663	0.0502469	0.00143853	0.669879	0.439138	0.224318	0.00642208	0.00156342	0.00697962	
322	0.144356	0.0784503	0.064908	0.000998562	0.644455	0.350227	0.28977	0.0044579	0.00117108	0.0052281	
323	0.0975721	0.0944412	0.00313087	0	0.435593	0.421616	0.0139772	0	0	0	
324	0.126309	0.124652	0.0016569	0	0.563885	0.556488	0.00739694	0	0	0	
325	0.0902161	0.0898366	0.000379447	0	0.402753	0.401059	0.00169397	0	0	0	
326	0.0713247	0.0707641	0.000560604	0	0.318416	0.315913	0.00250271	0	0	0	
327	0.0790386	0.0748149	0.00422007	3.61544e-06	0.352853	0.333998	0.0188397	1.61405e-05	7.1221e-06	3.17953e-05	
328	0.0905037	0.090324	0.000179661	0	0.404037	0.403235	0.000802068	0	0	0	
329	0.0956217	0.0910814	0.00454036	0	0.426886	0.406616	0.0202696	0	0	0	
330	0.145326	0.0879029	0.0554566	0.0019664	0.648782	0.392427	0.247576	0.00877867	0.00258165	0.0115253	
331	0.126239	0.116359	0.00984769	3.23916e-05	0.563575	0.519467	0.0439632	0.000144606	3.52439e-05	0.00015734	
332	0.110318	0.0959527	0.0142878	7.82536e-05	0.492498	0.428364	0.0637856	0.000349349	0.000105431	0.000470677	
333	0.123787	0.0980229	0.02576	4.9284e-06	0.552628	0.437605	0.115001	2.20019e-05	5.37339e-06	2.39885e-05	
334	0.142987	0.0880445	0.0544342	0.000508689	0.638342	0.393059	0.243012	0.00227095	0.00074189	0.00331203	
335	0.0831103	0.0801034	0.00300692	0	0.371031	0.357607	0.0134238	0	0	0	
336	0.107485	0.0890455	0.0183739	6.60099e-05	0.479849	0.397527	0.0820269	0.000294689	8.35999e-05	0.000373217	
337	0.119369	0.111332	0.00802545	1.14357e-05	0.532902	0.497022	0.0358282	5.10527e-05	1.54839e-05	6.91254e-05	
338	0.113401	0.101233	0.0121005	6.72956e-05	0.506261	0.451939	0.0540207	0.000300429	8.06188e-05	0.000359908	
339	0.0851183	0.0767008	0.00837465	4.2913e-05	0.379995	0.342417	0.0373871	0.000191577	4.7827e-05	0.000213515	
340	0.102334	0.0832039	0.0190509	8.00076e-05	0.456855	0.371449	0.0850494	0.000357179	0.000106237	0.000474278	
341	0.105104	0.103871	0.00123387	0	0.469222	0.463714	0.0055084	0	0	0	
342	0.11236	0.0750658	0.0371179	0.000176678	0.501613	0.335117	0.165706	0.000788748	0.000267216	0.00119294	
343	0.149284	0.0878608	0.0590496	0.00237367	0.666452	0.392238	0.263616	0.0105968	0.00468501	0.0209154	
344	0.0835222	0.0821366	0.00138564	0	0.37287	0.366684	0.00618596	0	0	0	
345	0.121083	0.094691	0.0262392	0.000152929	0.540554	0.422731	0.11714	0.000682727	0.000204866	0.00091459	
346	0.141524	0.0978634	0.0430961	0.000564465	0.631808	0.436893	0.192395	0.00251995	0.000785323	0.00350593	
347	0.0971275	0.0751847	0.0217051	0.000237742	0.433608	0.335648	0.0968986	0.00106136	0.000270259	0.00120652	
348	0.0974365	0.0833963	0.0140401	0	0.434987	0.372308	0.0626797	0	0	0	
349	0.0803595	0.0719185	0.00838258	5.84734e-05	0.35875	0.321067	0.0374225	0.000261044	7.76179e-05	0.000346511	
350	0.144458	0.0757905	0.0675914	0.00107695	0.64491	0.338353	0.301749	0.00480788	0.00187201	0.00835728	
351	0.158801	0.0933311	0.0652154	0.000254979	0.708941	0.41666	0.291142	0.0011383	0.000488101	0.00217903	
352	0.137961	0.08142	0.0559489	0.000592873	0.615906	0.363485	0.249774	0.00264677	0.000762135	0.00340241	
353	0.0869016	0.0776549	0.00922603	2.07237e-05	0.387956	0.346676	0.0411879	9.25174e-05	2.08376e-05	9.3026e-05	
354	0.0895365	0.0788669	0.010552	0.000117513	0.399719	0.352087	0.0471076	0.000524619	0.000125882	0.000561981	
355	0.0831066	0.0831066	0	0	0.371014	0.371014	0	0	0	0	
356	0.122765	0.10838	0.0143171	6.86286e-05	0.548066	0.483844	0.0639161	0.00030638	7.36972e-05	0.000329008	
357	0.219911	0.107577	0.105836	0.00649838	0.981757	0.480259	0.472486	0.0290108	0.00892046	0.0398238	
358	0.167124	0.0974297	0.0675688	0.00212553	0.746095	0.434957	0.301649	0.00948905	0.00288317	0.0128714	
359	0.106035	0.0778495	0.0277428	0.000443083	0.473376	0.347545	0.123853	0.00197806	0.00050102	0.00223671	
360	0.100787	0.0961934	0.00459346	4.22036e-07	0.449947	0.429438	0.0205067	1.8841e-06	4.29549e-07	1.91764e-06	
361	0.0467821	0.0467821	0	0	0.20885	0.20885	0	0	0	0	
362	0.103091	0.0866714	0.0163404	8.00576e-05	0.460235	0.386929	0.0729488	0.000357402	9.20726e-05	0.000411041	
363	0.0488984	0.0488617	3.667e-05	0	0.218298	0.218134	0.000163706	0	0	0	
364	0.129212	0.112878	0.0163196	1.44538e-05	0.576844	0.503923	0.0728559	6.45265e-05	1.57469e-05	7.02994e-05	
365	0.084094	0.0788537	0.00522358	1.67727e-05	0.375422	0.352028	0.0233197	7.48789e-05	2.06023e-05	9.19753e-05	
366	0.106597	0.0910298	0.0155559	1.16973e-05	0.475885	0.406386	0.0694466	5.22209e-05	3.26338e-05	0.000145687	
367	0.124257	0.104503	0.019611	0.000142624	0.554725	0.466538	0.0875499	0.000636719	0.000205659	0.000918129	
368	0.0800253	0.0751988	0.00482162	4.94523e-06	0.357259	0.335711	0.0215252	2.20771e-05	4.91984e-06	2.19637e-05	
369	0.0826276	0.0797003	0.00292723	2.54184e-08	0.368876	0.355808	0.0130681	1.13476e-07	3.00562e-08	1.3418e-07	
370	0.11409	0.090947	0.0229312	0.000212215	0.509336	0.406016	0.102372	0.000947398	0.000276987	0.00123655	
371	0.10605	0.0787243	0.0273118	1.39744e-05	0.473441	0.35145	0.121928	6.23862e-05	2.07834e-05	9.27841e-05	
372	0.100245	0.0784481	0.0217093	8.83748e-05	0.447529	0.350217	0.0969173	0.000394533	0.000111261	0.000496705	
373	0.0852663	0.0786024	0.0066558	8.13276e-06	0.380656	0.350906	0.0297136	3.63072e-05	9.72297e-06	4.34064e-05	
374	0.203931	0.103142	0.0907262	0.0100626	0.910413	0.460459	0.405031	0.0449229	0.0184222	0.082243	
375	0.152583	0.126164	0.0262292	0.000189718	0.68118	0.563238	0.117095	0.000846964	0.000194397	0.000867854	
376	0.09917	0.0981305	0.00103916	3.70369e-07	0.442726	0.438086	0.00463917	1.65345e-06	3.7193e-07	1.66041e-06	
377	0.106014	0.0993052	0.0066977	1.11112e-05	0.47328	0.44333	0.0299007	4.96041e-05	1.92238e-05	8.58213e-05	
378	0.123061	0.102897	0.0200851	7.91968e-05	0.549385	0.459365	0.0896663	0.00035356	0.000128932	0.000575597	
379	0.0951779	0.0761182	0.0190017	5.79246e-05	0.424905	0.339816	0.0848301	0.000258594	8.76643e-05	0.000391361	
380	0.10755	0.0817655	0.0257558	2.90051e-05	0.480139	0.365027	0.114982	0.000129488	5.72634e-05	0.000255642	
381	0.101502	0.0791669	0.0222091	0.000126135	0.453138	0.353426	0.0991487	0.000563108	0.000183158	0.000817678	
382	0.10552	0.103213	0.00230623	1.57353e-06	0.471078	0.460776	0.0102957	7.02475e-06	3.26486e-06	1.45754e-05	
383	0.081063	0.075314	0.00574892	0	0.361891	0.336226	0.025665	0	0	0	
384	0.091654	0.0896688	0.00198526	0	0.409173	0.40031	0.00886286	0	0	0	
385	0.132159	0.106467	0.025562	0.000130395	0.590004	0.475305	0.114117	0.000582128	0.000381717	0.0017041	
386	0.0961879	0.0789726	0.0170487	0.00016655	0.429414	0.352559	0.0761112	0.000743532	0.000233385	0.0010419	
387	0.0925301	0.0835392	0.00892328	6.76669e-05	0.413084	0.372945	0.0398363	0.000302087	7.36169e-05	0.000328649	
388	0.0828472	0.0763501	0.00649711	0	0.369856	0.340851	0.0290052	0	0	0	
389	0.139944	0.11027	0.0296725	1.5568e-06	0.624756	0.492282	0.132467	6.95009e-06	1.59275e-06	7.11058e-06	
390	0.0826604	0.073758	0.00889953	2.92743e-06	0.369022	0.329279	0.0397303	1.3069e-05	3.0262e-06	1.35099e-05	
391	0.0955711	0.0905235	0.00504764	0	0.42666	0.404126	0.0225342	0	0	0	
392	0.100262	0.0494399	0.0503592	0.00046359	0.447605	0.220715	0.224819	0.00206961	0.000570875	0.00254857	
393	0.086074	0.0802506	0.00582335	0	0.384262	0.358264	0.0259973	0	0	0	
394	0.0964931	0.0918877	0.00460539	2.95415e-08	0.430776	0.410216	0.0205599	1.31882e-07	5.89004e-09	2.6295e-08	
395	0.15634	0.137183	0.0191411	1.56409e-05	0.697952	0.61243	0.0854522	6.9826e-05	1.58801e-05	7.08939e-05	
396	0.107982	0.0586796	0.0493031	0	0.482069	0.261964	0.220105	0	0	0	
397	0.131516	0.100525	0.030799	0.000192065	0.587133	0.448779	0.137496	0.000857439	0.000687868	0.00307086	
398	0.0913202	0.0904536	0.000865664	9.44578e-07	0.407682	0.403813	0.0038646	4.2169e-06	9.20582e-07	4.10977e-06	
399	0.0786107	0.0779134	0.000697299	0	0.350943	0.34783	0.00311296	0	0	0	
400	0.146479	0.128056	0.0184137	9.96069e-06	0.653933	0.571684	0.0822047	4.44677e-05	2.75447e-05	0.000122968	
401	0.101757	0.0998521	0.00190535	0	0.454277	0.445771	0.00850611	0	0	0	
402	0.105435	0.0827573	0.0226769	1.39772e-06	0.470698	0.369455	0.101237	6.23989e-06	1.59701e-06	7.12959e-06	
403	0.118758	0.0881326	0.0304234	0.000202441	0.530176	0.393452	0.135819	0.000903761	0.000296672	0.00132444	
404	0.106805	0.0980185	0.00878331	3.43696e-06	0.476812	0.437586	0.0392115	1.53437e-05	3.41121e-06	1.52287e-05	
405	0.106498	0.10638	0.000117887	0	0.475442	0.474916	0.000526288	0	0	0	
406	0.19966	0.175568	0.0240728	1.89409e-05	0.891347	0.783793	0.107469	8.45586e-05	2.98299e-05	0.00013317	
407	0.121013	0.0848491	0.0359899	0.000174182	0.540241	0.378793	0.16067	0.000777607	0.000201378	0.00089902	
408	0.129678	0.126714	0.00296416	0	0.578926	0.565693	0.013233	0	0	0	
409	0.0934577	0.0913129	0.00214472	0	0.417225	0.40765	0.00957472	0	0	0	
410	0.109636	0.087299	0.0223105	2.69883e-05	0.489452	0.389731	0.0996013	0.000120484	2.84938e-05	0.000127205	
411	0.134977	0.116663	0.0183083	5.7776e-06	0.602585	0.520825	0.0817341	2.5793e-05	5.75132e-06	2.56757e-05	
412	0.150974	0.121535	0.0294303	7.91231e-06	0.673997	0.542575	0.131386	3.5323e-05	1.10502e-05	4.93316e-05	
413	0.0934711	0.0910988	0.00237227	0	0.417285	0.406694	0.0105905	0	0	0	
414	0.145333	0.112014	0.0332625	5.61849e-05	0.648814	0.500068	0.148494	0.000250827	5.928e-05	0.000264645	
415	0.0933369	0.0915229	0.00181394	0	0.416685	0.408587	0.00809805	0	0	0	
416	0.133823	0.105607	0.0282162	0	0.597433	0.471466	0.125966	0	0	0	
417	0.104047	0.0953181	0.00872956	0	0.464502	0.42553	0.0389715	0	0	0	
418	0.083588	0.0765694	0.00701836	2.6372e-07	0.373164	0.34183	0.0313322	1.17733e-06	5.95876e-07	2.66018e-06	
419	0.132237	0.101663	0.0305278	4.69353e-05	0.590351	0.453856	0.136285	0.000209534	9.78087e-05	0.000436649	
420	0.0833724	0.0833724	0	0	0.372201	0.372201	0	0	0	0	
421	0.0943675	0.0857599	0.00860766	0	0.421287	0.382859	0.0384273	0	0	0	
422	0.112528	0.0806749	0.0311327	0.000720815	0.502363	0.360158	0.138986	0.00321794	0.000766005	0.00341969	
423	0.0655924	0.055767	0.00980227	2.31331e-05	0.292825	0.248962	0.0437605	0.000103273	2.57609e-05	0.000115005	
424	0.11052	0.110127	0.000392644	0	0.493396	0.491644	0.00175289	0	0	0	
425	0.075261	0.0692972	0.00593301	3.07619e-05	0.335989	0.309365	0.0264868	0.000137331	3.17756e-05	0.000141856	
426	0.113522	0.108635	0.00486844	1.82942e-05	0.506799	0.484983	0.0217343	8.16715e-05	1.83112e-05	8.17474e-05	
427	0.0929191	0.090142	0.00276788	9.28878e-06	0.41482	0.402422	0.0123567	4.14681e-05	9.43956e-06	4.21412e-05	
428	0.0983	0.0937039	0.00457446	2.15922e-05	0.438842	0.418324	0.0204218	9.63948e-05	2.2596e-05	0.000100875	
429	0.119621	0.0879011	0.0317204	0	0.534029	0.392418	0.14161	0	0	0	
430	0.224953	0.211601	0.0133491	2.69533e-06	1.00426	0.944658	0.0595949	1.20328e-05	2.67204e-06	1.19288e-05	
431	0.173239	0.165733	0.00750668	0	0.773398	0.739886	0.0335122	0	0	0	
432	0.136249	0.111773	0.0244543	2.16931e-05	0.608261	0.498992	0.109171	9.68453e-05	2.38887e-05	0.000106647	
433	0.106128	0.0982175	0.00789219	1.83575e-05	0.473789	0.438474	0.0352332	8.19539e-05	2.69953e-05	0.000120515	
434	0.087507	0.0802986	0.00720497	3.44737e-06	0.390659	0.358478	0.0321653	1.53901e-05	1.02654e-05	4.58281e-05	
435	0.215561	0.151559	0.0639433	5.82644e-05	0.962334	0.676611	0.285463	0.000260111	8.43019e-05	0.00037635	
436	0.127419	0.0858542	0.0414694	9.5817e-05	0.568841	0.38328	0.185132	0.000427758	0.000145662	0.000650283	
437	0.145533	0.0859034	0.0585441	0.00108583	0.649707	0.3835	0.261359	0.00484752	0.00161208	0.00719685	
438	0.180444	0.130006	0.0496245	0.000813016	0.805562	0.580392	0.22154	0.00362956	0.000903518	0.00403359	
439	0.131952	0.12669	0.00525306	8.25351e-06	0.589076	0.565588	0.0234513	3.68463e-05	8.84003e-06	3.94647e-05	
440	0.0821604	0.079912	0.00224161	6.7968e-06	0.36679	0.356753	0.0100073	3.03431e-05	7.2619e-06	3.24194e-05	
441	0.069733	0.0674366	0.00229638	0	0.31131	0.301058	0.0102517	0	0	0	
442	0.141598	0.0946506	0.04406	0.0028875	0.632139	0.42255	0.196698	0.0128907	0.00388049	0.0173237	
443	0.175975	0.137548	0.0379792	0.000447282	0.785611	0.614062	0.169551	0.00199681	0.000724445	0.00323415	
444	0.137426	0.107641	0.0297466	3.84113e-05	0.613516	0.480546	0.132798	0.00017148	6.76249e-05	0.000301899	
445	0.112417	0.0879606	0.0243708	8.60116e-05	0.501867	0.392684	0.108799	0.000383983	0.00014368	0.000641437	
446	0.150275	0.0904467	0.0590316	0.00079689	0.670877	0.403783	0.263536	0.00355757	0.00121205	0.00541099	
447	0.162134	0.121627	0.0405067	0	0.723819	0.542984	0.180834	0	0	0	
448	0.0466116	0.0374463	0.00916528	0	0.208089	0.167172	0.0409167	0	0	0	
449	0.274842	0.153759	0.120812	0.000270054	1.22698	0.686431	0.539347	0.0012056	0.00040751	0.00181925	
450	0.0891898	0.0792011	0.00998876	0	0.398172	0.353579	0.044593	0	0	0	
451	0.135013	0.119878	0.015129	5.82681e-06	0.602743	0.535176	0.0675409	2.60127e-05	8.01547e-06	3.57836e-05	
452	0.179272	0.0997636	0.0781865	0.00132233	0.80033	0.445377	0.34905	0.00590331	0.00160924	0.00718419	
453	0.10657	0.0952989	0.0112678	3.66291e-06	0.475764	0.425444	0.050303	1.63524e-05	6.71923e-06	2.99968e-05	
454	0.136884	0.0889085	0.0479763	0	0.611098	0.396916	0.214181	0	0	0	
455	0.161427	0.104766	0.0563011	0.000360117	0.720664	0.46771	0.251346	0.00160767	0.000494235	0.00220642	
456	0.146603	0.111568	0.0349039	0.000131284	0.654485	0.498076	0.155822	0.000586098	0.000458207	0.00204558	
457	0.124974	0.100265	0.0246929	1.52954e-05	0.557924	0.447619	0.110237	6.82839e-05	0.000102698	0.00045848	
458	0.0950704	0.0787031	0.0163673	0	0.424425	0.351356	0.073069	0	0	0	
459	0.100466	0.0886544	0.0118122	0	0.448515	0.395781	0.0527338	0	0	0	
460	0.150528	0.0851193	0.0654057	3.56757e-06	0.672008	0.38	0.291992	1.59268e-05	1.77035e-05	7.90342e-05	
461	0.147878	0.0852911	0.0625539	3.29871e-05	0.660175	0.380766	0.279261	0.000147265	5.9231e-05	0.000264426	
462	0.122132	0.0997178	0.0223621	5.29408e-05	0.54524	0.445172	0.0998318	0.000236345	9.86288e-05	0.00044031	
463	0.140068	0.119165	0.0209036	0	0.625312	0.531992	0.0933204	0	0	0	
464	0.0824872	0.0687982	0.0136645	2.45031e-05	0.368249	0.307137	0.0610028	0.000109389	3.72088e-05	0.000166112	
465	0.0855294	0.0824534	0.00307599	0	0.38183	0.368098	0.0137322	0	0	0	
466	0.178172	0.109634	0.0682181	0.000320197	0.795418	0.489441	0.304547	0.00142946	0.000404527	0.00180593	
467	0.112723	0.0795587	0.0326761	0.000488712	0.503233	0.355175	0.145876	0.00218176	0.00127019	0.00567054	
468	0.107068	0.101269	0.00579777	8.32063e-07	0.477987	0.452101	0.0258831	3.71459e-06	1.16044e-06	5.18059e-06	
469	0.0765803	0.0765803	0	0	0.341879	0.341879	0	0	0	0	
470	0.105819	0.0946668	0.011153	0	0.472413	0.422623	0.0497907	0	0	0	
471	0.127678	0.0788185	0.0486773	0.000182906	0.569998	0.351871	0.217311	0.000816553	0.000227912	0.00101747	
472	0.131054	0.0889423	0.0395009	0.0026116	0.58507	0.397067	0.176344	0.011659	0.00303198	0.0135357	
473	0.162177	0.0989318	0.0609034	0.00234248	0.724013	0.441663	0.271892	0.0104576	0.00286022	0.0127689	
474	0.102914	0.0767494	0.0261654	0	0.459445	0.342634	0.11681	0	0	0	
475	0.126492	0.112965	0.0135265	0	0.564702	0.504315	0.0603867	0	0	0	
476	0.159413	0.112406	0.0469477	5.99048e-05	0.711674	0.501817	0.209589	0.000267434	0.000185864	0.000829757	
477	0.128835	0.0967524	0.03191	0.000172885	0.575162	0.431933	0.142456	0.000771817	0.000403528	0.00180148	
478	0.0952916	0.07869	0.0165524	4.92086e-05	0.425412	0.351297	0.0738954	0.000219683	9.78092e-05	0.000436651	
479	0.104776	0.0974366	0.00732894	1.12258e-05	0.467757	0.434988	0.0327187	5.01159e-05	1.26328e-05	5.6397e-05	
480	0.126915	0.0973337	0.029554	2.81796e-05	0.566593	0.434529	0.131938	0.000125802	6.95223e-05	0.00031037	
481	0.0905093	0.0756912	0.014812	6.12119e-06	0.404062	0.337909	0.0661258	2.73269e-05	1.80172e-05	8.04348e-05	
482	0.137481	0.105494	0.0319782	9.06165e-06	0.613763	0.470961	0.142761	4.04541e-05	1.787e-05	7.97775e-05	
483	0.111102	0.0922203	0.0188823	4.74418e-08	0.495998	0.411701	0.084297	2.11795e-07	1.75331e-06	7.82736e-06	
484	0.183592	0.116339	0.0657283	0.0015243	0.819614	0.519376	0.293432	0.006805	0.00181019	0.00808127	
485	0.12576	0.0945908	0.0308634	0.000305947	0.561433	0.422283	0.137784	0.00136584	0.000353474	0.00157802	
486	0.0840733	0.0796884	0.0043849	0	0.37533	0.355754	0.0195756	0	0	0	
487	0.104896	0.0994064	0.00549009	0	0.468291	0.443782	0.0245095	0	0	0	
488	0.142665	0.0951226	0.0473698	0.000173231	0.636905	0.424658	0.211474	0.000773358	0.000250374	0.00111775	
489	0.144929	0.0977695	0.0471563	4.14939e-06	0.647013	0.436474	0.21052	1.85242e-05	7.69106e-06	3.43353e-05	
490	0.0975571	0.0903916	0.0071655	0	0.435526	0.403537	0.0319891	0	0	0	
491	0.100031	0.0779523	0.0220761	2.87707e-06	0.446572	0.348004	0.0985549	1.28441e-05	4.33628e-06	1.93585e-05	
492	0.147148	0.0966079	0.0496503	0.000890258	0.656918	0.431289	0.221655	0.00397439	0.00112489	0.00502187	
493	0.194231	0.111227	0.0829347	6.93232e-05	0.86711	0.496553	0.370247	0.000309481	8.70237e-05	0.000388501	
494	0.197626	0.116603	0.0808753	0.000147335	0.882267	0.520556	0.361053	0.000657755	0.000264918	0.00118268	
495	0.0883105	0.08356	0.0047505	0	0.394246	0.373038	0.0212077	0	0	0	
496	0.105241	0.0893303	0.0154318	0.000479571	0.469833	0.398799	0.0688928	0.00214096	0.000479545	0.00214084	
497	0.120868	0.0772262	0.0434896	0.000152849	0.539596	0.344762	0.194151	0.00068237	0.000210584	0.000940115	
498	0.177721	0.13294	0.0445232	0.000257192	0.793404	0.59349	0.198765	0.00114818	0.000293711	0.00131122	
499	0.158941	0.157263	0.00167674	6.62799e-07	0.709565	0.702076	0.00748551	2.95894e-06	2.0011e-06	8.93355e-06	
500	0.149152	0.0803833	0.0684182	0.000350691	0.665863	0.358857	0.30544	0.0015656	0.000603834	0.0026957	
501	0.162776	0.107937	0.053867	0.000972071	0.726686	0.481866	0.240479	0.00433964	0.00123427	0.0055102	
502	0.0920619	0.0905138	0.00154809	0	0.410994	0.404083	0.00691121	0	0	0	
503	0.114402	0.102519	0.0118588	2.42505e-05	0.510728	0.457678	0.0529418	0.000108262	2.42251e-05	0.000108148	
504	0.125918	0.118779	0.00711014	2.81874e-05	0.562138	0.53027	0.0317419	0.000125837	2.92236e-05	0.000130463	
505	0.078013	0.0683379	0.00966292	1.21865e-05	0.348275	0.305082	0.0431383	5.44044e-05	1.4909e-05	6.65586e-05	
506	0.151695	0.0973293	0.0534686	0.000897655	0.677217	0.434509	0.238701	0.00400742	0.00161605	0.00721458	
507	0.189415	0.15722	0.0319759	0.000219072	0.845612	0.701883	0.14275	0.000978011	0.000219695	0.00098079	
508	0.0946571	0.0876032	0.00705387	0	0.422579	0.391088	0.0314907	0	0	0	
509	0.0930351	0.0867545	0.00627471	5.92677e-06	0.415338	0.3873	0.0280123	2.6459e-05	1.39091e-05	6.20949e-05	
510	0.138817	0.104783	0.0337951	0.000237989	0.619724	0.467789	0.150872	0.00106246	0.000330193	0.00147408	
511	0.0799573	0.0747761	0.00517722	3.98539e-06	0.356955	0.333824	0.0231128	1.7792e-05	6.35189e-06	2.83568e-05	
512	0.168556	0.0878926	0.0801393	0.00052427	0.752488	0.39238	0.357767	0.00234051	0.00112587	0.00502627	
513	0.116376	0.0906841	0.0253413	0.000350802	0.519541	0.404843	0.113131	0.00156609	0.00045143	0.00201532	
514	0.237164	0.127808	0.107291	0.00206372	1.05877	0.570579	0.478984	0.00921313	0.00277426	0.0123851	
515	0.0676485	0.0563091	0.0113361	3.15213e-06	0.302004	0.251382	0.0506083	1.40721e-05	9.12723e-06	4.07468e-05	
516	0.112487	0.0880522	0.0242563	0.000179053	0.50218	0.393093	0.108288	0.000799353	0.000206147	0.000920308	
517	0.0870347	0.0813094	0.00572526	0	0.38855	0.362991	0.0255594	0	0	0	
518	0.182893	0.155036	0.0278565	3.29964e-08	0.816494	0.692133	0.12436	1.47306e-07	7.29004e-09	3.25451e-08	
519	0.0710404	0.0418904	0.0291499	0	0.317147	0.187012	0.130134	0	0	0	
520	0.16717	0.121731	0.0440304	0.00140817	0.7463	0.543448	0.196565	0.00628653	0.00176549	0.00788174	
521	0.250075	0.109305	0.140342	0.000426394	1.11641	0.487975	0.626535	0.00190356	0.000898832	0.00401267	
522	0.1822	0.0779469	0.103683	0.000570598	0.813402	0.34798	0.462874	0.00254733	0.0014629	0.00653087	
523	0.0921491	0.0758221	0.0163269	0	0.411383	0.338494	0.0728889	0	0	0	
524	0.144359	0.105451	0.0387887	0.000119574	0.644467	0.470768	0.173165	0.000533819	0.000163704	0.00073083	
525	0.148759	0.0992789	0.0489253	0.000555707	0.664112	0.443213	0.218418	0.00248085	0.000882088	0.00393792	
526	0.129714	0.100974	0.0286448	9.53299e-05	0.579089	0.450783	0.127879	0.000425583	0.000147342	0.000657782	
527	0.117033	0.0775803	0.0393488	0.000104451	0.522475	0.346343	0.175665	0.000466304	0.00017975	0.000802463	
528	0.0883915	0.0800352	0.00834855	7.73775e-06	0.394608	0.357303	0.0372706	3.45438e-05	1.11163e-05	4.96267e-05	
529	0.135451	0.0806986	0.0539335	0.000818981	0.604697	0.360264	0.240776	0.00365619	0.0011836	0.00528397	
530	0.092948	0.0804665	0.0123759	0.000105568	0.41495	0.359228	0.0552503	0.000471293	0.000137731	0.000614879	
531	0.173625	0.10455	0.0684728	0.000601611	0.775118	0.466748	0.305684	0.00268578	0.000937836	0.0041868	
532	0.119231	0.0833993	0.0354458	0.000386388	0.532288	0.372321	0.158241	0.00172496	0.000551249	0.00246095	
533	0.166256	0.117442	0.0486193	0.000195112	0.742223	0.5243	0.217052	0.000871044	0.000404989	0.001808	
534	0.126235	0.112958	0.0130378	0.000239204	0.563556	0.504283	0.0582052	0.00106788	0.000240417	0.0010733	
535	0.0854459	0.0773786	0.00800637	6.09803e-05	0.381458	0.345443	0.035743	0.000272235	6.28499e-05	0.000280582	
536	0.0703997	0.0656322	0.00476748	0	0.314286	0.293003	0.0212836	0	0	0	
537	0.132696	0.0765219	0.0560871	8.77219e-05	0.592401	0.341618	0.250391	0.000391618	0.000140677	0.000628031	
538	0.143706	0.0801633	0.0620295	0.00151321	0.641549	0.357874	0.276919	0.00675549	0.00194744	0.00869402	
539	0.129896	0.0829096	0.0467966	0.000189848	0.579898	0.370135	0.208915	0.000847543	0.000279009	0.00124558	
540	0.0910171	0.0796952	0.0112479	7.40058e-05	0.406329	0.355785	0.0502144	0.000330385	0.000105333	0.000470244	
541	0.0901289	0.0819502	0.00817876	0	0.402364	0.365852	0.0365126	0	0	0	
542	0.219977	0.14954	0.0699731	0.00046331	0.982048	0.667597	0.312382	0.00206836	0.000733427	0.00327425	
543	0.135972	0.0891434	0.0467195	0.000109851	0.607026	0.397965	0.208571	0.000490412	0.000225664	0.00100743	
544	0.179396	0.126337	0.0528417	0.000216341	0.800881	0.564013	0.235902	0.000965816	0.000466365	0.002082	
545	0.145464	0.0749772	0.0704867	5.59072e-08	0.649398	0.334722	0.314675	2.49587e-07	3.88715e-08	1.73534e-07	
546	0.136009	0.11624	0.0197379	3.08997e-05	0.607188	0.518933	0.0881164	0.000137946	3.94606e-05	0.000176164	
547	0.0901911	0.075278	0.014913	0	0.402642	0.336065	0.0665766	0	0	0	
548	0.117759	0.110482	0.00727735	0	0.525716	0.493227	0.0324884	0	0	0	
549	0.14095	0.0847669	0.055692	0.000491841	0.629249	0.378426	0.248627	0.00219573	0.000926149	0.00413462	
550	0.187655	0.119405	0.0674991	0.000750647	0.837752	0.533063	0.301337	0.00335112	0.00126333	0.00563993	
551	0.0964248	0.0962938	0.000131023	0	0.430471	0.429886	0.000584929	0	0	0	
552	0.0824824	0.0723973	0.0100511	3.40106e-05	0.368228	0.323204	0.0448717	0.000151834	4.80417e-05	0.000214473	
553	0.185173	0.182485	0.00268766	3.66604e-07	0.826675	0.814674	0.0119986	1.63663e-06	3.71416e-07	1.65812e-06	
554	0.148645	0.102149	0.0456611	0.000835115	0.663603	0.456029	0.203845	0.00372822	0.00114755	0.00512306	
555	0.106976	0.0749341	0.0319383	0.000103743	0.477576	0.33453	0.142583	0.000463143	0.000140059	0.00062527	
556	0.17797	0.149163	0.0286589	0.000147697	0.794517	0.665915	0.127942	0.000659367	0.00014825	0.000661836	
557	0.0902405	0.078733	0.0115008	6.66078e-06	0.402862	0.351489	0.0513435	2.97358e-05	1.34781e-05	6.01708e-05	
558	0.1043	0.0971563	0.00714418	0	0.465631	0.433737	0.0318939	0	0	0	
559	0.0966102	0.0788369	0.0176103	0.000162924	0.431299	0.351953	0.0786183	0.000727347	0.00018351	0.000819251	
560	0.0920919	0.0845797	0.00751219	2.52097e-08	0.411127	0.37759	0.0335368	1.12544e-07	2.85886e-08	1.27628e-07	
561	0.108061	0.0928243	0.0151829	5.40789e-05	0.48242	0.414397	0.0677813	0.000241425	8.18928e-05	0.000365596	
562	0.0740788	0.0497008	0.024378	0	0.330711	0.22188	0.108831	0	0	0	
563	0.100972	0.0785967	0.0221859	0.000189789	0.450773	0.350881	0.0990451	0.000847279	0.000286635	0.00127963	
564	0.117119	0.0812363	0.0357106	0.000172358	0.522858	0.362665	0.159423	0.000769463	0.000231114	0.00103177	
565	0.100618	0.084737	0.0157319	0.000149578	0.449193	0.378293	0.0702326	0.000667767	0.000203501	0.000908497	
566	0.126445	0.103463	0.0227171	0.000263967	0.564491	0.461896	0.101416	0.00117843	0.00041236	0.0018409	
567	0.207808	0.160401	0.04678	0.000626244	0.927722	0.716085	0.20884	0.00279575	0.000636191	0.00284016	
568	0.153759	0.114942	0.038816	1.61742e-06	0.686432	0.513138	0.173287	7.22069e-06	1.59068e-06	7.10131e-06	
569	0.0756977	0.0756603	3.7403e-05	0	0.337938	0.337771	0.000166979	0	0	0	
570	0.140742	0.119432	0.0211439	0.000165858	0.62832	0.533186	0.0943936	0.000740446	0.000232521	0.00103804	
571	0.107718	0.0912641	0.0164428	1.18835e-05	0.480891	0.407432	0.0734061	5.30521e-05	1.75143e-05	7.81895e-05	
572	0.11554	0.0973363	0.0179786	0.00022548	0.515809	0.43454	0.0802625	0.00100661	0.000243094	0.00108525	
573	0.093116	0.0841404	0.0089401	3.54666e-05	0.415699	0.37563	0.0399115	0.000158334	4.50714e-05	0.000201213	
574	0.139744	0.0796438	0.0588648	0.00123597	0.623865	0.355555	0.262791	0.00551779	0.00162039	0.00723396	
575	0.144433	0.0840807	0.0592291	0.00112337	0.644796	0.375363	0.264417	0.00501508	0.00218414	0.0097507	
576	0.0612328	0.0543414	0.00689136	0	0.273362	0.242597	0.0307652	0	0	0	
577	0.128868	0.112856	0.0160123	4.67395e-08	0.575312	0.503827	0.0714844	2.0866e-07	5.66517e-07	2.52911e-06	
578	0.0992744	0.0887875	0.0104865	4.16204e-07	0.443192	0.396375	0.0468152	1.85807e-06	4.68441e-07	2.09127e-06	
579	0.09082	0.0870708	0.00374636	2.86136e-06	0.405449	0.388712	0.0167249	1.2774e-05	3.73226e-06	1.6662e-05	
580	0.0838994	0.0665991	0.0172626	3.75977e-05	0.374553	0.29732	0.0770661	0.000167848	7.34875e-05	0.000328071	
581	0.084767	0.0750345	0.0097325	0	0.378427	0.334978	0.043449	0	0	0	
582	0.088487	0.0842724	0.00420268	1.20028e-05	0.395034	0.376219	0.0187621	5.35844e-05	1.53234e-05	6.84089e-05	
583	0.113585	0.0926823	0.0207564	0.000147108	0.507083	0.413763	0.0926634	0.000656741	0.000157914	0.00070498	
584	0.208148	0.127842	0.0801318	0.000173971	0.929243	0.570732	0.357734	0.000776664	0.000428982	0.00191511	
585	0.123127	0.0748337	0.0480035	0.000290063	0.54968	0.334082	0.214303	0.00129493	0.000311489	0.00139058	
586	0.136311	0.0842704	0.0519848	5.64032e-05	0.608539	0.37621	0.232077	0.000251802	8.91424e-05	0.00039796	
587	0.10257	0.0888859	0.0136183	6.63542e-05	0.457908	0.396815	0.0607967	0.000296226	9.0491e-05	0.000403981	
588	0.0683128	0.0675723	0.000740536	0	0.30497	0.301664	0.00330599	0	0	0	
589	0.153416	0.109173	0.0437281	0.000514827	0.684898	0.487383	0.195216	0.00229835	0.000991342	0.00442567	
590	0.134685	0.107321	0.0270106	0.00035356	0.601281	0.479118	0.120584	0.0015784	0.000384305	0.00171566	
591	0.138337	0.0958909	0.0424468	2.71855e-07	0.617585	0.428087	0.189496	1.21365e-06	1.23104e-06	5.49576e-06	
592	0.115052	0.0857557	0.0291983	9.8757e-05	0.513632	0.382841	0.13035	0.000440883	0.000175273	0.000782478	
593	0.102928	0.093957	0.00888747	8.41448e-05	0.459506	0.419454	0.0396765	0.000375649	9.35474e-05	0.000417625	
594	0.0915955	0.0804827	0.0111009	1.19364e-05	0.408912	0.3593	0.049558	5.3288e-05	1.84481e-05	8.23583e-05	
595	0.114937	0.0938031	0.0210958	3.84381e-05	0.513117	0.418767	0.0941784	0.0001716	4.31529e-05	0.000192648	
596	0.107808	0.0902212	0.017425	0.000162051	0.481291	0.402776	0.077791	0.000723447	0.000197714	0.000882663	
597	0.157279	0.140901	0.0163282	4.9901e-05	0.702148	0.629031	0.0728945	0.000222774	5.49557e-05	0.000245339	
598	0.114276	0.108171	0.00608564	1.87295e-05	0.510164	0.482912	0.0271682	8.36147e-05	1.87042e-05	8.35016e-05	
599	0.104897	0.0933598	0.011538	0	0.468297	0.416788	0.0515093	0	0	0	
600	0.109005	0.107902	0.00110337	0	0.486636	0.48171	0.00492582	0	0	0	
601	0.313183	0.147985	0.163069	0.00212913	1.39815	0.660653	0.727992	0.00950516	0.00214003	0.00955381	
602	0.104594	0.102524	0.0020688	6.74125e-07	0.466942	0.457703	0.00923582	3.00951e-06	8.89981e-07	3.97316e-06	
603	0.131094	0.0519336	0.0791607	0	0.585247	0.231848	0.353398	0	0	0	
604	0.0858166	0.0809068	0.00490972	5.6538e-08	0.383113	0.361194	0.0219186	2.52403e-07	4.41605e-08	1.97146e-07	
605	0.133447	0.049522	0.0839249	0	0.59575	0.221082	0.374667	0	0	0	
606	0.137955	0.093734	0.0435567	0.000664569	0.615876	0.418458	0.194451	0.00296685	0.00094303	0.00420999	
607	0.0885575	0.0781322	0.0103074	0.000117936	0.395349	0.348807	0.0460158	0.000526506	0.000117996	0.000526774	
608	0.0884008	0.0787482	0.00962302	2.95917e-05	0.394649	0.351557	0.0429602	0.000132107	3.52139e-05	0.000157206	
609	0.0904527	0.087048	0.00340475	0	0.40381	0.38861	0.0151999	0	0	0	
610	0.0955812	0.0799644	0.0154127	0.000203983	0.426705	0.356987	0.0688075	0.000910647	0.000248915	0.00111123	
611	0.0640102	0.057672	0.00633821	0	0.285762	0.257466	0.0282958	0	0	0	
612	0.0952981	0.0905394	0.00475871	0	0.425441	0.404197	0.0212444	0	0	0	
613	0.0868316	0.0765661	0.0101514	0.000114051	0.387644	0.341816	0.0453191	0.000509164	0.000156964	0.000700741	
614	0.0962941	0.0835404	0.0125751	0.000178589	0.429887	0.372951	0.0561393	0.000797282	0.000220487	0.000984328	
615	0.0929031	0.0866566	0.00624316	3.38739e-06	0.414749	0.386862	0.0278715	1.51224e-05	3.68389e-06	1.64461e-05	
616	0.102084	0.0888509	0.0129138	0.000319863	0.455738	0.396659	0.0576515	0.00142797	0.000338723	0.00151216	
617	0.119831	0.0915427	0.0280647	0.000224316	0.534967	0.408676	0.125289	0.00100141	0.000283417	0.00126526	
618	0.0616169	0.0558348	0.00578212	0	0.275077	0.249264	0.0258132	0	0	0	
619	0.133985	0.0987036	0.0351978	8.35954e-05	0.598152	0.440644	0.157134	0.000373197	0.000109308	0.00048799	
620	0.110413	0.087563	0.0228437	6.66279e-06	0.492921	0.390909	0.101981	2.97448e-05	2.37922e-05	0.000106216	
621	0.382227	0.185799	0.191379	0.00504862	1.70638	0.829469	0.854378	0.0225386	0.00553854	0.0247258	
622	0.0380113	0.0304266	0.00754556	3.9143e-05	0.169694	0.135834	0.0336858	0.000174747	5.69315e-05	0.00025416	
623	0.0831936	0.0717054	0.0114756	1.2575e-05	0.371403	0.320116	0.0512311	5.61389e-05	1.33762e-05	5.97159e-05	
624	0.103477	0.0825312	0.0208933	5.33654e-05	0.461958	0.368446	0.0932744	0.00023824	5.69659e-05	0.000254314	
625	0.075601	0.0548667	0.0207338	5.18401e-07	0.337507	0.244942	0.0925626	2.31431e-06	4.92713e-07	2.19962e-06	
626	0.0700129	0.0636942	0.0063187	0	0.31256	0.284351	0.0282087	0	0	0	
627	0.092844	0.078944	0.0139	0	0.414485	0.352431	0.062054	0	0	0	
628	0.0599835	0.0599835	0	0	0.267785	0.267785	0	0	0	0	
629	0.228163	0.137326	0.087307	0.0035299	1.01859	0.613069	0.389766	0.0157586	0.00366636	0.0163678	
630	0.201485	0.145273	0.0561391	7.35354e-05	0.899496	0.648545	0.250622	0.000328285	7.63733e-05	0.000340954	
631	0.11174	0.0956398	0.016101	0	0.498847	0.426966	0.0718802	0	0	0	
632	0.0431654	0.0431654	0	0	0.192704	0.192704	0	0	0	0	
633	0.0657838	0.0450646	0.0207191	0	0.29368	0.201183	0.0924968	0	0	0	
634	0.04255	0.0418836	0.000666323	0	0.189956	0.186982	0.00297468	0	0	0	
635	0.074409	0.0654215	0.00898749	0	0.332186	0.292062	0.040123	0	0	0	
636	0.123737	0.0648713	0.0588573	8.7285e-06	0.552403	0.289606	0.262757	3.89668e-05	9.24205e-06	4.12594e-05	
637	0.0885909	0.0734897	0.0148818	0.000219364	0.395498	0.328081	0.0664374	0.000979312	0.00026008	0.00116108	
638	0.13671	0.0813829	0.0552607	6.72519e-05	0.610321	0.363319	0.246701	0.000300234	0.000136909	0.000611208	
639	0.139449	0.0759849	0.0634148	4.93923e-05	0.622545	0.339221	0.283104	0.000220503	6.26612e-05	0.000279739	
640	0.0845462	0.0803372	0.00419285	1.62055e-05	0.377441	0.358651	0.0187182	7.23468e-05	1.61925e-05	7.22885e-05	
641	0.0754609	0.0748908	0.000570099	0	0.336881	0.334336	0.0025451	0	0	0	
642	0.0636501	0.062954	0.000696097	0	0.284154	0.281047	0.0031076	0	0	0	
643	0.185597	0.141662	0.0434838	0.00045129	0.828567	0.632427	0.194125	0.0020147	0.000533453	0.0023815	
644	0.108579	0.0822462	0.026333	0	0.484732	0.367173	0.117559	0	0	0	
645	0.0815381	0.0802447	0.00129338	0	0.364012	0.358238	0.00577409	0	0	0	
646	0.125482	0.0748521	0.050166	0.000464013	0.560192	0.334163	0.223957	0.0020715	0.000666923	0.00297735	
647	0.169702	0.123606	0.0454983	0.000597011	0.757604	0.55182	0.203119	0.00266525	0.000827983	0.00369638	
648	0.144896	0.117069	0.0277905	3.63093e-05	0.646864	0.522637	0.124065	0.000162096	6.07586e-05	0.000271246	
649	0.065286	0.0642185	0.00106522	2.32403e-06	0.291458	0.286692	0.00475549	1.03752e-05	2.31055e-06	1.0315e-05	
650	0.0732924	0.0728468	0.000445559	0	0.3272	0.325211	0.00198912	0	0	0	
651	0.102788	0.101311	0.00147672	0	0.458881	0.452288	0.00659257	0	0	0	
652	0.114478	0.082315	0.0315624	0.000601465	0.51107	0.36748	0.140904	0.00268513	0.000779211	0.00347865	
653	0.101575	0.0874988	0.0140737	2.97737e-06	0.453465	0.390623	0.0628297	1.32919e-05	3.53052e-06	1.57613e-05	
654	0.117468	0.0880953	0.0292358	0.000136935	0.524415	0.393285	0.130518	0.000611323	0.00019326	0.000862776	
655	0.135864	0.0809178	0.0528988	0.00204797	0.606543	0.361243	0.236157	0.0091428	0.0028996	0.0129447	
656	0.218097	0.118221	0.0965092	0.0033667	0.973656	0.527778	0.430848	0.01503	0.00485277	0.0216643	
657	0.122854	0.0799757	0.0428786	0	0.548461	0.357037	0.191424	0	0	0	
658	0.111455	0.0752337	0.036194	2.79459e-05	0.497574	0.335867	0.161581	0.000124759	4.67615e-05	0.000208758	
659	0.124461	0.0956345	0.0283693	0.000457371	0.555634	0.426943	0.126649	0.00204185	0.000557874	0.00249052	
660	0.156661	0.100322	0.0560255	0.000312854	0.699386	0.447873	0.250116	0.00139668	0.000861353	0.00384535	
661	0.180472	0.0982487	0.0813619	0.000861532	0.805685	0.438613	0.363225	0.00384615	0.00175516	0.00783561	
662	0.119967	0.08038	0.0393976	0.000189503	0.535571	0.358842	0.175883	0.000846003	0.00031539	0.001408	
663	0.110029	0.0802986	0.0294749	0.000255676	0.491205	0.358478	0.131585	0.00114142	0.000358615	0.00160097	
664	0.0970401	0.0872652	0.00977443	5.39449e-07	0.433218	0.38958	0.0436361	2.40827e-06	3.60213e-06	1.6081e-05	
665	0.107362	0.08716	0.0201925	1.0278e-05	0.479302	0.38911	0.0901459	4.58846e-05	1.49261e-05	6.66349e-05	
666	0.102478	0.0789024	0.0234552	0.000121207	0.457498	0.352245	0.104711	0.000541107	0.000169409	0.000756298	
667	0.163376	0.104764	0.0547414	0.00387046	0.729366	0.467704	0.244383	0.0172789	0.00424105	0.0189334	
668	0.103262	0.0830078	0.0202166	3.80883e-05	0.460996	0.370573	0.0902534	0.000170038	4.44436e-05	0.00019841	
669	0.0477685	0.0434855	0.00427517	7.8517e-06	0.213254	0.194133	0.0190857	3.50525e-05	8.52788e-06	3.80712e-05	
670	0.0905433	0.0825844	0.00792587	3.2971e-05	0.404214	0.368683	0.0353836	0.000147193	3.33485e-05	0.000148878	
671	0.0530354	0.0506171	0.00241833	0	0.236767	0.225971	0.0107962	0	0	0	
672	0.144793	0.111911	0.0328503	3.12204e-05	0.646404	0.49961	0.146654	0.000139378	5.95345e-05	0.000265781	
673	0.145002	0.101412	0.0424143	0.00117494	0.647336	0.452739	0.189351	0.00524533	0.00147032	0.00656398	
674	0.127682	0.0953034	0.0323051	7.35271e-05	0.570013	0.425465	0.14422	0.000328248	0.000132299	0.000590626	
675	0.110919	0.0811517	0.0297369	3.13501e-05	0.495182	0.362287	0.132755	0.000139957	4.27919e-05	0.000191036	
676	0.14275	0.109732	0.0325907	0.000426596	0.637283	0.489883	0.145495	0.00190446	0.00058856	0.00262752	
677	0.10182	0.0933896	0.00838458	4.66364e-05	0.454561	0.416921	0.0374315	0.000208199	6.18033e-05	0.000275909	
678	0.0935689	0.0802755	0.0132909	2.43552e-06	0.417721	0.358376	0.059335	1.08729e-05	3.01462e-06	1.34582e-05	
679	0.127121	0.0909526	0.0361683	0	0.567509	0.406041	0.161467	0	0	0	
680	0.122091	0.11035	0.0117407	0	0.545056	0.492641	0.0524143	0	0	0	
681	0.111508	0.0977105	0.013762	3.57909e-05	0.497809	0.436211	0.0614383	0.000159782	4.29207e-05	0.000191611	
682	0.0992067	0.0976106	0.00159612	0	0.44289	0.435765	0.00712562	0	0	0	
683	0.096978	0.0911533	0.00582465	0	0.432941	0.406937	0.0260031	0	0	0	
684	0.115755	0.0942412	0.0215139	8.45139e-08	0.516768	0.420722	0.0960449	3.77297e-07	1.07602e-07	4.80373e-07	
685	0.197992	0.140702	0.0560516	0.00123815	0.883902	0.628142	0.250232	0.0055275	0.00123998	0.00553568	
686	0.107154	0.0904937	0.0165185	0.000142404	0.478372	0.403992	0.073744	0.000635737	0.000173429	0.000774243	
687	0.0820957	0.077808	0.00426957	1.82422e-05	0.366501	0.347359	0.0190607	8.14392e-05	2.47814e-05	0.000110632	
688	0.0659598	0.0642258	0.00173402	0	0.294465	0.286724	0.00774125	0	0	0	
689	0.00765043	0.00714997	0.000500461	0	0.0341539	0.0319197	0.00223421	0	0	0	
690	0.0603744	0.0598199	0.000554525	0	0.26953	0.267055	0.00247558	0	0	0	
691	0.107443	0.0980968	0.00930766	3.91081e-05	0.479662	0.437935	0.0415524	0.000174591	4.70405e-05	0.000210004	
692	0.0728993	0.0728993	0	0	0.325446	0.325446	0	0	0	0	
693	0.0937128	0.079312	0.0143714	2.9385e-05	0.418364	0.354074	0.0641586	0.000131184	3.80888e-05	0.00017004	
694	0.20381	0.154362	0.0487767	0.000671901	0.909876	0.689122	0.217755	0.00299958	0.000951192	0.00424642	
695	0.0901683	0.0792951	0.0108532	1.99064e-05	0.40254	0.353999	0.0484524	8.88686e-05	2.70653e-05	0.000120828	
696	0.199588	0.1597	0.0395747	0.000312607	0.891025	0.712955	0.176674	0.00139557	0.000390432	0.00174301	
697	0.149173	0.0827585	0.0663594	5.57002e-05	0.665959	0.36946	0.296249	0.000248663	0.000116742	0.000521176	
698	0.276753	0.195734	0.0801089	0.000910134	1.23551	0.873819	0.357631	0.00406313	0.00106853	0.00477028	
699	0.307964	0.185283	0.121148	0.0015325	1.37485	0.827164	0.540847	0.00684157	0.00162563	0.00725736	
700	0.0824921	0.0824921	0	0	0.368271	0.368271	0	0	0	0	
701	0.0823486	0.0823486	0	0	0.36763	0.36763	0	0	0	0	
702	0.113185	0.106205	0.00697917	1.15076e-06	0.505295	0.474133	0.0311572	5.13739e-06	1.57528e-06	7.03255e-06	
703	0.0926384	0.0875933	0.00499312	5.20215e-05	0.413567	0.391044	0.0222909	0.00023224	5.1996e-05	0.000232127	
704	0.0926074	0.079397	0.0132104	0	0.413429	0.354453	0.0589755	0	0	0	
705	0.0998613	0.0880186	0.0118394	3.22016e-06	0.445813	0.392943	0.0528552	1.43758e-05	3.19424e-06	1.42601e-05	
706	0.214047	0.158079	0.0559237	4.42069e-05	0.955575	0.705716	0.249661	0.000197354	0.000115153	0.000514084	
707	0.0866918	0.0802022	0.00648962	0	0.38702	0.358048	0.0289717	0	0	0	
708	0.0798712	0.0798712	0	0	0.35657	0.35657	0	0	0	0	
709	0.125249	0.103282	0.0217237	0.000243155	0.559155	0.461088	0.0969816	0.00108552	0.000253927	0.00113361	
710	0.16919	0.0959056	0.0730328	0.000252335	0.755322	0.428153	0.326041	0.0011265	0.000286394	0.00127855	
711	0.0943755	0.0805959	0.0137677	1.18566e-05	0.421322	0.359806	0.0614638	5.29319e-05	1.46996e-05	6.56239e-05	
712	0.0769344	0.0764886	0.000445774	0	0.343459	0.341469	0.00199008	0	0	0	
713	0.0909591	0.0783306	0.0126285	0	0.40607	0.349693	0.0563776	0	0	0	
714	0.0937471	0.081588	0.012159	0	0.418517	0.364235	0.0542821	0	0	0	
715	0.070785	0.0699781	0.000804792	2.07489e-06	0.316007	0.312405	0.00359285	9.263e-06	2.08992e-06	9.33007e-06	
716	0.0817311	0.0749042	0.00680934	1.76714e-05	0.364874	0.334396	0.030399	7.8891e-05	1.76503e-05	7.8797e-05	
717	0.0963857	0.0881915	0.00818131	1.29652e-05	0.430297	0.393715	0.036524	5.78809e-05	1.29623e-05	5.7868e-05	
718	0.118277	0.108035	0.0101293	0.000113064	0.528029	0.482304	0.0452205	0.000504757	0.000114323	0.000510376	
719	0.0717873	0.0628601	0.00882598	0.000101235	0.320481	0.280628	0.039402	0.000451948	0.00010121	0.000451834	
720	0.0622261	0.0620216	0.000204527	0	0.277797	0.276884	0.000913076	0	0	0	
721	0.126335	0.106215	0.0199147	0.000205381	0.564	0.474178	0.0889059	0.000916888	0.000250182	0.00111689	
722	0.0807693	0.0807693	0	0	0.36058	0.36058	0	0	0	0	
723	0.113594	0.101938	0.0116556	0	0.507122	0.455088	0.0520346	0	0	0	
724	0.0804041	0.0804042	0	0	0.35895	0.35895	0	0	0	0	
725	0.0939153	0.0623217	0.0315935	0	0.419268	0.278224	0.141043	0	0	0	
726	0.0439426	0.0424889	0.00145373	0	0.196174	0.189684	0.00648996	0	0	0	
727	0.0890099	0.0886473	0.000362525	0	0.397368	0.39575	0.00161843	0	0	0	
728	0.101737	0.0851166	0.0162944	0.00032649	0.454189	0.379988	0.0727435	0.00145755	0.000371502	0.0016585	
729	0.0997695	0.0773189	0.0224181	3.24767e-05	0.445403	0.345176	0.100081	0.000144986	3.4734e-05	0.000155063	
730	0.108839	0.104506	0.00433216	1.14332e-06	0.485895	0.46655	0.0193401	5.10418e-06	1.22038e-06	5.44817e-06	
731	0.126871	0.0940969	0.0318314	0.000942819	0.566393	0.420079	0.142105	0.00420904	0.00100061	0.00446704	
732	0.0861722	0.0770917	0.00908055	0	0.3847	0.344162	0.0405385	0	0	0	
733	0.101626	0.0916383	0.00994229	4.62836e-05	0.453695	0.409103	0.0443856	0.000206624	5.26933e-05	0.00023524	
734	0.114321	0.106454	0.00783772	2.91505e-05	0.510366	0.475246	0.0349901	0.000130137	2.91252e-05	0.000130024	
735	0.0674942	0.0654885	0.00200572	0	0.301315	0.292361	0.0089542	0	0	0	
736	0.0561607	0.0552917	0.00086902	0	0.250719	0.246839	0.00387958	0	0	0	
737	0.102113	0.0793558	0.0227517	6.31017e-06	0.455869	0.35427	0.101571	2.81706e-05	7.08675e-06	3.16375e-05	
738	0.123291	0.112761	0.0104234	0.000106422	0.55041	0.503402	0.0465337	0.000475104	0.000107543	0.000480106	
739	0.0675858	0.0645925	0.00299322	0	0.301724	0.288362	0.0133627	0	0	0	
740	0.0366457	0.0365617	8.40606e-05	0	0.163598	0.163223	0.000375273	0	0	0	
741	0.0892542	0.086077	0.00317472	2.53334e-06	0.398459	0.384275	0.0141729	1.13096e-05	3.21116e-06	1.43356e-05	
742	0.144128	0.122504	0.0216144	9.92323e-06	0.643437	0.546899	0.0964938	4.43004e-05	9.89674e-06	4.41822e-05	
743	0.0881369	0.0838714	0.00422034	4.51978e-05	0.393471	0.374429	0.0188409	0.000201777	4.51725e-05	0.000201664	
744	0.0558195	0.0551492	0.000670266	0	0.249196	0.246204	0.00299228	0	0	0	
745	0.127322	0.101358	0.0259297	3.35645e-05	0.568407	0.452498	0.115758	0.000149842	3.35386e-05	0.000149727	
746	0.0787131	0.0748632	0.00384457	5.34679e-06	0.3514	0.334213	0.0171634	2.38698e-05	5.32117e-06	2.37554e-05	
747	0.0864644	0.0839297	0.00253472	0	0.386005	0.374689	0.0113158	0	0	0	
748	0.106978	0.0819177	0.024631	0.000429423	0.477584	0.365707	0.10996	0.00191708	0.000429815	0.00191883	
749	0.123989	0.111943	0.0120355	1.09168e-05	0.55353	0.49975	0.0537306	4.87363e-05	1.08911e-05	4.86217e-05	
750	0.0922461	0.0818181	0.0104208	7.17453e-06	0.411816	0.365262	0.046522	3.20294e-05	7.14928e-06	3.19166e-05	
751	0.314175	0.151353	0.147228	0.015594	1.40257	0.675689	0.657273	0.0696167	0.0173101	0.0772782	
752	0.088226	0.0760796	0.0121464	0	0.393869	0.339644	0.0542255	0	0	0	
753	0.102495	0.0921509	0.0103441	0	0.457571	0.411391	0.0461796	0	0	0	
754	0.215142	0.175787	0.0393505	4.86721e-06	0.960467	0.784772	0.175673	2.17287e-05	5.46318e-06	2.43894e-05	
755	0.112322	0.0916794	0.0206003	4.23417e-05	0.501442	0.409286	0.0919667	0.000189026	4.4663e-05	0.000199389	
756	0.201774	0.113587	0.0881836	3.72733e-06	0.900786	0.50709	0.39368	1.664e-05	2.20182e-05	9.82965e-05	
757	0.138801	0.0772261	0.0550498	0.00652544	0.619654	0.344762	0.24576	0.0291316	0.00700956	0.0312929	
758	0.213811	0.127301	0.0865083	1.50446e-06	0.954522	0.568314	0.3862	6.71641e-06	1.54917e-06	6.91601e-06	
759	0.120919	0.0710342	0.0497481	0.00013676	0.539821	0.317119	0.222091	0.000610542	0.000219378	0.000979375	
760	0.121555	0.08635	0.0352051	0	0.542661	0.385494	0.157167	0	0	0	
761	0.121128	0.109415	0.0116018	0.000111173	0.540757	0.488467	0.0517942	0.000496311	0.000114696	0.000512042	
762	0.0504418	0.0504418	0	0	0.225188	0.225188	0	0	0	0	
763	0.0557208	0.053712	0.0020088	0	0.248755	0.239787	0.00896797	0	0	0	
764	0.077833	0.0763521	0.00147969	1.25763e-06	0.347471	0.34086	0.00660583	5.61449e-06	1.23219e-06	5.50092e-06	
765	0.0843729	0.0834184	0.000954496	0	0.376668	0.372406	0.00426117	0	0	0	
766	0.0514662	0.0442906	0.00706645	0.00010917	0.229761	0.197727	0.0315469	0.000487373	0.000117578	0.000524907	
767	0.0518019	0.0429425	0.00885938	0	0.23126	0.191709	0.0395511	0	0	0	
768	0.0451436	0.0450913	5.23184e-05	0	0.201535	0.201302	0.000233566	0	0	0	
769	0.0791823	0.0522176	0.0265804	0.000384292	0.353495	0.233116	0.118663	0.0017156	0.000732666	0.00327085	
770	0.0799219	0.0562906	0.0236313	0	0.356797	0.251299	0.105497	0	0	0	
771	0.10273	0.0778689	0.024825	3.63247e-05	0.45862	0.347632	0.110826	0.000162165	4.12936e-05	0.000184348	
772	0.102889	0.102757	0.00013229	0	0.459331	0.458741	0.000590587	0	0	0	
773	0.108584	0.0900839	0.0185007	0	0.484756	0.402163	0.0825931	0	0	0	
774	0.0773158	0.0772496	6.61563e-05	0	0.345162	0.344867	0.000295343	0	0	0	
775	0.0752792	0.0752792	0	0	0.33607	0.33607	0	0	0	0	
776	0.0645802	0.0645802	0	0	0.288306	0.288306	0	0	0	0	
777	0.0739587	0.0739587	0	0	0.330175	0.330175	0	0	0	0	
778	0.0918259	0.0918259	0	0	0.40994	0.40994	0	0	0	0	
779	0.160725	0.110203	0.0505217	9.69383e-08	0.717529	0.491984	0.225545	4.32764e-07	7.18682e-08	3.20842e-07	
780	0.0511812	0.0432718	0.00790944	0	0.228489	0.193179	0.0353102	0	0	0	
781	0.0559952	0.0422774	0.0137178	0	0.24998	0.18874	0.0612406	0	0	0	
782	0.107013	0.0947047	0.0123081	1.05181e-06	0.477744	0.422792	0.0549477	4.69564e-06	1.02625e-06	4.58153e-06	
783	0.250046	0.134248	0.106275	0.00952276	1.11628	0.599329	0.474446	0.0425126	0.014558	0.0649918	
784	0.0714134	0.0714134	0	0	0.318812	0.318812	0	0	0	0	
785	0.127406	0.0749994	0.0524057	1.61287e-06	0.568784	0.334821	0.233955	7.20039e-06	3.19646e-06	1.427e-05	
786	0.139107	0.0944795	0.0434816	0.00114634	0.62102	0.421787	0.194116	0.00511766	0.00146739	0.00655092	
787	0.189222	0.0836795	0.105092	0.000449928	0.844749	0.373572	0.469168	0.00200862	0.0010293	0.00459514	
788	0.140816	0.0912319	0.0495084	7.64845e-05	0.628651	0.407288	0.221021	0.000341451	0.000135043	0.000602875	
789	0.102406	0.102339	6.61563e-05	0	0.457173	0.456878	0.000295343	0	0	0	
790	0.120898	0.0841897	0.0367083	0	0.539728	0.37585	0.163877	0	0	0	
791	0.129183	0.0869524	0.0418106	0.00042002	0.576714	0.388183	0.186655	0.0018751	0.0012123	0.00541211	
792	0.0945435	0.0822494	0.012294	0	0.422072	0.367188	0.0548846	0	0	0	
793	0.255587	0.147022	0.101884	0.00668049	1.14102	0.656354	0.454846	0.0298238	0.0070856	0.0316324	
794	0.101687	0.0894188	0.0122481	2.08151e-05	0.453966	0.399194	0.0546794	9.29255e-05	3.67208e-05	0.000163933	
795	0.128348	0.105391	0.0229483	8.92953e-06	0.572989	0.4705	0.102448	3.98643e-05	2.03732e-05	9.09525e-05	
796	0.0936416	0.0936416	0	0	0.418046	0.418046	0	0	0	0	
797	0.0545555	0.0531761	0.00137941	0	0.243553	0.237395	0.00615816	0	0	0	
798	0.186592	0.103641	0.0826611	0.00028983	0.833006	0.462686	0.369025	0.00129389	0.000839513	0.00374785	
799	0.169214	0.129111	0.0400925	1.02142e-05	0.755428	0.576397	0.178986	4.55996e-05	1.2405e-05	5.53802e-05	
800	0.203432	0.158522	0.0448813	2.85703e-05	0.908188	0.707695	0.200364	0.000127547	2.8545e-05	0.000127434	
801	0.154601	0.0851473	0.069249	0.000205457	0.690191	0.380124	0.309149	0.000917229	0.000422895	0.00188793	
802	0.1211	0.086221	0.0346731	0.000206273	0.540631	0.384918	0.154791	0.000920869	0.000223702	0.000998679	
803	0.0831774	0.0831774	0	0	0.37133	0.37133	0	0	0	0	
804	0.186265	0.150806	0.0347782	0.000680406	0.831549	0.67325	0.155261	0.00303755	0.000740087	0.00330399	
805	0.226608	0.143694	0.0814174	0.00149588	1.01165	0.6415	0.363473	0.00667813	0.00218137	0.00973836	
806	0.134713	0.106781	0.0277527	0.000179965	0.601405	0.476705	0.123897	0.000803421	0.000227076	0.00101374	
807	0.15723	0.119167	0.037886	0.000177328	0.701928	0.532001	0.169135	0.000791651	0.000230525	0.00102913	
808	0.169183	0.152396	0.0167137	7.30925e-05	0.755289	0.680348	0.0746154	0.000326308	9.98868e-05	0.000445926	
809	0.191093	0.112041	0.0788002	0.00025141	0.853101	0.500189	0.351789	0.00112237	0.000507147	0.00226406	
810	0.077882	0.077832	5.00021e-05	0	0.34769	0.347467	0.000223225	0	0	0	
811	0.122673	0.0969718	0.0256181	8.39371e-05	0.547655	0.432913	0.114367	0.000374722	9.41906e-05	0.000420497	
812	0.162115	0.111991	0.0500129	0.00011137	0.723736	0.499965	0.223273	0.000497191	0.000139797	0.000624102	
813	0.0638588	0.0638588	0	0	0.285086	0.285086	0	0	0	0	
814	0.0853931	0.0813514	0.00404166	4.1734e-08	0.381222	0.363179	0.0180432	1.86314e-07	3.24601e-08	1.44912e-07	
815	0.149391	0.132406	0.0165972	0.000387424	0.666931	0.591106	0.0740956	0.00172958	0.000389137	0.00173723	
816	0.234486	0.155533	0.078272	0.0006814	1.04682	0.69435	0.349431	0.00304199	0.00104873	0.00468189	
817	0.147382	0.0970078	0.0498635	0.000511191	0.657963	0.433074	0.222606	0.00228212	0.000752798	0.00336073	
818	0.184495	0.124031	0.0598285	0.000636075	0.823648	0.553714	0.267094	0.00283964	0.00156831	0.00700147	
819	0.0668328	0.0668328	0	0	0.298363	0.298363	0	0	0	0	
820	0.0935111	0.0905834	0.00292635	1.40718e-06	0.417463	0.404393	0.0130641	6.28213e-06	1.7736e-06	7.91792e-06	
821	0.0275729	0.0275096	6.32964e-05	0	0.123094	0.122812	0.000282575	0	0	0	
822	0.0932085	0.084103	0.00910549	0	0.416112	0.375463	0.0406498	0	0	0	
823	0.0623487	0.058891	0.00341069	4.70462e-05	0.278344	0.262908	0.0152264	0.000210029	4.7021e-05	0.000209916	
824	0.119356	0.119328	2.83611e-05	0	0.532845	0.532718	0.000126613	0	0	0	
825	0.0783648	0.0783648	0	0	0.349845	0.349845	0	0	0	0	
826	0.119021	0.105857	0.0131636	0	0.53135	0.472584	0.0587665	0	0	0	
827	0.0839284	0.0839	2.83611e-05	0	0.374683	0.374556	0.000126613	0	0	0	
828	0.154055	0.103376	0.0506241	5.43627e-05	0.687753	0.461508	0.226002	0.000242692	9.06223e-05	0.000404567	
829	0.133339	0.101282	0.0320573	2.72143e-07	0.595272	0.452156	0.143114	1.21493e-06	3.09949e-07	1.38371e-06	
830	0.161561	0.133556	0.0280046	0	0.72126	0.596238	0.125021	0	0	0	
831	0.100369	0.100369	0	0	0.448081	0.448081	0	0	0	0	
832	0.0848056	0.0836202	0.00118546	0	0.378599	0.373307	0.00529228	0	0	0	
833	0.0904577	0.0881674	0.00228743	2.90247e-06	0.403832	0.393607	0.0102118	1.29575e-05	2.99614e-06	1.33757e-05	
834	0.0985744	0.0976298	0.000944664	0	0.440068	0.43585	0.00421728	0	0	0	
835	0.0978744	0.0962991	0.00157528	0	0.436943	0.42991	0.00703257	0	0	0	
836	0.142195	0.115829	0.0262739	9.16096e-05	0.634805	0.517101	0.117295	0.000408975	9.22618e-05	0.000411886	
837	0.126592	0.119758	0.00679678	3.64082e-05	0.565147	0.534642	0.030343	0.000162538	3.95464e-05	0.000176547	
838	0.141009	0.0969731	0.0439257	0.000110237	0.629509	0.432919	0.196098	0.000492136	0.000166988	0.000745488	
839	0.212321	0.151801	0.0600162	0.000503437	0.947869	0.67769	0.267931	0.0022475	0.000541301	0.00241654	
840	0.111948	0.0763558	0.0355923	0	0.499772	0.340877	0.158895	0	0	0	
841	0.11329	0.0795957	0.0336871	7.31688e-06	0.505763	0.35534	0.15039	3.26649e-05	2.77377e-05	0.00012383	
842	0.102653	0.0974953	0.00515832	0	0.458278	0.43525	0.0230284	0	0	0	
843	0.143557	0.120864	0.0224812	0.000212033	0.640885	0.539575	0.100363	0.000946585	0.000227122	0.00101394	
844	0.123604	0.109419	0.0141814	4.30274e-06	0.551812	0.488482	0.0633103	1.92088e-05	4.66364e-06	2.082e-05	
845	0.194774	0.133854	0.0594746	0.00144605	0.869537	0.597568	0.265513	0.00645564	0.00249725	0.0111485	
846	0.103438	0.0934099	0.0100282	0	0.461781	0.417011	0.0447692	0	0	0	
847	0.121048	0.0952471	0.0257797	2.18126e-05	0.5404	0.425213	0.115089	9.73788e-05	2.20538e-05	9.84553e-05	
848	0.104774	0.102088	0.00268525	8.46392e-07	0.467747	0.455755	0.0119878	3.77856e-06	1.617e-06	7.21883e-06	
849	0.0993723	0.096192	0.00317824	2.0579e-06	0.443629	0.429432	0.0141887	9.18716e-06	5.0585e-06	2.25827e-05	
850	0.0796929	0.0795942	9.8668e-05	0	0.355774	0.355334	0.000440485	0	0	0	
851	0.0641297	0.0641297	0	0	0.286295	0.286295	0	0	0	0	
852	0.0918503	0.0842426	0.0075901	1.77135e-05	0.410049	0.376086	0.0338846	7.9079e-05	2.61925e-05	0.000116931	
853	0.104972	0.102765	0.00220704	0	0.468631	0.458778	0.00985297	0	0	0	
854	0.098498	0.0938866	0.00460761	3.79516e-06	0.439726	0.41914	0.0205698	1.69428e-05	5.36167e-06	2.39362e-05	
855	0.109772	0.0925925	0.0166086	0.000571117	0.490058	0.413363	0.0741463	0.00254964	0.000571091	0.00254953	
856	0.112061	0.102928	0.00913224	0	0.500277	0.459507	0.0407692	0	0	0	
857	0.0629335	0.0629335	0	0	0.280955	0.280955	0	0	0	0	
858	0.105957	0.0847781	0.0211698	9.31676e-06	0.473027	0.378476	0.0945092	4.1593e-05	1.95981e-05	8.74923e-05	
859	0.127338	0.111112	0.0162253	0	0.568478	0.496043	0.0724351	0	0	0	
860	0.0926233	0.083491	0.00913224	0	0.4135	0.37273	0.0407692	0	0	0	
861	0.0863434	0.0856316	0.000711806	0	0.385464	0.382287	0.00317773	0	0	0	
862	0.112804	0.0782328	0.0343284	0.000243062	0.503594	0.349256	0.153253	0.0010851	0.000279187	0.00124638	
863	0.118872	0.114138	0.00473406	2.50823e-07	0.530685	0.50955	0.0211343	1.11975e-06	1.32399e-06	5.91072e-06	
864	0.107008	0.0944159	0.0125924	0	0.47772	0.421503	0.0562169	0	0	0	
865	0.116148	0.115678	0.000470382	0	0.518526	0.516426	0.00209993	0	0	0	
866	0.075833	0.075177	0.000655915	0	0.338542	0.335614	0.00292821	0	0	0	
867	0.085664	0.085664	0	0	0.382432	0.382432	0	0	0	0	
868	0.103227	0.0988984	0.00430964	1.99425e-05	0.460842	0.441514	0.0192396	8.903e-05	2.04727e-05	9.13967e-05	
869	0.0973325	0.093618	0.00369614	1.83937e-05	0.434523	0.417941	0.0165007	8.21154e-05	1.83688e-05	8.20044e-05	
870	0.130134	0.124904	0.00523001	0	0.580963	0.557615	0.0233484	0	0	0	
871	0.107385	0.0978578	0.00951545	1.24122e-05	0.479404	0.436868	0.04248	5.54122e-05	1.23866e-05	5.52981e-05	
872	0.0420576	0.0414701	0.000587498	0	0.187758	0.185135	0.00262278	0	0	0	
873	0.0995093	0.0989587	0.00055065	0	0.444241	0.441783	0.00245827	0	0	0	
874	0.105879	0.090015	0.0158644	0	0.47268	0.401856	0.0708238	0	0	0	
875	0.0810623	0.0807267	0.000335595	0	0.361888	0.36039	0.0014982	0	0	0	
876	0.0440399	0.0440399	0	0	0.196608	0.196608	0	0	0	0	
877	0.101394	0.0868143	0.0144008	0.00017966	0.452658	0.387567	0.0642898	0.00080206	0.000179634	0.000801948	
878	0.10054	0.0984387	0.00210214	0	0.448846	0.439461	0.00938463	0	0	0	
879	0.0864292	0.0864292	0	0	0.385847	0.385847	0	0	0	0	
880	0.0918744	0.0868779	0.00499646	0	0.410157	0.387851	0.0223058	0	0	0	
881	0.0819028	0.0786041	0.00327077	2.79214e-05	0.36564	0.350914	0.0146017	0.00012465	2.78959e-05	0.000124536	
882	0.0911363	0.0886368	0.00249735	2.19598e-06	0.406861	0.395703	0.0111489	9.80357e-06	2.21761e-06	9.90012e-06	
883	0.0593143	0.0587268	0.000587498	0	0.264798	0.262175	0.00262278	0	0	0	
884	0.078101	0.078101	0	0	0.348668	0.348668	0	0	0	0	
885	0.0887209	0.0887209	0	0	0.396079	0.396079	0	0	0	0	
886	0.102497	0.100817	0.00167997	0	0.457579	0.450079	0.00749995	0	0	0	
887	0.0655248	0.0655248	0	0	0.292523	0.292523	0	0	0	0	
888	0.0959673	0.0959673	0	0	0.428429	0.428429	0	0	0	0	
889	0.0661655	0.0640509	0.00211462	0	0.295384	0.285944	0.00944034	0	0	0	
890	0.0933011	0.0908318	0.00246929	0	0.416526	0.405502	0.0110237	0	0	0	
891	0.0409724	0.0409094	6.29505e-05	0	0.182914	0.182633	0.000281031	0	0	0	
892	0.0580336	0.0580336	0	0	0.25908	0.25908	0	0	0	0	
893	0.0861323	0.0861323	0	0	0.384522	0.384522	0	0	0	0	
894	0.083553	0.0830416	0.000511463	0	0.373007	0.370724	0.00228333	0	0	0	
895	0.0793402	0.0793402	0	0	0.3542	0.3542	0	0	0	0	
896	0.0786551	0.0781436	0.000511463	0	0.351141	0.348858	0.00228333	0	0	0	
897	0.0738457	0.0710894	0.00275635	0	0.329671	0.317366	0.0123052	0	0	0	
898	0.0725159	0.0725159	0	0	0.323734	0.323734	0	0	0	0	
899	0.0958399	0.0948818	0.000958106	0	0.42786	0.423582	0.00427729	0	0	0	
900	0.0811816	0.0811816	0	0	0.36242	0.36242	0	0	0	0	
901	0.19289	0.111463	0.0809839	0.000443604	0.861126	0.497607	0.361538	0.00198039	0.000601495	0.00268527	
902	0.0746057	0.0746057	0	0	0.333064	0.333064	0	0	0	0	
903	0.217177	0.115305	0.101392	0.00048013	0.96955	0.514759	0.452647	0.00214345	0.000525858	0.0023476	
904	0.0673221	0.0673221	0	0	0.300547	0.300547	0	0	0	0	
905	0.161473	0.0922457	0.0692275	0	0.720868	0.411814	0.309054	0	0	0	
906	0.207179	0.1298	0.0766566	0.00072335	0.924917	0.579468	0.342219	0.00322926	0.00100293	0.00447741	
907	0.0798922	0.0798432	4.90319e-05	0	0.356664	0.356445	0.000218894	0	0	0	
908	0.113056	0.0987105	0.0143425	3.1852e-06	0.504719	0.440675	0.0640299	1.42197e-05	1.88555e-05	8.41772e-05	
909	0.105696	0.104936	0.000759698	0	0.471862	0.46847	0.00339153	0	0	0	
910	0.121733	0.0897021	0.0320312	0	0.543457	0.400459	0.142997	0	0	0	
911	0.125043	0.106077	0.0184851	0.000480874	0.558232	0.473562	0.0825234	0.00214677	0.000485104	0.00216566	
912	0.107571	0.0954162	0.012114	4.07439e-05	0.480231	0.425968	0.0540812	0.000181894	5.33889e-05	0.000238345	
913	0.11129	0.0982317	0.0129987	5.99641e-05	0.496836	0.438537	0.0580305	0.000267699	5.99387e-05	0.000267585	
914	0.0763383	0.0763383	0	0	0.340798	0.340798	0	0	0	0	
915	0.131924	0.0912932	0.0405196	0.000112122	0.588955	0.407562	0.180892	0.000500549	0.000115893	0.000517384	
916	0.106359	0.106359	0	0	0.474825	0.474825	0	0	0	0	
917	0.116252	0.0921556	0.0240966	0	0.518987	0.411412	0.107575	0	0	0	
918	0.127782	0.0885482	0.0383573	0.000877283	0.570463	0.395307	0.171239	0.00391647	0.00109202	0.00487515	
919	0.0908267	0.0858537	0.00497303	0	0.405479	0.383278	0.0222012	0	0	0	
920	0.115938	0.0854213	0.0304913	2.59287e-05	0.517587	0.381348	0.136123	0.000115754	5.05337e-05	0.000225598	
921	0.0381425	0.0381425	0	0	0.17028	0.17028	0	0	0	0	
922	0.0196304	0.0190605	0.000569889	0	0.0876367	0.0850925	0.00254417	0	0	0	
923	0.0613574	0.0589412	0.00241623	2.5476e-08	0.273919	0.263132	0.0107868	1.13733e-07	1.96275e-06	8.76237e-06	
924	0.0604419	0.0514658	0.00897608	0	0.269832	0.22976	0.0400721	0	0	0	
925	0.0486468	0.0446466	0.00397679	2.34243e-05	0.217175	0.199317	0.0177536	0.000104574	2.53617e-05	0.000113222	
926	0.0674252	0.0585805	0.00882318	2.15443e-05	0.301007	0.261522	0.0393895	9.61808e-05	2.15187e-05	9.60665e-05	
927	0.0779847	0.0769749	0.00100983	0	0.348149	0.34364	0.00450822	0	0	0	
928	0.103375	0.0947557	0.00862019	0	0.461503	0.423019	0.0384833	0	0	0	
929	0.0445512	0.0428302	0.00172101	0	0.198891	0.191207	0.00768314	0	0	0	
930	0.075148	0.0744757	0.000672362	0	0.335485	0.332483	0.00300164	0	0	0	
931	0.0927421	0.0822599	0.0103584	0.000123772	0.41403	0.367234	0.0462435	0.000552558	0.000123746	0.000552444	
932	0.0855208	0.0838155	0.00170534	0	0.381792	0.374179	0.00761322	0	0	0	
933	0.0475351	0.0475351	0	0	0.212212	0.212212	0	0	0	0	
934	0.0463392	0.0452905	0.00104864	0	0.206873	0.202191	0.0046815	0	0	0	
935	0.0921841	0.0774243	0.0147598	0	0.411539	0.345647	0.0658925	0	0	0	
936	0.0755323	0.0755322	0	0	0.3372	0.3372	0	0	0	0	
937	0.0616656	0.0616656	0	0	0.275295	0.275295	0	0	0	0	
938	0.067084	0.067084	0	0	0.299484	0.299484	0	0	0	0	
939	0.0730465	0.0726426	0.000403937	0	0.326103	0.324299	0.0018033	0	0	0	
940	0.0752096	0.0742216	0.00098806	0	0.33576	0.331349	0.00441102	0	0	0	
941	0.0684863	0.0684863	0	0	0.305744	0.305744	0	0	0	0	
942	0.0705891	0.0705891	0	0	0.315132	0.315132	0	0	0	0	
943	0.0799519	0.0799519	0	0	0.356931	0.356931	0	0	0	0	
944	0.0637991	0.0633951	0.000403937	0	0.284819	0.283016	0.0018033	0	0	0	
945	0.0631157	0.0631157	0	0	0.281769	0.281769	0	0	0	0	
946	0.0654051	0.0654051	0	0	0.291989	0.291989	0	0	0	0	
947	0.095502	0.095502	0	0	0.426351	0.426351	0	0	0	0	
948	0.0599067	0.054083	0.00582367	0	0.267442	0.241444	0.0259987	0	0	0	
949	0.0645301	0.0645301	0	0	0.288083	0.288083	0	0	0	0	
950	0.0858465	0.0858465	0	0	0.383246	0.383246	0	0	0	0	
951	0.115692	0.115692	0	0	0.516488	0.516488	0	0	0	0	
952	0.0496118	0.0493716	0.000240216	0	0.221483	0.22041	0.0010724	0	0	0	
953	0.0539157	0.0531679	0.000747843	0	0.240697	0.237358	0.00333861	0	0	0	
954	0.0871246	0.0861853	0.000939318	0	0.388952	0.384759	0.00419341	0	0	0	
955	0.0888638	0.0888638	0	0	0.396716	0.396716	0	0	0	0	
956	0.0558547	0.0495763	0.0061969	8.15182e-05	0.249353	0.221324	0.0276649	0.000363923	8.14929e-05	0.00036381	
957	0.0787759	0.0787759	0	0	0.351681	0.351681	0	0	0	0	
958	0.0771333	0.0691373	0.00799608	0	0.344348	0.308651	0.035697	0	0	0	
959	0.0907062	0.0907062	0	0	0.404941	0.404941	0	0	0	0	
960	0.0565163	0.0565163	0	0	0.252306	0.252306	0	0	0	0	
961	0.0789122	0.0747248	0.00418748	0	0.352289	0.333595	0.0186942	0	0	0	
962	0.097895	0.0976909	0.000204085	0	0.437034	0.436123	0.000911104	0	0	0	
963	0.145399	0.145301	9.75263e-05	0	0.649108	0.648673	0.000435389	0	0	0	
964	0.104958	0.104019	0.000939318	0	0.468568	0.464375	0.00419341	0	0	0	
965	0.152108	0.0959076	0.0560082	0.000192788	0.679061	0.428162	0.250038	0.000860667	0.000192761	0.00086055	
966	0.156645	0.101323	0.0553213	0	0.699314	0.452342	0.246972	0	0	0	
967	0.0451305	0.0441856	0.000944804	0	0.201477	0.197259	0.00421791	0	0	0	
968	0.0704284	0.0704284	0	0	0.314415	0.314415	0	0	0	0	
969	0.202025	0.177265	0.0247572	3.07325e-06	0.901908	0.79137	0.110524	1.37199e-05	1.51147e-05	6.74772e-05	
970	0.215568	0.173076	0.0421135	0.000378288	0.962366	0.772669	0.188008	0.0016888	0.000486635	0.00217249	
