Node	dPC	dPCintra	dPCflux	dPCconnector	varPC	varPCintra	varPCflux	varPCconnector	dBC_PC	varBC_PC	
1	0.170231	0.16662	0.00361112	0	0.752594	0.736629	0.0159647	0	0	0	
2	0.0859908	0.0838756	0.00211513	0	0.380164	0.370813	0.009351	0	0	0	
3	0.0942305	0.0821697	0.0120608	0	0.416592	0.363271	0.0533208	0	0	0	
4	0.0576836	0.0576836	0	0	0.255019	0.255019	0	0	0	0	
5	0.113024	0.106739	0.00628417	8.38599e-07	0.49968	0.471894	0.0277822	3.70744e-06	8.3893e-07	3.7089e-06	
6	0.0916605	0.0899055	0.00174954	5.49387e-06	0.40523	0.397471	0.00773472	2.42883e-05	5.47428e-06	2.42017e-05	
7	0.0887495	0.0865919	0.00215754	0	0.392361	0.382822	0.00953848	0	0	0	
8	0.123254	0.103482	0.0197725	0	0.544909	0.457494	0.0874142	0	0	0	
9	0.0882862	0.0870231	0.0012603	2.75057e-06	0.390312	0.384729	0.00557181	1.21602e-05	3.78131e-06	1.67171e-05	
10	0.0618341	0.0596174	0.00220747	9.25973e-06	0.273368	0.263568	0.00975924	4.09372e-05	1.2407e-05	5.48515e-05	
11	0.0831511	0.079575	0.00357616	0	0.36761	0.3518	0.0158101	0	0	0	
12	0.0964802	0.0950314	0.00144838	4.21259e-07	0.426538	0.420133	0.00640329	1.86238e-06	4.01666e-07	1.77576e-06	
13	0.103681	0.103681	0	0	0.458377	0.458377	0	0	0	0	
14	0.0839746	0.0839707	3.85795e-06	0	0.371251	0.371234	1.70559e-05	0	0	0	
15	0.0950895	0.0933518	0.0017377	0	0.42039	0.412708	0.00768238	0	0	0	
16	0.0737837	0.0737837	0	0	0.326197	0.326197	0	0	0	0	
17	0.0894978	0.0850698	0.00440381	2.41584e-05	0.395669	0.376093	0.0194692	0.000106804	2.41389e-05	0.000106718	
18	0.0737368	0.0726466	0.00108624	4.0034e-06	0.32599	0.32117	0.00480228	1.7699e-05	3.98377e-06	1.76122e-05	
19	0.0909392	0.0848817	0.00603278	2.46991e-05	0.402041	0.375261	0.0266708	0.000109194	2.46797e-05	0.000109109	
20	0.0595277	0.0595277	0	0	0.263171	0.263171	0	0	0	0	
21	0.0853027	0.0823123	0.00299045	0	0.377123	0.363902	0.0132207	0	0	0	
22	0.0891271	0.0881729	0.000954216	0	0.39403	0.389811	0.00421858	0	0	0	
23	0.0981608	0.0956169	0.00253969	4.18497e-06	0.433968	0.422722	0.0112279	1.85017e-05	4.27628e-06	1.89054e-05	
24	0.0686044	0.0655397	0.00306461	0	0.303299	0.289751	0.0135486	0	0	0	
25	0.126644	0.116329	0.0101588	0.000156347	0.559895	0.514291	0.0449121	0.000691209	0.000156327	0.000691123	
26	0.0856884	0.0848645	0.000823837	0	0.378828	0.375185	0.00364218	0	0	0	
27	0.0862559	0.0767613	0.00933168	0.000162995	0.381337	0.339361	0.0412553	0.000720601	0.000166472	0.000735975	
28	0.0625434	0.0625434	0	0	0.276504	0.276504	0	0	0	0	
29	0.104301	0.101974	0.00232706	0	0.461117	0.450829	0.0102879	0	0	0	
30	0.174941	0.149874	0.0249356	0.00013144	0.773413	0.662592	0.11024	0.000581097	0.000133018	0.000588075	
31	0.141654	0.139374	0.00227982	0	0.626252	0.616173	0.010079	0	0	0	
32	0.147235	0.139841	0.00739398	0	0.650925	0.618236	0.0326887	0	0	0	
33	0.0781546	0.0771792	0.0009754	0	0.345521	0.341209	0.00431223	0	0	0	
34	0.108648	0.0978291	0.0107851	3.44362e-05	0.480335	0.432502	0.0476808	0.000152242	3.44588e-05	0.000152342	
35	0.0680121	0.0613881	0.0065316	9.23252e-05	0.300681	0.271396	0.0288761	0.000408169	9.30914e-05	0.000411556	
36	0.0835798	0.0817245	0.00185528	0	0.369505	0.361303	0.00820219	0	0	0	
37	0.16855	0.0956456	0.0728984	6.47985e-06	0.74516	0.422848	0.322283	2.86473e-05	4.24643e-05	0.000187734	
38	0.0803009	0.0789626	0.00133833	0	0.35501	0.349093	0.00591678	0	0	0	
39	0.090502	0.0844862	0.00601587	0	0.400109	0.373513	0.0265961	0	0	0	
40	0.102734	0.101656	0.00107733	4.24432e-07	0.454188	0.449424	0.0047629	1.87641e-06	4.0477e-07	1.78948e-06	
41	0.100595	0.0965966	0.00399898	1.3279e-07	0.444732	0.427053	0.0176794	5.87064e-07	1.29142e-07	5.70936e-07	
42	0.075442	0.0744523	0.000989155	5.17082e-07	0.333528	0.329153	0.00437304	2.28601e-06	7.20442e-07	3.18507e-06	
43	0.0584957	0.0557171	0.00277857	0	0.258609	0.246325	0.012284	0	0	0	
44	0.0663644	0.0650515	0.00131285	0	0.293396	0.287592	0.00580413	0	0	0	
45	0.054936	0.052503	0.00243301	0	0.242871	0.232115	0.0107563	0	0	0	
46	0.093735	0.085718	0.00799016	2.6941e-05	0.414402	0.378958	0.0353244	0.000119106	3.01518e-05	0.000133301	
47	0.137975	0.135786	0.0021888	0	0.609988	0.600312	0.00967669	0	0	0	
48	0.110493	0.0856213	0.0248718	0	0.488489	0.378531	0.109958	0	0	0	
49	0.166191	0.159472	0.00671896	0	0.734729	0.705025	0.0297045	0	0	0	
50	0.0979625	0.0959336	0.00202033	8.59711e-06	0.433091	0.424122	0.00893187	3.80077e-05	8.5775e-06	3.7921e-05	
51	0.085734	0.0852616	0.000472446	0	0.379029	0.376941	0.00208868	0	0	0	
52	0.0781415	0.0767706	0.00137093	0	0.345463	0.339402	0.0060609	0	0	0	
53	0.0976919	0.0956328	0.00205819	9.12446e-07	0.431895	0.422792	0.00909928	4.03391e-06	8.92846e-07	3.94726e-06	
54	0.0928526	0.0913943	0.00145673	1.53699e-06	0.4105	0.404053	0.0064402	6.79503e-06	3.19442e-06	1.41225e-05	
55	0.100978	0.0934181	0.00752674	3.36264e-05	0.446425	0.413	0.0332757	0.000148662	4.17987e-05	0.000184792	
56	0.119129	0.112843	0.00628587	3.99725e-07	0.52667	0.498879	0.0277898	1.76718e-06	1.11138e-06	4.91343e-06	
57	0.102129	0.101495	0.000633178	0	0.451512	0.448712	0.00279927	0	0	0	
58	0.122306	0.0920029	0.0302234	8.02449e-05	0.540716	0.406744	0.133617	0.000354762	0.000280741	0.00124115	
59	0.171653	0.11289	0.0587627	3.15974e-07	0.758878	0.499087	0.259789	1.39692e-06	4.07335e-06	1.80082e-05	
60	0.0757633	0.0741566	0.00160564	1.09267e-06	0.334949	0.327845	0.00709855	4.83071e-06	1.17429e-06	5.19154e-06	
61	0.0883262	0.0877956	0.000530678	0	0.39049	0.388143	0.00234612	0	0	0	
62	0.0995851	0.0941248	0.00545436	5.89657e-06	0.440265	0.416125	0.0241137	2.60687e-05	5.94669e-06	2.62903e-05	
63	0.118341	0.0946131	0.0236727	5.61128e-05	0.523189	0.418284	0.104656	0.000248074	8.82812e-05	0.00039029	
64	0.0986095	0.0975404	0.00106874	3.65216e-07	0.435952	0.431225	0.00472491	1.61461e-06	3.45574e-07	1.52778e-06	
65	0.110156	0.103333	0.0067913	3.16798e-05	0.487002	0.456837	0.0300243	0.000140056	3.19981e-05	0.000141463	
66	0.112265	0.101674	0.0105865	4.78318e-06	0.496325	0.449501	0.0468029	2.11464e-05	4.76381e-06	2.10607e-05	
67	0.173902	0.138352	0.0355272	2.26367e-05	0.76882	0.611654	0.157065	0.000100077	5.51103e-05	0.000243642	
68	0.103306	0.0804539	0.0228162	3.62418e-05	0.456717	0.355686	0.10087	0.000160225	4.7039e-05	0.000207959	
69	0.117631	0.11459	0.00302789	1.29093e-05	0.520046	0.506603	0.0133863	5.70719e-05	1.50302e-05	6.64487e-05	
70	0.0789629	0.0769093	0.00205322	3.92314e-07	0.349094	0.340015	0.00907731	1.73442e-06	1.49105e-06	6.59192e-06	
71	0.0642794	0.0445094	0.019764	5.98015e-06	0.284179	0.196775	0.0873766	2.64382e-05	8.9411e-06	3.95285e-05	
72	0.166368	0.130417	0.0358167	0.000133791	0.735512	0.576575	0.158345	0.00059149	0.000183735	0.000812293	
73	0.081537	0.060093	0.0214408	3.10333e-06	0.360474	0.265671	0.09479	1.37198e-05	2.46758e-05	0.000109091	
74	0.13054	0.106757	0.0237697	1.38475e-05	0.57712	0.471973	0.105085	6.122e-05	1.64746e-05	7.28341e-05	
75	0.178648	0.143842	0.0345068	0.000298609	0.789802	0.635927	0.152554	0.00132014	0.000369238	0.0016324	
76	0.158129	0.141278	0.0166602	0.000190515	0.69909	0.624593	0.0736548	0.000842269	0.000212727	0.000940465	
77	0.0898496	0.0895844	0.000265252	0	0.397224	0.396052	0.00117267	0	0	0	
78	0.150114	0.0986839	0.051331	9.94054e-05	0.663654	0.436281	0.226934	0.00043947	0.000125161	0.000553339	
79	0.153408	0.136975	0.0162623	0.000170765	0.678218	0.605568	0.0718955	0.000754955	0.000205136	0.000906906	
80	0.139588	0.125095	0.0144171	7.63794e-05	0.61712	0.553044	0.0637383	0.000337673	9.947e-05	0.000439756	
81	0.108927	0.106161	0.00276686	0	0.481569	0.469337	0.0122323	0	0	0	
82	0.26999	0.161021	0.107385	0.00158383	1.19362	0.711875	0.474749	0.00700214	0.00227109	0.0100404	
83	0.15699	0.125087	0.0318132	8.97385e-05	0.694055	0.553012	0.140645	0.000396733	0.000109674	0.000484869	
84	0.126065	0.0961031	0.0299622	0	0.557334	0.424871	0.132462	0	0	0	
85	0.14958	0.10102	0.0485601	0	0.661293	0.446609	0.214684	0	0	0	
86	0.17124	0.146084	0.0250578	9.80085e-05	0.757053	0.645839	0.11078	0.000433295	0.000228506	0.00101022	
87	0.0799233	0.0775396	0.00238373	0	0.35334	0.342802	0.0105384	0	0	0	
88	0.0842127	0.0815592	0.00264886	4.61914e-06	0.372304	0.360573	0.0117106	2.04212e-05	4.75628e-06	2.10275e-05	
89	0.0781064	0.0768885	0.00121792	0	0.345308	0.339923	0.00538442	0	0	0	
90	0.106695	0.0987165	0.00796731	1.13168e-05	0.471698	0.436425	0.0352234	5.00317e-05	1.4577e-05	6.44452e-05	
91	0.107404	0.102286	0.00511749	3.24966e-07	0.474832	0.452207	0.0226243	1.43667e-06	3.12319e-07	1.38076e-06	
92	0.0857469	0.0837925	0.0019531	1.33018e-06	0.379086	0.370446	0.00863466	5.88074e-06	2.35212e-06	1.03987e-05	
93	0.0963922	0.0901978	0.00619063	3.81926e-06	0.426149	0.398764	0.0273687	1.68849e-05	6.23258e-06	2.75542e-05	
94	0.0914985	0.0857001	0.00579846	0	0.404514	0.378879	0.0256349	0	0	0	
95	0.157281	0.131396	0.0258847	1.46053e-07	0.695339	0.580902	0.114436	6.45702e-07	2.95561e-07	1.30667e-06	
96	0.191907	0.159473	0.0323888	4.52024e-05	0.848421	0.70503	0.143191	0.000199839	6.24509e-05	0.000276095	
97	0.118017	0.0946544	0.0233574	5.22416e-06	0.521752	0.418466	0.103263	2.3096e-05	5.4962e-06	2.42986e-05	
98	0.114013	0.0895649	0.0244481	0	0.504051	0.395965	0.108085	0	0	0	
99	0.108786	0.100417	0.00836756	7.18091e-07	0.480942	0.443946	0.0369929	3.17467e-06	7.6151e-07	3.36663e-06	
100	0.099648	0.0923214	0.00732301	3.59035e-06	0.440543	0.408152	0.0323749	1.58729e-05	5.0302e-06	2.22385e-05	
101	0.148552	0.14484	0.00371209	0	0.65675	0.640339	0.0164111	0	0	0	
102	0.162515	0.107664	0.0548173	3.36762e-05	0.718478	0.475982	0.242347	0.000148882	3.55798e-05	0.000157298	
103	0.0766348	0.0735962	0.00303856	0	0.338802	0.325368	0.0134334	0	0	0	
104	0.107422	0.0836153	0.0237863	2.09356e-05	0.474914	0.369662	0.105159	9.25564e-05	0.000127396	0.000563217	
105	0.0946596	0.0865436	0.00802828	8.77427e-05	0.418489	0.382608	0.035493	0.000387909	8.84097e-05	0.000390859	
106	0.135045	0.111951	0.0230927	4.14063e-07	0.597033	0.494938	0.102093	1.83057e-06	5.18755e-07	2.29341e-06	
107	0.203788	0.147242	0.0561703	0.00037471	0.900945	0.65096	0.248328	0.00165659	0.000430085	0.0019014	
108	0.102994	0.0972774	0.00571157	5.38442e-06	0.455337	0.430063	0.0252508	2.38045e-05	6.47278e-06	2.86161e-05	
109	0.137155	0.108505	0.0286313	1.80692e-05	0.606361	0.479703	0.126578	7.98841e-05	2.86915e-05	0.000126845	
110	0.119746	0.109029	0.0107167	0	0.529397	0.482018	0.0473787	0	0	0	
111	0.104715	0.096593	0.00811669	6.05772e-06	0.462947	0.427037	0.0358838	2.67811e-05	7.96642e-06	3.52195e-05	
112	0.103898	0.0951621	0.00873578	4.97764e-07	0.459334	0.420711	0.0386208	2.20061e-06	1.33851e-06	5.91755e-06	
113	0.0960957	0.0921188	0.00397211	4.82527e-06	0.424838	0.407256	0.0175607	2.13325e-05	6.1883e-06	2.73584e-05	
114	0.151133	0.12462	0.0261125	0.000400558	0.668159	0.550944	0.115443	0.00177086	0.000409646	0.00181104	
115	0.111076	0.107215	0.00386078	0	0.491067	0.473999	0.0170684	0	0	0	
116	0.121763	0.11479	0.00697037	2.53378e-06	0.538316	0.507489	0.0308159	1.12018e-05	4.6439e-06	2.05306e-05	
117	0.104644	0.0972193	0.00742121	4.00535e-06	0.462633	0.429806	0.0328091	1.77076e-05	4.90711e-06	2.16943e-05	
118	0.103529	0.101989	0.00153951	2.67927e-07	0.457702	0.450895	0.0068062	1.1845e-06	5.29021e-07	2.3388e-06	
119	0.117648	0.113984	0.00366277	1.28646e-06	0.520121	0.503922	0.0161931	5.68745e-06	1.38485e-06	6.12241e-06	
120	0.106644	0.0964887	0.010106	4.96842e-05	0.471474	0.426576	0.0446787	0.000219653	6.26752e-05	0.000277086	
121	0.0886077	0.0846334	0.00396925	5.09839e-06	0.391734	0.374163	0.017548	2.25399e-05	6.82517e-06	3.0174e-05	
122	0.179524	0.158229	0.0211119	0.000183418	0.793677	0.69953	0.0933359	0.000810891	0.000208427	0.000921455	
123	0.112032	0.10735	0.00468164	0	0.495293	0.474595	0.0206975	0	0	0	
124	0.16201	0.0966813	0.0616048	0.00372411	0.716246	0.427427	0.272354	0.0164642	0.00541646	0.0239461	
125	0.106699	0.103747	0.00295244	0	0.471719	0.458667	0.0130527	0	0	0	
126	0.14395	0.104701	0.0384642	0.000784479	0.636404	0.462886	0.17005	0.00346817	0.00115404	0.00510202	
127	0.213167	0.192252	0.0208825	3.15537e-05	0.94241	0.849949	0.0923215	0.000139498	3.45599e-05	0.000152789	
128	0.134973	0.121058	0.0139047	9.82299e-06	0.596716	0.5352	0.0614728	4.34274e-05	9.92747e-06	4.38893e-05	
129	0.124686	0.118447	0.00623884	2.54067e-07	0.551239	0.523656	0.0275818	1.12322e-06	1.06282e-06	4.69875e-06	
130	0.0973115	0.0965649	0.000746585	0	0.430213	0.426912	0.00330065	0	0	0	
131	0.131292	0.125048	0.00624014	3.464e-06	0.580443	0.55284	0.0275876	1.53143e-05	5.07117e-06	2.24196e-05	
132	0.113074	0.0854442	0.0276304	0	0.499902	0.377748	0.122153	0	0	0	
133	0.134806	0.111182	0.0235599	6.3334e-05	0.595977	0.491539	0.104158	0.000279999	0.000154834	0.000684522	
134	0.0963312	0.0959593	0.000371967	0	0.42588	0.424235	0.00164446	0	0	0	
135	0.0718024	0.0707918	0.00101063	0	0.317438	0.31297	0.00446799	0	0	0	
136	0.105133	0.103858	0.00127442	1.05706e-06	0.464794	0.459156	0.00563424	4.67328e-06	1.03747e-06	4.58666e-06	
137	0.1092	0.10246	0.00669937	4.16173e-05	0.482776	0.452975	0.0296179	0.00018399	4.67905e-05	0.00020686	
138	0.111293	0.104697	0.0065953	8.47238e-07	0.492026	0.462865	0.0291577	3.74563e-06	2.06758e-06	9.14079e-06	
139	0.110327	0.106565	0.00376157	3.16207e-07	0.487756	0.471125	0.0166299	1.39795e-06	5.66128e-07	2.50284e-06	
140	0.138478	0.121463	0.016996	1.89755e-05	0.612212	0.536989	0.0751395	8.38906e-05	2.5267e-05	0.000111705	
141	0.100745	0.0933387	0.00740665	0	0.445394	0.41265	0.0327447	0	0	0	
142	0.0883619	0.0837132	0.00464865	0	0.390647	0.370095	0.0205516	0	0	0	
143	0.15843	0.155323	0.00310765	0	0.700421	0.686683	0.0137389	0	0	0	
144	0.0999893	0.0991019	0.000887357	0	0.442052	0.438129	0.003923	0	0	0	
145	0.0920688	0.0870673	0.00500155	0	0.407036	0.384924	0.0221118	0	0	0	
146	0.0632365	0.0614036	0.00183152	1.37734e-06	0.279568	0.271465	0.00809715	6.08925e-06	1.37347e-06	6.07213e-06	
147	0.0749528	0.0729601	0.00199267	0	0.331366	0.322556	0.0088096	0	0	0	
148	0.114459	0.108212	0.00624398	2.8441e-06	0.506025	0.478408	0.0276046	1.25737e-05	3.46447e-06	1.53164e-05	
149	0.114325	0.100287	0.0140211	1.71094e-05	0.505434	0.443371	0.0619872	7.56408e-05	3.72563e-05	0.000164709	
150	0.0963597	0.0829167	0.013443	0	0.426006	0.366574	0.0594317	0	0	0	
151	0.13449	0.124923	0.00953829	2.89973e-05	0.59458	0.552284	0.0421687	0.000128197	4.08948e-05	0.000180796	
152	0.0981897	0.0850954	0.0130761	1.8087e-05	0.434096	0.376206	0.0578097	7.99627e-05	2.76922e-05	0.000122427	
153	0.14105	0.136153	0.0048963	0	0.623581	0.601934	0.0216465	0	0	0	
154	0.105587	0.0981047	0.00748304	0	0.466803	0.43372	0.0330825	0	0	0	
155	0.114625	0.0922235	0.0224013	9.03207e-07	0.50676	0.407719	0.0990363	3.99307e-06	1.68292e-06	7.44022e-06	
156	0.113152	0.0951458	0.0180063	3.23735e-07	0.500246	0.420639	0.0796058	1.43123e-06	3.43712e-07	1.51955e-06	
157	0.0894534	0.0887244	0.000729044	0	0.395473	0.39225	0.00322309	0	0	0	
158	0.107153	0.103946	0.00320623	6.54437e-08	0.473723	0.459549	0.0141747	2.89326e-07	4.57719e-08	2.02357e-07	
159	0.101338	0.0997009	0.0016364	1.31412e-06	0.448017	0.440777	0.00723454	5.80972e-06	1.31197e-06	5.80022e-06	
160	0.169295	0.156504	0.0125915	0.000199009	0.748452	0.691905	0.0556672	0.000879817	0.000200501	0.000886415	
161	0.192899	0.174754	0.0180399	0.000104768	0.852808	0.77259	0.0797545	0.00046318	0.000133111	0.000588484	
162	0.113638	0.0947223	0.0188664	4.95104e-05	0.502394	0.418767	0.0834085	0.000218885	8.47698e-05	0.000374767	
163	0.0900034	0.0789562	0.0110471	0	0.397904	0.349065	0.0488394	0	0	0	
164	0.129917	0.0902184	0.039662	3.65823e-05	0.574362	0.398855	0.175345	0.00016173	4.5515e-05	0.000201221	
165	0.154811	0.115859	0.0388696	8.21427e-05	0.684418	0.512213	0.171842	0.000363152	0.000146883	0.000649369	
166	0.100967	0.0979707	0.00299691	0	0.446377	0.433127	0.0132493	0	0	0	
167	0.104793	0.0976653	0.00712602	2.12051e-06	0.463291	0.431778	0.0315041	9.37477e-06	2.6847e-06	1.1869e-05	
168	0.106212	0.0986162	0.00759618	5.0199e-07	0.469566	0.435981	0.0335827	2.21929e-06	1.21932e-06	5.39062e-06	
169	0.0997023	0.0953201	0.00434413	3.80435e-05	0.440783	0.421409	0.0192053	0.00016819	3.80239e-05	0.000168103	
170	0.14081	0.109301	0.0309215	0.000587421	0.622521	0.483221	0.136703	0.00259698	0.000755949	0.00334204	
171	0.237525	0.196498	0.0410225	4.40113e-06	1.0501	0.86872	0.18136	1.94573e-05	5.06172e-06	2.23778e-05	
172	0.136243	0.122864	0.0133789	0	0.60233	0.543181	0.0591483	0	0	0	
173	0.168177	0.136498	0.0312291	0.000449614	0.743511	0.603459	0.138063	0.00198774	0.000469952	0.00207765	
174	0.122105	0.113935	0.00817038	0	0.539827	0.503706	0.0361212	0	0	0	
175	0.104417	0.0968441	0.00757301	0	0.461627	0.428147	0.0334802	0	0	0	
176	0.107306	0.0954229	0.0118295	5.41955e-05	0.474402	0.421864	0.0522985	0.000239598	7.31706e-05	0.000323487	
177	0.173984	0.142675	0.0308993	0.000409934	0.769183	0.630765	0.136605	0.00181231	0.000435049	0.00192335	
178	0.129972	0.10709	0.0228098	7.253e-05	0.574609	0.473446	0.100842	0.000320654	0.000104327	0.000461231	
179	0.159767	0.141304	0.0184525	1.06471e-05	0.706332	0.624706	0.0815786	4.70708e-05	1.19198e-05	5.26976e-05	
180	0.117787	0.102069	0.0153855	0.000333123	0.520739	0.451247	0.0680193	0.00147273	0.000334235	0.00147765	
181	0.127943	0.12612	0.00182278	0	0.565637	0.557578	0.0080585	0	0	0	
182	0.105561	0.100048	0.00551271	0	0.466684	0.442313	0.0243716	0	0	0	
183	0.116334	0.112227	0.00410691	8.97145e-08	0.514315	0.496158	0.0181566	3.96627e-07	2.5661e-07	1.13447e-06	
184	0.095968	0.0885815	0.00738623	2.16819e-07	0.424274	0.391618	0.0326545	9.58559e-07	5.92084e-07	2.61759e-06	
185	0.0922347	0.0831016	0.00913314	0	0.407769	0.367391	0.0403775	0	0	0	
186	0.133621	0.114525	0.0190958	0	0.590739	0.506316	0.0844226	0	0	0	
187	0.0893052	0.0888336	0.000471603	0	0.394817	0.392732	0.00208495	0	0	0	
188	0.0845643	0.0811876	0.00337674	0	0.373858	0.358929	0.0149285	0	0	0	
189	0.111615	0.10294	0.00867133	4.12974e-06	0.493452	0.455098	0.0383359	1.82575e-05	4.11295e-06	1.81833e-05	
190	0.0717483	0.0597535	0.0119834	1.14079e-05	0.317199	0.26417	0.0529786	5.04344e-05	2.27765e-05	0.000100694	
191	0.327573	0.214692	0.110328	0.00255195	1.44819	0.949155	0.487762	0.0112821	0.00281035	0.0124245	
192	0.0734524	0.0734524	0	0	0.324732	0.324732	0	0	0	0	
193	0.119159	0.119159	0	0	0.526805	0.526805	0	0	0	0	
194	0.147059	0.121842	0.0249865	0.000230478	0.650148	0.538664	0.110465	0.00101894	0.000241363	0.00106706	
195	0.0891809	0.0891809	0	0	0.394268	0.394268	0	0	0	0	
196	0.0899628	0.0899628	0	0	0.397725	0.397725	0	0	0	0	
197	0.0661043	0.0563806	0.00972367	0	0.292246	0.249258	0.0429883	0	0	0	
198	0.143889	0.115028	0.028462	0.000399733	0.636135	0.508538	0.12583	0.00176721	0.000499421	0.00220793	
199	0.133932	0.115065	0.0188665	0	0.592113	0.508704	0.0834088	0	0	0	
200	0.110027	0.087768	0.0222598	0	0.486432	0.388022	0.0984107	0	0	0	
201	0.141763	0.101226	0.0401446	0.000392191	0.626734	0.447521	0.177479	0.00173387	0.000702028	0.00310366	
202	0.106529	0.106529	0	0	0.470968	0.470968	0	0	0	0	
203	0.0950882	0.0950882	0	0	0.420384	0.420384	0	0	0	0	
204	0.164289	0.134612	0.0296342	4.20089e-05	0.726321	0.595122	0.131012	0.000185721	5.45326e-05	0.000241088	
205	0.116652	0.0904084	0.0262244	1.95669e-05	0.515719	0.399695	0.115938	8.65055e-05	3.5911e-05	0.000158762	
206	0.18527	0.150237	0.0349541	7.89905e-05	0.819079	0.664198	0.154531	0.000349216	9.26252e-05	0.000409495	
207	0.0663038	0.052218	0.0140828	2.99522e-06	0.293128	0.230855	0.06226	1.32418e-05	3.14933e-06	1.39231e-05	
208	0.101333	0.0988671	0.00246637	0	0.447994	0.437091	0.0109038	0	0	0	
209	0.148232	0.0957644	0.0524448	2.31525e-05	0.655334	0.423374	0.231858	0.000102357	0.000182696	0.000807698	
210	0.114397	0.114335	6.2944e-05	0	0.505752	0.505474	0.000278275	0	0	0	
211	0.164806	0.104098	0.0607084	0	0.72861	0.460219	0.268391	0	0	0	
212	0.117387	0.117006	0.000381032	0	0.51897	0.517285	0.00168454	0	0	0	
213	0.24258	0.165544	0.0765634	0.000472882	1.07244	0.731869	0.338486	0.00209061	0.00207541	0.00917539	
214	0.11857	0.116446	0.00212302	6.77407e-07	0.5242	0.514811	0.0093859	2.99481e-06	6.57836e-07	2.90829e-06	
215	0.172243	0.162475	0.00975357	1.40785e-05	0.761485	0.718303	0.0431205	6.22411e-05	1.43774e-05	6.35626e-05	
216	0.0999834	0.0852663	0.0147171	0	0.442026	0.376961	0.0650642	0	0	0	
217	0.196781	0.141643	0.0541987	0.000939889	0.869972	0.626204	0.239612	0.00415524	0.00104331	0.00461248	
218	0.0983527	0.0976811	0.000671614	0	0.434816	0.431847	0.0029692	0	0	0	
219	0.134221	0.133766	0.00045422	0	0.59339	0.591382	0.0020081	0	0	0	
220	0.0943365	0.0842651	0.0100713	0	0.417061	0.372535	0.0445254	0	0	0	
221	0.111652	0.0943522	0.0172942	5.76443e-06	0.493614	0.41713	0.0764578	2.54845e-05	1.74738e-05	7.72518e-05	
222	0.0505518	0.0505405	1.1288e-05	0	0.223489	0.223439	4.99042e-05	0	0	0	
223	0.0976626	0.0972815	0.000381032	0	0.431765	0.430081	0.00168454	0	0	0	
224	0.165202	0.146002	0.0192003	0	0.730359	0.645474	0.0848847	0	0	0	
225	0.0835542	0.0787056	0.00482793	2.06909e-05	0.369392	0.347957	0.0213442	9.14743e-05	2.06728e-05	9.13944e-05	
226	0.23016	0.226193	0.00396478	2.27591e-06	1.01753	1	0.0175282	1.00617e-05	2.25631e-06	9.97515e-06	
227	0.0833075	0.082677	0.00063045	0	0.368302	0.365514	0.00278721	0	0	0	
228	0.0879943	0.079741	0.00825324	0	0.389022	0.352534	0.0364875	0	0	0	
229	0.126208	0.124501	0.00170648	0	0.557965	0.55042	0.00754435	0	0	0	
230	0.107416	0.107103	0.000312957	0	0.474888	0.473504	0.00138358	0	0	0	
231	0.0926739	0.0924694	0.000204489	0	0.40971	0.408806	0.000904046	0	0	0	
232	0.0837001	0.0754435	0.0082549	1.70854e-06	0.370037	0.333535	0.0364949	7.55346e-06	1.68877e-06	7.46605e-06	
233	0.0788749	0.0785032	0.00037166	0	0.348705	0.347062	0.0016431	0	0	0	
234	0.104802	0.104802	0	0	0.463329	0.463329	0	0	0	0	
235	0.136899	0.136899	0	0	0.605233	0.605233	0	0	0	0	
236	0.0682516	0.0664858	0.00176578	0	0.30174	0.293933	0.00780653	0	0	0	
237	0.0495903	0.0475965	0.00199381	0	0.219238	0.210423	0.00881465	0	0	0	
238	0.0899327	0.0899327	0	0	0.397592	0.397592	0	0	0	0	
239	0.149224	0.122569	0.0265796	7.48955e-05	0.659718	0.541879	0.117508	0.000331112	7.49433e-05	0.000331324	
240	0.0922477	0.0911161	0.00113153	0	0.407826	0.402824	0.00500252	0	0	0	
241	0.147531	0.119175	0.0282474	0.000108501	0.652236	0.526874	0.124881	0.000479684	0.000108486	0.000479616	
242	0.0861986	0.0859937	0.000204989	0	0.381083	0.380177	0.000906256	0	0	0	
243	0.0865623	0.0865623	0	0	0.382691	0.382691	0	0	0	0	
244	0.0893237	0.0892825	4.1219e-05	0	0.394899	0.394717	0.000182229	0	0	0	
245	0.12041	0.0957201	0.0240106	0.00067955	0.532333	0.423178	0.106151	0.00300428	0.000683879	0.00302342	
246	0.102734	0.0900917	0.012643	0	0.454189	0.398294	0.0558949	0	0	0	
247	0.113674	0.107849	0.00578182	4.34446e-05	0.502554	0.476801	0.0255614	0.000192068	4.34585e-05	0.00019213	
248	0.0841154	0.0841153	0	0	0.371873	0.371873	0	0	0	0	
249	0.0734052	0.0704443	0.00296095	0	0.324524	0.311433	0.0130903	0	0	0	
250	0.0676926	0.0670674	0.000625114	0	0.299268	0.296504	0.00276362	0	0	0	
251	0.122633	0.109957	0.0126735	1.74116e-06	0.54216	0.486123	0.0560298	7.69769e-06	1.72144e-06	7.61047e-06	
252	0.0764018	0.0697116	0.00661713	7.3157e-05	0.337772	0.308194	0.0292543	0.000323426	7.31434e-05	0.000323366	
253	0.0984293	0.0984285	7.45363e-07	0	0.435155	0.435152	3.29524e-06	0	0	0	
254	0.0785381	0.0781553	0.00038281	0	0.347216	0.345524	0.0016924	0	0	0	
255	0.0875732	0.0872697	0.000303589	0	0.387161	0.385818	0.00134216	0	0	0	
256	0.100403	0.0973235	0.0030795	2.03283e-08	0.443881	0.430266	0.0136144	8.98713e-08	8.3178e-10	3.67729e-09	
257	0.0893558	0.0893558	0	0	0.395041	0.395041	0	0	0	0	
258	0.10165	0.096797	0.00484012	1.32736e-05	0.449396	0.427939	0.0213981	5.86828e-05	1.88637e-05	8.33965e-05	
259	0.0549679	0.0455524	0.0092271	0.00018847	0.243013	0.201386	0.0407929	0.000833225	0.000242364	0.00107149	
260	0.0435739	0.0420067	0.0015672	0	0.19264	0.185711	0.00692862	0	0	0	
261	0.111534	0.110554	0.000979811	0	0.493094	0.488762	0.00433174	0	0	0	
262	0.115462	0.111798	0.00366393	0	0.510457	0.494259	0.0161982	0	0	0	
263	0.0544263	0.0440351	0.0103912	0	0.240618	0.194678	0.0459397	0	0	0	
264	0.189302	0.140841	0.0482428	0.00021912	0.836907	0.622657	0.213281	0.000968729	0.000417195	0.00184441	
265	0.0489663	0.0436295	0.00532352	1.33223e-05	0.21648	0.192885	0.0235352	5.88979e-05	1.64898e-05	7.29013e-05	
266	0.0841436	0.0839417	0.000201959	0	0.371998	0.371105	0.000892863	0	0	0	
267	0.0474079	0.0458407	0.0015672	0	0.20959	0.202661	0.00692862	0	0	0	
268	0.0859158	0.0857138	0.000201959	0	0.379833	0.37894	0.000892863	0	0	0	
269	0.206775	0.206079	0.000695615	0	0.914151	0.911075	0.00307531	0	0	0	
270	0.108384	0.108001	0.00038281	0	0.479167	0.477474	0.0016924	0	0	0	
271	0.0851065	0.0851065	0	0	0.376255	0.376255	0	0	0	0	
272	0.10723	0.104268	0.002962	0	0.474064	0.460969	0.013095	0	0	0	
273	0.111279	0.0921625	0.0190127	0.000104584	0.491967	0.40745	0.0840552	0.000462367	0.000136723	0.000604453	
274	0.10071	0.0948176	0.00589234	6.84319e-07	0.445241	0.419188	0.02605	3.02537e-06	7.31349e-07	3.23329e-06	
275	0.118917	0.111825	0.00703521	5.61733e-05	0.525731	0.49438	0.0311026	0.000248341	5.76244e-05	0.000254757	
276	0.0927395	0.0902761	0.00246343	0	0.410001	0.39911	0.0108908	0	0	0	
277	0.105368	0.104606	0.00076148	0	0.465832	0.462465	0.00336649	0	0	0	
278	0.173391	0.148764	0.0245341	9.26144e-05	0.76656	0.657686	0.108465	0.000409448	0.000146744	0.000648755	
279	0.0779959	0.077442	0.000553863	0	0.344819	0.34237	0.00244862	0	0	0	
280	0.139475	0.12201	0.017438	2.648e-05	0.616619	0.539409	0.0770936	0.000117068	2.78639e-05	0.000123186	
281	0.126517	0.0956134	0.0307825	0.000121501	0.559333	0.422706	0.136089	0.000537155	0.000171381	0.000757678	
282	0.0838835	0.0816528	0.00223067	0	0.370848	0.360986	0.00986181	0	0	0	
283	0.104248	0.0916081	0.0126135	2.70035e-05	0.460882	0.404999	0.0557642	0.000119382	3.41229e-05	0.000150857	
284	0.135126	0.111189	0.0238303	0.000107306	0.597395	0.491567	0.105353	0.0004744	0.000120645	0.000533371	
285	0.099816	0.0876834	0.0121325	0	0.441286	0.387648	0.0536381	0	0	0	
286	0.121292	0.0825018	0.0387909	0	0.536234	0.36474	0.171494	0	0	0	
287	0.0719877	0.0657214	0.00626626	0	0.318257	0.290554	0.027703	0	0	0	
288	0.204586	0.141216	0.0621384	0.0012315	0.904475	0.624317	0.274713	0.00544447	0.00150374	0.00664805	
289	0.0689302	0.0659682	0.002962	0	0.30474	0.291645	0.013095	0	0	0	
290	0.0702143	0.0693437	0.000870691	0	0.310417	0.306568	0.00384932	0	0	0	
291	0.181123	0.137873	0.0430907	0.00015943	0.800746	0.609537	0.190504	0.000704843	0.000553273	0.00244601	
292	0.141342	0.117264	0.0237585	0.000319822	0.624873	0.518423	0.105036	0.00141393	0.000329795	0.00145802	
293	0.0707149	0.0478134	0.0229015	0	0.31263	0.211382	0.101247	0	0	0	
294	0.0640253	0.061307	0.00271338	4.89886e-06	0.283055	0.271038	0.0119958	2.16578e-05	6.80611e-06	3.00898e-05	
295	0.172522	0.15294	0.0194602	0.000122215	0.762721	0.676147	0.0860338	0.000540312	0.000188122	0.000831689	
296	0.118907	0.118907	0	0	0.525688	0.525688	0	0	0	0	
297	0.169099	0.147336	0.0217381	2.44757e-05	0.747587	0.651374	0.096104	0.000108207	4.94273e-05	0.000218518	
298	0.101479	0.091303	0.010138	3.82094e-05	0.448639	0.40365	0.0448201	0.000168923	4.0909e-05	0.000180858	
299	0.0942075	0.0798255	0.0142277	0.000154197	0.41649	0.352908	0.0629009	0.000681704	0.000154177	0.000681618	
300	0.0780108	0.0771401	0.000870691	0	0.344885	0.341036	0.00384932	0	0	0	
301	0.0650742	0.0625583	0.00251592	0	0.287692	0.27657	0.0111228	0	0	0	
302	0.0701795	0.0697054	0.000474177	0	0.310263	0.308167	0.00209633	0	0	0	
303	0.136087	0.106356	0.0296422	8.8203e-05	0.601639	0.470201	0.131048	0.000389945	0.000119878	0.000529983	
304	0.0959403	0.0959403	0	0	0.424151	0.424151	0	0	0	0	
305	0.0471733	0.0414853	0.00568793	0	0.208552	0.183406	0.0251463	0	0	0	
306	0.0603743	0.0532069	0.00716739	0	0.266914	0.235227	0.031687	0	0	0	
307	0.0884497	0.0877546	0.000695134	0	0.391035	0.387962	0.00307318	0	0	0	
308	0.0932464	0.0759171	0.0173193	1.00463e-05	0.412242	0.335629	0.0765685	4.44146e-05	1.37536e-05	6.08048e-05	
309	0.115727	0.11134	0.0043713	1.57862e-05	0.511631	0.492235	0.0193254	6.97911e-05	1.80635e-05	7.98587e-05	
310	0.151008	0.144081	0.00690414	2.25377e-05	0.667607	0.636985	0.0305231	9.96393e-05	2.30565e-05	0.000101932	
311	0.0764631	0.0743279	0.0021281	7.08754e-06	0.338043	0.328603	0.00940831	3.13339e-05	7.93983e-06	3.51019e-05	
312	0.135977	0.0963389	0.039442	0.000196419	0.601155	0.425913	0.174373	0.000868369	0.000255982	0.00113169	
313	0.100716	0.0939157	0.00680074	0	0.445267	0.415201	0.030066	0	0	0	
314	0.0790153	0.07768	0.0013353	0	0.349326	0.343423	0.00590336	0	0	0	
315	0.10369	0.0954714	0.0082118	7.54386e-06	0.458416	0.422078	0.0363043	3.33513e-05	9.64214e-06	4.26278e-05	
316	0.074837	0.0709722	0.00385907	5.74659e-06	0.330854	0.313767	0.0170609	2.54056e-05	5.7457e-06	2.54017e-05	
317	0.119272	0.0771661	0.0420152	9.12799e-05	0.527303	0.341151	0.185749	0.000403548	0.000156381	0.000691361	
318	0.165607	0.122915	0.0426917	0	0.732148	0.543408	0.18874	0	0	0	
319	0.219027	0.144336	0.0716186	0.00307279	0.968319	0.638109	0.316625	0.0135848	0.00318925	0.0140996	
320	0.0851833	0.0764929	0.00865628	3.41819e-05	0.376595	0.338174	0.0382693	0.000151117	4.8125e-05	0.00021276	
321	0.131094	0.0993303	0.0313833	0.000380951	0.579568	0.439138	0.138745	0.00168418	0.000392961	0.00173727	
322	0.135472	0.0792191	0.0549922	0.00126135	0.598924	0.350227	0.24312	0.00557645	0.00135097	0.00597265	
323	0.0967553	0.0953668	0.00138852	0	0.427754	0.421616	0.00613865	0	0	0	
324	0.127212	0.125874	0.00133861	0	0.562406	0.556488	0.00591802	0	0	0	
325	0.092641	0.090717	0.001924	0	0.409565	0.401059	0.00850602	0	0	0	
326	0.0729893	0.0714576	0.00153172	0	0.322685	0.315913	0.00677176	0	0	0	
327	0.0801945	0.0755481	0.0046464	0	0.354539	0.333998	0.0205417	0	0	0	
328	0.0915544	0.0912092	0.000345145	0	0.404761	0.403235	0.00152588	0	0	0	
329	0.0959026	0.091974	0.00392339	5.25232e-06	0.423985	0.406616	0.0173453	2.32204e-05	5.27584e-06	2.33244e-05	
330	0.144472	0.0887644	0.0537391	0.00196929	0.638713	0.392427	0.23758	0.00870626	0.00221165	0.00977773	
331	0.125428	0.1175	0.00791704	1.09764e-05	0.554517	0.519467	0.0350012	4.85269e-05	1.33533e-05	5.90349e-05	
332	0.112915	0.0968931	0.0160107	1.20261e-05	0.4992	0.428364	0.0707833	5.31675e-05	2.18525e-05	9.66098e-05	
333	0.116158	0.0989836	0.0171747	0	0.513535	0.437605	0.0759296	0	0	0	
334	0.135333	0.0889074	0.046179	0.000247377	0.59831	0.393059	0.204157	0.00109365	0.000347599	0.00153673	
335	0.082875	0.0808884	0.00198654	2.6945e-08	0.36639	0.357607	0.00878251	1.19123e-07	6.6392e-08	2.93519e-07	
336	0.105609	0.0899182	0.0155344	0.000157321	0.4669	0.397527	0.0686775	0.000695517	0.000185635	0.000820693	
337	0.118303	0.112423	0.00587737	3.01293e-06	0.523019	0.497022	0.0259838	1.33201e-05	3.17517e-06	1.40374e-05	
338	0.116637	0.102225	0.0143852	2.62464e-05	0.515652	0.451939	0.063597	0.000116035	3.42511e-05	0.000151423	
339	0.0844623	0.0774525	0.00699431	1.55335e-05	0.373407	0.342417	0.0309218	6.86736e-05	1.55702e-05	6.8836e-05	
340	0.100188	0.0840193	0.0161254	4.37736e-05	0.442932	0.371449	0.0712903	0.000193523	6.21331e-05	0.00027469	
341	0.108305	0.104889	0.0034165	1.35373e-07	0.478818	0.463714	0.0151043	5.98483e-07	1.2975e-07	5.73625e-07	
342	0.106501	0.0758014	0.0306962	3.38297e-06	0.47084	0.335117	0.135707	1.4956e-05	3.49655e-06	1.54582e-05	
343	0.138601	0.0887219	0.048024	0.00185581	0.612757	0.392238	0.212314	0.00820453	0.00247762	0.0109535	
344	0.0837607	0.0829415	0.00081883	3.02699e-07	0.370305	0.366684	0.00362004	1.33823e-06	2.83104e-07	1.2516e-06	
345	0.124929	0.095619	0.029028	0.000282836	0.552314	0.422731	0.128332	0.00125042	0.000370445	0.00163773	
346	0.142417	0.0988225	0.0427833	0.000811901	0.629628	0.436893	0.189144	0.00358941	0.00120581	0.00533089	
347	0.0945911	0.0759215	0.0184333	0.000236269	0.418187	0.335648	0.0814937	0.00104454	0.000264755	0.00117048	
348	0.0991064	0.0842136	0.014839	5.37299e-05	0.438149	0.372308	0.0656033	0.000237539	0.000100495	0.00044429	
349	0.0804872	0.0726233	0.00781342	5.05097e-05	0.355833	0.321067	0.0345431	0.000223303	5.94056e-05	0.000262632	
350	0.139697	0.0765332	0.0626073	0.000556447	0.617599	0.338353	0.276786	0.00246005	0.000688055	0.00304188	
351	0.157082	0.0942458	0.0623282	0.000508648	0.694461	0.41666	0.275553	0.00224873	0.000698605	0.00308852	
352	0.134749	0.0822179	0.052317	0.000214508	0.595726	0.363485	0.231293	0.000948342	0.000276334	0.00122167	
353	0.086356	0.0784159	0.00792268	1.74048e-05	0.381779	0.346676	0.0350261	7.69466e-05	1.73947e-05	7.69019e-05	
354	0.0862809	0.0796399	0.0066272	1.38662e-05	0.381447	0.352087	0.0292988	6.13025e-05	1.48092e-05	6.54716e-05	
355	0.0858785	0.0839211	0.0019574	0	0.379668	0.371014	0.00865367	0	0	0	
356	0.118133	0.109442	0.00866972	2.18547e-05	0.522269	0.483844	0.0383287	9.66198e-05	2.35053e-05	0.000103917	
357	0.212936	0.108631	0.0990909	0.00521366	0.941389	0.480259	0.43808	0.0230495	0.00826703	0.0365485	
358	0.167598	0.0983845	0.0670635	0.0021501	0.74095	0.434957	0.296487	0.00950561	0.00508794	0.0224937	
359	0.103862	0.0786124	0.0246463	0.000603511	0.459174	0.347545	0.108961	0.00266811	0.000656575	0.00290271	
360	0.103994	0.0971362	0.00685677	1.49165e-06	0.459758	0.429438	0.0303137	6.59458e-06	1.47657e-06	6.52791e-06	
361	0.0472406	0.0472406	0	0	0.20885	0.20885	0	0	0	0	
362	0.100663	0.0875208	0.0131001	4.23957e-05	0.445032	0.386929	0.0579157	0.000187431	4.47667e-05	0.000197913	
363	0.0497969	0.0493406	0.000456323	0	0.220151	0.218134	0.0020174	0	0	0	
364	0.126501	0.113984	0.0125173	0	0.559262	0.503923	0.0553392	0	0	0	
365	0.0819503	0.0796265	0.0023193	4.5291e-06	0.362301	0.352028	0.0102536	2.00231e-05	4.50955e-06	1.99366e-05	
366	0.108578	0.0919219	0.0164653	0.000191384	0.480025	0.406386	0.0727931	0.000846111	0.00021092	0.000932476	
367	0.125689	0.105528	0.0200734	8.78857e-05	0.555671	0.466538	0.0887447	0.000388542	0.000104297	0.0004611	
368	0.0785441	0.0759358	0.00260657	1.78907e-06	0.347243	0.335711	0.0115236	7.90948e-06	1.76944e-06	7.82271e-06	
369	0.0861914	0.0804814	0.00567849	3.1465e-05	0.381051	0.355808	0.0251045	0.000139106	3.14844e-05	0.000139192	
370	0.113643	0.0918383	0.0216544	0.000150342	0.502415	0.406016	0.0957342	0.000664661	0.000239668	0.00105957	
371	0.118453	0.0794959	0.0389125	4.46756e-05	0.52368	0.35145	0.172031	0.00019751	4.47058e-05	0.000197644	
372	0.110414	0.079217	0.0310384	0.000159558	0.488143	0.350217	0.13722	0.000705407	0.000159547	0.000705356	
373	0.086502	0.0793728	0.00710922	1.99845e-05	0.382424	0.350906	0.0314298	8.83518e-05	2.15628e-05	9.53292e-05	
374	0.180127	0.104153	0.0720659	0.0039081	0.79634	0.460459	0.318603	0.0172776	0.0113995	0.0503972	
375	0.14375	0.1274	0.0162741	7.58973e-05	0.635521	0.563238	0.0719477	0.000335541	7.59071e-05	0.000335585	
376	0.0995282	0.0990922	0.000436079	2.01544e-08	0.440014	0.438086	0.0019279	8.91028e-08	1.13399e-08	5.01338e-08	
377	0.106119	0.100278	0.00583153	9.47791e-06	0.469153	0.44333	0.0257811	4.19018e-05	1.59552e-05	7.0538e-05	
378	0.120467	0.103905	0.0165515	1.0537e-05	0.532586	0.459365	0.0731741	4.6584e-05	1.12422e-05	4.97021e-05	
379	0.10265	0.0768642	0.025645	0.000140819	0.453815	0.339816	0.113376	0.000622564	0.00014197	0.000627652	
380	0.116296	0.0825668	0.033676	5.36446e-05	0.514146	0.365027	0.148881	0.000237162	6.54748e-05	0.000289463	
381	0.106358	0.0799427	0.0262272	0.000188423	0.47021	0.353426	0.11595	0.00083302	0.00028272	0.0012499	
382	0.105275	0.104224	0.00105022	3.19029e-07	0.46542	0.460776	0.00464305	1.41042e-06	4.16044e-07	1.83933e-06	
383	0.0806059	0.0760521	0.00455376	0	0.356358	0.336226	0.0201321	0	0	0	
384	0.0920734	0.0905476	0.00152579	0	0.407055	0.40031	0.00674552	0	0	0	
385	0.121513	0.10751	0.0140001	2.13757e-06	0.537209	0.475305	0.0618945	9.45022e-06	2.21554e-06	9.79489e-06	
386	0.0974073	0.0797466	0.0174763	0.000184397	0.430637	0.352559	0.0772626	0.000815218	0.000249849	0.00110458	
387	0.0933003	0.0843579	0.00886039	8.2063e-05	0.41248	0.372945	0.0391717	0.0003628	8.66331e-05	0.000383004	
388	0.0810164	0.0770983	0.0039125	5.6103e-06	0.358173	0.340851	0.0172971	2.48031e-05	5.59055e-06	2.47158e-05	
389	0.128457	0.111351	0.0170882	1.86174e-05	0.567911	0.492282	0.0755471	8.23074e-05	1.9725e-05	8.72044e-05	
390	0.0815606	0.0744808	0.00706357	1.62164e-05	0.360579	0.329279	0.031228	7.16929e-05	2.84433e-05	0.000125747	
391	0.0961883	0.0914106	0.00477692	7.5856e-07	0.425248	0.404126	0.0211187	3.35359e-06	3.32532e-06	1.47012e-05	
392	0.101061	0.0499245	0.0505391	0.000598209	0.446793	0.220715	0.223433	0.00264468	0.000663133	0.0029317	
393	0.0846498	0.0810371	0.00361272	0	0.374236	0.358264	0.0159718	0	0	0	
394	0.0963755	0.0927883	0.00358722	0	0.426075	0.410216	0.015859	0	0	0	
395	0.151101	0.138527	0.0125605	1.32779e-05	0.668018	0.61243	0.05553	5.87018e-05	1.38265e-05	6.11272e-05	
396	0.109775	0.0592546	0.0505205	0	0.485315	0.261964	0.223351	0	0	0	
397	0.129337	0.10151	0.0274092	0.000417734	0.571802	0.448779	0.121176	0.0018468	0.00103303	0.00456705	
398	0.0930917	0.09134	0.00175004	1.65276e-06	0.411558	0.403813	0.00773693	7.30687e-06	1.64645e-06	7.27897e-06	
399	0.0799801	0.078677	0.00130259	5.69763e-07	0.353591	0.34783	0.00575877	2.51892e-06	7.34318e-07	3.24641e-06	
400	0.145249	0.129311	0.0159386	0	0.642149	0.571684	0.0704645	0	0	0	
401	0.102811	0.10083	0.00198081	0	0.454529	0.445771	0.00875717	0	0	0	
402	0.107153	0.0835683	0.0235846	0	0.473722	0.369455	0.104267	0	0	0	
403	0.109076	0.0889963	0.0200742	5.67381e-06	0.482225	0.393452	0.0887483	2.50838e-05	6.02583e-06	2.66401e-05	
404	0.109379	0.0989791	0.0104006	0	0.483567	0.437586	0.0459811	0	0	0	
405	0.107422	0.107422	0	0	0.474916	0.474916	0	0	0	0	
406	0.183296	0.177288	0.00600536	2.45352e-06	0.810354	0.783793	0.0265496	1.0847e-05	2.43755e-06	1.07764e-05	
407	0.118956	0.0856807	0.0329839	0.000291415	0.525904	0.378793	0.145821	0.00128834	0.000805441	0.00356085	
408	0.129783	0.127956	0.00182784	0	0.573774	0.565693	0.0080809	0	0	0	
409	0.0934244	0.0922078	0.00121655	0	0.413028	0.40765	0.00537836	0	0	0	
410	0.11583	0.0881546	0.0272125	0.000463197	0.512085	0.389731	0.120306	0.00204779	0.000476902	0.00210838	
411	0.142254	0.117807	0.0244468	6.93767e-07	0.628907	0.520825	0.108079	3.06714e-06	8.68585e-07	3.84001e-06	
412	0.15518	0.122727	0.0323176	0.000135386	0.68605	0.542575	0.142876	0.000598543	0.00020439	0.00090361	
413	0.0951411	0.0919916	0.00314712	2.40225e-06	0.420618	0.406694	0.0139134	1.06203e-05	3.82403e-06	1.6906e-05	
414	0.148532	0.113112	0.0351396	0.000280997	0.656662	0.500068	0.155352	0.00124228	0.000311098	0.00137536	
415	0.0955866	0.0924199	0.00316675	0	0.422588	0.408587	0.0140001	0	0	0	
416	0.122951	0.106642	0.0162861	2.28916e-05	0.543568	0.471466	0.0720007	0.000101203	2.2871e-05	0.000101112	
417	0.106667	0.0962522	0.0104144	9.44396e-07	0.471577	0.42553	0.0460421	4.17517e-06	9.24901e-07	4.08898e-06	
418	0.0803849	0.0773198	0.00306502	0	0.355381	0.34183	0.0135504	0	0	0	
419	0.139282	0.102659	0.0366216	1.47916e-06	0.615767	0.453856	0.161904	6.53936e-06	3.25572e-06	1.43935e-05	
420	0.0841895	0.0841895	0	0	0.372201	0.372201	0	0	0	0	
421	0.0881767	0.0866004	0.00157589	4.64891e-07	0.389828	0.382859	0.00696701	2.05528e-06	1.82033e-06	8.0477e-06	
422	0.0977611	0.0814656	0.0162679	2.75814e-05	0.432201	0.360158	0.0719206	0.000121937	2.75609e-05	0.000121846	
423	0.0633278	0.0563136	0.00701424	0	0.279972	0.248962	0.0310099	0	0	0	
424	0.111317	0.111206	0.000110972	0	0.492134	0.491644	0.000490608	0	0	0	
425	0.081201	0.0699763	0.0111097	0.000114841	0.358989	0.309365	0.0491162	0.000507714	0.000119618	0.000528834	
426	0.112467	0.1097	0.00276515	2.09657e-06	0.497217	0.484983	0.0122247	9.26894e-06	2.35722e-06	1.04212e-05	
427	0.0911681	0.0910254	0.000142769	0	0.403054	0.402422	0.000631184	0	0	0	
428	0.0947952	0.0946223	0.000172946	0	0.419089	0.418324	0.000764595	0	0	0	
429	0.123281	0.0887626	0.0345155	2.89495e-06	0.545024	0.392418	0.152593	1.27985e-05	6.82143e-06	3.01575e-05	
430	0.226166	0.213675	0.0124909	1.08781e-07	0.99988	0.944658	0.0552222	4.8092e-07	8.94628e-08	3.95514e-07	
431	0.170781	0.167357	0.00342289	1.23072e-06	0.755024	0.739886	0.0151325	5.44104e-06	1.21109e-06	5.35423e-06	
432	0.124848	0.112868	0.0119756	3.75311e-06	0.551953	0.498992	0.0529444	1.65924e-05	3.79746e-06	1.67885e-05	
433	0.111047	0.09918	0.0117364	0.000131211	0.490941	0.438474	0.0518867	0.000580083	0.000132457	0.000585593	
434	0.0856923	0.0810856	0.00459514	1.16571e-05	0.378845	0.358478	0.0203151	5.1536e-05	1.32068e-05	5.83874e-05	
435	0.212123	0.153045	0.058813	0.000265191	0.937795	0.676611	0.260012	0.00117241	0.000485809	0.00214776	
436	0.119042	0.0866956	0.032134	0.000213111	0.526287	0.38328	0.142064	0.000942166	0.000294442	0.00130172	
437	0.14446	0.0867452	0.0563812	0.00133409	0.638659	0.3835	0.249261	0.00589803	0.00245744	0.0108643	
438	0.184144	0.131281	0.0522914	0.00057184	0.8141	0.580392	0.23118	0.0025281	0.000634107	0.00280338	
439	0.13439	0.127932	0.00643769	2.0301e-05	0.594138	0.565588	0.028461	8.97508e-05	2.62442e-05	0.000116025	
440	0.0828454	0.0806952	0.00214682	3.40892e-06	0.366259	0.356753	0.00949109	1.50708e-05	4.80031e-06	2.12221e-05	
441	0.0684297	0.0680975	0.000332235	0	0.302527	0.301058	0.00146881	0	0	0	
442	0.145369	0.0955782	0.0471119	0.00267967	0.642679	0.42255	0.208281	0.0118468	0.00299878	0.0132576	
443	0.158468	0.138897	0.0195216	4.9426e-05	0.700586	0.614062	0.0863052	0.000218512	9.28894e-05	0.000410663	
444	0.126612	0.108696	0.0178942	2.14588e-05	0.559751	0.480546	0.0791103	9.48694e-05	3.93154e-05	0.000173813	
445	0.114201	0.0888226	0.0252563	0.000122759	0.504885	0.392684	0.111658	0.000542719	0.0002051	0.000906747	
446	0.156324	0.0913331	0.0647682	0.000223292	0.69111	0.403783	0.286339	0.000987172	0.000393201	0.00173834	
447	0.146828	0.122819	0.0240091	0	0.649128	0.542984	0.106144	0	0	0	
448	0.0444385	0.0378133	0.00662265	2.63978e-06	0.196462	0.167172	0.0292787	1.16704e-05	3.52815e-06	1.55979e-05	
449	0.317479	0.155266	0.161801	0.000411604	1.40357	0.686431	0.715324	0.0018197	0.000653704	0.00289002	
450	0.0840197	0.0799772	0.00404249	0	0.37145	0.353579	0.0178718	0	0	0	
451	0.131081	0.121053	0.0100221	6.13524e-06	0.579511	0.535176	0.0443079	2.71238e-05	8.28588e-06	3.66318e-05	
452	0.186335	0.100741	0.0818765	0.00371707	0.823785	0.445377	0.361975	0.0164331	0.00520876	0.0230279	
453	0.107157	0.0962328	0.0109158	8.87364e-06	0.473743	0.425444	0.0482591	3.92303e-05	1.42169e-05	6.28531e-05	
454	0.121693	0.0897798	0.0319131	0	0.538004	0.396916	0.141087	0	0	0	
455	0.161399	0.105793	0.0548889	0.000717156	0.713545	0.46771	0.242663	0.00317054	0.00135458	0.0059886	
456	0.149272	0.112661	0.0363543	0.000256805	0.659934	0.498076	0.160722	0.00113533	0.000441415	0.00195149	
457	0.122943	0.101248	0.0216947	0	0.543531	0.447619	0.0959122	0	0	0	
458	0.100544	0.0794744	0.0210705	0	0.444508	0.351356	0.0931528	0	0	0	
459	0.0994282	0.0895233	0.00990498	0	0.439571	0.395781	0.0437898	0	0	0	
460	0.154717	0.0859535	0.0687517	1.26498e-05	0.684007	0.38	0.303951	5.5925e-05	2.62826e-05	0.000116195	
461	0.168634	0.0861269	0.0817619	0.000745809	0.745532	0.380766	0.361469	0.00329721	0.000754754	0.00333676	
462	0.117637	0.100695	0.0169083	3.35594e-05	0.520072	0.445172	0.0747517	0.000148366	4.99493e-05	0.000220825	
463	0.124329	0.120333	0.0039966	0	0.549661	0.531992	0.0176689	0	0	0	
464	0.0770305	0.0694725	0.00755796	5.54613e-08	0.340551	0.307137	0.0334137	2.45194e-07	1.79921e-07	7.95433e-07	
465	0.08482	0.0832614	0.00155857	0	0.374989	0.368098	0.00689045	0	0	0	
466	0.182642	0.110708	0.0717797	0.000154035	0.80746	0.489441	0.317338	0.000680992	0.000271723	0.00120128	
467	0.0996738	0.0803384	0.0191644	0.000171018	0.440657	0.355175	0.0847257	0.000756071	0.000199668	0.000882734	
468	0.105546	0.102262	0.00328463	0	0.466622	0.452101	0.0145213	0	0	0	
469	0.0773308	0.0773308	0	0	0.341879	0.341879	0	0	0	0	
470	0.100928	0.0955945	0.00532673	6.83775e-06	0.446202	0.422623	0.0235494	3.02296e-05	1.32264e-05	5.84741e-05	
471	0.117548	0.0795909	0.0379575	0	0.519681	0.351871	0.167809	0	0	0	
472	0.136131	0.0898139	0.0430388	0.00327896	0.601837	0.397067	0.190274	0.0144962	0.00393427	0.0173933	
473	0.160147	0.0999014	0.0584493	0.00179712	0.708012	0.441663	0.258404	0.00794505	0.00247301	0.0109331	
474	0.102633	0.0775016	0.0251316	0	0.453741	0.342634	0.111106	0	0	0	
475	0.128471	0.114072	0.0143906	8.09205e-06	0.567972	0.504315	0.0636211	3.57749e-05	1.55156e-05	6.85946e-05	
476	0.15706	0.113507	0.0435523	0	0.694362	0.501817	0.192544	0	0	0	
477	0.124609	0.0977006	0.0268995	9.70258e-06	0.550899	0.431933	0.118922	4.2895e-05	1.89937e-05	8.39712e-05	
478	0.0911598	0.0794612	0.0116985	0	0.403017	0.351297	0.0517194	0	0	0	
479	0.10222	0.0983915	0.00382853	6.35068e-07	0.451917	0.434988	0.0169259	2.80763e-06	8.41867e-07	3.72189e-06	
480	0.129993	0.0982876	0.031658	4.76835e-05	0.574699	0.434529	0.139959	0.000210808	6.53846e-05	0.000289064	
481	0.0918306	0.076433	0.0153722	2.54095e-05	0.405982	0.337909	0.0679606	0.000112335	0.000118018	0.000521761	
482	0.136055	0.106528	0.0294829	4.45209e-05	0.601502	0.470961	0.130343	0.000196826	5.33653e-05	0.000235927	
483	0.111021	0.0931241	0.0178926	4.64498e-06	0.490825	0.411701	0.0791034	2.05354e-05	3.33396e-05	0.000147394	
484	0.165237	0.117479	0.0474453	0.000312295	0.730513	0.519376	0.209755	0.00138065	0.000583684	0.00258046	
485	0.119039	0.0955178	0.0234394	8.20188e-05	0.526272	0.422283	0.103625	0.000362604	0.000117595	0.00051989	
486	0.0810136	0.0804694	0.000544158	0	0.35816	0.355754	0.00240572	0	0	0	
487	0.10271	0.10038	0.00232949	0	0.454081	0.443782	0.0102986	0	0	0	
488	0.135318	0.0960549	0.0392434	2.05487e-05	0.598244	0.424658	0.173495	9.08461e-05	3.85805e-05	0.000170564	
489	0.14444	0.0987277	0.0457064	5.86432e-06	0.638568	0.436474	0.202068	2.59261e-05	1.40085e-05	6.19316e-05	
490	0.0937936	0.0912774	0.00251621	0	0.414661	0.403537	0.0111241	0	0	0	
491	0.0926305	0.0787163	0.0139142	0	0.409519	0.348004	0.0615147	0	0	0	
492	0.145943	0.0975547	0.0475901	0.000798467	0.645214	0.431289	0.210395	0.00353001	0.00108394	0.00479211	
493	0.177908	0.112317	0.0652142	0.000377472	0.786534	0.496553	0.288311	0.0016688	0.000509556	0.00225274	
494	0.189004	0.117746	0.0711472	0.000110649	0.835586	0.520556	0.314541	0.000489178	0.000392488	0.00173518	
495	0.0891495	0.0843789	0.00477059	0	0.394129	0.373038	0.0210907	0	0	0	
496	0.100579	0.0902058	0.0102068	0.000166694	0.44466	0.398799	0.0451242	0.000736954	0.000168087	0.000743112	
497	0.127863	0.0779831	0.0497548	0.000125163	0.565282	0.344762	0.219965	0.000553348	0.000273768	0.00121032	
498	0.177255	0.134243	0.0428914	0.000120669	0.783646	0.59349	0.189622	0.00053348	0.000126737	0.000560307	
499	0.158822	0.158805	1.6874e-05	0	0.702151	0.702076	7.46002e-05	0	0	0	
500	0.144134	0.0811711	0.062706	0.000257325	0.637217	0.358857	0.277222	0.00113763	0.000411574	0.00181956	
501	0.1606	0.108995	0.050821	0.000784811	0.710015	0.481866	0.224679	0.00346964	0.00088943	0.00393216	
502	0.0925903	0.0914009	0.00118934	0	0.409341	0.404083	0.0052581	0	0	0	
503	0.110673	0.103523	0.00709456	5.47856e-05	0.489285	0.457678	0.031365	0.000242207	5.47659e-05	0.00024212	
504	0.122021	0.119943	0.00207735	0	0.539454	0.53027	0.00918397	0	0	0	
505	0.0709545	0.0690077	0.00194684	0	0.313689	0.305082	0.00860699	0	0	0	
506	0.138609	0.0982832	0.0390463	0.00128007	0.612792	0.434509	0.172623	0.00565922	0.00156402	0.00691455	
507	0.186309	0.158761	0.0274469	0.000100787	0.823671	0.701883	0.121342	0.000445579	0.000119805	0.00052966	
508	0.0920273	0.0884617	0.00356559	0	0.406852	0.391088	0.0157634	0	0	0	
509	0.0955517	0.0876047	0.00794692	6.87894e-08	0.422433	0.3873	0.0351333	3.04117e-07	1.19762e-07	5.29468e-07	
510	0.136718	0.10581	0.0305191	0.000388004	0.604429	0.467789	0.134925	0.00171536	0.000436734	0.0019308	
511	0.0769988	0.0755089	0.00148983	0	0.340411	0.333824	0.00658656	0	0	0	
512	0.162381	0.0887539	0.0736085	1.87926e-05	0.717886	0.39238	0.325422	8.30822e-05	3.57135e-05	0.000157889	
513	0.115629	0.0915729	0.0240045	5.22514e-05	0.511198	0.404843	0.106123	0.000231003	8.2837e-05	0.000366222	
514	0.243125	0.129061	0.111979	0.00208457	1.07485	0.570579	0.49506	0.00921589	0.00330606	0.0146161	
515	0.0667936	0.056861	0.00990643	2.62382e-05	0.295294	0.251382	0.0437962	0.000115999	4.04914e-05	0.000179012	
516	0.103854	0.0889151	0.0148982	4.13571e-05	0.459141	0.393093	0.065865	0.000182839	9.74424e-05	0.000430792	
517	0.0851638	0.0821062	0.00305709	4.6353e-07	0.376508	0.362991	0.0135153	2.04926e-06	1.05649e-06	4.67077e-06	
518	0.179064	0.156556	0.0225083	0	0.791642	0.692133	0.0995094	0	0	0	
519	0.0743518	0.042301	0.0320102	4.06447e-05	0.328709	0.187012	0.141517	0.00017969	9.06362e-05	0.000400702	
520	0.152396	0.122924	0.0292083	0.000263542	0.673743	0.543448	0.129129	0.00116511	0.000356879	0.00157776	
521	0.241751	0.110376	0.130306	0.00106775	1.06878	0.487975	0.576084	0.00472055	0.00185351	0.00819439	
522	0.175978	0.0787108	0.0969203	0.000347189	0.777999	0.34798	0.428484	0.00153492	0.000472085	0.00208708	
523	0.0898176	0.0765652	0.0132524	0	0.397083	0.338494	0.0585889	0	0	0	
524	0.149799	0.106484	0.0427244	0.000590365	0.662262	0.470768	0.188884	0.00261	0.0006692	0.00295852	
525	0.152144	0.100251	0.0514657	0.000426423	0.672628	0.443213	0.227529	0.00188521	0.00125173	0.00553389	
526	0.119382	0.101964	0.0173367	8.14595e-05	0.527789	0.450783	0.0766456	0.000360132	8.66182e-05	0.000382938	
527	0.109322	0.0783406	0.0309821	2.64436e-08	0.483315	0.346343	0.136971	1.16907e-07	3.02417e-07	1.33698e-06	
528	0.0895858	0.0808196	0.00876616	0	0.396058	0.357303	0.0387551	0	0	0	
529	0.123288	0.0814894	0.0416773	0.000121854	0.545058	0.360264	0.184255	0.00053872	0.000187027	0.000826848	
530	0.0956024	0.0812551	0.0142812	6.60011e-05	0.422657	0.359228	0.0631375	0.00029179	0.000111457	0.000492751	
531	0.159139	0.105575	0.0531281	0.000435684	0.703553	0.466748	0.234879	0.00192615	0.000620261	0.00274217	
532	0.115124	0.0842166	0.030819	8.87232e-05	0.508964	0.372321	0.136251	0.000392244	0.000141774	0.000626782	
533	0.175512	0.118593	0.056241	0.000678317	0.77594	0.5243	0.248641	0.00299883	0.00116972	0.00517135	
534	0.119483	0.114065	0.00541417	3.16519e-06	0.528233	0.504283	0.023936	1.39933e-05	3.14545e-06	1.3906e-05	
535	0.0898576	0.078137	0.0114551	0.000265584	0.39726	0.345443	0.0506429	0.00117414	0.000279939	0.00123761	
536	0.0725296	0.0662754	0.00623421	2.00262e-05	0.320653	0.293003	0.0275614	8.8536e-05	2.1171e-05	9.35969e-05	
537	0.117954	0.0772719	0.0405917	9.09578e-05	0.521476	0.341618	0.179456	0.000402124	0.000132308	0.000584935	
538	0.128903	0.0809489	0.0471119	0.000842929	0.569883	0.357874	0.208281	0.00372658	0.00094283	0.00416824	
539	0.135181	0.0837222	0.0511877	0.000271924	0.597638	0.370135	0.2263	0.00120217	0.000473295	0.00209243	
540	0.0911866	0.0804763	0.0106376	7.27147e-05	0.403135	0.355785	0.0470288	0.000321471	0.000105207	0.000465122	
541	0.0915508	0.0827533	0.00878637	1.11658e-05	0.404745	0.365852	0.0388444	4.9364e-05	3.01056e-05	0.000133097	
542	0.21927	0.151006	0.0680081	0.000256436	0.969395	0.667597	0.300663	0.0011337	0.000319522	0.0014126	
543	0.132805	0.090017	0.0426383	0.000150086	0.587132	0.397965	0.188503	0.000663532	0.000199889	0.000883709	
544	0.167128	0.127576	0.0395456	6.3742e-06	0.738872	0.564013	0.174831	2.81803e-05	1.61316e-05	7.13177e-05	
545	0.156995	0.075712	0.0812312	5.25317e-05	0.694077	0.334722	0.359122	0.000232242	9.06042e-05	0.00040056	
546	0.13117	0.117379	0.0137569	3.44559e-05	0.579905	0.518933	0.0608192	0.000152329	6.3927e-05	0.000282621	
547	0.0810442	0.0760157	0.00502847	0	0.358296	0.336065	0.0222308	0	0	0	
548	0.114797	0.111564	0.00323207	6.85451e-08	0.507516	0.493227	0.0142889	3.03037e-07	3.48845e-07	1.54224e-06	
549	0.1386	0.0855976	0.0527369	0.000266169	0.612753	0.378426	0.233149	0.00117673	0.000342422	0.00151384	
550	0.163709	0.120575	0.0429421	0.000191911	0.723759	0.533063	0.189847	0.00084844	0.000323844	0.00143171	
551	0.0974524	0.0972375	0.000214914	0	0.430836	0.429886	0.000950135	0	0	0	
552	0.0858844	0.0731068	0.0126744	0.000103199	0.379694	0.323204	0.0560336	0.000456245	0.000118629	0.000524458	
553	0.187606	0.184274	0.00332896	3.29025e-06	0.829406	0.814674	0.0147173	1.45461e-05	3.91956e-06	1.73283e-05	
554	0.138318	0.10315	0.0339032	0.0012644	0.611505	0.456029	0.149885	0.00558992	0.00130874	0.00578596	
555	0.101523	0.0756685	0.0257916	6.30102e-05	0.448833	0.33453	0.114024	0.000278568	6.53374e-05	0.000288856	
556	0.160409	0.150625	0.00978008	3.45513e-06	0.709168	0.665915	0.0432377	1.52751e-05	3.43483e-06	1.51853e-05	
557	0.0893141	0.0795046	0.00979977	9.76932e-06	0.394857	0.351489	0.0433247	4.31901e-05	2.32017e-05	0.000102574	
558	0.101574	0.0981085	0.00346275	3.52266e-06	0.449061	0.433737	0.0153088	1.55736e-05	3.50311e-06	1.54872e-05	
559	0.0962839	0.0796095	0.0163945	0.000279861	0.42567	0.351953	0.0724804	0.00123726	0.000368267	0.0016281	
560	0.0969002	0.0854086	0.0114916	0	0.428395	0.37759	0.0508046	0	0	0	
561	0.109049	0.093734	0.0152426	7.333e-05	0.482109	0.414397	0.0673876	0.000324191	8.97722e-05	0.000396882	
562	0.0619826	0.0501878	0.0117947	0	0.274025	0.22188	0.0521446	0	0	0	
563	0.0905185	0.079367	0.0110837	6.77419e-05	0.400181	0.350881	0.0490013	0.000299486	8.26608e-05	0.000365443	
564	0.10989	0.0820324	0.0277189	0.00013913	0.485825	0.362665	0.122545	0.000615096	0.000221285	0.000978303	
565	0.0963073	0.0855675	0.0107092	3.05817e-05	0.425774	0.378293	0.0473454	0.000135201	4.00605e-05	0.000177107	
566	0.115627	0.104477	0.0111257	2.36905e-05	0.511187	0.461896	0.0491868	0.000104735	2.5072e-05	0.000110843	
567	0.193848	0.161973	0.0314591	0.000415215	0.857002	0.716085	0.13908	0.00183566	0.00042749	0.00188993	
568	0.174762	0.116068	0.0586936	0	0.772622	0.513138	0.259484	0	0	0	
569	0.0764017	0.0764017	0	0	0.337771	0.337771	0	0	0	0	
570	0.132077	0.120603	0.0114432	3.10697e-05	0.583914	0.533186	0.0505904	0.000137359	3.58826e-05	0.000158636	
571	0.104162	0.0921585	0.0120028	8.19478e-07	0.4605	0.407432	0.0530646	3.6229e-06	2.61042e-06	1.15406e-05	
572	0.117538	0.0982902	0.0189965	0.00025125	0.519635	0.43454	0.0839836	0.00111077	0.00030204	0.00133531	
573	0.0957084	0.084965	0.0107433	0	0.423126	0.37563	0.0474963	0	0	0	
574	0.12825	0.0804244	0.0472391	0.000586631	0.566993	0.355555	0.208843	0.00259349	0.00125139	0.00553241	
575	0.121638	0.0849047	0.0364713	0.000262602	0.537763	0.375363	0.161239	0.00116096	0.000452088	0.00199868	
576	0.0614945	0.054874	0.00662055	0	0.271867	0.242597	0.0292694	0	0	0	
577	0.130077	0.113962	0.0161146	7.76973e-08	0.57507	0.503827	0.0712426	3.43499e-07	6.08584e-07	2.69054e-06	
578	0.100816	0.0896576	0.0111589	0	0.445709	0.396375	0.0493338	0	0	0	
579	0.0926788	0.0879241	0.00475307	1.64559e-06	0.409732	0.388712	0.0210133	7.27518e-06	5.41063e-06	2.39203e-05	
580	0.0823665	0.0672518	0.015058	5.67005e-05	0.364142	0.29732	0.0665715	0.000250672	0.000103285	0.000456625	
581	0.084317	0.0757699	0.00854718	0	0.372765	0.334978	0.037787	0	0	0	
582	0.0923272	0.0850983	0.00721102	1.79791e-05	0.408178	0.376219	0.0318799	7.94856e-05	1.96794e-05	8.70027e-05	
583	0.127858	0.0935906	0.0337977	0.000469845	0.56526	0.413763	0.149419	0.00207718	0.00116308	0.00514201	
584	0.262015	0.129095	0.131795	0.00112461	1.15836	0.570732	0.582665	0.0049719	0.00118723	0.00524875	
585	0.130378	0.0755671	0.0547732	3.80364e-05	0.576402	0.334082	0.242152	0.000168159	4.48986e-05	0.000198496	
586	0.153911	0.0850963	0.0683809	0.000433968	0.68044	0.37621	0.302311	0.00191857	0.00220164	0.00973347	
587	0.104159	0.089757	0.0143455	5.71277e-05	0.460489	0.396815	0.0634215	0.000252561	6.21336e-05	0.000274692	
588	0.0684607	0.0682345	0.000226212	0	0.302664	0.301664	0.00100008	0	0	0	
589	0.156012	0.110243	0.0451114	0.000657818	0.689729	0.487383	0.199437	0.00290821	0.000856587	0.00378696	
590	0.136501	0.108373	0.0280624	6.52108e-05	0.603471	0.479118	0.124064	0.000288296	0.000165282	0.000730715	
591	0.128106	0.0968306	0.0311894	8.64766e-05	0.566358	0.428087	0.137888	0.000382312	0.000121401	0.000536717	
592	0.114565	0.0865961	0.0279069	6.19405e-05	0.506491	0.382841	0.123376	0.000273838	9.69671e-05	0.000428691	
593	0.104631	0.0948778	0.00972061	3.26152e-05	0.462573	0.419454	0.0429747	0.000144191	4.50993e-05	0.000199384	
594	0.0893549	0.0812715	0.00806783	1.56379e-05	0.395037	0.3593	0.0356678	6.91353e-05	2.98265e-05	0.000131863	
595	0.106134	0.0947224	0.0113355	7.63274e-05	0.469218	0.418767	0.0501144	0.000337443	8.76773e-05	0.000387621	
596	0.106356	0.0911054	0.0152259	2.46309e-05	0.470199	0.402776	0.067314	0.000108893	3.93745e-05	0.000174074	
597	0.147299	0.142282	0.00500708	1.00866e-05	0.651211	0.629031	0.0221362	4.45931e-05	1.10022e-05	4.86407e-05	
598	0.110265	0.109231	0.00103322	1.80452e-07	0.487481	0.482912	0.00456788	7.97777e-07	1.60842e-07	7.11085e-07	
599	0.103092	0.0942747	0.00881743	0	0.45577	0.416788	0.0389818	0	0	0	
600	0.110059	0.108959	0.0011001	0	0.486574	0.48171	0.00486356	0	0	0	
601	0.368257	0.149435	0.211833	0.00698836	1.62806	0.660653	0.936513	0.0308955	0.00698851	0.0308961	
602	0.106018	0.103529	0.00248677	1.93052e-06	0.468705	0.457703	0.010994	8.53484e-06	1.93252e-06	8.5437e-06	
603	0.142836	0.0524426	0.0903934	0	0.631477	0.231848	0.399629	0	0	0	
604	0.0863778	0.0816998	0.00467805	0	0.381875	0.361194	0.0206816	0	0	0	
605	0.140289	0.0500073	0.0902823	0	0.62022	0.221082	0.399137	0	0	0	
606	0.154089	0.0946526	0.0581196	0.00131741	0.681229	0.418458	0.256946	0.00582429	0.00225139	0.0099534	
607	0.0900113	0.0788979	0.011092	2.14131e-05	0.397939	0.348807	0.0490379	9.46672e-05	2.23812e-05	9.89471e-05	
608	0.0887885	0.07952	0.00925744	1.1148e-05	0.392533	0.351557	0.0409271	4.92856e-05	1.21082e-05	5.35305e-05	
609	0.0919591	0.0879011	0.00404955	8.49844e-06	0.40655	0.38861	0.017903	3.75715e-05	9.12174e-06	4.03272e-05	
610	0.0960897	0.0807481	0.0151748	0.000166744	0.424812	0.356987	0.0670878	0.000737176	0.000179415	0.000793193	
611	0.0605859	0.0582372	0.00234867	0	0.26785	0.257466	0.0103834	0	0	0	
612	0.0958244	0.0914267	0.00439766	0	0.423639	0.404197	0.019442	0	0	0	
613	0.0890026	0.0773165	0.0116555	3.04844e-05	0.39348	0.341816	0.0515292	0.000134771	3.60126e-05	0.000159211	
614	0.091584	0.0843591	0.00719388	3.1016e-05	0.404892	0.372951	0.0318041	0.000137121	4.01512e-05	0.000177508	
615	0.0922567	0.0875058	0.00475084	0	0.407866	0.386862	0.0210034	0	0	0	
616	0.104293	0.0897216	0.0142367	0.000335202	0.461081	0.396659	0.0629405	0.00148192	0.000339696	0.00150179	
617	0.12852	0.0924398	0.0359523	0.000127829	0.568186	0.408676	0.158944	0.000565134	0.000146317	0.000646867	
618	0.0589807	0.056382	0.00259866	0	0.260753	0.249264	0.0114886	0	0	0	
619	0.135788	0.0996709	0.0360196	9.83258e-05	0.600321	0.440644	0.159242	0.000434697	0.000111238	0.000491785	
620	0.111508	0.0884211	0.0230875	0	0.492979	0.390909	0.102069	0	0	0	
621	0.307032	0.18762	0.11718	0.00223212	1.35739	0.829469	0.518052	0.0098682	0.00237219	0.0104874	
622	0.0400996	0.0307248	0.00935974	1.51135e-05	0.17728	0.135834	0.0413793	6.6817e-05	3.01888e-05	0.000133464	
623	0.0765389	0.0724081	0.00409402	3.67826e-05	0.338378	0.320116	0.0180996	0.000162615	3.79804e-05	0.000167911	
624	0.111754	0.0833401	0.0283341	8.0159e-05	0.494065	0.368446	0.125265	0.000354382	9.16344e-05	0.000405115	
625	0.0735999	0.0554044	0.0181955	0	0.325385	0.244942	0.0804424	0	0	0	
626	0.067126	0.0643184	0.00280764	0	0.296763	0.284351	0.0124125	0	0	0	
627	0.0878945	0.0797177	0.00817678	0	0.388581	0.352431	0.0361494	0	0	0	
628	0.0605756	0.0605713	4.28907e-06	0	0.267804	0.267785	1.89619e-05	0	0	0	
629	0.215454	0.138672	0.0762877	0.000493991	0.952521	0.613069	0.337267	0.00218393	0.000562618	0.00248733	
630	0.169538	0.146696	0.0226878	0.000154361	0.74953	0.648545	0.100302	0.000682429	0.000232579	0.00102823	
631	0.113441	0.0965771	0.0168228	4.12421e-05	0.501522	0.426966	0.0743737	0.000182331	4.20226e-05	0.000185781	
632	0.0446108	0.0435884	0.00102238	0	0.197224	0.192704	0.00451994	0	0	0	
633	0.0657205	0.0455063	0.0201935	2.06333e-05	0.29055	0.201183	0.0892756	9.12196e-05	6.46834e-05	0.000285965	
634	0.0439953	0.0422941	0.00170107	1.06255e-07	0.194503	0.186982	0.00752044	4.69756e-07	8.66243e-08	3.82965e-07	
635	0.0693963	0.0660627	0.00332438	9.21715e-06	0.3068	0.292062	0.0146971	4.07489e-05	9.76066e-06	4.31518e-05	
636	0.0753672	0.065507	0.00986016	5.07078e-08	0.333198	0.289606	0.0435917	2.24179e-07	6.81568e-08	3.01321e-07	
637	0.0752363	0.0742099	0.00102642	0	0.332619	0.328081	0.0045378	0	0	0	
638	0.137237	0.0821805	0.0550087	4.78535e-05	0.606724	0.363319	0.243193	0.00021156	5.54617e-05	0.000245196	
639	0.127938	0.0767296	0.0511885	2.0576e-05	0.565616	0.339221	0.226304	9.09666e-05	5.12274e-05	0.000226476	
640	0.0916607	0.0811245	0.010526	1.01789e-05	0.405231	0.358651	0.0465354	4.50012e-05	1.44818e-05	6.40241e-05	
641	0.0766964	0.0756247	0.00107169	0	0.339074	0.334336	0.00473795	0	0	0	
642	0.0643964	0.063571	0.000825434	0	0.284696	0.281047	0.00364924	0	0	0	
643	0.179788	0.14305	0.0360035	0.000734433	0.794845	0.632427	0.159171	0.00324692	0.00113925	0.00503664	
644	0.0968495	0.0830522	0.0137972	0	0.428171	0.367173	0.0609976	0	0	0	
645	0.0833709	0.0810312	0.00233792	1.80951e-06	0.368582	0.358238	0.0103359	7.99987e-06	1.78995e-06	7.91336e-06	
646	0.128835	0.0755857	0.05325	0	0.569582	0.334163	0.235418	0	0	0	
647	0.18937	0.124818	0.0617457	0.00280661	0.837206	0.55182	0.272977	0.012408	0.00422143	0.0186629	
648	0.147082	0.118217	0.0288362	2.8674e-05	0.650248	0.522637	0.127484	0.000126767	3.74834e-05	0.000165714	
649	0.0648769	0.0648479	2.9046e-05	0	0.28682	0.286692	0.000128412	0	0	0	
650	0.0735802	0.0735607	1.94445e-05	0	0.325297	0.325211	8.59641e-05	0	0	0	
651	0.103065	0.102304	0.000761169	0	0.455653	0.452288	0.00336512	0	0	0	
652	0.112346	0.0831217	0.0288644	0.000360779	0.496685	0.36748	0.127609	0.001595	0.000488107	0.00215792	
653	0.108207	0.0883563	0.0198447	6.12415e-06	0.478383	0.390623	0.0877336	2.70748e-05	1.03419e-05	4.57217e-05	
654	0.122146	0.0889587	0.0331227	6.49251e-05	0.540008	0.393285	0.146435	0.000287033	0.000104665	0.000462727	
655	0.130462	0.0817108	0.0474497	0.00130187	0.576773	0.361243	0.209774	0.00575558	0.00180691	0.00798835	
656	0.236813	0.11938	0.113495	0.00393774	1.04695	0.527778	0.501764	0.0174087	0.00565773	0.0250128	
657	0.129964	0.0807595	0.0492053	0	0.574574	0.357037	0.217536	0	0	0	
658	0.10463	0.075971	0.0286595	0	0.462571	0.335867	0.126703	0	0	0	
659	0.124663	0.0965717	0.0275878	0.000503554	0.551135	0.426943	0.121965	0.00222621	0.00067694	0.00299275	
660	0.167369	0.101306	0.0655244	0.000538831	0.739938	0.447873	0.289683	0.00238217	0.000932494	0.00412255	
661	0.172246	0.0992115	0.0726599	0.000374942	0.7615	0.438613	0.321229	0.00165761	0.000661313	0.00292366	
662	0.125034	0.0811678	0.0438041	6.24262e-05	0.552776	0.358842	0.193657	0.000275985	8.55751e-05	0.000378327	
663	0.115084	0.0810855	0.0339406	5.78831e-05	0.508786	0.358478	0.150051	0.000255901	0.000100601	0.000444759	
664	0.102343	0.0881204	0.0141671	5.5868e-05	0.452459	0.38958	0.0626327	0.000246992	9.80566e-05	0.000433507	
665	0.112562	0.0880142	0.0245429	4.94339e-06	0.497636	0.38911	0.108504	2.18547e-05	1.06658e-05	4.71534e-05	
666	0.106623	0.0796757	0.0269177	3.05142e-05	0.471383	0.352245	0.119003	0.000134903	6.09904e-05	0.000269638	
667	0.158966	0.105791	0.0505926	0.00258176	0.702787	0.467704	0.223669	0.0114139	0.00300884	0.013302	
668	0.104365	0.0838213	0.0205321	1.17229e-05	0.461397	0.370573	0.0907723	5.18271e-05	1.97883e-05	8.74842e-05	
669	0.043997	0.0439117	8.53165e-05	0	0.19451	0.194133	0.000377183	0	0	0	
670	0.0927603	0.0833938	0.00933765	2.88487e-05	0.410092	0.368683	0.0412817	0.00012754	4.61542e-05	0.000204047	
671	0.0538866	0.0511132	0.00277343	0	0.238232	0.225971	0.0122613	0	0	0	
672	0.147537	0.113008	0.0344426	8.57645e-05	0.65226	0.49961	0.15227	0.000379164	0.00017667	0.000781057	
673	0.140265	0.102406	0.037492	0.000366755	0.620113	0.452739	0.165752	0.00162142	0.000432621	0.00191261	
674	0.126472	0.0962374	0.030164	7.10549e-05	0.559134	0.425465	0.133354	0.000314133	9.97939e-05	0.000441188	
675	0.115189	0.081947	0.0331008	0.000141631	0.509251	0.362287	0.146338	0.00062615	0.000197282	0.000872185	
676	0.141582	0.110808	0.0299662	0.000807939	0.625935	0.489883	0.13248	0.00357189	0.000936046	0.00413825	
677	0.101997	0.0943049	0.00764661	4.55418e-05	0.450928	0.416921	0.0338056	0.00020134	5.58075e-05	0.000246724	
678	0.102629	0.0810623	0.0214702	9.64639e-05	0.453722	0.358376	0.0949198	0.000426466	0.000195719	0.000865275	
679	0.130005	0.091844	0.0381619	0	0.574755	0.406041	0.168713	0	0	0	
680	0.121977	0.111432	0.0105454	0	0.539263	0.492641	0.0466215	0	0	0	
681	0.115068	0.0986681	0.0163237	7.62007e-05	0.508715	0.436211	0.0721671	0.000336882	0.000100016	0.000442171	
682	0.101418	0.0985672	0.00285084	0	0.448368	0.435765	0.0126035	0	0	0	
683	0.102427	0.0920467	0.0103807	0	0.452831	0.406937	0.0458931	0	0	0	
684	0.11061	0.0951647	0.0154368	8.37945e-06	0.489006	0.420722	0.0682462	3.70455e-05	8.35933e-06	3.69565e-05	
685	0.182749	0.142081	0.0404184	0.000248955	0.807933	0.628142	0.178689	0.00110063	0.000249791	0.00110432	
686	0.116022	0.0913805	0.0239943	0.000647353	0.512933	0.403992	0.106078	0.00286194	0.000829502	0.00366722	
687	0.0829782	0.0785705	0.00440768	0	0.366846	0.347359	0.0194863	0	0	0	
688	0.0649483	0.0648552	9.30958e-05	0	0.287136	0.286724	0.000411576	0	0	0	
689	0.00808301	0.00722004	0.000862972	0	0.0357349	0.0319197	0.00381519	0	0	0	
690	0.0622219	0.0604061	0.00181505	7.49403e-07	0.275082	0.267055	0.00802435	3.3131e-06	7.29971e-07	3.22719e-06	
691	0.111907	0.0990582	0.0127537	9.53399e-05	0.494741	0.437935	0.0563844	0.000421497	0.000116684	0.000515861	
692	0.0744079	0.0736137	0.000794178	0	0.328957	0.325446	0.00351105	0	0	0	
693	0.0919991	0.0800893	0.0119097	8.579e-08	0.406727	0.354074	0.0526529	3.79277e-07	2.33716e-07	1.03326e-06	
694	0.210625	0.155874	0.0530617	0.00168889	0.931174	0.689122	0.234585	0.0074666	0.00176238	0.0077915	
695	0.0958193	0.0800722	0.015694	5.30743e-05	0.423616	0.353999	0.0693833	0.000234641	8.67376e-05	0.000383466	
696	0.219052	0.161265	0.0566225	0.00116403	0.968429	0.712955	0.250328	0.00514621	0.00124953	0.00552419	
697	0.126936	0.0835695	0.0433299	3.71996e-05	0.561186	0.36946	0.191561	0.000164459	5.82262e-05	0.000257417	
698	0.245943	0.197652	0.0475223	0.000769156	1.08731	0.873819	0.210096	0.00340043	0.000986558	0.00436156	
699	0.275813	0.187099	0.0866837	0.00203029	1.21936	0.827164	0.383228	0.00897594	0.00211868	0.00936667	
700	0.0833006	0.0833006	0	0	0.368271	0.368271	0	0	0	0	
701	0.0831556	0.0831556	0	0	0.36763	0.36763	0	0	0	0	
702	0.111793	0.107245	0.00454759	5.80419e-07	0.49424	0.474133	0.0201049	2.56603e-06	1.13527e-06	5.01902e-06	
703	0.0941006	0.0884517	0.00561778	3.11186e-05	0.416018	0.391044	0.0248361	0.000137575	3.1099e-05	0.000137488	
704	0.0892543	0.0801751	0.00907919	0	0.394592	0.354453	0.040139	0	0	0	
705	0.0979529	0.0888812	0.00907173	0	0.433049	0.392943	0.040106	0	0	0	
706	0.255837	0.159628	0.0959091	0.000300145	1.13105	0.705716	0.424013	0.00132693	0.00061863	0.00273495	
707	0.0867812	0.0809882	0.00579299	0	0.383659	0.358048	0.0256108	0	0	0	
708	0.080654	0.080654	0	0	0.35657	0.35657	0	0	0	0	
709	0.130053	0.104295	0.0253888	0.000369079	0.574963	0.461088	0.112243	0.00163169	0.000369837	0.00163504	
710	0.130001	0.0968455	0.0331407	1.51009e-05	0.574735	0.428153	0.146515	6.6761e-05	8.90571e-05	0.00039372	
711	0.100465	0.0813857	0.0190795	4.83983e-07	0.444158	0.359806	0.0843506	2.13968e-06	2.00019e-06	8.84287e-06	
712	0.0790246	0.0772382	0.00178639	0	0.349367	0.341469	0.00789763	0	0	0	
713	0.0890826	0.0790983	0.00998427	0	0.393833	0.349693	0.0441404	0	0	0	
714	0.0931628	0.0823876	0.0107752	0	0.411872	0.364235	0.0476371	0	0	0	
715	0.0730036	0.0706639	0.00233968	1.95915e-08	0.322748	0.312405	0.0103437	8.66143e-08	6.20062e-07	2.74129e-06	
716	0.0823641	0.0756382	0.00672471	1.13117e-06	0.364131	0.334396	0.0297299	5.00089e-06	1.15694e-06	5.11484e-06	
717	0.0982465	0.0890558	0.00919067	0	0.434347	0.393715	0.0406319	0	0	0	
718	0.116432	0.109094	0.00733138	7.24101e-06	0.514748	0.482304	0.032412	3.20124e-05	1.17335e-05	5.18738e-05	
719	0.0695133	0.0634762	0.00602069	1.64867e-05	0.307318	0.280628	0.0266174	7.28878e-05	1.64673e-05	7.28021e-05	
720	0.064516	0.0626294	0.00188655	0	0.285225	0.276884	0.00834046	0	0	0	
721	0.124849	0.107256	0.0173576	0.000236041	0.551959	0.474178	0.076738	0.00104353	0.000236021	0.00104344	
722	0.0822874	0.0815609	0.000726574	0	0.363792	0.36058	0.00321218	0	0	0	
723	0.112009	0.102937	0.00907173	0	0.495194	0.455088	0.040106	0	0	0	
724	0.0819187	0.0811921	0.000726574	0	0.362162	0.35895	0.00321218	0	0	0	
725	0.0815217	0.0629325	0.0185892	0	0.360407	0.278224	0.0821829	0	0	0	
726	0.0441166	0.0429053	0.00121129	0	0.195039	0.189684	0.0053551	0	0	0	
727	0.089695	0.0895161	0.000178912	0	0.396541	0.39575	0.000790972	0	0	0	
728	0.101276	0.0859508	0.0150678	0.000258167	0.447744	0.379988	0.0666149	0.00114135	0.000281259	0.00124344	
729	0.0983902	0.0780767	0.0201069	0.000206587	0.434982	0.345176	0.0888926	0.000913321	0.000772952	0.00341721	
730	0.109659	0.10553	0.00412923	0	0.484805	0.46655	0.0182553	0	0	0	
731	0.120921	0.0950191	0.0253178	0.000584274	0.534592	0.420079	0.11193	0.00258307	0.000584255	0.00258299	
732	0.0832533	0.0778472	0.00540613	0	0.368062	0.344162	0.0239004	0	0	0	
733	0.1012	0.0925364	0.00860449	5.98164e-05	0.447407	0.409103	0.0380404	0.000264447	6.57334e-05	0.000290607	
734	0.112069	0.107497	0.00457127	9.61312e-07	0.49546	0.475246	0.0202095	4.24995e-06	9.4172e-07	4.16333e-06	
735	0.0680774	0.0661303	0.00194708	0	0.300969	0.292361	0.00860805	0	0	0	
736	0.0569448	0.0558335	0.0011113	0	0.251753	0.246839	0.00491307	0	0	0	
737	0.0974821	0.0801335	0.0173401	8.44003e-06	0.430967	0.35427	0.0766604	3.73133e-05	8.42044e-06	3.72267e-05	
738	0.11946	0.113866	0.00558309	1.07859e-05	0.528132	0.503402	0.0246828	4.76844e-05	1.11334e-05	4.92208e-05	
739	0.0652491	0.0652256	2.35394e-05	0	0.288466	0.288362	0.000104067	0	0	0	
740	0.0369755	0.03692	5.55215e-05	0	0.163468	0.163223	0.00024546	0	0	0	
741	0.0900851	0.0869206	0.00314849	1.60844e-05	0.398266	0.384275	0.0139194	7.11094e-05	1.60649e-05	7.10228e-05	
742	0.145605	0.123705	0.0218779	2.25063e-05	0.64372	0.546899	0.0967222	9.95005e-05	2.24859e-05	9.941e-05	
743	0.089341	0.0846934	0.00458646	6.12134e-05	0.394976	0.374429	0.0202767	0.000270624	6.1194e-05	0.000270538	
744	0.0560577	0.0556897	0.000368032	0	0.247831	0.246204	0.00162706	0	0	0	
745	0.124161	0.102352	0.0217903	1.88877e-05	0.548916	0.452498	0.096335	8.35026e-05	5.40688e-05	0.000239037	
746	0.0854466	0.0755969	0.00982231	2.74383e-05	0.377759	0.334213	0.0434243	0.000121304	4.2422e-05	0.000187547	
747	0.0868306	0.0847522	0.0020784	0	0.383877	0.374689	0.00918861	0	0	0	
748	0.103346	0.0827205	0.0204252	0.000200344	0.456892	0.365707	0.0902997	0.000885722	0.000211772	0.000936244	
749	0.121008	0.11304	0.00796421	3.46967e-06	0.534975	0.49975	0.0352097	1.53394e-05	3.45004e-06	1.52526e-05	
750	0.0937106	0.0826199	0.0110907	0	0.414294	0.365262	0.049032	0	0	0	
751	0.280523	0.152836	0.11602	0.0116665	1.24019	0.675689	0.512925	0.0515778	0.0128312	0.0567266	
752	0.0913582	0.0768252	0.0145209	1.20274e-05	0.403894	0.339644	0.064197	5.31733e-05	1.20722e-05	5.33715e-05	
753	0.104144	0.093054	0.0110907	0	0.460423	0.411391	0.049032	0	0	0	
754	0.223519	0.17751	0.046003	5.62638e-06	0.988176	0.784772	0.203379	2.48742e-05	6.38862e-06	2.8244e-05	
755	0.11605	0.0925779	0.0234725	0	0.513058	0.409286	0.103771	0	0	0	
756	0.214661	0.1147	0.0999609	0	0.949016	0.50709	0.441926	0	0	0	
757	0.128554	0.0779829	0.0470044	0.00356744	0.56834	0.344762	0.207806	0.0157716	0.00376902	0.0166628	
758	0.184366	0.128549	0.0558173	1.25117e-07	0.815083	0.568314	0.246768	5.53144e-07	1.24024e-06	5.48311e-06	
759	0.125814	0.0717303	0.0527865	0.00129797	0.556226	0.317119	0.233368	0.00573832	0.00390812	0.0172777	
760	0.113198	0.0871962	0.0260018	0	0.500448	0.385494	0.114954	0	0	0	
761	0.126883	0.110488	0.0162386	0.000156858	0.560951	0.488467	0.071791	0.000693471	0.000156839	0.000693385	
762	0.0509361	0.0509361	0	0	0.225188	0.225188	0	0	0	0	
763	0.0556356	0.0542383	0.00139721	0	0.245964	0.239787	0.00617706	0	0	0	
764	0.0802207	0.0771003	0.00312035	0	0.354655	0.34086	0.013795	0	0	0	
765	0.0870725	0.084236	0.00283649	0	0.384947	0.372406	0.0125401	0	0	0	
766	0.0545294	0.0447247	0.00962212	0.000182572	0.241074	0.197727	0.0425393	0.000807152	0.000182553	0.000807066	
767	0.0533404	0.0433634	0.00985548	0.000121602	0.235817	0.191709	0.043571	0.000537604	0.000172123	0.000760957	
768	0.0455933	0.0455332	6.01416e-05	0	0.201567	0.201302	0.000265885	0	0	0	
769	0.0724973	0.0527294	0.0193144	0.000453598	0.32051	0.233116	0.0853888	0.00200535	0.000454171	0.00200788	
770	0.0725514	0.0568423	0.0157091	0	0.320749	0.251299	0.0694498	0	0	0	
771	0.103662	0.0786321	0.0250306	0	0.458292	0.347632	0.11066	0	0	0	
772	0.103764	0.103764	0	0	0.458741	0.458741	0	0	0	0	
773	0.100749	0.0909668	0.00978234	0	0.445411	0.402163	0.0432476	0	0	0	
774	0.0781403	0.0780067	0.000133609	0	0.345457	0.344867	0.000590686	0	0	0	
775	0.076017	0.076017	0	0	0.33607	0.33607	0	0	0	0	
776	0.0652131	0.0652131	0	0	0.288306	0.288306	0	0	0	0	
777	0.0746835	0.0746835	0	0	0.330175	0.330175	0	0	0	0	
778	0.0927258	0.0927258	0	0	0.40994	0.40994	0	0	0	0	
779	0.150734	0.111283	0.0394512	0	0.666398	0.491984	0.174413	0	0	0	
780	0.0500238	0.0436959	0.00632789	0	0.221154	0.193179	0.0279755	0	0	0	
781	0.0582868	0.0426917	0.015595	0	0.257685	0.18874	0.0689454	0	0	0	
782	0.107834	0.0956328	0.0122013	0	0.476734	0.422792	0.0539419	0	0	0	
783	0.225022	0.135564	0.0845336	0.0049247	0.994824	0.599329	0.373722	0.021772	0.0081069	0.0358405	
784	0.0721133	0.0721133	0	0	0.318812	0.318812	0	0	0	0	
785	0.131325	0.0757344	0.0555912	0	0.58059	0.334821	0.245768	0	0	0	
786	0.127343	0.0954055	0.0319377	0	0.562983	0.421787	0.141196	0	0	0	
787	0.181271	0.0844996	0.0950772	0.00169419	0.801398	0.373572	0.420335	0.00749003	0.00493095	0.0217997	
788	0.136273	0.092126	0.0439849	0.000162067	0.602462	0.407288	0.194457	0.000716499	0.000170159	0.000752275	
789	0.103476	0.103342	0.000133609	0	0.457468	0.456878	0.000590686	0	0	0	
790	0.119274	0.0850148	0.0342596	0	0.527311	0.37585	0.151461	0	0	0	
791	0.127584	0.0878046	0.0397482	3.11698e-05	0.564048	0.388183	0.175726	0.000137801	4.36983e-05	0.00019319	
792	0.0952568	0.0830555	0.0122013	0	0.42113	0.367188	0.0539419	0	0	0	
793	0.240682	0.148463	0.0875471	0.00467208	1.06405	0.656354	0.387045	0.0206552	0.00483534	0.021377	
794	0.104359	0.0902951	0.0140644	0	0.461373	0.399194	0.0621788	0	0	0	
795	0.124085	0.106424	0.0176461	1.55912e-05	0.548582	0.4705	0.0780134	6.89286e-05	2.17799e-05	9.62888e-05	
796	0.0945594	0.0945594	0	0	0.418046	0.418046	0	0	0	0	
797	0.0543959	0.0536972	0.000698685	0	0.240484	0.237395	0.00308888	0	0	0	
798	0.184145	0.104656	0.0791056	0.000383356	0.814107	0.462686	0.349725	0.00169481	0.000685483	0.00303051	
799	0.178739	0.130377	0.0483492	1.28701e-05	0.790205	0.576397	0.213751	5.68986e-05	1.28503e-05	5.68111e-05	
800	0.203715	0.160076	0.0436286	1.08632e-05	0.900625	0.707695	0.192881	4.80264e-05	1.08443e-05	4.79426e-05	
801	0.157315	0.0859817	0.0710291	0.000304703	0.695491	0.380124	0.314019	0.00134709	0.000609788	0.00269587	
802	0.108255	0.087066	0.0211602	2.88691e-05	0.478595	0.384918	0.0935491	0.00012763	8.69014e-05	0.00038419	
803	0.0839925	0.0839925	0	0	0.37133	0.37133	0	0	0	0	
804	0.187931	0.152284	0.0351606	0.000486019	0.830844	0.67325	0.155445	0.00214869	0.00048602	0.00214869	
805	0.191857	0.145103	0.0466522	0.000102417	0.848202	0.6415	0.206249	0.000452786	0.000105355	0.000465776	
806	0.148402	0.107827	0.0391421	0.00143258	0.656085	0.476705	0.173047	0.00633345	0.00234123	0.0103506	
807	0.12843	0.120335	0.00805974	3.55787e-05	0.56779	0.532001	0.0356321	0.000157293	4.24455e-05	0.000187651	
808	0.167304	0.15389	0.0133929	2.16642e-05	0.739653	0.680348	0.0592101	9.57776e-05	2.99514e-05	0.000132415	
809	0.169266	0.113139	0.0559999	0.000127459	0.748327	0.500189	0.247575	0.000563499	0.000181751	0.00080352	
810	0.0799218	0.0785948	0.00132287	4.12729e-06	0.353333	0.347467	0.0058484	1.82467e-05	4.10768e-06	1.816e-05	
811	0.124737	0.0979222	0.0267231	9.20281e-05	0.551463	0.432913	0.118142	0.000406856	0.000104668	0.000462737	
812	0.169543	0.113088	0.0559759	0.000478436	0.749549	0.499965	0.247469	0.00211516	0.000638667	0.00282354	
813	0.0644846	0.0644846	0	0	0.285086	0.285086	0	0	0	0	
814	0.105679	0.0821487	0.0235299	9.70027e-07	0.467209	0.363179	0.104025	4.28848e-06	1.411e-06	6.23804e-06	
815	0.149558	0.133704	0.0156449	0.000208833	0.661195	0.591106	0.0691661	0.000923253	0.000212143	0.000937883	
816	0.237807	0.157057	0.0790848	0.00166553	1.05134	0.69435	0.349633	0.00736332	0.00276808	0.0122376	
817	0.147138	0.0979585	0.0489025	0.000277287	0.650497	0.433074	0.216197	0.00122588	0.000449324	0.00198646	
818	0.176454	0.125246	0.0510736	0.000134127	0.780104	0.553714	0.225796	0.000592978	0.000707243	0.00312671	
819	0.0674878	0.0674878	0	0	0.298363	0.298363	0	0	0	0	
820	0.0933695	0.0914711	0.00189837	0	0.412786	0.404393	0.0083927	0	0	0	
821	0.0278314	0.0277792	5.22094e-05	0	0.123042	0.122812	0.000230817	0	0	0	
822	0.095496	0.0849272	0.0105687	0	0.422187	0.375463	0.0467244	0	0	0	
823	0.0624614	0.0594681	0.00296731	2.59768e-05	0.276141	0.262908	0.0131184	0.000114843	2.59573e-05	0.000114757	
824	0.120526	0.120497	2.87049e-05	0	0.532845	0.532718	0.000126904	0	0	0	
825	0.0793278	0.0791328	0.000195018	0	0.350707	0.349845	0.000862173	0	0	0	
826	0.114912	0.106895	0.00801667	0	0.508025	0.472584	0.0354416	0	0	0	
827	0.0849459	0.0847223	0.000223591	8.55352e-08	0.375545	0.374556	0.000988495	3.7815e-07	6.59005e-08	2.91346e-07	
828	0.169403	0.10439	0.0648199	0.000193139	0.74893	0.461508	0.286568	0.00085387	0.000358557	0.00158517	
829	0.133365	0.102274	0.0310904	0	0.589607	0.452156	0.13745	0	0	0	
830	0.154744	0.134865	0.0198794	0	0.684125	0.596238	0.0878869	0	0	0	
831	0.101353	0.101353	0	0	0.448081	0.448081	0	0	0	0	
832	0.0869667	0.0844397	0.00252698	0	0.384479	0.373307	0.0111717	0	0	0	
833	0.0905026	0.0890314	0.00147116	0	0.400111	0.393607	0.006504	0	0	0	
834	0.0988805	0.0985866	0.000293983	0	0.43715	0.43585	0.0012997	0	0	0	
835	0.0985937	0.0972429	0.0013508	0	0.435882	0.42991	0.00597189	0	0	0	
836	0.133109	0.116964	0.0161283	1.63064e-05	0.588476	0.517101	0.0713031	7.20909e-05	2.034e-05	8.99233e-05	
837	0.125987	0.120932	0.00503813	1.63599e-05	0.556987	0.534642	0.0222735	7.23273e-05	1.80639e-05	7.98604e-05	
838	0.145739	0.0979235	0.0477368	7.90426e-05	0.644312	0.432919	0.211044	0.000349447	7.98127e-05	0.000352851	
839	0.201326	0.153289	0.0476594	0.000377829	0.890062	0.67769	0.210702	0.00167038	0.000432247	0.00191096	
840	0.107496	0.0771041	0.0303917	1.87487e-07	0.475239	0.340877	0.134361	8.2888e-07	2.85194e-07	1.26084e-06	
841	0.113004	0.0803757	0.0326287	0	0.499592	0.35534	0.144251	0	0	0	
842	0.103925	0.0984508	0.00547433	0	0.459452	0.43525	0.024202	0	0	0	
843	0.140262	0.122048	0.0181291	8.48701e-05	0.620099	0.539575	0.080149	0.00037521	9.62394e-05	0.000425473	
844	0.115652	0.110491	0.00514861	1.19735e-05	0.511297	0.488482	0.022762	5.29348e-05	1.19539e-05	5.28482e-05	
845	0.190104	0.135166	0.0525961	0.00234273	0.840452	0.597568	0.232527	0.0103572	0.00247987	0.0109635	
846	0.101799	0.0943253	0.00747411	0	0.450054	0.417011	0.033043	0	0	0	
847	0.111674	0.0961806	0.0154804	1.39457e-05	0.493714	0.425213	0.0684388	6.16539e-05	1.39256e-05	6.15653e-05	
848	0.106586	0.103089	0.00349727	0	0.471217	0.455755	0.0154614	0	0	0	
849	0.0997706	0.0971347	0.00263505	8.89227e-07	0.441085	0.429432	0.0116495	3.93126e-06	1.32825e-06	5.87218e-06	
850	0.0808487	0.0803742	0.000474468	0	0.357431	0.355334	0.00209762	0	0	0	
851	0.0648684	0.0647582	0.000110231	0	0.286783	0.286295	0.000487334	0	0	0	
852	0.0942565	0.0850682	0.00917304	1.53093e-05	0.416707	0.376086	0.0405539	6.76825e-05	2.19748e-05	9.71506e-05	
853	0.107127	0.103772	0.00335499	0	0.473611	0.458778	0.0148324	0	0	0	
854	0.0968101	0.0948067	0.00200298	4.54783e-07	0.427997	0.41914	0.0088552	2.01059e-06	6.46308e-07	2.85732e-06	
855	0.110913	0.0935	0.0168571	0.000556619	0.490349	0.413363	0.0745253	0.00246081	0.0005566	0.00246072	
856	0.11263	0.103937	0.00869239	0	0.497936	0.459507	0.038429	0	0	0	
857	0.0635503	0.0635503	0	0	0.280955	0.280955	0	0	0	0	
858	0.101426	0.0856089	0.0158148	2.65069e-06	0.448405	0.378476	0.0699172	1.17186e-05	5.33089e-06	2.35678e-05	
859	0.123991	0.112201	0.0117897	0	0.548165	0.496043	0.0521222	0	0	0	
860	0.0930017	0.0843093	0.00869239	0	0.41116	0.37273	0.038429	0	0	0	
861	0.0865322	0.0864708	6.1414e-05	0	0.382558	0.382287	0.000271511	0	0	0	
862	0.0926672	0.0789996	0.013655	1.26131e-05	0.409681	0.349256	0.0603688	5.57627e-05	1.31704e-05	5.82263e-05	
863	0.117181	0.115257	0.00192499	0	0.51806	0.50955	0.00851037	0	0	0	
864	0.107837	0.0953412	0.012496	0	0.476748	0.421503	0.0552447	0	0	0	
865	0.117475	0.116812	0.000663686	0	0.51936	0.516426	0.00293415	0	0	0	
866	0.0766398	0.0759138	0.000725996	0	0.338824	0.335614	0.00320962	0	0	0	
867	0.0865036	0.0865036	0	0	0.382432	0.382432	0	0	0	0	
868	0.10444	0.0998676	0.00455615	1.64e-05	0.461729	0.441514	0.0201427	7.25044e-05	1.63802e-05	7.24171e-05	
869	0.0962106	0.0945355	0.00167159	3.57268e-06	0.425346	0.417941	0.00739009	1.57948e-05	3.56975e-06	1.57818e-05	
870	0.133274	0.126128	0.00714539	0	0.589205	0.557615	0.0315897	0	0	0	
871	0.108625	0.0988168	0.00980599	2.52488e-06	0.480232	0.436868	0.0433522	1.11625e-05	2.50529e-06	1.10758e-05	
872	0.0418765	0.0418765	0	0	0.185135	0.185135	0	0	0	0	
873	0.100203	0.0999285	0.000274889	0	0.442998	0.441783	0.00121528	0	0	0	
874	0.0997037	0.0908972	0.00880655	0	0.440789	0.401856	0.0389337	0	0	0	
875	0.0815178	0.0815179	0	0	0.36039	0.36039	0	0	0	0	
876	0.0444715	0.0444715	0	0	0.196608	0.196608	0	0	0	0	
877	0.0946103	0.0876651	0.00693975	5.44026e-06	0.418271	0.387567	0.0306806	2.40513e-05	6.49793e-06	2.87273e-05	
878	0.0999134	0.0994034	0.000509982	0	0.441716	0.439461	0.00225463	0	0	0	
879	0.0872762	0.0872762	0	0	0.385847	0.385847	0	0	0	0	
880	0.0915287	0.0877294	0.00379931	0	0.404647	0.387851	0.0167967	0	0	0	
881	0.0803621	0.0793745	0.000986007	1.61036e-06	0.35528	0.350914	0.00435913	7.11941e-06	1.59073e-06	7.03264e-06	
882	0.0930133	0.0895055	0.00350586	2.04873e-06	0.411211	0.395703	0.0154993	9.05745e-06	2.02921e-06	8.97115e-06	
883	0.0593024	0.0593024	0	0	0.262175	0.262175	0	0	0	0	
884	0.0788664	0.0788664	0	0	0.348668	0.348668	0	0	0	0	
885	0.0895904	0.0895904	0	0	0.396079	0.396079	0	0	0	0	
886	0.102602	0.101805	0.000797177	0	0.453604	0.450079	0.00352431	0	0	0	
887	0.0661669	0.0661669	0	0	0.292523	0.292523	0	0	0	0	
888	0.0969078	0.0969078	0	0	0.428429	0.428429	0	0	0	0	
889	0.0661469	0.0646786	0.00146825	0	0.292435	0.285944	0.00649115	0	0	0	
890	0.0958567	0.0917219	0.00412235	1.23954e-05	0.423781	0.405502	0.0182249	5.48003e-05	1.23759e-05	5.47141e-05	
891	0.0419892	0.0413104	0.000678838	0	0.185634	0.182633	0.00300114	0	0	0	
892	0.0586023	0.0586023	0	0	0.25908	0.25908	0	0	0	0	
893	0.0869764	0.0869764	0	0	0.384522	0.384522	0	0	0	0	
894	0.0838554	0.0838554	0	0	0.370724	0.370724	0	0	0	0	
895	0.0801178	0.0801178	0	0	0.3542	0.3542	0	0	0	0	
896	0.0789094	0.0789094	0	0	0.348858	0.348858	0	0	0	0	
897	0.0729225	0.0717861	0.00113646	0	0.32239	0.317366	0.00502429	0	0	0	
898	0.0732265	0.0732265	0	0	0.323734	0.323734	0	0	0	0	
899	0.0983857	0.0958116	0.00257404	0	0.434962	0.423582	0.0113798	0	0	0	
900	0.0819772	0.0819772	0	0	0.36242	0.36242	0	0	0	0	
901	0.173721	0.112555	0.0603406	0.000824863	0.76802	0.497607	0.266765	0.00364671	0.00102403	0.00452724	
902	0.0756678	0.0753369	0.000330929	0	0.334527	0.333064	0.00146303	0	0	0	
903	0.20423	0.116435	0.083399	0.00439593	0.9029	0.514759	0.368706	0.0194344	0.00980576	0.0433512	
904	0.0679819	0.0679819	0	0	0.300547	0.300547	0	0	0	0	
905	0.156591	0.0931497	0.0634413	0	0.692288	0.411814	0.280473	0	0	0	
906	0.184348	0.131072	0.052666	0.000610411	0.815003	0.579468	0.232836	0.00269862	0.000610391	0.00269853	
907	0.0806481	0.0806256	2.24734e-05	0	0.356545	0.356445	9.93549e-05	0	0	0	
908	0.113132	0.0996779	0.013454	3.10965e-07	0.500157	0.440675	0.0594802	1.37477e-06	1.67012e-06	7.38359e-06	
909	0.106747	0.105965	0.000782816	0	0.471931	0.46847	0.00346082	0	0	0	
910	0.113108	0.0905812	0.0225273	0	0.500052	0.400459	0.0995934	0	0	0	
911	0.119316	0.107116	0.0120457	0.000153837	0.527496	0.473562	0.053254	0.000680115	0.000160542	0.000709758	
912	0.105524	0.0963514	0.00910013	7.34796e-05	0.466525	0.425968	0.0402316	0.000324853	7.346e-05	0.000324766	
913	0.11398	0.0991944	0.0147691	1.72251e-05	0.503908	0.438537	0.0652941	7.61522e-05	1.72053e-05	7.60648e-05	
914	0.0770864	0.0770864	0	0	0.340798	0.340798	0	0	0	0	
915	0.109301	0.0921879	0.0171031	1.02074e-05	0.48322	0.407562	0.0756129	4.51268e-05	1.06025e-05	4.68737e-05	
916	0.107402	0.107402	0	0	0.474825	0.474825	0	0	0	0	
917	0.117594	0.0930587	0.0245242	1.15577e-05	0.519885	0.411412	0.108421	5.10967e-05	3.76612e-05	0.0001665	
918	0.123282	0.089416	0.0337079	0.000158329	0.54503	0.395307	0.149022	0.000699972	0.000227768	0.00100696	
919	0.0912205	0.0866951	0.00452535	0	0.403285	0.383278	0.0200065	0	0	0	
920	0.116799	0.0862585	0.0304155	0.000125928	0.516371	0.381348	0.134466	0.00055673	0.000176881	0.000781992	
921	0.0385163	0.0385163	0	0	0.17028	0.17028	0	0	0	0	
922	0.0193492	0.0192473	0.000101845	0	0.0855428	0.0850925	0.000450259	0	0	0	
923	0.0600586	0.0595188	0.00053982	0	0.265518	0.263132	0.00238654	0	0	0	
924	0.0586615	0.0519702	0.00664008	5.12525e-05	0.259342	0.22976	0.0293557	0.000226587	5.12325e-05	0.000226498	
925	0.0475867	0.0450842	0.00248555	1.69735e-05	0.21038	0.199317	0.0109886	7.50401e-05	1.69539e-05	7.49534e-05	
926	0.0644581	0.0591546	0.00530349	0	0.284968	0.261522	0.0234467	0	0	0	
927	0.0789975	0.0777293	0.00126826	0	0.349247	0.34364	0.00560698	0	0	0	
928	0.0996515	0.0956843	0.00396714	0	0.440558	0.423019	0.0175387	0	0	0	
929	0.0459125	0.0432499	0.00264314	1.94134e-05	0.202978	0.191207	0.0116853	8.58268e-05	1.93938e-05	8.57403e-05	
930	0.0768092	0.0752055	0.00160361	0	0.339573	0.332483	0.00708956	0	0	0	
931	0.0923988	0.0830661	0.00929297	3.98262e-05	0.408494	0.367234	0.0410841	0.000176071	3.98066e-05	0.000175984	
932	0.0858387	0.0846369	0.00120179	0	0.379492	0.374179	0.00531314	0	0	0	
933	0.048001	0.048001	0	0	0.212212	0.212212	0	0	0	0	
934	0.0468127	0.0457344	0.00107831	0	0.206958	0.202191	0.00476724	0	0	0	
935	0.0890692	0.0781831	0.010843	4.31125e-05	0.393774	0.345647	0.0479369	0.0001906	4.56436e-05	0.00020179	
936	0.0774494	0.0762725	0.0011769	0	0.342403	0.3372	0.00520309	0	0	0	
937	0.06227	0.06227	0	0	0.275295	0.275295	0	0	0	0	
938	0.0677415	0.0677415	0	0	0.299484	0.299484	0	0	0	0	
939	0.0733545	0.0733545	0	0	0.324299	0.324299	0	0	0	0	
940	0.0759193	0.074949	0.000970284	0	0.335638	0.331349	0.00428962	0	0	0	
941	0.0691575	0.0691575	0	0	0.305744	0.305744	0	0	0	0	
942	0.0712809	0.0712809	0	0	0.315132	0.315132	0	0	0	0	
943	0.0807355	0.0807355	0	0	0.356931	0.356931	0	0	0	0	
944	0.0640164	0.0640164	0	0	0.283016	0.283016	0	0	0	0	
945	0.0637343	0.0637343	0	0	0.281769	0.281769	0	0	0	0	
946	0.0660461	0.0660461	0	0	0.291989	0.291989	0	0	0	0	
947	0.0964379	0.0964379	0	0	0.426351	0.426351	0	0	0	0	
948	0.0641693	0.054613	0.00955622	0	0.283692	0.241444	0.042248	0	0	0	
949	0.0651625	0.0651625	0	0	0.288083	0.288083	0	0	0	0	
950	0.0866878	0.0866878	0	0	0.383246	0.383246	0	0	0	0	
951	0.116826	0.116826	0	0	0.516488	0.516488	0	0	0	0	
952	0.0508257	0.0498554	0.000970284	0	0.2247	0.22041	0.00428962	0	0	0	
953	0.0536889	0.0536889	0	0	0.237358	0.237358	0	0	0	0	
954	0.087599	0.0870299	0.000569114	0	0.387275	0.384759	0.00251605	0	0	0	
955	0.0897347	0.0897347	0	0	0.396716	0.396716	0	0	0	0	
956	0.0522294	0.0500622	0.00216717	0	0.230905	0.221324	0.00958107	0	0	0	
957	0.0795479	0.0795479	0	0	0.351681	0.351681	0	0	0	0	
958	0.0803629	0.0698148	0.010548	0	0.355284	0.308651	0.0466328	0	0	0	
959	0.0915952	0.0915952	0	0	0.404941	0.404941	0	0	0	0	
960	0.0570701	0.0570701	0	0	0.252306	0.252306	0	0	0	0	
961	0.0772085	0.0754571	0.00175139	0	0.341338	0.333595	0.00774291	0	0	0	
962	0.0988028	0.0986483	0.000154501	0	0.436806	0.436123	0.000683049	0	0	0	
963	0.14688	0.146725	0.000154501	0	0.649356	0.648673	0.000683049	0	0	0	
964	0.105607	0.105038	0.000569114	0	0.466891	0.464375	0.00251605	0	0	0	
965	0.155303	0.0968475	0.0584555	0	0.686594	0.428162	0.258431	0	0	0	
966	0.160772	0.102316	0.0584555	0	0.710773	0.452342	0.258431	0	0	0	
967	0.0446187	0.0446187	0	0	0.197259	0.197259	0	0	0	0	
968	0.0711186	0.0711186	0	0	0.314415	0.314415	0	0	0	0	
969	0.192694	0.179002	0.013692	0	0.851902	0.79137	0.0605323	0	0	0	
970	0.192203	0.174772	0.0173868	4.38887e-05	0.84973	0.772669	0.0768672	0.000194031	5.11458e-05	0.000226115	
