Node	dPC	dPCintra	dPCflux	dPCconnector	varPC	varPCintra	varPCflux	varPCconnector	dBC_PC	varBC_PC	
1	0.172487	0.165065	0.00742185	2.77602e-08	0.769751	0.736629	0.0331211	1.23884e-07	8.14515e-09	3.6349e-08	
2	0.0908967	0.0830926	0.00779749	6.57766e-06	0.40564	0.370813	0.0347975	2.93538e-05	6.5582e-06	2.9267e-05	
3	0.0928182	0.0814026	0.0114121	3.48689e-06	0.414215	0.363271	0.0509285	1.55608e-05	4.60695e-06	2.05592e-05	
4	0.0571451	0.0571451	0	0	0.255019	0.255019	0	0	0	0	
5	0.112615	0.105743	0.0068715	5.56698e-07	0.502562	0.471894	0.0306651	2.48435e-06	8.66551e-07	3.86712e-06	
6	0.0901576	0.0890662	0.00109121	2.09253e-07	0.402342	0.397471	0.0048697	9.33825e-07	1.8958e-07	8.46032e-07	
7	0.0866225	0.0857836	0.00083801	9.63045e-07	0.386566	0.382822	0.00373975	4.29773e-06	9.56395e-07	4.26806e-06	
8	0.123501	0.102516	0.0209848	0	0.551142	0.457494	0.0936481	0	0	0	
9	0.0882479	0.0862107	0.00203717	0	0.39382	0.384729	0.00909122	0	0	0	
10	0.0614038	0.0590608	0.0023354	7.63045e-06	0.274024	0.263568	0.0104221	3.40521e-05	8.21968e-06	3.66816e-05	
11	0.0851687	0.0788321	0.00633661	0	0.380078	0.3518	0.0282781	0	0	0	
12	0.0971206	0.0941443	0.00297562	7.02198e-07	0.433415	0.420133	0.0132791	3.13366e-06	6.82598e-07	3.0462e-06	
13	0.102714	0.102714	0	0	0.458377	0.458377	0	0	0	0	
14	0.0831868	0.0831868	0	0	0.371234	0.371234	0	0	0	0	
15	0.0939972	0.0924803	0.00151519	1.66701e-06	0.419477	0.412708	0.00676177	7.43932e-06	1.64733e-06	7.35147e-06	
16	0.0730949	0.0730949	0	0	0.326197	0.326197	0	0	0	0	
17	0.0863132	0.0842757	0.0020375	0	0.385186	0.376093	0.00909266	0	0	0	
18	0.0739379	0.0719684	0.00196945	0	0.329959	0.32117	0.00878899	0	0	0	
19	0.0870266	0.0840893	0.00293728	0	0.388369	0.375261	0.013108	0	0	0	
20	0.0591175	0.058972	0.000145488	0	0.263821	0.263171	0.000649265	0	0	0	
21	0.086068	0.0815439	0.00452418	0	0.384092	0.363902	0.0201898	0	0	0	
22	0.0899489	0.0873497	0.002593	6.17006e-06	0.401411	0.389811	0.0115716	2.75348e-05	6.15039e-06	2.7447e-05	
23	0.100148	0.0947243	0.00541437	9.96528e-06	0.446928	0.422722	0.0241624	4.44716e-05	1.0908e-05	4.86786e-05	
24	0.0649279	0.0649279	0	0	0.289751	0.289751	0	0	0	0	
25	0.120898	0.115243	0.0056489	6.08152e-06	0.539528	0.514291	0.0252091	2.71397e-05	6.13324e-06	2.73705e-05	
26	0.0857773	0.0840723	0.00170504	0	0.382794	0.375185	0.00760901	0	0	0	
27	0.0868389	0.0760447	0.0105576	0.000236618	0.387532	0.339361	0.0471151	0.00105594	0.000240186	0.00107187	
28	0.0619595	0.0619595	0	0	0.276504	0.276504	0	0	0	0	
29	0.108786	0.101022	0.00776414	0	0.485478	0.450829	0.0346486	0	0	0	
30	0.170512	0.148474	0.0219051	0.000132675	0.760939	0.662592	0.0977552	0.000592086	0.000133341	0.000595058	
31	0.145246	0.138073	0.00717214	9.17888e-07	0.648184	0.616173	0.0320068	4.09622e-06	8.98526e-07	4.00981e-06	
32	0.143989	0.138535	0.0054532	8.10982e-07	0.642575	0.618236	0.0243357	3.61913e-06	7.91448e-07	3.53196e-06	
33	0.0785394	0.0764587	0.00208068	0	0.350494	0.341209	0.0092854	0	0	0	
34	0.104607	0.0969158	0.00768976	1.44661e-06	0.466825	0.432502	0.0343167	6.45575e-06	4.22918e-06	1.88733e-05	
35	0.0734174	0.060815	0.0126023	0	0.327636	0.271396	0.0562401	0	0	0	
36	0.0841799	0.0809615	0.00321841	0	0.375666	0.361303	0.0143626	0	0	0	
37	0.170527	0.0947527	0.0746736	0.00110087	0.761004	0.422848	0.333242	0.00491282	0.00590854	0.0263678	
38	0.0792906	0.0782254	0.0010651	1.2566e-07	0.353846	0.349093	0.0047532	5.60778e-07	1.43106e-07	6.38633e-07	
39	0.0898174	0.0836974	0.00611516	4.84087e-06	0.400824	0.373513	0.0272898	2.16031e-05	6.18863e-06	2.76177e-05	
40	0.102888	0.100707	0.00217951	1.29415e-06	0.459156	0.449424	0.00972643	5.77538e-06	1.28094e-06	5.71641e-06	
41	0.100378	0.0956948	0.00468336	0	0.447953	0.427053	0.0209002	0	0	0	
42	0.0745681	0.0737573	0.000810854	0	0.332772	0.329153	0.00361856	0	0	0	
43	0.060322	0.0551969	0.00512503	0	0.269196	0.246325	0.0228712	0	0	0	
44	0.0654342	0.0644442	0.00098992	0	0.29201	0.287592	0.00441767	0	0	0	
45	0.0580678	0.0520128	0.00605012	4.86357e-06	0.259136	0.232115	0.0269996	2.17044e-05	7.76226e-06	3.46403e-05	
46	0.0933256	0.0849177	0.00840683	1.00951e-06	0.41648	0.378958	0.0375167	4.50511e-06	1.41382e-06	6.30942e-06	
47	0.135728	0.134519	0.0012094	0	0.605709	0.600312	0.00539717	0	0	0	
48	0.105685	0.084822	0.0208631	0	0.471636	0.378531	0.0931049	0	0	0	
49	0.169729	0.157983	0.0117341	1.19549e-05	0.757444	0.705025	0.0523656	5.33507e-05	1.8323e-05	8.17694e-05	
50	0.102195	0.095038	0.00715147	5.87092e-06	0.456062	0.424122	0.0319145	2.61999e-05	1.39939e-05	6.24503e-05	
51	0.0844694	0.0844656	3.85934e-06	0	0.376958	0.376941	1.72229e-05	0	0	0	
52	0.0786381	0.0760539	0.00258423	0	0.350935	0.339402	0.0115325	0	0	0	
53	0.0972697	0.09474	0.00252167	8.04297e-06	0.434081	0.422792	0.0112533	3.5893e-05	8.43373e-06	3.76368e-05	
54	0.0933779	0.0905411	0.00283663	1.69443e-07	0.416713	0.404053	0.0126589	7.56166e-07	1.50867e-07	6.73268e-07	
55	0.0978426	0.092546	0.00529661	0	0.436637	0.413	0.0236369	0	0	0	
56	0.120807	0.111789	0.00901749	0	0.539121	0.498879	0.0402419	0	0	0	
57	0.1023	0.100548	0.00175181	4.77196e-07	0.456532	0.448712	0.00781773	2.12956e-06	4.57846e-07	2.04321e-06	
58	0.121961	0.091144	0.0308082	9.16152e-06	0.544272	0.406744	0.137486	4.08847e-05	2.47446e-05	0.000110426	
59	0.173419	0.111836	0.0615494	3.3909e-05	0.773913	0.499087	0.274673	0.000151324	9.1305e-05	0.000407462	
60	0.074726	0.0734643	0.00126176	0	0.333476	0.327845	0.00563082	0	0	0	
61	0.0871971	0.0869759	0.000221116	4.70879e-08	0.38913	0.388143	0.000986766	2.10137e-07	2.76078e-08	1.23204e-07	
62	0.100405	0.0932461	0.00714998	9.34027e-06	0.448074	0.416125	0.0319079	4.16824e-05	1.17479e-05	5.2427e-05	
63	0.123069	0.0937299	0.0293249	1.49782e-05	0.549218	0.418284	0.130867	6.68427e-05	4.27197e-05	0.000190643	
64	0.0985851	0.0966298	0.00195284	2.51262e-06	0.439951	0.431225	0.00871486	1.12129e-05	2.49296e-06	1.11252e-05	
65	0.111978	0.102369	0.0095867	2.24087e-05	0.499719	0.456837	0.0427821	0.000100002	2.69132e-05	0.000120104	
66	0.112932	0.100725	0.0122069	0	0.503976	0.449501	0.0544754	0	0	0	
67	0.167988	0.13706	0.0308538	7.34516e-05	0.749672	0.611654	0.13769	0.000327789	0.000123084	0.000549283	
68	0.106222	0.0797028	0.0264805	3.86585e-05	0.474032	0.355686	0.118173	0.000172519	6.01456e-05	0.000268409	
69	0.115605	0.11352	0.00208463	6.08672e-07	0.515909	0.506603	0.009303	2.71629e-06	7.03519e-07	3.13956e-06	
70	0.0780726	0.0761913	0.00188125	0	0.348411	0.340015	0.0083954	0	0	0	
71	0.0671274	0.0440939	0.0230335	0	0.299566	0.196775	0.10279	0	0	0	
72	0.171253	0.1292	0.0419731	7.99964e-05	0.764244	0.576575	0.187311	0.000356996	0.000118394	0.000528352	
73	0.0783316	0.059532	0.0187995	0	0.349566	0.265671	0.0838959	0	0	0	
74	0.142574	0.10576	0.0366349	0.000178729	0.63626	0.471973	0.163489	0.000797607	0.000213246	0.000951645	
75	0.189013	0.142499	0.0459273	0.000586468	0.843502	0.635927	0.204957	0.0026172	0.000707601	0.00315777	
76	0.152182	0.139959	0.0120832	0.000138867	0.679135	0.624593	0.0539232	0.000619719	0.000142097	0.000634133	
77	0.0889621	0.0887481	0.000214025	0	0.397007	0.396052	0.000955122	0	0	0	
78	0.150811	0.0977626	0.0529885	5.98428e-05	0.673017	0.436281	0.236469	0.000267057	6.76291e-05	0.000301805	
79	0.159773	0.135696	0.0240069	7.00595e-05	0.713015	0.605568	0.107134	0.000312651	0.000141457	0.000631277	
80	0.13809	0.123927	0.0141411	2.20409e-05	0.616249	0.553044	0.063107	9.83612e-05	2.60508e-05	0.000116255	
81	0.108026	0.10517	0.00285632	0	0.482084	0.469337	0.0127468	0	0	0	
82	0.246292	0.159518	0.0858233	0.000950918	1.09911	0.711875	0.383	0.00424362	0.00148623	0.00663257	
83	0.160239	0.12392	0.0362054	0.000113444	0.715091	0.553012	0.161572	0.000506261	0.000120547	0.000537962	
84	0.121953	0.0952059	0.0267477	0	0.544237	0.424871	0.119365	0	0	0	
85	0.14291	0.100076	0.0428334	0	0.637759	0.446609	0.19115	0	0	0	
86	0.168106	0.14472	0.0231958	0.000189494	0.750199	0.645839	0.103514	0.000845647	0.000254265	0.00113469	
87	0.0820954	0.0768157	0.00527974	0	0.366363	0.342802	0.0235616	0	0	0	
88	0.0827857	0.0807978	0.00198688	9.58898e-07	0.369444	0.360573	0.00886676	4.27923e-06	9.39245e-07	4.19152e-06	
89	0.0766407	0.0761707	0.000470015	0	0.342021	0.339923	0.00209751	0	0	0	
90	0.109148	0.0977949	0.011348	5.46046e-06	0.487091	0.436425	0.0506422	2.43681e-05	7.3693e-06	3.28866e-05	
91	0.103649	0.101331	0.00231776	4.68207e-07	0.462552	0.452207	0.0103433	2.08944e-06	8.45725e-07	3.77418e-06	
92	0.0850133	0.0830102	0.00200306	0	0.379385	0.370446	0.00893898	0	0	0	
93	0.0942586	0.0893557	0.00489788	5.03284e-06	0.420644	0.398764	0.0218575	2.24598e-05	7.03833e-06	3.14096e-05	
94	0.0874798	0.0849	0.00257976	0	0.390392	0.378879	0.0115125	0	0	0	
95	0.151986	0.130169	0.0218137	2.68074e-06	0.678261	0.580902	0.0973472	1.19632e-05	2.92216e-06	1.30405e-05	
96	0.202974	0.157984	0.0448916	9.782e-05	0.905803	0.70503	0.200336	0.000436537	0.000113567	0.000506812	
97	0.114668	0.0937707	0.0208833	1.43202e-05	0.511725	0.418466	0.0931953	6.39062e-05	2.29485e-05	0.000102411	
98	0.103866	0.0887287	0.015112	2.54465e-05	0.463519	0.395965	0.06744	0.000113559	2.77161e-05	0.000123687	
99	0.105326	0.0994803	0.00584472	1.46622e-06	0.470035	0.443946	0.0260829	6.54327e-06	1.54569e-06	6.89791e-06	
100	0.0951292	0.0914595	0.00366037	9.35199e-06	0.424529	0.408152	0.016335	4.17347e-05	9.8152e-06	4.38018e-05	
101	0.145124	0.143488	0.00163599	0	0.64764	0.640339	0.00730088	0	0	0	
102	0.148746	0.106659	0.0420313	5.63399e-05	0.663805	0.475982	0.187571	0.000251425	7.17619e-05	0.000320248	
103	0.0768547	0.0729092	0.00394557	0	0.342976	0.325368	0.0176077	0	0	0	
104	0.112134	0.0828347	0.029263	3.65628e-05	0.500416	0.369662	0.13059	0.000163167	4.72661e-05	0.000210932	
105	0.0937742	0.0857356	0.00795031	8.82888e-05	0.418482	0.382608	0.0354795	0.000394002	0.000107557	0.000479991	
106	0.143913	0.110906	0.0329969	1.01866e-05	0.642237	0.494938	0.147254	4.54597e-05	1.71971e-05	7.67448e-05	
107	0.221655	0.145868	0.0753588	0.000428027	0.98917	0.65096	0.3363	0.00191013	0.000502648	0.00224314	
108	0.106692	0.0963693	0.0103046	1.87352e-05	0.476132	0.430063	0.0459861	8.36089e-05	2.09369e-05	9.34342e-05	
109	0.13582	0.107492	0.0281088	0.00021846	0.606118	0.479703	0.12544	0.000974913	0.000288281	0.0012865	
110	0.117523	0.108011	0.00951177	0	0.524466	0.482018	0.0424477	0	0	0	
111	0.102911	0.0956913	0.00721305	6.90921e-06	0.459257	0.427037	0.0321893	3.08334e-05	1.39083e-05	6.20679e-05	
112	0.102347	0.0942737	0.00807341	0	0.45674	0.420711	0.0360288	0	0	0	
113	0.0960103	0.0912588	0.00474359	7.95716e-06	0.428461	0.407256	0.021169	3.55101e-05	1.34059e-05	5.98259e-05	
114	0.161396	0.123456	0.0372236	0.000716317	0.720258	0.550944	0.166116	0.00319667	0.000802082	0.00357941	
115	0.116977	0.106214	0.0107517	1.15961e-05	0.522032	0.473999	0.0479814	5.17495e-05	1.1843e-05	5.28516e-05	
116	0.120278	0.113719	0.00655273	6.66536e-06	0.536761	0.507489	0.0292425	2.97452e-05	7.34134e-06	3.27619e-05	
117	0.110003	0.0963118	0.0136915	0	0.490907	0.429806	0.0611006	0	0	0	
118	0.102581	0.101037	0.00154372	4.20509e-07	0.457786	0.450895	0.00688909	1.87659e-06	8.70104e-07	3.88297e-06	
119	0.117889	0.112919	0.00496919	0	0.526098	0.503922	0.0221758	0	0	0	
120	0.112473	0.0955879	0.0167996	8.59427e-05	0.50193	0.426576	0.0749708	0.000383532	0.000123522	0.000551238	
121	0.0896378	0.0838433	0.00579449	0	0.400022	0.374163	0.0258588	0	0	0	
122	0.177457	0.156752	0.0206258	7.92029e-05	0.791929	0.69953	0.0920462	0.000353455	0.000143971	0.000642494	
123	0.110591	0.106348	0.00424083	2.02289e-06	0.49353	0.474595	0.0189253	9.02749e-06	3.77718e-06	1.68562e-05	
124	0.150542	0.0957787	0.0537661	0.000997255	0.671817	0.427427	0.239939	0.0044504	0.00280753	0.012529	
125	0.107099	0.102778	0.00432051	0	0.477948	0.458667	0.0192809	0	0	0	
126	0.12891	0.103724	0.0249011	0.000285275	0.575284	0.462886	0.111125	0.00127308	0.000388437	0.00173346	
127	0.202871	0.190458	0.0123977	1.56563e-05	0.905345	0.849949	0.0553269	6.98688e-05	1.7727e-05	7.91098e-05	
128	0.12849	0.119928	0.00856136	5.44718e-07	0.573408	0.5352	0.0382064	2.43088e-06	5.25718e-07	2.3461e-06	
129	0.121937	0.117341	0.00459569	0	0.544165	0.523656	0.0205089	0	0	0	
130	0.100575	0.0956634	0.00490548	6.21677e-06	0.448832	0.426912	0.0218914	2.77433e-05	7.52797e-06	3.35947e-05	
131	0.129874	0.123881	0.00599115	1.75772e-06	0.579584	0.55284	0.0267364	7.8441e-06	2.12128e-06	9.46655e-06	
132	0.118875	0.0846465	0.0342272	1.88861e-06	0.530501	0.377748	0.152744	8.42822e-06	6.40375e-06	2.85777e-05	
133	0.128193	0.110145	0.0179428	0.000105795	0.572084	0.491539	0.0800726	0.00047213	0.000140437	0.000626724	
134	0.0961577	0.0950634	0.00109425	0	0.429118	0.424235	0.00488328	0	0	0	
135	0.0701309	0.0701309	0	0	0.31297	0.31297	0	0	0	0	
136	0.107812	0.102888	0.00492192	1.85821e-06	0.481129	0.459156	0.0219648	8.29257e-06	2.66007e-06	1.18709e-05	
137	0.114158	0.101503	0.0125911	6.37947e-05	0.509449	0.452975	0.05619	0.000284693	8.64296e-05	0.000385705	
138	0.10988	0.103719	0.00615644	4.38721e-06	0.490359	0.462865	0.027474	1.95786e-05	5.00758e-06	2.23471e-05	
139	0.108453	0.10557	0.00288166	1.13821e-06	0.48399	0.471125	0.0128598	5.07946e-06	1.40632e-06	6.27592e-06	
140	0.138201	0.120329	0.0178081	6.40383e-05	0.616746	0.536989	0.0794714	0.00028578	8.27961e-05	0.00036949	
141	0.0960689	0.0924673	0.00360059	9.98404e-07	0.428722	0.41265	0.0160682	4.45553e-06	2.28384e-06	1.0192e-05	
142	0.0852566	0.0829317	0.00232486	0	0.38047	0.370095	0.010375	0	0	0	
143	0.154832	0.153873	0.000959261	0	0.690963	0.686683	0.00428085	0	0	0	
144	0.100538	0.0981768	0.00236164	0	0.448668	0.438129	0.0105392	0	0	0	
145	0.0896573	0.0862545	0.00340052	2.28339e-06	0.400109	0.384924	0.0151753	1.01899e-05	3.08001e-06	1.3745e-05	
146	0.0624091	0.0608304	0.00157876	0	0.27851	0.271465	0.00704548	0	0	0	
147	0.0743112	0.072279	0.00203219	0	0.331625	0.322556	0.009069	0	0	0	
148	0.111427	0.107202	0.0042246	0	0.497261	0.478408	0.0188529	0	0	0	
149	0.115026	0.0993515	0.015648	2.74279e-05	0.513325	0.443371	0.0698318	0.000122401	3.23232e-05	0.000144247	
150	0.0914146	0.0821426	0.00926863	3.36906e-06	0.407951	0.366574	0.0413627	1.50349e-05	3.34927e-06	1.49466e-05	
151	0.130507	0.123756	0.00672676	2.3553e-05	0.582408	0.552284	0.0300192	0.000105108	3.00072e-05	0.000133912	
152	0.0916007	0.084301	0.00729924	5.29082e-07	0.408782	0.376206	0.032574	2.36111e-06	1.9453e-06	8.68124e-06	
153	0.139121	0.134882	0.00423892	0	0.620851	0.601934	0.0189168	0	0	0	
154	0.101436	0.0971889	0.00424757	3.94384e-07	0.452677	0.43372	0.0189554	1.76e-06	4.81235e-07	2.14759e-06	
155	0.108209	0.0913626	0.0168244	2.23907e-05	0.482901	0.407719	0.0750815	9.9922e-05	2.61473e-05	0.000116686	
156	0.10405	0.0942576	0.00978223	1.04523e-05	0.46434	0.420639	0.0436547	4.66451e-05	1.59445e-05	7.1155e-05	
157	0.0885612	0.0878961	0.000665105	0	0.395218	0.39225	0.00296813	0	0	0	
158	0.112254	0.102976	0.00925806	1.99227e-05	0.500953	0.459549	0.0413155	8.89084e-05	2.15336e-05	9.60971e-05	
159	0.107733	0.0987701	0.00895921	3.84699e-06	0.480776	0.440777	0.0399818	1.71678e-05	7.79395e-06	3.47817e-05	
160	0.169105	0.155043	0.0140622	0	0.75466	0.691905	0.0627551	0	0	0	
161	0.222488	0.173123	0.0493281	3.64212e-05	0.992887	0.77259	0.220134	0.000162535	6.08568e-05	0.000271583	
162	0.119714	0.0938381	0.0257935	8.27439e-05	0.534244	0.418767	0.115107	0.000369257	9.45566e-05	0.000421973	
163	0.0893404	0.0782191	0.0110014	0.000119891	0.398695	0.349065	0.0490954	0.000535032	0.000119871	0.000534945	
164	0.126189	0.0893762	0.0368136	0	0.563142	0.398855	0.164286	0	0	0	
165	0.152209	0.114777	0.0370234	0.000408085	0.679257	0.512213	0.165223	0.00182114	0.000541984	0.00241868	
166	0.100551	0.097056	0.00349517	0	0.448725	0.433127	0.0155977	0	0	0	
167	0.103464	0.0967536	0.0066914	1.95801e-05	0.461726	0.431778	0.0298614	8.73795e-05	2.33073e-05	0.000104012	
168	0.104436	0.0976955	0.00673822	2.39285e-06	0.466062	0.435981	0.0300703	1.06785e-05	4.60765e-06	2.05623e-05	
169	0.0967988	0.0944302	0.00236564	2.93087e-06	0.431979	0.421409	0.010557	1.30794e-05	2.91287e-06	1.29991e-05	
170	0.148413	0.108281	0.0390546	0.00107755	0.662317	0.483221	0.174287	0.00480876	0.00122243	0.00545529	
171	0.217796	0.194664	0.0231253	6.96944e-06	0.971952	0.86872	0.1032	3.11022e-05	1.12712e-05	5.02998e-05	
172	0.129271	0.121717	0.00755473	0	0.576895	0.543181	0.0337142	0	0	0	
173	0.173601	0.135224	0.0381501	0.000227436	0.774725	0.603459	0.17025	0.00101497	0.000270699	0.00120804	
174	0.118835	0.112871	0.00596437	1.05368e-07	0.530323	0.503706	0.0266169	4.70224e-07	8.75858e-07	3.90865e-06	
175	0.108536	0.09594	0.0125959	0	0.484359	0.428147	0.0562116	0	0	0	
176	0.107933	0.0945321	0.0133176	8.41806e-05	0.481671	0.421864	0.0594321	0.000375669	0.000109362	0.000488046	
177	0.176485	0.141343	0.0347008	0.000441673	0.787594	0.630765	0.154857	0.00197103	0.00076547	0.00341603	
178	0.133229	0.10609	0.0270983	4.01289e-05	0.594556	0.473446	0.12093	0.000179081	6.61141e-05	0.000295044	
179	0.182041	0.139985	0.0416714	0.000384775	0.812389	0.624706	0.185965	0.00171711	0.000511584	0.00228302	
180	0.111953	0.101116	0.0108069	3.05718e-05	0.499611	0.451247	0.0482278	0.000136431	3.96996e-05	0.000177165	
181	0.130961	0.124943	0.00601728	5.31598e-07	0.584433	0.557578	0.026853	2.37234e-06	1.42345e-06	6.35239e-06	
182	0.100994	0.0991143	0.00188044	0	0.450705	0.442313	0.00839178	0	0	0	
183	0.115411	0.11118	0.00423093	0	0.515039	0.496158	0.0188812	0	0	0	
184	0.0934239	0.0877546	0.00566679	2.54345e-06	0.416918	0.391618	0.0252889	1.13505e-05	3.10132e-06	1.38401e-05	
185	0.0924868	0.0823258	0.010161	0	0.412736	0.367391	0.045345	0	0	0	
186	0.149511	0.113456	0.0360432	1.14638e-05	0.667216	0.506316	0.160848	5.11592e-05	1.34577e-05	6.00572e-05	
187	0.0911864	0.0880043	0.00316748	1.46326e-05	0.406933	0.392732	0.0141353	6.53003e-05	1.50549e-05	6.71848e-05	
188	0.0864188	0.0804296	0.00598254	6.62526e-06	0.385657	0.358929	0.026698	2.95662e-05	7.2292e-06	3.22614e-05	
189	0.107573	0.101979	0.00559395	0	0.480062	0.455098	0.0249639	0	0	0	
190	0.0717715	0.0591957	0.0125757	0	0.320291	0.26417	0.0561212	0	0	0	
191	0.35159	0.212688	0.135523	0.00337825	1.56902	0.949155	0.604795	0.0150759	0.00384641	0.0171652	
192	0.0727666	0.0727666	0	0	0.324732	0.324732	0	0	0	0	
193	0.118047	0.118047	0	0	0.526805	0.526805	0	0	0	0	
194	0.162401	0.120704	0.0415956	0.000100512	0.724739	0.538664	0.185626	0.000448553	0.00014922	0.000665919	
195	0.0887776	0.0883483	0.000429285	0	0.396184	0.394268	0.00191575	0	0	0	
196	0.0891229	0.0891229	0	0	0.397725	0.397725	0	0	0	0	
197	0.0716408	0.0558543	0.0157648	2.17363e-05	0.319708	0.249258	0.0703528	9.70017e-05	5.69141e-05	0.000253988	
198	0.155024	0.113954	0.0408108	0.000259747	0.691822	0.508538	0.182124	0.00115916	0.000374222	0.00167002	
199	0.147036	0.113991	0.0330448	0	0.656172	0.508704	0.147467	0	0	0	
200	0.116095	0.0869487	0.0291469	0	0.518095	0.388022	0.130072	0	0	0	
201	0.163912	0.100281	0.0625125	0.00111807	0.731482	0.447521	0.278972	0.00498958	0.00253183	0.0112987	
202	0.105535	0.105535	0	0	0.470968	0.470968	0	0	0	0	
203	0.0987355	0.0942005	0.00453502	0	0.440622	0.420384	0.0202382	0	0	0	
204	0.178456	0.133356	0.0445913	0.000508971	0.79639	0.595122	0.198995	0.00227136	0.000832925	0.00371705	
205	0.116925	0.0895644	0.0273168	4.43797e-05	0.521799	0.399695	0.121905	0.000198051	5.0269e-05	0.000224333	
206	0.187909	0.148834	0.0389133	0.000161406	0.838576	0.664198	0.173657	0.000720301	0.000295532	0.00131886	
207	0.0689399	0.0517305	0.0172078	1.57506e-06	0.307655	0.230855	0.0767928	7.02898e-06	3.24572e-06	1.44845e-05	
208	0.104059	0.0979441	0.00611549	0	0.464382	0.437091	0.0272913	0	0	0	
209	0.144082	0.0948704	0.0492118	0	0.642989	0.423374	0.219615	0	0	0	
210	0.113967	0.113267	0.000700269	0	0.508599	0.505474	0.00312506	0	0	0	
211	0.160073	0.103126	0.056947	0	0.714354	0.460219	0.254135	0	0	0	
212	0.116396	0.115914	0.000482514	1.26886e-07	0.519439	0.517285	0.00215329	5.66252e-07	1.07207e-07	4.78429e-07	
213	0.232743	0.163998	0.067886	0.000858798	1.03865	0.731869	0.302951	0.00383252	0.00194945	0.00869973	
214	0.118021	0.115359	0.00266166	1.403e-07	0.526689	0.514811	0.011878	6.26111e-07	1.2059e-07	5.38153e-07	
215	0.191178	0.160958	0.0301611	5.84902e-05	0.853163	0.718303	0.134598	0.000261021	6.99903e-05	0.000312342	
216	0.0986298	0.0844703	0.0141529	6.66434e-06	0.440151	0.376961	0.0631595	2.97406e-05	9.17249e-06	4.09336e-05	
217	0.206051	0.140321	0.0646984	0.001032	0.919536	0.626204	0.288727	0.0046055	0.00107087	0.00477893	
218	0.0973718	0.0967692	0.000602629	0	0.434536	0.431847	0.00268932	0	0	0	
219	0.133009	0.132518	0.000490984	0	0.593573	0.591382	0.00219109	0	0	0	
220	0.0944553	0.0834784	0.0109768	0	0.421521	0.372535	0.0489857	0	0	0	
221	0.107093	0.0934714	0.0135999	2.19909e-05	0.477921	0.41713	0.060692	9.8138e-05	2.23737e-05	9.98464e-05	
222	0.0500817	0.0500687	1.30285e-05	0	0.223497	0.223439	5.81419e-05	0	0	0	
223	0.0966251	0.0963734	0.000251757	0	0.431204	0.430081	0.0011235	0	0	0	
224	0.153387	0.144639	0.00874785	2.61903e-07	0.684514	0.645474	0.0390386	1.16878e-06	2.43433e-07	1.08635e-06	
225	0.0802549	0.0779708	0.00227523	8.87835e-06	0.35815	0.347957	0.0101535	3.9621e-05	9.2248e-06	4.11671e-05	
226	0.228915	0.224081	0.00482393	9.6808e-06	1.02157	1	0.0215275	4.3202e-05	9.67641e-06	4.31825e-05	
227	0.0847606	0.0819052	0.00285537	0	0.378257	0.365514	0.0127425	0	0	0	
228	0.0904147	0.0789966	0.0114152	2.85402e-06	0.403489	0.352534	0.0509423	1.27365e-05	2.83481e-06	1.26508e-05	
229	0.128429	0.123339	0.0050904	0	0.573137	0.55042	0.0227167	0	0	0	
230	0.106423	0.106103	0.000320151	0	0.474933	0.473504	0.00142872	0	0	0	
231	0.0926356	0.0916061	0.00102889	6.07864e-07	0.413401	0.408806	0.0045916	2.71269e-06	5.88196e-07	2.62491e-06	
232	0.0848797	0.0747392	0.0101405	0	0.378789	0.333535	0.0452536	0	0	0	
233	0.0785914	0.0777703	0.000821109	0	0.350726	0.347062	0.00366433	0	0	0	
234	0.103823	0.103823	0	0	0.463329	0.463329	0	0	0	0	
235	0.135621	0.135621	0	0	0.605233	0.605233	0	0	0	0	
236	0.0687814	0.0658651	0.00291625	0	0.306947	0.293933	0.0130142	0	0	0	
237	0.0471521	0.0471521	0	0	0.210423	0.210423	0	0	0	0	
238	0.0890931	0.0890931	0	0	0.397592	0.397592	0	0	0	0	
239	0.140454	0.121425	0.0190286	5.51056e-07	0.6268	0.541879	0.0849184	2.45917e-06	5.56366e-07	2.48287e-06	
240	0.0922282	0.0902655	0.00196274	0	0.411583	0.402824	0.00875905	0	0	0	
241	0.136761	0.118063	0.0186878	1.05949e-05	0.610319	0.526874	0.0833973	4.72816e-05	1.07704e-05	4.80647e-05	
242	0.0860003	0.0851909	0.000809445	0	0.383789	0.380177	0.00361227	0	0	0	
243	0.0857542	0.0857542	0	0	0.382691	0.382691	0	0	0	0	
244	0.088449	0.088449	0	0	0.394717	0.394717	0	0	0	0	
245	0.122375	0.0948265	0.0271645	0.000384135	0.546118	0.423178	0.121226	0.00171426	0.000444515	0.00198372	
246	0.101839	0.0892506	0.0125885	0	0.454473	0.398294	0.0561781	0	0	0	
247	0.110985	0.106842	0.00412722	1.55835e-05	0.495289	0.476801	0.0184184	6.9544e-05	1.57373e-05	7.02305e-05	
248	0.0833301	0.0833301	0	0	0.371873	0.371873	0	0	0	0	
249	0.0717641	0.0697866	0.00197342	4.07142e-06	0.320258	0.311433	0.00880672	1.81693e-05	4.0518e-06	1.80818e-05	
250	0.0688116	0.0664413	0.00235148	1.8822e-05	0.307082	0.296504	0.0104938	8.39964e-05	1.89645e-05	8.46321e-05	
251	0.122233	0.108931	0.0132667	3.49571e-05	0.545484	0.486123	0.0592049	0.000156001	3.49377e-05	0.000155915	
252	0.0760851	0.0690608	0.0070012	2.31874e-05	0.339541	0.308194	0.0312439	0.000103477	2.468e-05	0.000110138	
253	0.0975974	0.0975096	8.77166e-05	0	0.435543	0.435152	0.000391449	0	0	0	
254	0.0776424	0.0774257	0.000216706	0	0.346491	0.345524	0.000967086	0	0	0	
255	0.0866851	0.0864549	0.000230198	0	0.386846	0.385818	0.00102729	0	0	0	
256	0.0990796	0.096415	0.00266461	0	0.442158	0.430266	0.0118912	0	0	0	
257	0.0886955	0.0885216	0.000173807	0	0.395817	0.395041	0.000775641	0	0	0	
258	0.104014	0.0958934	0.00806462	5.67907e-05	0.464182	0.427939	0.0359896	0.000253437	6.29253e-05	0.000280814	
259	0.052788	0.0451271	0.00761239	4.8525e-05	0.235574	0.201386	0.0339714	0.00021655	6.00151e-05	0.000267826	
260	0.0457547	0.0416145	0.00414021	0	0.204187	0.185711	0.0184763	0	0	0	
261	0.110127	0.109522	0.000604211	0	0.491459	0.488762	0.00269638	0	0	0	
262	0.113826	0.110754	0.00307161	0	0.507966	0.494259	0.0137075	0	0	0	
263	0.0577725	0.043624	0.0141199	2.86025e-05	0.257818	0.194678	0.0630124	0.000127643	4.54275e-05	0.000202727	
264	0.188077	0.139526	0.0479567	0.000594216	0.839323	0.622657	0.214014	0.00265178	0.000909865	0.00406041	
265	0.0503879	0.0432222	0.00716572	0	0.224864	0.192885	0.0319781	0	0	0	
266	0.0850773	0.083158	0.00191567	3.59272e-06	0.37967	0.371105	0.00854901	1.60331e-05	3.57312e-06	1.59456e-05	
267	0.049553	0.0454127	0.00414021	0	0.221138	0.202661	0.0184763	0	0	0	
268	0.0849136	0.0849136	0	0	0.37894	0.37894	0	0	0	0	
269	0.206381	0.204155	0.0022254	7.51753e-07	0.92101	0.911075	0.00993122	3.35481e-06	8.04047e-07	3.58818e-06	
270	0.107269	0.106993	0.000276224	0	0.478707	0.477474	0.00123269	0	0	0	
271	0.084312	0.084312	0	0	0.376255	0.376255	0	0	0	0	
272	0.104277	0.103294	0.000982314	0	0.465353	0.460969	0.00438373	0	0	0	
273	0.110045	0.0913021	0.0187081	3.49629e-05	0.491094	0.40745	0.0834882	0.000156027	4.88113e-05	0.000217828	
274	0.101484	0.0939324	0.00755116	1.13358e-06	0.452891	0.419188	0.0336982	5.0588e-06	1.11808e-06	4.98962e-06	
275	0.120686	0.110781	0.00980601	9.86404e-05	0.538581	0.49438	0.0437608	0.000440198	0.000100156	0.000446962	
276	0.0895757	0.0894333	0.000142409	0	0.399745	0.39911	0.000635524	0	0	0	
277	0.104207	0.10363	0.000577181	6.06999e-08	0.465041	0.462465	0.00257576	2.70883e-07	4.1028e-08	1.83094e-07	
278	0.178779	0.147375	0.031317	8.74434e-05	0.797833	0.657686	0.139757	0.00039023	0.000181547	0.000810186	
279	0.082353	0.0767191	0.00563391	0	0.367513	0.34237	0.0251422	0	0	0	
280	0.137246	0.120871	0.0163748	4.15728e-08	0.612484	0.539409	0.0730754	1.85525e-07	5.71531e-08	2.55054e-07	
281	0.116628	0.0947208	0.0218337	7.38037e-05	0.520472	0.422706	0.0974363	0.00032936	9.75773e-05	0.000435454	
282	0.0846838	0.0808906	0.00379325	0	0.377914	0.360986	0.0169279	0	0	0	
283	0.0985965	0.0907529	0.00782234	2.1253e-05	0.440002	0.404999	0.0349084	9.4845e-05	3.35108e-05	0.000149547	
284	0.134601	0.110151	0.0244196	3.07649e-05	0.60068	0.491567	0.108976	0.000137293	3.86518e-05	0.000172489	
285	0.102896	0.0868648	0.0160312	0	0.459189	0.387648	0.0715419	0	0	0	
286	0.121035	0.0817316	0.0392535	5.04759e-05	0.54014	0.36474	0.175175	0.000225256	7.54421e-05	0.000336672	
287	0.0812036	0.0651079	0.0160619	3.38333e-05	0.362384	0.290554	0.0716788	0.000150986	3.6797e-05	0.000164212	
288	0.211797	0.139898	0.0705951	0.00130381	0.945177	0.624317	0.315041	0.00581847	0.00171587	0.00765734	
289	0.0666151	0.0653523	0.00125855	4.2169e-06	0.29728	0.291645	0.00561649	1.88185e-05	4.19723e-06	1.87308e-05	
290	0.0692713	0.0686963	0.000575042	0	0.309134	0.306568	0.00256621	0	0	0	
291	0.181589	0.136586	0.0449255	7.76157e-05	0.810371	0.609537	0.200487	0.000346372	9.28829e-05	0.000414504	
292	0.135484	0.116169	0.0192736	4.15763e-05	0.60462	0.518423	0.0860118	0.000185541	6.52646e-05	0.000291253	
293	0.0672931	0.047367	0.0199261	0	0.300306	0.211382	0.0889234	0	0	0	
294	0.0653906	0.0607347	0.00464435	1.15845e-05	0.291816	0.271038	0.0207261	5.1698e-05	2.79153e-05	0.000124576	
295	0.177877	0.151512	0.0262681	9.65371e-05	0.793804	0.676147	0.117225	0.000430812	0.000184958	0.000825408	
296	0.117836	0.117797	3.87598e-05	0	0.525861	0.525688	0.000172971	0	0	0	
297	0.171649	0.145961	0.025658	3.00377e-05	0.766011	0.651374	0.114502	0.000134048	5.84745e-05	0.000260951	
298	0.103517	0.0904507	0.0129873	7.95637e-05	0.461963	0.40365	0.0579578	0.000355065	9.67756e-05	0.000431876	
299	0.0919284	0.0790803	0.012841	7.05893e-06	0.410244	0.352908	0.0573052	3.15015e-05	7.13822e-06	3.18554e-05	
300	0.0772796	0.07642	0.000859675	0	0.344872	0.341036	0.00383643	0	0	0	
301	0.0644223	0.0619743	0.00243744	1.05932e-05	0.287494	0.27657	0.0108774	4.72741e-05	1.14092e-05	5.09156e-05	
302	0.0740473	0.0690546	0.00496543	2.7235e-05	0.330447	0.308167	0.022159	0.00012154	3.70954e-05	0.000165544	
303	0.12721	0.105363	0.0217589	8.79609e-05	0.567696	0.470201	0.0971024	0.000392539	0.000122754	0.00054781	
304	0.0950447	0.0950447	0	0	0.424151	0.424151	0	0	0	0	
305	0.0508625	0.041098	0.00973972	2.47469e-05	0.226981	0.183406	0.043465	0.000110437	2.88487e-05	0.000128741	
306	0.0635234	0.0527102	0.0108046	8.65593e-06	0.283483	0.235227	0.0482172	3.86284e-05	8.64645e-06	3.85861e-05	
307	0.0909355	0.0869353	0.00400019	0	0.405814	0.387962	0.0178514	0	0	0	
308	0.0909961	0.0752084	0.0157877	0	0.406084	0.335629	0.0704551	0	0	0	
309	0.120735	0.110301	0.010362	7.21077e-05	0.538799	0.492235	0.0462421	0.000321791	7.26373e-05	0.000324155	
310	0.147293	0.142736	0.00455375	3.42854e-06	0.657322	0.636985	0.0203218	1.53004e-05	3.89973e-06	1.74031e-05	
311	0.0780299	0.073634	0.00438464	1.12002e-05	0.34822	0.328603	0.0195671	4.99829e-05	1.44795e-05	6.46171e-05	
312	0.146677	0.0954395	0.0506568	0.000581335	0.654572	0.425913	0.226063	0.00259429	0.000762105	0.00340101	
313	0.102915	0.093039	0.009854	2.25258e-05	0.459276	0.415201	0.043975	0.000100524	2.42538e-05	0.000108236	
314	0.0793632	0.0769548	0.00240823	1.25817e-07	0.35417	0.343423	0.0107471	5.61481e-07	1.06232e-07	4.7408e-07	
315	0.103178	0.0945801	0.00859351	4.48514e-06	0.460448	0.422078	0.0383498	2.00156e-05	4.51954e-06	2.01691e-05	
316	0.0746809	0.0703097	0.00437122	0	0.333275	0.313767	0.0195072	0	0	0	
317	0.119549	0.0764457	0.0430539	5.02155e-05	0.533509	0.341151	0.192134	0.000224094	5.82584e-05	0.000259987	
318	0.180855	0.121767	0.0590875	0	0.807095	0.543408	0.263687	0	0	0	
319	0.237943	0.142988	0.0916071	0.00334762	1.06185	0.638109	0.40881	0.0149393	0.00397987	0.0177608	
320	0.0830888	0.0757788	0.0072686	4.14754e-05	0.370796	0.338174	0.0324372	0.00018509	5.11213e-05	0.000228136	
321	0.137738	0.098403	0.0389122	0.000423105	0.614678	0.439138	0.173651	0.00188817	0.000516085	0.00230311	
322	0.136211	0.0784796	0.0574165	0.000315805	0.607867	0.350227	0.25623	0.00140933	0.0004751	0.00212021	
323	0.0956749	0.0944765	0.00119841	0	0.426964	0.421616	0.00534811	0	0	0	
324	0.126094	0.124699	0.00139574	0	0.562717	0.556488	0.00622872	0	0	0	
325	0.0909426	0.0898701	0.00107247	0	0.405845	0.401059	0.00478609	0	0	0	
326	0.0735062	0.0707905	0.00271569	0	0.328033	0.315913	0.0121192	0	0	0	
327	0.0776432	0.0748428	0.0028004	0	0.346495	0.333998	0.0124972	0	0	0	
328	0.09063	0.0903578	0.000272299	0	0.40445	0.403235	0.00121517	0	0	0	
329	0.0963217	0.0911154	0.00519325	1.30637e-05	0.42985	0.406616	0.0231757	5.82991e-05	1.80022e-05	8.03379e-05	
330	0.145104	0.0879357	0.0553958	0.00177314	0.647552	0.392427	0.247212	0.00791292	0.00202679	0.00904488	
331	0.129874	0.116403	0.013457	1.3957e-05	0.579583	0.519467	0.0600541	6.22855e-05	2.74457e-05	0.00012248	
332	0.106589	0.0959886	0.0105784	2.26869e-05	0.475673	0.428364	0.047208	0.000101243	4.57842e-05	0.000204319	
333	0.124424	0.0980595	0.0262798	8.47581e-05	0.555262	0.437605	0.117278	0.000378246	9.74818e-05	0.000435027	
334	0.139417	0.0880774	0.051024	0.000316427	0.622173	0.393059	0.227702	0.0014121	0.000479032	0.00213775	
335	0.0840124	0.0801333	0.0038791	0	0.374918	0.357607	0.0173111	0	0	0	
336	0.10535	0.0890787	0.0161893	8.22003e-05	0.470142	0.397527	0.0722475	0.000366831	0.000102223	0.000456189	
337	0.119103	0.111373	0.0077204	9.62233e-06	0.531519	0.497022	0.0344534	4.29411e-05	1.12046e-05	5.00023e-05	
338	0.12217	0.101271	0.0207693	0.000129127	0.545202	0.451939	0.0926864	0.00057625	0.00025824	0.00115243	
339	0.0863515	0.0767294	0.00956857	5.34929e-05	0.385357	0.342417	0.0427012	0.00023872	6.53264e-05	0.000291529	
340	0.101219	0.083235	0.017832	0.00015215	0.451706	0.371449	0.0795781	0.000678996	0.000212915	0.000950167	
341	0.105089	0.103909	0.00117919	0	0.468976	0.463714	0.00526232	0	0	0	
342	0.111577	0.0750938	0.0363924	9.09592e-05	0.49793	0.335117	0.162406	0.000405919	0.000134312	0.00059939	
343	0.146968	0.0878936	0.0568679	0.00220738	0.655871	0.392238	0.253782	0.00985081	0.00431379	0.0192509	
344	0.0831184	0.0821672	0.00095099	1.4629e-07	0.370928	0.366684	0.00424394	6.52844e-07	7.99735e-07	3.56894e-06	
345	0.12957	0.0947263	0.0345255	0.000319022	0.57823	0.422731	0.154075	0.00142368	0.000344669	0.00153814	
346	0.137329	0.0978999	0.0389859	0.000443486	0.612853	0.436893	0.17398	0.00197912	0.000686362	0.003063	
347	0.0984317	0.0752127	0.0230422	0.000176758	0.439266	0.335648	0.102829	0.000788813	0.000207415	0.000925625	
348	0.101547	0.0834275	0.0180451	7.49605e-05	0.453171	0.372308	0.0805291	0.000334522	9.41079e-05	0.000419971	
349	0.0797956	0.0719453	0.00784421	6.07477e-06	0.3561	0.321067	0.035006	2.71096e-05	9.58289e-06	4.27651e-05	
350	0.133103	0.0758187	0.0562981	0.000986764	0.593995	0.338353	0.251239	0.00440358	0.00119137	0.00531668	
351	0.148823	0.0933659	0.0552367	0.000220983	0.664148	0.41666	0.246502	0.000986174	0.000455918	0.0020346	
352	0.136498	0.0814504	0.0548669	0.000181127	0.609145	0.363485	0.244852	0.00080831	0.000313747	0.00140014	
353	0.0860783	0.0776839	0.00837835	1.60599e-05	0.384137	0.346676	0.0373897	7.16699e-05	2.34394e-05	0.000104602	
354	0.0877565	0.0788964	0.00883069	2.94747e-05	0.391627	0.352087	0.0394083	0.000131535	3.63752e-05	0.00016233	
355	0.0848521	0.0831377	0.00171373	7.25341e-07	0.378665	0.371014	0.0076478	3.23695e-06	7.28012e-07	3.24886e-06	
356	0.122341	0.10842	0.0138752	4.56648e-05	0.545968	0.483844	0.0619206	0.000203786	4.78359e-05	0.000213475	
357	0.209078	0.107617	0.0949159	0.00654497	0.933044	0.480259	0.423577	0.0292079	0.00835444	0.037283	
358	0.160024	0.097466	0.0612654	0.00129297	0.714134	0.434957	0.273406	0.00577009	0.00189501	0.0084568	
359	0.103191	0.0778786	0.0250645	0.000248786	0.46051	0.347545	0.111854	0.00111024	0.00027348	0.00122044	
360	0.10063	0.0962293	0.00440089	2.07998e-07	0.449079	0.429438	0.0196396	9.28225e-07	2.75436e-07	1.22918e-06	
361	0.0467996	0.0467996	0	0	0.20885	0.20885	0	0	0	0	
362	0.102243	0.0867038	0.0153976	0.000141718	0.456276	0.386929	0.0687143	0.000632439	0.00014749	0.000658199	
363	0.0488799	0.0488799	0	0	0.218134	0.218134	0	0	0	0	
364	0.127818	0.11292	0.014891	7.76083e-06	0.570411	0.503923	0.0664534	3.46339e-05	5.93131e-05	0.000264694	
365	0.0818609	0.0788831	0.00296623	1.15309e-05	0.365317	0.352028	0.0132372	5.14586e-05	1.25103e-05	5.58293e-05	
366	0.108271	0.0910638	0.0171406	6.7158e-05	0.483179	0.406386	0.0764929	0.000299703	8.71581e-05	0.000388956	
367	0.123021	0.104542	0.0183998	7.92901e-05	0.549004	0.466538	0.082112	0.000353844	0.000128501	0.000573457	
368	0.0825171	0.0752269	0.00722571	6.45472e-05	0.368245	0.335711	0.0322458	0.000288051	6.64315e-05	0.000296461	
369	0.0827176	0.0797301	0.0029833	4.23327e-06	0.36914	0.355808	0.0133134	1.88916e-05	6.99436e-06	3.12134e-05	
370	0.108963	0.0909809	0.0178341	0.000148538	0.486267	0.406016	0.0795876	0.000662876	0.000177018	0.00078997	
371	0.123752	0.0787537	0.0448943	0.000104239	0.552264	0.35145	0.200348	0.000465184	0.00011839	0.000528337	
372	0.104105	0.0784774	0.0255541	7.40016e-05	0.464587	0.350217	0.114039	0.000330243	0.000100199	0.000447154	
373	0.0829901	0.0786318	0.00435835	5.00805e-08	0.370356	0.350906	0.0194498	2.23492e-07	3.41067e-08	1.52206e-07	
374	0.209511	0.10318	0.0934857	0.0128452	0.934978	0.460459	0.417194	0.057324	0.0199217	0.0889037	
375	0.140152	0.126211	0.0138212	0.000119837	0.625452	0.563238	0.0616795	0.000534795	0.000121253	0.000541112	
376	0.0995194	0.0981671	0.00135195	3.75293e-07	0.444121	0.438086	0.00603331	1.6748e-06	6.24131e-07	2.78528e-06	
377	0.10824	0.0993423	0.00883616	6.23808e-05	0.483041	0.44333	0.0394327	0.000278384	7.0282e-05	0.000313644	
378	0.130353	0.102935	0.0272972	0.00012117	0.581724	0.459365	0.121818	0.000540743	0.000144469	0.000644719	
379	0.0975801	0.0761467	0.0214327	6.64008e-07	0.435466	0.339816	0.0956471	2.96323e-06	1.19768e-06	5.34486e-06	
380	0.110689	0.081796	0.0288605	3.31206e-05	0.493969	0.365027	0.128794	0.000147806	8.76535e-05	0.000391167	
381	0.0926336	0.0791964	0.0133919	4.52803e-05	0.413392	0.353426	0.0597637	0.00020207	7.65421e-05	0.000341581	
382	0.104489	0.103251	0.00123819	1.99131e-07	0.466302	0.460776	0.00552562	8.88653e-07	3.13957e-07	1.40108e-06	
383	0.0789521	0.0753421	0.00360994	0	0.352336	0.336226	0.0161099	0	0	0	
384	0.0912428	0.0897023	0.00154055	0	0.407185	0.40031	0.00687496	0	0	0	
385	0.132988	0.106507	0.025894	0.000586882	0.59348	0.475305	0.115556	0.00261905	0.000729973	0.00325761	
386	0.0964566	0.0790021	0.0172435	0.000211015	0.430452	0.352559	0.0769519	0.00094169	0.000321543	0.00143493	
387	0.0921447	0.0835703	0.0084135	0.000160851	0.41121	0.372945	0.0375465	0.000717826	0.000161431	0.000720412	
388	0.0839892	0.0763786	0.00758797	2.26387e-05	0.374814	0.340851	0.0338625	0.000101028	2.2619e-05	0.000100941	
389	0.145937	0.110311	0.0356217	4.71127e-06	0.65127	0.492282	0.158967	2.10248e-05	4.70843e-06	2.10121e-05	
390	0.0802206	0.0737855	0.006418	1.71241e-05	0.357997	0.329279	0.0286413	7.64193e-05	2.71602e-05	0.000121206	
391	0.0954889	0.0905573	0.00492568	5.93961e-06	0.426134	0.404126	0.0219816	2.65064e-05	6.28622e-06	2.80532e-05	
392	0.101964	0.0494584	0.0518665	0.000639383	0.455031	0.220715	0.231462	0.00285334	0.000755736	0.00337259	
393	0.0856663	0.0802806	0.00538569	0	0.382299	0.358264	0.0240344	0	0	0	
394	0.0964938	0.091922	0.00457177	0	0.430618	0.410216	0.0204022	0	0	0	
395	0.15339	0.137234	0.0161539	2.54798e-06	0.684531	0.61243	0.0720895	1.13707e-05	2.95619e-05	0.000131924	
396	0.109511	0.0587015	0.0508101	0	0.488712	0.261964	0.226748	0	0	0	
397	0.13441	0.100563	0.0334138	0.000433524	0.599828	0.448779	0.149114	0.00193467	0.00056405	0.00251716	
398	0.0905901	0.0904873	0.000102747	0	0.404272	0.403813	0.000458525	0	0	0	
399	0.0785342	0.0779425	0.000591423	2.78083e-07	0.350471	0.34783	0.00263932	1.24098e-06	6.0162e-07	2.68482e-06	
400	0.144046	0.128104	0.0159422	0	0.642829	0.571684	0.0711448	0	0	0	
401	0.102414	0.0998893	0.00252472	0	0.457038	0.445771	0.0112669	0	0	0	
402	0.105553	0.0827881	0.0227652	0	0.471048	0.369455	0.101593	0	0	0	
403	0.109428	0.0881655	0.0212577	4.85265e-06	0.488339	0.393452	0.0948657	2.16557e-05	7.06588e-06	3.15326e-05	
404	0.109336	0.0980551	0.011281	0	0.487929	0.437586	0.0503435	0	0	0	
405	0.106563	0.10642	0.000143751	0	0.475557	0.474916	0.000641514	0	0	0	
406	0.213978	0.175633	0.0383299	1.46539e-05	0.954912	0.783793	0.171053	6.53953e-05	3.29371e-05	0.000146986	
407	0.118515	0.0848808	0.0334946	0.000140377	0.528895	0.378793	0.149475	0.000626458	0.000194	0.000865755	
408	0.128831	0.126761	0.00206993	0	0.57493	0.565693	0.00923742	0	0	0	
409	0.0927688	0.091347	0.00142172	0	0.413995	0.40765	0.00634468	0	0	0	
410	0.112162	0.0873316	0.0245912	0.000239121	0.50054	0.389731	0.109742	0.00106711	0.000245125	0.0010939	
411	0.133397	0.116707	0.0166897	0	0.595305	0.520825	0.0744807	0	0	0	
412	0.148662	0.121581	0.0270698	1.09735e-05	0.663427	0.542575	0.120803	4.89713e-05	1.50379e-05	6.7109e-05	
413	0.0943566	0.0911328	0.00322131	2.55128e-06	0.421081	0.406694	0.0143756	1.13854e-05	2.91471e-06	1.30073e-05	
414	0.148718	0.112056	0.0365118	0.000150504	0.663679	0.500068	0.162939	0.000671648	0.000160598	0.000716697	
415	0.0935955	0.0915571	0.00203845	0	0.417684	0.408587	0.00909691	0	0	0	
416	0.129979	0.105647	0.0243319	0	0.580051	0.471466	0.108585	0	0	0	
417	0.106634	0.0953537	0.011281	0	0.475874	0.42553	0.0503435	0	0	0	
418	0.083266	0.076598	0.00666799	0	0.371587	0.34183	0.0297569	0	0	0	
419	0.13659	0.1017	0.0348827	7.03045e-06	0.609557	0.453856	0.155669	3.13744e-05	1.72598e-05	7.70249e-05	
420	0.0836016	0.0834035	0.000198023	0	0.373085	0.372201	0.000883711	0	0	0	
421	0.0884052	0.0857919	0.00261334	0	0.394522	0.382859	0.0116624	0	0	0	
422	0.106852	0.080705	0.025947	0.000200064	0.476844	0.360158	0.115792	0.000892818	0.000204447	0.000912378	
423	0.0643821	0.0557878	0.00857932	1.49706e-05	0.287315	0.248962	0.0382865	6.68088e-05	1.50431e-05	6.71324e-05	
424	0.110396	0.110168	0.000227573	0	0.492659	0.491644	0.00101558	0	0	0	
425	0.0775143	0.0693231	0.0081098	8.14282e-05	0.345919	0.309365	0.0361912	0.000363386	8.32526e-05	0.000371527	
426	0.113674	0.108675	0.00499429	4.3193e-06	0.50729	0.484983	0.0222878	1.92755e-05	5.52258e-06	2.46454e-05	
427	0.0927414	0.0901756	0.00255611	9.73865e-06	0.413873	0.402422	0.011407	4.34602e-05	1.05021e-05	4.68676e-05	
428	0.0956081	0.0937389	0.00186871	5.33894e-07	0.426666	0.418324	0.00833944	2.38258e-06	1.04073e-06	4.64443e-06	
429	0.122871	0.0879339	0.034938	0	0.548335	0.392418	0.155916	0	0	0	
430	0.22465	0.21168	0.012969	4.74473e-07	1.00253	0.944658	0.0578763	2.11741e-06	7.06688e-07	3.1537e-06	
431	0.175769	0.165795	0.00997457	0	0.784399	0.739886	0.0445131	0	0	0	
432	0.133383	0.111815	0.0215392	2.95248e-05	0.595246	0.498992	0.0961222	0.000131759	3.16843e-05	0.000141396	
433	0.108896	0.0982541	0.0105607	8.12494e-05	0.485966	0.438474	0.047129	0.000362588	8.61491e-05	0.000384453	
434	0.0875363	0.0803286	0.00720769	0	0.390644	0.358478	0.0321654	0	0	0	
435	0.19906	0.151616	0.0473481	9.57022e-05	0.888337	0.676611	0.211298	0.000427086	0.000150418	0.000671265	
436	0.126934	0.0858862	0.0407773	0.000270587	0.566463	0.38328	0.181975	0.00120753	0.000334783	0.00149402	
437	0.139941	0.0859354	0.0529089	0.00109702	0.62451	0.3835	0.236114	0.00489565	0.00149489	0.00667119	
438	0.17684	0.130055	0.046195	0.000589745	0.789177	0.580392	0.206152	0.00263183	0.000651858	0.00290901	
439	0.137771	0.126738	0.0110019	3.16777e-05	0.614827	0.565588	0.0490977	0.000141366	5.20873e-05	0.000232447	
440	0.0823704	0.0799418	0.00242244	6.13321e-06	0.36759	0.356753	0.0108105	2.73704e-05	6.54768e-06	2.922e-05	
441	0.0698635	0.0674618	0.00240169	0	0.311776	0.301058	0.0107179	0	0	0	
442	0.142607	0.0946859	0.045454	0.00246728	0.636407	0.42255	0.202845	0.0110106	0.00311592	0.0139053	
443	0.171686	0.1376	0.0337769	0.000309436	0.766178	0.614062	0.150734	0.0013809	0.000546108	0.00243709	
444	0.136491	0.107681	0.0287779	3.19547e-05	0.609115	0.480546	0.128426	0.000142603	7.36853e-05	0.000328832	
445	0.107057	0.0879934	0.0189896	7.4645e-05	0.477761	0.392684	0.0847443	0.000333115	0.00011266	0.000502763	
446	0.14553	0.0904805	0.0548884	0.000161295	0.649451	0.403783	0.244948	0.000719805	0.000379966	0.00169566	
447	0.157945	0.121672	0.0362723	0	0.704854	0.542984	0.16187	0	0	0	
448	0.0444621	0.0374603	0.00700184	0	0.198419	0.167172	0.0312468	0	0	0	
449	0.264266	0.153816	0.110122	0.000327507	1.17933	0.686431	0.491438	0.00146155	0.000481585	0.00214915	
450	0.0865295	0.0792306	0.00729893	0	0.386151	0.353579	0.0325726	0	0	0	
451	0.131716	0.119923	0.0117854	7.42646e-06	0.587803	0.535176	0.0525942	3.31417e-05	8.28546e-06	3.69751e-05	
452	0.173892	0.0998009	0.071885	0.00220684	0.776023	0.445377	0.320798	0.00984836	0.00256578	0.0114502	
453	0.108511	0.0953344	0.0131385	3.8827e-05	0.484251	0.425444	0.0586328	0.000173271	4.65081e-05	0.00020755	
454	0.12779	0.0889417	0.0388483	0	0.570283	0.396916	0.173366	0	0	0	
455	0.158165	0.104805	0.0528805	0.000478952	0.705835	0.46771	0.235987	0.0021374	0.000590951	0.00263721	
456	0.146266	0.111609	0.0343285	0.000327803	0.652736	0.498076	0.153196	0.00146287	0.000501351	0.00223736	
457	0.123482	0.100303	0.0231788	9.17858e-08	0.551058	0.447619	0.103439	4.09608e-07	1.63249e-07	7.28528e-07	
458	0.0930521	0.0787325	0.0143196	0	0.415259	0.351356	0.0639037	0	0	0	
459	0.103272	0.0886875	0.014582	3.0981e-06	0.46087	0.395781	0.0650746	1.38257e-05	5.61645e-06	2.50643e-05	
460	0.149579	0.0851511	0.0643526	7.53787e-05	0.66752	0.38	0.287183	0.000336389	7.54069e-05	0.000336515	
461	0.156186	0.0853229	0.0707335	0.000130479	0.697008	0.380766	0.315659	0.000582286	0.000352932	0.00157501	
462	0.119681	0.0997551	0.0198662	6.00283e-05	0.534096	0.445172	0.0886563	0.000267885	8.78572e-05	0.000392076	
463	0.129421	0.119209	0.0102113	0	0.577562	0.531992	0.0455696	0	0	0	
464	0.080851	0.0688239	0.0119878	3.9259e-05	0.36081	0.307137	0.0534976	0.000175199	4.42132e-05	0.000197308	
465	0.0859579	0.0824841	0.00347374	0	0.3836	0.368098	0.0155021	0	0	0	
466	0.176984	0.109674	0.0667793	0.000529965	0.789819	0.489441	0.298013	0.00236505	0.000778035	0.0034721	
467	0.109648	0.0795883	0.0296371	0.000423129	0.489324	0.355175	0.13226	0.00188828	0.000871496	0.00388918	
468	0.107939	0.101307	0.00663132	7.09849e-08	0.481694	0.452101	0.0295933	3.16781e-07	1.28948e-07	5.75451e-07	
469	0.0766088	0.0766088	0	0	0.341879	0.341879	0	0	0	0	
470	0.102286	0.0947021	0.00757596	8.53794e-06	0.45647	0.422623	0.0338089	3.81019e-05	9.52377e-06	4.25013e-05	
471	0.11918	0.0788479	0.0403322	0	0.531859	0.351871	0.179988	0	0	0	
472	0.134516	0.0889755	0.0434841	0.00205671	0.6003	0.397067	0.194054	0.00917839	0.00465175	0.0207591	
473	0.159449	0.0989687	0.0582022	0.00227806	0.711566	0.441663	0.259736	0.0101662	0.00365194	0.0162973	
474	0.106156	0.0767781	0.0293785	0	0.47374	0.342634	0.131106	0	0	0	
475	0.130805	0.113007	0.0177908	6.81431e-06	0.583739	0.504315	0.0793942	3.04099e-05	1.12291e-05	5.01119e-05	
476	0.158848	0.112448	0.0464008	0	0.708888	0.501817	0.20707	0	0	0	
477	0.122593	0.0967885	0.0257384	6.61861e-05	0.547091	0.431933	0.114861	0.000295365	0.000264365	0.00117977	
478	0.0936359	0.0787194	0.0148774	3.91295e-05	0.417865	0.351297	0.0663929	0.000174621	6.51176e-05	0.000290597	
479	0.105543	0.097473	0.0079637	0.000107245	0.471006	0.434988	0.0355392	0.000478598	0.000107229	0.000478527	
480	0.123666	0.0973701	0.0262712	2.52176e-05	0.551881	0.434529	0.117239	0.000112537	6.08427e-05	0.00027152	
481	0.0854659	0.0757194	0.00974472	1.7655e-06	0.381405	0.337909	0.0434873	7.87885e-06	2.93748e-06	1.3109e-05	
482	0.138842	0.105533	0.0332482	6.00125e-05	0.619605	0.470961	0.148375	0.000267815	7.11403e-05	0.000317475	
483	0.107967	0.0922548	0.0157129	0	0.481822	0.411701	0.0701213	0	0	0	
484	0.180523	0.116382	0.063196	0.000944806	0.805615	0.519376	0.282022	0.00421634	0.00119454	0.00533086	
485	0.117931	0.0946261	0.0232582	4.74443e-05	0.526289	0.422283	0.103793	0.000211727	9.00171e-05	0.000401715	
486	0.0841866	0.0797182	0.00446807	3.72547e-07	0.375696	0.355754	0.0199394	1.66255e-06	7.80174e-07	3.48164e-06	
487	0.104863	0.0994435	0.00541959	0	0.467968	0.443782	0.0241857	0	0	0	
488	0.145005	0.0951581	0.0490524	0.000795364	0.647111	0.424658	0.218904	0.00354943	0.00111708	0.00498515	
489	0.1469	0.097806	0.0490709	2.36928e-05	0.655567	0.436474	0.218986	0.000105732	3.0788e-05	0.000137396	
490	0.0932494	0.0904253	0.00282407	0	0.41614	0.403537	0.0126028	0	0	0	
491	0.0934514	0.0779814	0.0154556	1.4329e-05	0.417041	0.348004	0.0689734	6.39456e-05	2.15455e-05	9.61504e-05	
492	0.138155	0.096644	0.0410988	0.000412942	0.616541	0.431289	0.18341	0.00184282	0.000666559	0.00297462	
493	0.191044	0.111268	0.0796208	0.000155124	0.852566	0.496553	0.35532	0.000692268	0.000201059	0.000897258	
494	0.196298	0.116647	0.0794881	0.000163234	0.876012	0.520556	0.354728	0.000728457	0.000253409	0.00113087	
495	0.0902532	0.0835912	0.00666197	0	0.402768	0.373038	0.02973	0	0	0	
496	0.104097	0.0893637	0.0144174	0.000316155	0.46455	0.398799	0.06434	0.00141089	0.000316135	0.0014108	
497	0.118518	0.0772551	0.0410918	0.000171846	0.528908	0.344762	0.183378	0.000766893	0.000263744	0.001177	
498	0.170904	0.13299	0.0379053	8.16289e-06	0.762685	0.59349	0.169158	3.64281e-05	1.83665e-05	8.19636e-05	
499	0.15933	0.157322	0.00200733	9.48077e-07	0.711039	0.702076	0.00895806	4.23094e-06	9.36733e-07	4.18031e-06	
500	0.145839	0.0804133	0.0653457	8.01558e-05	0.65083	0.358857	0.291615	0.000357708	0.000206651	0.000922216	
501	0.160694	0.107977	0.0524822	0.000234521	0.717123	0.481866	0.23421	0.00104659	0.00035431	0.00158116	
502	0.0921521	0.0905476	0.00160445	0	0.411243	0.404083	0.00716015	0	0	0	
503	0.112192	0.102557	0.00962646	8.43939e-06	0.500675	0.457678	0.0429596	3.76621e-05	8.41966e-06	3.7574e-05	
504	0.13299	0.118824	0.0139409	0.000225222	0.593489	0.53027	0.0622138	0.00100509	0.00024056	0.00107354	
505	0.0750164	0.0683634	0.00665242	5.6836e-07	0.334772	0.305082	0.0296874	2.53639e-06	6.33333e-07	2.82635e-06	
506	0.14996	0.0973656	0.0509285	0.00166634	0.669222	0.434509	0.227276	0.0074363	0.0025157	0.0112267	
507	0.192759	0.157279	0.0352911	0.000189152	0.860219	0.701883	0.157492	0.000844123	0.000201069	0.000897302	
508	0.0932805	0.0876359	0.00564459	0	0.416278	0.391088	0.0251898	0	0	0	
509	0.0943814	0.0867869	0.00757619	1.83112e-05	0.421191	0.3873	0.0338099	8.17168e-05	1.92631e-05	8.59648e-05	
510	0.143941	0.104823	0.0386536	0.000464807	0.642361	0.467789	0.172497	0.00207427	0.000537868	0.00240031	
511	0.0833212	0.074804	0.00849278	2.43748e-05	0.371833	0.333824	0.0379003	0.000108776	2.84549e-05	0.000126984	
512	0.176096	0.0879254	0.0873665	0.000804045	0.785855	0.39238	0.389886	0.00358817	0.00103838	0.00463395	
513	0.114274	0.090718	0.0235126	4.42707e-05	0.509969	0.404843	0.104928	0.000197565	9.30021e-05	0.000415036	
514	0.242735	0.127856	0.112371	0.00250671	1.08324	0.570579	0.501476	0.0111866	0.00352087	0.0157124	
515	0.066442	0.0563302	0.0101118	0	0.296508	0.251382	0.0451257	0	0	0	
516	0.100158	0.0880851	0.0120182	5.56053e-05	0.446974	0.393093	0.0536332	0.000248147	7.76012e-05	0.000346307	
517	0.0856051	0.0813397	0.00426533	0	0.382026	0.362991	0.0190347	0	0	0	
518	0.176965	0.155094	0.021871	0	0.789736	0.692133	0.0976031	0	0	0	
519	0.0734719	0.0419061	0.031521	4.48926e-05	0.32788	0.187012	0.140667	0.00020034	9.15382e-05	0.000408503	
520	0.160784	0.121776	0.0385366	0.000470522	0.717523	0.543448	0.171975	0.00209978	0.000698199	0.00311582	
521	0.272881	0.109346	0.161686	0.00184858	1.21777	0.487975	0.721549	0.00824961	0.00271926	0.0121351	
522	0.18366	0.077976	0.104761	0.000922361	0.819613	0.34798	0.467516	0.00411617	0.00136118	0.00607451	
523	0.0901847	0.0758504	0.0143045	2.97666e-05	0.402463	0.338494	0.0638365	0.000132838	3.24923e-05	0.000145002	
524	0.153512	0.10549	0.0475055	0.000515857	0.685071	0.470768	0.212	0.00230209	0.000771992	0.00344513	
525	0.150354	0.099316	0.050705	0.000333809	0.670981	0.443213	0.226278	0.00148967	0.000534669	0.00238604	
526	0.121487	0.101012	0.0204107	6.44899e-05	0.542157	0.450783	0.0910861	0.000287796	8.65078e-05	0.000386054	
527	0.117672	0.0776093	0.0399781	8.48664e-05	0.525131	0.346343	0.178408	0.000378729	0.000139832	0.000624024	
528	0.0875058	0.0800651	0.00743949	1.18266e-06	0.390508	0.357303	0.0331998	5.27783e-06	1.61562e-06	7.20998e-06	
529	0.131034	0.0807287	0.0500137	0.000291642	0.584759	0.360264	0.223193	0.0013015	0.000448513	0.00200156	
530	0.0972296	0.0804965	0.0167131	1.98932e-05	0.433902	0.359228	0.074585	8.87768e-05	4.18405e-05	0.000186719	
531	0.177302	0.104589	0.072038	0.000674942	0.791241	0.466748	0.32148	0.00301203	0.00102608	0.00457905	
532	0.107777	0.0834304	0.0242303	0.000116209	0.480971	0.372321	0.108131	0.000518602	0.000173205	0.000772954	
533	0.179043	0.117486	0.0609044	0.000652552	0.799008	0.5243	0.271795	0.00291211	0.00117598	0.005248	
534	0.130591	0.113	0.0171236	0.000467351	0.582786	0.504283	0.0764171	0.00208562	0.000513376	0.00229102	
535	0.0958847	0.0774075	0.0184584	1.87372e-05	0.4279	0.345443	0.0823738	8.36179e-05	2.39853e-05	0.000107038	
536	0.0720852	0.0656567	0.00642247	6.04326e-06	0.321691	0.293003	0.0286612	2.69689e-05	7.26197e-06	3.24076e-05	
537	0.11909	0.0765505	0.0420722	0.000468028	0.531461	0.341618	0.187753	0.00208864	0.000556139	0.00248185	
538	0.126089	0.0801932	0.0455651	0.000331113	0.562694	0.357874	0.203341	0.00147764	0.000911117	0.004066	
539	0.134875	0.0829406	0.0516451	0.000289667	0.601902	0.370135	0.230474	0.00129268	0.000388779	0.00173498	
540	0.0956846	0.079725	0.0158554	0.000104168	0.427007	0.355785	0.0707575	0.000464869	0.00023425	0.00104537	
541	0.0903552	0.0819807	0.00836799	6.53241e-06	0.403224	0.365852	0.0373434	2.91519e-05	9.0212e-06	4.02585e-05	
542	0.197177	0.149596	0.0473934	0.000187753	0.879936	0.667597	0.2115	0.000837878	0.00031111	0.00138837	
543	0.134716	0.0891767	0.0455353	4.21584e-06	0.601192	0.397965	0.203208	1.88138e-05	2.71273e-05	0.00012106	
544	0.165539	0.126385	0.0391455	9.04514e-06	0.738746	0.564013	0.174692	4.03653e-05	2.27347e-05	0.000101457	
545	0.149667	0.0750052	0.0746116	5.08046e-05	0.667915	0.334722	0.332966	0.000226723	0.000109526	0.000488779	
546	0.134103	0.116283	0.0178161	4.24903e-06	0.598459	0.518933	0.0795071	1.89619e-05	5.15102e-06	2.29872e-05	
547	0.0846122	0.0753061	0.00928549	2.0669e-05	0.377595	0.336065	0.0414379	9.22388e-05	5.09826e-05	0.000227517	
548	0.116511	0.110523	0.00598789	0	0.519949	0.493227	0.0267219	0	0	0	
549	0.143289	0.0847985	0.0570752	0.00141575	0.639452	0.378426	0.254707	0.00631803	0.00191333	0.00853857	
550	0.178162	0.119449	0.0576112	0.00110124	0.795077	0.533063	0.257099	0.00491446	0.00163732	0.00730683	
551	0.0964366	0.0963297	0.000106875	0	0.430363	0.429886	0.00047695	0	0	0	
552	0.0856042	0.0724243	0.0131202	5.97172e-05	0.382022	0.323204	0.058551	0.000266497	9.08913e-05	0.000405616	
553	0.188671	0.182553	0.00610489	1.25167e-05	0.841974	0.814674	0.027244	5.5858e-05	1.28912e-05	5.7529e-05	
554	0.149227	0.102187	0.0459261	0.00111388	0.665952	0.456029	0.204952	0.00497088	0.00135293	0.00603766	
555	0.104514	0.0749621	0.0293438	0.000208796	0.466413	0.33453	0.130951	0.000931785	0.00023609	0.00105359	
556	0.176463	0.149219	0.0271115	0.000132214	0.787495	0.665915	0.120989	0.000590029	0.000132381	0.000590771	
557	0.0923086	0.0787624	0.0134958	5.04716e-05	0.411941	0.351489	0.0602271	0.000225237	6.72016e-05	0.000299897	
558	0.104993	0.0971926	0.00779836	2.17664e-06	0.468548	0.433737	0.0348014	9.71361e-06	2.157e-06	9.62596e-06	
559	0.101098	0.0788663	0.0218993	0.000332537	0.451166	0.351953	0.0977291	0.001484	0.000486032	0.00216899	
560	0.0929257	0.0846112	0.00830886	5.66739e-06	0.414695	0.37759	0.0370796	2.52916e-05	6.44335e-06	2.87544e-05	
561	0.109519	0.0928589	0.0165507	0.000110096	0.488748	0.414397	0.0738602	0.000491323	0.000140741	0.000628078	
562	0.0717565	0.0497193	0.0220371	0	0.320224	0.22188	0.0983441	0	0	0	
563	0.0977076	0.0786261	0.0190369	4.46567e-05	0.436035	0.350881	0.0849551	0.000199287	8.20161e-05	0.000366009	
564	0.110254	0.0812666	0.0287785	0.000208831	0.492025	0.362665	0.128428	0.000931944	0.000348032	0.00155314	
565	0.100863	0.0847687	0.0160611	3.32621e-05	0.450117	0.378293	0.0716754	0.000148437	5.33315e-05	0.000238	
566	0.123556	0.103502	0.0199358	0.000118174	0.55139	0.461896	0.0889667	0.00052737	0.000134389	0.000599736	
567	0.207492	0.160461	0.046685	0.000345591	0.925967	0.716085	0.208339	0.00154225	0.00039779	0.0017752	
568	0.146523	0.114985	0.0315388	0	0.653885	0.513138	0.140747	0	0	0	
569	0.0756885	0.0756885	0	0	0.337771	0.337771	0	0	0	0	
570	0.138041	0.119477	0.0184791	8.50557e-05	0.616032	0.533186	0.0824661	0.000379574	0.000130484	0.000582306	
571	0.108698	0.0912981	0.0174003	9.00675e-08	0.485084	0.407432	0.0776517	4.0194e-07	2.11199e-07	9.42511e-07	
572	0.112928	0.0973726	0.0155023	5.3902e-05	0.503962	0.43454	0.0691816	0.000240546	0.000129637	0.000578527	
573	0.103719	0.0841718	0.0194792	6.80107e-05	0.462862	0.37563	0.0869291	0.000303508	0.000127125	0.000567316	
574	0.130074	0.0796736	0.049853	0.000548233	0.580479	0.355555	0.222477	0.00244657	0.000908776	0.00405555	
575	0.148923	0.0841121	0.0633256	0.00148526	0.664592	0.375363	0.2826	0.00662821	0.00237597	0.0106031	
576	0.0599866	0.0543617	0.00562497	0	0.267699	0.242597	0.0251023	0	0	0	
577	0.126118	0.112898	0.0132192	1.5019e-07	0.562821	0.503827	0.0589927	6.70247e-07	6.75715e-07	3.01548e-06	
578	0.0999738	0.0888206	0.0111406	1.26009e-05	0.446149	0.396375	0.0497169	5.62334e-05	1.63648e-05	7.30307e-05	
579	0.09351	0.0871033	0.00640116	5.57946e-06	0.417303	0.388712	0.0285661	2.48992e-05	1.46085e-05	6.51928e-05	
580	0.0913549	0.066624	0.0244897	0.000241237	0.407685	0.29732	0.109289	0.00107656	0.000413896	0.00184707	
581	0.0858659	0.0750625	0.0107959	7.4211e-06	0.38319	0.334978	0.0481788	3.31178e-05	1.02639e-05	4.58043e-05	
582	0.0896139	0.0843038	0.0052947	1.53752e-05	0.399916	0.376219	0.0236284	6.86143e-05	2.04412e-05	9.12222e-05	
583	0.121887	0.0927169	0.0289372	0.000233143	0.543941	0.413763	0.129136	0.00104044	0.000275741	0.00123053	
584	0.229815	0.12789	0.101424	0.000499574	1.02558	0.570732	0.452624	0.00222942	0.00060402	0.00269553	
585	0.126979	0.0748617	0.0516441	0.000473893	0.566666	0.334082	0.23047	0.00211482	0.000501939	0.00223998	
586	0.143128	0.0843018	0.0586751	0.000150935	0.638731	0.37621	0.261847	0.000673573	0.000235132	0.00104931	
587	0.105293	0.0889191	0.0162785	9.5987e-05	0.469889	0.396815	0.0726457	0.000428357	0.000127805	0.000570352	
588	0.0681556	0.0675975	0.000558116	0	0.304155	0.301664	0.00249068	0	0	0	
589	0.158821	0.109213	0.0490192	0.000588858	0.708767	0.487383	0.218755	0.00262787	0.00120061	0.00535794	
590	0.133285	0.107361	0.0258864	3.70131e-05	0.594806	0.479118	0.115522	0.000165176	6.79534e-05	0.000303252	
591	0.137005	0.0959266	0.0409152	0.000163537	0.611408	0.428087	0.18259	0.000729812	0.000240287	0.00107231	
592	0.123692	0.0857877	0.0376815	0.000223331	0.551997	0.382841	0.168159	0.000996652	0.000287811	0.0012844	
593	0.0993358	0.0939921	0.00531358	3.00828e-05	0.443301	0.419454	0.0237127	0.000134249	3.72675e-05	0.000166312	
594	0.0899521	0.0805127	0.00943814	1.26029e-06	0.401425	0.3593	0.0421191	5.62427e-06	2.19665e-06	9.80292e-06	
595	0.111115	0.0938381	0.017237	4.00089e-05	0.495868	0.418767	0.0769228	0.000178546	4.85499e-05	0.000216661	
596	0.105226	0.0902549	0.0149243	4.69633e-05	0.469588	0.402776	0.0666022	0.000209581	7.34113e-05	0.000327609	
597	0.151413	0.140954	0.0104355	2.30753e-05	0.675704	0.629031	0.0465701	0.000102977	3.01557e-05	0.000134574	
598	0.114398	0.108212	0.00614512	4.15927e-05	0.510522	0.482912	0.0274235	0.000185614	4.15731e-05	0.000185526	
599	0.103886	0.0933946	0.0104913	0	0.463607	0.416788	0.0468193	0	0	0	
600	0.109305	0.107942	0.00136307	0	0.487793	0.48171	0.00608294	0	0	0	
601	0.312773	0.14804	0.163263	0.00146983	1.3958	0.660653	0.728587	0.00655935	0.00147064	0.00656298	
602	0.109198	0.102563	0.00663002	5.27255e-06	0.487314	0.457703	0.0295875	2.35296e-05	6.13871e-06	2.73949e-05	
603	0.13442	0.051953	0.0824672	0	0.599871	0.231848	0.368022	0	0	0	
604	0.0888357	0.080937	0.00789213	6.55294e-06	0.396443	0.361194	0.0352198	2.92435e-05	7.10738e-06	3.17178e-05	
605	0.129363	0.0495405	0.0798169	6.05776e-06	0.577304	0.221082	0.356195	2.70337e-05	0.000131446	0.0005866	
606	0.145159	0.093769	0.0506328	0.000757896	0.647798	0.418458	0.225957	0.00338222	0.000995272	0.00444155	
607	0.0866717	0.0781613	0.00842215	8.82494e-05	0.386786	0.348807	0.0375851	0.000393827	9.22076e-05	0.000411491	
608	0.0875449	0.0787776	0.00873722	3.00829e-05	0.390682	0.351557	0.0389912	0.000134249	3.27057e-05	0.000145954	
609	0.0917091	0.0870805	0.00462859	0	0.409266	0.38861	0.0206558	0	0	0	
610	0.100614	0.0799943	0.020148	0.000472487	0.449009	0.356987	0.0899137	0.00210854	0.000590741	0.00263627	
611	0.0626718	0.0576935	0.00497823	0	0.279682	0.257466	0.0222161	0	0	0	
612	0.0945274	0.0905732	0.00394459	9.64738e-06	0.421843	0.404197	0.0176033	4.30529e-05	9.99865e-06	4.46205e-05	
613	0.0892896	0.0765947	0.0125996	9.52617e-05	0.398468	0.341816	0.0562276	0.00042512	0.000116987	0.000522075	
614	0.0966441	0.0835716	0.0130293	4.31549e-05	0.431289	0.372951	0.0581454	0.000192585	5.3805e-05	0.000240113	
615	0.0919224	0.0866889	0.00523341	1.39705e-07	0.410218	0.386862	0.0233549	6.23457e-07	1.19888e-07	5.35023e-07	
616	0.100873	0.088884	0.0117509	0.000238069	0.450161	0.396659	0.0524405	0.00106242	0.000251351	0.00112169	
617	0.119361	0.0915769	0.0275363	0.000248147	0.532668	0.408676	0.122885	0.00110739	0.000287667	0.00128375	
618	0.0612362	0.0558556	0.00538059	0	0.273276	0.249264	0.0240117	0	0	0	
619	0.136296	0.0987404	0.0374539	0.000102212	0.608244	0.440644	0.167144	0.000456138	0.000113708	0.000507443	
620	0.110046	0.0875957	0.0224366	1.40684e-05	0.491099	0.390909	0.100127	6.27826e-05	1.71655e-05	7.6604e-05	
621	0.389225	0.185868	0.199216	0.00414017	1.73697	0.829469	0.889033	0.0184761	0.00444485	0.0198358	
622	0.0389016	0.030438	0.00843749	2.61291e-05	0.173604	0.135834	0.0376536	0.000116605	3.14668e-05	0.000140425	
623	0.0853652	0.0717322	0.0135799	5.31149e-05	0.380955	0.320116	0.0606024	0.000237033	7.18202e-05	0.000320508	
624	0.108701	0.082562	0.0260691	7.02517e-05	0.485097	0.368446	0.116337	0.000313509	8.72814e-05	0.000389507	
625	0.0662179	0.0548871	0.0113308	0	0.295508	0.244942	0.0505654	0	0	0	
626	0.0662374	0.0637179	0.00251944	0	0.295594	0.284351	0.0112434	0	0	0	
627	0.0900025	0.0789735	0.0110264	2.59679e-06	0.40165	0.352431	0.0492071	1.15885e-05	3.83599e-06	1.71187e-05	
628	0.0604077	0.0600058	0.0004019	0	0.269579	0.267785	0.00179354	0	0	0	
629	0.23301	0.137377	0.0945104	0.00112285	1.03984	0.613069	0.421767	0.0050109	0.00120624	0.00538303	
630	0.212643	0.145327	0.0673108	5.09026e-06	0.948953	0.648545	0.300384	2.27161e-05	5.79059e-06	2.58414e-05	
631	0.113898	0.0956755	0.0181636	5.92219e-05	0.508289	0.426966	0.0810582	0.000264286	6.05418e-05	0.000270177	
632	0.0431906	0.0431815	9.0301e-06	0	0.192744	0.192704	4.02982e-05	0	0	0	
633	0.0585721	0.0450814	0.0134898	8.5273e-07	0.261387	0.201183	0.0602003	3.80544e-06	1.55157e-06	6.92413e-06	
634	0.0425866	0.0418993	0.000687377	0	0.190049	0.186982	0.00306752	0	0	0	
635	0.0763395	0.065446	0.0108925	1.04338e-06	0.340677	0.292062	0.0486096	4.65624e-06	3.01985e-06	1.34765e-05	
636	0.0953445	0.0648955	0.030449	0	0.425489	0.289606	0.135883	0	0	0	
637	0.0835856	0.0735171	0.00999705	7.15178e-05	0.373014	0.328081	0.0446134	0.000319159	8.77804e-05	0.000391734	
638	0.145555	0.0814133	0.0640037	0.000138778	0.649565	0.363319	0.285626	0.000619321	0.000184207	0.000822053	
639	0.159895	0.0760133	0.0838204	6.15373e-05	0.713557	0.339221	0.374061	0.00027462	0.000134871	0.000601886	
640	0.0875684	0.0803672	0.00716709	3.41491e-05	0.390787	0.358651	0.0319842	0.000152395	3.62515e-05	0.000161777	
641	0.0749862	0.0749187	6.75126e-05	0	0.334637	0.334336	0.000301285	0	0	0	
642	0.064378	0.0629775	0.00140051	0	0.287297	0.281047	0.00625	0	0	0	
643	0.206667	0.141715	0.0636581	0.00129359	0.922284	0.632427	0.284084	0.00577287	0.00199725	0.00891306	
644	0.103559	0.0822769	0.0212828	0	0.462151	0.367173	0.0949779	0	0	0	
645	0.0841732	0.0802747	0.00389494	3.56633e-06	0.375636	0.358238	0.0173817	1.59153e-05	6.78406e-06	3.02749e-05	
646	0.154494	0.07488	0.0795314	8.30061e-05	0.689455	0.334163	0.354921	0.000370427	0.000148094	0.000660893	
647	0.208455	0.123652	0.081871	0.00293186	0.930266	0.55182	0.365362	0.0130839	0.00312864	0.013962	
648	0.144247	0.117113	0.0270367	9.74969e-05	0.643728	0.522637	0.120655	0.000435095	0.000113022	0.000504382	
649	0.064244	0.0642425	1.49521e-06	0	0.286698	0.286692	6.67261e-06	0	0	0	
650	0.0729125	0.072874	3.85177e-05	0	0.325383	0.325211	0.000171891	0	0	0	
651	0.103796	0.101349	0.0024473	0	0.46321	0.452288	0.0109214	0	0	0	
652	0.110958	0.0823457	0.0281316	0.0004809	0.495168	0.36748	0.125541	0.00214609	0.000738494	0.00329564	
653	0.105445	0.0875315	0.0179114	2.39395e-06	0.470566	0.390623	0.0799325	1.06834e-05	8.86356e-06	3.9555e-05	
654	0.115557	0.0881282	0.027336	9.36465e-05	0.515695	0.393285	0.121991	0.000417912	0.000164572	0.000734429	
655	0.123444	0.080948	0.0413949	0.00110178	0.550891	0.361243	0.184731	0.00491688	0.00137072	0.00611706	
656	0.225045	0.118265	0.103734	0.00304484	1.00429	0.527778	0.462933	0.013588	0.00506333	0.0225959	
657	0.120714	0.0800056	0.0407088	0	0.538707	0.357037	0.181669	0	0	0	
658	0.105603	0.0752618	0.0302671	7.48283e-05	0.471273	0.335867	0.135071	0.000333933	0.000122355	0.000546029	
659	0.126139	0.0956702	0.0298275	0.000641465	0.562916	0.426943	0.13311	0.00286263	0.000780166	0.00348161	
660	0.154686	0.10036	0.0541016	0.000224263	0.690311	0.447873	0.241437	0.0010008	0.000411438	0.0018361	
661	0.174344	0.0982853	0.0754253	0.000634096	0.77804	0.438613	0.336597	0.00282975	0.000822275	0.00366953	
662	0.1183	0.08041	0.037786	0.000103972	0.527932	0.358842	0.168626	0.000463992	0.000207796	0.000927322	
663	0.111304	0.0803286	0.0307195	0.000256743	0.496715	0.358478	0.13709	0.00114575	0.000405736	0.00181066	
664	0.0972705	0.0872978	0.00996354	9.22309e-06	0.434085	0.38958	0.0444638	4.11594e-05	3.13578e-05	0.000139939	
665	0.103937	0.0871925	0.0167387	6.57034e-06	0.463838	0.38911	0.0746992	2.93211e-05	9.86582e-06	4.40277e-05	
666	0.105543	0.0789319	0.0264464	0.000165179	0.471004	0.352245	0.118021	0.00073714	0.000238919	0.00106621	
667	0.164464	0.104803	0.0564714	0.00318864	0.733946	0.467704	0.252012	0.0142298	0.00389947	0.017402	
668	0.102468	0.0830387	0.0194004	2.89078e-05	0.457279	0.370573	0.0865775	0.000129005	3.42862e-05	0.000153007	
669	0.0455322	0.0435017	0.00203044	0	0.203194	0.194133	0.00906118	0	0	0	
670	0.0886857	0.0826153	0.00601722	5.32245e-05	0.395773	0.368683	0.0268527	0.000237522	5.32153e-05	0.000237481	
671	0.0535644	0.050636	0.00292837	0	0.239039	0.225971	0.0130683	0	0	0	
672	0.150297	0.111953	0.0381848	0.000159411	0.670727	0.49961	0.170405	0.000711397	0.000206986	0.000923711	
673	0.140548	0.10145	0.0383289	0.000769093	0.62722	0.452739	0.171048	0.00343219	0.00143473	0.00640272	
674	0.127574	0.095339	0.0320881	0.000147508	0.569321	0.425465	0.143198	0.00065828	0.000202279	0.000902701	
675	0.114069	0.0811819	0.0327475	0.000140133	0.509053	0.362287	0.14614	0.000625366	0.000188583	0.000841584	
676	0.138023	0.109773	0.0279844	0.00026501	0.61595	0.489883	0.124884	0.00118265	0.00032495	0.00145014	
677	0.0968722	0.0934245	0.00343525	1.24455e-05	0.432307	0.416921	0.0153303	5.55402e-05	1.30336e-05	5.81648e-05	
678	0.103295	0.0803055	0.0229359	5.40279e-05	0.460972	0.358376	0.102355	0.000241108	7.25586e-05	0.000323804	
679	0.129219	0.0909866	0.0382121	2.06873e-05	0.576661	0.406041	0.170527	9.23205e-05	2.4764e-05	0.000110513	
680	0.128349	0.110392	0.0179579	0	0.572781	0.492641	0.08014	0	0	0	
681	0.110878	0.097747	0.0130736	5.79612e-05	0.494812	0.436211	0.058343	0.00025866	5.86504e-05	0.000261736	
682	0.0993374	0.097647	0.00169037	0	0.443308	0.435765	0.00754354	0	0	0	
683	0.100346	0.0911874	0.00915945	0	0.447813	0.406937	0.0408755	0	0	0	
684	0.11507	0.0942763	0.0207632	3.13423e-05	0.513521	0.420722	0.0926592	0.000139869	3.30393e-05	0.000147443	
685	0.196554	0.140755	0.054925	0.000874115	0.877155	0.628142	0.245111	0.00390087	0.00087925	0.00392379	
686	0.111068	0.0905274	0.0200517	0.000488926	0.495658	0.403992	0.0894838	0.00218191	0.000914764	0.00408227	
687	0.082141	0.077837	0.00429251	1.15566e-05	0.366567	0.347359	0.019156	5.15733e-05	1.41448e-05	6.31235e-05	
688	0.0642497	0.0642497	0	0	0.286724	0.286724	0	0	0	0	
689	0.00833008	0.00715263	0.00117744	0	0.0371743	0.0319197	0.00525454	0	0	0	
690	0.0617442	0.0598422	0.00189395	8.11989e-06	0.275543	0.267055	0.00845205	3.62362e-05	8.25288e-06	3.68297e-05	
691	0.106229	0.0981334	0.0080087	8.70328e-05	0.474064	0.437935	0.03574	0.000388397	9.41933e-05	0.000420352	
692	0.0729281	0.0729265	1.59306e-06	0	0.325453	0.325446	7.10931e-06	0	0	0	
693	0.0915938	0.0793416	0.0122465	5.688e-06	0.408751	0.354074	0.0546519	2.53836e-05	8.32074e-06	3.71326e-05	
694	0.211817	0.154419	0.0563128	0.00108472	0.945267	0.689122	0.251304	0.00484074	0.00143519	0.00640476	
695	0.0960045	0.0793247	0.0166693	1.04324e-05	0.428435	0.353999	0.0743895	4.65563e-05	1.6493e-05	7.36025e-05	
696	0.219075	0.15976	0.0582547	0.00106075	0.97766	0.712955	0.25997	0.0047338	0.0015006	0.00669669	
697	0.157454	0.0827893	0.0734834	0.00118153	0.702664	0.36946	0.327931	0.0052728	0.00247914	0.0110635	
698	0.256339	0.195807	0.0601527	0.000379759	1.14395	0.873819	0.268441	0.00169473	0.000519001	0.00231612	
699	0.296131	0.185352	0.109273	0.00150552	1.32153	0.827164	0.487652	0.00671862	0.00175645	0.00783846	
700	0.0825229	0.0825229	0	0	0.368271	0.368271	0	0	0	0	
701	0.0823793	0.0823793	0	0	0.36763	0.36763	0	0	0	0	
702	0.115105	0.106244	0.00885689	4.17201e-06	0.513677	0.474133	0.0395252	1.86182e-05	5.9022e-06	2.63395e-05	
703	0.0920653	0.0876259	0.00443727	2.10584e-06	0.410855	0.391044	0.019802	9.39764e-06	2.08618e-06	9.30993e-06	
704	0.0912482	0.0794266	0.0118156	5.90866e-06	0.407209	0.354453	0.0527293	2.63683e-05	7.45873e-06	3.32857e-05	
705	0.096591	0.0880515	0.00853955	0	0.431052	0.392943	0.0381091	0	0	0	
706	0.250017	0.158138	0.091462	0.000417042	1.11574	0.705716	0.408163	0.00186111	0.00066624	0.0029732	
707	0.0872682	0.0802321	0.00703603	0	0.389447	0.358048	0.0313993	0	0	0	
708	0.079901	0.079901	0	0	0.35657	0.35657	0	0	0	0	
709	0.122976	0.103321	0.0193775	0.000277362	0.548801	0.461088	0.0864752	0.00123777	0.000281229	0.00125502	
710	0.16731	0.0959414	0.0713337	3.53293e-05	0.746649	0.428153	0.318338	0.000157662	8.68961e-05	0.000387787	
711	0.0965786	0.080626	0.0159526	0	0.430997	0.359806	0.0711909	0	0	0	
712	0.0769262	0.0765171	0.000409115	0	0.343295	0.341469	0.00182574	0	0	0	
713	0.0900751	0.0783599	0.0117152	0	0.401974	0.349693	0.052281	0	0	0	
714	0.0937	0.0816185	0.0120815	0	0.418151	0.364235	0.0539155	0	0	0	
715	0.0707632	0.0700043	0.000758893	0	0.315791	0.312405	0.00338667	0	0	0	
716	0.0785735	0.0749321	0.0036411	2.99452e-07	0.350646	0.334396	0.016249	1.33635e-06	1.04803e-06	4.67702e-06	
717	0.0946384	0.0882244	0.00641136	2.66572e-06	0.422338	0.393715	0.0286117	1.18962e-05	2.64629e-06	1.18094e-05	
718	0.116708	0.108075	0.00858943	4.3289e-05	0.520828	0.482304	0.0383316	0.000193184	4.80331e-05	0.000214355	
719	0.0708126	0.0628836	0.00789294	3.60783e-05	0.316012	0.280628	0.0352234	0.000161005	3.60588e-05	0.000160918	
720	0.0626999	0.0620447	0.000655123	0	0.279808	0.276884	0.00292358	0	0	0	
721	0.126649	0.106254	0.0201247	0.000269578	0.56519	0.474178	0.0898098	0.00120303	0.00027077	0.00120835	
722	0.0812793	0.0807994	0.000479861	0	0.362721	0.36058	0.00214145	0	0	0	
723	0.11068	0.101976	0.0086997	3.76677e-06	0.493928	0.455088	0.0388238	1.68097e-05	3.74702e-06	1.67216e-05	
724	0.080914	0.0804342	0.000479861	0	0.361091	0.35895	0.00214145	0	0	0	
725	0.0944848	0.062345	0.0321398	0	0.421653	0.278224	0.143428	0	0	0	
726	0.0452228	0.0425047	0.00271806	0	0.201813	0.189684	0.0121298	0	0	0	
727	0.0892252	0.0886804	0.000544766	0	0.398181	0.39575	0.0024311	0	0	0	
728	0.101225	0.0851484	0.0159508	0.000125882	0.451732	0.379988	0.0711829	0.000561772	0.000310448	0.00138542	
729	0.104445	0.0773478	0.0262238	0.000873893	0.466104	0.345176	0.117027	0.00389988	0.000873873	0.00389979	
730	0.110655	0.104545	0.00610348	6.70523e-06	0.493817	0.46655	0.0272377	2.99231e-05	1.31434e-05	5.86546e-05	
731	0.12055	0.094132	0.0255306	0.000887598	0.537974	0.420079	0.113934	0.00396104	0.000924607	0.0041262	
732	0.0831268	0.0771204	0.00600637	0	0.370966	0.344162	0.0268043	0	0	0	
733	0.10204	0.0916725	0.0103439	2.37838e-05	0.45537	0.409103	0.0461614	0.000106139	3.22393e-05	0.000143873	
734	0.113239	0.106494	0.00673243	1.29067e-05	0.505348	0.475246	0.0300445	5.75984e-05	1.44834e-05	6.46346e-05	
735	0.068029	0.0655129	0.0025161	0	0.30359	0.292361	0.0112285	0	0	0	
736	0.0577988	0.0553123	0.00248648	0	0.257936	0.246839	0.0110963	0	0	0	
737	0.0938097	0.0793854	0.0144242	0	0.41864	0.35427	0.0643706	0	0	0	
738	0.121633	0.112803	0.00878555	4.43734e-05	0.542806	0.503402	0.0392068	0.000198023	4.77766e-05	0.00021321	
739	0.0661348	0.0646167	0.00151809	0	0.295136	0.288362	0.00677475	0	0	0	
740	0.0365847	0.0365753	9.43439e-06	0	0.163265	0.163223	4.21024e-05	0	0	0	
741	0.0905707	0.0861091	0.00445514	6.47299e-06	0.404186	0.384275	0.0198817	2.88867e-05	4.89898e-05	0.000218624	
742	0.145132	0.12255	0.0225557	2.6256e-05	0.647674	0.546899	0.100658	0.000117171	2.62361e-05	0.000117082	
743	0.0887402	0.0839027	0.00478242	5.51066e-05	0.396017	0.374429	0.0213423	0.000245922	5.5087e-05	0.000245834	
744	0.056497	0.0551698	0.00132715	0	0.252126	0.246204	0.00592261	0	0	0	
745	0.122624	0.101396	0.0211512	7.60436e-05	0.547228	0.452498	0.0943909	0.000339356	8.08664e-05	0.000360878	
746	0.0815756	0.0748912	0.00668449	0	0.364044	0.334213	0.0298306	0	0	0	
747	0.0857147	0.083961	0.0017537	0	0.382515	0.374689	0.00782619	0	0	0	
748	0.100689	0.0819483	0.0186747	6.67314e-05	0.449343	0.365707	0.0833388	0.000297799	8.80135e-05	0.000392774	
749	0.118403	0.111985	0.00641529	3.63478e-06	0.528396	0.49975	0.0286292	1.62207e-05	3.61516e-06	1.61332e-05	
750	0.0905091	0.0818486	0.00866048	0	0.403911	0.365262	0.0386487	0	0	0	
751	0.310146	0.151409	0.141825	0.0169107	1.38407	0.675689	0.632918	0.075467	0.0206645	0.0922186	
752	0.0970187	0.076108	0.0209044	6.31266e-06	0.432961	0.339644	0.0932892	2.81712e-05	9.81012e-06	4.37792e-05	
753	0.100845	0.0921853	0.00866048	0	0.45004	0.411391	0.0386487	0	0	0	
754	0.216707	0.175853	0.0408177	3.61308e-05	0.967088	0.784772	0.182155	0.000161239	5.39244e-05	0.000240646	
755	0.117342	0.0917136	0.0256254	3.52671e-06	0.523659	0.409286	0.114357	1.57385e-05	7.47494e-06	3.33581e-05	
756	0.204525	0.113629	0.0908949	7.28187e-07	0.912726	0.50709	0.405632	3.24964e-06	1.58427e-06	7.07009e-06	
757	0.128837	0.0772549	0.0477801	0.00380256	0.574958	0.344762	0.213226	0.0169695	0.00418357	0.0186698	
758	0.213714	0.127348	0.086221	0.000144235	0.953733	0.568314	0.384775	0.000643671	0.00014563	0.0006499	
759	0.119589	0.0710607	0.0484375	9.09503e-05	0.533685	0.317119	0.21616	0.000405879	0.00207244	0.00924859	
760	0.115861	0.0863822	0.0294794	0	0.51705	0.385494	0.131556	0	0	0	
761	0.122506	0.109456	0.0129036	0.000146305	0.546704	0.488467	0.0575844	0.000652909	0.000148937	0.000664656	
762	0.0504606	0.0504606	0	0	0.225188	0.225188	0	0	0	0	
763	0.0551983	0.053732	0.00146632	0	0.246331	0.239787	0.00654372	0	0	0	
764	0.0776996	0.0763806	0.00131898	0	0.346746	0.34086	0.00588618	0	0	0	
765	0.086741	0.0834496	0.00328611	5.27858e-06	0.387095	0.372406	0.0146647	2.35565e-05	5.25903e-06	2.34692e-05	
766	0.0528578	0.0443072	0.00829736	0.000253322	0.235886	0.197727	0.0370282	0.00113049	0.000253302	0.0011304	
767	0.0508719	0.0429585	0.00785588	5.75328e-05	0.227024	0.191709	0.0350581	0.000256749	6.21762e-05	0.000277471	
768	0.0451081	0.0451081	0	0	0.201302	0.201302	0	0	0	0	
769	0.0785981	0.0522371	0.0259376	0.000423414	0.350756	0.233116	0.11575	0.00188955	0.000807101	0.00360181	
770	0.0790714	0.0563116	0.0227598	0	0.352868	0.251299	0.101569	0	0	0	
771	0.0993112	0.077898	0.0214108	2.4436e-06	0.443192	0.347632	0.0955491	1.09049e-05	2.10772e-05	9.40603e-05	
772	0.102795	0.102795	0	0	0.458741	0.458741	0	0	0	0	
773	0.109076	0.0901176	0.0189593	2.22666e-08	0.486773	0.402163	0.0846092	9.93682e-08	1.88539e-08	8.41385e-08	
774	0.0772784	0.0772784	0	0	0.344867	0.344867	0	0	0	0	
775	0.0753073	0.0753073	0	0	0.33607	0.33607	0	0	0	0	
776	0.0646043	0.0646043	0	0	0.288306	0.288306	0	0	0	0	
777	0.0739863	0.0739863	0	0	0.330175	0.330175	0	0	0	0	
778	0.0918602	0.0918602	0	0	0.40994	0.40994	0	0	0	0	
779	0.159725	0.110244	0.0494804	0	0.712798	0.491984	0.220814	0	0	0	
780	0.0486936	0.0432879	0.00540569	0	0.217303	0.193179	0.0241237	0	0	0	
781	0.0594957	0.0422932	0.0172024	0	0.265508	0.18874	0.0767688	0	0	0	
782	0.104935	0.09474	0.0101954	0	0.468291	0.422792	0.0454988	0	0	0	
783	0.223418	0.134298	0.0858244	0.00329565	0.997041	0.599329	0.383005	0.0147073	0.0100714	0.0449452	
784	0.07144	0.07144	0	0	0.318812	0.318812	0	0	0	0	
785	0.12767	0.0750274	0.0525509	9.21008e-05	0.569749	0.334821	0.234516	0.000411014	0.000134721	0.000601216	
786	0.126722	0.0945148	0.0318899	0.00031739	0.565517	0.421787	0.142313	0.0014164	0.00109741	0.00489738	
787	0.196387	0.0837107	0.110925	0.00175068	0.876408	0.373572	0.495023	0.00781269	0.00496602	0.0221616	
788	0.148869	0.0912659	0.0574581	0.000144997	0.664351	0.407288	0.256415	0.000647074	0.00023988	0.0010705	
789	0.102378	0.102378	0	0	0.456878	0.456878	0	0	0	0	
790	0.117117	0.0842211	0.0328778	1.89581e-05	0.522657	0.37585	0.146722	8.46036e-05	1.89379e-05	8.45135e-05	
791	0.126406	0.0869849	0.0393854	3.61258e-05	0.564108	0.388183	0.175763	0.000161217	3.61056e-05	0.000161127	
792	0.0924756	0.0822802	0.0101954	0	0.412687	0.367188	0.0454988	0	0	0	
793	0.237015	0.147077	0.0852839	0.00465419	1.05771	0.656354	0.380592	0.02077	0.00542895	0.0242275	
794	0.110022	0.0894522	0.0205698	0	0.49099	0.399194	0.091796	0	0	0	
795	0.137619	0.10543	0.0321144	7.40463e-05	0.614146	0.4705	0.143315	0.000330443	0.000113359	0.000505882	
796	0.0936766	0.0936766	0	0	0.418046	0.418046	0	0	0	0	
797	0.0538975	0.053196	0.000701584	0	0.240526	0.237395	0.00313092	0	0	0	
798	0.194556	0.103679	0.0905159	0.000361181	0.868239	0.462686	0.403941	0.00161183	0.000463427	0.00206811	
799	0.188977	0.12916	0.0596112	0.000206527	0.843343	0.576397	0.266024	0.000921662	0.00025027	0.00111686	
800	0.201478	0.158581	0.0428945	1.88452e-06	0.899127	0.707695	0.191423	8.41e-06	1.86409e-06	8.31881e-06	
801	0.159845	0.085179	0.0738904	0.000776323	0.713336	0.380124	0.329747	0.00346446	0.00136158	0.0060763	
802	0.127045	0.0862532	0.0406911	0.00010155	0.566962	0.384918	0.18159	0.000453187	0.000127765	0.000570174	
803	0.0832084	0.0832084	0	0	0.37133	0.37133	0	0	0	0	
804	0.184313	0.150863	0.0326977	0.000752449	0.822527	0.67325	0.145918	0.00335792	0.000752601	0.0033586	
805	0.221114	0.143748	0.0742358	0.00312996	0.986757	0.6415	0.331288	0.0139679	0.00409021	0.0182532	
806	0.148061	0.10682	0.0406484	0.000592478	0.660749	0.476705	0.1814	0.00264402	0.000791268	0.00353116	
807	0.153013	0.119211	0.0337663	3.561e-05	0.682848	0.532001	0.150687	0.000158915	5.29589e-05	0.000236337	
808	0.171329	0.152453	0.0188662	9.10434e-06	0.764582	0.680348	0.0841937	4.06295e-05	1.37161e-05	6.12105e-05	
809	0.187518	0.112083	0.0751787	0.000256618	0.836831	0.500189	0.335497	0.0011452	0.000344717	0.00153835	
810	0.078018	0.0778611	0.000156951	0	0.348167	0.347467	0.000700418	0	0	0	
811	0.124943	0.097008	0.0279225	1.25704e-05	0.557578	0.432913	0.124608	5.60976e-05	3.47223e-05	0.000154953	
812	0.162797	0.112033	0.050039	0.000725729	0.726511	0.499965	0.223306	0.00323867	0.000822788	0.00367182	
813	0.0638826	0.0638826	0	0	0.285086	0.285086	0	0	0	0	
814	0.0943842	0.0813818	0.0129885	1.38736e-05	0.421204	0.363179	0.0579632	6.19133e-05	2.73148e-05	0.000121896	
815	0.145602	0.132456	0.0129754	0.000171202	0.649775	0.591106	0.0579049	0.000764016	0.00017202	0.00076767	
816	0.263456	0.155591	0.107018	0.000847171	1.17571	0.69435	0.477585	0.00378063	0.00221545	0.00988683	
817	0.153813	0.097044	0.0565781	0.00019126	0.686416	0.433074	0.252489	0.000853528	0.000226023	0.00100866	
818	0.182944	0.124077	0.0586815	0.000185656	0.816418	0.553714	0.261875	0.000828519	0.000253935	0.00113322	
819	0.0679536	0.0668578	0.00109583	0	0.303253	0.298363	0.00489033	0	0	0	
820	0.0940745	0.0906172	0.00345243	4.91494e-06	0.419822	0.404393	0.015407	2.19337e-05	6.41379e-06	2.86225e-05	
821	0.0276174	0.0275199	9.74666e-05	0	0.123247	0.122812	0.00043496	0	0	0	
822	0.0922311	0.0841344	0.00809672	0	0.411595	0.375463	0.0361328	0	0	0	
823	0.0627206	0.058913	0.00377248	3.51562e-05	0.2799	0.262908	0.0168352	0.00015689	3.51366e-05	0.000156802	
824	0.1194	0.119372	2.83717e-05	0	0.532845	0.532718	0.000126613	0	0	0	
825	0.078394	0.078394	0	0	0.349845	0.349845	0	0	0	0	
826	0.117576	0.105897	0.0116786	0	0.524701	0.472584	0.0521178	0	0	0	
827	0.0839597	0.0839314	2.83717e-05	0	0.374683	0.374556	0.000126613	0	0	0	
828	0.158143	0.103415	0.0545529	0.000174946	0.705739	0.461508	0.24345	0.000780725	0.00026053	0.00116265	
829	0.134652	0.10132	0.0333324	0	0.600908	0.452156	0.148751	0	0	0	
830	0.162389	0.133606	0.0287828	0	0.724686	0.596238	0.128447	0	0	0	
831	0.100705	0.100406	0.000298856	0	0.449415	0.448081	0.00133369	0	0	0	
832	0.0854763	0.0836514	0.00182492	0	0.381451	0.373307	0.00814401	0	0	0	
833	0.089424	0.0882003	0.00122356	2.19522e-07	0.399068	0.393607	0.00546034	9.79652e-07	8.62149e-07	3.84747e-06	
834	0.0983766	0.0976662	0.000709979	4.58817e-07	0.439021	0.43585	0.00316839	2.04754e-06	4.83467e-07	2.15755e-06	
835	0.0993242	0.0963351	0.00298914	0	0.44325	0.42991	0.0133395	0	0	0	
836	0.144874	0.115873	0.0289834	1.80981e-05	0.646525	0.517101	0.129342	8.07658e-05	2.10543e-05	9.39584e-05	
837	0.128789	0.119803	0.00893218	5.40344e-05	0.574744	0.534642	0.0398612	0.000241137	5.65863e-05	0.000252525	
838	0.145082	0.0970093	0.0480284	4.47945e-05	0.647453	0.432919	0.214334	0.000199902	6.3139e-05	0.000281767	
839	0.205259	0.151858	0.0524954	0.000906271	0.916003	0.67769	0.234268	0.00404437	0.00110589	0.00493521	
840	0.1099	0.0763843	0.0335164	0	0.490449	0.340877	0.149572	0	0	0	
841	0.113877	0.0796254	0.0340135	0.000238234	0.508194	0.35534	0.15179	0.00106315	0.000522698	0.00233262	
842	0.103444	0.0975317	0.00591259	0	0.461636	0.43525	0.0263858	0	0	0	
843	0.138932	0.120909	0.0178839	0.000139543	0.620008	0.539575	0.0798097	0.000622736	0.000155968	0.000696032	
844	0.129038	0.10946	0.0195589	1.95928e-05	0.575854	0.488482	0.0872848	8.74362e-05	1.95724e-05	8.73448e-05	
845	0.193865	0.133904	0.0584995	0.0014615	0.865153	0.597568	0.261063	0.00652218	0.00151632	0.00676682	
846	0.104598	0.0934447	0.0111536	0	0.466786	0.417011	0.0497747	0	0	0	
847	0.123064	0.0952827	0.0277722	9.07139e-06	0.549192	0.425213	0.123937	4.04825e-05	9.90398e-06	4.4198e-05	
848	0.105406	0.102126	0.00328022	7.47568e-08	0.470394	0.455755	0.0146385	3.33613e-07	9.1839e-08	4.09846e-07	
849	0.100348	0.0962279	0.0041121	8.38206e-06	0.44782	0.429432	0.0183509	3.74062e-05	8.39595e-06	3.74682e-05	
850	0.0799882	0.0796239	0.000364329	0	0.35696	0.355334	0.00162587	0	0	0	
851	0.0641671	0.0641536	1.34079e-05	0	0.286355	0.286295	5.98352e-05	0	0	0	
852	0.0960625	0.084274	0.0117654	2.30427e-05	0.428694	0.376086	0.0525052	0.000102831	3.23971e-05	0.000144577	
853	0.106212	0.102803	0.00340882	0	0.473991	0.458778	0.0152124	0	0	0	
854	0.102626	0.0939216	0.00869132	1.35631e-05	0.457986	0.41914	0.0387863	6.05277e-05	1.47831e-05	6.59721e-05	
855	0.11158	0.0926271	0.0183208	0.000632182	0.497943	0.413363	0.0817596	0.00282121	0.000632162	0.00282112	
856	0.113055	0.102967	0.0100878	0	0.504526	0.459507	0.0450186	0	0	0	
857	0.062957	0.062957	0	0	0.280955	0.280955	0	0	0	0	
858	0.10033	0.0848097	0.0155096	1.09299e-05	0.447739	0.378476	0.0692143	4.87764e-05	2.58206e-05	0.000115228	
859	0.123965	0.111154	0.012811	0	0.553214	0.496043	0.0571711	0	0	0	
860	0.09361	0.0835222	0.0100878	0	0.417749	0.37273	0.0450186	0	0	0	
861	0.0856636	0.0856636	0	0	0.382287	0.382287	0	0	0	0	
862	0.110679	0.078262	0.0323985	1.85674e-05	0.493923	0.349256	0.144583	8.28601e-05	1.85467e-05	8.27677e-05	
863	0.122288	0.114181	0.00810743	0	0.545731	0.50955	0.0361807	0	0	0	
864	0.108123	0.0944512	0.0136725	0	0.482519	0.421503	0.061016	0	0	0	
865	0.116585	0.115721	0.000863744	0	0.52028	0.516426	0.00385459	0	0	0	
866	0.0756808	0.0752051	0.00047565	0	0.337737	0.335614	0.00212266	0	0	0	
867	0.085696	0.085696	0	0	0.382432	0.382432	0	0	0	0	
868	0.105177	0.0989353	0.00618894	5.28573e-05	0.469369	0.441514	0.0276191	0.000235883	5.59493e-05	0.000249682	
869	0.0964196	0.093653	0.002761	5.63769e-06	0.430287	0.417941	0.0123214	2.5159e-05	6.08932e-06	2.71745e-05	
870	0.129309	0.124951	0.00435756	0	0.577061	0.557615	0.0194463	0	0	0	
871	0.107387	0.0978943	0.00947143	2.17144e-05	0.479233	0.436868	0.0422677	9.69041e-05	2.16992e-05	9.68363e-05	
872	0.0414855	0.0414855	0	0	0.185135	0.185135	0	0	0	0	
873	0.0994489	0.0989956	0.000453286	0	0.443806	0.441783	0.00202286	0	0	0	
874	0.103233	0.0900486	0.0130224	0.000162169	0.460694	0.401856	0.0581145	0.000723706	0.000162149	0.000723619	
875	0.0810466	0.0807568	0.00028978	0	0.361683	0.36039	0.00129318	0	0	0	
876	0.0440563	0.0440563	0	0	0.196608	0.196608	0	0	0	0	
877	0.0985985	0.0868467	0.0117042	4.7523e-05	0.440011	0.387567	0.0522319	0.000212078	4.78221e-05	0.000213413	
878	0.0992759	0.0984754	0.000800489	0	0.443034	0.439461	0.0035723	0	0	0	
879	0.0864615	0.0864615	0	0	0.385847	0.385847	0	0	0	0	
880	0.0904075	0.0869103	0.00349716	0	0.403457	0.387851	0.0156066	0	0	0	
881	0.0811784	0.0786335	0.00253015	1.48218e-05	0.362271	0.350914	0.0112912	6.61447e-05	1.48021e-05	6.60568e-05	
882	0.0920265	0.0886699	0.0033547	1.97356e-06	0.410682	0.395703	0.0149708	8.80733e-06	1.95385e-06	8.71939e-06	
883	0.0587488	0.0587488	0	0	0.262175	0.262175	0	0	0	0	
884	0.0781302	0.0781302	0	0	0.348668	0.348668	0	0	0	0	
885	0.0887541	0.0887541	0	0	0.396079	0.396079	0	0	0	0	
886	0.102803	0.100854	0.00194848	0	0.458775	0.450079	0.00869542	0	0	0	
887	0.0656533	0.0655492	0.000104087	0	0.292988	0.292523	0.000464505	0	0	0	
888	0.0960031	0.0960031	0	0	0.428429	0.428429	0	0	0	0	
889	0.0659856	0.0640748	0.00191081	0	0.294471	0.285944	0.00852729	0	0	0	
890	0.0957529	0.0908657	0.00487361	1.36267e-05	0.427312	0.405502	0.0217492	6.08116e-05	1.3607e-05	6.07236e-05	
891	0.0421658	0.0409247	0.00124105	0	0.188171	0.182633	0.00553838	0	0	0	
892	0.0580552	0.0580552	0	0	0.25908	0.25908	0	0	0	0	
893	0.0861644	0.0861644	0	0	0.384522	0.384522	0	0	0	0	
894	0.0833924	0.0830726	0.000319783	0	0.372151	0.370724	0.00142708	0	0	0	
895	0.0793699	0.0793699	0	0	0.3542	0.3542	0	0	0	0	
896	0.0784926	0.0781728	0.000319783	0	0.350285	0.348858	0.00142708	0	0	0	
897	0.0754003	0.0711159	0.00427676	7.67739e-06	0.336485	0.317366	0.0190857	3.42615e-05	7.71827e-06	3.4444e-05	
898	0.0725429	0.0725429	0	0	0.323734	0.323734	0	0	0	0	
899	0.0987794	0.0949172	0.0038622	0	0.440818	0.423582	0.0172356	0	0	0	
900	0.0812119	0.0812119	0	0	0.36242	0.36242	0	0	0	0	
901	0.193584	0.111504	0.0804753	0.00160477	0.863902	0.497607	0.359133	0.00716155	0.00194684	0.00868808	
902	0.0752587	0.0746336	0.000625116	0	0.335853	0.333064	0.00278967	0	0	0	
903	0.206734	0.115348	0.0911374	0.0002486	0.922583	0.514759	0.406714	0.00110941	0.000469764	0.00209639	
904	0.0678151	0.0673472	0.000467875	0	0.302635	0.300547	0.00208796	0	0	0	
905	0.158206	0.0922801	0.0659265	0	0.706021	0.411814	0.294207	0	0	0	
906	0.207863	0.129848	0.0775005	0.00051426	0.927622	0.579468	0.345858	0.00229496	0.000669847	0.00298929	
907	0.0798987	0.079873	2.57529e-05	0	0.35656	0.356445	0.000114926	0	0	0	
908	0.111452	0.0987474	0.012679	2.64462e-05	0.497376	0.440675	0.0565823	0.00011802	3.08323e-05	0.000137594	
909	0.106366	0.104975	0.00139064	0	0.474676	0.46847	0.00620596	0	0	0	
910	0.120963	0.0897356	0.031228	0	0.539819	0.400459	0.139359	0	0	0	
911	0.125288	0.106116	0.0186346	0.000536706	0.559117	0.473562	0.0831599	0.00239513	0.00053873	0.00240417	
912	0.104908	0.0954519	0.00944963	7.21286e-06	0.468171	0.425968	0.0421704	3.21885e-05	9.42796e-06	4.20737e-05	
913	0.114136	0.0982683	0.0157457	0.000122793	0.509353	0.438537	0.0702677	0.000547983	0.000122773	0.000547896	
914	0.0763668	0.0763668	0	0	0.340798	0.340798	0	0	0	0	
915	0.129034	0.0913272	0.0376748	3.26147e-05	0.575837	0.407562	0.168129	0.000145548	3.34161e-05	0.000149124	
916	0.106399	0.106399	0	0	0.474825	0.474825	0	0	0	0	
917	0.113852	0.09219	0.0216624	0	0.508084	0.411412	0.0966719	0	0	0	
918	0.127885	0.0885812	0.0382372	0.00106658	0.570706	0.395307	0.170639	0.00475981	0.00174066	0.00776797	
919	0.0900461	0.0858858	0.00416033	0	0.401844	0.383278	0.0185661	0	0	0	
920	0.115277	0.0854532	0.029793	3.08933e-05	0.514442	0.381348	0.132956	0.000137866	8.39216e-05	0.000374513	
921	0.0381567	0.0381567	0	0	0.17028	0.17028	0	0	0	0	
922	0.0193429	0.0190677	0.000275288	0	0.0863211	0.0850925	0.00122851	0	0	0	
923	0.0605832	0.0589632	0.00161725	2.79011e-06	0.270362	0.263132	0.00721726	1.24513e-05	2.77045e-06	1.23636e-05	
924	0.0595706	0.0514851	0.00808556	1.97152e-08	0.265843	0.22976	0.036083	8.79822e-08	4.60865e-06	2.05668e-05	
925	0.0465219	0.0446633	0.00185862	1.96578e-08	0.207611	0.199317	0.00829439	8.77259e-08	4.60865e-06	2.05668e-05	
926	0.0660263	0.0586023	0.00742395	0	0.294652	0.261522	0.0331305	0	0	0	
927	0.0781201	0.0770036	0.00111645	0	0.348623	0.34364	0.00498236	0	0	0	
928	0.103847	0.094791	0.00905642	0	0.463435	0.423019	0.0404156	0	0	0	
929	0.043525	0.0428462	0.000678857	0	0.194237	0.191207	0.0030295	0	0	0	
930	0.075874	0.0745035	0.00136427	6.26392e-06	0.338599	0.332483	0.00608829	2.79537e-05	6.24428e-06	2.78661e-05	
931	0.0932638	0.0822906	0.010949	2.41411e-05	0.416204	0.367234	0.0488619	0.000107733	2.41216e-05	0.000107646	
932	0.0861289	0.0838468	0.00228211	0	0.384363	0.374179	0.0101842	0	0	0	
933	0.0475529	0.0475529	0	0	0.212212	0.212212	0	0	0	0	
934	0.0460054	0.0453074	0.000697906	0	0.205306	0.202191	0.00311451	0	0	0	
935	0.0928435	0.0774532	0.0153543	3.59214e-05	0.414328	0.345647	0.0685213	0.000160305	5.34115e-05	0.000238357	
936	0.0760708	0.0755604	0.000510319	0	0.339477	0.3372	0.00227737	0	0	0	
937	0.0616886	0.0616886	0	0	0.275295	0.275295	0	0	0	0	
938	0.0671091	0.0671091	0	0	0.299484	0.299484	0	0	0	0	
939	0.0726697	0.0726697	0	0	0.324299	0.324299	0	0	0	0	
940	0.0749974	0.0742493	0.000748123	0	0.334687	0.331349	0.00333861	0	0	0	
941	0.0685118	0.0685118	0	0	0.305744	0.305744	0	0	0	0	
942	0.0706154	0.0706154	0	0	0.315132	0.315132	0	0	0	0	
943	0.0799818	0.0799818	0	0	0.356931	0.356931	0	0	0	0	
944	0.0634188	0.0634188	0	0	0.283016	0.283016	0	0	0	0	
945	0.0631393	0.0631393	0	0	0.281769	0.281769	0	0	0	0	
946	0.0654295	0.0654295	0	0	0.291989	0.291989	0	0	0	0	
947	0.0955376	0.0955376	0	0	0.426351	0.426351	0	0	0	0	
948	0.0650267	0.0541032	0.0109234	0	0.290191	0.241444	0.0487477	0	0	0	
949	0.0645542	0.0645542	0	0	0.288083	0.288083	0	0	0	0	
950	0.0858785	0.0858785	0	0	0.383246	0.383246	0	0	0	0	
951	0.115735	0.115735	0	0	0.516488	0.516488	0	0	0	0	
952	0.04939	0.04939	0	0	0.22041	0.22041	0	0	0	0	
953	0.0539359	0.0531877	0.000748123	0	0.240697	0.237358	0.00333861	0	0	0	
954	0.0867785	0.0862175	0.000560999	1.08647e-07	0.387262	0.384759	0.00250354	4.84856e-07	8.89974e-08	3.97164e-07	
955	0.088897	0.088897	0	0	0.396716	0.396716	0	0	0	0	
956	0.0535918	0.0495948	0.00399701	0	0.239162	0.221324	0.0178373	0	0	0	
957	0.0788053	0.0788053	0	0	0.351681	0.351681	0	0	0	0	
958	0.0831608	0.0691631	0.0139977	0	0.371118	0.308651	0.062467	0	0	0	
959	0.0907401	0.0907401	0	0	0.404941	0.404941	0	0	0	0	
960	0.0565374	0.0565373	0	0	0.252306	0.252306	0	0	0	0	
961	0.0762461	0.0747527	0.00149342	0	0.34026	0.333595	0.00666465	0	0	0	
962	0.0977796	0.0977274	5.22286e-05	0	0.436356	0.436123	0.000233078	0	0	0	
963	0.145408	0.145355	5.22286e-05	0	0.648906	0.648673	0.000233078	0	0	0	
964	0.104496	0.104057	0.000438601	0	0.466332	0.464375	0.00195732	0	0	0	
965	0.150117	0.0959434	0.0541744	0	0.669924	0.428162	0.241761	0	0	0	
966	0.155536	0.101361	0.0541744	0	0.694103	0.452342	0.241761	0	0	0	
967	0.0443247	0.0442021	0.000122575	0	0.197806	0.197259	0.000547013	0	0	0	
968	0.0704547	0.0704547	0	0	0.314415	0.314415	0	0	0	0	
969	0.201461	0.177331	0.0240522	7.80509e-05	0.899055	0.79137	0.107337	0.000348314	8.36565e-05	0.00037333	
970	0.203175	0.173141	0.0298919	0.000142615	0.906702	0.772669	0.133397	0.000636445	0.000186594	0.000832708	
