Node	dPC	dPCintra	dPCflux	dPCconnector	varPC	varPCintra	varPCflux	varPCconnector	dBC_PC	varBC_PC	
1	0.174862	0.165151	0.00970332	7.52576e-06	0.779943	0.736629	0.04328	3.35674e-05	7.63272e-06	3.40444e-05	
2	0.0928987	0.0831359	0.00970523	5.75625e-05	0.414359	0.370813	0.0432885	0.000256748	7.34747e-05	0.000327721	
3	0.093883	0.081445	0.0124203	1.76954e-05	0.418749	0.363271	0.0553989	7.89277e-05	2.64428e-05	0.000117943	
4	0.0571749	0.0571749	0	0	0.255019	0.255019	0	0	0	0	
5	0.11137	0.105798	0.00557209	2.25222e-07	0.496748	0.471894	0.0248534	1.00456e-06	2.00922e-07	8.96182e-07	
6	0.0948155	0.0891126	0.00566538	3.751e-05	0.422908	0.397471	0.0252694	0.000167307	4.19955e-05	0.000187314	
7	0.0874562	0.0858283	0.00162791	0	0.390083	0.382822	0.00726105	0	0	0	
8	0.119978	0.102569	0.0174086	5.05502e-07	0.535145	0.457494	0.0776482	2.2547e-06	5.59038e-07	2.49349e-06	
9	0.087378	0.0862557	0.00112009	2.2305e-06	0.389734	0.384729	0.00499599	9.94878e-06	2.19855e-06	9.80627e-06	
10	0.0593088	0.0590916	0.000217259	0	0.264537	0.263568	0.00096905	0	0	0	
11	0.0844099	0.0788732	0.00553669	0	0.376496	0.3518	0.0246954	0	0	0	
12	0.0959503	0.0941933	0.00175626	7.74522e-07	0.42797	0.420133	0.00783353	3.45462e-06	2.7756e-06	1.23801e-05	
13	0.102767	0.102767	0	0	0.458377	0.458377	0	0	0	0	
14	0.0835807	0.0832302	0.000350566	0	0.372797	0.371234	0.00156364	0	0	0	
15	0.096706	0.0925285	0.00417748	0	0.431341	0.412708	0.0186329	0	0	0	
16	0.073133	0.073133	0	0	0.326197	0.326197	0	0	0	0	
17	0.0865405	0.0843196	0.00221928	1.67785e-06	0.385999	0.376093	0.00989875	7.48379e-06	1.64591e-06	7.34134e-06	
18	0.0731473	0.0720059	0.00114138	0	0.326261	0.32117	0.00509097	0	0	0	
19	0.0879482	0.0841331	0.00380262	1.25271e-05	0.392278	0.375261	0.0169609	5.58753e-05	1.29622e-05	5.78157e-05	
20	0.0590027	0.0590027	0	0	0.263171	0.263171	0	0	0	0	
21	0.0847536	0.0815864	0.00316443	2.81192e-06	0.378029	0.363902	0.0141144	1.25421e-05	2.78006e-06	1.23999e-05	
22	0.0901809	0.0873952	0.00278119	4.46722e-06	0.402236	0.389811	0.012405	1.99253e-05	5.24515e-06	2.33951e-05	
23	0.0987426	0.0947737	0.00396502	3.92994e-06	0.440424	0.422722	0.0176853	1.75288e-05	4.2778e-06	1.90804e-05	
24	0.0658312	0.0649617	0.000869459	0	0.293629	0.289751	0.00387807	0	0	0	
25	0.121279	0.115303	0.00597122	4.64153e-06	0.540946	0.514291	0.0266336	2.07027e-05	5.12322e-06	2.28512e-05	
26	0.0857405	0.0841161	0.00162437	0	0.382431	0.375185	0.00724525	0	0	0	
27	0.0791893	0.0760843	0.00310498	0	0.35321	0.339361	0.0138492	0	0	0	
28	0.0619918	0.0619918	0	0	0.276504	0.276504	0	0	0	0	
29	0.104033	0.101075	0.00295836	0	0.464025	0.450829	0.0131952	0	0	0	
30	0.164408	0.148552	0.0157976	5.83048e-05	0.733314	0.662592	0.0704629	0.000260059	6.16237e-05	0.000274862	
31	0.140899	0.138145	0.00275097	3.50752e-06	0.628459	0.616173	0.0122702	1.56447e-05	3.47571e-06	1.55028e-05	
32	0.144699	0.138607	0.00608691	4.91977e-06	0.645408	0.618236	0.0271496	2.19438e-05	5.37944e-06	2.3994e-05	
33	0.0777764	0.0764986	0.00127746	4.00444e-07	0.346908	0.341209	0.00569792	1.78611e-06	1.73464e-06	7.73708e-06	
34	0.101046	0.0969663	0.00407997	0	0.4507	0.432502	0.018198	0	0	0	
35	0.0637116	0.0608467	0.002862	2.90364e-06	0.284175	0.271396	0.0127654	1.29512e-05	2.89122e-06	1.28958e-05	
36	0.0813894	0.0810037	0.000385675	0	0.363023	0.361303	0.00172024	0	0	0	
37	0.178636	0.0948021	0.0834337	0.000400566	0.796777	0.422848	0.372142	0.00178665	0.00607201	0.0270832	
38	0.0800305	0.0782662	0.00176429	0	0.356962	0.349093	0.00786935	0	0	0	
39	0.0898403	0.0837411	0.00607184	2.74354e-05	0.400717	0.373513	0.0270824	0.000122371	2.84972e-05	0.000127107	
40	0.104024	0.10076	0.00326332	7.54759e-07	0.463982	0.449424	0.0145555	3.36647e-06	7.91576e-07	3.53069e-06	
41	0.0984482	0.0957446	0.00270354	0	0.439111	0.427053	0.0120587	0	0	0	
42	0.074886	0.0737957	0.00109024	0	0.334016	0.329153	0.00486283	0	0	0	
43	0.061804	0.0552257	0.00657795	3.65536e-07	0.275666	0.246325	0.0293398	1.63041e-06	2.00077e-06	8.9241e-06	
44	0.0650214	0.0644778	0.000543561	0	0.290017	0.287592	0.00242446	0	0	0	
45	0.0574141	0.0520399	0.00537422	0	0.256086	0.232115	0.0239708	0	0	0	
46	0.0923683	0.084962	0.00738973	1.66103e-05	0.411993	0.378958	0.0329606	7.40875e-05	2.38311e-05	0.000106294	
47	0.135906	0.134589	0.0013178	0	0.60619	0.600312	0.00587785	0	0	0	
48	0.107616	0.0848662	0.022612	0.000138016	0.480004	0.378531	0.100857	0.000615601	0.000169859	0.000757629	
49	0.166137	0.158065	0.00806537	6.74292e-06	0.741029	0.705025	0.0359742	3.00756e-05	6.71078e-06	2.99323e-05	
50	0.100052	0.0950875	0.00495648	8.35149e-06	0.446266	0.424122	0.0221075	3.72504e-05	9.10101e-06	4.05935e-05	
51	0.0845096	0.0845096	0	0	0.376941	0.376941	0	0	0	0	
52	0.079752	0.0760935	0.00365522	3.26965e-06	0.35572	0.339402	0.0163035	1.45837e-05	4.37274e-06	1.95038e-05	
53	0.0978771	0.0947894	0.00308769	0	0.436564	0.422792	0.0137721	0	0	0	
54	0.0924443	0.0905883	0.00185442	1.59783e-06	0.412332	0.404053	0.00827137	7.12685e-06	1.5709e-06	7.00674e-06	
55	0.0998123	0.0925942	0.00720484	1.33393e-05	0.445196	0.413	0.0321359	5.94979e-05	1.46956e-05	6.55472e-05	
56	0.119028	0.111848	0.00718003	1.3274e-07	0.530905	0.498879	0.0320253	5.92067e-07	2.26847e-06	1.01181e-05	
57	0.101424	0.1006	0.000823426	0	0.452385	0.448712	0.00367275	0	0	0	
58	0.1213	0.0911915	0.0300546	5.4669e-05	0.541041	0.406744	0.134053	0.000243842	0.000105548	0.000470779	
59	0.183587	0.111894	0.0716202	7.21166e-05	0.818859	0.499087	0.31945	0.000321664	8.97267e-05	0.000400211	
60	0.0751756	0.0735026	0.00167299	0	0.335308	0.327845	0.00746209	0	0	0	
61	0.0879504	0.0870213	0.000929117	0	0.392288	0.388143	0.00414417	0	0	0	
62	0.101284	0.0932947	0.00797409	1.57593e-05	0.451762	0.416125	0.035567	7.02919e-05	2.08701e-05	9.30878e-05	
63	0.124675	0.0937787	0.0307504	0.000146061	0.556092	0.418284	0.137157	0.000651483	0.000198025	0.00088326	
64	0.0982895	0.0966801	0.00160897	4.1574e-07	0.438403	0.431225	0.00717654	1.85433e-06	3.83803e-07	1.71188e-06	
65	0.109045	0.102422	0.00661249	1.04157e-05	0.486378	0.456837	0.0294939	4.64576e-05	1.04537e-05	4.6627e-05	
66	0.113283	0.100777	0.0124966	8.80979e-06	0.505279	0.449501	0.0557392	3.92945e-05	8.92346e-06	3.98015e-05	
67	0.180386	0.137132	0.0432312	2.28292e-05	0.804582	0.611654	0.192825	0.000101825	3.85879e-05	0.000172114	
68	0.0956364	0.0797444	0.0158913	6.36343e-07	0.42657	0.355686	0.0708808	2.8383e-06	1.92594e-06	8.59033e-06	
69	0.11739	0.113579	0.00379927	1.15312e-05	0.5236	0.506603	0.016946	5.14333e-05	1.72532e-05	7.69552e-05	
70	0.0781579	0.076231	0.00191714	9.78024e-06	0.34861	0.340015	0.00855111	4.36231e-05	9.84054e-06	4.3892e-05	
71	0.0617696	0.0441168	0.0176527	0	0.275512	0.196775	0.078737	0	0	0	
72	0.180057	0.129267	0.0506619	0.00012802	0.803115	0.576575	0.225968	0.000571012	0.000180483	0.000805017	
73	0.0795472	0.059563	0.0199842	0	0.354807	0.265671	0.0891361	0	0	0	
74	0.124827	0.105815	0.0188859	0.000125296	0.556769	0.471973	0.0842377	0.000558864	0.000152849	0.000681758	
75	0.182553	0.142574	0.0395651	0.000413981	0.814247	0.635927	0.176473	0.00184649	0.000566708	0.0025277	
76	0.151728	0.140032	0.0115775	0.000117623	0.676757	0.624593	0.0516395	0.000524638	0.00012409	0.000553486	
77	0.0887943	0.0887943	0	0	0.396052	0.396052	0	0	0	0	
78	0.14144	0.0978136	0.0435733	5.31425e-05	0.630869	0.436281	0.194351	0.000237033	6.65043e-05	0.000296631	
79	0.157774	0.135767	0.0218513	0.000155307	0.703725	0.605568	0.0974641	0.000692723	0.000276318	0.00123247	
80	0.135816	0.123991	0.0118173	7.15604e-06	0.605785	0.553044	0.0527092	3.19183e-05	1.02065e-05	4.55245e-05	
81	0.108582	0.105224	0.00335729	0	0.484312	0.469337	0.0149746	0	0	0	
82	0.251836	0.159601	0.0908546	0.00138025	1.12327	0.711875	0.405241	0.00615638	0.00182175	0.00812562	
83	0.154031	0.123984	0.0299633	8.36811e-05	0.687032	0.553012	0.133646	0.000373245	9.72231e-05	0.000433647	
84	0.116937	0.0952555	0.0216801	2.23799e-06	0.521581	0.424871	0.0967006	9.98219e-06	3.5799e-06	1.59675e-05	
85	0.150501	0.100129	0.0503721	0	0.671285	0.446609	0.224676	0	0	0	
86	0.166042	0.144796	0.0211239	0.000122051	0.740603	0.645839	0.0942199	0.000544388	0.000154072	0.000687215	
87	0.0801084	0.0768557	0.00325264	0	0.35731	0.342802	0.0145078	0	0	0	
88	0.0823704	0.0808399	0.00152974	7.04125e-07	0.367399	0.360573	0.00682317	3.14063e-06	6.72205e-07	2.99825e-06	
89	0.0788904	0.0762104	0.00267182	8.18817e-06	0.351877	0.339923	0.0119172	3.65219e-05	9.53777e-06	4.25416e-05	
90	0.105866	0.0978459	0.00802042	0	0.472198	0.436425	0.0357737	0	0	0	
91	0.104146	0.101384	0.00276145	5.20165e-07	0.464526	0.452207	0.0123169	2.32011e-06	6.29717e-07	2.80874e-06	
92	0.0854961	0.0830535	0.00243674	5.84542e-06	0.38134	0.370446	0.0108686	2.60725e-05	6.44455e-06	2.87448e-05	
93	0.0959076	0.0894023	0.00649817	7.16366e-06	0.427779	0.398764	0.028984	3.19522e-05	9.27805e-06	4.13831e-05	
94	0.0889591	0.0849443	0.00401479	0	0.396787	0.378879	0.0179073	0	0	0	
95	0.151049	0.130237	0.0207972	1.49159e-05	0.673731	0.580902	0.0927624	6.65299e-05	4.11187e-05	0.000183403	
96	0.201536	0.158066	0.0433789	9.0502e-05	0.898918	0.70503	0.193484	0.000403669	0.000104082	0.000464241	
97	0.108462	0.0938196	0.0145973	4.58145e-05	0.483779	0.418466	0.0651087	0.000204348	5.56781e-05	0.000248342	
98	0.108659	0.088775	0.0198842	0	0.484656	0.395965	0.0886904	0	0	0	
99	0.106771	0.0995321	0.00723827	1.49098e-06	0.476237	0.443946	0.0322851	6.65029e-06	2.43453e-06	1.08588e-05	
100	0.095857	0.0915072	0.00432924	2.06075e-05	0.427554	0.408152	0.0193098	9.19163e-05	2.12114e-05	9.46101e-05	
101	0.145504	0.143563	0.00194115	0	0.648997	0.640339	0.00865821	0	0	0	
102	0.161848	0.106714	0.0551002	3.36329e-05	0.721897	0.475982	0.245765	0.000150013	0.000158143	0.000705371	
103	0.0776968	0.0729472	0.00474964	0	0.346553	0.325368	0.0211849	0	0	0	
104	0.107195	0.0828779	0.0242791	3.85269e-05	0.478127	0.369662	0.108293	0.000171842	4.1071e-05	0.00018319	
105	0.0937834	0.0857803	0.00794544	5.76865e-05	0.418305	0.382608	0.0354393	0.000257301	7.39341e-05	0.00032977	
106	0.145089	0.110964	0.0340922	3.27747e-05	0.647147	0.494938	0.152062	0.000146186	4.79675e-05	0.00021395	
107	0.215342	0.145944	0.069125	0.000273048	0.960498	0.65096	0.30832	0.00121788	0.000338909	0.00151164	
108	0.102941	0.0964195	0.00650302	1.87613e-05	0.459152	0.430063	0.0290056	8.36817e-05	2.00774e-05	8.95518e-05	
109	0.127325	0.107548	0.019677	9.94248e-05	0.567912	0.479703	0.0877663	0.000443467	0.00013277	0.0005922	
110	0.117153	0.108067	0.00908572	0	0.522543	0.482018	0.0405253	0	0	0	
111	0.101641	0.0957411	0.00589482	5.14086e-06	0.453353	0.427037	0.0262928	2.29299e-05	6.33932e-06	2.82754e-05	
112	0.103471	0.0943229	0.00914798	6.89311e-07	0.461517	0.420711	0.040803	3.07455e-06	1.68385e-06	7.51053e-06	
113	0.0981295	0.0913063	0.00682311	0	0.43769	0.407256	0.0304333	0	0	0	
114	0.161253	0.123521	0.0370974	0.000634598	0.719242	0.550944	0.165466	0.00283051	0.000802729	0.00358043	
115	0.115748	0.106269	0.00945073	2.76386e-05	0.516275	0.473999	0.0421534	0.000123277	3.35327e-05	0.000149566	
116	0.121988	0.113778	0.00820601	4.03945e-06	0.544108	0.507489	0.0366015	1.80173e-05	4.64232e-06	2.07062e-05	
117	0.111086	0.0963619	0.0147221	2.31966e-06	0.495482	0.429806	0.0656655	1.03464e-05	3.29155e-06	1.46814e-05	
118	0.103889	0.10109	0.00279963	0	0.463382	0.450895	0.0124872	0	0	0	
119	0.118086	0.112978	0.00510754	0	0.526704	0.503922	0.0227813	0	0	0	
120	0.110767	0.0956377	0.0150466	8.28902e-05	0.494058	0.426576	0.0671128	0.000369718	0.000103837	0.000463149	
121	0.0893796	0.083887	0.00549252	1.47511e-07	0.398662	0.374163	0.0244984	6.57951e-07	2.67725e-07	1.19414e-06	
122	0.178525	0.156833	0.0216064	8.49049e-05	0.79628	0.69953	0.0963719	0.000378704	0.000121293	0.000541009	
123	0.110826	0.106403	0.00442145	9.23359e-07	0.494321	0.474595	0.0197211	4.11849e-06	2.00209e-06	8.93002e-06	
124	0.163067	0.0958286	0.0646909	0.00254838	0.727337	0.427427	0.288542	0.0113666	0.00614013	0.027387	
125	0.107358	0.102832	0.00452642	0	0.478856	0.458667	0.0201893	0	0	0	
126	0.138422	0.103778	0.0339455	0.000698351	0.617409	0.462886	0.151408	0.00311488	0.000744134	0.00331908	
127	0.20234	0.190557	0.0117564	2.6979e-05	0.902507	0.849949	0.0524375	0.000120335	2.73683e-05	0.000122071	
128	0.128078	0.119991	0.00808712	0	0.571271	0.5352	0.0360712	0	0	0	
129	0.123905	0.117403	0.00650026	2.17172e-06	0.552659	0.523656	0.0289933	9.68662e-06	4.68749e-06	2.09077e-05	
130	0.0996961	0.0957132	0.00398027	2.59273e-06	0.444677	0.426912	0.0177533	1.15644e-05	2.98627e-06	1.33197e-05	
131	0.131925	0.123946	0.00797747	1.98444e-06	0.588431	0.55284	0.0355821	8.85129e-06	3.27212e-06	1.45947e-05	
132	0.101	0.0846906	0.01631	0	0.450496	0.377748	0.0727482	0	0	0	
133	0.150156	0.110202	0.039209	0.000745491	0.669749	0.491539	0.174885	0.00332514	0.00088668	0.00395488	
134	0.096259	0.095113	0.001146	0	0.429347	0.424235	0.00511156	0	0	0	
135	0.0701674	0.0701674	0	0	0.31297	0.31297	0	0	0	0	
136	0.110991	0.102942	0.00802435	2.48707e-05	0.495058	0.459156	0.0357912	0.000110931	3.0849e-05	0.000137596	
137	0.11419	0.101556	0.0125681	6.56604e-05	0.509325	0.452975	0.0560581	0.000292867	0.000114697	0.00051159	
138	0.113495	0.103773	0.00972213	0	0.506229	0.462865	0.0433639	0	0	0	
139	0.108874	0.105625	0.0032487	3.18509e-08	0.485615	0.471125	0.0144902	1.42065e-07	1.85611e-07	8.2789e-07	
140	0.144511	0.120392	0.0241145	4.54006e-06	0.644568	0.536989	0.107558	2.02501e-05	7.17291e-06	3.19935e-05	
141	0.0950209	0.0925155	0.00250539	0	0.423825	0.41265	0.0111748	0	0	0	
142	0.0834613	0.0829749	0.000486402	0	0.372265	0.370095	0.00216951	0	0	0	
143	0.155885	0.153953	0.00193257	0	0.695302	0.686683	0.00861992	0	0	0	
144	0.101056	0.0982279	0.00282836	1.61413e-07	0.450745	0.438129	0.0126154	7.19956e-07	1.79462e-07	8.00464e-07	
145	0.0900494	0.0862994	0.00374921	7.73557e-07	0.40165	0.384924	0.0167227	3.45032e-06	1.29416e-06	5.77242e-06	
146	0.0624723	0.0608621	0.00160933	9.42405e-07	0.278647	0.271465	0.00717817	4.20344e-06	2.73148e-06	1.21833e-05	
147	0.07465	0.0723167	0.00232581	7.54452e-06	0.332963	0.322556	0.0103738	3.3651e-05	7.51264e-06	3.35088e-05	
148	0.10921	0.107258	0.00195171	4.03349e-07	0.487115	0.478408	0.00870531	1.79907e-06	6.97641e-07	3.11171e-06	
149	0.115001	0.0994032	0.0155843	1.43155e-05	0.512946	0.443371	0.0695115	6.38522e-05	1.8198e-05	8.11692e-05	
150	0.0856547	0.0821854	0.00346207	7.30546e-06	0.382048	0.366574	0.0154419	3.25847e-05	9.3517e-06	4.17116e-05	
151	0.140782	0.123821	0.0169565	4.37636e-06	0.627935	0.552284	0.0756317	1.952e-05	5.6029e-06	2.49908e-05	
152	0.102196	0.0843449	0.0178226	2.86657e-05	0.455828	0.376206	0.0794947	0.000127858	4.74931e-05	0.000211835	
153	0.1398	0.134952	0.00484755	0	0.623556	0.601934	0.0216216	0	0	0	
154	0.098522	0.0972395	0.00128204	4.41094e-07	0.43944	0.43372	0.00571833	1.96742e-06	4.09536e-07	1.82666e-06	
155	0.0971792	0.0914102	0.00576847	5.46492e-07	0.433451	0.407719	0.0257293	2.43753e-06	7.7336e-07	3.44944e-06	
156	0.097517	0.0943067	0.00321022	0	0.434958	0.420639	0.0143186	0	0	0	
157	0.0896866	0.0879419	0.0017447	0	0.400032	0.39225	0.00778197	0	0	0	
158	0.119251	0.10303	0.016192	2.97329e-05	0.531903	0.459549	0.0722218	0.000132618	4.15932e-05	0.000185519	
159	0.108192	0.0988216	0.00936044	9.92855e-06	0.482572	0.440777	0.0417506	4.42846e-05	1.49591e-05	6.67228e-05	
160	0.170823	0.155124	0.0156943	4.90836e-06	0.761929	0.691905	0.0700021	2.18929e-05	5.20028e-06	2.31949e-05	
161	0.21121	0.173213	0.0378993	9.74328e-05	0.942068	0.77259	0.169043	0.000434582	0.00015095	0.00067329	
162	0.110844	0.093887	0.0169312	2.64739e-05	0.494404	0.418767	0.0755189	0.000118082	3.03581e-05	0.000135407	
163	0.0896912	0.0782599	0.0113946	3.66466e-05	0.400052	0.349065	0.050824	0.000163455	5.40081e-05	0.000240894	
164	0.120203	0.0894227	0.0306857	9.45857e-05	0.536145	0.398855	0.136868	0.000421883	0.000184854	0.000824512	
165	0.155433	0.114837	0.0400558	0.000540096	0.693284	0.512213	0.178662	0.00240901	0.000672045	0.00299754	
166	0.0992578	0.0971066	0.0021509	2.99103e-07	0.442722	0.433127	0.00959374	1.3341e-06	2.68191e-07	1.19622e-06	
167	0.101812	0.096804	0.00500854	0	0.454117	0.431778	0.0223397	0	0	0	
168	0.113253	0.0977464	0.0155068	1.39178e-07	0.505147	0.435981	0.0691657	6.20781e-07	1.62311e-07	7.23962e-07	
169	0.101116	0.0944794	0.00662324	1.34724e-05	0.451011	0.421409	0.0295418	6.00914e-05	1.37634e-05	6.13894e-05	
170	0.145682	0.108337	0.037133	0.000211744	0.649791	0.483221	0.165625	0.000944451	0.000286305	0.00127701	
171	0.220756	0.194766	0.0259777	1.24597e-05	0.984645	0.86872	0.115869	5.55748e-05	2.587e-05	0.000115389	
172	0.136602	0.12178	0.0148217	0	0.609291	0.543181	0.0661099	0	0	0	
173	0.181469	0.135294	0.0455718	0.000602723	0.809413	0.603459	0.203265	0.00268834	0.000793148	0.0035377	
174	0.129318	0.11293	0.0163881	0	0.576802	0.503706	0.0730964	0	0	0	
175	0.104188	0.09599	0.00819831	0	0.464714	0.428147	0.0365671	0	0	0	
176	0.112625	0.0945813	0.0179528	9.08255e-05	0.502344	0.421864	0.0800757	0.000405112	0.000103926	0.000463547	
177	0.18857	0.141416	0.0463132	0.0008402	0.841085	0.630765	0.206572	0.00374757	0.000968195	0.00431847	
178	0.140468	0.106146	0.0342983	2.45818e-05	0.626538	0.473446	0.152981	0.000109643	3.44561e-05	0.000153685	
179	0.198557	0.140058	0.0568792	0.00161961	0.885631	0.624706	0.2537	0.00722403	0.00211997	0.00945578	
180	0.116745	0.101169	0.0153724	0.000204275	0.520724	0.451247	0.0685661	0.000911134	0.0002444	0.0010901	
181	0.135545	0.125008	0.0105368	6.03885e-08	0.604576	0.557578	0.0469976	2.69352e-07	2.62801e-07	1.17218e-06	
182	0.103015	0.099166	0.00384983	0	0.459484	0.442313	0.0171715	0	0	0	
183	0.116216	0.111238	0.00497824	0	0.518363	0.496158	0.0222046	0	0	0	
184	0.0993905	0.0878003	0.0115659	2.42019e-05	0.443314	0.391618	0.0515881	0.000107948	3.62233e-05	0.000161568	
185	0.0951606	0.0823687	0.012791	8.37121e-07	0.424447	0.367391	0.0570524	3.73383e-06	3.41365e-06	1.5226e-05	
186	0.131902	0.113515	0.0183859	1.55496e-06	0.58833	0.506316	0.0820073	6.93563e-06	1.97209e-06	8.79619e-06	
187	0.0926544	0.0880501	0.00460429	0	0.413269	0.392732	0.0205366	0	0	0	
188	0.0843538	0.0804715	0.00387839	3.93636e-06	0.376246	0.358929	0.0172989	1.75574e-05	8.17529e-06	3.64645e-05	
189	0.106883	0.102032	0.00484599	4.84133e-06	0.476734	0.455098	0.0216147	2.15939e-05	5.05389e-06	2.2542e-05	
190	0.0769112	0.0592266	0.0176846	0	0.343049	0.26417	0.0788793	0	0	0	
191	0.339836	0.212799	0.124414	0.00262258	1.51578	0.949155	0.55493	0.0116975	0.00297893	0.013287	
192	0.0728343	0.0728046	2.97113e-05	0	0.324865	0.324732	0.000132522	0	0	0	
193	0.118109	0.118109	0	0	0.526805	0.526805	0	0	0	0	
194	0.165004	0.120767	0.0438675	0.000369331	0.735975	0.538664	0.195663	0.00164734	0.000388555	0.00173308	
195	0.0900654	0.0883944	0.00167101	0	0.401721	0.394268	0.00745329	0	0	0	
196	0.0891694	0.0891694	0	0	0.397725	0.397725	0	0	0	0	
197	0.0731889	0.0558834	0.0173054	0	0.326446	0.249258	0.0771881	0	0	0	
198	0.162484	0.114013	0.0461373	0.00233364	0.724734	0.508538	0.205787	0.0104088	0.00308185	0.0137461	
199	0.152114	0.11405	0.038039	2.46928e-05	0.678481	0.508704	0.169666	0.000110138	5.59664e-05	0.000249628	
200	0.107425	0.086994	0.0204314	0	0.479153	0.388022	0.0911309	0	0	0	
201	0.155748	0.100333	0.0553087	0.000106567	0.694691	0.447521	0.246695	0.000475328	0.000312119	0.00139215	
202	0.10559	0.10559	0	0	0.470968	0.470968	0	0	0	0	
203	0.101694	0.0942496	0.00744497	3.20799e-08	0.453591	0.420384	0.033207	1.43087e-07	1.10314e-09	4.92038e-09	
204	0.167256	0.133425	0.0337521	7.87113e-05	0.746019	0.595122	0.150545	0.000351078	8.2647e-05	0.000368633	
205	0.115803	0.0896111	0.0261418	5.00611e-05	0.51652	0.399695	0.116601	0.000223289	7.34227e-05	0.000327489	
206	0.188998	0.148912	0.0400107	7.57106e-05	0.842997	0.664198	0.178461	0.000337694	0.00018561	0.000827885	
207	0.0689914	0.0517575	0.0172309	3.05696e-06	0.307724	0.230855	0.0768556	1.3635e-05	9.42474e-06	4.20374e-05	
208	0.105024	0.0979952	0.0070297	0	0.468445	0.437091	0.0313548	0	0	0	
209	0.146328	0.0949198	0.0514083	0	0.652672	0.423374	0.229298	0	0	0	
210	0.113692	0.113326	0.00036614	0	0.507107	0.505474	0.0016331	0	0	0	
211	0.165728	0.10318	0.0625474	0	0.739201	0.460219	0.278982	0	0	0	
212	0.117659	0.115974	0.00168456	0	0.524799	0.517285	0.0075137	0	0	0	
213	0.240173	0.164084	0.0751566	0.000933038	1.07125	0.731869	0.335223	0.00416166	0.00162385	0.00724292	
214	0.116925	0.115419	0.00150328	2.58137e-06	0.521527	0.514811	0.00670514	1.15138e-05	2.6577e-06	1.18542e-05	
215	0.178841	0.161042	0.017771	2.83833e-05	0.797694	0.718303	0.0792647	0.000126599	4.80359e-05	0.000214256	
216	0.0993242	0.0845143	0.0148099	0	0.443019	0.376961	0.0660571	0	0	0	
217	0.210475	0.140394	0.0687297	0.00135154	0.938789	0.626204	0.306557	0.00602834	0.00170798	0.00761818	
218	0.097105	0.0968196	0.000285425	0	0.43312	0.431847	0.00127309	0	0	0	
219	0.132955	0.132587	0.000368755	0	0.593027	0.591382	0.00164477	0	0	0	
220	0.0950894	0.0835219	0.0115674	0	0.42413	0.372535	0.0515947	0	0	0	
221	0.121434	0.0935201	0.0278599	5.43299e-05	0.541637	0.41713	0.124264	0.000242329	6.63456e-05	0.000295923	
222	0.0502781	0.0500948	0.000183277	0	0.224256	0.223439	0.000817479	0	0	0	
223	0.0970714	0.0964236	0.000647804	0	0.43297	0.430081	0.00288942	0	0	0	
224	0.176266	0.144714	0.0315469	4.89493e-06	0.786206	0.645474	0.140709	2.1833e-05	4.89267e-06	2.18229e-05	
225	0.0819128	0.0780115	0.00390057	7.80931e-07	0.365358	0.347957	0.0173978	3.48321e-06	1.49793e-06	6.68129e-06	
226	0.248798	0.224198	0.0245777	2.21944e-05	1.10972	1	0.109624	9.89948e-05	2.49504e-05	0.000111287	
227	0.084364	0.0819479	0.0024144	1.75722e-06	0.376291	0.365514	0.010769	7.8378e-06	1.74573e-06	7.78654e-06	
228	0.0879523	0.0790378	0.00889929	1.52984e-05	0.392296	0.352534	0.0396938	6.82361e-05	1.52665e-05	6.80938e-05	
229	0.126528	0.123403	0.00312453	0	0.564357	0.55042	0.0139364	0	0	0	
230	0.107764	0.106159	0.00160508	0	0.480663	0.473504	0.00715922	0	0	0	
231	0.093075	0.0916539	0.00142118	0	0.415145	0.408806	0.00633893	0	0	0	
232	0.080971	0.0747781	0.00619286	0	0.361157	0.333535	0.0276222	0	0	0	
233	0.0812155	0.0778108	0.00337885	2.58559e-05	0.362248	0.347062	0.0150708	0.000115326	2.74427e-05	0.000122403	
234	0.104633	0.103877	0.00075555	0	0.466699	0.463329	0.00337	0	0	0	
235	0.135698	0.135692	6.05201e-06	0	0.60526	0.605233	2.69939e-05	0	0	0	
236	0.0700416	0.0658995	0.00411167	3.04593e-05	0.312408	0.293933	0.0183394	0.000135858	3.44338e-05	0.000153586	
237	0.0481192	0.0471767	0.000942476	0	0.214627	0.210423	0.00420375	0	0	0	
238	0.0891396	0.0891396	0	0	0.397592	0.397592	0	0	0	0	
239	0.142817	0.121488	0.0213194	9.65986e-06	0.637014	0.541879	0.0950919	4.30861e-05	1.1788e-05	5.25784e-05	
240	0.0934188	0.0903126	0.00310628	0	0.416679	0.402824	0.013855	0	0	0	
241	0.140604	0.118124	0.0223002	0.000179855	0.627143	0.526874	0.0994665	0.000802215	0.00018356	0.00081874	
242	0.086819	0.0852353	0.0015799	3.88232e-06	0.387241	0.380177	0.0070469	1.73164e-05	3.85038e-06	1.71739e-05	
243	0.0873125	0.0857989	0.00151361	0	0.389442	0.382691	0.00675122	0	0	0	
244	0.0889335	0.0884951	0.000438151	2.79938e-07	0.396673	0.394717	0.0019543	1.24862e-06	2.47991e-07	1.10612e-06	
245	0.124754	0.0948759	0.0291877	0.000691302	0.556448	0.423178	0.130186	0.00308343	0.000878017	0.00391624	
246	0.10778	0.0892971	0.0184833	0	0.480736	0.398294	0.082442	0	0	0	
247	0.113143	0.106898	0.00623232	1.27556e-05	0.504656	0.476801	0.0277982	5.68944e-05	1.33758e-05	5.96608e-05	
248	0.0833735	0.0833735	0	0	0.371873	0.371873	0	0	0	0	
249	0.0742236	0.069823	0.00440059	0	0.331062	0.311433	0.0196281	0	0	0	
250	0.0701319	0.066476	0.00361026	4.56603e-05	0.312811	0.296504	0.0161029	0.00020366	4.57007e-05	0.00020384	
251	0.129456	0.108988	0.0202963	0.000172263	0.577419	0.486123	0.0905286	0.000768351	0.000172231	0.000768209	
252	0.079112	0.0690968	0.00998991	2.53521e-05	0.352865	0.308194	0.0445583	0.000113078	2.5542e-05	0.000113925	
253	0.0994664	0.0975605	0.00190589	0	0.443653	0.435152	0.00850091	0	0	0	
254	0.0779038	0.0774661	0.000437724	0	0.347476	0.345524	0.00195239	0	0	0	
255	0.0873849	0.0865	0.000884447	4.63282e-07	0.389765	0.385818	0.00394492	2.06639e-06	4.31277e-07	1.92363e-06	
256	0.103113	0.0964652	0.00664685	1.87062e-06	0.459922	0.430266	0.0296471	8.34358e-06	3.07329e-06	1.37079e-05	
257	0.0992363	0.0885678	0.0106684	0	0.442626	0.395041	0.0475849	0	0	0	
258	0.100323	0.0959434	0.00435922	2.08184e-05	0.447475	0.427939	0.0194435	9.28569e-05	2.43808e-05	0.000108746	
259	0.0500617	0.0451506	0.00489031	2.07982e-05	0.223292	0.201386	0.0218123	9.2767e-05	3.50217e-05	0.000156208	
260	0.0470843	0.0416362	0.00537714	7.10079e-05	0.210011	0.185711	0.0239838	0.000316719	7.09775e-05	0.000316583	
261	0.109831	0.109579	0.000251288	0	0.489883	0.488762	0.00112082	0	0	0	
262	0.115578	0.110812	0.00476627	0	0.515518	0.494259	0.0212591	0	0	0	
263	0.0583799	0.0436467	0.014727	6.09484e-06	0.260393	0.194678	0.0656876	2.7185e-05	0.000133378	0.000594913	
264	0.205767	0.139598	0.0656252	0.000542989	0.917789	0.622657	0.29271	0.00242191	0.00100307	0.00447404	
265	0.0484578	0.0432447	0.00519631	1.68515e-05	0.216138	0.192885	0.0231772	7.51636e-05	1.98261e-05	8.84313e-05	
266	0.095289	0.0832014	0.0120467	4.08932e-05	0.42502	0.371105	0.0537324	0.000182397	4.08611e-05	0.000182254	
267	0.0502188	0.0454364	0.00477805	4.38596e-06	0.223992	0.202661	0.0213117	1.95628e-05	4.35552e-06	1.9427e-05	
268	0.085161	0.0849579	0.000203171	0	0.379846	0.37894	0.000906212	0	0	0	
269	0.222676	0.204261	0.0183825	3.17501e-05	0.993209	0.911075	0.0819924	0.000141616	3.61131e-05	0.000161076	
270	0.108495	0.107049	0.00144231	4.11791e-06	0.483926	0.477474	0.00643319	1.83672e-05	4.08597e-06	1.82248e-05	
271	0.0843559	0.0843559	0	0	0.376255	0.376255	0	0	0	0	
272	0.106097	0.103348	0.00274793	4.55807e-07	0.473228	0.460969	0.0122567	2.03305e-06	4.23918e-07	1.89081e-06	
273	0.110463	0.0913497	0.019073	4.08212e-05	0.492704	0.40745	0.0850722	0.000182076	8.55181e-05	0.000381439	
274	0.103845	0.0939814	0.00986416	2.93793e-07	0.463186	0.419188	0.0439974	1.31041e-06	4.603e-07	2.05309e-06	
275	0.118423	0.110839	0.00751418	6.9725e-05	0.528207	0.49438	0.0335157	0.000310996	7.17922e-05	0.000320216	
276	0.0920927	0.0894799	0.00261276	0	0.410764	0.39911	0.0116537	0	0	0	
277	0.11359	0.103684	0.00983878	6.77766e-05	0.506652	0.462465	0.0438842	0.000302306	8.21394e-05	0.000366368	
278	0.178003	0.147452	0.0304665	8.47701e-05	0.793954	0.657686	0.13589	0.000378102	0.000103856	0.000463232	
279	0.0785575	0.076759	0.00179848	0	0.350392	0.34237	0.00802181	0	0	0	
280	0.145667	0.120934	0.0247098	2.34392e-05	0.649727	0.539409	0.110213	0.000104546	3.33352e-05	0.000148686	
281	0.119282	0.0947702	0.0244586	5.34339e-05	0.532038	0.422706	0.109093	0.000238333	6.75116e-05	0.000301124	
282	0.0848024	0.0809327	0.00386962	0	0.378246	0.360986	0.0172598	0	0	0	
283	0.104961	0.0908002	0.0141256	3.56659e-05	0.468163	0.404999	0.063005	0.000159081	5.90831e-05	0.00026353	
284	0.15887	0.110208	0.0485414	0.000120188	0.708614	0.491567	0.216511	0.00053608	0.000323642	0.00144355	
285	0.100999	0.0869101	0.0140895	1.41554e-07	0.450492	0.387648	0.0628441	6.31378e-07	2.2508e-07	1.00393e-06	
286	0.126328	0.0817742	0.0445172	3.65943e-05	0.563464	0.36474	0.198561	0.000163223	5.09217e-05	0.000227127	
287	0.0815109	0.0651418	0.0162459	0.000123169	0.363565	0.290554	0.0724624	0.000549376	0.000131952	0.000588551	
288	0.236929	0.139971	0.0936429	0.00331548	1.05678	0.624317	0.417678	0.0147881	0.00447489	0.0199595	
289	0.0692121	0.0653864	0.00378986	3.58442e-05	0.308708	0.291645	0.016904	0.000159877	3.58123e-05	0.000159735	
290	0.0687321	0.0687321	0	0	0.306568	0.306568	0	0	0	0	
291	0.215627	0.136657	0.0773101	0.00165976	0.961769	0.609537	0.344828	0.00740309	0.0026432	0.0117895	
292	0.123264	0.116229	0.00702714	7.05801e-06	0.549798	0.518423	0.0313433	3.1481e-05	9.29509e-06	4.14591e-05	
293	0.0565955	0.0473917	0.00920382	0	0.252434	0.211382	0.0410521	0	0	0	
294	0.0740385	0.0607664	0.0129982	0.000273942	0.330236	0.271038	0.0579764	0.00122187	0.000353279	0.00157574	
295	0.203505	0.151591	0.0513706	0.000543656	0.907702	0.676147	0.22913	0.00242488	0.000784375	0.00349857	
296	0.117858	0.117858	0	0	0.525688	0.525688	0	0	0	0	
297	0.177294	0.146037	0.0312263	3.05191e-05	0.79079	0.651374	0.139279	0.000136125	7.03913e-05	0.000313968	
298	0.111149	0.0904978	0.0202979	0.000353698	0.495763	0.40365	0.0905355	0.00157761	0.000353667	0.00157747	
299	0.101217	0.0791215	0.022035	6.07768e-05	0.451462	0.352908	0.0982834	0.000271084	6.89493e-05	0.000307536	
300	0.0771657	0.0764598	0.000705927	0	0.344184	0.341036	0.00314866	0	0	0	
301	0.073269	0.0620066	0.0112399	2.25043e-05	0.326804	0.27657	0.050134	0.000100377	2.81835e-05	0.000125707	
302	0.0731042	0.0690906	0.00401164	2.00162e-06	0.326069	0.308167	0.0178932	8.9279e-06	2.20118e-06	9.81803e-06	
303	0.127635	0.105418	0.0219438	0.000272995	0.569296	0.470201	0.097877	0.00121765	0.000281822	0.00125702	
304	0.0950942	0.0950942	0	0	0.424151	0.424151	0	0	0	0	
305	0.0515539	0.0411195	0.0104343	0	0.229947	0.183406	0.0465408	0	0	0	
306	0.0640638	0.0527377	0.0113261	0	0.285746	0.235227	0.0505184	0	0	0	
307	0.0912919	0.0869806	0.00431124	0	0.407192	0.387962	0.0192295	0	0	0	
308	0.0945103	0.0752476	0.019254	8.74355e-06	0.421547	0.335629	0.0858793	3.89991e-05	2.3396e-05	0.000104354	
309	0.122429	0.110358	0.0119919	7.89723e-05	0.546076	0.492235	0.0534882	0.000352242	8.49349e-05	0.000378837	
310	0.145481	0.142811	0.0026699	4.84967e-07	0.648895	0.636985	0.0119086	2.16311e-06	2.95098e-06	1.31623e-05	
311	0.0811626	0.0736724	0.00741458	7.56367e-05	0.362012	0.328603	0.0330715	0.000337364	9.25786e-05	0.000412931	
312	0.153346	0.0954893	0.0572236	0.000633339	0.683975	0.425913	0.255236	0.0028249	0.000743322	0.00331546	
313	0.104264	0.0930875	0.0111267	4.97486e-05	0.465052	0.415201	0.049629	0.000221895	6.59634e-05	0.000294218	
314	0.0795756	0.0769949	0.00258071	4.23779e-08	0.354933	0.343423	0.0115108	1.89019e-07	2.41758e-08	1.07832e-07	
315	0.110254	0.0946294	0.0155737	5.16174e-05	0.491772	0.422078	0.0694641	0.000230231	5.58325e-05	0.000249031	
316	0.0759673	0.0703463	0.00561834	2.65604e-06	0.338839	0.313767	0.0250596	1.18468e-05	4.62722e-06	2.06389e-05	
317	0.123556	0.0764855	0.0463511	0.000719622	0.551102	0.341151	0.206741	0.00320975	0.00106457	0.00474837	
318	0.149469	0.121831	0.027638	0	0.666683	0.543408	0.123274	0	0	0	
319	0.237233	0.143063	0.0917587	0.00241132	1.05813	0.638109	0.409274	0.0107553	0.00280517	0.0125119	
320	0.0972504	0.0758182	0.0214128	1.93647e-05	0.433769	0.338174	0.0955082	8.63732e-05	3.00484e-05	0.000134026	
321	0.151644	0.0984543	0.0516705	0.00151964	0.676384	0.439138	0.230467	0.00677813	0.00169447	0.00755793	
322	0.143493	0.0785205	0.0640294	0.000943362	0.640027	0.350227	0.285592	0.0042077	0.00128111	0.00571418	
323	0.0994092	0.0945257	0.00488349	0	0.443398	0.421616	0.021782	0	0	0	
324	0.12585	0.124764	0.00108601	0	0.561332	0.556488	0.004844	0	0	0	
325	0.0912728	0.089917	0.0013558	0	0.407107	0.401059	0.00604736	0	0	0	
326	0.0715743	0.0708274	0.000746851	0	0.319245	0.315913	0.0033312	0	0	0	
327	0.0798073	0.0748818	0.00492542	0	0.355967	0.333998	0.021969	0	0	0	
328	0.0905876	0.0904048	0.000182704	0	0.40405	0.403235	0.000814922	0	0	0	
329	0.0973287	0.0911629	0.00615104	1.47707e-05	0.434118	0.406616	0.0274357	6.58822e-05	1.55112e-05	6.91854e-05	
330	0.150195	0.0879816	0.0604418	0.00177247	0.669923	0.392427	0.26959	0.00790582	0.00221619	0.00988494	
331	0.13375	0.116463	0.0172459	4.10278e-05	0.596573	0.519467	0.0769226	0.000182997	5.60584e-05	0.000250039	
332	0.111728	0.0960386	0.0155867	0.000103113	0.498345	0.428364	0.069522	0.000459922	0.000127432	0.00056839	
333	0.124118	0.0981106	0.0260045	3.55168e-06	0.55361	0.437605	0.115988	1.58417e-05	4.09969e-06	1.8286e-05	
334	0.139414	0.0881233	0.0510894	0.000201301	0.621832	0.393059	0.227875	0.00089787	0.00029904	0.00133381	
335	0.085887	0.0801751	0.00571195	0	0.383084	0.357607	0.0254771	0	0	0	
336	0.113877	0.0891252	0.0246485	0.00010355	0.50793	0.397527	0.10994	0.000461868	0.000227486	0.00101466	
337	0.12054	0.111431	0.00907214	3.62113e-05	0.537648	0.497022	0.0404647	0.000161514	4.10167e-05	0.000182948	
338	0.114593	0.101324	0.0132165	5.27288e-05	0.511125	0.451939	0.0589501	0.000235188	8.61836e-05	0.000384407	
339	0.0908353	0.0767694	0.0139956	7.02636e-05	0.405155	0.342417	0.062425	0.000313399	0.000104857	0.000467699	
340	0.110166	0.0832784	0.0266347	0.00025342	0.491378	0.371449	0.118799	0.00113033	0.000377811	0.00168516	
341	0.106222	0.103964	0.00225828	0	0.473786	0.463714	0.0100726	0	0	0	
342	0.102983	0.0751329	0.0278503	0	0.459339	0.335117	0.124221	0	0	0	
343	0.138085	0.0879394	0.0495052	0.000640716	0.615906	0.392238	0.220809	0.0028578	0.0010603	0.0047293	
344	0.0876155	0.0822101	0.00539129	1.41828e-05	0.390794	0.366684	0.0240469	6.32603e-05	2.4585e-05	0.000109657	
345	0.125063	0.0947757	0.030178	0.0001096	0.557824	0.422731	0.134604	0.000488856	0.000197589	0.000881315	
346	0.151784	0.0979509	0.0529115	0.000922325	0.67701	0.436893	0.236002	0.00411387	0.00142761	0.00636765	
347	0.0923919	0.075252	0.0171013	3.85784e-05	0.412098	0.335648	0.0762777	0.000172072	5.2851e-05	0.000235733	
348	0.100979	0.0834709	0.0174727	3.58353e-05	0.450402	0.372308	0.0779343	0.000159837	4.63245e-05	0.000206622	
349	0.0848822	0.0719828	0.0128711	2.83171e-05	0.378602	0.321067	0.0574094	0.000126303	4.61781e-05	0.000205969	
350	0.138347	0.0758583	0.0617462	0.000742613	0.617073	0.338353	0.275408	0.0033123	0.0010301	0.00459461	
351	0.15491	0.0934146	0.0612187	0.000276835	0.69095	0.41666	0.273055	0.00123477	0.00063518	0.00283311	
352	0.129448	0.0814928	0.0478288	0.000126425	0.577381	0.363485	0.213332	0.0005639	0.000278278	0.00124121	
353	0.0853927	0.0777243	0.00765601	1.23789e-05	0.380879	0.346676	0.0341483	5.52141e-05	1.78543e-05	7.96361e-05	
354	0.0869847	0.0789375	0.00801886	2.83654e-05	0.38798	0.352087	0.0357667	0.000126519	3.02535e-05	0.00013494	
355	0.0831827	0.083181	1.72156e-06	0	0.371022	0.371014	7.67874e-06	0	0	0	
356	0.124045	0.108477	0.0154777	9.07093e-05	0.553284	0.483844	0.0690358	0.000404593	0.000104189	0.00046472	
357	0.210237	0.107673	0.099988	0.00257612	0.937729	0.480259	0.445979	0.0114903	0.00319256	0.0142399	
358	0.174167	0.0975169	0.0747297	0.00192112	0.776845	0.434957	0.333319	0.00856884	0.00402825	0.0179673	
359	0.115198	0.0779192	0.0370262	0.00025263	0.513821	0.347545	0.165149	0.00112681	0.000320721	0.00143052	
360	0.100767	0.0962795	0.00448792	0	0.449456	0.429438	0.0200176	0	0	0	
361	0.0468239	0.0468239	0	0	0.20885	0.20885	0	0	0	0	
362	0.103541	0.086749	0.0166904	0.000102452	0.461831	0.386929	0.0744451	0.000456971	0.000134732	0.000600953	
363	0.0493084	0.0489054	0.000403011	0	0.219932	0.218134	0.00179756	0	0	0	
364	0.133112	0.112978	0.0201312	2.73358e-06	0.593727	0.503923	0.089792	1.21926e-05	5.00425e-06	2.23206e-05	
365	0.085652	0.0789242	0.00668421	4.35346e-05	0.382036	0.352028	0.0298137	0.000194179	4.48967e-05	0.000200254	
366	0.116794	0.0911112	0.0255836	9.94275e-05	0.520941	0.406386	0.114111	0.000443479	0.000189394	0.00084476	
367	0.125522	0.104597	0.0208106	0.000114326	0.55987	0.466538	0.0928224	0.000509934	0.000211794	0.000944673	
368	0.0790774	0.0752661	0.00380452	6.82836e-06	0.352711	0.335711	0.0169694	3.04567e-05	7.60325e-06	3.3913e-05	
369	0.0843422	0.0797716	0.00455889	1.16726e-05	0.376194	0.355808	0.0203341	5.20637e-05	1.92654e-05	8.59301e-05	
370	0.113368	0.0910283	0.0222291	0.00011105	0.505661	0.406016	0.0991492	0.000495321	0.000166897	0.000744417	
371	0.113887	0.0787948	0.034793	0.00029964	0.507975	0.35145	0.155188	0.00133649	0.00038559	0.00171986	
372	0.0998366	0.0785183	0.0211324	0.000185837	0.445304	0.350217	0.0942579	0.000828895	0.000205041	0.000914552	
373	0.0849685	0.0786727	0.00628174	1.40566e-05	0.378987	0.350906	0.0280186	6.26971e-05	1.46354e-05	6.52789e-05	
374	0.17017	0.103234	0.0614678	0.00546815	0.759016	0.460459	0.274166	0.0243897	0.00669977	0.0298832	
375	0.143229	0.126277	0.0167811	0.000171516	0.638852	0.563238	0.0748494	0.000765022	0.00017363	0.00077445	
376	0.101688	0.0982182	0.00346889	1.63599e-06	0.453565	0.438086	0.0154724	7.29707e-06	2.24317e-06	1.00053e-05	
377	0.109822	0.0993941	0.0103167	0.000111519	0.489844	0.44333	0.0460163	0.000497412	0.000130607	0.000582554	
378	0.12266	0.102989	0.0196618	9.07266e-06	0.547104	0.459365	0.0876985	4.0467e-05	1.47878e-05	6.59587e-05	
379	0.0914464	0.0761863	0.015192	6.8068e-05	0.407881	0.339816	0.0677613	0.000303606	9.87068e-05	0.000440265	
380	0.107167	0.0818386	0.025141	0.00018754	0.478001	0.365027	0.112137	0.000836494	0.000257389	0.00114804	
381	0.111812	0.0792377	0.0321541	0.000420339	0.498719	0.353426	0.143417	0.00187485	0.000674348	0.00300781	
382	0.105913	0.103305	0.00260413	3.53539e-06	0.472407	0.460776	0.0116153	1.5769e-05	3.70665e-06	1.65328e-05	
383	0.0816734	0.0753814	0.00629199	0	0.36429	0.336226	0.0280643	0	0	0	
384	0.0965822	0.089749	0.00683316	0	0.430788	0.40031	0.0304781	0	0	0	
385	0.141332	0.106562	0.0341283	0.000641484	0.630389	0.475305	0.152223	0.00286123	0.000737579	0.00328984	
386	0.101092	0.0790433	0.0217138	0.000335385	0.450906	0.352559	0.096851	0.00149593	0.000447948	0.001998	
387	0.0955514	0.0836139	0.0117718	0.000165668	0.426191	0.372945	0.0525065	0.000738936	0.000233824	0.00104293	
388	0.0854882	0.0764184	0.00896279	0.000107045	0.381305	0.340851	0.039977	0.000477459	0.000107013	0.000477315	
389	0.131884	0.110369	0.0215083	7.49621e-06	0.588249	0.492282	0.0959341	3.34355e-05	1.30632e-05	5.82665e-05	
390	0.0875598	0.073824	0.013717	1.87417e-05	0.390545	0.329279	0.0611827	8.35944e-05	5.03652e-05	0.000224645	
391	0.0981649	0.0906045	0.00756044	0	0.437848	0.404126	0.033722	0	0	0	
392	0.095986	0.0494842	0.0464191	8.27389e-05	0.428129	0.220715	0.207044	0.000369043	8.27081e-05	0.000368905	
393	0.0872692	0.0803224	0.00694675	0	0.389249	0.358264	0.0309848	0	0	0	
394	0.0974851	0.0919699	0.00551518	0	0.434816	0.410216	0.0245995	0	0	0	
395	0.147935	0.137306	0.010628	1.17569e-06	0.659839	0.61243	0.0474044	5.244e-06	2.10142e-06	9.37305e-06	
396	0.104381	0.0587321	0.0456496	0	0.465577	0.261964	0.203612	0	0	0	
397	0.132993	0.100615	0.0322008	0.000177408	0.593196	0.448779	0.143626	0.0007913	0.000321593	0.00143441	
398	0.090883	0.0905345	0.000348554	0	0.405368	0.403813	0.00155466	0	0	0	
399	0.079234	0.0779831	0.00125037	5.32139e-07	0.35341	0.34783	0.00557708	2.37351e-06	6.92326e-07	3.088e-06	
400	0.144766	0.12817	0.0165956	0	0.645706	0.571684	0.0740222	0	0	0	
401	0.100195	0.0999414	0.000253662	0	0.446903	0.445771	0.00113142	0	0	0	
402	0.10917	0.0828313	0.0262903	4.86581e-05	0.486935	0.369455	0.117263	0.000217031	6.42641e-05	0.000286639	
403	0.113511	0.0882114	0.0252344	6.55861e-05	0.506298	0.393452	0.112554	0.000292535	0.000292856	0.00130623	
404	0.107991	0.0981062	0.00988568	0	0.481679	0.437586	0.0440934	0	0	0	
405	0.107086	0.106475	0.000610594	3.24256e-08	0.477639	0.474916	0.00272345	1.44629e-07	4.92251e-10	2.1956e-09	
406	0.201451	0.175725	0.0255976	0.000128175	0.898539	0.783793	0.114174	0.000571706	0.000134319	0.000599111	
407	0.12669	0.084925	0.0415119	0.000253133	0.565079	0.378793	0.185157	0.00112906	0.000294683	0.00131438	
408	0.13022	0.126827	0.00339237	0	0.580824	0.565693	0.0151311	0	0	0	
409	0.0927978	0.0913946	0.00140315	0	0.413909	0.40765	0.00625855	0	0	0	
410	0.10802	0.0873771	0.0205767	6.67237e-05	0.481807	0.389731	0.0917788	0.00029761	7.51475e-05	0.000335182	
411	0.130046	0.116768	0.0132724	5.98294e-06	0.580051	0.520825	0.0591995	2.66858e-05	5.95429e-06	2.65581e-05	
412	0.157753	0.121644	0.0360668	4.18938e-05	0.703632	0.542575	0.160869	0.00018686	5.06462e-05	0.000225898	
413	0.0960888	0.0911803	0.00490456	4.01997e-06	0.428588	0.406694	0.0218759	1.79304e-05	6.0108e-06	2.68101e-05	
414	0.14909	0.112114	0.0369068	6.90599e-05	0.664992	0.500068	0.164616	0.00030803	6.95663e-05	0.000310288	
415	0.0926624	0.0916048	0.00105757	0	0.413305	0.408587	0.00471715	0	0	0	
416	0.131215	0.105702	0.0255006	1.23108e-05	0.585262	0.471466	0.113741	5.49106e-05	1.22792e-05	5.47693e-05	
417	0.105289	0.0954034	0.00988568	0	0.469624	0.42553	0.0440934	0	0	0	
418	0.0808792	0.0766379	0.00423945	1.86379e-06	0.360748	0.34183	0.0189093	8.31315e-06	3.209e-06	1.43132e-05	
419	0.136874	0.101753	0.0350847	3.59328e-05	0.610506	0.453856	0.156489	0.000160272	6.51721e-05	0.000290689	
420	0.083447	0.083447	0	0	0.372201	0.372201	0	0	0	0	
421	0.0899828	0.0858366	0.00414616	0	0.401353	0.382859	0.0184932	0	0	0	
422	0.106937	0.0807471	0.0259805	0.000209863	0.476976	0.360158	0.115881	0.000936062	0.000209832	0.000935921	
423	0.0651669	0.0558169	0.00930759	4.23941e-05	0.290666	0.248962	0.0415149	0.000189091	5.03703e-05	0.000224668	
424	0.110401	0.110225	0.000175639	0	0.492427	0.491644	0.000783411	0	0	0	
425	0.0769305	0.0693592	0.00749541	7.59069e-05	0.343135	0.309365	0.033432	0.00033857	8.10283e-05	0.000361413	
426	0.112248	0.108732	0.00351239	3.81857e-06	0.500666	0.484983	0.0156664	1.7032e-05	4.17417e-06	1.86182e-05	
427	0.0966755	0.0902226	0.00641537	3.75373e-05	0.431204	0.402422	0.0286146	0.000167429	5.06725e-05	0.000226016	
428	0.095655	0.0937878	0.00186717	1.04044e-07	0.426653	0.418324	0.00832823	4.64072e-07	8.00267e-08	3.56945e-07	
429	0.123236	0.0879797	0.0352501	6.50229e-06	0.549675	0.392418	0.157227	2.90023e-05	6.53497e-06	2.91481e-05	
430	0.222634	0.211791	0.010835	8.24718e-06	0.993022	0.944658	0.0483278	3.67851e-05	8.9276e-06	3.982e-05	
431	0.180611	0.165881	0.0147302	0	0.805588	0.739886	0.0657017	0	0	0	
432	0.132207	0.111873	0.0203174	1.69087e-05	0.58969	0.498992	0.0906226	7.54186e-05	3.3289e-05	0.00014848	
433	0.114981	0.0983053	0.0164515	0.000224206	0.512853	0.438474	0.0733793	0.00100003	0.000249102	0.00111108	
434	0.0937854	0.0803704	0.0133338	8.11772e-05	0.418314	0.358478	0.0594733	0.000362077	8.12463e-05	0.000362385	
435	0.21683	0.151695	0.0650411	9.37153e-05	0.967134	0.676611	0.290105	0.000418001	0.000285374	0.00127286	
436	0.118941	0.085931	0.032669	0.000341585	0.530519	0.38328	0.145714	0.00152358	0.000422134	0.00188285	
437	0.14118	0.0859802	0.05401	0.00119033	0.629712	0.3835	0.240902	0.00530927	0.00198654	0.00886064	
438	0.178363	0.130123	0.0474717	0.000768922	0.795561	0.580392	0.211739	0.00342964	0.000885791	0.00395092	
439	0.155332	0.126804	0.0285062	2.25367e-05	0.692835	0.565588	0.127147	0.000100521	2.98863e-05	0.000133302	
440	0.0873076	0.0799835	0.00729222	3.18371e-05	0.38942	0.356753	0.0325257	0.000142004	3.8387e-05	0.000171218	
441	0.0682331	0.0674969	0.000736203	0	0.304342	0.301058	0.00328371	0	0	0	
442	0.137663	0.0947353	0.041175	0.00175315	0.614024	0.42255	0.183654	0.00781965	0.00221488	0.00987911	
443	0.171476	0.137672	0.0334932	0.000311347	0.764842	0.614062	0.149391	0.00138871	0.000414922	0.00185069	
444	0.134087	0.107737	0.0263314	1.77671e-05	0.598072	0.480546	0.117446	7.92473e-05	2.87624e-05	0.000128289	
445	0.10965	0.0880393	0.0214893	0.000121602	0.489076	0.392684	0.0958496	0.000542389	0.000164604	0.000734191	
446	0.155012	0.0905277	0.0641565	0.000328434	0.691407	0.403783	0.286159	0.00146492	0.00056621	0.00252548	
447	0.16485	0.121736	0.0431144	0	0.735288	0.542984	0.192304	0	0	0	
448	0.0490366	0.0374798	0.0115555	1.23181e-06	0.218719	0.167172	0.0515416	5.49428e-06	1.20353e-06	5.36815e-06	
449	0.236684	0.153896	0.0824652	0.000322889	1.05569	0.686431	0.367822	0.00144019	0.000529929	0.00236365	
450	0.0863302	0.0792719	0.00705828	0	0.385061	0.353579	0.0314822	0	0	0	
451	0.130736	0.119985	0.0107464	4.00499e-06	0.583126	0.535176	0.0479328	1.78636e-05	7.98965e-06	3.56365e-05	
452	0.179885	0.0998529	0.078484	0.00154867	0.802349	0.445377	0.350064	0.00690758	0.00252223	0.0112499	
453	0.116536	0.0953841	0.0211037	4.8702e-05	0.519792	0.425444	0.0941299	0.000217227	7.75284e-05	0.000345802	
454	0.142726	0.088988	0.0536897	4.81589e-05	0.636605	0.396916	0.239474	0.000214804	0.000262528	0.00117096	
455	0.167553	0.10486	0.0619248	0.000768133	0.747342	0.46771	0.276205	0.00342613	0.00103703	0.00462553	
456	0.148449	0.111668	0.0364	0.000381327	0.662133	0.498076	0.162356	0.00170084	0.000525441	0.00234364	
457	0.123009	0.100355	0.0226485	5.12297e-06	0.548662	0.447619	0.10102	2.28501e-05	6.45808e-06	2.88052e-05	
458	0.0940839	0.0787735	0.0153101	2.53742e-07	0.419645	0.351356	0.0682883	1.13177e-06	9.5047e-07	4.23941e-06	
459	0.10262	0.0887337	0.0138575	2.8997e-05	0.45772	0.395781	0.061809	0.000129336	4.31775e-05	0.000192586	
460	0.12875	0.0851955	0.0435521	3.17867e-06	0.574271	0.38	0.194257	1.41779e-05	9.08409e-06	4.0518e-05	
461	0.135638	0.0853674	0.0502137	5.73925e-05	0.604992	0.380766	0.22397	0.000255989	0.000103663	0.000462373	
462	0.119469	0.099807	0.0195943	6.77598e-05	0.532872	0.445172	0.0873973	0.000302231	9.18376e-05	0.000409626	
463	0.131174	0.119271	0.0119026	0	0.585082	0.531992	0.0530899	0	0	0	
464	0.0827265	0.0688598	0.0138332	3.35277e-05	0.368987	0.307137	0.0617007	0.000149544	5.6408e-05	0.000251598	
465	0.0838758	0.0825271	0.00134866	0	0.374114	0.368098	0.00601547	0	0	0	
466	0.175671	0.109732	0.0644814	0.00145798	0.783553	0.489441	0.287608	0.0065031	0.00187194	0.00834948	
467	0.124196	0.0796298	0.0439543	0.000612135	0.553956	0.355175	0.196051	0.00273032	0.00123905	0.00552661	
468	0.106698	0.10136	0.00533816	3.56509e-07	0.475912	0.452101	0.0238099	1.59014e-06	5.2867e-07	2.35804e-06	
469	0.0766488	0.0766488	0	0	0.341879	0.341879	0	0	0	0	
470	0.106421	0.0947515	0.0116602	9.51097e-06	0.474673	0.422623	0.0520086	4.24221e-05	1.31064e-05	5.84591e-05	
471	0.126289	0.078889	0.0474007	0	0.563294	0.351871	0.211423	0	0	0	
472	0.125153	0.0890218	0.0338268	0.00230488	0.558226	0.397067	0.150878	0.0102805	0.00233022	0.0103935	
473	0.161744	0.0990203	0.0602717	0.002452	0.721432	0.441663	0.268832	0.0109367	0.00301867	0.0134642	
474	0.10575	0.0768181	0.0289327	0	0.471683	0.342634	0.129049	0	0	0	
475	0.121548	0.113066	0.00847945	2.58584e-06	0.542147	0.504315	0.0378211	1.15337e-05	4.17942e-06	1.86416e-05	
476	0.156702	0.112506	0.044128	6.73106e-05	0.698943	0.501817	0.196825	0.000300227	0.000197463	0.000880751	
477	0.122241	0.0968389	0.0253518	5.0242e-05	0.545235	0.431933	0.113077	0.000224096	8.79123e-05	0.000392118	
478	0.0949907	0.0787604	0.0161719	5.83845e-05	0.42369	0.351297	0.0721323	0.000260414	8.63502e-05	0.00038515	
479	0.107291	0.0975238	0.0097039	6.37109e-05	0.478555	0.434988	0.0432826	0.000284171	6.3679e-05	0.000284029	
480	0.122861	0.0974208	0.0253945	4.58559e-05	0.548001	0.434529	0.113268	0.000204532	6.93169e-05	0.000309176	
481	0.0814111	0.0757589	0.00565218	0	0.36312	0.337909	0.0252106	0	0	0	
482	0.135627	0.105588	0.0300369	1.21748e-06	0.604941	0.470961	0.133974	5.43039e-06	1.18917e-06	5.30409e-06	
483	0.0993772	0.0923028	0.00706795	6.44536e-06	0.443255	0.411701	0.0315254	2.87484e-05	8.28331e-06	3.69463e-05	
484	0.163348	0.116443	0.0456589	0.00124558	0.728586	0.519376	0.203653	0.00555569	0.00188247	0.00839644	
485	0.105558	0.0946754	0.0108269	5.60537e-05	0.470825	0.422283	0.0482919	0.000250018	6.58118e-05	0.000293542	
486	0.0830934	0.0797597	0.00332922	4.52803e-06	0.370624	0.355754	0.0148494	2.01965e-05	7.0271e-06	3.13432e-05	
487	0.103948	0.0994954	0.00445342	0	0.463646	0.443782	0.0198637	0	0	0	
488	0.141674	0.0952077	0.0461461	0.000320365	0.631914	0.424658	0.205826	0.00142893	0.000371937	0.00165896	
489	0.14918	0.097857	0.0513136	9.89623e-06	0.665394	0.436474	0.228876	4.41404e-05	1.7346e-05	7.73692e-05	
490	0.0928505	0.0904724	0.00237804	0	0.414144	0.403537	0.0106068	0	0	0	
491	0.100008	0.0780221	0.0219347	5.12351e-05	0.446069	0.348004	0.0978363	0.000228525	5.92751e-05	0.000264386	
492	0.146388	0.0966944	0.0485573	0.00113647	0.652939	0.431289	0.216581	0.00506903	0.00141371	0.00630562	
493	0.199284	0.111326	0.0879024	5.58188e-05	0.888876	0.496553	0.392073	0.00024897	8.97369e-05	0.000400256	
494	0.205164	0.116707	0.0879535	0.000503168	0.915102	0.520556	0.392302	0.00224429	0.000536848	0.00239452	
495	0.0922357	0.0836348	0.00860092	0	0.411401	0.373038	0.0383629	0	0	0	
496	0.110516	0.0894103	0.0202122	0.000893702	0.492938	0.398799	0.0901532	0.0039862	0.000894976	0.00399189	
497	0.113556	0.0772953	0.0360882	0.000172969	0.506499	0.344762	0.160965	0.000771501	0.000230164	0.00102661	
498	0.17075	0.133059	0.0376487	4.15672e-05	0.761602	0.59349	0.167925	0.000185403	5.78995e-05	0.000258251	
499	0.16137	0.157404	0.00396592	2.87393e-07	0.719767	0.702076	0.0176893	1.28187e-06	2.79979e-07	1.2488e-06	
500	0.14479	0.0804552	0.0641837	0.00015188	0.645815	0.358857	0.28628	0.000677438	0.000431014	0.00192246	
501	0.132226	0.108033	0.0241257	6.67157e-05	0.589773	0.481866	0.107608	0.000297574	8.50205e-05	0.000379219	
502	0.0938964	0.0905948	0.00330153	0	0.418809	0.404083	0.0147259	0	0	0	
503	0.116498	0.10261	0.0138727	1.5196e-05	0.519623	0.457678	0.0618771	6.77795e-05	1.51642e-05	6.76373e-05	
504	0.132498	0.118885	0.0135535	5.86838e-05	0.590985	0.53027	0.0604532	0.000261749	6.13943e-05	0.000273839	
505	0.0739559	0.0683991	0.005542	1.48867e-05	0.329868	0.305082	0.0247191	6.63997e-05	1.73586e-05	7.74252e-05	
506	0.15522	0.0974164	0.0562244	0.00157947	0.692334	0.434509	0.250779	0.00704496	0.00192545	0.00858816	
507	0.20413	0.157361	0.0459651	0.00080384	0.910488	0.701883	0.205019	0.00358539	0.000862541	0.00384722	
508	0.0953006	0.0876815	0.00761907	0	0.425072	0.391088	0.0339835	0	0	0	
509	0.0917694	0.0868321	0.00492617	1.11188e-05	0.409321	0.3873	0.0219723	4.95938e-05	1.45037e-05	6.46914e-05	
510	0.132061	0.104877	0.0269055	0.00027846	0.589038	0.467789	0.120007	0.00124202	0.000353619	0.00157726	
511	0.0777044	0.074843	0.00284948	1.19129e-05	0.346587	0.333824	0.0127096	5.31357e-05	1.24088e-05	5.53474e-05	
512	0.172438	0.0879712	0.0841618	0.000305146	0.769131	0.39238	0.375389	0.00136105	0.000514903	0.00229664	
513	0.111253	0.0907653	0.0204426	4.5297e-05	0.496226	0.404843	0.091181	0.000202039	6.83243e-05	0.000304749	
514	0.233526	0.127923	0.102841	0.00276204	1.0416	0.570579	0.458704	0.0123196	0.00397901	0.0177477	
515	0.0681943	0.0563595	0.0118185	1.62348e-05	0.304169	0.251382	0.0527146	7.24125e-05	3.30807e-05	0.000147551	
516	0.108875	0.088131	0.0204404	0.000303647	0.485618	0.393093	0.0911712	0.00135436	0.00031258	0.00139421	
517	0.0859645	0.0813821	0.00458233	8.23797e-08	0.38343	0.362991	0.0204387	3.6744e-07	8.31225e-08	3.70753e-07	
518	0.188555	0.155175	0.0333801	0	0.84102	0.692133	0.148886	0	0	0	
519	0.0708081	0.0419279	0.0288802	0	0.315827	0.187012	0.128815	0	0	0	
520	0.172087	0.12184	0.0484415	0.00180551	0.767566	0.543448	0.216065	0.00805319	0.00238011	0.010616	
521	0.26683	0.109403	0.156673	0.000752633	1.19015	0.487975	0.698817	0.00335699	0.00112884	0.005035	
522	0.17972	0.0780167	0.101481	0.000222457	0.801612	0.34798	0.452639	0.000992235	0.000356455	0.00158991	
523	0.0926742	0.0758899	0.0167842	0	0.413357	0.338494	0.0748632	0	0	0	
524	0.153514	0.105545	0.0475558	0.00041305	0.684725	0.470768	0.212114	0.00184234	0.000600346	0.00267774	
525	0.167216	0.0993677	0.0673116	0.000537381	0.745842	0.443213	0.300232	0.00239689	0.00174786	0.00779607	
526	0.11757	0.101065	0.0164736	3.18416e-05	0.524403	0.450783	0.0734781	0.000142024	4.90782e-05	0.000218905	
527	0.107957	0.0776497	0.0302497	5.81441e-05	0.481526	0.346343	0.134923	0.000259342	6.84383e-05	0.000305257	
528	0.085687	0.0801068	0.00557747	2.70524e-06	0.382192	0.357303	0.0248773	1.20662e-05	4.45887e-06	1.9888e-05	
529	0.132564	0.0807708	0.0516397	0.000153777	0.59128	0.360264	0.23033	0.0006859	0.00034183	0.00152467	
530	0.0946779	0.0805385	0.0140576	8.1783e-05	0.422295	0.359228	0.0627019	0.000364779	0.000114347	0.000510026	
531	0.166889	0.104644	0.06184	0.000405196	0.744382	0.466748	0.275826	0.00180731	0.000715621	0.0031919	
532	0.110988	0.0834739	0.0271528	0.000361401	0.495043	0.372321	0.12111	0.00161197	0.000457519	0.00204068	
533	0.168184	0.117547	0.0504397	0.000197262	0.750158	0.5243	0.224977	0.000879854	0.000658949	0.00293913	
534	0.138778	0.113059	0.0249706	0.000748491	0.618999	0.504283	0.111377	0.00333851	0.000757749	0.00337981	
535	0.0936367	0.0774478	0.0161188	7.00481e-05	0.417651	0.345443	0.0718955	0.000312438	8.41781e-05	0.000375462	
536	0.0715862	0.0656909	0.00589532	0	0.319298	0.293003	0.0262951	0	0	0	
537	0.125134	0.0765904	0.0484763	6.76944e-05	0.55814	0.341618	0.21622	0.000301939	8.37764e-05	0.00037367	
538	0.136938	0.080235	0.0551419	0.00156176	0.610791	0.357874	0.245951	0.00696599	0.00303708	0.0135464	
539	0.133043	0.0829838	0.0500283	3.17674e-05	0.593419	0.370135	0.223143	0.000141693	8.10177e-05	0.000361365	
540	0.0978876	0.0797665	0.0177465	0.000374504	0.436611	0.355785	0.0791555	0.00167041	0.000442676	0.00197448	
541	0.0916202	0.0820235	0.00958896	7.84642e-06	0.408656	0.365852	0.0427699	3.49976e-05	1.33965e-05	5.9753e-05	
542	0.183972	0.149674	0.0341228	0.000175483	0.820579	0.667597	0.152199	0.000782715	0.000254751	0.00113627	
543	0.124604	0.0892232	0.0353624	1.86861e-05	0.555776	0.397965	0.157728	8.33464e-05	2.1455e-05	9.56966e-05	
544	0.169829	0.12645	0.0433686	9.70508e-06	0.757494	0.564013	0.193438	4.32878e-05	7.80174e-05	0.000347983	
545	0.149316	0.0750443	0.0742586	1.31103e-05	0.665999	0.334722	0.331218	5.84765e-05	0.000125062	0.000557819	
546	0.139685	0.116344	0.0233325	8.81603e-06	0.623043	0.518933	0.10407	3.93224e-05	1.07752e-05	4.8061e-05	
547	0.0873858	0.0753453	0.0120404	0	0.389769	0.336065	0.0537043	0	0	0	
548	0.117375	0.11058	0.00679428	0	0.523532	0.493227	0.0303047	0	0	0	
549	0.151424	0.0848427	0.0654938	0.00108842	0.675405	0.378426	0.292124	0.00485472	0.00166592	0.00743056	
550	0.196959	0.119512	0.0734228	0.00402491	0.878506	0.533063	0.32749	0.0179524	0.00541033	0.0241318	
551	0.0970317	0.0963799	0.000651791	0	0.432793	0.429886	0.0029072	0	0	0	
552	0.0879971	0.072462	0.015219	0.000316026	0.392496	0.323204	0.0678819	0.00140958	0.000320965	0.00143161	
553	0.192213	0.182648	0.00955839	6.20934e-06	0.857336	0.814674	0.0426335	2.76957e-05	6.94576e-06	3.09803e-05	
554	0.142253	0.102241	0.0389849	0.00102738	0.634497	0.456029	0.173885	0.00458246	0.00119884	0.00534723	
555	0.0987329	0.0750011	0.0237027	2.91072e-05	0.440381	0.33453	0.105721	0.000129827	4.76042e-05	0.00021233	
556	0.171881	0.149297	0.0223015	0.000282379	0.766647	0.665915	0.0994725	0.0012595	0.00028419	0.00126758	
557	0.0947282	0.0788034	0.0158295	9.5267e-05	0.422519	0.351489	0.070605	0.000424922	0.000124386	0.000554805	
558	0.109044	0.0972432	0.0118012	0	0.486374	0.433737	0.0526374	0	0	0	
559	0.103881	0.0789074	0.0247804	0.000193637	0.463346	0.351953	0.110529	0.000863686	0.00027568	0.00122962	
560	0.094645	0.0846553	0.00998917	5.66974e-07	0.422148	0.37759	0.044555	2.52889e-06	9.81408e-07	4.3774e-06	
561	0.125532	0.0929073	0.0321194	0.000505754	0.559916	0.414397	0.143263	0.00225583	0.000764493	0.00340989	
562	0.0701341	0.0497452	0.0203888	0	0.312821	0.22188	0.0909411	0	0	0	
563	0.11289	0.078667	0.0339604	0.000263017	0.503529	0.350881	0.151474	0.00117314	0.000371652	0.00165769	
564	0.120662	0.081309	0.0389759	0.000377757	0.538195	0.362665	0.173845	0.00168492	0.000443652	0.00197883	
565	0.0989443	0.0848129	0.0140013	0.000130087	0.441324	0.378293	0.0624507	0.000580234	0.0001661	0.000740863	
566	0.125588	0.103556	0.0219413	9.05127e-05	0.560165	0.461896	0.0978658	0.000403716	0.00010912	0.000486712	
567	0.211817	0.160545	0.0502792	0.000992612	0.944775	0.716085	0.224262	0.00442738	0.00102904	0.00458987	
568	0.145165	0.115044	0.0300932	2.69338e-05	0.647484	0.513138	0.134225	0.000120133	2.69009e-05	0.000119987	
569	0.0806654	0.0757279	0.00493747	0	0.359794	0.337771	0.0220227	0	0	0	
570	0.136086	0.119539	0.0164201	0.000126603	0.60699	0.533186	0.0732394	0.000564695	0.000225039	0.00100375	
571	0.102893	0.0913457	0.0115461	1.64638e-06	0.458939	0.407432	0.0514995	7.34342e-06	3.6032e-06	1.60714e-05	
572	0.116427	0.0974234	0.0188457	0.000158163	0.519304	0.43454	0.0840582	0.000705459	0.000331519	0.00147868	
573	0.0991685	0.0842157	0.0148307	0.000122123	0.442324	0.37563	0.06615	0.000544712	0.00017176	0.000766107	
574	0.14318	0.0797151	0.0627935	0.000671407	0.63863	0.355555	0.28008	0.00299469	0.00102939	0.00459144	
575	0.151012	0.0841559	0.0660455	0.000810941	0.673565	0.375363	0.294584	0.00361706	0.00117368	0.00523501	
576	0.0708019	0.05439	0.0164119	0	0.3158	0.242597	0.0732026	0	0	0	
577	0.12347	0.112957	0.0105133	0	0.55072	0.503827	0.0468927	0	0	0	
578	0.0985236	0.0888669	0.00965669	0	0.439447	0.396375	0.043072	0	0	0	
579	0.0949058	0.0871487	0.00772072	3.64223e-05	0.423311	0.388712	0.0344369	0.000162455	5.17885e-05	0.000230994	
580	0.0900217	0.0666587	0.0233446	1.84027e-05	0.401527	0.29732	0.104125	8.20823e-05	5.28761e-05	0.000235845	
581	0.0804281	0.0751016	0.00532644	0	0.358736	0.334978	0.0237577	0	0	0	
582	0.090767	0.0843477	0.00638492	3.43108e-05	0.40485	0.376219	0.0284788	0.000153037	4.15541e-05	0.000185345	
583	0.110483	0.0927652	0.0176143	0.000104038	0.492793	0.413763	0.0785659	0.000464045	0.00013408	0.000598044	
584	0.167654	0.127957	0.0387835	0.000913273	0.747793	0.570732	0.172987	0.0040735	0.000969055	0.0043223	
585	0.11293	0.0749007	0.0380119	1.82002e-05	0.503708	0.334082	0.169545	8.11791e-05	3.18416e-05	0.000142024	
586	0.115778	0.0843458	0.0311739	0.000259205	0.516412	0.37621	0.139046	0.00115614	0.000361412	0.00161201	
587	0.113832	0.0889655	0.0247261	0.000141014	0.507731	0.396815	0.110286	0.000628971	0.000167584	0.000747483	
588	0.0676327	0.0676327	0	0	0.301664	0.301664	0	0	0	0	
589	0.151731	0.10927	0.04157	0.000890386	0.676771	0.487383	0.185416	0.00397141	0.0010758	0.00479845	
590	0.136135	0.107417	0.028524	0.000193767	0.607209	0.479118	0.127226	0.000864268	0.000243898	0.00108786	
591	0.139163	0.0959766	0.0431016	8.54581e-05	0.620716	0.428087	0.192247	0.000381171	9.62463e-05	0.00042929	
592	0.107534	0.0858324	0.0216747	2.76534e-05	0.47964	0.382841	0.0966766	0.000123343	4.80406e-05	0.000214277	
593	0.102572	0.0940411	0.00846356	6.7427e-05	0.457505	0.419454	0.0377502	0.000300747	7.54167e-05	0.000336383	
594	0.0875989	0.0805547	0.00702512	1.90864e-05	0.39072	0.3593	0.0313344	8.51318e-05	3.15414e-05	0.000140685	
595	0.112824	0.093887	0.01889	4.71745e-05	0.503233	0.418767	0.0842557	0.000210414	6.08621e-05	0.000271465	
596	0.110306	0.0903019	0.0198631	0.000141573	0.492004	0.402776	0.0885962	0.000631463	0.000167347	0.000746423	
597	0.148375	0.141027	0.00732678	2.06077e-05	0.661802	0.629031	0.0326799	9.19172e-05	2.17768e-05	9.71317e-05	
598	0.113102	0.108268	0.00481019	2.37846e-05	0.504473	0.482912	0.021455	0.000106087	2.49378e-05	0.00011123	
599	0.106198	0.0934433	0.0127512	3.54745e-06	0.473678	0.416788	0.0568747	1.58228e-05	9.12217e-06	4.06879e-05	
600	0.109115	0.107998	0.00111654	0	0.48669	0.48171	0.00498014	0	0	0	
601	0.241255	0.148117	0.0925253	0.000612235	1.07607	0.660653	0.412693	0.00273077	0.000613139	0.0027348	
602	0.110383	0.102616	0.00774828	1.86768e-05	0.492346	0.457703	0.0345599	8.33049e-05	5.18471e-05	0.000231255	
603	0.11706	0.0519801	0.0650803	0	0.522128	0.231848	0.290279	0	0	0	
604	0.0871598	0.0809792	0.00617501	5.61701e-06	0.388761	0.361194	0.0275425	2.50537e-05	5.7682e-06	2.5728e-05	
605	0.122522	0.0495663	0.072933	2.29351e-05	0.54649	0.221082	0.325305	0.000102298	0.000111374	0.000496769	
606	0.130381	0.0938178	0.035779	0.000784344	0.581543	0.418458	0.159586	0.00349843	0.0011201	0.00499602	
607	0.0842758	0.0782021	0.00602549	4.82939e-05	0.375898	0.348807	0.0268756	0.000215407	4.94994e-05	0.000220783	
608	0.0851331	0.0788187	0.00631448	0	0.379722	0.351557	0.0281646	0	0	0	
609	0.091026	0.0871259	0.00390009	0	0.406006	0.38861	0.0173957	0	0	0	
610	0.112531	0.080036	0.031467	0.00102816	0.501926	0.356987	0.140353	0.00458597	0.00125164	0.00558277	
611	0.0654808	0.0577236	0.00766685	9.03766e-05	0.292066	0.257466	0.0341967	0.000403109	9.42344e-05	0.000420316	
612	0.0954515	0.0906204	0.00482136	9.78645e-06	0.425745	0.404197	0.0215048	4.36508e-05	1.2395e-05	5.5286e-05	
613	0.0931442	0.0766346	0.016435	7.4552e-05	0.415454	0.341816	0.0733056	0.000332526	8.76841e-05	0.0003911	
614	0.0988742	0.0836151	0.0152049	5.40997e-05	0.441011	0.372951	0.0678191	0.000241302	6.09733e-05	0.000271961	
615	0.0952016	0.0867341	0.00846321	4.28462e-06	0.42463	0.386862	0.0377487	1.91108e-05	4.26706e-06	1.90325e-05	
616	0.114917	0.0889304	0.0251444	0.000842194	0.512568	0.396659	0.112152	0.00375646	0.00104103	0.00464333	
617	0.111523	0.0916246	0.019775	0.000124243	0.497433	0.408676	0.088203	0.000554167	0.000148884	0.000664073	
618	0.0624847	0.0558847	0.0065663	3.36591e-05	0.278702	0.249264	0.0292878	0.000150131	3.36279e-05	0.000149991	
619	0.14082	0.0987919	0.0419244	0.000103711	0.628103	0.440644	0.186996	0.000462585	0.000111281	0.000496352	
620	0.101073	0.0876413	0.0134264	6.07648e-06	0.450822	0.390909	0.0598864	2.71031e-05	7.69806e-06	3.43358e-05	
621	0.363299	0.185965	0.174815	0.00251786	1.62043	0.829469	0.779734	0.0112304	0.00258205	0.0115168	
622	0.0356275	0.0304538	0.00516672	6.96911e-06	0.15891	0.135834	0.0230453	3.10845e-05	9.68826e-06	4.32128e-05	
623	0.0916542	0.0717696	0.0197143	0.000170354	0.408808	0.320116	0.0879326	0.000759835	0.000200728	0.000895316	
624	0.121067	0.0826051	0.0384374	2.45512e-05	0.539999	0.368446	0.171443	0.000109506	2.82317e-05	0.000125922	
625	0.0614768	0.0549158	0.00654896	1.21306e-05	0.274207	0.244942	0.0292105	5.41068e-05	1.21125e-05	5.40261e-05	
626	0.0707638	0.0637511	0.00701269	0	0.31563	0.284351	0.0312789	0	0	0	
627	0.0997533	0.0790147	0.0207386	0	0.444933	0.352431	0.0925013	0	0	0	
628	0.0600418	0.0600371	4.66482e-06	0	0.267806	0.267785	2.08066e-05	0	0	0	
629	0.239119	0.137449	0.10046	0.00120966	1.06655	0.613069	0.448086	0.00539551	0.00159705	0.00712338	
630	0.167805	0.145403	0.0222959	0.000106879	0.748469	0.648545	0.0994471	0.000476718	0.000123873	0.000552517	
631	0.104845	0.0957253	0.00912004	0	0.467645	0.426966	0.0406784	0	0	0	
632	0.043208	0.043204	3.95719e-06	0	0.192722	0.192704	1.76504e-05	0	0	0	
633	0.0522399	0.0451049	0.00709596	3.8977e-05	0.233007	0.201183	0.0316503	0.00017385	3.89448e-05	0.000173707	
634	0.0481539	0.0419211	0.00622691	5.91229e-06	0.214782	0.186982	0.027774	2.63707e-05	5.99678e-06	2.67476e-05	
635	0.069623	0.0654801	0.00413361	9.31635e-06	0.310541	0.292062	0.0184372	4.1554e-05	3.00339e-05	0.000133961	
636	0.0847253	0.0649293	0.0197932	2.83538e-06	0.377903	0.289606	0.0882842	1.26467e-05	5.02143e-06	2.23972e-05	
637	0.0792528	0.0735554	0.00569018	7.19336e-06	0.353493	0.328081	0.0253801	3.20847e-05	1.09e-05	4.86179e-05	
638	0.142367	0.0814558	0.0609073	4.49743e-06	0.635006	0.363319	0.271666	2.006e-05	1.49386e-05	6.66313e-05	
639	0.130675	0.0760529	0.0545976	2.4929e-05	0.582855	0.339221	0.243523	0.000111191	4.6522e-05	0.000207503	
640	0.0859578	0.0804091	0.00548416	6.45925e-05	0.3834	0.358651	0.0244611	0.000288104	6.79577e-05	0.000303114	
641	0.0753831	0.0749578	0.000425306	0	0.336233	0.334336	0.001897	0	0	0	
642	0.0632883	0.0630103	0.000277969	0	0.282287	0.281047	0.00123983	0	0	0	
643	0.16949	0.141789	0.027287	0.000414422	0.755985	0.632427	0.121709	0.00184846	0.000483783	0.00215783	
644	0.107782	0.0823198	0.025462	1.87663e-07	0.480743	0.367173	0.113569	8.37042e-07	2.44552e-07	1.09078e-06	
645	0.0809882	0.0803165	0.000671201	5.39459e-07	0.361234	0.358238	0.00299378	2.40616e-06	6.44523e-07	2.87478e-06	
646	0.120155	0.074919	0.0450791	0.000157792	0.535935	0.334163	0.201067	0.000703807	0.00025601	0.00114189	
647	0.17512	0.123717	0.0501987	0.00120474	0.781097	0.55182	0.223903	0.00537355	0.00164311	0.00732882	
648	0.146278	0.117174	0.0289381	0.000166091	0.652451	0.522637	0.129073	0.000740822	0.0002104	0.000938453	
649	0.064276	0.064276	0	0	0.286692	0.286692	0	0	0	0	
650	0.0733814	0.072912	0.000469459	0	0.327305	0.325211	0.00209394	0	0	0	
651	0.10299	0.101402	0.00158824	0	0.459372	0.452288	0.0070841	0	0	0	
652	0.0965403	0.0823886	0.013909	0.000242609	0.430601	0.36748	0.0620391	0.00108211	0.000287873	0.00128401	
653	0.0999663	0.0875771	0.0123892	0	0.445883	0.390623	0.0552599	0	0	0	
654	0.124936	0.0881741	0.0365322	0.000230459	0.557259	0.393285	0.162946	0.00102792	0.000378841	0.00168975	
655	0.133308	0.0809902	0.0505911	0.00172667	0.594597	0.361243	0.225653	0.00770155	0.0024268	0.0108243	
656	0.234529	0.118327	0.112416	0.00378508	1.04607	0.527778	0.501416	0.0168827	0.00646305	0.0288273	
657	0.111852	0.0800473	0.0318047	0	0.498897	0.357037	0.141859	0	0	0	
658	0.119647	0.075301	0.0443388	7.51856e-06	0.533666	0.335867	0.197765	3.35352e-05	7.98424e-06	3.56123e-05	
659	0.129029	0.0957201	0.032624	0.000685842	0.575516	0.426943	0.145513	0.00305908	0.000739402	0.00329797	
660	0.16025	0.100412	0.0590437	0.000793681	0.714768	0.447873	0.263354	0.00354008	0.00164736	0.00734781	
661	0.204689	0.0983366	0.10305	0.00330261	0.912981	0.438613	0.459637	0.0147307	0.00735318	0.0327976	
662	0.121851	0.0804519	0.0413173	8.18571e-05	0.543496	0.358842	0.184289	0.000365109	0.000184384	0.000822416	
663	0.0971989	0.0803704	0.0166068	0.000221671	0.433539	0.358478	0.074072	0.000988728	0.000265107	0.00118246	
664	0.105491	0.0873433	0.0181255	2.2274e-05	0.470525	0.38958	0.0808458	9.93497e-05	2.64832e-05	0.000118124	
665	0.099591	0.087238	0.012353	3.14437e-08	0.444209	0.38911	0.0550988	1.40249e-07	2.52866e-07	1.12786e-06	
666	0.102593	0.078973	0.0232404	0.000379843	0.4576	0.352245	0.10366	0.00169422	0.000459731	0.00205055	
667	0.148491	0.104858	0.0417906	0.0018425	0.662322	0.467704	0.1864	0.00821817	0.00226798	0.0101159	
668	0.101173	0.083082	0.0180788	1.22238e-05	0.451265	0.370573	0.0806377	5.45224e-05	1.72549e-05	7.69628e-05	
669	0.045511	0.0435244	0.00198659	0	0.202994	0.194133	0.00886088	0	0	0	
670	0.0939238	0.0826583	0.0112044	6.10612e-05	0.418931	0.368683	0.0499753	0.000272353	6.59025e-05	0.000293947	
671	0.051136	0.0506624	0.000473578	0	0.228083	0.225971	0.00211231	0	0	0	
672	0.155797	0.112011	0.0437228	6.24411e-05	0.694907	0.49961	0.195018	0.000278508	0.000102788	0.00045847	
673	0.151582	0.101503	0.0491629	0.000915881	0.676107	0.452739	0.219282	0.00408513	0.00120088	0.00535634	
674	0.137725	0.0953887	0.0422017	0.000134687	0.614299	0.425465	0.188233	0.000600752	0.000140132	0.000625037	
675	0.125262	0.0812242	0.0435409	0.000497112	0.558711	0.362287	0.194206	0.00221728	0.000567338	0.00253051	
676	0.16022	0.109831	0.0492743	0.00111461	0.714634	0.489883	0.219779	0.00497155	0.00177794	0.0079302	
677	0.105478	0.0934732	0.0119683	3.65659e-05	0.470467	0.416921	0.053383	0.000163096	4.46994e-05	0.000199374	
678	0.110585	0.0803474	0.0302259	1.19736e-05	0.493247	0.358376	0.134817	5.34066e-05	1.57185e-05	7.011e-05	
679	0.123255	0.091034	0.0321575	6.35534e-05	0.549758	0.406041	0.143433	0.000283469	6.86239e-05	0.000306085	
680	0.12781	0.110449	0.0173607	0	0.570076	0.492641	0.0774344	0	0	0	
681	0.111837	0.0977979	0.0140081	3.16118e-05	0.498833	0.436211	0.0624811	0.000140999	6.78086e-05	0.000302448	
682	0.100011	0.0976979	0.00231397	0	0.446086	0.435765	0.010321	0	0	0	
683	0.0945971	0.0912349	0.00336218	0	0.421934	0.406937	0.0149964	0	0	0	
684	0.108612	0.0943255	0.0142385	4.79572e-05	0.484445	0.420722	0.0635087	0.000213904	4.87218e-05	0.000217315	
685	0.176158	0.140828	0.0347252	0.00060496	0.785727	0.628142	0.154886	0.00269832	0.000618931	0.00276063	
686	0.10611	0.0905746	0.0154393	9.67799e-05	0.473289	0.403992	0.0688647	0.00043167	0.000136656	0.000609532	
687	0.082055	0.0778776	0.00416747	9.95274e-06	0.365992	0.347359	0.0185883	4.43925e-05	1.21053e-05	5.39937e-05	
688	0.0646471	0.0642832	0.000363834	0	0.288347	0.286724	0.00162282	0	0	0	
689	0.00767353	0.00715636	0.000517168	0	0.0342265	0.0319197	0.00230674	0	0	0	
690	0.060287	0.0598734	0.000413593	0	0.2689	0.267055	0.00184476	0	0	0	
691	0.106289	0.0981846	0.00803889	6.63955e-05	0.474088	0.437935	0.0358561	0.000296145	8.59297e-05	0.000383275	
692	0.0729645	0.0729645	0	0	0.325446	0.325446	0	0	0	0	
693	0.0913941	0.079383	0.0120104	7.12641e-07	0.407648	0.354074	0.0535706	3.17861e-06	2.3258e-06	1.03738e-05	
694	0.207343	0.1545	0.0519833	0.000860189	0.924821	0.689122	0.231862	0.00383672	0.00147017	0.00655747	
695	0.0947527	0.0793661	0.0153805	6.20195e-06	0.422628	0.353999	0.0686022	2.76627e-05	1.04494e-05	4.6608e-05	
696	0.243976	0.159843	0.0824043	0.00172845	1.08821	0.712955	0.36755	0.00770947	0.0020752	0.00925608	
697	0.156952	0.0828325	0.0734753	0.000644745	0.70006	0.36946	0.327724	0.00287577	0.00231246	0.0103143	
698	0.249969	0.195909	0.0536613	0.000398983	1.11494	0.873819	0.239347	0.0017796	0.000548227	0.00244527	
699	0.331409	0.185449	0.142521	0.00343912	1.47819	0.827164	0.635693	0.0153396	0.00447468	0.0199585	
700	0.0825659	0.0825659	0	0	0.368271	0.368271	0	0	0	0	
701	0.0824223	0.0824223	0	0	0.36763	0.36763	0	0	0	0	
702	0.112445	0.1063	0.00614568	0	0.501545	0.474133	0.0274117	0	0	0	
703	0.0904747	0.0876716	0.00279084	1.22458e-05	0.403547	0.391044	0.012448	5.46205e-05	1.22139e-05	5.44784e-05	
704	0.0940798	0.079468	0.0146068	5.02907e-06	0.419627	0.354453	0.0651511	2.24313e-05	1.11703e-05	4.98233e-05	
705	0.0977362	0.0880974	0.00963881	0	0.435935	0.392943	0.0429922	0	0	0	
706	0.202908	0.15822	0.044521	0.000166741	0.905038	0.705716	0.198578	0.00074372	0.000278906	0.00124401	
707	0.0869008	0.080274	0.00662681	0	0.387606	0.358048	0.0295578	0	0	0	
708	0.0799427	0.0799427	0	0	0.35657	0.35657	0	0	0	0	
709	0.122826	0.103375	0.0192187	0.000232334	0.547846	0.461088	0.0857217	0.00103628	0.000241295	0.00107625	
710	0.199319	0.0959914	0.102346	0.000980811	0.889028	0.428153	0.4565	0.00437474	0.00108698	0.0048483	
711	0.0955973	0.080668	0.0149292	0	0.426395	0.359806	0.0665894	0	0	0	
712	0.0768988	0.076557	0.000341811	0	0.342994	0.341469	0.00152459	0	0	0	
713	0.0891043	0.0784007	0.0107035	0	0.397434	0.349693	0.0477413	0	0	0	
714	0.091968	0.081661	0.0102942	1.27614e-05	0.410207	0.364235	0.0459157	5.69203e-05	1.27289e-05	5.67754e-05	
715	0.0720283	0.0700407	0.00198755	0	0.32127	0.312405	0.00886515	0	0	0	
716	0.0812806	0.0749712	0.0062681	4.13763e-05	0.362538	0.334396	0.0279578	0.000184552	4.53312e-05	0.000202192	
717	0.0963359	0.0882704	0.00805925	6.31245e-06	0.42969	0.393715	0.0359469	2.81556e-05	6.28068e-06	2.80139e-05	
718	0.120074	0.108131	0.0118729	6.95268e-05	0.535571	0.482304	0.0529574	0.000310112	7.43569e-05	0.000331656	
719	0.0788287	0.0629164	0.0154576	0.000454723	0.351602	0.280628	0.0689462	0.00202821	0.000463905	0.00206917	
720	0.0622974	0.0620771	0.000220298	0	0.277867	0.276884	0.000982604	0	0	0	
721	0.126856	0.10631	0.0203036	0.000243312	0.565824	0.474178	0.0905608	0.00108525	0.000249249	0.00111173	
722	0.0811351	0.0808416	0.000293499	0	0.361889	0.36058	0.0013091	0	0	0	
723	0.111825	0.10203	0.00978793	7.54031e-06	0.498778	0.455088	0.0436574	3.36322e-05	7.50819e-06	3.3489e-05	
724	0.0807158	0.0804761	0.000239687	0	0.360019	0.35895	0.00106908	0	0	0	
725	0.0821127	0.0623775	0.0195245	0.000210733	0.36625	0.278224	0.087086	0.00093994	0.000214794	0.000958055	
726	0.0467138	0.0425269	0.00418689	0	0.208359	0.189684	0.0186749	0	0	0	
727	0.089124	0.0887266	0.000397396	0	0.397522	0.39575	0.00177252	0	0	0	
728	0.101375	0.0851928	0.0158113	0.000371775	0.45217	0.379988	0.0705238	0.00165824	0.000387374	0.00172781	
729	0.0981602	0.0773881	0.0207721	0	0.437827	0.345176	0.0926504	0	0	0	
730	0.111481	0.104599	0.00686814	1.37937e-05	0.497245	0.46655	0.0306341	6.15247e-05	2.60754e-05	0.000116304	
731	0.111424	0.0941811	0.0171819	6.18766e-05	0.496991	0.420079	0.076637	0.00027599	6.96472e-05	0.000310649	
732	0.0831102	0.0771606	0.00591954	3.00409e-05	0.370699	0.344162	0.0264031	0.000133992	3.00851e-05	0.000134189	
733	0.101147	0.0917203	0.00942477	2.39011e-06	0.451151	0.409103	0.0420375	1.06607e-05	9.90451e-06	4.41774e-05	
734	0.114179	0.106549	0.00762998	0	0.509278	0.475246	0.0340322	0	0	0	
735	0.0706045	0.0655471	0.00505743	0	0.314919	0.292361	0.0225578	0	0	0	
736	0.057269	0.0553411	0.00192789	0	0.255439	0.246839	0.00859904	0	0	0	
737	0.0891929	0.0794268	0.0097625	3.62959e-06	0.39783	0.35427	0.043544	1.61892e-05	2.42466e-05	0.000108148	
738	0.118905	0.112862	0.00603011	1.37188e-05	0.530359	0.503402	0.0268962	6.11906e-05	1.76205e-05	7.85937e-05	
739	0.065873	0.0646503	0.00122252	1.58135e-07	0.293815	0.288362	0.00545286	7.05335e-07	1.32075e-07	5.891e-07	
740	0.0366301	0.0365944	3.56922e-05	0	0.163382	0.163223	0.000159199	0	0	0	
741	0.0899225	0.086154	0.0037644	4.10399e-06	0.401084	0.384275	0.0167904	1.83051e-05	4.38548e-06	1.95606e-05	
742	0.141307	0.122614	0.0186704	2.32442e-05	0.630279	0.546899	0.0832764	0.000103677	2.32117e-05	0.000103532	
743	0.0882359	0.0839465	0.00424852	4.0906e-05	0.393561	0.374429	0.0189498	0.000182454	4.08741e-05	0.000182312	
744	0.0558115	0.0551986	0.000612921	0	0.248937	0.246204	0.00273383	0	0	0	
745	0.124232	0.101449	0.0227283	5.50147e-05	0.554119	0.452498	0.101376	0.000245383	5.49829e-05	0.000245242	
746	0.079311	0.0749302	0.00438086	0	0.353753	0.334213	0.01954	0	0	0	
747	0.0852953	0.0840048	0.00129051	0	0.380445	0.374689	0.00575611	0	0	0	
748	0.101324	0.081991	0.0191937	0.000140252	0.451942	0.365707	0.0856104	0.00062557	0.000151521	0.000675836	
749	0.119761	0.112043	0.00771814	0	0.534176	0.49975	0.0344254	0	0	0	
750	0.0906863	0.0818913	0.00879496	0	0.40449	0.365262	0.0392284	0	0	0	
751	0.260819	0.151488	0.103383	0.00594734	1.16334	0.675689	0.461124	0.0265271	0.00788333	0.0351622	
752	0.083208	0.0761477	0.00705752	2.86009e-06	0.371135	0.339644	0.0314788	1.27569e-05	3.28589e-06	1.46561e-05	
753	0.101038	0.0922333	0.00880471	6.72929e-07	0.450666	0.411391	0.0392719	3.00149e-06	6.4072e-07	2.85782e-06	
754	0.223616	0.175944	0.0473512	0.000320746	0.997404	0.784772	0.211202	0.00143063	0.000682396	0.00304371	
755	0.110773	0.0917614	0.0189828	2.8773e-05	0.494084	0.409286	0.0846697	0.000128337	2.96337e-05	0.000132176	
756	0.198487	0.113688	0.084781	1.71987e-05	0.885318	0.50709	0.378151	7.6712e-05	0.000176087	0.00078541	
757	0.122371	0.0772952	0.0422105	0.00286555	0.545816	0.344762	0.188273	0.0127813	0.00317704	0.0141706	
758	0.228494	0.127415	0.101067	1.0851e-05	1.01915	0.568314	0.450796	4.83992e-05	2.10653e-05	9.39585e-05	
759	0.111294	0.0710977	0.0401601	3.70743e-05	0.496412	0.317119	0.179127	0.000165363	7.41996e-05	0.000330955	
760	0.112233	0.0864272	0.025806	0	0.500597	0.385494	0.115103	0	0	0	
761	0.123264	0.109513	0.0135729	0.000178	0.5498	0.488467	0.0605397	0.000793941	0.0001853	0.000826499	
762	0.0504869	0.0504869	0	0	0.225188	0.225188	0	0	0	0	
763	0.0556545	0.05376	0.0018945	0	0.248237	0.239787	0.00845013	0	0	0	
764	0.0769741	0.0764204	0.000553673	0	0.343329	0.34086	0.00246956	0	0	0	
765	0.0845517	0.0834931	0.00105859	0	0.377128	0.372406	0.00472166	0	0	0	
766	0.0474695	0.0443302	0.00311612	2.31074e-05	0.211729	0.197727	0.0138989	0.000103067	2.30755e-05	0.000102924	
767	0.0516395	0.0429809	0.00859853	6.00099e-05	0.230329	0.191709	0.0383523	0.000267664	5.99779e-05	0.000267521	
768	0.0451702	0.0451316	3.8574e-05	0	0.201474	0.201302	0.000172052	0	0	0	
769	0.0804489	0.0522643	0.028058	0.00012653	0.358828	0.233116	0.125148	0.000564367	0.000358819	0.00160045	
770	0.083383	0.0563409	0.0267152	0.000326878	0.371916	0.251299	0.119158	0.00145798	0.000337549	0.00150558	
771	0.111205	0.0779386	0.0332625	4.22347e-06	0.496012	0.347632	0.148362	1.88381e-05	8.04921e-06	3.59021e-05	
772	0.103154	0.102849	0.000305757	0	0.460104	0.458741	0.00136378	0	0	0	
773	0.120953	0.0901645	0.0307564	3.28814e-05	0.539494	0.402163	0.137183	0.000146662	7.97215e-05	0.000355584	
774	0.0777381	0.0773187	0.000419365	0	0.346737	0.344867	0.0018705	0	0	0	
775	0.0753466	0.0753466	0	0	0.33607	0.33607	0	0	0	0	
776	0.064638	0.064638	0	0	0.288306	0.288306	0	0	0	0	
777	0.0740249	0.0740249	0	0	0.330175	0.330175	0	0	0	0	
778	0.0919081	0.0919081	0	0	0.40994	0.40994	0	0	0	0	
779	0.131257	0.110302	0.0209554	2.01172e-07	0.585453	0.491984	0.0934681	8.97295e-07	1.87444e-07	8.36065e-07	
780	0.0505219	0.0433105	0.00721136	0	0.225344	0.193179	0.032165	0	0	0	
781	0.0534854	0.0423152	0.0111701	0	0.238562	0.18874	0.0498226	0	0	0	
782	0.107214	0.0947894	0.0124212	3.50239e-06	0.47821	0.422792	0.0554029	1.56218e-05	3.77158e-06	1.68225e-05	
783	0.198415	0.134368	0.0618421	0.00220458	0.884998	0.599329	0.275836	0.00983318	0.0029997	0.0133796	
784	0.0714773	0.0714773	0	0	0.318812	0.318812	0	0	0	0	
785	0.128611	0.0750665	0.0533716	0.000173382	0.57365	0.334821	0.238055	0.000773343	0.000196028	0.000874349	
786	0.116991	0.0945641	0.0222548	0.000173016	0.521822	0.421787	0.0992638	0.000771709	0.000360168	0.00160647	
787	0.172057	0.0837544	0.0854157	0.00288705	0.767432	0.373572	0.380982	0.0128772	0.0039076	0.0174291	
788	0.16289	0.0913135	0.071415	0.000162169	0.726546	0.407288	0.318534	0.000723331	0.00024008	0.00107083	
789	0.10285	0.102431	0.000419365	0	0.458748	0.456878	0.0018705	0	0	0	
790	0.11619	0.084265	0.0318938	3.11462e-05	0.518246	0.37585	0.142257	0.000138922	3.18483e-05	0.000142054	
791	0.123813	0.0870302	0.0366771	0.000105785	0.552247	0.388183	0.163592	0.000471839	0.000713074	0.00318054	
792	0.0949566	0.082323	0.0126092	2.43148e-05	0.423537	0.367188	0.0562414	0.000108452	2.42851e-05	0.000108319	
793	0.215241	0.147153	0.0655292	0.00255813	0.960046	0.656354	0.292282	0.0114101	0.00314452	0.0140256	
794	0.0966623	0.0894988	0.0071602	3.37846e-06	0.431146	0.399194	0.0319368	1.5069e-05	5.13615e-06	2.29089e-05	
795	0.158617	0.105485	0.0527121	0.000420255	0.707488	0.4705	0.235113	0.00187448	0.00066252	0.00295506	
796	0.0946414	0.0937254	0.000916036	0	0.422132	0.418046	0.00408582	0	0	0	
797	0.0532237	0.0532237	0	0	0.237395	0.237395	0	0	0	0	
798	0.187921	0.103733	0.0839062	0.000281475	0.838192	0.462686	0.374249	0.00125547	0.000398884	0.00177915	
799	0.156919	0.129227	0.0276408	5.11017e-05	0.699912	0.576397	0.123287	0.00022793	6.19864e-05	0.00027648	
800	0.200595	0.158664	0.0417494	0.000181727	0.894722	0.707695	0.186216	0.000810563	0.000516514	0.00230382	
801	0.15644	0.0852234	0.0709841	0.000233192	0.697777	0.380124	0.316612	0.00104011	0.000398529	0.00177757	
802	0.135369	0.0862981	0.0490385	3.294e-05	0.603793	0.384918	0.218728	0.000146923	3.80201e-05	0.000169582	
803	0.0832518	0.0832518	0	0	0.37133	0.37133	0	0	0	0	
804	0.186363	0.150941	0.0354121	1.00628e-05	0.831245	0.67325	0.157949	4.48834e-05	1.88376e-05	8.40222e-05	
805	0.183888	0.143823	0.0400059	5.9397e-05	0.820205	0.6415	0.178439	0.00026493	0.000245155	0.00109347	
806	0.155642	0.106876	0.0460337	0.00273207	0.694216	0.476705	0.205325	0.0121859	0.0033001	0.0147195	
807	0.171244	0.119274	0.0513599	0.000610846	0.763808	0.532001	0.229082	0.00272457	0.000847287	0.00377918	
808	0.16943	0.152533	0.0168834	1.38057e-05	0.755715	0.680348	0.0753056	6.15781e-05	1.79293e-05	7.99707e-05	
809	0.175412	0.112141	0.0627315	0.000539019	0.782396	0.500189	0.279803	0.0024042	0.00102766	0.00458372	
810	0.0786249	0.0779017	0.000722971	3.09721e-07	0.350693	0.347467	0.00322469	1.38146e-06	2.77786e-07	1.23902e-06	
811	0.131312	0.0970586	0.0342521	2.12751e-06	0.585698	0.432913	0.152775	9.48941e-06	2.9335e-06	1.30844e-05	
812	0.175746	0.112091	0.0633349	0.000320147	0.783888	0.499965	0.282494	0.00142796	0.0003676	0.00163961	
813	0.0639159	0.0639159	0	0	0.285086	0.285086	0	0	0	0	
814	0.0956585	0.0814242	0.0142341	1.94524e-07	0.426668	0.363179	0.063489	8.67642e-07	7.96614e-07	3.55316e-06	
815	0.151324	0.132525	0.0185838	0.000215808	0.674959	0.591106	0.0828901	0.000962579	0.000215839	0.000962714	
816	0.189498	0.155672	0.0337534	7.22034e-05	0.845223	0.69435	0.150551	0.000322051	0.000113106	0.00050449	
817	0.159263	0.0970946	0.0614831	0.000686056	0.710369	0.433074	0.274234	0.00306003	0.00167194	0.00745742	
818	0.19122	0.124142	0.066238	0.000840407	0.852907	0.553714	0.295443	0.00374849	0.00237662	0.0106005	
819	0.0668926	0.0668926	0	0	0.298363	0.298363	0	0	0	0	
820	0.0942785	0.0906644	0.0036121	2.00395e-06	0.420513	0.404393	0.0161112	8.9383e-06	2.04047e-06	9.10117e-06	
821	0.0277869	0.0275342	0.000252669	0	0.123939	0.122812	0.00112698	0	0	0	
822	0.0985048	0.0841782	0.0143064	2.00526e-05	0.439364	0.375463	0.0638116	8.94413e-05	2.30375e-05	0.000102755	
823	0.063612	0.0589437	0.00466831	0	0.28373	0.262908	0.0208222	0	0	0	
824	0.119463	0.119434	2.83865e-05	0	0.532845	0.532718	0.000126613	0	0	0	
825	0.0784349	0.0784349	0	0	0.349845	0.349845	0	0	0	0	
826	0.117064	0.105952	0.0111117	0	0.522145	0.472584	0.0495618	0	0	0	
827	0.0840035	0.0839751	2.83865e-05	0	0.374683	0.374556	0.000126613	0	0	0	
828	0.170608	0.103469	0.0668362	0.000303289	0.760972	0.461508	0.298111	0.00135276	0.00143573	0.00640385	
829	0.1336	0.101372	0.0322272	0	0.595901	0.452156	0.143744	0	0	0	
830	0.164038	0.133675	0.0303623	7.27025e-07	0.731667	0.596238	0.135425	3.24277e-06	2.94749e-06	1.31468e-05	
831	0.10059	0.100459	0.000131326	0	0.448667	0.448081	0.000585761	0	0	0	
832	0.087048	0.083695	0.00335278	2.35511e-07	0.388262	0.373307	0.0149545	1.05045e-06	3.30121e-07	1.47245e-06	
833	0.0910869	0.0882463	0.0028363	4.41698e-06	0.406278	0.393607	0.0126508	1.97011e-05	5.35965e-06	2.39058e-05	
834	0.0980473	0.0977171	0.000329957	2.97462e-07	0.437323	0.43585	0.00147171	1.32678e-06	2.65512e-07	1.18427e-06	
835	0.098521	0.0963853	0.00213568	0	0.439436	0.42991	0.00952584	0	0	0	
836	0.142416	0.115933	0.0263998	8.33096e-05	0.635225	0.517101	0.117752	0.000371588	8.68488e-05	0.000387374	
837	0.129005	0.119866	0.00900706	0.000132865	0.575409	0.534642	0.0401744	0.000592625	0.000138097	0.000615958	
838	0.144068	0.0970599	0.0469327	7.56208e-05	0.642592	0.432919	0.209335	0.000337293	9.29051e-05	0.000414387	
839	0.201433	0.151937	0.0486047	0.000891652	0.89846	0.67769	0.216793	0.00397706	0.00101943	0.00454702	
840	0.101876	0.0764241	0.0254519	0	0.454401	0.340877	0.113524	0	0	0	
841	0.115268	0.0796669	0.0351481	0.000453789	0.514137	0.35534	0.156772	0.00202405	0.000609129	0.00271691	
842	0.107175	0.0975825	0.00959266	0	0.478036	0.43525	0.0427864	0	0	0	
843	0.137655	0.120972	0.0165208	0.000162053	0.613987	0.539575	0.0736885	0.000722811	0.000222993	0.000994626	
844	0.151263	0.109517	0.0416762	6.96511e-05	0.674683	0.488482	0.185889	0.000310667	7.0432e-05	0.00031415	
845	0.194792	0.133973	0.0587944	0.00202427	0.868839	0.597568	0.262242	0.00902893	0.00230682	0.0102891	
846	0.106212	0.0934934	0.0127153	4.13387e-06	0.473744	0.417011	0.0567147	1.84384e-05	5.19023e-06	2.31501e-05	
847	0.118785	0.0953323	0.0234213	3.18443e-05	0.529822	0.425213	0.104466	0.000142036	3.21293e-05	0.000143307	
848	0.104893	0.102179	0.00271346	5.1396e-08	0.467858	0.455755	0.0121029	2.29243e-07	1.53219e-07	6.83407e-07	
849	0.102212	0.096278	0.00592956	4.58243e-06	0.4559	0.429432	0.0264478	2.04391e-05	4.88348e-06	2.17819e-05	
850	0.0797821	0.0796654	0.000116718	0	0.355854	0.355334	0.000520604	0	0	0	
851	0.0644124	0.0641871	0.00022529	0	0.2873	0.286295	0.00100486	0	0	0	
852	0.0944609	0.0843179	0.010129	1.3936e-05	0.421326	0.376086	0.0451789	6.21594e-05	1.97207e-05	8.7961e-05	
853	0.107784	0.102857	0.00492699	0	0.480754	0.458778	0.021976	0	0	0	
854	0.0992894	0.0939706	0.00531071	8.15611e-06	0.442863	0.41914	0.0236875	3.63789e-05	9.48848e-06	4.23217e-05	
855	0.109807	0.0926754	0.0164384	0.000693174	0.489775	0.413363	0.0733209	0.00309178	0.000693142	0.00309164	
856	0.115197	0.103021	0.0121745	1.75979e-06	0.513817	0.459507	0.0543023	7.84927e-06	1.72766e-06	7.70597e-06	
857	0.0629898	0.0629898	0	0	0.280955	0.280955	0	0	0	0	
858	0.100553	0.0848539	0.0156964	2.6943e-06	0.4485	0.378476	0.0700113	1.20175e-05	8.24711e-06	3.67848e-05	
859	0.125829	0.111212	0.0146136	3.27157e-06	0.561239	0.496043	0.0651815	1.45923e-05	3.99194e-06	1.78053e-05	
860	0.0954555	0.0835657	0.0118897	0	0.425763	0.37273	0.0530323	0	0	0	
861	0.0857082	0.0857082	0	0	0.382287	0.382287	0	0	0	0	
862	0.120654	0.0783028	0.0422418	0.000109839	0.538159	0.349256	0.188412	0.000489922	0.0001598	0.000712762	
863	0.119042	0.11424	0.00480195	0	0.530968	0.50955	0.0214183	0	0	0	
864	0.102678	0.0945004	0.00817757	0	0.457978	0.421503	0.0364747	0	0	0	
865	0.116261	0.115782	0.000479275	0	0.518563	0.516426	0.00213772	0	0	0	
866	0.0760747	0.0752443	0.000830397	0	0.339318	0.335614	0.00370384	0	0	0	
867	0.0857407	0.0857407	0	0	0.382432	0.382432	0	0	0	0	
868	0.104691	0.0989869	0.00567501	2.96903e-05	0.466959	0.441514	0.0253124	0.000132428	2.96583e-05	0.000132285	
869	0.0965165	0.0937018	0.00280959	5.13112e-06	0.430495	0.417941	0.0125317	2.28865e-05	5.14886e-06	2.29656e-05	
870	0.129146	0.125016	0.00412951	0	0.576034	0.557615	0.0184189	0	0	0	
871	0.109024	0.0979453	0.0110316	4.70309e-05	0.486283	0.436868	0.0492047	0.000209773	4.70953e-05	0.00021006	
872	0.0415072	0.0415072	0	0	0.185135	0.185135	0	0	0	0	
873	0.100423	0.0990472	0.00137612	4.40897e-08	0.447921	0.441783	0.00613798	1.96654e-07	1.936e-08	8.63521e-08	
874	0.105645	0.0900956	0.0155484	1.59954e-06	0.471214	0.401856	0.0693511	7.13451e-06	4.2069e-06	1.87641e-05	
875	0.0807989	0.0807989	0	0	0.36039	0.36039	0	0	0	0	
876	0.0440793	0.0440793	0	0	0.196608	0.196608	0	0	0	0	
877	0.103511	0.086892	0.0164011	0.000217954	0.461693	0.387567	0.0731543	0.000972147	0.000218481	0.000974499	
878	0.0995825	0.0985267	0.00105572	0	0.44417	0.439461	0.0047089	0	0	0	
879	0.0865065	0.0865065	0	0	0.385847	0.385847	0	0	0	0	
880	0.0917428	0.0869556	0.00478714	0	0.409203	0.387851	0.0213522	0	0	0	
881	0.0816167	0.0786745	0.0029333	8.96893e-06	0.364037	0.350914	0.0130835	4.00044e-05	9.00142e-06	4.01493e-05	
882	0.0913167	0.0887161	0.00260013	4.64633e-07	0.407302	0.395703	0.0115974	2.07242e-06	5.86986e-07	2.61815e-06	
883	0.0587794	0.0587794	0	0	0.262175	0.262175	0	0	0	0	
884	0.0781709	0.0781709	0	0	0.348668	0.348668	0	0	0	0	
885	0.0888003	0.0888003	0	0	0.396079	0.396079	0	0	0	0	
886	0.102282	0.100907	0.00137569	0	0.456215	0.450079	0.00613605	0	0	0	
887	0.0655834	0.0655834	0	0	0.292523	0.292523	0	0	0	0	
888	0.0960531	0.0960531	0	0	0.428429	0.428429	0	0	0	0	
889	0.0643456	0.0641082	0.00023737	0	0.287002	0.285944	0.00105875	0	0	0	
890	0.0939302	0.090913	0.00301295	4.30211e-06	0.41896	0.405502	0.0134387	1.91888e-05	4.27021e-06	1.90465e-05	
891	0.042013	0.040946	0.00106697	0	0.187392	0.182633	0.00475904	0	0	0	
892	0.0580855	0.0580855	0	0	0.25908	0.25908	0	0	0	0	
893	0.0862093	0.0862093	0	0	0.384522	0.384522	0	0	0	0	
894	0.0836278	0.0831159	0.00051192	0	0.373007	0.370724	0.00228333	0	0	0	
895	0.0794112	0.0794112	0	0	0.3542	0.3542	0	0	0	0	
896	0.0787254	0.0782135	0.00051192	0	0.351141	0.348858	0.00228333	0	0	0	
897	0.0782739	0.071153	0.00709021	3.07179e-05	0.349127	0.317366	0.0316247	0.000137012	3.06859e-05	0.000136869	
898	0.0725807	0.0725807	0	0	0.323734	0.323734	0	0	0	0	
899	0.101849	0.0949667	0.00688233	0	0.45428	0.423582	0.0306974	0	0	0	
900	0.0812542	0.0812542	0	0	0.36242	0.36242	0	0	0	0	
901	0.17793	0.111562	0.065133	0.00123455	0.793629	0.497607	0.290515	0.00550653	0.0014544	0.00648713	
902	0.0758602	0.0746725	0.00118769	0	0.338361	0.333064	0.00529751	0	0	0	
903	0.202212	0.115408	0.0865987	0.000205209	0.901933	0.514759	0.386258	0.000915301	0.000753352	0.00336019	
904	0.0673823	0.0673823	0	0	0.300547	0.300547	0	0	0	0	
905	0.156743	0.0923282	0.0644155	0	0.699129	0.411814	0.287314	0	0	0	
906	0.19514	0.129916	0.0647487	0.000475869	0.870392	0.579468	0.2888	0.00212253	0.000604357	0.00269563	
907	0.0802363	0.0799146	0.000321741	0	0.35788	0.356445	0.00143507	0	0	0	
908	0.113436	0.0987989	0.0145422	9.57808e-05	0.505966	0.440675	0.0648631	0.000427214	0.000107769	0.000480686	
909	0.10742	0.10503	0.0023903	0	0.479132	0.46847	0.0106615	0	0	0	
910	0.111553	0.0897824	0.0217713	0	0.497566	0.400459	0.0971072	0	0	0	
911	0.12644	0.106172	0.0197902	0.000477887	0.563964	0.473562	0.0882709	0.00213153	0.000537978	0.00239956	
912	0.106601	0.0955016	0.0110888	1.08864e-05	0.475477	0.425968	0.04946	4.85569e-05	1.27884e-05	5.70406e-05	
913	0.114885	0.0983195	0.016415	0.000150442	0.512425	0.438537	0.0732165	0.000671024	0.000159233	0.000710233	
914	0.0764066	0.0764066	0	0	0.340798	0.340798	0	0	0	0	
915	0.12211	0.0913748	0.0307022	3.38088e-05	0.544654	0.407562	0.136942	0.000150798	3.37778e-05	0.00015066	
916	0.106455	0.106455	0	0	0.474825	0.474825	0	0	0	0	
917	0.114763	0.092238	0.0225257	0	0.511884	0.411412	0.100472	0	0	0	
918	0.126035	0.0886274	0.0370434	0.000364325	0.562158	0.395307	0.165225	0.00162501	0.00077832	0.00347156	
919	0.0922399	0.0859305	0.0063094	0	0.41142	0.383278	0.028142	0	0	0	
920	0.117037	0.0854977	0.0313926	0.000147573	0.522027	0.381348	0.140021	0.000658224	0.000151108	0.000673995	
921	0.0381766	0.0381766	0	0	0.17028	0.17028	0	0	0	0	
922	0.0191835	0.0190776	0.000105941	0	0.0855651	0.0850925	0.000472532	0	0	0	
923	0.0625485	0.0589939	0.00353902	1.55857e-05	0.278987	0.263132	0.0157852	6.95175e-05	1.55538e-05	6.93752e-05	
924	0.0637176	0.0515119	0.011962	0.000243735	0.284201	0.22976	0.0533545	0.00108714	0.000246809	0.00110085	
925	0.0485422	0.0446866	0.00383117	2.44856e-05	0.216514	0.199317	0.0170883	0.000109214	2.44536e-05	0.000109071	
926	0.0679312	0.0586329	0.00929837	0	0.302996	0.261522	0.0414738	0	0	0	
927	0.0771306	0.0770438	8.67922e-05	0	0.344028	0.34364	0.000387122	0	0	0	
928	0.102478	0.0948404	0.00763817	0	0.457088	0.423019	0.0340687	0	0	0	
929	0.0450775	0.0428685	0.00219522	1.37625e-05	0.20106	0.191207	0.00979143	6.13855e-05	1.37306e-05	6.1243e-05	
930	0.0777777	0.0745423	0.00323543	0	0.346914	0.332483	0.0144311	0	0	0	
931	0.0931981	0.0823335	0.0107935	7.10649e-05	0.415694	0.367234	0.0481429	0.000316973	7.10327e-05	0.000316829	
932	0.0851487	0.0838904	0.00125829	0	0.379791	0.374179	0.00561241	0	0	0	
933	0.0475777	0.0475776	0	0	0.212212	0.212212	0	0	0	0	
934	0.0484945	0.0453311	0.00313938	2.40663e-05	0.216301	0.202191	0.0140026	0.000107343	2.40344e-05	0.000107201	
935	0.0926763	0.0774936	0.0151717	1.09659e-05	0.413367	0.345647	0.0676709	4.89118e-05	1.33338e-05	5.94734e-05	
936	0.076233	0.0755998	0.000633152	0	0.340024	0.3372	0.00282406	0	0	0	
937	0.0617208	0.0617208	0	0	0.275295	0.275295	0	0	0	0	
938	0.067144	0.067144	0	0	0.299484	0.299484	0	0	0	0	
939	0.0727388	0.0727076	3.12096e-05	0	0.324439	0.324299	0.000139205	0	0	0	
940	0.0757306	0.074288	0.00144259	0	0.337783	0.331349	0.00643442	0	0	0	
941	0.0685475	0.0685475	0	0	0.305744	0.305744	0	0	0	0	
942	0.0706522	0.0706522	0	0	0.315132	0.315132	0	0	0	0	
943	0.0800234	0.0800234	0	0	0.356931	0.356931	0	0	0	0	
944	0.0634519	0.0634519	0	0	0.283016	0.283016	0	0	0	0	
945	0.0640882	0.0631722	0.000916036	0	0.285854	0.281769	0.00408582	0	0	0	
946	0.0654636	0.0654636	0	0	0.291989	0.291989	0	0	0	0	
947	0.0955874	0.0955874	0	0	0.426351	0.426351	0	0	0	0	
948	0.0613059	0.0541314	0.00717448	0	0.273444	0.241444	0.0320005	0	0	0	
949	0.0645878	0.0645878	0	0	0.288083	0.288083	0	0	0	0	
950	0.0859233	0.0859233	0	0	0.383246	0.383246	0	0	0	0	
951	0.115827	0.115795	3.12096e-05	0	0.516627	0.516488	0.000139205	0	0	0	
952	0.0508583	0.0494157	0.00144259	0	0.226845	0.22041	0.00643442	0	0	0	
953	0.0532155	0.0532155	0	0	0.237358	0.237358	0	0	0	0	
954	0.0862624	0.0862624	0	0	0.384759	0.384759	0	0	0	0	
955	0.0889433	0.0889433	0	0	0.396716	0.396716	0	0	0	0	
956	0.0532974	0.0496207	0.00367675	0	0.237724	0.221324	0.0163995	0	0	0	
957	0.0788464	0.0788464	0	0	0.351681	0.351681	0	0	0	0	
958	0.0781349	0.0691991	0.00893576	0	0.348507	0.308651	0.0398564	0	0	0	
959	0.0907874	0.0907874	0	0	0.404941	0.404941	0	0	0	0	
960	0.0565668	0.0565668	0	0	0.252306	0.252306	0	0	0	0	
961	0.0760441	0.0747916	0.00125246	0	0.339181	0.333595	0.00558639	0	0	0	
962	0.0978741	0.0977783	9.58024e-05	0	0.436551	0.436123	0.00042731	0	0	0	
963	0.145557	0.145431	0.000125924	0	0.649234	0.648673	0.000561663	0	0	0	
964	0.104112	0.104112	0	0	0.464375	0.464375	0	0	0	0	
965	0.142181	0.0959934	0.0461842	4.26763e-06	0.634178	0.428162	0.205997	1.9035e-05	4.2333e-06	1.88819e-05	
966	0.147577	0.101414	0.0461626	0	0.658242	0.452342	0.2059	0	0	0	
967	0.0442252	0.0442252	0	0	0.197259	0.197259	0	0	0	0	
968	0.0704914	0.0704914	0	0	0.314415	0.314415	0	0	0	0	
969	0.197583	0.177424	0.0201236	3.53753e-05	0.881285	0.79137	0.089758	0.000157785	3.67666e-05	0.000163991	
970	0.197787	0.173231	0.0245188	3.76229e-05	0.882199	0.772669	0.109362	0.00016781	9.36631e-05	0.000417768	
