Node	dPC	dPCintra	dPCflux	dPCconnector	varPC	varPCintra	varPCflux	varPCconnector	dBC_PC	varBC_PC	
1	0.173578	0.165561	0.00801614	1.02961e-07	0.772296	0.736629	0.035666	4.58104e-07	9.42341e-08	4.19273e-07	
2	0.0921457	0.0833425	0.00876654	3.67027e-05	0.409981	0.370813	0.0390047	0.0001633	3.66824e-05	0.00016321	
3	0.0928473	0.0816474	0.0111978	2.16056e-06	0.413103	0.363271	0.049822	9.61295e-06	4.23553e-06	1.8845e-05	
4	0.057317	0.057317	0	0	0.255019	0.255019	0	0	0	0	
5	0.1143	0.106061	0.00823806	1.36033e-06	0.508554	0.471894	0.0366534	6.05252e-06	2.29833e-06	1.02259e-05	
6	0.0913646	0.0893341	0.00202138	9.20079e-06	0.406506	0.397471	0.00899369	4.09368e-05	9.2277e-06	4.10565e-05	
7	0.0864688	0.0860415	0.000427286	0	0.384723	0.382822	0.00190111	0	0	0	
8	0.121465	0.102824	0.0186407	0	0.540432	0.457494	0.0829378	0	0	0	
9	0.0886841	0.08647	0.00221388	1.87237e-07	0.39458	0.384729	0.00985019	8.3307e-07	1.71485e-07	7.62986e-07	
10	0.060368	0.0592384	0.00112646	3.11656e-06	0.268593	0.263568	0.00501195	1.38664e-05	3.18348e-06	1.41642e-05	
11	0.0846611	0.0790692	0.00559194	0	0.37668	0.3518	0.0248801	0	0	0	
12	0.0974877	0.0944274	0.00305276	7.54228e-06	0.433749	0.420133	0.0135826	3.35576e-05	8.08529e-06	3.59736e-05	
13	0.103022	0.103022	0	0	0.458377	0.458377	0	0	0	0	
14	0.0836958	0.083437	0.000258812	0	0.372385	0.371234	0.00115152	0	0	0	
15	0.0943386	0.0927584	0.00157827	1.89309e-06	0.419738	0.412708	0.00702218	8.42291e-06	1.87279e-06	8.33255e-06	
16	0.0733147	0.0733147	0	0	0.326197	0.326197	0	0	0	0	
17	0.0861444	0.0845291	0.00161527	0	0.38328	0.376093	0.00718679	0	0	0	
18	0.0734884	0.0721849	0.00129803	5.54019e-06	0.32697	0.32117	0.00577529	2.46498e-05	5.51987e-06	2.45594e-05	
19	0.0870099	0.0843422	0.00266759	1.86546e-07	0.387131	0.375261	0.0118688	8.29994e-07	9.97148e-07	4.43658e-06	
20	0.0591493	0.0591494	0	0	0.263171	0.263171	0	0	0	0	
21	0.0837301	0.0817891	0.00193559	5.42641e-06	0.372538	0.363902	0.00861198	2.41436e-05	5.6403e-06	2.50952e-05	
22	0.0895639	0.0876124	0.00195049	1.04694e-06	0.398494	0.389811	0.00867828	4.65815e-06	1.02663e-06	4.56779e-06	
23	0.0986468	0.0950092	0.00361557	2.21034e-05	0.438907	0.422722	0.0160867	9.83442e-05	2.22538e-05	9.90135e-05	
24	0.0670124	0.0651232	0.00188923	0	0.298156	0.289751	0.00840571	0	0	0	
25	0.124373	0.11559	0.00868031	0.000102766	0.55337	0.514291	0.0386211	0.000457237	0.000102747	0.000457151	
26	0.0859292	0.0843251	0.00160409	0	0.382322	0.375185	0.00713708	0	0	0	
27	0.083675	0.0762733	0.00728637	0.000115315	0.372293	0.339361	0.032419	0.000513071	0.000123582	0.000549852	
28	0.0651023	0.0621458	0.00295643	0	0.289658	0.276504	0.0131539	0	0	0	
29	0.106752	0.101326	0.00542327	2.34648e-06	0.474969	0.450829	0.0241296	1.04401e-05	3.17556e-06	1.41289e-05	
30	0.168741	0.148921	0.0197291	9.06928e-05	0.750775	0.662592	0.0877802	0.000403517	9.70721e-05	0.0004319	
31	0.143416	0.138488	0.00492688	1.22778e-06	0.6381	0.616173	0.021921	5.46275e-06	1.20735e-06	5.37185e-06	
32	0.144971	0.138952	0.00601901	4.73777e-07	0.645018	0.618236	0.0267802	2.10796e-06	4.5428e-07	2.02121e-06	
33	0.0780772	0.0766886	0.00138856	0	0.347387	0.341209	0.00617809	0	0	0	
34	0.107508	0.0972073	0.0103007	0	0.478333	0.432502	0.045831	0	0	0	
35	0.0744097	0.0609979	0.0133313	8.04796e-05	0.331069	0.271396	0.0593147	0.000358076	8.40774e-05	0.000374083	
36	0.0832128	0.081205	0.00200777	0	0.370236	0.361303	0.00893315	0	0	0	
37	0.169346	0.0950377	0.0743092	0	0.753471	0.422848	0.330622	0	0	0	
38	0.0805248	0.0784607	0.00206406	6.60592e-08	0.358277	0.349093	0.00918361	2.93915e-07	1.09788e-07	4.88477e-07	
39	0.0887113	0.0839492	0.00475665	5.49261e-06	0.394701	0.373513	0.0211636	2.44381e-05	5.58084e-06	2.48307e-05	
40	0.102592	0.10101	0.00158052	1.16021e-06	0.456461	0.449424	0.00703218	5.16211e-06	1.16025e-06	5.16229e-06	
41	0.0993809	0.0959826	0.00339833	0	0.442173	0.427053	0.0151201	0	0	0	
42	0.0767601	0.0739791	0.002781	0	0.341527	0.329153	0.0123734	0	0	0	
43	0.0602334	0.0553629	0.00487045	0	0.267995	0.246325	0.0216699	0	0	0	
44	0.064933	0.0646381	0.000294972	0	0.288905	0.287592	0.00131241	0	0	0	
45	0.0573614	0.0521692	0.00519213	0	0.255216	0.232115	0.0231012	0	0	0	
46	0.0920917	0.0851731	0.00690306	1.55323e-05	0.409741	0.378958	0.0307136	6.91074e-05	1.81867e-05	8.09179e-05	
47	0.135958	0.134923	0.00103508	0	0.604917	0.600312	0.00460539	0	0	0	
48	0.10904	0.0850771	0.0239629	4.68433e-08	0.485149	0.378531	0.106617	2.08418e-07	8.75662e-08	3.89606e-07	
49	0.164695	0.158458	0.00623593	1.17552e-06	0.732775	0.705025	0.0277453	5.23024e-06	2.41505e-06	1.07452e-05	
50	0.103119	0.0953238	0.00779102	4.5087e-06	0.458806	0.424122	0.0346644	2.00604e-05	5.33988e-06	2.37586e-05	
51	0.0857126	0.0847196	0.000992951	0	0.381358	0.376941	0.00441791	0	0	0	
52	0.0792185	0.0762826	0.00293591	0	0.352465	0.339402	0.0130627	0	0	0	
53	0.0980107	0.095025	0.0029804	5.3496e-06	0.436076	0.422792	0.0132606	2.38018e-05	7.56081e-06	3.36401e-05	
54	0.0939801	0.0908134	0.00316117	5.57361e-06	0.418143	0.404053	0.0140649	2.47985e-05	8.14989e-06	3.62611e-05	
55	0.102435	0.0928243	0.00959707	1.42354e-05	0.455764	0.413	0.0427	6.33375e-05	1.63368e-05	7.2687e-05	
56	0.11755	0.112126	0.00542449	0	0.523014	0.498879	0.024135	0	0	0	
57	0.101481	0.10085	0.000631057	0	0.45152	0.448712	0.00280774	0	0	0	
58	0.12025	0.0914181	0.0287736	5.88477e-05	0.535028	0.406744	0.128021	0.000261829	0.000105395	0.000468932	
59	0.174272	0.112172	0.0620494	5.00858e-05	0.775385	0.499087	0.276074	0.000222845	5.10154e-05	0.000226981	
60	0.0769604	0.0736852	0.00327522	0	0.342418	0.327845	0.0145723	0	0	0	
61	0.0877414	0.0872375	0.000503914	0	0.390385	0.388143	0.00224205	0	0	0	
62	0.104931	0.0935265	0.0113703	3.41737e-05	0.466867	0.416125	0.0505899	0.000152048	4.12849e-05	0.000183688	
63	0.123686	0.0940117	0.0296565	1.78239e-05	0.550313	0.418284	0.13195	7.93038e-05	2.61594e-05	0.00011639	
64	0.0986371	0.0969204	0.00171355	3.23382e-06	0.438863	0.431225	0.00762407	1.43881e-05	3.21353e-06	1.42979e-05	
65	0.113133	0.102676	0.0103484	0.000108352	0.503362	0.456837	0.046043	0.000482089	0.000114818	0.00051086	
66	0.11455	0.101028	0.0135227	0	0.509668	0.449501	0.0601666	0	0	0	
67	0.159198	0.137472	0.0216916	3.37982e-05	0.708317	0.611654	0.096512	0.000150377	7.45901e-05	0.000331872	
68	0.106712	0.0799425	0.0267536	1.59876e-05	0.474791	0.355686	0.119034	7.11335e-05	2.86849e-05	0.000127627	
69	0.117893	0.113862	0.00402528	5.80712e-06	0.524538	0.506603	0.0179095	2.58374e-05	7.40628e-06	3.29525e-05	
70	0.0793411	0.0764205	0.00291862	2.06663e-06	0.35301	0.340015	0.0129857	9.19501e-06	2.83843e-06	1.26289e-05	
71	0.0663425	0.0442265	0.0221143	1.76444e-06	0.295176	0.196775	0.0983926	7.85049e-06	2.44193e-05	0.000108648	
72	0.165067	0.129588	0.0353861	9.28248e-05	0.734431	0.576575	0.157442	0.000413003	0.000139423	0.000620334	
73	0.0764642	0.059711	0.0167531	0	0.34021	0.265671	0.0745392	0	0	0	
74	0.1395	0.106078	0.0331953	0.000226611	0.620676	0.471973	0.147695	0.00100825	0.000273257	0.00121579	
75	0.178957	0.142928	0.0356608	0.000367966	0.796229	0.635927	0.158665	0.00163718	0.000481807	0.00214369	
76	0.161769	0.14038	0.0211158	0.00027232	0.719754	0.624593	0.0939502	0.00121162	0.000301747	0.00134255	
77	0.089015	0.089015	0	0	0.396052	0.396052	0	0	0	0	
78	0.135561	0.0980566	0.0371886	0.000316162	0.60315	0.436281	0.165462	0.00140669	0.000337509	0.00150167	
79	0.155169	0.136104	0.0189821	8.21986e-05	0.69039	0.605568	0.0844568	0.000365724	0.000148672	0.000661486	
80	0.136868	0.124299	0.0125518	1.62759e-05	0.608963	0.553044	0.0558465	7.24162e-05	1.74058e-05	7.74435e-05	
81	0.108845	0.105486	0.00335966	0	0.484285	0.469337	0.014948	0	0	0	
82	0.24666	0.159998	0.0849055	0.0017568	1.09746	0.711875	0.377768	0.0078165	0.00213855	0.00951501	
83	0.159791	0.124292	0.03545	4.82473e-05	0.710954	0.553012	0.157726	0.000214665	8.05472e-05	0.000358376	
84	0.110173	0.0954922	0.0146807	1.79683e-07	0.49019	0.424871	0.0653188	7.99461e-07	3.90165e-07	1.73595e-06	
85	0.136252	0.100377	0.0358741	0	0.606223	0.446609	0.159614	0	0	0	
86	0.166005	0.145156	0.0208495	0	0.738604	0.645839	0.0927653	0	0	0	
87	0.080715	0.0770467	0.00366833	0	0.359123	0.342802	0.0163214	0	0	0	
88	0.0837367	0.0810408	0.00269499	8.85935e-07	0.372567	0.360573	0.0119907	3.94177e-06	8.65669e-07	3.8516e-06	
89	0.0783073	0.0763998	0.0018978	9.71556e-06	0.34841	0.339923	0.00844385	4.32272e-05	9.69529e-06	4.3137e-05	
90	0.108495	0.098089	0.0103972	9.24445e-06	0.482726	0.436425	0.0462601	4.11311e-05	1.24214e-05	5.52666e-05	
91	0.106263	0.101636	0.00462784	0	0.472797	0.452207	0.0205905	0	0	0	
92	0.0856394	0.0832599	0.00237803	1.49843e-06	0.381033	0.370446	0.0105805	6.66695e-06	1.91369e-06	8.51456e-06	
93	0.0968433	0.0896245	0.00721816	6.55325e-07	0.430882	0.398764	0.0321156	2.91572e-06	2.24498e-06	9.98856e-06	
94	0.0920498	0.0851553	0.00689443	0	0.409555	0.378879	0.0306752	0	0	0	
95	0.150958	0.130561	0.0203977	0	0.671657	0.580902	0.090755	0	0	0	
96	0.20428	0.158459	0.0455695	0.000251594	0.908901	0.70503	0.202751	0.00111941	0.000685853	0.00305155	
97	0.112653	0.0940527	0.0185404	6.00117e-05	0.501225	0.418466	0.0824915	0.000267008	7.97477e-05	0.000354819	
98	0.107853	0.0889956	0.0188303	2.7803e-05	0.47987	0.395965	0.0837811	0.000123703	2.82051e-05	0.000125492	
99	0.108182	0.0997794	0.00840152	1.9707e-06	0.481335	0.443946	0.0373806	8.7682e-06	4.25157e-06	1.89164e-05	
100	0.0990546	0.0917346	0.00730886	1.1196e-05	0.440721	0.408152	0.0325191	4.98144e-05	1.57124e-05	6.99089e-05	
101	0.146344	0.143919	0.00242428	0	0.651125	0.640339	0.0107862	0	0	0	
102	0.157461	0.106979	0.0504365	4.50797e-05	0.700589	0.475982	0.224406	0.000200572	6.16096e-05	0.000274118	
103	0.0780188	0.0731284	0.00489033	0	0.347127	0.325368	0.0217584	0	0	0	
104	0.106457	0.0830838	0.023322	5.17985e-05	0.473659	0.369662	0.103766	0.000230466	8.73501e-05	0.000388644	
105	0.0940805	0.0859935	0.00799857	8.84253e-05	0.41859	0.382608	0.0355878	0.000393428	0.000100647	0.000447809	
106	0.144251	0.11124	0.0330114	5.51273e-08	0.641815	0.494938	0.146877	2.45276e-07	8.60624e-08	3.82915e-07	
107	0.21082	0.146307	0.0642609	0.000252066	0.937996	0.65096	0.285914	0.00112151	0.000325817	0.00144965	
108	0.101963	0.0966591	0.00529593	8.75678e-06	0.453665	0.430063	0.023563	3.89613e-05	1.09907e-05	4.8901e-05	
109	0.127742	0.107816	0.0198933	3.28151e-05	0.568359	0.479703	0.0885109	0.000146003	4.43295e-05	0.000197234	
110	0.115478	0.108336	0.00714232	0	0.513796	0.482018	0.0317781	0	0	0	
111	0.102127	0.095979	0.00613605	1.21404e-05	0.454392	0.427037	0.027301	5.40161e-05	1.4259e-05	6.34425e-05	
112	0.100774	0.0945573	0.00621232	4.91957e-06	0.448373	0.420711	0.0276403	2.18885e-05	7.30152e-06	3.24864e-05	
113	0.0938654	0.0915332	0.00233162	6.06815e-07	0.417633	0.407256	0.010374	2.69988e-06	1.47908e-06	6.58086e-06	
114	0.157569	0.123828	0.033347	0.0003944	0.701069	0.550944	0.14837	0.00175479	0.000680086	0.00302589	
115	0.112388	0.106534	0.00585389	5.13358e-07	0.500047	0.473999	0.0260455	2.28407e-06	8.38625e-07	3.73127e-06	
116	0.120444	0.114061	0.0063821	1.6331e-06	0.535892	0.507489	0.0283957	7.26613e-06	1.89316e-06	8.42319e-06	
117	0.109093	0.0966014	0.0124833	8.45377e-06	0.485385	0.429806	0.0555417	3.76131e-05	8.53513e-06	3.79751e-05	
118	0.10326	0.101341	0.0019192	0	0.459434	0.450895	0.00853908	0	0	0	
119	0.117212	0.113259	0.00395315	0	0.521511	0.503922	0.0175886	0	0	0	
120	0.104407	0.0958754	0.00852151	1.01174e-05	0.464535	0.426576	0.0379145	4.5015e-05	1.64989e-05	7.34083e-05	
121	0.0874045	0.0840954	0.00330652	2.55907e-06	0.388886	0.374163	0.0147116	1.1386e-05	5.90721e-06	2.62828e-05	
122	0.187728	0.157223	0.0302881	0.000216876	0.835255	0.69953	0.13476	0.000964942	0.000268145	0.00119305	
123	0.110919	0.106668	0.00425133	3.00983e-07	0.493512	0.474595	0.0189153	1.33916e-06	8.28797e-07	3.68754e-06	
124	0.160548	0.0960667	0.0620854	0.00239615	0.714323	0.427427	0.276235	0.0106611	0.00510514	0.0227141	
125	0.107555	0.103088	0.00446665	4.62172e-07	0.478542	0.458667	0.0198733	2.05633e-06	4.46437e-07	1.98632e-06	
126	0.137191	0.104036	0.0328132	0.000342296	0.610404	0.462886	0.145995	0.00152297	0.000818996	0.00364394	
127	0.209999	0.19103	0.0188806	8.74794e-05	0.934343	0.849949	0.0840051	0.00038922	0.000101904	0.000453401	
128	0.136853	0.120289	0.0165514	1.26448e-05	0.608898	0.5352	0.0736418	5.62606e-05	1.43455e-05	6.38271e-05	
129	0.122824	0.117694	0.00512776	1.79789e-06	0.546479	0.523656	0.0228148	7.99935e-06	1.79282e-06	7.97675e-06	
130	0.0985406	0.0959511	0.0025889	6.35656e-07	0.438434	0.426912	0.0115187	2.8282e-06	8.27083e-07	3.67992e-06	
131	0.130849	0.124254	0.00658433	1.14229e-05	0.582186	0.55284	0.0292954	5.0824e-05	1.16718e-05	5.19313e-05	
132	0.120536	0.0849011	0.0356313	3.58915e-06	0.536297	0.377748	0.158533	1.59691e-05	8.52716e-06	3.79396e-05	
133	0.140314	0.110476	0.0296533	0.000184995	0.624298	0.491539	0.131936	0.000823094	0.000421263	0.00187431	
134	0.09642	0.0953493	0.00107067	3.02911e-08	0.428999	0.424235	0.00476372	1.34773e-07	2.49818e-07	1.11151e-06	
135	0.0730464	0.0703418	0.00270463	0	0.325003	0.31297	0.0120336	0	0	0	
136	0.106706	0.103197	0.00349775	1.11525e-05	0.474768	0.459156	0.0155624	4.96209e-05	1.12952e-05	5.02558e-05	
137	0.107149	0.101808	0.00532433	1.66157e-05	0.476738	0.452975	0.0236894	7.39279e-05	2.01058e-05	8.94564e-05	
138	0.112005	0.104031	0.00797027	3.81688e-06	0.498344	0.462865	0.0354619	1.69823e-05	7.14531e-06	3.17914e-05	
139	0.111777	0.105888	0.00588897	0	0.497326	0.471125	0.0262016	0	0	0	
140	0.135328	0.120691	0.0145784	5.88235e-05	0.602113	0.536989	0.0648633	0.000261722	7.27012e-05	0.000323467	
141	0.100344	0.0927454	0.00759426	5.01611e-06	0.446461	0.41265	0.0337889	2.2318e-05	7.0991e-06	3.15858e-05	
142	0.084701	0.0831811	0.00151985	0	0.376858	0.370095	0.00676223	0	0	0	
143	0.156458	0.154335	0.00212215	0	0.696125	0.686683	0.00944204	0	0	0	
144	0.0995505	0.098472	0.00107847	7.313e-08	0.442927	0.438129	0.00479844	3.25375e-07	1.48872e-07	6.62373e-07	
145	0.0911796	0.0865139	0.0046657	0	0.405683	0.384924	0.020759	0	0	0	
146	0.0643099	0.0610133	0.0032966	0	0.286132	0.271465	0.0146675	0	0	0	
147	0.0771409	0.0724964	0.00463171	1.28596e-05	0.343221	0.322556	0.0206077	5.72162e-05	1.50723e-05	6.70611e-05	
148	0.11259	0.107525	0.00506503	0	0.500944	0.478408	0.0225357	0	0	0	
149	0.110343	0.0996502	0.010686	7.22796e-06	0.490948	0.443371	0.0475449	3.21592e-05	1.17345e-05	5.22102e-05	
150	0.0903083	0.0823896	0.00791702	1.71025e-06	0.401806	0.366574	0.035225	7.6094e-06	1.68968e-06	7.51788e-06	
151	0.133417	0.124128	0.0092788	1.01376e-05	0.593613	0.552284	0.0412839	4.51052e-05	1.54402e-05	6.86977e-05	
152	0.0984594	0.0845545	0.0138518	5.30749e-05	0.438073	0.376206	0.0616306	0.000236145	7.54794e-05	0.000335828	
153	0.140023	0.135288	0.00473487	0	0.623001	0.601934	0.0210667	0	0	0	
154	0.104145	0.0974811	0.00666419	2.80324e-07	0.463372	0.43372	0.0296508	1.24724e-06	9.29678e-07	4.13639e-06	
155	0.113675	0.0916373	0.0220371	7.3731e-07	0.505772	0.407719	0.0980495	3.28049e-06	9.33821e-06	4.15482e-05	
156	0.102866	0.0945411	0.00832107	4.28184e-06	0.457681	0.420639	0.0370227	1.9051e-05	4.26128e-06	1.89596e-05	
157	0.0886227	0.0881604	0.000462235	0	0.394306	0.39225	0.00205661	0	0	0	
158	0.107683	0.103286	0.00438823	9.32228e-06	0.479114	0.459549	0.0195244	4.14773e-05	1.14925e-05	5.11336e-05	
159	0.102487	0.0990672	0.00341801	2.14463e-06	0.455994	0.440777	0.0152076	9.54209e-06	2.81034e-06	1.25039e-05	
160	0.167091	0.155509	0.0115818	0	0.743436	0.691905	0.0515308	0	0	0	
161	0.200881	0.173644	0.0272276	9.37228e-06	0.893775	0.77259	0.121143	4.16998e-05	1.70385e-05	7.5809e-05	
162	0.1114	0.0941203	0.0172356	4.41752e-05	0.495649	0.418767	0.076686	0.000196547	5.92434e-05	0.00026359	
163	0.0901703	0.0784544	0.0116939	2.20146e-05	0.401192	0.349065	0.0520297	9.79492e-05	2.39588e-05	0.000106599	
164	0.122466	0.089645	0.0327767	4.49321e-05	0.544887	0.398855	0.145832	0.000199915	6.58634e-05	0.000293044	
165	0.152302	0.115122	0.0368591	0.000320041	0.677633	0.512213	0.163996	0.00142395	0.000434624	0.00193376	
166	0.10132	0.0973479	0.00397236	0	0.450802	0.433127	0.0176741	0	0	0	
167	0.106108	0.0970446	0.00903623	2.72479e-05	0.472103	0.431778	0.0402047	0.000121233	3.20642e-05	0.000142662	
168	0.105966	0.0979893	0.00797176	5.72651e-06	0.471475	0.435981	0.0354685	2.54788e-05	9.59825e-06	4.27052e-05	
169	0.0978415	0.0947142	0.00312053	6.75103e-06	0.435323	0.421409	0.0138841	3.00372e-05	6.73079e-06	2.99471e-05	
170	0.139494	0.108606	0.0304222	0.000465322	0.620648	0.483221	0.135356	0.00207034	0.000527835	0.00234848	
171	0.212889	0.195249	0.0176395	0	0.947203	0.86872	0.0784831	0	0	0	
172	0.133555	0.122083	0.0114719	0	0.594223	0.543181	0.0510416	0	0	0	
173	0.184227	0.13563	0.0484339	0.000162668	0.819678	0.603459	0.215495	0.000723756	0.000397874	0.00177025	
174	0.120128	0.11321	0.00691733	0	0.534483	0.503706	0.0307771	0	0	0	
175	0.107468	0.0962285	0.0112386	1.22065e-06	0.478156	0.428147	0.0500036	5.43102e-06	4.37246e-06	1.94542e-05	
176	0.10961	0.0948163	0.0146443	0.000149502	0.487686	0.421864	0.0651568	0.000665179	0.000168382	0.000749178	
177	0.188179	0.141768	0.0462657	0.00014527	0.837261	0.630765	0.205848	0.000646349	0.000191552	0.000852269	
178	0.131759	0.106409	0.0252694	7.99521e-05	0.586232	0.473446	0.11243	0.000355729	0.00016026	0.000713044	
179	0.186459	0.140406	0.0453176	0.00073592	0.829611	0.624706	0.20163	0.00327431	0.00127428	0.00566966	
180	0.117934	0.10142	0.0164582	5.58489e-05	0.524722	0.451247	0.0732272	0.000248487	6.64288e-05	0.00029556	
181	0.13454	0.125318	0.00922022	1.29695e-06	0.598607	0.557578	0.0410233	5.77053e-06	1.70223e-06	7.57372e-06	
182	0.104157	0.0994124	0.00474494	2.21001e-07	0.463425	0.442313	0.0211115	9.83296e-07	3.17368e-07	1.41205e-06	
183	0.116354	0.111514	0.00483991	9.26266e-08	0.517693	0.496158	0.021534	4.12121e-07	1.63337e-07	7.26732e-07	
184	0.0966411	0.0880185	0.00862264	0	0.429983	0.391618	0.0383645	0	0	0	
185	0.0984551	0.0825734	0.0158559	2.57646e-05	0.438053	0.367391	0.0705474	0.000114634	2.5821e-05	0.000114884	
186	0.133128	0.113797	0.0193304	0	0.592323	0.506316	0.0860062	0	0	0	
187	0.0882689	0.0882689	0	0	0.392732	0.392732	0	0	0	0	
188	0.0841784	0.0806715	0.00350682	9.01878e-08	0.374533	0.358929	0.0156028	4.0127e-07	2.0966e-07	9.32836e-07	
189	0.108502	0.102285	0.0062145	2.40448e-06	0.482758	0.455098	0.02765	1.06982e-05	2.54235e-06	1.13116e-05	
190	0.0678235	0.0593737	0.00844974	0	0.301765	0.26417	0.0375952	0	0	0	
191	0.329788	0.213328	0.114742	0.00171741	1.46731	0.949155	0.510523	0.00764123	0.00198287	0.00882234	
192	0.0729855	0.0729855	0	0	0.324732	0.324732	0	0	0	0	
193	0.118402	0.118402	0	0	0.526805	0.526805	0	0	0	0	
194	0.155191	0.121067	0.0337799	0.000343282	0.690488	0.538664	0.150296	0.00152736	0.000368596	0.00163998	
195	0.0890412	0.088614	0.000427192	0	0.396169	0.394268	0.00190069	0	0	0	
196	0.089391	0.089391	0	0	0.397725	0.397725	0	0	0	0	
197	0.0697813	0.0560222	0.0135065	0.000252509	0.310476	0.249258	0.0600945	0.00112348	0.000252488	0.00112339	
198	0.146308	0.114296	0.031471	0.000540822	0.650968	0.508538	0.140023	0.00240626	0.000632847	0.00281571	
199	0.140111	0.114334	0.0257772	0	0.623394	0.508704	0.11469	0	0	0	
200	0.112233	0.0872101	0.025023	0	0.499356	0.388022	0.111334	0	0	0	
201	0.154111	0.100582	0.0517177	0.0018105	0.685683	0.447521	0.230106	0.00805541	0.00209652	0.009328	
202	0.105852	0.105852	0	0	0.470968	0.470968	0	0	0	0	
203	0.094564	0.0944838	8.02138e-05	0	0.420741	0.420384	0.000356893	0	0	0	
204	0.173266	0.133757	0.0393083	0.000201261	0.770911	0.595122	0.174893	0.000895465	0.00051654	0.00229823	
205	0.1145	0.0898338	0.0246181	4.89842e-05	0.509446	0.399695	0.109532	0.000217944	6.32128e-05	0.000281251	
206	0.183999	0.149282	0.0346257	9.14717e-05	0.818665	0.664198	0.154059	0.000406982	0.00010871	0.000483684	
207	0.0649672	0.0518861	0.0130777	3.43946e-06	0.289057	0.230855	0.0581863	1.53031e-05	4.00085e-06	1.78009e-05	
208	0.100826	0.0982387	0.00258824	0	0.448606	0.437091	0.0115158	0	0	0	
209	0.14828	0.0951557	0.0531252	0	0.659742	0.423374	0.236368	0	0	0	
210	0.114914	0.113608	0.00130656	0	0.511287	0.505474	0.00581327	0	0	0	
211	0.164312	0.103436	0.0608759	0	0.731072	0.460219	0.270853	0	0	0	
212	0.116262	0.116262	0	0	0.517285	0.517285	0	0	0	0	
213	0.23611	0.164491	0.0713226	0.00029594	1.05052	0.731869	0.317333	0.00131672	0.000313241	0.00139369	
214	0.119313	0.115706	0.00360568	8.1475e-07	0.530857	0.514811	0.0160426	3.62505e-06	1.01547e-05	4.5181e-05	
215	0.172412	0.161442	0.010957	1.29107e-05	0.767111	0.718303	0.0487507	5.74433e-05	1.85622e-05	8.25887e-05	
216	0.0965552	0.0847243	0.0118295	1.36809e-06	0.4296	0.376961	0.0526327	6.08702e-06	1.84431e-06	8.20587e-06	
217	0.18994	0.140743	0.0486258	0.000572108	0.845099	0.626204	0.216349	0.00254546	0.000862084	0.00383565	
218	0.0974868	0.0970602	0.000426573	0	0.433745	0.431847	0.00189794	0	0	0	
219	0.133376	0.132916	0.00045938	0	0.593426	0.591382	0.00204391	0	0	0	
220	0.0941146	0.0837295	0.0103851	0	0.418742	0.372535	0.0462062	0	0	0	
221	0.111657	0.0937525	0.0178747	2.99875e-05	0.496794	0.41713	0.0795298	0.000133422	3.86704e-05	0.000172055	
222	0.0502377	0.0502193	1.84657e-05	0	0.223521	0.223439	8.2159e-05	0	0	0	
223	0.0966632	0.0966632	0	0	0.430081	0.430081	0	0	0	0	
224	0.158623	0.145074	0.0135489	1.58923e-07	0.705758	0.645474	0.060283	7.07093e-07	1.39781e-07	6.21927e-07	
225	0.0814311	0.0782053	0.00321415	1.16532e-05	0.362309	0.347957	0.0143006	5.18485e-05	1.18682e-05	5.28051e-05	
226	0.232662	0.224755	0.00789475	1.18086e-05	1.03517	1	0.0351259	5.25397e-05	1.20943e-05	5.38108e-05	
227	0.0847295	0.0821515	0.002578	0	0.376985	0.365514	0.0114702	0	0	0	
228	0.088957	0.0792342	0.00972178	1.06308e-06	0.395794	0.352534	0.0432548	4.72994e-06	1.04255e-06	4.63863e-06	
229	0.126857	0.12371	0.00314716	0	0.564423	0.55042	0.0140025	0	0	0	
230	0.107223	0.106422	0.000800694	3.00849e-08	0.477067	0.473504	0.00356251	1.33856e-07	1.00722e-08	4.4814e-08	
231	0.0920183	0.0918816	0.000136708	0	0.409415	0.408806	0.000608255	0	0	0	
232	0.0830693	0.074964	0.00810529	0	0.369598	0.333535	0.0360626	0	0	0	
233	0.0782508	0.0780042	0.000246639	0	0.348159	0.347062	0.00109736	0	0	0	
234	0.104136	0.104136	0	0	0.463329	0.463329	0	0	0	0	
235	0.136029	0.136029	0	0	0.605233	0.605233	0	0	0	0	
236	0.0677975	0.0660632	0.0017343	0	0.30165	0.293933	0.00771638	0	0	0	
237	0.0481838	0.0472939	0.000889894	0	0.214383	0.210423	0.00395938	0	0	0	
238	0.0895358	0.0893611	0.000174747	0	0.398369	0.397592	0.0007775	0	0	0	
239	0.139441	0.12179	0.0176508	4.97348e-08	0.620413	0.541879	0.0785336	2.21284e-07	5.02179e-08	2.23433e-07	
240	0.0941097	0.090537	0.00357273	0	0.41872	0.402824	0.015896	0	0	0	
241	0.141108	0.118418	0.0226133	7.65386e-05	0.627828	0.526874	0.100613	0.000340541	7.71126e-05	0.000343095	
242	0.086271	0.0854471	0.000823917	0	0.383843	0.380177	0.00366583	0	0	0	
243	0.0860121	0.0860121	0	0	0.382691	0.382691	0	0	0	0	
244	0.0887785	0.088715	6.34931e-05	0	0.395	0.394717	0.000282498	0	0	0	
245	0.126391	0.0951117	0.030819	0.000460552	0.562349	0.423178	0.137122	0.00204912	0.000498844	0.00221949	
246	0.105633	0.089519	0.0161145	0	0.469993	0.398294	0.0716981	0	0	0	
247	0.110722	0.107163	0.00354739	1.1784e-05	0.492637	0.476801	0.0157833	5.24303e-05	1.26912e-05	5.64667e-05	
248	0.0835807	0.0835807	0	0	0.371873	0.371873	0	0	0	0	
249	0.0723377	0.0699965	0.00234079	3.83836e-07	0.32185	0.311433	0.0104148	1.70779e-06	3.64884e-07	1.62347e-06	
250	0.0685603	0.0666411	0.00191132	7.88752e-06	0.305043	0.296504	0.008504	3.50937e-05	7.86727e-06	3.50036e-05	
251	0.126051	0.109258	0.0167322	6.0523e-05	0.560838	0.486123	0.0744465	0.000269283	6.05028e-05	0.000269193	
252	0.0771066	0.0692685	0.00775846	7.96791e-05	0.343068	0.308194	0.0345195	0.000354514	8.22962e-05	0.000366158	
253	0.0982412	0.0978029	0.000438358	0	0.437102	0.435152	0.00195037	0	0	0	
254	0.0777672	0.0776585	0.000108679	0	0.346007	0.345524	0.000483543	0	0	0	
255	0.0870925	0.0867149	0.000377306	2.92619e-07	0.387498	0.385818	0.00167874	1.30194e-06	2.72308e-07	1.21157e-06	
256	0.101161	0.0967049	0.00445588	4.8112e-07	0.450094	0.430266	0.0198254	2.14063e-06	6.35653e-07	2.82819e-06	
257	0.0900893	0.0887879	0.00130143	0	0.400832	0.395041	0.00579043	0	0	0	
258	0.100626	0.0961818	0.00444119	3.7395e-06	0.447716	0.427939	0.01976	1.6638e-05	5.25335e-06	2.33736e-05	
259	0.052099	0.0452628	0.00677141	6.48114e-05	0.231803	0.201386	0.0301278	0.000288363	6.99874e-05	0.000311393	
260	0.0427778	0.0417397	0.00103816	0	0.19033	0.185711	0.00461908	0	0	0	
261	0.11043	0.109852	0.000577878	0	0.491333	0.488762	0.00257114	0	0	0	
262	0.114397	0.111087	0.00331027	0	0.508987	0.494259	0.0147283	0	0	0	
263	0.0603829	0.0437552	0.0165227	0.000105087	0.26866	0.194678	0.0735141	0.000467564	0.000260166	0.00115755	
264	0.202921	0.139945	0.0623068	0.00066892	0.902853	0.622657	0.27722	0.00297621	0.00131899	0.00586858	
265	0.0493058	0.0433522	0.00594228	1.13587e-05	0.219375	0.192885	0.0264388	5.05381e-05	1.4369e-05	6.39318e-05	
266	0.0851806	0.0834081	0.00176873	3.78371e-06	0.378992	0.371105	0.00786959	1.68347e-05	3.76343e-06	1.67445e-05	
267	0.0465875	0.0455493	0.00103816	0	0.20728	0.202661	0.00461908	0	0	0	
268	0.0851737	0.085169	4.67406e-06	0	0.378961	0.37894	2.07962e-05	0	0	0	
269	0.208757	0.204769	0.00398798	4.62922e-07	0.928821	0.911075	0.0177436	2.05967e-06	4.65693e-07	2.07199e-06	
270	0.107423	0.107315	0.000108679	0	0.477958	0.477474	0.000483543	0	0	0	
271	0.0845656	0.0845656	0	0	0.376255	0.376255	0	0	0	0	
272	0.103605	0.103605	0	0	0.460969	0.460969	0	0	0	0	
273	0.115709	0.0915767	0.0239984	0.000134684	0.514824	0.40745	0.106775	0.00059925	0.000178292	0.000793273	
274	0.1023	0.0942149	0.00808592	2.83797e-08	0.455164	0.419188	0.0359765	1.26269e-07	1.06877e-07	4.75527e-07	
275	0.119019	0.111114	0.00782913	7.58634e-05	0.529551	0.49438	0.0348339	0.000337537	8.30043e-05	0.000369309	
276	0.0916672	0.0897023	0.00196495	0	0.407852	0.39911	0.0087426	0	0	0	
277	0.10779	0.103941	0.0038472	1.19848e-06	0.479588	0.462465	0.0171172	5.33239e-06	1.6332e-06	7.26659e-06	
278	0.178512	0.147818	0.030609	8.47883e-05	0.794251	0.657686	0.136188	0.000377246	0.000185934	0.000827274	
279	0.0782622	0.0769498	0.00131239	0	0.34821	0.34237	0.0058392	0	0	0	
280	0.137824	0.121235	0.0165867	2.7881e-06	0.61322	0.539409	0.0737988	1.2405e-05	4.02874e-06	1.7925e-05	
281	0.114834	0.0950056	0.0198119	1.65956e-05	0.510929	0.422706	0.088149	7.38388e-05	2.24942e-05	0.000100083	
282	0.0842113	0.0811338	0.00307747	0	0.374679	0.360986	0.0136925	0	0	0	
283	0.0991745	0.0910258	0.00813377	1.48674e-05	0.441254	0.404999	0.0361894	6.61491e-05	2.16976e-05	9.65388e-05	
284	0.143631	0.110482	0.0331336	1.58616e-05	0.639058	0.491567	0.14742	7.0573e-05	4.49478e-05	0.000199985	
285	0.100925	0.0871261	0.0137997	0	0.449046	0.387648	0.0613988	0	0	0	
286	0.126172	0.0819774	0.0441951	0	0.561376	0.36474	0.196636	0	0	0	
287	0.0737622	0.0653037	0.00845848	0	0.328188	0.290554	0.0376341	0	0	0	
288	0.217983	0.140318	0.0760051	0.00165949	0.969868	0.624317	0.338167	0.00738352	0.00225456	0.0100312	
289	0.0657772	0.0655489	0.000228302	0	0.29266	0.291645	0.00101577	0	0	0	
290	0.0693355	0.0689029	0.000432578	0	0.308492	0.306568	0.00192466	0	0	0	
291	0.211071	0.136997	0.0726158	0.00145864	0.939115	0.609537	0.323087	0.00648992	0.00221045	0.00983493	
292	0.138814	0.116518	0.0222533	4.21444e-05	0.617622	0.518423	0.099011	0.000187512	4.83897e-05	0.000215299	
293	0.069849	0.0475094	0.0223395	0	0.310777	0.211382	0.0993947	0	0	0	
294	0.0659715	0.0609174	0.00501005	4.40578e-05	0.293525	0.271038	0.0222911	0.000196025	6.16014e-05	0.000274081	
295	0.181572	0.151968	0.0294184	0.000185562	0.807864	0.676147	0.13089	0.000825618	0.000297387	0.00132315	
296	0.118151	0.118151	0	0	0.525688	0.525688	0	0	0	0	
297	0.173065	0.1464	0.0265988	6.66639e-05	0.770016	0.651374	0.118345	0.000296606	9.21451e-05	0.000409979	
298	0.107328	0.0907227	0.0163869	0.000219212	0.477535	0.40365	0.0729102	0.000975338	0.000266171	0.00118426	
299	0.0969135	0.0793181	0.0175789	1.64282e-05	0.431194	0.352908	0.0782136	7.30937e-05	1.64084e-05	7.30056e-05	
300	0.0770824	0.0766498	0.000432578	0	0.34296	0.341036	0.00192466	0	0	0	
301	0.0701021	0.0621607	0.0079073	3.41471e-05	0.311903	0.27657	0.0351817	0.00015193	4.67238e-05	0.000207887	
302	0.0707266	0.0692623	0.00146434	0	0.314682	0.308167	0.00651527	0	0	0	
303	0.123668	0.10568	0.0179525	3.5742e-05	0.550236	0.470201	0.0798756	0.000159026	4.98322e-05	0.000221717	
304	0.0953305	0.0953305	0	0	0.424151	0.424151	0	0	0	0	
305	0.0538083	0.0412216	0.0125767	9.87209e-06	0.239407	0.183406	0.0559575	4.39236e-05	1.44338e-05	6.42202e-05	
306	0.0653524	0.0528687	0.0124836	0	0.29077	0.235227	0.0555433	0	0	0	
307	0.0910043	0.0871968	0.00380756	0	0.404903	0.387962	0.0169408	0	0	0	
308	0.0941299	0.0754345	0.0186953	0	0.418809	0.335629	0.0831807	0	0	0	
309	0.12135	0.110632	0.0106205	9.70554e-05	0.539921	0.492235	0.0472536	0.000431826	9.74535e-05	0.000433597	
310	0.146351	0.143166	0.00318286	2.31148e-06	0.651156	0.636985	0.0141614	1.02844e-05	4.62717e-06	2.05875e-05	
311	0.0764414	0.0738555	0.0025761	9.82442e-06	0.340108	0.328603	0.0114618	4.37115e-05	9.90771e-06	4.40821e-05	
312	0.136652	0.0957266	0.0404643	0.000462013	0.608006	0.425913	0.180037	0.00205562	0.000518092	0.00230513	
313	0.104331	0.0933188	0.0109925	1.97741e-05	0.464198	0.415201	0.048909	8.79806e-05	2.02252e-05	8.99876e-05	
314	0.0797708	0.0771863	0.00258455	0	0.354922	0.343423	0.0114993	0	0	0	
315	0.108617	0.0948645	0.0136902	6.22424e-05	0.483267	0.422078	0.0609116	0.000276933	7.45012e-05	0.000331476	
316	0.0729404	0.0705211	0.00241734	1.97373e-06	0.324532	0.313767	0.0107554	8.78169e-06	2.01238e-06	8.95366e-06	
317	0.122316	0.0766756	0.0450532	0.000587178	0.544217	0.341151	0.200454	0.00261251	0.000612033	0.0027231	
318	0.175563	0.122134	0.0534291	0	0.781129	0.543408	0.23772	0	0	0	
319	0.244629	0.143418	0.0983852	0.00282596	1.08842	0.638109	0.437742	0.0125735	0.00419824	0.0186791	
320	0.0917915	0.0760066	0.0157019	8.28791e-05	0.408405	0.338174	0.0698625	0.000368752	0.000134083	0.000596574	
321	0.146783	0.098699	0.047161	0.000922977	0.653078	0.439138	0.209832	0.00410657	0.000997551	0.00443837	
322	0.141539	0.0787156	0.0623074	0.000516485	0.629748	0.350227	0.277222	0.00229798	0.000688569	0.00306363	
323	0.0979682	0.0947606	0.00320762	0	0.435887	0.421616	0.0142716	0	0	0	
324	0.126174	0.125074	0.00110068	0	0.561385	0.556488	0.00489725	0	0	0	
325	0.0912217	0.0901404	0.00108124	0	0.40587	0.401059	0.00481075	0	0	0	
326	0.0741492	0.0710034	0.00314577	0	0.32991	0.315913	0.0139964	0	0	0	
327	0.0771551	0.0750679	0.00208718	0	0.343284	0.333998	0.00928646	0	0	0	
328	0.0908074	0.0906295	0.000177948	0	0.404027	0.403235	0.000791741	0	0	0	
329	0.0959884	0.0913894	0.00456051	3.84842e-05	0.427078	0.406616	0.0202909	0.000171227	3.84706e-05	0.000171166	
330	0.144722	0.0882002	0.0547997	0.00172219	0.643908	0.392427	0.243819	0.00766249	0.0021203	0.00943383	
331	0.127108	0.116753	0.0103173	3.80178e-05	0.565541	0.519467	0.0459048	0.000169152	4.90922e-05	0.000218425	
332	0.107451	0.0962772	0.0111433	3.12789e-05	0.478082	0.428364	0.0495796	0.000139168	4.24729e-05	0.000188973	
333	0.12255	0.0983544	0.0241958	0	0.545259	0.437605	0.107653	0	0	0	
334	0.139754	0.0883423	0.0512706	0.000141487	0.621805	0.393059	0.228117	0.000629516	0.000229806	0.00102247	
335	0.08263	0.0803743	0.0022557	0	0.367643	0.357607	0.0100362	0	0	0	
336	0.107694	0.0893466	0.0182914	5.61635e-05	0.479161	0.397527	0.0813836	0.000249887	6.55301e-05	0.000291561	
337	0.120274	0.111708	0.00854705	1.87045e-05	0.535134	0.497022	0.0380281	8.32219e-05	2.47748e-05	0.00011023	
338	0.111311	0.101576	0.00971175	2.35595e-05	0.495254	0.451939	0.0432102	0.000104822	2.96291e-05	0.000131828	
339	0.0867449	0.0769602	0.00973752	4.71812e-05	0.385952	0.342417	0.0433249	0.000209922	5.23775e-05	0.000233042	
340	0.100985	0.0834853	0.0174056	9.47581e-05	0.449313	0.371449	0.0774423	0.000421605	0.000128799	0.000573064	
341	0.105617	0.104222	0.00139551	0	0.469923	0.463714	0.00620902	0	0	0	
342	0.107055	0.0753196	0.031736	0	0.47632	0.335117	0.141202	0	0	0	
343	0.14273	0.0881579	0.0530068	0.00156576	0.635047	0.392238	0.235841	0.00696651	0.00317725	0.0141364	
344	0.0829363	0.0824143	0.000521945	0	0.369006	0.366684	0.00232228	0	0	0	
345	0.129311	0.0950112	0.0339854	0.000314761	0.575341	0.422731	0.15121	0.00140046	0.00067245	0.00299191	
346	0.145308	0.0981943	0.046274	0.000839587	0.646515	0.436893	0.205886	0.00373555	0.00111619	0.00496625	
347	0.097764	0.0754389	0.0222525	7.24708e-05	0.434979	0.335648	0.0990079	0.000322442	0.000122712	0.000545981	
348	0.098936	0.0836784	0.0152095	4.81036e-05	0.440193	0.372308	0.0676715	0.000214026	6.20415e-05	0.000276039	
349	0.0831037	0.0721617	0.0109241	1.78848e-05	0.369751	0.321067	0.0486045	7.95747e-05	2.2994e-05	0.000102307	
350	0.133331	0.0760468	0.0568476	0.0004366	0.593226	0.338353	0.25293	0.00194255	0.000639265	0.00284426	
351	0.1517	0.0936467	0.0576586	0.000395313	0.674958	0.41666	0.256539	0.00175885	0.000506774	0.00225477	
352	0.127247	0.0816953	0.0454871	6.45183e-05	0.566156	0.363485	0.202384	0.000287059	0.000260353	0.00115838	
353	0.0893945	0.0779175	0.0114496	2.74581e-05	0.397741	0.346676	0.0509425	0.000122168	3.19219e-05	0.000142029	
354	0.0882171	0.0791336	0.00898237	0.000101094	0.392502	0.352087	0.039965	0.000449798	0.000103503	0.000460517	
355	0.083931	0.0833877	0.000543277	0	0.373432	0.371014	0.00241718	0	0	0	
356	0.12623	0.108746	0.0174563	2.75885e-05	0.561634	0.483844	0.0776678	0.000122749	3.53818e-05	0.000157423	
357	0.210743	0.107941	0.0986238	0.00417811	0.937653	0.480259	0.438804	0.0185895	0.00558313	0.0248409	
358	0.167858	0.0977592	0.0686305	0.00146921	0.74685	0.434957	0.305356	0.00653694	0.00319362	0.0142093	
359	0.106541	0.0781128	0.028059	0.000369614	0.474032	0.347545	0.124842	0.00164451	0.000478616	0.00212949	
360	0.100466	0.0965187	0.00394774	0	0.447003	0.429438	0.0175646	0	0	0	
361	0.0469403	0.0469403	0	0	0.20885	0.20885	0	0	0	0	
362	0.103313	0.0869645	0.0163188	2.96789e-05	0.459668	0.386929	0.0726071	0.000132049	4.19706e-05	0.000186738	
363	0.0490269	0.0490269	0	0	0.218134	0.218134	0	0	0	0	
364	0.128984	0.113259	0.015684	4.07019e-05	0.573887	0.503923	0.0697825	0.000181094	5.32934e-05	0.000237117	
365	0.0825669	0.0791204	0.00343059	1.59532e-05	0.367362	0.352028	0.0152636	7.09803e-05	2.01513e-05	8.96588e-05	
366	0.110242	0.0913376	0.018798	0.000106581	0.490498	0.406386	0.0836378	0.00047421	0.000129375	0.000575627	
367	0.125784	0.104857	0.0208201	0.000106908	0.559648	0.466538	0.0926347	0.000475665	0.000172675	0.000768279	
368	0.0801887	0.0754531	0.00470054	3.51049e-05	0.356781	0.335711	0.020914	0.000156191	3.50901e-05	0.000156125	
369	0.083787	0.0799699	0.00381012	7.07337e-06	0.372791	0.355808	0.0169522	3.14713e-05	1.04024e-05	4.62834e-05	
370	0.115238	0.0912545	0.023818	0.00016557	0.512726	0.406016	0.105973	0.000736667	0.000255355	0.00113614	
371	0.114306	0.0789906	0.0351066	0.000209146	0.50858	0.35145	0.156199	0.000930548	0.000286495	0.00127469	
372	0.101095	0.0787134	0.022342	4.01942e-05	0.449802	0.350217	0.0994059	0.000178835	4.96437e-05	0.000220878	
373	0.0846611	0.0788682	0.00578302	9.81257e-06	0.37668	0.350906	0.0257302	4.36588e-05	1.95871e-05	8.71486e-05	
374	0.201691	0.103491	0.0876798	0.0105208	0.897381	0.460459	0.390111	0.0468102	0.0169517	0.0754228	
375	0.144698	0.126591	0.0179846	0.000122373	0.643801	0.563238	0.0800186	0.000544471	0.000126133	0.000561202	
376	0.0999132	0.0984623	0.00145085	0	0.444541	0.438086	0.00645523	0	0	0	
377	0.111317	0.0996411	0.0116192	5.67223e-05	0.49528	0.44333	0.051697	0.000252373	8.51473e-05	0.000378844	
378	0.122537	0.103244	0.0191837	0.00010841	0.545201	0.459365	0.0853536	0.000482346	0.000127812	0.000568672	
379	0.0979776	0.0763757	0.0214287	0.000173196	0.435929	0.339816	0.0953424	0.000770597	0.00019573	0.000870859	
380	0.109545	0.082042	0.0274702	3.30529e-05	0.487397	0.365027	0.122222	0.000147061	4.14482e-05	0.000184414	
381	0.103438	0.0794346	0.0239269	7.66732e-05	0.460224	0.353426	0.106457	0.00034114	0.000131879	0.000586766	
382	0.106567	0.103562	0.00300482	2.76173e-07	0.474146	0.460776	0.0133692	1.22877e-06	2.64398e-07	1.17638e-06	
383	0.0789446	0.0755687	0.00337583	0	0.351246	0.336226	0.01502	0	0	0	
384	0.0927439	0.089972	0.00277184	0	0.412643	0.40031	0.0123327	0	0	0	
385	0.131244	0.106827	0.0243648	5.22057e-05	0.583943	0.475305	0.108405	0.000232277	5.64781e-05	0.000251286	
386	0.100818	0.0792397	0.0211385	0.000440143	0.448568	0.352559	0.0940511	0.00195832	0.000549564	0.00244516	
387	0.0944418	0.0838217	0.0104006	0.000219554	0.420197	0.372945	0.0462752	0.000976856	0.000245821	0.00109372	
388	0.0833415	0.0766083	0.00667507	5.816e-05	0.370809	0.340851	0.0296992	0.000258769	5.814e-05	0.00025868	
389	0.141917	0.110643	0.0312695	4.9028e-06	0.631431	0.492282	0.139126	2.18139e-05	6.02847e-06	2.68223e-05	
390	0.0854672	0.0740074	0.0114171	4.27144e-05	0.380267	0.329279	0.0507979	0.000190048	4.69068e-05	0.000208701	
391	0.0962798	0.0908296	0.00545015	2.0376e-08	0.428375	0.404126	0.0242492	9.06585e-08	1.11175e-07	4.94651e-07	
392	0.101612	0.0496071	0.0513564	0.000648414	0.452099	0.220715	0.228498	0.00288497	0.000746689	0.00332222	
393	0.085411	0.080522	0.00488902	0	0.380017	0.358264	0.0217526	0	0	0	
394	0.0964887	0.0921985	0.00429021	0	0.429304	0.410216	0.0190883	0	0	0	
395	0.156359	0.137647	0.0187057	6.6341e-06	0.695686	0.61243	0.0832271	2.95169e-05	7.45093e-06	3.31512e-05	
396	0.109987	0.058878	0.050472	0.000637164	0.489363	0.261964	0.224563	0.00283492	0.000640655	0.00285045	
397	0.129374	0.100865	0.028254	0.000254826	0.575622	0.448779	0.125709	0.00113379	0.00035438	0.00157673	
398	0.0915645	0.0907595	0.000805053	0	0.407395	0.403813	0.0035819	0	0	0	
399	0.0796814	0.0781769	0.00150447	0	0.354524	0.34783	0.00669381	0	0	0	
400	0.145143	0.128489	0.016654	3.04105e-08	0.645783	0.571684	0.0740984	1.35304e-07	2.12454e-08	9.4527e-08	
401	0.103204	0.100189	0.00301452	0	0.459184	0.445771	0.0134124	0	0	0	
402	0.104544	0.0830371	0.0214364	7.1309e-05	0.465149	0.369455	0.0953766	0.000317273	9.11555e-05	0.000405576	
403	0.114638	0.0884306	0.0260096	0.000198041	0.510057	0.393452	0.115724	0.00088114	0.000221584	0.000985889	
404	0.108298	0.0983499	0.00994874	0	0.48185	0.437586	0.0442646	0	0	0	
405	0.107052	0.10674	0.000312291	0	0.476305	0.474916	0.00138947	0	0	0	
406	0.198478	0.176162	0.022304	1.21553e-05	0.883084	0.783793	0.0992366	5.40827e-05	1.91066e-05	8.50109e-05	
407	0.121106	0.0851361	0.0355994	0.000370579	0.538834	0.378793	0.158391	0.00164881	0.000663719	0.00295306	
408	0.130144	0.127142	0.00300178	0	0.579049	0.565693	0.0133557	0	0	0	
409	0.0925732	0.0916218	0.000951415	0	0.411883	0.40765	0.00423311	0	0	0	
410	0.105368	0.0875942	0.0174261	0.000347667	0.468811	0.389731	0.0775336	0.00154686	0.00035198	0.00156605	
411	0.13108	0.117058	0.0140217	0	0.583211	0.520825	0.0623864	0	0	0	
412	0.156476	0.121946	0.0344888	4.06407e-05	0.696206	0.542575	0.15345	0.000180821	4.39692e-05	0.000195631	
413	0.0953082	0.0914069	0.00390137	0	0.424052	0.406694	0.0173582	0	0	0	
414	0.149072	0.112393	0.0362524	0.000427098	0.663265	0.500068	0.161296	0.00190027	0.000448613	0.001996	
415	0.0927014	0.0918324	0.000868937	0	0.412454	0.408587	0.00386614	0	0	0	
416	0.129538	0.105964	0.0235604	1.2787e-05	0.57635	0.471466	0.104826	5.6893e-05	1.27667e-05	5.68025e-05	
417	0.105589	0.0956404	0.00994874	0	0.469795	0.42553	0.0442646	0	0	0	
418	0.0816387	0.0768284	0.00481028	0	0.363233	0.34183	0.0214023	0	0	0	
419	0.140101	0.102006	0.0380534	4.11118e-05	0.623349	0.453856	0.16931	0.000182917	5.3168e-05	0.000236559	
420	0.0836544	0.0836544	0	0	0.372201	0.372201	0	0	0	0	
421	0.0889219	0.0860499	0.00287196	0	0.395638	0.382859	0.0127781	0	0	0	
422	0.106487	0.0809477	0.0250143	0.000525754	0.473793	0.360158	0.111295	0.00233922	0.000525734	0.00233913	
423	0.0678652	0.0559556	0.0119074	2.15319e-06	0.301951	0.248962	0.0529795	9.58014e-06	3.27095e-06	1.45533e-05	
424	0.110611	0.110499	0.000111231	0	0.492138	0.491644	0.000494899	0	0	0	
425	0.0761304	0.0695316	0.00659885	0	0.338725	0.309365	0.0293601	0	0	0	
426	0.114722	0.109002	0.00571466	4.85404e-06	0.51043	0.484983	0.025426	2.15969e-05	6.0554e-06	2.69421e-05	
427	0.0925911	0.0904468	0.00213961	4.68119e-06	0.411963	0.402422	0.00951975	2.08279e-05	4.6915e-06	2.08737e-05	
428	0.0956858	0.0940208	0.00166408	9.39954e-07	0.425732	0.418324	0.00740399	4.18211e-06	1.53552e-06	6.83197e-06	
429	0.120803	0.0881984	0.0326053	0	0.537489	0.392418	0.14507	0	0	0	
430	0.22583	0.212317	0.0135123	1.14392e-06	1.00478	0.944658	0.0601201	5.08964e-06	1.12378e-06	5.00001e-06	
431	0.172637	0.166293	0.00634419	0	0.768113	0.739886	0.028227	0	0	0	
432	0.135872	0.112151	0.0237002	2.0972e-05	0.604534	0.498992	0.105449	9.33105e-05	3.14201e-05	0.000139796	
433	0.110114	0.0985496	0.0114944	7.04203e-05	0.489929	0.438474	0.0511421	0.000313319	8.43625e-05	0.000375352	
434	0.08359	0.0805702	0.00301981	0	0.371914	0.358478	0.0134359	0	0	0	
435	0.213442	0.152072	0.061045	0.000324975	0.949663	0.676611	0.271606	0.0014459	0.000411645	0.00183152	
436	0.128561	0.0861445	0.0418866	0.00053065	0.572006	0.38328	0.186365	0.00236101	0.000707529	0.00314799	
437	0.142316	0.0861939	0.0545635	0.0015586	0.633203	0.3835	0.242768	0.00693465	0.00216581	0.00963632	
438	0.172939	0.130446	0.0417668	0.0007259	0.769454	0.580392	0.185832	0.00322972	0.000798641	0.00355337	
439	0.139218	0.127119	0.0120889	9.98728e-06	0.619419	0.565588	0.0537872	4.44361e-05	2.54226e-05	0.000113112	
440	0.0836809	0.0801823	0.00348955	9.06726e-06	0.372319	0.356753	0.0155259	4.03427e-05	9.12438e-06	4.05969e-05	
441	0.0695094	0.0676646	0.00184474	0	0.309266	0.301058	0.00820778	0	0	0	
442	0.149394	0.0949707	0.0522258	0.00219741	0.664695	0.42255	0.232367	0.0097769	0.00321924	0.0143232	
443	0.177275	0.138014	0.0388413	0.000419631	0.788745	0.614062	0.172815	0.00186705	0.000598476	0.00266278	
444	0.132008	0.108005	0.023974	2.84708e-05	0.58734	0.480546	0.106667	0.000126674	4.862e-05	0.000216323	
445	0.1121	0.088258	0.0237093	0.000132839	0.498764	0.392684	0.105489	0.000591041	0.000162034	0.000720935	
446	0.154504	0.0907526	0.06317	0.000582219	0.687434	0.403783	0.28106	0.00259045	0.000895348	0.00398365	
447	0.161737	0.122038	0.0396991	0	0.719616	0.542984	0.176632	0	0	0	
448	0.04242	0.0375729	0.00484712	0	0.188738	0.167172	0.0215661	0	0	0	
449	0.225186	0.154279	0.0708225	8.4344e-05	1.00191	0.686431	0.315108	0.000375269	0.000129688	0.000577019	
450	0.0877888	0.0794689	0.00831989	0	0.390596	0.353579	0.0370174	0	0	0	
451	0.133137	0.120283	0.0128482	5.39872e-06	0.592365	0.535176	0.0571652	2.40203e-05	9.16529e-06	4.07789e-05	
452	0.183985	0.100101	0.0820426	0.00184182	0.818602	0.445377	0.36503	0.0081948	0.00366662	0.0163138	
453	0.10631	0.0956211	0.0106878	1.93637e-06	0.473006	0.425444	0.0475529	8.61545e-06	2.05677e-06	9.15114e-06	
454	0.13421	0.0892092	0.0449692	3.2234e-05	0.59714	0.396916	0.20008	0.000143418	0.000111133	0.000494464	
455	0.160284	0.10512	0.0548052	0.000358869	0.71315	0.46771	0.243843	0.0015967	0.00057222	0.00254596	
456	0.145945	0.111945	0.0336974	0.000301998	0.649349	0.498076	0.149929	0.00134367	0.000465469	0.002071	
457	0.122321	0.100605	0.0216968	1.96737e-05	0.544242	0.447619	0.0965354	8.7534e-05	2.72516e-05	0.000121249	
458	0.0942	0.0789692	0.0152307	0	0.419121	0.351356	0.0677659	0	0	0	
459	0.103151	0.0889542	0.0141964	3.14192e-07	0.458947	0.395781	0.063164	1.39792e-06	1.12367e-06	4.99955e-06	
460	0.147092	0.0854072	0.0616851	0	0.654454	0.38	0.274454	0	0	0	
461	0.143154	0.0855795	0.0575292	4.60125e-05	0.636934	0.380766	0.255963	0.000204722	6.39386e-05	0.00028448	
462	0.118119	0.100055	0.0179833	8.14458e-05	0.525547	0.445172	0.0800128	0.000362374	0.000118612	0.000527741	
463	0.136573	0.119568	0.0170053	0	0.607653	0.531992	0.0756613	0	0	0	
464	0.0805464	0.0690309	0.0115107	4.84027e-06	0.358373	0.307137	0.0512143	2.15357e-05	9.86482e-06	4.38913e-05	
465	0.0839794	0.0827322	0.00124718	0	0.373647	0.368098	0.00554907	0	0	0	
466	0.167454	0.110004	0.0570531	0.000396988	0.745052	0.489441	0.253845	0.0017663	0.00056609	0.00251869	
467	0.113193	0.0798277	0.0327861	0.000579931	0.50363	0.355175	0.145874	0.00258027	0.000717884	0.00319406	
468	0.106096	0.101612	0.00448405	2.77113e-07	0.472053	0.452101	0.0199508	1.23295e-06	2.13829e-06	9.51386e-06	
469	0.0770887	0.0768392	0.000249492	0	0.342989	0.341879	0.00111005	0	0	0	
470	0.105043	0.0949869	0.0100518	4.3211e-06	0.467365	0.422623	0.0447236	1.92257e-05	7.36722e-06	3.27788e-05	
471	0.132434	0.079085	0.0532154	0.000134003	0.589237	0.351871	0.23677	0.00059622	0.000319497	0.00142153	
472	0.128069	0.089243	0.0359515	0.00287537	0.569818	0.397067	0.159958	0.0127933	0.0029233	0.0130065	
473	0.170683	0.0992664	0.0679886	0.0034288	0.759419	0.441663	0.3025	0.0152557	0.00559367	0.0248877	
474	0.109025	0.077009	0.0320165	0	0.485084	0.342634	0.14245	0	0	0	
475	0.125743	0.113347	0.0123942	1.14456e-06	0.559465	0.504315	0.0551452	5.09249e-06	1.46906e-06	6.53629e-06	
476	0.163077	0.112786	0.0502875	3.9865e-06	0.725578	0.501817	0.223743	1.7737e-05	1.13729e-05	5.06013e-05	
477	0.124819	0.0970796	0.0276926	4.6911e-05	0.555354	0.431933	0.123212	0.00020872	8.5146e-05	0.000378838	
478	0.0933931	0.0789561	0.0143948	4.21722e-05	0.415531	0.351297	0.0640467	0.000187636	5.75329e-05	0.00025598	
479	0.10783	0.0977661	0.00995766	0.000106717	0.479767	0.434988	0.0443044	0.000474813	0.000108324	0.000481963	
480	0.126536	0.0976629	0.0288559	1.74693e-05	0.562995	0.434529	0.128388	7.77259e-05	3.37491e-05	0.000150159	
481	0.0862858	0.0759471	0.0103348	3.81908e-06	0.383909	0.337909	0.0459827	1.69921e-05	1.35566e-05	6.0317e-05	
482	0.143179	0.105851	0.0373038	2.4619e-05	0.637046	0.470961	0.165975	0.000109536	5.77328e-05	0.000256869	
483	0.106882	0.0925322	0.01435	0	0.475548	0.411701	0.0638471	0	0	0	
484	0.178898	0.116732	0.0610539	0.00111177	0.795969	0.519376	0.271645	0.00494657	0.00138822	0.00617657	
485	0.117258	0.0949107	0.0221335	0.000213838	0.521713	0.422283	0.0984784	0.000951427	0.000233019	0.00103676	
486	0.0840677	0.0799579	0.0041097	1.03682e-07	0.37404	0.355754	0.0182852	4.61312e-07	8.3302e-08	3.70633e-07	
487	0.104026	0.0997426	0.00428393	0	0.462842	0.443782	0.0190603	0	0	0	
488	0.134241	0.0954443	0.0387359	6.09742e-05	0.597276	0.424658	0.172346	0.000271291	0.00011669	0.000519187	
489	0.146913	0.0981001	0.0487635	4.96578e-05	0.653657	0.436474	0.216962	0.000220941	6.37916e-05	0.000283826	
490	0.095458	0.0906972	0.00476076	0	0.424719	0.403537	0.0211819	0	0	0	
491	0.0969717	0.078216	0.0187519	3.78927e-06	0.431454	0.348004	0.0834327	1.68595e-05	1.75894e-05	7.82601e-05	
492	0.142292	0.0969346	0.0448029	0.000555068	0.633099	0.431289	0.19934	0.00246965	0.000841703	0.00374497	
493	0.189207	0.111603	0.0775811	2.25805e-05	0.841834	0.496553	0.34518	0.000100466	3.62338e-05	0.000161214	
494	0.193718	0.116997	0.0764431	0.00027747	0.861907	0.520556	0.340116	0.00123454	0.00032816	0.00146007	
495	0.0890027	0.0838426	0.00516009	0	0.395997	0.373038	0.0229586	0	0	0	
496	0.101862	0.0896324	0.0120234	0.000207092	0.453216	0.398799	0.0534955	0.000921412	0.000207072	0.000921322	
497	0.114932	0.0774874	0.0371792	0.000266125	0.511367	0.344762	0.16542	0.00118406	0.000413406	0.00183935	
498	0.175566	0.13339	0.0419532	0.000222967	0.781144	0.59349	0.186661	0.000992041	0.000272848	0.00121397	
499	0.15863	0.157795	0.000834471	3.73965e-07	0.705791	0.702076	0.00371279	1.66387e-06	6.01122e-07	2.67455e-06	
500	0.147385	0.0806551	0.0664909	0.00023951	0.655759	0.358857	0.295836	0.00106564	0.000443136	0.00197163	
501	0.168146	0.108302	0.0594104	0.000433408	0.748128	0.481866	0.264333	0.00192835	0.000653103	0.00290583	
502	0.0925034	0.0908199	0.00168344	0	0.411573	0.404083	0.00749009	0	0	0	
503	0.113344	0.102865	0.0104786	0	0.5043	0.457678	0.0466224	0	0	0	
504	0.123036	0.119181	0.00385237	2.88912e-06	0.547423	0.53027	0.0171402	1.28545e-05	2.89417e-06	1.28769e-05	
505	0.0723034	0.068569	0.00372743	6.9469e-06	0.321697	0.305082	0.0165843	3.09086e-05	7.22665e-06	3.21533e-05	
506	0.149125	0.0976584	0.0500657	0.00140098	0.663498	0.434509	0.222756	0.00623338	0.00176935	0.00787236	
507	0.196172	0.157752	0.0381985	0.000221186	0.872823	0.701883	0.169955	0.000984121	0.000225019	0.00100117	
508	0.0923062	0.0878994	0.00440348	3.3446e-06	0.410696	0.391088	0.0195923	1.4881e-05	3.32429e-06	1.47906e-05	
509	0.0955996	0.0870479	0.00850867	4.3115e-05	0.425349	0.3873	0.0378574	0.00019183	6.32827e-05	0.000281562	
510	0.137412	0.105138	0.0320639	0.000210439	0.611386	0.467789	0.142661	0.000936302	0.00026528	0.0011803	
511	0.0776753	0.075029	0.00264326	3.03414e-06	0.345598	0.333824	0.0117606	1.34997e-05	3.32712e-06	1.48032e-05	
512	0.179101	0.0881898	0.090211	0.000700889	0.796872	0.39238	0.401373	0.00311844	0.000983873	0.00437752	
513	0.112191	0.0909908	0.0211753	2.5431e-05	0.499171	0.404843	0.0942147	0.000113149	5.11066e-05	0.000227387	
514	0.278725	0.128241	0.146049	0.00443564	1.24012	0.570579	0.649812	0.0197354	0.0064429	0.0286662	
515	0.0705119	0.0564996	0.0139818	3.04475e-05	0.313726	0.251382	0.0622092	0.000135469	6.15511e-05	0.000273858	
516	0.110015	0.08835	0.021458	0.000207224	0.489488	0.393093	0.0954728	0.000921999	0.000218235	0.000970991	
517	0.0865827	0.0815844	0.00499835	0	0.38523	0.362991	0.022239	0	0	0	
518	0.176257	0.15556	0.0206961	0	0.784216	0.692133	0.0920829	0	0	0	
519	0.0705194	0.0420321	0.0284872	0	0.31376	0.187012	0.126747	0	0	0	
520	0.161229	0.122143	0.0387037	0.000382945	0.717356	0.543448	0.172203	0.00170383	0.000496853	0.00221063	
521	0.254078	0.109675	0.143167	0.00123578	1.13046	0.487975	0.636992	0.00549835	0.00265699	0.0118216	
522	0.18441	0.0782105	0.105324	0.000876095	0.820494	0.34798	0.468616	0.00389798	0.00165743	0.00737438	
523	0.0877381	0.0760785	0.0116596	0	0.390371	0.338494	0.0518768	0	0	0	
524	0.141091	0.105807	0.0351615	0.000121853	0.627754	0.470768	0.156443	0.000542161	0.000222235	0.000988787	
525	0.14855	0.0996146	0.048501	0.000434971	0.660943	0.443213	0.215794	0.0019353	0.000666188	0.00296405	
526	0.117115	0.101316	0.0157782	2.08919e-05	0.521078	0.450783	0.0702018	9.29538e-05	3.40159e-05	0.000151346	
527	0.108969	0.0778427	0.0310982	2.81623e-05	0.484833	0.346343	0.138364	0.000125302	3.8413e-05	0.00017091	
528	0.0892006	0.0803059	0.00889472	0	0.396878	0.357303	0.039575	0	0	0	
529	0.139925	0.0809715	0.0587944	0.000159376	0.622566	0.360264	0.261592	0.000709109	0.000378631	0.00168463	
530	0.0959144	0.0807386	0.015172	3.75015e-06	0.426749	0.359228	0.0675048	1.66854e-05	1.1656e-05	5.18608e-05	
531	0.170803	0.104904	0.0655908	0.000308619	0.759953	0.466748	0.291831	0.00137313	0.000588449	0.00261817	
532	0.102571	0.0836813	0.0187356	0.000154601	0.456369	0.372321	0.0833601	0.000687866	0.000212886	0.000947188	
533	0.166929	0.117839	0.0489345	0.000155688	0.742716	0.5243	0.217723	0.0006927	0.000286448	0.00127448	
534	0.122821	0.11334	0.00941358	6.76332e-05	0.546468	0.504283	0.0418836	0.000300918	6.76207e-05	0.000300863	
535	0.0926535	0.0776403	0.0150112	2.02966e-06	0.412241	0.345443	0.0667891	9.03054e-06	3.66312e-06	1.62982e-05	
536	0.0683328	0.0658541	0.00247865	0	0.304031	0.293003	0.0110282	0	0	0	
537	0.122853	0.0767807	0.0459557	0.00011737	0.54661	0.341618	0.204469	0.000522214	0.000162207	0.000721707	
538	0.126712	0.0804344	0.0459352	0.000343298	0.56378	0.357874	0.204378	0.00152742	0.000415721	0.00184966	
539	0.134083	0.08319	0.0508436	5.02153e-05	0.596576	0.370135	0.226217	0.000223421	0.00015071	0.000670552	
540	0.0911963	0.0799647	0.0111333	9.83282e-05	0.405757	0.355785	0.0495351	0.000437489	0.000130471	0.000580503	
541	0.0873515	0.0822273	0.00512323	9.80093e-07	0.38865	0.365852	0.0227946	4.3607e-06	3.38051e-06	1.50408e-05	
542	0.223879	0.150046	0.0733011	0.000532109	0.996102	0.667597	0.326137	0.00236749	0.000690939	0.00307418	
543	0.131782	0.0894449	0.0421758	0.000161258	0.586334	0.397965	0.187651	0.000717485	0.000217144	0.000966137	
544	0.173157	0.126765	0.0461892	0.000203041	0.770425	0.564013	0.205508	0.000903385	0.000621186	0.00276383	
545	0.156383	0.0752308	0.0811461	6.35619e-06	0.695792	0.334722	0.361041	2.82804e-05	1.64238e-05	7.3074e-05	
546	0.135645	0.116633	0.0189863	2.53022e-05	0.603522	0.518933	0.0844756	0.000112576	7.27725e-05	0.000323785	
547	0.0893112	0.0755326	0.0137786	0	0.39737	0.336065	0.0613048	0	0	0	
548	0.118922	0.110855	0.00806644	0	0.529117	0.493227	0.0358898	0	0	0	
549	0.147095	0.0850535	0.061503	0.000538387	0.654466	0.378426	0.273644	0.00239543	0.000677225	0.00301316	
550	0.194596	0.119809	0.0739671	0.000819885	0.865812	0.533063	0.3291	0.00364789	0.00132779	0.00590771	
551	0.0966194	0.0966194	0	0	0.429886	0.429886	0	0	0	0	
552	0.0815224	0.0726421	0.00885543	2.49093e-05	0.362715	0.323204	0.0394002	0.000110828	2.77211e-05	0.000123338	
553	0.186661	0.183102	0.0035574	9.93235e-07	0.830507	0.814674	0.0158278	4.41917e-06	1.13526e-06	5.05112e-06	
554	0.149488	0.102495	0.0462426	0.000750239	0.665113	0.456029	0.205746	0.00333802	0.00105317	0.00468585	
555	0.101455	0.0751875	0.0262629	4.59015e-06	0.451401	0.33453	0.11685	2.04228e-05	1.05657e-05	4.70098e-05	
556	0.175519	0.149668	0.0258146	3.6154e-05	0.780932	0.665915	0.114856	0.000160859	3.6134e-05	0.00016077	
557	0.0948509	0.0789992	0.0157149	0.000136764	0.422018	0.351489	0.0699201	0.0006085	0.000175415	0.000780471	
558	0.104421	0.0974849	0.00693633	0	0.464598	0.433737	0.0308616	0	0	0	
559	0.100559	0.0791035	0.0209894	0.00046609	0.447414	0.351953	0.0933876	0.00207376	0.000573493	0.00255163	
560	0.0926085	0.0848657	0.00774277	0	0.41204	0.37759	0.0344497	0	0	0	
561	0.109942	0.0931382	0.0166964	0.000107951	0.489164	0.414397	0.0742868	0.000480305	0.000146313	0.00065099	
562	0.0743486	0.0498688	0.0244797	0	0.330797	0.22188	0.108917	0	0	0	
563	0.101122	0.0788625	0.0221808	7.93364e-05	0.449922	0.350881	0.0986888	0.000352989	9.9561e-05	0.000442974	
564	0.12224	0.081511	0.0401383	0.000590872	0.54388	0.362665	0.178586	0.00262895	0.000906947	0.00403526	
565	0.10342	0.0850236	0.0183782	1.81662e-05	0.460144	0.378293	0.0817698	8.08266e-05	3.60013e-05	0.000160179	
566	0.128698	0.103813	0.0248618	2.25616e-05	0.572613	0.461896	0.110617	0.000100382	4.62534e-05	0.000205794	
567	0.206347	0.160944	0.0448786	0.000524123	0.918095	0.716085	0.199677	0.00233197	0.000628274	0.00279536	
568	0.155879	0.11533	0.0405486	0	0.69355	0.513138	0.180412	0	0	0	
569	0.0767755	0.0759161	0.000859368	0	0.341595	0.337771	0.00382356	0	0	0	
570	0.145343	0.119836	0.0253268	0.000180225	0.646674	0.533186	0.112685	0.000801872	0.000382709	0.00170277	
571	0.110041	0.0915727	0.0184689	1.33304e-07	0.489606	0.407432	0.0821736	5.93109e-07	6.66623e-07	2.96599e-06	
572	0.111083	0.0976655	0.0133327	8.50526e-05	0.494239	0.43454	0.059321	0.000378422	0.000129893	0.00057793	
573	0.0991252	0.084425	0.0146703	2.99427e-05	0.441035	0.37563	0.0652722	0.000133223	4.16481e-05	0.000185304	
574	0.132098	0.0799132	0.0519135	0.000271639	0.587742	0.355555	0.230977	0.00120859	0.000413009	0.00183759	
575	0.158797	0.084365	0.0730054	0.00142658	0.706531	0.375363	0.324821	0.00634725	0.00243741	0.0108447	
576	0.0626043	0.0545252	0.00807913	0	0.278543	0.242597	0.0359462	0	0	0	
577	0.127637	0.113238	0.0143996	0	0.567895	0.503827	0.0640678	0	0	0	
578	0.100298	0.0890877	0.0112106	0	0.446255	0.396375	0.0498793	0	0	0	
579	0.0933844	0.0873652	0.00601646	2.76676e-06	0.415493	0.388712	0.0267689	1.23101e-05	8.05873e-06	3.58555e-05	
580	0.0835219	0.0668243	0.016681	1.65769e-05	0.371612	0.29732	0.0742183	7.37553e-05	4.40178e-05	0.000195847	
581	0.0839371	0.0752883	0.00864889	0	0.373459	0.334978	0.0384813	0	0	0	
582	0.0899756	0.0845573	0.0054096	8.6389e-06	0.400326	0.376219	0.0240688	3.84368e-05	1.60726e-05	7.15118e-05	
583	0.115887	0.0929957	0.0227742	0.000117366	0.515614	0.413763	0.101328	0.000522197	0.000133463	0.000593816	
584	0.206969	0.128275	0.0781571	0.000537201	0.920864	0.570732	0.347742	0.00239015	0.000651055	0.00289672	
585	0.116932	0.0750868	0.0417648	8.09128e-05	0.520265	0.334082	0.185823	0.000360003	8.8728e-05	0.000394775	
586	0.137823	0.0845554	0.053193	7.47186e-05	0.613212	0.37621	0.23667	0.000332443	9.87432e-05	0.000439335	
587	0.107141	0.0891865	0.0178897	6.52937e-05	0.476702	0.396815	0.0795965	0.00029051	7.50158e-05	0.000333766	
588	0.0691005	0.0678008	0.00129968	3.85675e-08	0.307447	0.301664	0.00578263	1.71597e-07	4.4486e-08	1.9793e-07	
589	0.159707	0.109542	0.0488217	0.00134328	0.710581	0.487383	0.217221	0.00597662	0.00171395	0.00762584	
590	0.134301	0.107684	0.0265865	2.98596e-05	0.597542	0.479118	0.11829	0.000132853	4.34387e-05	0.000193271	
591	0.13996	0.0962151	0.0436461	9.92533e-05	0.622722	0.428087	0.194193	0.000441605	0.000138686	0.000617054	
592	0.110581	0.0860457	0.0245179	1.75564e-05	0.492006	0.382841	0.109086	7.81136e-05	2.47136e-05	0.000109957	
593	0.10511	0.0942748	0.0107261	0.000109666	0.467666	0.419454	0.0477235	0.000487934	0.000123433	0.000549191	
594	0.090297	0.0807549	0.00952767	1.45183e-05	0.401756	0.3593	0.0423912	6.4596e-05	1.84291e-05	8.19962e-05	
595	0.110105	0.0941203	0.0159212	6.38947e-05	0.489889	0.418767	0.0708379	0.000284285	7.5987e-05	0.000338087	
596	0.104048	0.0905263	0.0135086	1.31591e-05	0.462938	0.402776	0.0601036	5.85488e-05	1.34516e-05	5.98501e-05	
597	0.152626	0.141378	0.01121	3.84342e-05	0.679078	0.629031	0.0498766	0.000171004	4.78951e-05	0.000213098	
598	0.120084	0.108537	0.0114718	7.53207e-05	0.534289	0.482912	0.0510413	0.000335122	7.53008e-05	0.000335034	
599	0.108161	0.0936755	0.0144854	0	0.481238	0.416788	0.0644499	0	0	0	
600	0.109182	0.108267	0.000915512	0	0.485783	0.48171	0.00407336	0	0	0	
601	0.333485	0.148485	0.182803	0.00219704	1.48377	0.660653	0.813341	0.00977526	0.00219922	0.00978495	
602	0.105242	0.102871	0.00236942	1.68106e-06	0.468253	0.457703	0.0105422	7.47952e-06	1.68065e-06	7.47768e-06	
603	0.127288	0.0521093	0.0751591	2.01724e-05	0.566341	0.231848	0.334403	8.97529e-05	5.60578e-05	0.000249416	
604	0.0875002	0.0811804	0.00631976	0	0.389312	0.361194	0.0281183	0	0	0	
605	0.141259	0.0496895	0.0915701	0	0.628503	0.221082	0.40742	0	0	0	
606	0.146707	0.094051	0.051595	0.00106172	0.652743	0.418458	0.22956	0.00472391	0.00204021	0.00907745	
607	0.0891713	0.0783964	0.0106944	8.04545e-05	0.396747	0.348807	0.0475827	0.000357964	0.000111508	0.000496132	
608	0.0899569	0.0790145	0.0109073	3.51233e-05	0.400243	0.351557	0.0485295	0.000156273	4.49032e-05	0.000199786	
609	0.0918734	0.0873424	0.00453106	0	0.40877	0.38861	0.0201599	0	0	0	
610	0.0913399	0.0802349	0.011053	5.19467e-05	0.406396	0.356987	0.0491781	0.000231125	6.13575e-05	0.000272996	
611	0.0629196	0.057867	0.00505257	0	0.279946	0.257466	0.0224802	0	0	0	
612	0.0955234	0.0908456	0.00466274	1.51063e-05	0.42501	0.404197	0.0207458	6.72125e-05	1.77466e-05	7.89595e-05	
613	0.0910958	0.0768251	0.0141798	9.0898e-05	0.40531	0.341816	0.06309	0.00040443	0.000103293	0.000459582	
614	0.0902613	0.0838229	0.00642879	9.58218e-06	0.401597	0.372951	0.0286034	4.26337e-05	1.34209e-05	5.97134e-05	
615	0.0901163	0.0869496	0.00316649	2.48746e-07	0.400952	0.386862	0.0140886	1.10673e-06	2.8452e-07	1.26591e-06	
616	0.0980756	0.0891513	0.00878261	0.00014163	0.436365	0.396659	0.0390762	0.000630154	0.000145297	0.000646466	
617	0.123458	0.0918523	0.0316056	0	0.549298	0.408676	0.140622	0	0	0	
618	0.0614362	0.0560236	0.00541261	0	0.273346	0.249264	0.0240822	0	0	0	
619	0.137473	0.0990373	0.0384193	1.70455e-05	0.611658	0.440644	0.170938	7.58404e-05	1.7043e-05	7.5829e-05	
620	0.11225	0.0878591	0.0243914	0	0.499433	0.390909	0.108524	0	0	0	
621	0.382767	0.186427	0.192524	0.00381525	1.70303	0.829469	0.856594	0.0169751	0.00413415	0.0183939	
622	0.0393654	0.0305295	0.00880976	2.61296e-05	0.175147	0.135834	0.039197	0.000116258	2.71931e-05	0.000120989	
623	0.0761599	0.0719479	0.00420219	9.81988e-06	0.338856	0.320116	0.0186967	4.36913e-05	1.0089e-05	4.48891e-05	
624	0.111438	0.0828103	0.0285975	3.07325e-05	0.495821	0.368446	0.127238	0.000136737	3.34287e-05	0.000148733	
625	0.0710623	0.0550522	0.0160101	0	0.316175	0.244942	0.0712333	0	0	0	
626	0.0714637	0.0639095	0.00755412	0	0.317961	0.284351	0.0336103	0	0	0	
627	0.0925346	0.079211	0.0133235	0	0.411711	0.352431	0.0592801	0	0	0	
628	0.0602183	0.0601863	3.1979e-05	0	0.267927	0.267785	0.000142283	0	0	0	
629	0.236666	0.13779	0.0980796	0.000796194	1.05299	0.613069	0.436383	0.00354249	0.000927693	0.00412756	
630	0.183546	0.145764	0.0377602	2.19329e-05	0.816649	0.648545	0.168005	9.75856e-05	2.57e-05	0.000114346	
631	0.113648	0.0959632	0.0176852	0	0.505653	0.426966	0.0786866	0	0	0	
632	0.0433114	0.0433114	0	0	0.192704	0.192704	0	0	0	0	
633	0.0611183	0.045217	0.0159012	0	0.271932	0.201183	0.0707492	0	0	0	
634	0.0420367	0.0420253	1.14523e-05	0	0.187033	0.186982	5.09547e-05	0	0	0	
635	0.0727095	0.0656428	0.0070667	0	0.323504	0.292062	0.0314417	0	0	0	
636	0.0936879	0.0650906	0.0285732	2.39554e-05	0.416843	0.289606	0.12713	0.000106584	2.90144e-05	0.000129093	
637	0.0772735	0.0737382	0.00353529	0	0.343811	0.328081	0.0157294	0	0	0	
638	0.133486	0.0816582	0.0517782	5.05446e-05	0.59392	0.363319	0.230375	0.000224886	9.4163e-05	0.000418957	
639	0.134607	0.0762419	0.0583656	0	0.598905	0.339221	0.259684	0	0	0	
640	0.0865473	0.0806089	0.00591004	2.84471e-05	0.385073	0.358651	0.0262954	0.000126569	3.47275e-05	0.000154512	
641	0.075144	0.075144	0	0	0.334336	0.334336	0	0	0	0	
642	0.0631669	0.0631669	0	0	0.281047	0.281047	0	0	0	0	
643	0.177793	0.142141	0.0353281	0.000324108	0.791054	0.632427	0.157184	0.00144204	0.000642107	0.00285691	
644	0.10767	0.0825244	0.025146	0	0.479055	0.367173	0.111881	0	0	0	
645	0.0837087	0.0805161	0.00318497	7.62068e-06	0.372443	0.358238	0.0141708	3.39065e-05	8.79827e-06	3.91459e-05	
646	0.127563	0.0751052	0.0524576	8.19684e-07	0.567566	0.334163	0.233398	3.647e-06	6.32979e-06	2.8163e-05	
647	0.173611	0.124024	0.048909	0.000677952	0.772446	0.55182	0.217609	0.00301639	0.00113976	0.00507113	
648	0.148472	0.117465	0.0309526	5.43485e-05	0.660595	0.522637	0.137716	0.000241811	6.4039e-05	0.000284927	
649	0.0644357	0.0644357	0	0	0.286692	0.286692	0	0	0	0	
650	0.073301	0.0730932	0.000207806	0	0.326136	0.325211	0.000924589	0	0	0	
651	0.103097	0.101654	0.00144303	0	0.458709	0.452288	0.00642046	0	0	0	
652	0.116313	0.0825933	0.0330037	0.000716533	0.517511	0.36748	0.146842	0.00318805	0.000803635	0.00357559	
653	0.104072	0.0877947	0.0162753	1.98781e-06	0.463045	0.390623	0.0724136	8.84431e-06	1.15592e-05	5.14303e-05	
654	0.113306	0.0883932	0.0248376	7.5312e-05	0.50413	0.393285	0.110509	0.000335084	0.000166195	0.00073945	
655	0.127568	0.0811914	0.0455416	0.000835834	0.567589	0.361243	0.202627	0.00371885	0.00180085	0.00801248	
656	0.205006	0.118621	0.0838739	0.00251147	0.91213	0.527778	0.373178	0.0111742	0.00376741	0.0167622	
657	0.127835	0.0802462	0.047589	0	0.568774	0.357037	0.211736	0	0	0	
658	0.100685	0.0754881	0.0251976	0	0.447978	0.335867	0.112111	0	0	0	
659	0.134221	0.0959579	0.0374479	0.000815221	0.597186	0.426943	0.166616	0.00362714	0.00134905	0.00600233	
660	0.149745	0.100662	0.0489585	0.000124498	0.666257	0.447873	0.217829	0.000553929	0.000193378	0.000860392	
661	0.173642	0.0985809	0.0741233	0.000938158	0.772582	0.438613	0.329795	0.00417412	0.00126437	0.00562557	
662	0.117769	0.0806519	0.0368415	0.000275996	0.523988	0.358842	0.163918	0.00122798	0.000406246	0.0018075	
663	0.105759	0.0805701	0.0250236	0.000165294	0.470551	0.358478	0.111336	0.00073544	0.000218573	0.000972493	
664	0.0971279	0.0875603	0.00956763	0	0.432149	0.38958	0.042569	0	0	0	
665	0.10924	0.0874547	0.0217632	2.23395e-05	0.48604	0.38911	0.0968306	9.93948e-05	4.20223e-05	0.000186968	
666	0.103462	0.0791692	0.0242208	7.20579e-05	0.460331	0.352245	0.107765	0.000320605	8.79226e-05	0.000391192	
667	0.170246	0.105119	0.0598695	0.00525788	0.757473	0.467704	0.266375	0.0233937	0.00581768	0.0258844	
668	0.103095	0.0832885	0.0198064	3.29074e-07	0.458699	0.370573	0.0881244	1.46414e-06	1.11224e-05	4.94868e-05	
669	0.0436691	0.0436326	3.65633e-05	0	0.194296	0.194133	0.00016268	0	0	0	
670	0.0922776	0.0828637	0.00936922	4.46543e-05	0.410568	0.368683	0.0416862	0.000198679	5.5338e-05	0.000246214	
671	0.0574431	0.0507883	0.00665482	0	0.25558	0.225971	0.0296091	0	0	0	
672	0.147815	0.11229	0.0355191	6.02246e-06	0.657671	0.49961	0.158034	2.67955e-05	1.14327e-05	5.08672e-05	
673	0.134642	0.101755	0.0325946	0.00029199	0.599061	0.452739	0.145022	0.00129914	0.000415	0.00184645	
674	0.130306	0.0956257	0.0345153	0.000165597	0.57977	0.425465	0.153568	0.00073679	0.000310246	0.00138037	
675	0.110229	0.0814261	0.0287601	4.31203e-05	0.49044	0.362287	0.127961	0.000191854	4.83471e-05	0.000215109	
676	0.141345	0.110104	0.0306837	0.000558027	0.628886	0.489883	0.13652	0.00248281	0.000695298	0.00309357	
677	0.102639	0.0937054	0.00888731	4.69606e-05	0.456672	0.416921	0.0395421	0.00020894	6.1702e-05	0.000274529	
678	0.100956	0.080547	0.020212	0.000197741	0.449184	0.358376	0.0899288	0.000879807	0.000269957	0.00120111	
679	0.134709	0.0912602	0.0434491	0	0.599359	0.406041	0.193317	0	0	0	
680	0.123405	0.110724	0.0126811	0	0.549063	0.492641	0.0564221	0	0	0	
681	0.111749	0.0980409	0.013674	3.47246e-05	0.497205	0.436211	0.0608394	0.000154499	5.18157e-05	0.000230542	
682	0.102458	0.0979407	0.00451778	0	0.455866	0.435765	0.0201008	0	0	0	
683	0.100468	0.0914616	0.00900707	0	0.447012	0.406937	0.0400749	0	0	0	
684	0.116871	0.0945599	0.0223112	0	0.519991	0.420722	0.0992687	0	0	0	
685	0.188164	0.141178	0.0462122	0.000773413	0.837194	0.628142	0.20561	0.00344112	0.00077522	0.00344916	
686	0.112082	0.0907997	0.020825	0.000457998	0.498686	0.403992	0.0926562	0.00203776	0.000890817	0.00396349	
687	0.0818891	0.0780711	0.00381229	5.79763e-06	0.364347	0.347359	0.0169619	2.57952e-05	7.13865e-06	3.17618e-05	
688	0.0644914	0.064443	4.84157e-05	0	0.28694	0.286724	0.000215414	0	0	0	
689	0.00831304	0.00717415	0.00113889	0	0.036987	0.0319197	0.00506723	0	0	0	
690	0.0600682	0.0600222	4.60664e-05	0	0.26726	0.267055	0.000204962	0	0	0	
691	0.108346	0.0984285	0.00987932	3.8487e-05	0.482062	0.437935	0.0439558	0.000171239	5.69602e-05	0.000253431	
692	0.0731458	0.0731458	0	0	0.325446	0.325446	0	0	0	0	
693	0.0882256	0.0795802	0.00864537	0	0.39254	0.354074	0.0384656	0	0	0	
694	0.213187	0.154884	0.0569512	0.00135232	0.94853	0.689122	0.253391	0.00601688	0.00173998	0.00774169	
695	0.0960374	0.0795633	0.0164596	1.45154e-05	0.427296	0.353999	0.0732333	6.45834e-05	3.59951e-05	0.000160152	
696	0.217553	0.16024	0.0566354	0.000676843	0.967953	0.712955	0.251986	0.00301146	0.000795692	0.00354025	
697	0.156542	0.0830383	0.0722964	0.00120742	0.696499	0.36946	0.321666	0.00537215	0.00153092	0.00681148	
698	0.256706	0.196395	0.0591711	0.00113904	1.14215	0.873819	0.263268	0.00506792	0.00121311	0.00539747	
699	0.332354	0.185909	0.139794	0.00664956	1.47873	0.827164	0.621984	0.0295857	0.0069481	0.030914	
700	0.0827711	0.0827711	0	0	0.368271	0.368271	0	0	0	0	
701	0.0826271	0.0826271	0	0	0.36763	0.36763	0	0	0	0	
702	0.109018	0.106564	0.0024541	0	0.485052	0.474133	0.0109189	0	0	0	
703	0.0928736	0.0878895	0.00491636	6.78123e-05	0.41322	0.391044	0.0218742	0.000301715	6.77918e-05	0.000301624	
704	0.0944762	0.0796655	0.0148107	0	0.42035	0.354453	0.065897	0	0	0	
705	0.102204	0.0883163	0.0138835	4.7053e-06	0.454736	0.392943	0.0617716	2.09352e-05	4.68449e-06	2.08425e-05	
706	0.224352	0.158613	0.0656216	0.000116973	0.998205	0.705716	0.291968	0.000520448	0.000291254	0.00129587	
707	0.08925	0.0804734	0.00877654	0	0.397097	0.358048	0.0390492	0	0	0	
708	0.0801413	0.0801413	0	0	0.35657	0.35657	0	0	0	0	
709	0.126864	0.103632	0.0229137	0.000318786	0.564456	0.461088	0.101949	0.00141836	0.000333024	0.00148171	
710	0.170098	0.09623	0.0738071	6.16194e-05	0.756816	0.428153	0.328388	0.000274161	8.86786e-05	0.000394555	
711	0.0952291	0.0808684	0.0143606	0	0.4237	0.359806	0.0638945	0	0	0	
712	0.0768003	0.0767472	5.30982e-05	0	0.341706	0.341469	0.000236248	0	0	0	
713	0.0908362	0.0785955	0.0122406	0	0.404155	0.349693	0.0544621	0	0	0	
714	0.0942992	0.0818639	0.0124352	0	0.419563	0.364235	0.0553277	0	0	0	
715	0.0722663	0.0702148	0.00205149	0	0.321532	0.312405	0.00912764	0	0	0	
716	0.0825148	0.0751575	0.00735732	0	0.367131	0.334396	0.0327347	0	0	0	
717	0.099097	0.0884897	0.0105597	4.75387e-05	0.440909	0.393715	0.0469831	0.000211512	4.75184e-05	0.000211422	
718	0.122015	0.1084	0.0134455	0.00016946	0.542881	0.482304	0.0598231	0.000753975	0.000170726	0.000759609	
719	0.07195	0.0630727	0.00884057	3.67379e-05	0.320125	0.280628	0.0393341	0.000163457	3.88553e-05	0.000172878	
720	0.0623017	0.0622313	7.03716e-05	0	0.277197	0.276884	0.000313102	0	0	0	
721	0.125605	0.106574	0.0188438	0.00018717	0.558852	0.474178	0.0838413	0.000832773	0.000193202	0.000859611	
722	0.0812831	0.0810424	0.000240652	0	0.361651	0.36058	0.00107072	0	0	0	
723	0.11615	0.102283	0.0138633	3.60984e-06	0.516785	0.455088	0.0616817	1.60612e-05	3.58902e-06	1.59685e-05	
724	0.0809167	0.0806761	0.000240652	0	0.36002	0.35895	0.00107072	0	0	0	
725	0.0883635	0.0625325	0.0258309	0	0.393153	0.278224	0.114929	0	0	0	
726	0.0448435	0.0426325	0.00221098	0	0.199521	0.189684	0.00983728	0	0	0	
727	0.0891675	0.0889471	0.000220349	0	0.39673	0.39575	0.000980396	0	0	0	
728	0.101854	0.0854045	0.0162591	0.000190452	0.453176	0.379988	0.0723413	0.000847374	0.000209121	0.000930438	
729	0.105802	0.0775804	0.0280178	0.000204203	0.470744	0.345176	0.124659	0.000908556	0.00132834	0.00591016	
730	0.110908	0.104859	0.00604887	0	0.493463	0.46655	0.0269131	0	0	0	
731	0.130851	0.0944151	0.0356698	0.000766766	0.582195	0.420079	0.158704	0.00341155	0.00132045	0.00587506	
732	0.085257	0.0773524	0.0079046	0	0.379331	0.344162	0.0351697	0	0	0	
733	0.103415	0.0919482	0.0113587	0.000108636	0.460124	0.409103	0.0505383	0.000483352	0.000113458	0.00050481	
734	0.11349	0.106814	0.00667085	5.55981e-06	0.504951	0.475246	0.0296804	2.47371e-05	6.73832e-06	2.99806e-05	
735	0.06862	0.0657099	0.00291008	0	0.305309	0.292361	0.0129477	0	0	0	
736	0.0569591	0.0554786	0.00148041	0	0.253426	0.246839	0.00658677	0	0	0	
737	0.10395	0.0796242	0.0243261	0	0.462503	0.35427	0.108233	0	0	0	
738	0.119393	0.113142	0.00622518	2.60261e-05	0.531215	0.503402	0.0276975	0.000115797	3.13322e-05	0.000139405	
739	0.0648229	0.064811	1.19672e-05	0	0.288415	0.288362	5.32453e-05	0	0	0	
740	0.0366853	0.0366853	0	0	0.163223	0.163223	0	0	0	0	
741	0.0890783	0.0863681	0.00271024	0	0.396334	0.384275	0.0120586	0	0	0	
742	0.140275	0.122918	0.0173503	6.4824e-06	0.624124	0.546899	0.0771963	2.88419e-05	6.46129e-06	2.8748e-05	
743	0.0880688	0.084155	0.00388353	3.02313e-05	0.391842	0.374429	0.0172789	0.000134507	3.0211e-05	0.000134417	
744	0.0572425	0.0553357	0.00190678	0	0.254687	0.246204	0.00848378	0	0	0	
745	0.122109	0.101701	0.0203258	8.18723e-05	0.543297	0.452498	0.0904352	0.000364272	8.224e-05	0.000365908	
746	0.0803867	0.0751164	0.00525879	1.15205e-05	0.357662	0.334213	0.0233978	5.1258e-05	1.68678e-05	7.50495e-05	
747	0.0860978	0.0842135	0.00188427	0	0.383072	0.374689	0.00838363	0	0	0	
748	0.0984721	0.0821947	0.016181	9.62744e-05	0.438129	0.365707	0.0719941	0.000428351	9.62544e-05	0.000428262	
749	0.118434	0.112321	0.00610747	5.2925e-06	0.526948	0.49975	0.0271738	2.35478e-05	5.27214e-06	2.34572e-05	
750	0.0911703	0.0820948	0.00907547	0	0.405641	0.365262	0.0403793	0	0	0	
751	0.292574	0.151865	0.125833	0.0148755	1.30174	0.675689	0.559867	0.0661852	0.0172426	0.0767171	
752	0.0906397	0.0763369	0.0142756	2.7162e-05	0.403281	0.339644	0.0635163	0.000120851	2.71414e-05	0.000120759	
753	0.101538	0.0924625	0.00907547	0	0.45177	0.411391	0.0403793	0	0	0	
754	0.224511	0.176382	0.0481292	0	0.998912	0.784772	0.21414	0	0	0	
755	0.109747	0.0919894	0.0177583	6.95161e-08	0.488298	0.409286	0.0790119	3.09296e-07	5.60007e-07	2.49162e-06	
756	0.213118	0.113971	0.0991408	5.87061e-06	0.948221	0.50709	0.441105	2.61199e-05	7.69489e-05	0.000342366	
757	0.120785	0.0774873	0.0404538	0.00284482	0.53741	0.344762	0.17999	0.0126574	0.00337304	0.0150075	
758	0.240246	0.127731	0.11226	0.000253539	1.06892	0.568314	0.499478	0.00112806	0.000330671	0.00147124	
759	0.112187	0.0712744	0.0404204	0.000493171	0.499155	0.317119	0.179841	0.00219425	0.00192044	0.00854457	
760	0.111761	0.086642	0.0251191	0	0.497256	0.385494	0.111762	0	0	0	
761	0.122702	0.109785	0.0127604	0.000155916	0.545935	0.488467	0.0567746	0.000693714	0.000170282	0.000757633	
762	0.0506124	0.0506124	0	0	0.225188	0.225188	0	0	0	0	
763	0.0553988	0.0538936	0.00150521	0	0.246484	0.239787	0.00669713	0	0	0	
764	0.0782738	0.0766103	0.00166351	0	0.348261	0.34086	0.00740143	0	0	0	
765	0.0837005	0.0837005	0	0	0.372406	0.372406	0	0	0	0	
766	0.047913	0.0444404	0.00342991	4.27307e-05	0.213178	0.197727	0.0152606	0.00019012	4.27105e-05	0.00019003	
767	0.0484943	0.0430877	0.00538805	1.85691e-05	0.215764	0.191709	0.0239729	8.2619e-05	3.36252e-05	0.000149607	
768	0.0453651	0.0452437	0.000121385	0	0.201842	0.201302	0.000540075	0	0	0	
769	0.073999	0.0523942	0.0211725	0.000432306	0.329242	0.233116	0.0942024	0.00192345	0.000496987	0.00221123	
770	0.0757586	0.0564809	0.0192776	0	0.337071	0.251299	0.0857717	0	0	0	
771	0.102782	0.0781322	0.0246501	2.55809e-07	0.457308	0.347632	0.109675	1.13816e-06	4.21313e-07	1.87454e-06	
772	0.103155	0.103104	5.08182e-05	0	0.458967	0.458741	0.000226104	0	0	0	
773	0.109352	0.0903886	0.0189638	0	0.486539	0.402163	0.0843755	0	0	0	
774	0.0778649	0.0775108	0.000354027	0	0.346442	0.344867	0.00157516	0	0	0	
775	0.0755338	0.0755338	0	0	0.33607	0.33607	0	0	0	0	
776	0.0647986	0.0647986	0	0	0.288306	0.288306	0	0	0	0	
777	0.0742088	0.0742088	0	0	0.330175	0.330175	0	0	0	0	
778	0.0921365	0.0921365	0	0	0.40994	0.40994	0	0	0	0	
779	0.150893	0.110576	0.0403174	0	0.671367	0.491984	0.179383	0	0	0	
780	0.0496206	0.0434181	0.00619829	4.16277e-06	0.220775	0.193179	0.0275779	1.85213e-05	4.62636e-06	2.05839e-05	
781	0.0536022	0.0424204	0.0111817	0	0.238491	0.18874	0.0497508	0	0	0	
782	0.105989	0.095025	0.010964	0	0.471574	0.422792	0.0487822	0	0	0	
783	0.241767	0.134702	0.0973779	0.00968731	1.07569	0.599329	0.433261	0.0431015	0.0122368	0.0544451	
784	0.0716549	0.0716549	0	0	0.318812	0.318812	0	0	0	0	
785	0.116114	0.0752531	0.0408616	0	0.516626	0.334821	0.181804	0	0	0	
786	0.136839	0.0947991	0.041298	0.000742083	0.608835	0.421787	0.183746	0.00330173	0.0014324	0.00637318	
787	0.181167	0.0839625	0.0961395	0.00106567	0.806065	0.373572	0.427751	0.00474148	0.00371144	0.0165132	
788	0.14152	0.0915404	0.0499203	5.95205e-05	0.629662	0.407288	0.222109	0.000264823	7.98152e-05	0.00035512	
789	0.10304	0.102685	0.000354027	0	0.458453	0.456878	0.00157516	0	0	0	
790	0.12485	0.0844744	0.0403765	0	0.555496	0.37585	0.179646	0	0	0	
791	0.128776	0.0872465	0.0409583	0.000572093	0.572963	0.388183	0.182234	0.0025454	0.00141641	0.00630201	
792	0.0934917	0.0825276	0.010964	0	0.41597	0.367188	0.0487822	0	0	0	
793	0.240604	0.147519	0.0884508	0.00463459	1.07051	0.656354	0.393542	0.0206205	0.00511755	0.0227694	
794	0.103187	0.0897212	0.0134662	0	0.459109	0.399194	0.0599151	0	0	0	
795	0.128667	0.105747	0.0229115	8.76288e-06	0.572479	0.4705	0.101939	3.89884e-05	9.48584e-06	4.22051e-05	
796	0.0948931	0.0939583	0.000934819	0	0.422205	0.418046	0.00415926	0	0	0	
797	0.0554403	0.0533559	0.00208435	0	0.246669	0.237395	0.00927388	0	0	0	
798	0.174543	0.103991	0.0698484	0.00070365	0.776592	0.462686	0.310775	0.00313073	0.00123934	0.00551417	
799	0.164864	0.129548	0.0352951	2.06902e-05	0.733527	0.576397	0.157037	9.20566e-05	3.26073e-05	0.000145079	
800	0.194605	0.159058	0.035452	9.46482e-05	0.865852	0.707695	0.157735	0.000421116	0.000106577	0.000474191	
801	0.151505	0.0854352	0.0660316	3.81344e-05	0.674087	0.380124	0.293793	0.00016967	0.000217222	0.000966484	
802	0.11532	0.0865126	0.0288025	5.31407e-06	0.513092	0.384918	0.12815	2.36437e-05	1.21352e-05	5.39929e-05	
803	0.0834587	0.0834587	0	0	0.37133	0.37133	0	0	0	0	
804	0.182646	0.151316	0.0313189	1.05673e-05	0.812644	0.67325	0.139346	4.70172e-05	1.05483e-05	4.69325e-05	
805	0.18216	0.14418	0.0377861	0.00019388	0.810483	0.6415	0.168121	0.000862628	0.000277771	0.00123587	
806	0.153146	0.107142	0.0457473	0.000256788	0.68139	0.476705	0.203542	0.00114252	0.000312715	0.00139135	
807	0.135024	0.11957	0.0154101	4.37139e-05	0.600759	0.532001	0.0685638	0.000194495	6.20239e-05	0.000275961	
808	0.167893	0.152912	0.0149301	5.11089e-05	0.747003	0.680348	0.0664281	0.000227397	9.53795e-05	0.000424369	
809	0.175265	0.11242	0.0627831	6.16784e-05	0.779802	0.500189	0.279339	0.000274424	0.000168205	0.000748391	
810	0.0780952	0.0780952	0	0	0.347467	0.347467	0	0	0	0	
811	0.137145	0.0972997	0.0398404	5.70052e-06	0.6102	0.432913	0.177261	2.53632e-05	1.23082e-05	5.47626e-05	
812	0.157698	0.11237	0.0448085	0.000520195	0.701645	0.499965	0.199365	0.00231449	0.00109988	0.00489366	
813	0.0640747	0.0640747	0	0	0.285086	0.285086	0	0	0	0	
814	0.0859739	0.0816266	0.00434733	0	0.382521	0.363179	0.0193424	0	0	0	
815	0.144448	0.132854	0.0114356	0.00015838	0.642691	0.591106	0.0508805	0.00070468	0.00015836	0.000704588	
816	0.228622	0.156059	0.0720148	0.000548963	1.0172	0.69435	0.320413	0.00244249	0.000855248	0.00380523	
817	0.148211	0.0973359	0.05072	0.000155355	0.659433	0.433074	0.225667	0.00069122	0.00112648	0.00501203	
818	0.18069	0.12445	0.0560436	0.000196276	0.803941	0.553714	0.249353	0.000873287	0.00115578	0.00514238	
819	0.0670589	0.0670589	0	0	0.298363	0.298363	0	0	0	0	
820	0.0940974	0.0908897	0.00320763	0	0.418665	0.404393	0.0142716	0	0	0	
821	0.0276064	0.0276027	3.73428e-06	0	0.122828	0.122812	1.66148e-05	0	0	0	
822	0.0914124	0.0843874	0.00701017	1.48227e-05	0.406719	0.375463	0.0311902	6.59504e-05	1.52376e-05	6.77964e-05	
823	0.0635024	0.0590901	0.00433332	7.90248e-05	0.28254	0.262908	0.0192801	0.000351603	7.90046e-05	0.000351513	
824	0.11976	0.119731	2.85225e-05	0	0.532845	0.532718	0.000126904	0	0	0	
825	0.0790657	0.0786298	0.000435919	0	0.351785	0.349845	0.00193952	0	0	0	
826	0.119273	0.106215	0.0130578	0	0.530682	0.472584	0.058098	0	0	0	
827	0.0846481	0.0841838	0.000464311	8.5799e-08	0.376623	0.374556	0.00206584	3.81743e-07	6.54817e-08	2.91346e-07	
828	0.148602	0.103726	0.0447831	9.32308e-05	0.661175	0.461508	0.199252	0.000414809	0.000134457	0.000598238	
829	0.133601	0.101624	0.0319764	5.3896e-07	0.594431	0.452156	0.142271	2.39798e-06	3.16302e-06	1.40731e-05	
830	0.156897	0.134008	0.0228889	0	0.698078	0.596238	0.101839	0	0	0	
831	0.100708	0.100708	0	0	0.448081	0.448081	0	0	0	0	
832	0.0851635	0.0839029	0.0012595	1.04881e-06	0.378915	0.373307	0.0056039	4.66645e-06	1.04959e-06	4.66992e-06	
833	0.0897231	0.0884655	0.00125758	0	0.399203	0.393607	0.00559534	0	0	0	
834	0.0985233	0.0979599	0.000563386	0	0.438357	0.43585	0.00250666	0	0	0	
835	0.0992131	0.0966248	0.00258832	0	0.441426	0.42991	0.0115161	0	0	0	
836	0.140043	0.116221	0.0237251	9.64442e-05	0.62309	0.517101	0.105559	0.000429106	0.000100805	0.00044851	
837	0.128296	0.120163	0.00807623	5.67485e-05	0.570827	0.534642	0.0359333	0.000252489	6.65102e-05	0.000295922	
838	0.130324	0.0973011	0.0329287	9.47694e-05	0.579849	0.432919	0.146509	0.000421655	0.000121915	0.000542436	
839	0.213579	0.152314	0.0604422	0.000822736	0.950274	0.67769	0.268924	0.00366058	0.00115874	0.00515559	
840	0.105518	0.076614	0.0289047	0	0.469482	0.340877	0.128605	0	0	0	
841	0.111047	0.0798648	0.0309192	0.000262921	0.494078	0.35534	0.137568	0.00116981	0.000290495	0.00129249	
842	0.106546	0.097825	0.00872186	0	0.474056	0.43525	0.0388059	0	0	0	
843	0.138818	0.121272	0.0174371	0.000108933	0.617643	0.539575	0.0775828	0.000484673	0.000126629	0.00056341	
844	0.136084	0.109789	0.0262748	2.0358e-05	0.605477	0.488482	0.116904	9.05783e-05	2.03383e-05	9.04907e-05	
845	0.181688	0.134306	0.0457235	0.00165792	0.808381	0.597568	0.203436	0.00737654	0.00169099	0.00752369	
846	0.101261	0.0937257	0.0075352	0	0.450538	0.417011	0.0335262	0	0	0	
847	0.11653	0.0955692	0.0209496	1.16067e-05	0.518476	0.425213	0.0932105	5.16417e-05	1.17628e-05	5.23362e-05	
848	0.106151	0.102433	0.003718	0	0.472298	0.455755	0.0165424	0	0	0	
849	0.101032	0.0965173	0.00451222	2.7475e-06	0.44952	0.429432	0.0200761	1.22244e-05	3.15202e-06	1.40242e-05	
850	0.0799024	0.0798633	3.90268e-05	0	0.355507	0.355334	0.000173641	0	0	0	
851	0.0643466	0.0643466	0	0	0.286295	0.286295	0	0	0	0	
852	0.0934776	0.0845274	0.00893814	1.20423e-05	0.415907	0.376086	0.0397682	5.35795e-05	2.1434e-05	9.53657e-05	
853	0.106531	0.103113	0.00341802	0	0.473986	0.458778	0.0152077	0	0	0	
854	0.100194	0.0942041	0.00598993	3.53501e-07	0.445792	0.41914	0.0266508	1.57282e-06	2.45156e-06	1.09076e-05	
855	0.111742	0.0929057	0.0179817	0.000855309	0.497174	0.413363	0.0800058	0.0038055	0.000855289	0.00380541	
856	0.113851	0.103277	0.0105749	0	0.506558	0.459507	0.0470509	0	0	0	
857	0.0631464	0.0631464	0	0	0.280955	0.280955	0	0	0	0	
858	0.102654	0.0850648	0.0175891	0	0.456735	0.378476	0.078259	0	0	0	
859	0.126925	0.111488	0.0154364	0	0.564724	0.496043	0.0686811	0	0	0	
860	0.0943483	0.0837734	0.0105749	0	0.419781	0.37273	0.0470509	0	0	0	
861	0.0862039	0.0859212	0.000282676	0	0.383544	0.382287	0.0012577	0	0	0	
862	0.114693	0.0784974	0.0361198	7.57833e-05	0.5103	0.349256	0.160707	0.000337181	0.000101639	0.000452223	
863	0.119083	0.114524	0.00455917	0	0.529835	0.50955	0.020285	0	0	0	
864	0.105753	0.0947352	0.0110186	0	0.470528	0.421503	0.0490251	0	0	0	
865	0.116407	0.116069	0.000337627	0	0.517928	0.516426	0.00150219	0	0	0	
866	0.0759456	0.0754313	0.000514361	0	0.337903	0.335614	0.00228853	0	0	0	
867	0.0859537	0.0859537	0	0	0.382432	0.382432	0	0	0	0	
868	0.104665	0.0992328	0.00541962	1.32441e-05	0.465686	0.441514	0.0241134	5.89269e-05	1.37265e-05	6.10732e-05	
869	0.0949439	0.0939346	0.00100778	1.52185e-06	0.422431	0.417941	0.00448392	6.77115e-06	1.83521e-06	8.16536e-06	
870	0.130807	0.125327	0.00547989	8.03683e-07	0.582	0.557615	0.0243815	3.5758e-06	7.83213e-07	3.48473e-06	
871	0.107161	0.0981887	0.00895196	2.04512e-05	0.476789	0.436868	0.0398297	9.0993e-05	2.04307e-05	9.0902e-05	
872	0.0416304	0.0416103	2.01334e-05	0	0.185225	0.185135	8.9579e-05	0	0	0	
873	0.0994015	0.0992933	0.000108147	0	0.442264	0.441783	0.000481178	0	0	0	
874	0.104768	0.0903194	0.0144491	0	0.466144	0.401856	0.064288	0	0	0	
875	0.0810827	0.0809997	8.29573e-05	0	0.360759	0.36039	0.0003691	0	0	0	
876	0.0441888	0.0441888	0	0	0.196608	0.196608	0	0	0	0	
877	0.0992261	0.0871079	0.0120995	1.86373e-05	0.441484	0.387567	0.0538343	8.29228e-05	1.86173e-05	8.28339e-05	
878	0.0994613	0.0987715	0.000689805	0	0.442531	0.439461	0.00306913	0	0	0	
879	0.0867215	0.0867215	0	0	0.385847	0.385847	0	0	0	0	
880	0.0922133	0.0871717	0.00504159	0	0.410282	0.387851	0.0224314	0	0	0	
881	0.0799782	0.07887	0.00110542	2.80739e-06	0.355845	0.350914	0.00491834	1.24908e-05	2.78709e-06	1.24005e-05	
882	0.0921914	0.0889365	0.00325217	2.69735e-06	0.410185	0.395703	0.0144698	1.20012e-05	2.76826e-06	1.23167e-05	
883	0.0589254	0.0589254	0	0	0.262175	0.262175	0	0	0	0	
884	0.0783651	0.0783651	0	0	0.348668	0.348668	0	0	0	0	
885	0.089021	0.089021	0	0	0.396079	0.396079	0	0	0	0	
886	0.101613	0.101158	0.000455464	0	0.452106	0.450079	0.00202648	0	0	0	
887	0.0657463	0.0657463	0	0	0.292523	0.292523	0	0	0	0	
888	0.0962918	0.0962918	0	0	0.428429	0.428429	0	0	0	0	
889	0.0643178	0.0642675	5.02621e-05	0	0.286167	0.285944	0.00022363	0	0	0	
890	0.0936206	0.0911389	0.0024763	5.39392e-06	0.416544	0.405502	0.0110177	2.3999e-05	5.37368e-06	2.39089e-05	
891	0.0414418	0.0410478	0.000394052	0	0.184386	0.182633	0.00175324	0	0	0	
892	0.0582298	0.0582298	0	0	0.25908	0.25908	0	0	0	0	
893	0.0864235	0.0864235	0	0	0.384522	0.384522	0	0	0	0	
894	0.0839639	0.0833224	0.00064149	0	0.373578	0.370724	0.00285416	0	0	0	
895	0.0797229	0.0796085	0.000114354	0	0.354709	0.3542	0.000508792	0	0	0	
896	0.0790494	0.0784079	0.00064149	0	0.351712	0.348858	0.00285416	0	0	0	
897	0.0737755	0.0713298	0.00244563	1.47477e-07	0.328247	0.317366	0.0108812	6.56166e-07	1.27311e-07	5.66444e-07	
898	0.0727611	0.0727611	0	0	0.323734	0.323734	0	0	0	0	
899	0.0979183	0.0952026	0.00271565	0	0.435665	0.423582	0.0120826	0	0	0	
900	0.0814561	0.0814561	0	0	0.36242	0.36242	0	0	0	0	
901	0.19605	0.11184	0.0832967	0.000913446	0.872282	0.497607	0.37061	0.00406417	0.00107862	0.00479912	
902	0.07572	0.074858	0.000861932	0	0.336899	0.333064	0.00383497	0	0	0	
903	0.217423	0.115695	0.101658	6.95173e-05	0.967375	0.514759	0.452307	0.000309301	0.000438624	0.00195155	
904	0.0675498	0.0675498	0	0	0.300547	0.300547	0	0	0	0	
905	0.165466	0.0925576	0.0729093	0	0.736208	0.411814	0.324393	0	0	0	
906	0.199098	0.130238	0.0683333	0.000526075	0.885843	0.579468	0.304033	0.00234065	0.00137336	0.00611048	
907	0.0801132	0.0801132	0	0	0.356445	0.356445	0	0	0	0	
908	0.108527	0.0990444	0.00948148	1.80737e-06	0.482869	0.440675	0.0421857	8.04151e-06	3.62003e-06	1.61065e-05	
909	0.107173	0.105291	0.00188242	0	0.476846	0.46847	0.00837541	0	0	0	
910	0.11428	0.0900055	0.0242681	6.55646e-06	0.508463	0.400459	0.107975	2.91715e-05	6.59923e-06	2.93618e-05	
911	0.122998	0.106435	0.016263	0.000299649	0.547254	0.473562	0.0723586	0.00133322	0.000299628	0.00133313	
912	0.108154	0.0957389	0.0124143	8.27131e-07	0.481207	0.425968	0.0552349	3.68013e-06	1.05577e-06	4.69744e-06	
913	0.113468	0.0985639	0.0148367	6.83399e-05	0.504854	0.438537	0.0660128	0.000304063	0.00012956	0.000576449	
914	0.0765964	0.0765964	0	0	0.340798	0.340798	0	0	0	0	
915	0.123496	0.0916019	0.0318619	3.24842e-05	0.549469	0.407562	0.141762	0.000144531	3.45568e-05	0.000153752	
916	0.106719	0.106719	0	0	0.474825	0.474825	0	0	0	0	
917	0.117681	0.0924672	0.0251979	1.6675e-05	0.523599	0.411412	0.112112	7.41919e-05	5.07077e-05	0.000225612	
918	0.12469	0.0888476	0.0355265	0.000316125	0.554781	0.395307	0.158067	0.00140652	0.000725717	0.00322891	
919	0.0943871	0.086144	0.00822492	1.81897e-05	0.419954	0.383278	0.0365949	8.09313e-05	1.81694e-05	8.0841e-05	
920	0.112462	0.0857102	0.026595	0.000157673	0.500378	0.381348	0.118328	0.000701532	0.000207185	0.000921825	
921	0.0382715	0.0382715	0	0	0.17028	0.17028	0	0	0	0	
922	0.0191808	0.019125	5.58269e-05	0	0.0853409	0.0850925	0.000248389	0	0	0	
923	0.0603798	0.0591405	0.00123723	2.12968e-06	0.268646	0.263132	0.0055048	9.47553e-06	2.10939e-06	9.38528e-06	
924	0.0642274	0.0516399	0.0125752	1.23494e-05	0.285765	0.22976	0.0559505	5.49461e-05	1.28646e-05	5.72384e-05	
925	0.051244	0.0447976	0.00644478	1.61527e-06	0.227998	0.199317	0.0286746	7.18678e-06	1.91397e-05	8.51582e-05	
926	0.0696514	0.0587786	0.0108534	1.94225e-05	0.309898	0.261522	0.0482901	8.64161e-05	1.94017e-05	8.63238e-05	
927	0.0792226	0.0772352	0.001978	9.42837e-06	0.352483	0.34364	0.00880071	4.19494e-05	9.4081e-06	4.18592e-05	
928	0.10443	0.0950761	0.00935412	0	0.464639	0.423019	0.041619	0	0	0	
929	0.0440326	0.042975	0.00105754	0	0.195913	0.191207	0.00470532	0	0	0	
930	0.0756579	0.0747275	0.000930344	0	0.336622	0.332483	0.00413935	0	0	0	
931	0.0915522	0.0825381	0.00896603	4.81514e-05	0.407341	0.367234	0.0398923	0.000214239	4.81314e-05	0.00021415	
932	0.0845162	0.0840989	0.000417332	0	0.376036	0.374179	0.00185682	0	0	0	
933	0.0476959	0.0476959	0	0	0.212212	0.212212	0	0	0	0	
934	0.0474262	0.0454437	0.00197718	5.37447e-06	0.211012	0.202191	0.00879703	2.39125e-05	5.35425e-06	2.38225e-05	
935	0.0927373	0.0776862	0.0150511	0	0.412613	0.345647	0.0669666	0	0	0	
936	0.0761927	0.0757877	0.000405065	0	0.339002	0.3372	0.00180224	0	0	0	
937	0.0618741	0.0618741	0	0	0.275295	0.275295	0	0	0	0	
938	0.0673109	0.0673109	0	0	0.299484	0.299484	0	0	0	0	
939	0.0732935	0.0728882	0.000405303	0	0.326103	0.324299	0.0018033	0	0	0	
940	0.0766698	0.0744726	0.00218745	9.73449e-06	0.341125	0.331349	0.00973257	4.33114e-05	9.71426e-06	4.32214e-05	
941	0.0687179	0.0687179	0	0	0.305744	0.305744	0	0	0	0	
942	0.0708278	0.0708278	0	0	0.315132	0.315132	0	0	0	0	
943	0.0802223	0.0802223	0	0	0.356931	0.356931	0	0	0	0	
944	0.0640148	0.0636095	0.000405303	0	0.284819	0.283016	0.0018033	0	0	0	
945	0.0633291	0.0633291	0	0	0.281769	0.281769	0	0	0	0	
946	0.0665611	0.0656263	0.000934819	0	0.296149	0.291989	0.00415926	0	0	0	
947	0.095825	0.095825	0	0	0.426351	0.426351	0	0	0	0	
948	0.0637614	0.0542659	0.00949548	0	0.283692	0.241444	0.042248	0	0	0	
949	0.0647483	0.0647483	0	0	0.288083	0.288083	0	0	0	0	
950	0.0861368	0.0861368	0	0	0.383246	0.383246	0	0	0	0	
951	0.116083	0.116083	0	0	0.516488	0.516488	0	0	0	0	
952	0.0512354	0.0495385	0.00169691	0	0.22796	0.22041	0.00755005	0	0	0	
953	0.0538577	0.0533477	0.000509962	0	0.239627	0.237358	0.00226896	0	0	0	
954	0.0875449	0.0864767	0.00106816	0	0.389511	0.384759	0.00475254	0	0	0	
955	0.0891643	0.0891643	0	0	0.396716	0.396716	0	0	0	0	
956	0.0538084	0.049744	0.00406445	0	0.239408	0.221324	0.0180838	0	0	0	
957	0.0790423	0.0790423	0	0	0.351681	0.351681	0	0	0	0	
958	0.0805514	0.0693711	0.0111803	0	0.358395	0.308651	0.0497443	0	0	0	
959	0.091013	0.091013	0	0	0.404941	0.404941	0	0	0	0	
960	0.0567074	0.0567074	0	0	0.252306	0.252306	0	0	0	0	
961	0.0779295	0.0749775	0.00295199	0	0.346729	0.333595	0.0131342	0	0	0	
962	0.0980562	0.0980213	3.49238e-05	0	0.436279	0.436123	0.000155385	0	0	0	
963	0.145839	0.145792	4.64246e-05	0	0.648879	0.648673	0.000206556	0	0	0	
964	0.105439	0.10437	0.00106816	0	0.469127	0.464375	0.00475254	0	0	0	
965	0.149722	0.0962319	0.0534906	0	0.666157	0.428162	0.237994	0	0	0	
966	0.155166	0.101666	0.0534969	2.63088e-06	0.690376	0.452342	0.238022	1.17055e-05	2.609e-06	1.16081e-05	
967	0.0446682	0.0443351	0.000333174	0	0.198741	0.197259	0.00148238	0	0	0	
968	0.0709998	0.0706666	0.000333174	0	0.315897	0.314415	0.00148238	0	0	0	
969	0.193318	0.177864	0.0154536	0	0.860127	0.79137	0.0687577	0	0	0	
970	0.192709	0.173661	0.0189542	9.38329e-05	0.857419	0.772669	0.0843328	0.000417488	0.000124489	0.000553887	
