Node	dPC	dPCintra	dPCflux	dPCconnector	varPC	varPCintra	varPCflux	varPCconnector	dBC_PC	varBC_PC	
1	0.172307	0.165408	0.00689877	1.67374e-07	0.767353	0.736629	0.0307229	7.45386e-07	1.04027e-07	4.63274e-07	
2	0.0905806	0.0832655	0.00729623	1.89591e-05	0.403391	0.370813	0.0324929	8.44324e-05	1.88958e-05	8.41508e-05	
3	0.0997298	0.0815719	0.0181297	2.82197e-05	0.444136	0.363271	0.0807389	0.000125673	6.36822e-05	0.000283601	
4	0.057264	0.057264	0	0	0.255019	0.255019	0	0	0	0	
5	0.111061	0.105963	0.00509664	2.16016e-06	0.494601	0.471894	0.0226973	9.62004e-06	2.51603e-06	1.12049e-05	
6	0.0905165	0.0892515	0.00126502	0	0.403105	0.397471	0.00563363	0	0	0	
7	0.0870249	0.085962	0.00106287	0	0.387556	0.382822	0.0047334	0	0	0	
8	0.123275	0.102729	0.0205458	0	0.548993	0.457494	0.0914987	0	0	0	
9	0.0870665	0.0863901	0.000675896	5.71935e-07	0.387741	0.384729	0.00301003	2.54705e-06	5.08517e-07	2.26462e-06	
10	0.0598414	0.0591837	0.000657782	0	0.266497	0.263568	0.00292936	0	0	0	
11	0.0852665	0.0789961	0.00627042	0	0.379725	0.3518	0.0279246	0	0	0	
12	0.0949357	0.0943401	0.00059463	9.81363e-07	0.422785	0.420133	0.00264812	4.37039e-06	9.17953e-07	4.088e-06	
13	0.102927	0.102927	0	0	0.458377	0.458377	0	0	0	0	
14	0.0833599	0.0833599	0	0	0.371234	0.371234	0	0	0	0	
15	0.0949259	0.0926727	0.00225129	1.94602e-06	0.422742	0.412708	0.0100259	8.66641e-06	1.88253e-06	8.38366e-06	
16	0.073247	0.073247	0	0	0.326197	0.326197	0	0	0	0	
17	0.0864425	0.084451	0.00199149	0	0.384962	0.376093	0.0088689	0	0	0	
18	0.0730205	0.0721181	0.000899549	2.84281e-06	0.325188	0.32117	0.00400604	1.26601e-05	2.77939e-06	1.23777e-05	
19	0.0874411	0.0842642	0.00317527	1.70301e-06	0.389409	0.375261	0.0141407	7.58421e-06	1.63965e-06	7.302e-06	
20	0.0590947	0.0590947	0	0	0.263171	0.263171	0	0	0	0	
21	0.08374	0.0817135	0.00202522	1.33282e-06	0.372927	0.363902	0.0090191	5.9356e-06	1.50024e-06	6.68115e-06	
22	0.0890134	0.0875314	0.00148195	0	0.396411	0.389811	0.00659971	0	0	0	
23	0.0978069	0.0949214	0.00287751	8.07485e-06	0.435572	0.422722	0.0128147	3.59604e-05	8.12184e-06	3.61697e-05	
24	0.0660055	0.065063	0.000942574	0	0.293948	0.289751	0.00419765	0	0	0	
25	0.122349	0.115483	0.0068573	8.8273e-06	0.544869	0.514291	0.0305382	3.93114e-05	8.79982e-06	3.9189e-05	
26	0.0859809	0.0842472	0.00173081	2.96609e-06	0.382906	0.375185	0.00770801	1.32091e-05	3.22339e-06	1.4355e-05	
27	0.0789067	0.0762029	0.00269375	1.01663e-05	0.351402	0.339361	0.0119963	4.52747e-05	1.0565e-05	4.70503e-05	
28	0.0620884	0.0620884	0	0	0.276504	0.276504	0	0	0	0	
29	0.104021	0.101232	0.00278891	0	0.46325	0.450829	0.0124201	0	0	0	
30	0.169091	0.148783	0.0202736	3.41391e-05	0.75303	0.662592	0.0902864	0.000152034	3.41087e-05	0.000151899	
31	0.140525	0.13836	0.00216464	0	0.625813	0.616173	0.00964002	0	0	0	
32	0.145369	0.138823	0.0065452	4.68123e-07	0.647386	0.618236	0.0291483	2.08473e-06	4.43049e-07	1.97307e-06	
33	0.0787336	0.0766178	0.00211577	0	0.350631	0.341209	0.00942237	0	0	0	
34	0.102741	0.0971174	0.00561438	9.92933e-06	0.457549	0.432502	0.025003	4.42191e-05	1.06872e-05	4.75946e-05	
35	0.065733	0.0609416	0.00478023	1.12318e-05	0.292734	0.271396	0.0212882	5.00196e-05	1.12972e-05	5.03111e-05	
36	0.08113	0.08113	0	0	0.361303	0.361303	0	0	0	0	
37	0.179318	0.0949498	0.0813593	0.00300953	0.798576	0.422848	0.362325	0.0134026	0.00748303	0.0333248	
38	0.0804927	0.0783881	0.00210445	1.36579e-07	0.358465	0.349093	0.00937196	6.08239e-07	1.36869e-07	6.09534e-07	
39	0.0903213	0.0838716	0.00641683	3.29468e-05	0.402236	0.373513	0.0285766	0.000146725	3.78959e-05	0.000168765	
40	0.102111	0.100917	0.00119287	1.42312e-06	0.454742	0.449424	0.00531232	6.33772e-06	1.36605e-06	6.08356e-06	
41	0.0987586	0.0958939	0.00285396	1.07995e-05	0.43981	0.427053	0.0127098	4.80946e-05	1.07362e-05	4.78126e-05	
42	0.0750556	0.0739107	0.00114491	0	0.334252	0.329153	0.00509873	0	0	0	
43	0.0582694	0.0553118	0.00293952	1.81898e-05	0.259496	0.246325	0.0130908	8.10065e-05	1.81265e-05	8.07246e-05	
44	0.0648669	0.0645783	0.000288588	0	0.288877	0.287592	0.00128519	0	0	0	
45	0.0538327	0.052121	0.00170644	5.24898e-06	0.239738	0.232115	0.00759948	2.33757e-05	7.77841e-06	3.46403e-05	
46	0.0937801	0.0850944	0.00868565	0	0.417639	0.378958	0.0386806	0	0	0	
47	0.135423	0.134798	0.0006245	0	0.603093	0.600312	0.00278114	0	0	0	
48	0.0994522	0.0849985	0.0144444	9.3095e-06	0.442899	0.378531	0.0643269	4.14588e-05	1.50402e-05	6.69801e-05	
49	0.166663	0.158311	0.00835189	0	0.742219	0.705025	0.0371942	0	0	0	
50	0.0986938	0.0952357	0.00345356	4.56274e-06	0.439522	0.424122	0.01538	2.03196e-05	5.39362e-06	2.40199e-05	
51	0.0846413	0.0846413	0	0	0.376941	0.376941	0	0	0	0	
52	0.0775645	0.0762121	0.00135235	0	0.345425	0.339402	0.00602254	0	0	0	
53	0.0960165	0.0949371	0.00107795	1.43913e-06	0.427599	0.422792	0.00480055	6.40903e-06	1.42796e-06	6.35929e-06	
54	0.0923361	0.0907295	0.00160091	5.7744e-06	0.411208	0.404053	0.00712949	2.57156e-05	5.71412e-06	2.54472e-05	
55	0.0993391	0.0927385	0.00657384	2.68766e-05	0.442396	0.413	0.0292758	0.000119692	3.06224e-05	0.000136373	
56	0.119003	0.112022	0.00698131	0	0.529969	0.498879	0.0310905	0	0	0	
57	0.101465	0.100757	0.000707925	0	0.451865	0.448712	0.00315266	0	0	0	
58	0.119854	0.0913336	0.0284342	8.65225e-05	0.533758	0.406744	0.126629	0.000385318	9.07312e-05	0.000404061	
59	0.182277	0.112069	0.0701978	1.04311e-05	0.811752	0.499087	0.312618	4.64541e-05	1.07541e-05	4.78923e-05	
60	0.0754815	0.0736171	0.00186425	1.66409e-07	0.336148	0.327845	0.00830224	7.41084e-07	2.22271e-07	9.89863e-07	
61	0.0881757	0.0871569	0.00101881	0	0.392681	0.388143	0.00453718	0	0	0	
62	0.1012	0.0934401	0.00774912	1.12857e-05	0.450685	0.416125	0.0345098	5.02599e-05	1.3166e-05	5.86333e-05	
63	0.123816	0.0939249	0.0297526	0.000139336	0.551404	0.418284	0.132499	0.000620519	0.000177611	0.000790975	
64	0.0980355	0.0968308	0.00120466	0	0.43659	0.431225	0.00536485	0	0	0	
65	0.107378	0.102582	0.00479619	0	0.478197	0.456837	0.0213593	0	0	0	
66	0.110694	0.100934	0.00976016	0	0.492967	0.449501	0.0434658	0	0	0	
67	0.164461	0.137345	0.0270876	2.83334e-05	0.732412	0.611654	0.120631	0.00012618	4.33502e-05	0.000193055	
68	0.0950326	0.0798686	0.0150665	9.74939e-05	0.423217	0.355686	0.067097	0.000434178	0.000103041	0.000458885	
69	0.116306	0.113756	0.00254022	9.87479e-06	0.517959	0.506603	0.0113126	4.39763e-05	9.82064e-06	4.37351e-05	
70	0.0765556	0.0763498	0.000205744	0	0.340932	0.340015	0.000916258	0	0	0	
71	0.0579416	0.0441856	0.0137559	0	0.258036	0.196775	0.0612607	0	0	0	
72	0.167248	0.129468	0.0377092	7.00634e-05	0.744821	0.576575	0.167934	0.000312019	0.000116657	0.000519521	
73	0.076969	0.0596558	0.0172512	6.20135e-05	0.342773	0.265671	0.0768265	0.00027617	0.000135582	0.0006038	
74	0.117755	0.10598	0.0117649	9.97608e-06	0.524411	0.471973	0.0523941	4.44273e-05	1.31277e-05	5.8463e-05	
75	0.183652	0.142796	0.0405121	0.000344395	0.817877	0.635927	0.180416	0.00153372	0.000413723	0.00184247	
76	0.144606	0.140251	0.00433854	1.64865e-05	0.643987	0.624593	0.0193212	7.34209e-05	1.64645e-05	7.33228e-05	
77	0.0889327	0.0889327	0	0	0.396052	0.396052	0	0	0	0	
78	0.138458	0.097966	0.0403916	0.000100439	0.616607	0.436281	0.179879	0.000447294	0.000227545	0.00101334	
79	0.153197	0.135979	0.0171296	8.89369e-05	0.682249	0.605568	0.076285	0.00039607	0.000125448	0.000558668	
80	0.136555	0.124185	0.0123576	1.32836e-05	0.608136	0.553044	0.0550335	5.91571e-05	1.77886e-05	7.92197e-05	
81	0.108624	0.105388	0.00323569	0	0.483747	0.469337	0.0144098	0	0	0	
82	0.228477	0.15985	0.0679119	0.000715307	1.01749	0.711875	0.302438	0.00318554	0.000827887	0.0036869	
83	0.157216	0.124177	0.0329652	7.32219e-05	0.700145	0.553012	0.146807	0.000326085	8.18761e-05	0.000364626	
84	0.110108	0.095404	0.0147048	0	0.490357	0.424871	0.0654863	0	0	0	
85	0.137361	0.100285	0.0370766	0	0.611726	0.446609	0.165116	0	0	0	
86	0.166922	0.145021	0.0216151	0.00028546	0.743371	0.645839	0.0962606	0.00127126	0.000287618	0.00128087	
87	0.0797659	0.0769755	0.00279039	0	0.355228	0.342802	0.0124267	0	0	0	
88	0.082808	0.0809659	0.00183469	7.46053e-06	0.368776	0.360573	0.0081706	3.32246e-05	8.12379e-06	3.61784e-05	
89	0.0778588	0.0763292	0.00152832	1.35159e-06	0.346735	0.339923	0.00680624	6.01917e-06	2.38074e-06	1.06023e-05	
90	0.104236	0.0979983	0.00623727	1.19798e-06	0.464207	0.436425	0.027777	5.33511e-06	1.13459e-06	5.05278e-06	
91	0.103414	0.101542	0.0018688	3.05446e-06	0.460542	0.452207	0.00832252	1.36027e-05	3.87233e-06	1.7245e-05	
92	0.0852222	0.0831829	0.00203928	0	0.379528	0.370446	0.00908171	0	0	0	
93	0.0922416	0.0895416	0.00269868	1.35314e-06	0.410788	0.398764	0.0120182	6.02609e-06	2.31347e-06	1.03027e-05	
94	0.0880714	0.0850766	0.00299477	0	0.392216	0.378879	0.0133368	0	0	0	
95	0.149471	0.13044	0.0190089	2.24684e-05	0.665656	0.580902	0.0846544	0.00010006	4.81647e-05	0.000214496	
96	0.19903	0.158313	0.0404607	0.000256636	0.88636	0.70503	0.180187	0.0011429	0.000263736	0.00117452	
97	0.110481	0.0939658	0.0164791	3.69448e-05	0.492019	0.418466	0.0733882	0.000164529	4.32588e-05	0.000192648	
98	0.103906	0.0889133	0.0149935	0	0.462738	0.395965	0.0667723	0	0	0	
99	0.104184	0.0996872	0.00449607	1.53854e-06	0.463975	0.443946	0.0200227	6.85174e-06	2.09772e-06	9.342e-06	
100	0.0938268	0.0916498	0.0021735	3.54798e-06	0.417847	0.408152	0.00967946	1.58005e-05	5.46486e-06	2.43371e-05	
101	0.144549	0.143786	0.000762903	0	0.643736	0.640339	0.0033975	0	0	0	
102	0.152795	0.10688	0.0458939	2.0593e-05	0.680457	0.475982	0.204383	9.1709e-05	2.49891e-05	0.000111286	
103	0.0781363	0.0730609	0.00506292	1.2608e-05	0.347971	0.325368	0.0225471	5.61485e-05	1.40637e-05	6.26313e-05	
104	0.111379	0.083007	0.0283689	3.74314e-06	0.496017	0.369662	0.126337	1.66696e-05	5.91164e-06	2.63268e-05	
105	0.0955708	0.085914	0.009564	9.28162e-05	0.425614	0.382608	0.0425922	0.000413346	0.000119432	0.000531877	
106	0.140449	0.111137	0.0292997	1.22612e-05	0.625475	0.494938	0.130483	5.46039e-05	1.42131e-05	6.32966e-05	
107	0.209567	0.146171	0.0630527	0.000343101	0.933286	0.65096	0.280798	0.00152796	0.000350111	0.00155918	
108	0.106082	0.0965698	0.00950789	5.27108e-06	0.472428	0.430063	0.0423423	2.34742e-05	9.01971e-06	4.01683e-05	
109	0.133767	0.107716	0.0258575	0.000193724	0.595719	0.479703	0.115153	0.00086273	0.000382121	0.00170173	
110	0.115321	0.108236	0.00708565	0	0.513573	0.482018	0.0315552	0	0	0	
111	0.101229	0.0958903	0.0053351	3.74646e-06	0.450813	0.427037	0.0237593	1.66844e-05	4.32194e-06	1.92473e-05	
112	0.101878	0.0944699	0.00740845	1.9794e-07	0.453704	0.420711	0.0329927	8.81507e-07	1.34628e-06	5.99553e-06	
113	0.098938	0.0914486	0.00748379	5.61409e-06	0.440609	0.407256	0.0333282	2.50017e-05	7.89685e-06	3.51677e-05	
114	0.162725	0.123713	0.0383678	0.000643972	0.724679	0.550944	0.170867	0.00286785	0.000701004	0.00312184	
115	0.117126	0.106435	0.0106755	1.58258e-05	0.521611	0.473999	0.0475423	7.04787e-05	1.73745e-05	7.73754e-05	
116	0.117986	0.113955	0.00403104	2.64502e-07	0.525441	0.507489	0.0179518	1.17793e-06	2.01181e-07	8.9594e-07	
117	0.109512	0.0965121	0.013	0	0.4877	0.429806	0.057894	0	0	0	
118	0.102332	0.101247	0.0010842	4.91453e-07	0.455725	0.450895	0.0048284	2.18863e-06	4.28053e-07	1.90628e-06	
119	0.119695	0.113154	0.00654082	0	0.533051	0.503922	0.0291288	0	0	0	
120	0.11166	0.0957868	0.015868	5.60079e-06	0.497267	0.426576	0.0706664	2.49425e-05	7.91186e-06	3.52346e-05	
121	0.0917215	0.0840177	0.00770379	0	0.408471	0.374163	0.034308	0	0	0	
122	0.172292	0.157078	0.0151752	3.90284e-05	0.767284	0.69953	0.0675811	0.000173808	4.83485e-05	0.000215315	
123	0.109916	0.106569	0.00334641	7.9281e-08	0.489498	0.474595	0.0149028	3.53069e-07	1.6973e-08	7.55878e-08	
124	0.148273	0.0959779	0.0521073	0.000188442	0.66032	0.427427	0.232054	0.000839208	0.00199444	0.00888202	
125	0.106988	0.102992	0.00399557	0	0.47646	0.458667	0.0177938	0	0	0	
126	0.127503	0.10394	0.0234633	9.97391e-05	0.567821	0.462886	0.104491	0.000444177	0.00044897	0.00199944	
127	0.198994	0.190854	0.00812196	1.79752e-05	0.886199	0.849949	0.0361702	8.00506e-05	1.79631e-05	7.99968e-05	
128	0.126569	0.120178	0.00639057	5.5215e-07	0.563662	0.5352	0.0284597	2.45894e-06	4.88671e-07	2.17624e-06	
129	0.121506	0.117585	0.00392045	3.67098e-07	0.541117	0.523656	0.0174593	1.63483e-06	3.27085e-07	1.45664e-06	
130	0.099978	0.0958624	0.00411394	1.67001e-06	0.445241	0.426912	0.0183209	7.43723e-06	2.60936e-06	1.16205e-05	
131	0.129625	0.124139	0.00548228	4.16462e-06	0.577273	0.55284	0.0244147	1.85467e-05	4.48281e-06	1.99637e-05	
132	0.101595	0.0848226	0.0167726	0	0.452443	0.377748	0.0746951	0	0	0	
133	0.129475	0.110374	0.018754	0.000346951	0.576603	0.491539	0.0835191	0.00154511	0.000403095	0.00179514	
134	0.0960972	0.0952612	0.000835982	1.12302e-07	0.427958	0.424235	0.00372295	5.00129e-07	4.8937e-08	2.17935e-07	
135	0.0720144	0.0702768	0.00173763	0	0.320708	0.31297	0.00773835	0	0	0	
136	0.109894	0.103102	0.00678021	1.183e-05	0.489403	0.459156	0.0301949	5.26837e-05	1.3255e-05	5.903e-05	
137	0.109798	0.101714	0.00805732	2.70434e-05	0.488977	0.452975	0.0358824	0.000120434	3.87114e-05	0.000172397	
138	0.108685	0.103935	0.00475011	0	0.484019	0.462865	0.0211541	0	0	0	
139	0.107779	0.10579	0.00198932	0	0.479984	0.471125	0.00885922	0	0	0	
140	0.134242	0.120579	0.0135888	7.39253e-05	0.597834	0.536989	0.0605165	0.000329218	8.32518e-05	0.000370753	
141	0.0950977	0.0926597	0.00243315	4.86139e-06	0.423507	0.41265	0.0108357	2.16497e-05	5.43971e-06	2.42251e-05	
142	0.0831042	0.0831042	0	0	0.370095	0.370095	0	0	0	0	
143	0.1556	0.154193	0.00140701	0	0.692949	0.686683	0.00626597	0	0	0	
144	0.101149	0.098381	0.00276847	7.5858e-08	0.450458	0.438129	0.012329	3.37825e-07	1.03082e-07	4.59068e-07	
145	0.0894791	0.0864339	0.00304323	2.05791e-06	0.398485	0.384924	0.0135527	9.16469e-06	1.99449e-06	8.88227e-06	
146	0.0625508	0.0609569	0.00159387	0	0.278563	0.271465	0.00709814	0	0	0	
147	0.0745647	0.0724294	0.00212343	1.18887e-05	0.332065	0.322556	0.00945648	5.2945e-05	1.18252e-05	5.26626e-05	
148	0.109249	0.107425	0.00182216	2.09846e-06	0.486532	0.478408	0.00811483	9.34526e-06	2.3464e-06	1.04494e-05	
149	0.112019	0.0995581	0.0124563	4.78029e-06	0.498865	0.443371	0.0554728	2.12885e-05	7.18944e-06	3.20174e-05	
150	0.086454	0.0823135	0.00414048	0	0.385013	0.366574	0.0184392	0	0	0	
151	0.136766	0.124014	0.012734	1.85528e-05	0.609076	0.552284	0.0567097	8.2623e-05	2.69227e-05	0.000119897	
152	0.0932071	0.0844764	0.00870739	2.33618e-05	0.415087	0.376206	0.0387774	0.000104039	3.04747e-05	0.000135716	
153	0.138708	0.135163	0.00354556	0	0.617724	0.601934	0.0157897	0	0	0	
154	0.0982195	0.0973911	0.000827963	5.27845e-07	0.437409	0.43372	0.00368724	2.3507e-06	4.73021e-07	2.10654e-06	
155	0.0961373	0.0915527	0.00458466	0	0.428137	0.407719	0.0204173	0	0	0	
156	0.0985942	0.0944537	0.00414048	0	0.439078	0.420639	0.0184392	0	0	0	
157	0.0891726	0.088079	0.00109257	1.12844e-06	0.39712	0.39225	0.00486566	5.02539e-06	1.18291e-06	5.26799e-06	
158	0.112734	0.10319	0.00951178	3.19852e-05	0.50205	0.459549	0.0423596	0.000142442	4.30936e-05	0.000191912	
159	0.1034	0.0989756	0.00442429	1.90677e-07	0.460481	0.440777	0.0197031	8.49163e-07	3.01343e-07	1.34199e-06	
160	0.162261	0.155365	0.00689515	0	0.722612	0.691905	0.0307068	0	0	0	
161	0.209164	0.173483	0.0356216	5.95341e-05	0.931492	0.77259	0.158637	0.000265128	0.000113819	0.000506883	
162	0.113933	0.0940333	0.0198998	6.42072e-07	0.507391	0.418767	0.0886216	2.8594e-06	2.72515e-06	1.21361e-05	
163	0.085375	0.0783819	0.00699309	0	0.380208	0.349065	0.0311429	0	0	0	
164	0.123271	0.0895621	0.0336555	5.40661e-05	0.548977	0.398855	0.149881	0.000240777	6.73056e-05	0.000299738	
165	0.152687	0.115016	0.0375792	9.13613e-05	0.679974	0.512213	0.167355	0.000406867	0.000319593	0.00142327	
166	0.0982786	0.097258	0.00102009	5.67883e-07	0.437673	0.433127	0.00454287	2.529e-06	5.04482e-07	2.24665e-06	
167	0.0984864	0.0969549	0.00153152	0	0.438598	0.431778	0.00682049	0	0	0	
168	0.10683	0.0978988	0.00892219	9.74023e-06	0.475758	0.435981	0.039734	4.3377e-05	1.06431e-05	4.73978e-05	
169	0.098648	0.0946267	0.0040041	1.72604e-05	0.439318	0.421409	0.0178318	7.68676e-05	1.75502e-05	7.81581e-05	
170	0.126425	0.108506	0.0175246	0.000394547	0.563022	0.483221	0.0780442	0.00175707	0.000411343	0.00183187	
171	0.212491	0.195069	0.017422	1.07764e-07	0.946308	0.86872	0.077587	4.79917e-07	5.62612e-08	2.50553e-07	
172	0.130292	0.12197	0.00832189	0	0.580242	0.543181	0.0370606	0	0	0	
173	0.159514	0.135505	0.0236977	0.000311007	0.710379	0.603459	0.105535	0.00138503	0.000364932	0.00162518	
174	0.120137	0.113106	0.00703097	0	0.535018	0.503706	0.0313116	0	0	0	
175	0.101597	0.0961396	0.00545243	5.21424e-06	0.452452	0.428147	0.0242818	2.3221e-05	6.43442e-06	2.8655e-05	
176	0.10422	0.0947287	0.00943019	6.11036e-05	0.464132	0.421864	0.0419963	0.000272118	6.49938e-05	0.000289443	
177	0.1728	0.141637	0.0306725	0.000490966	0.769548	0.630765	0.136596	0.00218646	0.00055875	0.00248833	
178	0.116636	0.106311	0.010296	2.9225e-05	0.519428	0.473446	0.0458521	0.00013015	3.91107e-05	0.000174175	
179	0.170677	0.140276	0.0297315	0.000669436	0.760094	0.624706	0.132406	0.00298126	0.000856344	0.00381363	
180	0.110908	0.101326	0.00956462	1.74729e-05	0.493919	0.451247	0.042595	7.7814e-05	1.74093e-05	7.75307e-05	
181	0.135791	0.125203	0.0105876	1.05282e-06	0.604734	0.557578	0.047151	4.68865e-06	2.50709e-06	1.1165e-05	
182	0.103351	0.0993205	0.00402974	9.16176e-07	0.460263	0.442313	0.017946	4.08009e-06	8.52595e-07	3.79693e-06	
183	0.116644	0.111411	0.00523344	0	0.519465	0.496158	0.0233065	0	0	0	
184	0.0921558	0.0879371	0.00421865	0	0.410405	0.391618	0.0187873	0	0	0	
185	0.0897817	0.082497	0.00728462	0	0.399833	0.367391	0.0324412	0	0	0	
186	0.12766	0.113692	0.0139479	1.97442e-05	0.56852	0.506316	0.0621155	8.79289e-05	3.09465e-05	0.000137817	
187	0.0905141	0.0881873	0.00232678	0	0.403095	0.392732	0.010362	0	0	0	
188	0.0857793	0.080597	0.00516226	2.01389e-05	0.382008	0.358929	0.0229895	8.96865e-05	2.00758e-05	8.94054e-05	
189	0.10376	0.102191	0.00156808	7.58611e-07	0.462084	0.455098	0.00698328	3.37839e-06	7.27897e-07	3.24161e-06	
190	0.0793867	0.0593189	0.0200678	0	0.35354	0.26417	0.0893698	0	0	0	
191	0.365392	0.21313	0.149029	0.00323199	1.62723	0.949155	0.663686	0.0143933	0.00372325	0.016581	
192	0.0729326	0.072918	1.45398e-05	0	0.324797	0.324732	6.47518e-05	0	0	0	
193	0.118293	0.118293	0	0	0.526805	0.526805	0	0	0	0	
194	0.155745	0.120956	0.0343422	0.000447159	0.693594	0.538664	0.152939	0.00199137	0.000447837	0.00199439	
195	0.0888874	0.0885321	0.00035528	0	0.39585	0.394268	0.0015822	0	0	0	
196	0.0893084	0.0893084	0	0	0.397725	0.397725	0	0	0	0	
197	0.0769186	0.0559705	0.0209481	0	0.342548	0.249258	0.0932901	0	0	0	
198	0.168339	0.114191	0.0513054	0.00284282	0.749681	0.508538	0.228483	0.0126602	0.0048132	0.021435	
199	0.15034	0.114228	0.0360935	1.86425e-05	0.669526	0.508704	0.160738	8.30225e-05	5.49629e-05	0.000244771	
200	0.111089	0.0871295	0.0239603	0	0.494726	0.388022	0.106704	0	0	0	
201	0.151225	0.10049	0.0500861	0.000649592	0.673467	0.447521	0.223053	0.00289288	0.00113514	0.00505524	
202	0.105755	0.105754	0	0	0.470968	0.470968	0	0	0	0	
203	0.0955128	0.0943965	0.00111635	0	0.425356	0.420384	0.00497155	0	0	0	
204	0.172325	0.133633	0.038137	0.000554473	0.76743	0.595122	0.169838	0.00246928	0.000927829	0.00413198	
205	0.114976	0.0897508	0.0252211	4.43643e-06	0.512034	0.399695	0.112319	1.97571e-05	4.982e-06	2.21868e-05	
206	0.195122	0.149144	0.0458668	0.000111377	0.868957	0.664198	0.204263	0.000496006	0.00022356	0.000995601	
207	0.0625765	0.0518381	0.0107316	6.81115e-06	0.278677	0.230855	0.0477922	3.03327e-05	8.01303e-06	3.56851e-05	
208	0.101641	0.0981479	0.00349376	0	0.45265	0.437091	0.0155591	0	0	0	
209	0.14846	0.0950678	0.0533747	1.84713e-05	0.661154	0.423374	0.237698	8.22603e-05	8.71412e-05	0.000388073	
210	0.114171	0.113503	0.0006682	0	0.50845	0.505474	0.00297575	0	0	0	
211	0.168975	0.103341	0.065634	0	0.752513	0.460219	0.292294	0	0	0	
212	0.117025	0.116155	0.000870358	0	0.521161	0.517285	0.00387604	0	0	0	
213	0.246988	0.164339	0.0812845	0.00136458	1.09993	0.731869	0.361991	0.00607702	0.00215276	0.0095871	
214	0.117791	0.115599	0.00218359	8.43174e-06	0.524572	0.514811	0.00972439	3.75498e-05	8.36835e-06	3.72675e-05	
215	0.18305	0.161293	0.0216925	6.48576e-05	0.815197	0.718303	0.0966054	0.000288836	7.28933e-05	0.000324622	
216	0.0982794	0.084646	0.0136288	4.64064e-06	0.437676	0.376961	0.0606946	2.06666e-05	9.84144e-06	4.38277e-05	
217	0.204078	0.140612	0.0626039	0.000861548	0.90884	0.626204	0.278799	0.00383681	0.000993443	0.00442419	
218	0.0975671	0.0969705	0.000596592	0	0.434504	0.431847	0.00265685	0	0	0	
219	0.133205	0.132793	0.000411966	0	0.593217	0.591382	0.00183464	0	0	0	
220	0.0941057	0.0836521	0.0104535	0	0.419089	0.372535	0.0465537	0	0	0	
221	0.112219	0.0936659	0.0185437	9.98437e-06	0.499757	0.41713	0.0825824	4.44643e-05	1.07745e-05	4.79832e-05	
222	0.0506588	0.0501728	0.000485966	0	0.225603	0.223439	0.0021642	0	0	0	
223	0.0977984	0.0965739	0.00122457	0	0.435534	0.430081	0.00545352	0	0	0	
224	0.162642	0.14494	0.0176999	2.61191e-06	0.724311	0.645474	0.0788247	1.16318e-05	3.24363e-06	1.44451e-05	
225	0.0832316	0.078133	0.00509067	7.96315e-06	0.370663	0.347957	0.0226707	3.5463e-05	9.08532e-06	4.04605e-05	
226	0.231093	0.224548	0.00653607	9.0933e-06	1.02914	1	0.0291077	4.0496e-05	9.05287e-06	4.03159e-05	
227	0.0843307	0.0820756	0.00225512	0	0.375557	0.365514	0.0100429	0	0	0	
228	0.0876531	0.079161	0.0084906	1.57822e-06	0.390353	0.352534	0.0378119	7.02846e-06	1.51504e-06	6.7471e-06	
229	0.12674	0.123595	0.00314472	0	0.564425	0.55042	0.0140046	0	0	0	
230	0.106945	0.106324	0.000620614	0	0.476268	0.473504	0.00276383	0	0	0	
231	0.092411	0.0917967	0.000614306	0	0.411542	0.408806	0.00273574	0	0	0	
232	0.0817708	0.0748947	0.00687607	0	0.364157	0.333535	0.0306218	0	0	0	
233	0.0800237	0.0779321	0.00209072	9.01415e-07	0.356376	0.347062	0.00931082	4.01435e-06	1.28071e-06	5.70354e-06	
234	0.10423	0.104039	0.000190656	0	0.464178	0.463329	0.000849069	0	0	0	
235	0.135903	0.135903	0	0	0.605233	0.605233	0	0	0	0	
236	0.0708879	0.0660022	0.00486364	2.21583e-05	0.315691	0.293933	0.0216597	9.86796e-05	2.79693e-05	0.000124558	
237	0.0472502	0.0472502	0	0	0.210423	0.210423	0	0	0	0	
238	0.0892785	0.0892785	0	0	0.397592	0.397592	0	0	0	0	
239	0.137107	0.121677	0.0154294	5.5264e-07	0.610594	0.541879	0.0687131	2.46112e-06	5.82134e-07	2.59247e-06	
240	0.0908293	0.0904533	0.000376044	0	0.404498	0.402824	0.00167467	0	0	0	
241	0.134864	0.118308	0.016522	3.43037e-05	0.600606	0.526874	0.073579	0.000152768	3.59867e-05	0.000160263	
242	0.0857535	0.0853681	0.000385407	0	0.381894	0.380177	0.00171637	0	0	0	
243	0.0859675	0.0859326	3.48377e-05	0	0.382846	0.382691	0.000155146	0	0	0	
244	0.0888819	0.088633	0.000248784	1.88641e-07	0.395826	0.394717	0.00110793	8.40093e-07	1.25225e-07	5.57677e-07	
245	0.121303	0.0950238	0.0261849	9.43157e-05	0.54021	0.423178	0.116612	0.000420024	0.000118543	0.000527921	
246	0.105585	0.0894363	0.0161495	0	0.470215	0.398294	0.0719202	0	0	0	
247	0.111184	0.107064	0.00409301	2.66325e-05	0.495147	0.476801	0.0182277	0.000118605	2.66174e-05	0.000118538	
248	0.0835034	0.0835034	0	0	0.371873	0.371873	0	0	0	0	
249	0.0752076	0.0699318	0.00527553	3.25576e-07	0.334929	0.311433	0.023494	1.44991e-06	4.27254e-07	1.90273e-06	
250	0.0688899	0.0665796	0.0023077	2.67824e-06	0.306793	0.296504	0.010277	1.19272e-05	2.61495e-06	1.16454e-05	
251	0.126256	0.109157	0.0170186	8.02587e-05	0.56227	0.486123	0.0757906	0.000357423	8.01953e-05	0.000357141	
252	0.0715045	0.0692044	0.00229913	1.02112e-06	0.318437	0.308194	0.0102389	4.54745e-06	1.94401e-06	8.65747e-06	
253	0.0978224	0.0977125	0.000109888	0	0.435641	0.435152	0.000489374	0	0	0	
254	0.0782417	0.0775868	0.000654914	0	0.348441	0.345524	0.00291658	0	0	0	
255	0.0887116	0.0866348	0.00207677	0	0.395067	0.385818	0.00924871	0	0	0	
256	0.0990836	0.0966155	0.00246525	2.87659e-06	0.441258	0.430266	0.0109787	1.28105e-05	2.90512e-06	1.29376e-05	
257	0.0938144	0.0887058	0.00510856	0	0.417792	0.395041	0.0227504	0	0	0	
258	0.101344	0.0960929	0.00524103	1.06778e-05	0.451327	0.427939	0.0233403	4.75527e-05	1.29898e-05	5.78486e-05	
259	0.0480334	0.045221	0.00280852	3.97234e-06	0.213911	0.201386	0.0125074	1.76904e-05	5.39904e-06	2.4044e-05	
260	0.0437755	0.0417011	0.00207441	0	0.194949	0.185711	0.00923816	0	0	0	
261	0.111415	0.10975	0.0016643	9.48545e-07	0.496178	0.488762	0.00741177	4.22424e-06	8.88153e-07	3.95529e-06	
262	0.116708	0.110984	0.0057233	0	0.519747	0.494259	0.0254881	0	0	0	
263	0.0596617	0.0437147	0.0156693	0.000277729	0.265697	0.194678	0.0697816	0.00123683	0.000310858	0.00138437	
264	0.202464	0.139816	0.062056	0.000591716	0.901652	0.622657	0.276359	0.00263514	0.000879002	0.00391454	
265	0.0468125	0.0433121	0.0034781	2.23569e-05	0.208474	0.192885	0.0154893	9.95641e-05	2.82178e-05	0.000125664	
266	0.0887349	0.083331	0.00540287	1.04883e-06	0.395171	0.371105	0.0240611	4.67087e-06	9.85528e-07	4.38894e-06	
267	0.0475816	0.0455072	0.00207441	0	0.211899	0.202661	0.00923816	0	0	0	
268	0.0850903	0.0850903	0	0	0.37894	0.37894	0	0	0	0	
269	0.207474	0.20458	0.00289252	1.87537e-06	0.923965	0.911075	0.0128815	8.35177e-06	1.89776e-06	8.45147e-06	
270	0.108437	0.107216	0.00121799	3.50577e-06	0.482914	0.477474	0.0054242	1.56125e-05	3.44233e-06	1.533e-05	
271	0.0850574	0.0844874	0.000569964	0	0.378793	0.376255	0.00253827	0	0	0	
272	0.105482	0.103509	0.00197231	0	0.469753	0.460969	0.0087835	0	0	0	
273	0.109869	0.0914921	0.0182949	8.23902e-05	0.489291	0.40745	0.0814744	0.000366916	0.000101394	0.000451551	
274	0.102587	0.0941279	0.00845966	0	0.456862	0.419188	0.0376741	0	0	0	
275	0.116898	0.111012	0.00585007	3.62224e-05	0.520594	0.49438	0.0260526	0.000161312	3.62924e-05	0.000161624	
276	0.0917309	0.0896194	0.00211153	0	0.408513	0.39911	0.00940348	0	0	0	
277	0.105459	0.103845	0.0016124	1.25114e-06	0.469651	0.462465	0.00718067	5.57183e-06	1.49287e-06	6.64835e-06	
278	0.177931	0.147682	0.0301447	0.000105	0.792399	0.657686	0.134246	0.000467606	0.000113317	0.000504646	
279	0.078211	0.0768787	0.00133235	0	0.348304	0.34237	0.0059335	0	0	0	
280	0.144218	0.121123	0.023077	1.82765e-05	0.642261	0.539409	0.102771	8.13926e-05	5.10395e-05	0.000227299	
281	0.116736	0.0949178	0.0216691	0.000149946	0.519874	0.422706	0.0965011	0.00066777	0.000167219	0.000744694	
282	0.0827867	0.0810589	0.00172778	0	0.368681	0.360986	0.00769452	0	0	0	
283	0.103733	0.0909417	0.0126726	0.000119302	0.461966	0.404999	0.0564362	0.0005313	0.000141228	0.000628947	
284	0.149637	0.11038	0.0392363	2.06311e-05	0.666393	0.491567	0.174734	9.18784e-05	9.46097e-05	0.000421334	
285	0.102428	0.0870455	0.0153706	1.18596e-05	0.456151	0.387648	0.0684513	5.28158e-05	1.50086e-05	6.68394e-05	
286	0.121308	0.0819016	0.0394068	0	0.540234	0.36474	0.175494	0	0	0	
287	0.0811177	0.0652433	0.0156118	0.000262638	0.361249	0.290554	0.0695254	0.00116963	0.000370776	0.00165121	
288	0.234664	0.140189	0.0909691	0.00350652	1.04505	0.624317	0.405121	0.0156159	0.00467312	0.0208112	
289	0.0678619	0.0654883	0.00236163	1.20767e-05	0.302215	0.291645	0.0105172	5.37823e-05	1.20133e-05	5.35001e-05	
290	0.0695407	0.0688392	0.000699742	1.7862e-06	0.309691	0.306568	0.00311622	7.95464e-06	1.7228e-06	7.67232e-06	
291	0.197408	0.13687	0.0602629	0.00027513	0.879137	0.609537	0.268374	0.00122526	0.00087691	0.00390522	
292	0.129982	0.11641	0.0135544	1.73491e-05	0.578863	0.518423	0.0603631	7.72624e-05	2.73691e-05	0.000121885	
293	0.0629921	0.0474655	0.0155265	0	0.280528	0.211382	0.069146	0	0	0	
294	0.0668913	0.0608611	0.00593663	9.36176e-05	0.297893	0.271038	0.0264381	0.000416915	0.000105983	0.000471985	
295	0.201229	0.151827	0.0489675	0.000434843	0.896155	0.676147	0.218071	0.00193652	0.000617551	0.00275019	
296	0.1181	0.118042	5.80974e-05	0	0.525947	0.525688	0.00025873	0	0	0	
297	0.175481	0.146264	0.0291695	4.70074e-05	0.781487	0.651374	0.129903	0.000209342	7.93922e-05	0.000353564	
298	0.10681	0.0906388	0.0161602	1.13816e-05	0.475668	0.40365	0.0719679	5.06871e-05	3.39557e-05	0.000151218	
299	0.102343	0.0792448	0.0227042	0.000394529	0.455776	0.352908	0.101111	0.00175699	0.000414535	0.00184609	
300	0.0768688	0.0765789	0.000289842	0	0.342326	0.341036	0.00129078	0	0	0	
301	0.0631073	0.0621032	0.00100407	0	0.281041	0.27657	0.00447155	0	0	0	
302	0.0736213	0.0691983	0.00442181	1.24624e-06	0.327864	0.308167	0.019692	5.55002e-06	1.18476e-06	5.27621e-06	
303	0.124623	0.105582	0.0189669	7.39264e-05	0.554998	0.470201	0.0844672	0.000329223	9.89188e-05	0.000440524	
304	0.0952424	0.0952424	0	0	0.424151	0.424151	0	0	0	0	
305	0.0540405	0.0411835	0.0128569	0	0.240663	0.183406	0.057257	0	0	0	
306	0.0630228	0.0528198	0.0102029	0	0.280665	0.235227	0.0454376	0	0	0	
307	0.0912064	0.0871162	0.00409022	0	0.406177	0.387962	0.0182153	0	0	0	
308	0.094421	0.0753648	0.0189213	0.000134945	0.420494	0.335629	0.0842641	0.000600964	0.000173666	0.000773406	
309	0.12077	0.11053	0.0102189	2.07765e-05	0.537837	0.492235	0.0455088	9.25261e-05	2.23592e-05	9.95744e-05	
310	0.14583	0.143033	0.00279089	5.56377e-06	0.649438	0.636985	0.0124289	2.47776e-05	5.54694e-06	2.47027e-05	
311	0.0819027	0.0737872	0.00802752	8.80152e-05	0.364744	0.328603	0.0357496	0.000391966	9.43813e-05	0.000420316	
312	0.136693	0.0956381	0.0408914	0.000164197	0.60875	0.425913	0.182105	0.000731236	0.000210019	0.000935299	
313	0.104909	0.0932326	0.0116651	1.14294e-05	0.467201	0.415201	0.0519494	5.08997e-05	1.59679e-05	7.11116e-05	
314	0.0780706	0.0771149	0.000955719	0	0.347679	0.343423	0.00425619	0	0	0	
315	0.102189	0.0947769	0.00739226	2.01513e-05	0.455088	0.422078	0.0329206	8.97417e-05	2.39585e-05	0.000106696	
316	0.07786	0.0704559	0.00733985	6.42559e-05	0.346741	0.313767	0.0326872	0.000286156	7.22252e-05	0.000321647	
317	0.122805	0.0766047	0.0460692	0.000131624	0.546901	0.341151	0.205164	0.000586175	0.000168016	0.000748244	
318	0.152307	0.122021	0.0302861	0	0.678284	0.543408	0.134875	0	0	0	
319	0.24939	0.143286	0.103009	0.00309454	1.11063	0.638109	0.458742	0.0137812	0.00349748	0.0155756	
320	0.0952751	0.0759364	0.0193296	9.13348e-06	0.424297	0.338174	0.0860823	4.06749e-05	1.22041e-05	5.43499e-05	
321	0.147674	0.0986077	0.0476138	0.00145286	0.657651	0.439138	0.212042	0.00647015	0.0014823	0.00660129	
322	0.141317	0.0786428	0.0617305	0.00094415	0.629342	0.350227	0.27491	0.00420467	0.00155659	0.00693213	
323	0.0998772	0.094673	0.00520411	0	0.444792	0.421616	0.0231759	0	0	0	
324	0.12626	0.124958	0.00130188	0	0.562286	0.556488	0.00579779	0	0	0	
325	0.0904282	0.0900571	0.000371119	0	0.402712	0.401059	0.00165274	0	0	0	
326	0.0710365	0.0709378	9.87334e-05	0	0.316353	0.315913	0.000439698	0	0	0	
327	0.0787783	0.0749985	0.00377409	5.72445e-06	0.35083	0.333998	0.0168075	2.54932e-05	5.70086e-06	2.53881e-05	
328	0.0906366	0.0905457	9.08751e-05	0	0.40364	0.403235	0.000404702	0	0	0	
329	0.0956932	0.0913049	0.00437135	1.69487e-05	0.426159	0.406616	0.0194673	7.54794e-05	2.12717e-05	9.47312e-05	
330	0.148243	0.0881187	0.057849	0.00227572	0.660185	0.392427	0.257624	0.0101346	0.00293603	0.0130753	
331	0.124567	0.116645	0.00791269	9.4933e-06	0.554747	0.519467	0.0352383	4.22774e-05	1.14634e-05	5.10511e-05	
332	0.113423	0.0961883	0.0170718	0.000163763	0.50512	0.428364	0.0760277	0.0007293	0.000229921	0.00102393	
333	0.12231	0.0982635	0.0240473	0	0.544698	0.437605	0.107092	0	0	0	
334	0.14175	0.0882606	0.0531215	0.000368478	0.63127	0.393059	0.23657	0.00164098	0.000473046	0.00210665	
335	0.0842812	0.0803	0.00398122	0	0.375337	0.357607	0.0177299	0	0	0	
336	0.102796	0.0892641	0.0134984	3.35584e-05	0.45779	0.397527	0.0601136	0.000149449	3.90267e-05	0.000173801	
337	0.118268	0.111605	0.00665134	1.15952e-05	0.526695	0.497022	0.029621	5.16379e-05	1.47241e-05	6.55722e-05	
338	0.113217	0.101482	0.0116222	0.000113029	0.504201	0.451939	0.0517586	0.000503366	0.000123225	0.00054877	
339	0.08574	0.0768891	0.00881221	3.88191e-05	0.381834	0.342417	0.0392442	0.000172876	4.48851e-05	0.000199891	
340	0.10457	0.0834081	0.0210056	0.000157205	0.465695	0.371449	0.0935462	0.000700097	0.000238687	0.00106296	
341	0.108139	0.104126	0.00401356	0	0.481588	0.463714	0.0178739	0	0	0	
342	0.111233	0.07525	0.0358749	0.000108651	0.495366	0.335117	0.159765	0.000483865	0.000117999	0.000525498	
343	0.141188	0.0880764	0.0517762	0.00133579	0.628767	0.392238	0.230579	0.00594879	0.00285819	0.0127286	
344	0.0852225	0.0823382	0.00288433	0	0.379529	0.366684	0.012845	0	0	0	
345	0.125955	0.0949234	0.0309934	3.88144e-05	0.560929	0.422731	0.138025	0.000172855	7.40616e-05	0.000329825	
346	0.14954	0.0981036	0.0506589	0.000777625	0.66596	0.436893	0.225603	0.00346306	0.00104038	0.00463325	
347	0.0993821	0.0753692	0.0239179	9.49581e-05	0.442587	0.335648	0.106516	0.000422885	0.000118358	0.000527096	
348	0.0998313	0.083601	0.0161721	5.81491e-05	0.444587	0.372308	0.072021	0.00025896	7.6783e-05	0.000341944	
349	0.0836551	0.072095	0.0115565	3.67575e-06	0.372549	0.321067	0.0514657	1.63695e-05	9.13709e-06	4.0691e-05	
350	0.141784	0.0759765	0.0647328	0.00107469	0.631419	0.338353	0.28828	0.00478603	0.00192761	0.00858441	
351	0.153346	0.0935602	0.059614	0.000172667	0.682913	0.41666	0.265484	0.000768954	0.000314434	0.00140029	
352	0.12993	0.0816199	0.0482791	3.20468e-05	0.578633	0.363485	0.215005	0.000142717	4.12135e-05	0.00018354	
353	0.0870332	0.0778455	0.00913814	4.96577e-05	0.387593	0.346676	0.0406957	0.000221145	5.78983e-05	0.000257843	
354	0.0874658	0.0790605	0.00836238	4.29296e-05	0.389519	0.352087	0.0372409	0.000191182	5.16981e-05	0.000230232	
355	0.0849817	0.0833106	0.00167111	0	0.378457	0.371014	0.0074421	0	0	0	
356	0.126588	0.108646	0.0178485	9.39878e-05	0.563748	0.483844	0.0794864	0.000418564	0.000113086	0.000503619	
357	0.215282	0.107841	0.10431	0.00313015	0.958736	0.480259	0.464536	0.0139397	0.00410871	0.0182977	
358	0.174233	0.0976688	0.0746619	0.0019029	0.77593	0.434957	0.332498	0.00847439	0.00313498	0.0139613	
359	0.120327	0.0780406	0.0411727	0.00111401	0.535864	0.347545	0.183358	0.00496113	0.00167635	0.00746546	
360	0.101467	0.0964296	0.00503595	1.89623e-06	0.451873	0.429438	0.022427	8.44466e-06	2.26545e-06	1.00889e-05	
361	0.0468969	0.0468969	0	0	0.20885	0.20885	0	0	0	0	
362	0.105963	0.0868842	0.0189157	0.000163741	0.471897	0.386929	0.084239	0.000729204	0.000202263	0.000900759	
363	0.0490173	0.0489816	3.56623e-05	0	0.218293	0.218134	0.000158818	0	0	0	
364	0.130798	0.113155	0.0176428	4.9653e-07	0.582495	0.503923	0.0785702	2.21124e-06	7.3458e-07	3.27137e-06	
365	0.0819554	0.0790472	0.0029058	2.45281e-06	0.364979	0.352028	0.0129406	1.09233e-05	2.79838e-06	1.24622e-05	
366	0.115921	0.0912532	0.0246562	1.19284e-05	0.516243	0.406386	0.109803	5.31222e-05	2.0625e-05	9.18516e-05	
367	0.126997	0.10476	0.0221397	9.76003e-05	0.565569	0.466538	0.0985967	0.000434652	0.000167247	0.000744818	
368	0.0806904	0.0753834	0.00527407	3.30415e-05	0.359346	0.335711	0.0234875	0.000147147	3.30752e-05	0.000147296	
369	0.0819968	0.079896	0.00210081	0	0.365163	0.355808	0.00935574	0	0	0	
370	0.112356	0.0911702	0.0210448	0.000141919	0.500369	0.406016	0.0937209	0.000632024	0.000240488	0.00107098	
371	0.118009	0.0789176	0.0388517	0.000240607	0.525544	0.35145	0.173022	0.00107152	0.000290115	0.00129199	
372	0.101209	0.0786407	0.0225211	4.76466e-05	0.450725	0.350217	0.100295	0.000212189	7.57714e-05	0.000337439	
373	0.082636	0.0787954	0.00383962	1.05494e-06	0.36801	0.350906	0.0170993	4.69807e-06	1.66922e-06	7.4337e-06	
374	0.174219	0.103395	0.0648134	0.00601096	0.775868	0.460459	0.288639	0.0267691	0.00793757	0.0353491	
375	0.145252	0.126474	0.0185724	0.000205788	0.646864	0.563238	0.0827103	0.000916454	0.000219582	0.000977887	
376	0.100083	0.0983713	0.00171024	2.39051e-06	0.445712	0.438086	0.0076164	1.06459e-05	2.80506e-06	1.2492e-05	
377	0.104854	0.099549	0.00527679	2.89485e-05	0.466958	0.44333	0.0234996	0.000128918	2.95355e-05	0.000131533	
378	0.117445	0.103149	0.0141019	0.000194056	0.52303	0.459365	0.0628015	0.000864209	0.000211282	0.000940924	
379	0.0931134	0.0763051	0.016749	5.93534e-05	0.41467	0.339816	0.07459	0.000264324	7.97913e-05	0.000355342	
380	0.114954	0.0819661	0.03273	0.000257873	0.511935	0.365027	0.145759	0.00114841	0.000295656	0.00131667	
381	0.111819	0.0793612	0.0320708	0.000387575	0.497976	0.353426	0.142824	0.00172602	0.000623702	0.00277759	
382	0.110425	0.103466	0.00695099	8.34417e-06	0.491768	0.460776	0.0309554	3.71598e-05	8.93705e-06	3.98001e-05	
383	0.0819798	0.0754989	0.00648093	0	0.365088	0.336226	0.0288621	0	0	0	
384	0.0941985	0.0898889	0.00430967	0	0.419503	0.40031	0.0191926	0	0	0	
385	0.140922	0.106728	0.0336252	0.000568022	0.62758	0.475305	0.149746	0.00252962	0.000734775	0.00327224	
386	0.0984766	0.0791665	0.019176	0.000134114	0.438554	0.352559	0.0853984	0.000597266	0.000180683	0.000804654	
387	0.0943041	0.0837442	0.0104661	9.38182e-05	0.419973	0.372945	0.0466098	0.000417809	0.000103564	0.000461213	
388	0.0865473	0.0765375	0.00985487	0.000154971	0.385428	0.340851	0.0438875	0.000690147	0.000154907	0.000689864	
389	0.140425	0.110541	0.0298407	4.35557e-05	0.625368	0.492282	0.132892	0.00019397	4.79616e-05	0.000213592	
390	0.0826522	0.073939	0.0087132	0	0.368082	0.329279	0.0388033	0	0	0	
391	0.0979111	0.0907457	0.00713353	3.19683e-05	0.436036	0.404126	0.0317684	0.000142367	3.57706e-05	0.0001593	
392	0.0913286	0.0495613	0.0413915	0.000375876	0.406722	0.220715	0.184332	0.00167392	0.000386966	0.00172331	
393	0.0886206	0.0804476	0.00817299	0	0.394662	0.358264	0.0363975	0	0	0	
394	0.0971527	0.0921133	0.00503939	0	0.432659	0.410216	0.0224423	0	0	0	
395	0.148734	0.13752	0.0112149	0	0.662374	0.61243	0.0499447	0	0	0	
396	0.0984141	0.0588236	0.0395904	0	0.438276	0.261964	0.176311	0	0	0	
397	0.129638	0.100772	0.0285025	0.000363819	0.577331	0.448779	0.126932	0.00162023	0.000672006	0.0029927	
398	0.0916872	0.0906756	0.0010116	0	0.408319	0.403813	0.00450506	0	0	0	
399	0.0789031	0.0781046	0.000798161	3.45289e-07	0.351386	0.34783	0.00355452	1.5377e-06	3.94783e-07	1.75812e-06	
400	0.147032	0.12837	0.0186539	7.82759e-06	0.654792	0.571684	0.0830733	3.48593e-05	1.15218e-05	5.13111e-05	
401	0.101508	0.100097	0.00141128	0	0.452056	0.445771	0.00628498	0	0	0	
402	0.112721	0.0829604	0.0297063	5.44899e-05	0.501991	0.369455	0.132294	0.000242665	5.77115e-05	0.000257012	
403	0.11672	0.0883489	0.0281543	0.000217105	0.519801	0.393452	0.125382	0.000966856	0.000360162	0.00160394	
404	0.10905	0.0982591	0.0107872	4.20127e-06	0.485644	0.437586	0.0480398	1.87099e-05	4.13807e-06	1.84284e-05	
405	0.107189	0.106641	0.000548413	0	0.477358	0.474916	0.00244229	0	0	0	
406	0.203919	0.175999	0.0278421	7.82269e-05	0.908133	0.783793	0.123992	0.000348375	8.36828e-05	0.000372672	
407	0.129484	0.0850574	0.0442593	0.00016779	0.576645	0.378793	0.197104	0.000747237	0.000181379	0.000807752	
408	0.129488	0.127025	0.00246313	0	0.576662	0.565693	0.0109693	0	0	0	
409	0.0918345	0.0915371	0.000297448	0	0.408975	0.40765	0.00132465	0	0	0	
410	0.112936	0.0875133	0.0251968	0.000225873	0.502948	0.389731	0.112211	0.0010059	0.00102011	0.00454295	
411	0.134609	0.11695	0.0176419	1.69312e-05	0.599466	0.520825	0.0785663	7.54013e-05	1.68768e-05	7.51592e-05	
412	0.147931	0.121834	0.026097	2.25113e-07	0.658796	0.542575	0.11622	1.00251e-06	3.81216e-07	1.6977e-06	
413	0.0929811	0.0913224	0.00165873	0	0.414081	0.406694	0.00738699	0	0	0	
414	0.147737	0.112289	0.0354225	2.61573e-05	0.657934	0.500068	0.15775	0.000116488	2.64908e-05	0.000117974	
415	0.092459	0.0917475	0.000711401	0	0.411756	0.408587	0.00316814	0	0	0	
416	0.122146	0.105866	0.0162797	0	0.543966	0.471466	0.0725001	0	0	0	
417	0.106245	0.0955521	0.0106934	0	0.473153	0.42553	0.0476222	0	0	0	
418	0.0801474	0.0767574	0.00339004	0	0.356927	0.34183	0.0150971	0	0	0	
419	0.134703	0.101912	0.0327224	6.80362e-05	0.599885	0.453856	0.145725	0.000302992	0.000139137	0.000619632	
420	0.0838468	0.0835771	0.00026962	1.55244e-07	0.373402	0.372201	0.00120072	6.91363e-07	1.33552e-07	5.9476e-07	
421	0.0874952	0.0859704	0.00152483	0	0.38965	0.382859	0.0067907	0	0	0	
422	0.0987133	0.0808729	0.017708	0.000132375	0.439609	0.360158	0.0788609	0.000589522	0.000132759	0.00059123	
423	0.0654322	0.0559039	0.00952825	0	0.291395	0.248962	0.042433	0	0	0	
424	0.110564	0.110397	0.000166474	0	0.492385	0.491644	0.000741375	0	0	0	
425	0.0742244	0.0694673	0.0047303	2.68517e-05	0.33055	0.309365	0.0210658	0.000119581	2.68013e-05	0.000119357	
426	0.112473	0.108902	0.00356614	5.32462e-06	0.500888	0.484983	0.0158814	2.37126e-05	6.35271e-06	2.82911e-05	
427	0.092794	0.0903632	0.00242855	2.26578e-06	0.413247	0.402422	0.0108153	1.00904e-05	2.23101e-06	9.93557e-06	
428	0.0960633	0.0939339	0.00212935	0	0.427807	0.418324	0.00948283	0	0	0	
429	0.122146	0.0881169	0.0340214	7.82835e-06	0.543964	0.392418	0.15151	3.48627e-05	8.00519e-06	3.56502e-05	
430	0.242996	0.212121	0.0308647	1.06311e-05	1.08215	0.944658	0.137452	4.73446e-05	1.76906e-05	7.87834e-05	
431	0.1815	0.16614	0.0153603	0	0.808292	0.739886	0.0684055	0	0	0	
432	0.135377	0.112047	0.0232753	5.39548e-05	0.602886	0.498992	0.103654	0.000240281	7.97482e-05	0.00035515	
433	0.110233	0.0984585	0.0116515	0.000123862	0.490914	0.438474	0.0518891	0.000551608	0.000142026	0.000632501	
434	0.0910779	0.0804957	0.0105822	0	0.405605	0.358478	0.0471267	0	0	0	
435	0.212443	0.151931	0.0602952	0.000216121	0.946091	0.676611	0.268518	0.000962472	0.00029616	0.00131891	
436	0.1193	0.0860649	0.0329159	0.00031953	0.53129	0.38328	0.146587	0.00142299	0.000395956	0.00176334	
437	0.147681	0.0861142	0.0595128	0.00205474	0.657684	0.3835	0.265034	0.00915056	0.00321929	0.0143367	
438	0.180586	0.130326	0.0491957	0.00106493	0.804222	0.580392	0.219087	0.00474255	0.00115837	0.00515868	
439	0.13533	0.127001	0.00832439	4.25409e-06	0.602678	0.565588	0.0370717	1.89451e-05	5.34841e-06	2.38185e-05	
440	0.0863216	0.0801082	0.00617195	4.15875e-05	0.384424	0.356753	0.0274861	0.000185205	4.93801e-05	0.000219909	
441	0.0692257	0.0676021	0.00161926	4.34583e-06	0.308289	0.301058	0.00721119	1.93536e-05	4.5957e-06	2.04664e-05	
442	0.134379	0.0948829	0.03836	0.0011366	0.598444	0.42255	0.170832	0.00506174	0.0015083	0.00671707	
443	0.167815	0.137886	0.029706	0.000223262	0.747349	0.614062	0.132292	0.000994276	0.0003424	0.00152484	
444	0.137684	0.107905	0.0296972	8.1749e-05	0.613163	0.480546	0.132253	0.00036406	9.44697e-05	0.00042071	
445	0.113111	0.0881765	0.024859	7.60464e-05	0.50373	0.392684	0.110707	0.000338664	0.000144499	0.000643514	
446	0.155457	0.0906687	0.0644197	0.000369234	0.692313	0.403783	0.286886	0.00164434	0.000496136	0.00220948	
447	0.161439	0.121926	0.0395136	0	0.718953	0.542984	0.175969	0	0	0	
448	0.0492518	0.0375382	0.0117121	1.52361e-06	0.219337	0.167172	0.0521589	6.78527e-06	1.66874e-06	7.43157e-06	
449	0.257381	0.154136	0.102914	0.000330096	1.14621	0.686431	0.458318	0.00147004	0.000541527	0.00241163	
450	0.0883749	0.0793955	0.00897944	0	0.393568	0.353579	0.0399889	0	0	0	
451	0.133144	0.120172	0.0129601	1.20516e-05	0.592946	0.535176	0.0577165	5.36708e-05	1.40973e-05	6.2781e-05	
452	0.172668	0.100008	0.0715934	0.00106695	0.768961	0.445377	0.318833	0.00475157	0.00114492	0.0050988	
453	0.107063	0.0955328	0.0115307	0	0.476795	0.425444	0.0513508	0	0	0	
454	0.140132	0.0891267	0.05091	9.58388e-05	0.624065	0.396916	0.226722	0.000426807	0.000205301	0.000914285	
455	0.158056	0.105023	0.0527323	0.000300428	0.703886	0.46771	0.234837	0.00133792	0.000380754	0.00169564	
456	0.149561	0.111842	0.0372839	0.000435148	0.666054	0.498076	0.16604	0.00193788	0.000589242	0.00262412	
457	0.132958	0.100512	0.0324346	1.24119e-05	0.592118	0.447619	0.144443	5.52754e-05	2.37985e-05	0.000105984	
458	0.102893	0.0788962	0.0239248	7.26822e-05	0.458226	0.351356	0.106546	0.000323682	8.39908e-05	0.000374044	
459	0.0999613	0.088872	0.0110782	1.11148e-05	0.445167	0.395781	0.0493358	4.94988e-05	2.63605e-05	0.000117393	
460	0.131284	0.0853282	0.0459291	2.68725e-05	0.58466	0.38	0.20454	0.000119673	3.95178e-05	0.000175988	
461	0.144311	0.0855004	0.0587889	2.25007e-05	0.642676	0.380766	0.26181	0.000100204	3.42104e-05	0.000152352	
462	0.118642	0.0999626	0.0185904	8.91418e-05	0.528359	0.445172	0.0827905	0.000396983	0.000114221	0.000508673	
463	0.140959	0.119457	0.0215012	0	0.627746	0.531992	0.0957536	0	0	0	
464	0.0824324	0.0689671	0.0134561	9.27512e-06	0.367104	0.307137	0.0599253	4.13057e-05	1.82339e-05	8.12028e-05	
465	0.0849163	0.0826557	0.00226056	0	0.378165	0.368098	0.0100671	0	0	0	
466	0.175534	0.109903	0.0650242	0.000607475	0.781724	0.489441	0.289578	0.00270532	0.00085946	0.00382751	
467	0.115283	0.0797539	0.0350742	0.00045549	0.513402	0.355175	0.156199	0.00202847	0.000592025	0.00263652	
468	0.106624	0.101518	0.00510595	5.8226e-07	0.474842	0.452101	0.0227388	2.59303e-06	1.56149e-06	6.95395e-06	
469	0.0769161	0.0767682	0.000147843	0	0.342537	0.341879	0.000658405	0	0	0	
470	0.108609	0.0948991	0.013641	6.95645e-05	0.483681	0.422623	0.0607487	0.000309798	0.000127016	0.000565654	
471	0.128345	0.0790119	0.0493333	0	0.571571	0.351871	0.2197	0	0	0	
472	0.129793	0.0891606	0.0378924	0.00273996	0.578018	0.397067	0.16875	0.0122021	0.00307633	0.0137001	
473	0.161459	0.0991746	0.0599446	0.00234008	0.719041	0.441663	0.266956	0.0104213	0.00306054	0.0136298	
474	0.106111	0.0769378	0.0291731	0	0.472553	0.342634	0.129919	0	0	0	
475	0.117286	0.113243	0.00404201	1.07397e-06	0.52232	0.504315	0.0180006	4.78281e-06	1.0925e-06	4.86537e-06	
476	0.156429	0.112682	0.0437341	1.37344e-05	0.696643	0.501817	0.194765	6.11646e-05	1.43537e-05	6.39228e-05	
477	0.125347	0.0969899	0.0283071	5.00196e-05	0.558219	0.431933	0.126063	0.000222757	7.3808e-05	0.000328695	
478	0.0924276	0.0788831	0.0134911	5.33962e-05	0.411616	0.351297	0.0600811	0.000237794	7.1588e-05	0.000318809	
479	0.107344	0.0976757	0.00955846	0.000109992	0.478045	0.434988	0.0425675	0.000489838	0.00011631	0.000517976	
480	0.121969	0.0975726	0.0243943	2.74582e-06	0.543178	0.434529	0.108637	1.22282e-05	5.34843e-06	2.38186e-05	
481	0.0832707	0.0758769	0.00739373	0	0.370837	0.337909	0.0329272	0	0	0	
482	0.13214	0.105753	0.0263435	4.38452e-05	0.588474	0.470961	0.117318	0.00019526	7.61865e-05	0.000339288	
483	0.104204	0.0924467	0.011754	3.38191e-06	0.464061	0.411701	0.0523452	1.50609e-05	4.76743e-06	2.12312e-05	
484	0.154819	0.116625	0.0374278	0.000766349	0.68947	0.519376	0.16668	0.00341285	0.0011574	0.00515435	
485	0.110618	0.094823	0.0156736	0.000121402	0.492625	0.422283	0.069801	0.000540652	0.00012894	0.000574223	
486	0.0839479	0.079884	0.00406272	1.2103e-06	0.373852	0.355754	0.0180928	5.38994e-06	4.20673e-06	1.87342e-05	
487	0.103389	0.0996504	0.00373898	0	0.460433	0.443782	0.0166511	0	0	0	
488	0.132467	0.0953561	0.0369556	0.00015589	0.58993	0.424658	0.164578	0.000694242	0.000179701	0.000800283	
489	0.146358	0.0980095	0.0481735	0.000175166	0.651789	0.436474	0.214535	0.000780084	0.000188478	0.000839369	
490	0.0957545	0.0906134	0.00514103	0	0.426432	0.403537	0.022895	0	0	0	
491	0.102176	0.0781437	0.0240259	6.83862e-06	0.455031	0.348004	0.106996	3.0455e-05	1.51352e-05	6.7403e-05	
492	0.147883	0.096845	0.0498462	0.0011919	0.658581	0.431289	0.221985	0.005308	0.00140618	0.00626227	
493	0.195737	0.1115	0.083994	0.00024308	0.871694	0.496553	0.374058	0.00108253	0.000337203	0.00150169	
494	0.178283	0.116889	0.0612257	0.000168393	0.793967	0.520556	0.272662	0.000749923	0.000216451	0.000963941	
495	0.0885813	0.0837651	0.00481619	0	0.394487	0.373038	0.0214484	0	0	0	
496	0.104678	0.0895496	0.0147928	0.000336595	0.466176	0.398799	0.0658781	0.00149899	0.000341901	0.00152261	
497	0.115546	0.0774158	0.0380412	8.93547e-05	0.514573	0.344762	0.169412	0.000397931	0.000218337	0.000972343	
498	0.168991	0.133267	0.0353895	0.000335076	0.752586	0.59349	0.157603	0.00149222	0.000367388	0.00163612	
499	0.159646	0.157649	0.00199679	2.39974e-07	0.71097	0.702076	0.00889249	1.06869e-06	1.87125e-07	8.33342e-07	
500	0.145926	0.0805806	0.0647963	0.000549971	0.649869	0.358857	0.288563	0.00244923	0.00107564	0.00479024	
501	0.146147	0.108202	0.0374727	0.00047293	0.650853	0.481866	0.16688	0.00210614	0.000657029	0.00292601	
502	0.0927175	0.090736	0.00198151	0	0.412907	0.404083	0.00882445	0	0	0	
503	0.113927	0.10277	0.0111443	1.24502e-05	0.507363	0.457678	0.0496301	5.5446e-05	1.2387e-05	5.51644e-05	
504	0.129867	0.119071	0.010776	2.03834e-05	0.578351	0.53027	0.0479901	9.07755e-05	2.06763e-05	9.20796e-05	
505	0.0733863	0.0685057	0.00487538	5.26866e-06	0.326817	0.305082	0.0217119	2.34634e-05	8.07477e-06	3.59601e-05	
506	0.144835	0.0975682	0.0467511	0.000516408	0.645009	0.434509	0.2082	0.00229976	0.00065959	0.00293741	
507	0.209667	0.157606	0.0515959	0.000464816	0.93373	0.701883	0.229776	0.00207	0.000488181	0.00217406	
508	0.094505	0.0878182	0.00668678	0	0.420867	0.391088	0.0297788	0	0	0	
509	0.0968907	0.0869674	0.0099233	0	0.431492	0.3873	0.0441923	0	0	0	
510	0.139333	0.105041	0.0337861	0.000505881	0.620504	0.467789	0.150462	0.00225288	0.000640731	0.00285342	
511	0.0786166	0.0749596	0.00364951	7.54589e-06	0.35011	0.333824	0.0162527	3.36048e-05	7.94513e-06	3.53827e-05	
512	0.154076	0.0881083	0.0657813	0.000186875	0.686163	0.39238	0.29295	0.000832231	0.000375232	0.00167105	
513	0.111662	0.0909067	0.0207127	4.26427e-05	0.497274	0.404843	0.0922417	0.000189904	0.000105246	0.000468701	
514	0.243164	0.128122	0.112825	0.00221696	1.0829	0.570579	0.502453	0.00987301	0.00312309	0.0139083	
515	0.0674379	0.0564473	0.0109397	5.07912e-05	0.300327	0.251382	0.0487191	0.000226193	5.81018e-05	0.00025875	
516	0.105852	0.0882683	0.0172942	0.000289821	0.471401	0.393093	0.0770179	0.00129068	0.000322442	0.00143596	
517	0.0871041	0.081509	0.00559414	1.00857e-06	0.387908	0.362991	0.0249129	4.49156e-06	3.64581e-06	1.62362e-05	
518	0.188321	0.155417	0.0329038	0	0.838667	0.692133	0.146533	0	0	0	
519	0.0648715	0.0419932	0.0228774	8.32266e-07	0.288898	0.187012	0.101882	3.7064e-06	2.56352e-06	1.14163e-05	
520	0.160446	0.12203	0.0376757	0.000740482	0.71453	0.543448	0.167784	0.00329765	0.000944849	0.00420778	
521	0.261532	0.109574	0.150698	0.00125939	1.1647	0.487975	0.671121	0.00560856	0.00296643	0.0132107	
522	0.173347	0.0781382	0.0951682	4.06429e-05	0.771982	0.34798	0.423821	0.000180998	0.000150343	0.000669537	
523	0.0908627	0.0760082	0.0148544	0	0.404647	0.338494	0.0661528	0	0	0	
524	0.147901	0.10571	0.0417736	0.000418008	0.658664	0.470768	0.186034	0.00186155	0.000616026	0.0027434	
525	0.156726	0.0995226	0.0565682	0.000635849	0.697965	0.443213	0.25192	0.00283168	0.000984095	0.00438256	
526	0.118886	0.101222	0.0175627	0.000101451	0.529448	0.450783	0.0782136	0.000451805	0.000114802	0.000511259	
527	0.111091	0.0777707	0.0331091	0.000211207	0.494732	0.346343	0.147448	0.00094059	0.000238436	0.00106184	
528	0.0888869	0.0802317	0.00863695	1.83615e-05	0.395848	0.357303	0.0384637	8.1771e-05	2.95583e-05	0.000131634	
529	0.124696	0.0808966	0.043385	0.000414969	0.555322	0.360264	0.19321	0.00184802	0.000786334	0.00350185	
530	0.0936284	0.080664	0.0129486	1.5863e-05	0.416964	0.359228	0.0576652	7.06442e-05	1.97001e-05	8.77324e-05	
531	0.172178	0.104807	0.0669626	0.000408078	0.766776	0.466748	0.298211	0.00181733	0.00120997	0.00538848	
532	0.119167	0.083604	0.0342652	0.00129823	0.530699	0.372321	0.152596	0.00578155	0.00137268	0.00611308	
533	0.169133	0.11773	0.0511891	0.000213939	0.753218	0.5243	0.227965	0.000952757	0.000428947	0.00191027	
534	0.136271	0.113235	0.022556	0.000479611	0.60687	0.504283	0.10045	0.00213589	0.000497411	0.00221516	
535	0.0972461	0.0775685	0.0195369	0.000140728	0.433075	0.345443	0.0870054	0.000626719	0.000172219	0.000766961	
536	0.0739212	0.0657933	0.00812717	7.93122e-07	0.3292	0.293003	0.0361934	3.53208e-06	1.76919e-06	7.87891e-06	
537	0.125085	0.0767097	0.0475895	0.000786388	0.557055	0.341618	0.211934	0.00350209	0.00149363	0.00665175	
538	0.144404	0.08036	0.0611521	0.00289189	0.643087	0.357874	0.272334	0.0128787	0.00567325	0.0252652	
539	0.133248	0.0831131	0.0500315	0.00010357	0.593406	0.370135	0.22281	0.000461241	0.000176069	0.000784105	
540	0.0925847	0.0798908	0.0125747	0.000119143	0.412316	0.355785	0.0560004	0.000530594	0.00013928	0.000620272	
541	0.0913289	0.0821513	0.00915412	2.35462e-05	0.406723	0.365852	0.0407668	0.00010486	2.74439e-05	0.000122218	
542	0.203299	0.149907	0.0529047	0.000486648	0.90537	0.667597	0.235605	0.00216723	0.000641501	0.00285685	
543	0.131932	0.0893622	0.0425404	3.00059e-05	0.587547	0.397965	0.189449	0.000133628	3.76217e-05	0.000167544	
544	0.168321	0.126648	0.0416567	1.64036e-05	0.749599	0.564013	0.185513	7.30516e-05	0.000210589	0.000937838	
545	0.150075	0.0751613	0.074899	1.5466e-05	0.668346	0.334722	0.333554	6.88764e-05	2.1598e-05	9.61847e-05	
546	0.136174	0.116525	0.0196459	3.44437e-06	0.60644	0.518933	0.087491	1.53391e-05	4.55473e-06	2.0284e-05	
547	0.0862559	0.0754628	0.0107931	0	0.384131	0.336065	0.048066	0	0	0	
548	0.116721	0.110753	0.00596816	0	0.519806	0.493227	0.0265785	0	0	0	
549	0.153562	0.0849749	0.0675785	0.00100926	0.683874	0.378426	0.300953	0.00449465	0.0017998	0.00801521	
550	0.185114	0.119698	0.0640152	0.001401	0.824387	0.533063	0.285084	0.0062392	0.00233635	0.0104046	
551	0.0969445	0.0965301	0.000414358	0	0.431731	0.429886	0.0018453	0	0	0	
552	0.0822006	0.072575	0.00956557	6.00675e-05	0.366071	0.323204	0.0425992	0.000267504	6.45233e-05	0.000287347	
553	0.187635	0.182933	0.00469847	3.37004e-06	0.835613	0.814674	0.0209241	1.50081e-05	4.01197e-06	1.78668e-05	
554	0.13993	0.1024	0.0365768	0.000952823	0.623163	0.456029	0.16289	0.00424329	0.00102167	0.0045499	
555	0.0940289	0.075118	0.0188935	1.73453e-05	0.418747	0.33453	0.0841405	7.72455e-05	2.1492e-05	9.57122e-05	
556	0.186265	0.149529	0.0364807	0.00025527	0.829514	0.665915	0.162462	0.00113682	0.000255541	0.00113802	
557	0.0890836	0.0789262	0.0101335	2.39096e-05	0.396724	0.351489	0.0451285	0.000106478	5.37277e-05	0.00023927	
558	0.106818	0.0973948	0.00942361	0	0.475704	0.433737	0.041967	0	0	0	
559	0.0992181	0.0790304	0.0199006	0.000287117	0.441857	0.351953	0.0886252	0.00127864	0.000385634	0.00171738	
560	0.0951509	0.0847873	0.0103636	0	0.423744	0.37759	0.0461536	0	0	0	
561	0.110628	0.0930521	0.0174179	0.000158386	0.492671	0.414397	0.0775689	0.000705356	0.000254396	0.00113292	
562	0.0753428	0.0498228	0.02552	0	0.335531	0.22188	0.11365	0	0	0	
563	0.106944	0.0787896	0.0281215	3.37676e-05	0.476267	0.350881	0.125236	0.00015038	6.36706e-05	0.00028355	
564	0.123921	0.0814357	0.0422621	0.000223906	0.551871	0.362665	0.188209	0.000997141	0.000495752	0.00220777	
565	0.10096	0.084945	0.0158908	0.000124715	0.449616	0.378293	0.070768	0.000555406	0.000151177	0.000673253	
566	0.122301	0.103717	0.0185101	7.3055e-05	0.544654	0.461896	0.0824327	0.000325342	8.22079e-05	0.000366103	
567	0.220197	0.160795	0.058515	0.000887065	0.980626	0.716085	0.26059	0.00395044	0.000937198	0.00417371	
568	0.139777	0.115224	0.0245531	0	0.622483	0.513138	0.109344	0	0	0	
569	0.0759055	0.075846	5.9558e-05	0	0.338037	0.337771	0.000265235	0	0	0	
570	0.135474	0.119725	0.0156364	0.000112047	0.60332	0.533186	0.0696352	0.00049899	0.000152731	0.000680173	
571	0.109612	0.0914881	0.0181188	5.55074e-06	0.488147	0.407432	0.0806902	2.47196e-05	7.01212e-06	3.12277e-05	
572	0.114724	0.0975752	0.0170636	8.51935e-05	0.51091	0.43454	0.0759911	0.0003794	0.000109223	0.000486416	
573	0.10069	0.084347	0.0163007	4.2463e-05	0.448412	0.37563	0.0725934	0.000189104	7.11042e-05	0.000316655	
574	0.142696	0.0798393	0.0625655	0.000292113	0.635485	0.355555	0.278628	0.00130089	0.000535948	0.00238678	
575	0.148477	0.0842871	0.0623163	0.00187437	0.661229	0.375363	0.277519	0.0083473	0.00210403	0.0093701	
576	0.0679607	0.0544748	0.0134858	1.5615e-07	0.302655	0.242597	0.0600577	6.95398e-07	3.31545e-07	1.4765e-06	
577	0.134353	0.113133	0.0212199	0	0.598328	0.503827	0.0945005	0	0	0	
578	0.108991	0.0890054	0.0199856	3.66476e-07	0.485381	0.396375	0.0890038	1.63206e-06	3.21197e-07	1.43041e-06	
579	0.0954374	0.0872845	0.00814148	1.15198e-05	0.42502	0.388712	0.0362571	5.13025e-05	1.72646e-05	7.68863e-05	
580	0.0835097	0.0667626	0.0167269	2.0229e-05	0.371901	0.29732	0.0744918	9.00877e-05	5.78109e-05	0.000257454	
581	0.0802988	0.0752187	0.0050801	0	0.357602	0.334978	0.0226236	0	0	0	
582	0.0864702	0.0844792	0.00199061	4.64751e-07	0.385085	0.376219	0.00886496	2.06972e-06	4.12187e-07	1.83563e-06	
583	0.110649	0.0929098	0.0177035	3.63125e-05	0.492766	0.413763	0.0788408	0.000161713	4.56338e-05	0.000203225	
584	0.179852	0.128156	0.0510013	0.000694348	0.800952	0.570732	0.227128	0.0030922	0.000803748	0.0035794	
585	0.113837	0.0750174	0.0387912	2.88913e-05	0.506963	0.334082	0.172752	0.000128664	5.06498e-05	0.000225563	
586	0.12548	0.0844772	0.0407079	0.000294918	0.558811	0.37621	0.181288	0.00131338	0.000342582	0.00152565	
587	0.106421	0.0891041	0.0172099	0.00010786	0.473938	0.396815	0.0766426	0.000480344	0.000132675	0.000590857	
588	0.0681884	0.0677381	0.000450281	0	0.303669	0.301664	0.00200527	0	0	0	
589	0.163328	0.109441	0.052747	0.00114074	0.727366	0.487383	0.234903	0.00508017	0.00170991	0.00761489	
590	0.136785	0.107585	0.0288826	0.000317653	0.609158	0.479118	0.128625	0.00141463	0.000337632	0.0015036	
591	0.131684	0.0961262	0.0354079	0.000150331	0.586442	0.428087	0.157685	0.000669482	0.000290568	0.00129401	
592	0.113083	0.0859662	0.0270707	4.65553e-05	0.503604	0.382841	0.120556	0.000207329	6.00852e-05	0.000267582	
593	0.0969708	0.0941876	0.00278273	5.01678e-07	0.431849	0.419454	0.0123925	2.23416e-06	1.01483e-06	4.51944e-06	
594	0.0882192	0.0806802	0.00752205	1.70077e-05	0.392874	0.3593	0.0334986	7.57421e-05	3.08278e-05	0.000137288	
595	0.112373	0.0940333	0.0182787	6.16016e-05	0.500443	0.418767	0.0814025	0.000274336	0.000105279	0.000468852	
596	0.108714	0.0904427	0.0181881	8.38184e-05	0.484148	0.402776	0.0809987	0.000373276	0.000130912	0.000583005	
597	0.15399	0.141247	0.0127294	1.37997e-05	0.685781	0.629031	0.0566891	6.14555e-05	2.06024e-05	9.17505e-05	
598	0.115468	0.108437	0.00696662	6.48519e-05	0.514226	0.482912	0.031025	0.000288811	6.57257e-05	0.000292702	
599	0.107052	0.0935889	0.0134632	0	0.476745	0.416788	0.059957	0	0	0	
600	0.109291	0.108167	0.0011246	0	0.486718	0.48171	0.00500831	0	0	0	
601	0.259372	0.148348	0.11004	0.000983739	1.15508	0.660653	0.490052	0.00438097	0.000987437	0.00439744	
602	0.10973	0.102776	0.00695453	0	0.488674	0.457703	0.0309712	0	0	0	
603	0.108322	0.0520611	0.0562615	0	0.482403	0.231848	0.250554	0	0	0	
604	0.0860102	0.0811054	0.00490418	6.03851e-07	0.383037	0.361194	0.0218402	2.68918e-06	3.34134e-06	1.48803e-05	
605	0.126337	0.0496436	0.0766937	0	0.562629	0.221082	0.341547	0	0	0	
606	0.143371	0.093964	0.0487688	0.000638937	0.63849	0.418458	0.217186	0.00284543	0.000796916	0.00354897	
607	0.0870506	0.0783239	0.00868746	3.92507e-05	0.38767	0.348807	0.0386886	0.000174798	4.92441e-05	0.000219303	
608	0.0874363	0.0789415	0.00847021	2.46198e-05	0.389388	0.351557	0.0377211	0.000109641	2.55399e-05	0.000113739	
609	0.0902889	0.0872616	0.00302448	2.81912e-06	0.402091	0.38861	0.0134692	1.25546e-05	2.98406e-06	1.32892e-05	
610	0.10403	0.0801607	0.0234436	0.000425907	0.463287	0.356987	0.104403	0.00189673	0.000493599	0.00219819	
611	0.0607563	0.0578136	0.00294269	0	0.270571	0.257466	0.0131049	0	0	0	
612	0.0975755	0.0907616	0.00681387	0	0.434542	0.404197	0.0303448	0	0	0	
613	0.0924763	0.0767541	0.0155459	0.000176327	0.411833	0.341816	0.069232	0.000785255	0.000221931	0.000988349	
614	0.0970972	0.0837455	0.0132659	8.57771e-05	0.432411	0.372951	0.0590786	0.000381999	9.02263e-05	0.000401813	
615	0.10013	0.0868693	0.0132613	0	0.445921	0.386862	0.059058	0	0	0	
616	0.123989	0.0890689	0.0323473	0.00257276	0.552171	0.396659	0.144055	0.0114575	0.00261168	0.0116308	
617	0.123513	0.0917674	0.0316904	5.58949e-05	0.550054	0.408676	0.141129	0.000248922	6.6724e-05	0.000297148	
618	0.0595277	0.0559718	0.00355588	0	0.2651	0.249264	0.0158357	0	0	0	
619	0.139466	0.0989458	0.0404677	5.3149e-05	0.621099	0.440644	0.180218	0.000236693	6.20181e-05	0.000276191	
620	0.10373	0.0877779	0.0159496	2.68027e-06	0.461951	0.390909	0.07103	1.19363e-05	2.74674e-06	1.22323e-05	
621	0.328597	0.186255	0.139613	0.00272892	1.46337	0.829469	0.621752	0.0121529	0.00335319	0.014933	
622	0.0337594	0.0305013	0.00325435	3.84251e-06	0.150344	0.135834	0.0144929	1.71122e-05	4.53499e-06	2.0196e-05	
623	0.100212	0.0718814	0.0282228	0.000107931	0.446283	0.320116	0.125687	0.000480662	0.000162848	0.000725228	
624	0.119127	0.0827338	0.0363499	4.37494e-05	0.530521	0.368446	0.16188	0.000194833	4.62735e-05	0.000206074	
625	0.0648927	0.0550013	0.00989135	0	0.288992	0.244942	0.04405	0	0	0	
626	0.0694226	0.0638505	0.00557213	0	0.309166	0.284351	0.0248149	0	0	0	
627	0.0974675	0.0791378	0.0183296	0	0.434061	0.352431	0.0816292	0	0	0	
628	0.0601355	0.0601307	4.86097e-06	0	0.267807	0.267785	2.16478e-05	0	0	0	
629	0.207301	0.137663	0.0691847	0.000453347	0.923194	0.613069	0.308106	0.00201893	0.000552412	0.0024601	
630	0.188802	0.145629	0.0431723	9.58254e-07	0.840812	0.648545	0.192263	4.26748e-06	1.38322e-06	6.16004e-06	
631	0.109511	0.0958745	0.0136365	0	0.487695	0.426966	0.0607288	0	0	0	
632	0.0438148	0.0432714	0.000543431	0	0.195124	0.192704	0.00242011	0	0	0	
633	0.0559726	0.0451752	0.0107214	7.59568e-05	0.249268	0.201183	0.0477469	0.000338265	8.85421e-05	0.000394312	
634	0.0454977	0.0419864	0.00350443	6.86168e-06	0.202619	0.186982	0.0156066	3.05577e-05	8.86061e-06	3.94597e-05	
635	0.0754932	0.0655821	0.00988451	2.66755e-05	0.336201	0.292062	0.0440195	0.000118796	2.67166e-05	0.000118979	
636	0.0832653	0.0650305	0.0182277	7.11999e-06	0.370812	0.289606	0.0811752	3.17081e-05	7.14174e-06	3.18049e-05	
637	0.0772619	0.07367	0.00358125	1.07197e-05	0.344077	0.328081	0.0159487	4.77394e-05	1.25423e-05	5.58559e-05	
638	0.123807	0.0815827	0.0422244	4.33337e-07	0.551363	0.363319	0.188042	1.92982e-06	2.30142e-06	1.02491e-05	
639	0.123082	0.0761714	0.0468807	3.02786e-05	0.548133	0.339221	0.208778	0.000134842	4.0923e-05	0.000182246	
640	0.0887128	0.0805344	0.00811843	6.00656e-05	0.395073	0.358651	0.0361545	0.000267495	6.54551e-05	0.000291497	
641	0.0756562	0.0750746	0.000581115	5.82265e-07	0.336926	0.334336	0.00258793	2.59305e-06	5.19305e-07	2.31266e-06	
642	0.0631085	0.0631085	0	0	0.281047	0.281047	0	0	0	0	
643	0.22904	0.14201	0.0794976	0.00753232	1.02	0.632427	0.354034	0.0335443	0.00976633	0.0434932	
644	0.103486	0.0824481	0.021038	3.9536e-07	0.460866	0.367173	0.0936908	1.76069e-06	1.36318e-06	6.07078e-06	
645	0.0829949	0.0804417	0.00254354	9.66479e-06	0.369608	0.358238	0.0113274	4.30411e-05	1.12222e-05	4.9977e-05	
646	0.131346	0.0750358	0.0563104	0	0.584936	0.334163	0.250772	0	0	0	
647	0.222058	0.12391	0.0868755	0.0112726	0.988912	0.55182	0.38689	0.0502016	0.0121811	0.0542474	
648	0.140355	0.117357	0.0229011	9.68257e-05	0.625055	0.522637	0.101987	0.000431202	0.000148129	0.000659678	
649	0.0643761	0.0643761	0	0	0.286692	0.286692	0	0	0	0	
650	0.0752067	0.0730256	0.0021811	0	0.334925	0.325211	0.00971332	0	0	0	
651	0.102012	0.10156	0.0004521	0	0.454302	0.452288	0.00201338	0	0	0	
652	0.108103	0.082517	0.0252951	0.000291272	0.481426	0.36748	0.112649	0.00129714	0.000379629	0.00169063	
653	0.103129	0.0877136	0.0154049	1.04489e-05	0.459273	0.390623	0.0686044	4.65333e-05	1.48112e-05	6.59604e-05	
654	0.109256	0.0883115	0.0209161	2.93075e-05	0.486564	0.393285	0.0931478	0.000130517	3.74153e-05	0.000166625	
655	0.118733	0.0811164	0.0373956	0.000221196	0.528765	0.361243	0.166537	0.000985076	0.000300052	0.00133625	
656	0.213255	0.118511	0.0932708	0.00147343	0.949711	0.527778	0.415371	0.00656176	0.00336805	0.0149992	
657	0.116351	0.080172	0.0361792	0	0.518157	0.357037	0.16112	0	0	0	
658	0.10202	0.0754184	0.0266022	8.98425e-08	0.454337	0.335867	0.11847	4.00104e-07	4.41597e-08	1.9666e-07	
659	0.131093	0.0958692	0.0347257	0.000498777	0.583811	0.426943	0.154647	0.00222125	0.000603889	0.00268935	
660	0.148801	0.100569	0.0481956	3.65299e-05	0.66267	0.447873	0.214633	0.000162682	0.000122615	0.000546055	
661	0.174651	0.0984898	0.0757427	0.000418744	0.77779	0.438613	0.337312	0.00186483	0.000847924	0.00377613	
662	0.121605	0.0805773	0.0410163	1.13926e-05	0.541554	0.358842	0.182661	5.07357e-05	1.77627e-05	7.91043e-05	
663	0.107842	0.0804957	0.0272352	0.000112097	0.480266	0.358478	0.121289	0.000499211	0.00013447	0.00059885	
664	0.0997799	0.0874794	0.0122851	1.54075e-05	0.444358	0.38958	0.0547105	6.8616e-05	2.38675e-05	0.000106291	
665	0.104692	0.0873739	0.0173112	7.69515e-06	0.466238	0.38911	0.0770938	3.42695e-05	1.10148e-05	4.90532e-05	
666	0.109427	0.0790961	0.0300171	0.000314092	0.487322	0.352245	0.133678	0.00139877	0.000391292	0.00174257	
667	0.149769	0.105022	0.0432172	0.00153077	0.666984	0.467704	0.192463	0.00681715	0.00207714	0.00925033	
668	0.108398	0.0832115	0.025172	1.47802e-05	0.482739	0.370573	0.1121	6.58222e-05	4.6334e-05	0.000206343	
669	0.0449696	0.0435922	0.0013774	6.33743e-08	0.200267	0.194133	0.00613413	2.8223e-07	1.20657e-06	5.37332e-06	
670	0.0891065	0.0827871	0.00629884	2.0542e-05	0.396826	0.368683	0.0280512	9.14815e-05	2.1454e-05	9.55434e-05	
671	0.0554013	0.0507413	0.00465997	0	0.246723	0.225971	0.0207526	0	0	0	
672	0.145596	0.112186	0.0333477	6.2585e-05	0.648399	0.49961	0.14851	0.000278715	0.00012473	0.000555473	
673	0.130351	0.101661	0.0285317	0.000157922	0.580505	0.452739	0.127062	0.000703288	0.000269081	0.00119832	
674	0.127945	0.0955373	0.0321859	0.00022213	0.56979	0.425465	0.143336	0.000989233	0.00028694	0.00127785	
675	0.107721	0.0813508	0.0263475	2.3475e-05	0.479727	0.362287	0.117335	0.000104543	2.52901e-05	0.000112626	
676	0.135886	0.110002	0.0255932	0.00029085	0.605155	0.489883	0.113976	0.00129526	0.0003376	0.00150346	
677	0.101142	0.0936188	0.00751978	4.34405e-06	0.450429	0.416921	0.0334885	1.93457e-05	6.55836e-06	2.92069e-05	
678	0.101452	0.0804726	0.02098	6.35802e-08	0.451808	0.358376	0.0934322	2.83147e-07	3.03128e-07	1.34995e-06	
679	0.124715	0.0911759	0.0335087	3.13128e-05	0.555408	0.406041	0.149227	0.000139448	6.17285e-05	0.000274901	
680	0.128112	0.110621	0.0174904	0	0.570533	0.492641	0.0778917	0	0	0	
681	0.108733	0.0979503	0.0107535	3.01309e-05	0.484234	0.436211	0.0478896	0.000134184	5.72232e-05	0.000254837	
682	0.0995772	0.0978502	0.00172706	0	0.443456	0.435765	0.0076913	0	0	0	
683	0.0968487	0.0913771	0.00547165	0	0.431305	0.406937	0.0243674	0	0	0	
684	0.105305	0.0944725	0.0108325	0	0.468964	0.420722	0.0482415	0	0	0	
685	0.185218	0.141048	0.0433454	0.000825086	0.824851	0.628142	0.193034	0.00367443	0.000828915	0.00369148	
686	0.10588	0.0907158	0.0147535	0.00041128	0.471527	0.403992	0.0657033	0.00183159	0.000411724	0.00183357	
687	0.081272	0.0779989	0.00326899	4.16799e-06	0.361936	0.347359	0.0145581	1.85616e-05	5.67092e-06	2.52548e-05	
688	0.0643834	0.0643834	0	0	0.286724	0.286724	0	0	0	0	
689	0.00824735	0.00716752	0.00107983	0	0.0367286	0.0319197	0.00480892	0	0	0	
690	0.0599667	0.0599667	0	0	0.267055	0.267055	0	0	0	0	
691	0.106798	0.0983376	0.00838039	8.08359e-05	0.475616	0.437935	0.0373211	0.000359993	8.69172e-05	0.000387076	
692	0.0730782	0.0730782	0	0	0.325446	0.325446	0	0	0	0	
693	0.0856441	0.0795067	0.00613455	2.91826e-06	0.381406	0.354074	0.0273195	1.29961e-05	3.42573e-06	1.52561e-05	
694	0.237372	0.154741	0.0776383	0.0049935	1.05711	0.689122	0.345753	0.022238	0.00579801	0.0258208	
695	0.0916666	0.0794897	0.01214	3.6862e-05	0.408227	0.353999	0.0540643	0.00016416	4.11944e-05	0.000183454	
696	0.240852	0.160092	0.0789744	0.00178542	1.07261	0.712955	0.351704	0.00795121	0.00210465	0.00937282	
697	0.142447	0.0829616	0.0591137	0.000371917	0.634373	0.36946	0.263256	0.00165629	0.000898519	0.00400145	
698	0.370553	0.196214	0.171534	0.00280508	1.65022	0.873819	0.763909	0.0124921	0.00348502	0.0155201	
699	0.339221	0.185738	0.149407	0.00407622	1.51068	0.827164	0.665368	0.018153	0.00967137	0.0430704	
700	0.0826946	0.0826946	0	0	0.368271	0.368271	0	0	0	0	
701	0.0828442	0.0825507	0.000293434	0	0.368937	0.36763	0.00130678	0	0	0	
702	0.110776	0.106465	0.00431036	6.20354e-07	0.493331	0.474133	0.0191957	2.76268e-06	9.58481e-07	4.26849e-06	
703	0.0902875	0.0878082	0.00247416	5.12359e-06	0.402085	0.391044	0.0110184	2.28173e-05	5.06025e-06	2.25352e-05	
704	0.0911367	0.0795919	0.0115448	0	0.405867	0.354453	0.0514138	0	0	0	
705	0.102929	0.0882347	0.014695	0	0.458386	0.392943	0.0654426	0	0	0	
706	0.20894	0.158467	0.0503792	9.43108e-05	0.930494	0.705716	0.224358	0.000420003	0.000147029	0.000654781	
707	0.0863585	0.080399	0.00595948	0	0.384588	0.358048	0.0265398	0	0	0	
708	0.0800672	0.0800672	0	0	0.35657	0.35657	0	0	0	0	
709	0.117688	0.103536	0.0140082	0.00014397	0.524113	0.461088	0.0623842	0.000641158	0.000144524	0.000643623	
710	0.171938	0.096141	0.0757511	4.61907e-05	0.765708	0.428153	0.337349	0.000205705	7.5596e-05	0.000336658	
711	0.0921659	0.0807937	0.0113721	0	0.41045	0.359806	0.0506445	0	0	0	
712	0.0766763	0.0766763	0	0	0.341469	0.341469	0	0	0	0	
713	0.0855316	0.0785229	0.00700875	0	0.380906	0.349693	0.0312127	0	0	0	
714	0.0898158	0.0817883	0.00802747	0	0.399984	0.364235	0.0357494	0	0	0	
715	0.0712164	0.0701499	0.00106645	0	0.317154	0.312405	0.00474935	0	0	0	
716	0.0836584	0.075088	0.00856006	1.03984e-05	0.372563	0.334396	0.0381213	4.63082e-05	1.75446e-05	7.8133e-05	
717	0.0981603	0.0884079	0.00969023	6.22101e-05	0.437146	0.393715	0.0431543	0.000277046	6.21659e-05	0.000276849	
718	0.11843	0.1083	0.0100496	8.0712e-05	0.527418	0.482304	0.0447551	0.000359442	8.16262e-05	0.000363513	
719	0.0705937	0.0630144	0.00757931	0	0.314381	0.280628	0.0337536	0	0	0	
720	0.0622963	0.0621738	0.000122519	0	0.27743	0.276884	0.000545629	0	0	0	
721	0.124296	0.106475	0.0176112	0.000209479	0.55354	0.474178	0.0784298	0.000932894	0.000214034	0.000953177	
722	0.0819293	0.0809675	0.000961718	0	0.364863	0.36058	0.0042829	0	0	0	
723	0.116777	0.102189	0.014588	0	0.520054	0.455088	0.0649661	0	0	0	
724	0.0816287	0.0806015	0.00102718	0	0.363524	0.35895	0.00457447	0	0	0	
725	0.0824624	0.0624747	0.0199877	0	0.367237	0.278224	0.0890132	0	0	0	
726	0.044293	0.0425931	0.00169983	0	0.197254	0.189684	0.00757002	0	0	0	
727	0.0890477	0.0888649	0.000182795	0	0.396564	0.39575	0.000814059	0	0	0	
728	0.10449	0.0853255	0.0186819	0.000482848	0.465336	0.379988	0.0831981	0.00215031	0.000561395	0.00250011	
729	0.102754	0.0775087	0.0251728	7.31255e-05	0.457606	0.345176	0.112104	0.000325656	8.03462e-05	0.000357813	
730	0.112064	0.104762	0.00725873	4.31088e-05	0.499067	0.46655	0.0323259	0.00019198	4.56754e-05	0.00020341	
731	0.120622	0.0943279	0.0259837	0.000310724	0.537178	0.420079	0.115715	0.00138377	0.000565926	0.00252029	
732	0.088585	0.0772809	0.011304	0	0.394503	0.344162	0.0503415	0	0	0	
733	0.100252	0.0918632	0.00831282	7.67305e-05	0.446464	0.409103	0.0370202	0.000341711	7.6667e-05	0.000341428	
734	0.112859	0.106715	0.00614286	1.52234e-06	0.502609	0.475246	0.0273565	6.77958e-06	1.71298e-06	7.62858e-06	
735	0.0664454	0.0656492	0.000796202	0	0.295907	0.292361	0.0035458	0	0	0	
736	0.0558312	0.0554274	0.000403804	0	0.248638	0.246839	0.00179829	0	0	0	
737	0.0974973	0.0795506	0.0179448	1.95178e-06	0.434193	0.35427	0.0799154	8.69204e-06	4.34677e-06	1.93578e-05	
738	0.123608	0.113037	0.0105345	3.62081e-05	0.550477	0.503402	0.0469145	0.000161249	4.08978e-05	0.000182133	
739	0.0662055	0.0647511	0.0014544	0	0.294839	0.288362	0.00647703	0	0	0	
740	0.0366691	0.0366514	1.76596e-05	0	0.163301	0.163223	7.86454e-05	0	0	0	
741	0.0920401	0.0862883	0.00566919	8.27257e-05	0.40989	0.384275	0.0252471	0.00036841	8.26624e-05	0.000368128	
742	0.144555	0.122805	0.0217288	2.11448e-05	0.64376	0.546899	0.0967669	9.41663e-05	2.10822e-05	9.38872e-05	
743	0.0894462	0.0840773	0.00530109	6.79298e-05	0.398339	0.374429	0.0236078	0.000302517	6.78663e-05	0.000302235	
744	0.05586	0.0552846	0.000575449	0	0.248766	0.246204	0.0025627	0	0	0	
745	0.116948	0.101607	0.0153403	0	0.520815	0.452498	0.0683167	0	0	0	
746	0.0814306	0.075047	0.00638362	0	0.362642	0.334213	0.0284287	0	0	0	
747	0.0857054	0.0841357	0.00156976	0	0.38168	0.374689	0.00699079	0	0	0	
748	0.0954487	0.0821187	0.0133234	6.61981e-06	0.42507	0.365707	0.0593345	2.94806e-05	7.70901e-06	3.43312e-05	
749	0.118961	0.112218	0.00673568	7.41783e-06	0.52978	0.49975	0.0299966	3.30345e-05	7.35444e-06	3.27522e-05	
750	0.0896612	0.0820189	0.00764226	0	0.399296	0.365262	0.0340339	0	0	0	
751	0.334196	0.151724	0.151759	0.0307116	1.4883	0.675689	0.675845	0.13677	0.0362879	0.161604	
752	0.0935705	0.0762664	0.0172344	6.96643e-05	0.416705	0.339644	0.0767519	0.000310242	7.80252e-05	0.000347476	
753	0.100019	0.0923771	0.00764226	0	0.445425	0.411391	0.0340339	0	0	0	
754	0.233784	0.176219	0.0575575	7.61556e-06	1.04113	0.784772	0.256326	3.3915e-05	0.000335471	0.00149398	
755	0.117091	0.0919044	0.0251868	0	0.521453	0.409286	0.112167	0	0	0	
756	0.213675	0.113866	0.0998095	0	0.951581	0.50709	0.44449	0	0	0	
757	0.120512	0.0774157	0.0400675	0.0030297	0.53669	0.344762	0.178436	0.0134924	0.00307571	0.0136973	
758	0.226208	0.127613	0.0985947	2.31391e-07	1.00739	0.568314	0.43908	1.03047e-06	2.95029e-07	1.31388e-06	
759	0.117849	0.0712085	0.0466186	2.2056e-05	0.524828	0.317119	0.207611	9.8224e-05	0.000126074	0.000561458	
760	0.109334	0.0865619	0.0227722	0	0.486907	0.385494	0.101413	0	0	0	
761	0.119906	0.109684	0.0101196	0.000102976	0.533992	0.488467	0.0450667	0.000458595	0.000104842	0.000466903	
762	0.0505656	0.0505656	0	0	0.225188	0.225188	0	0	0	0	
763	0.0559287	0.0538438	0.00208491	0	0.249072	0.239787	0.00928495	0	0	0	
764	0.07938	0.0765395	0.00283998	6.38995e-07	0.35351	0.34086	0.0126475	2.84569e-06	5.75707e-07	2.56385e-06	
765	0.0877742	0.0836232	0.00415103	0	0.390893	0.372406	0.0184861	0	0	0	
766	0.049945	0.0443993	0.00544925	9.64468e-05	0.222424	0.197727	0.0242676	0.000429515	0.000105987	0.000472001	
767	0.0515822	0.0430479	0.00844657	8.7738e-05	0.229715	0.191709	0.0376158	0.000390731	0.00010485	0.000466939	
768	0.0452215	0.0452019	1.96117e-05	0	0.201389	0.201302	8.73386e-05	0	0	0	
769	0.0838173	0.0523458	0.0305728	0.000898805	0.373271	0.233116	0.136152	0.00400273	0.000905503	0.00403255	
770	0.0839819	0.0564288	0.0275531	0	0.374004	0.251299	0.122705	0	0	0	
771	0.114414	0.07806	0.0363274	2.6801e-05	0.509531	0.347632	0.16178	0.000119355	0.000191355	0.00085218	
772	0.103009	0.103009	0	0	0.458741	0.458741	0	0	0	0	
773	0.131986	0.090305	0.0416809	9.96323e-08	0.587785	0.402163	0.185621	4.43701e-07	3.54803e-08	1.58007e-07	
774	0.0775055	0.0774392	6.63187e-05	0	0.345162	0.344867	0.000295343	0	0	0	
775	0.075464	0.075464	0	0	0.33607	0.33607	0	0	0	0	
776	0.0647387	0.0647387	0	0	0.288306	0.288306	0	0	0	0	
777	0.0741402	0.0741402	0	0	0.330175	0.330175	0	0	0	0	
778	0.0920513	0.0920513	0	0	0.40994	0.40994	0	0	0	0	
779	0.134571	0.110474	0.0240978	0	0.599301	0.491984	0.107316	0	0	0	
780	0.0505275	0.043378	0.00714951	0	0.225018	0.193179	0.0318395	0	0	0	
781	0.0570027	0.0423812	0.0146214	0	0.253855	0.18874	0.0651151	0	0	0	
782	0.108313	0.0949371	0.0133764	0	0.482363	0.422792	0.0595706	0	0	0	
783	0.285531	0.134578	0.131501	0.0194522	1.27158	0.599329	0.585626	0.0866282	0.024617	0.109629	
784	0.0715887	0.0715887	0	0	0.318812	0.318812	0	0	0	0	
785	0.128908	0.0751835	0.0537254	0	0.574082	0.334821	0.23926	0	0	0	
786	0.118248	0.0947114	0.0235347	2.48941e-06	0.526607	0.421787	0.104809	1.10863e-05	2.426e-06	1.08039e-05	
787	0.199269	0.0838849	0.114002	0.00138207	0.887426	0.373572	0.507699	0.00615489	0.00696145	0.031002	
788	0.171218	0.0914558	0.0796643	9.79059e-05	0.7625	0.407288	0.354776	0.000436013	0.00012185	0.000542648	
789	0.102657	0.102591	6.63187e-05	0	0.457173	0.456878	0.000295343	0	0	0	
790	0.113326	0.0843963	0.0289149	1.55747e-05	0.504688	0.37585	0.128769	6.93604e-05	1.5512e-05	6.90812e-05	
791	0.120873	0.0871659	0.0337078	0	0.538297	0.388183	0.150114	0	0	0	
792	0.0958278	0.0824513	0.0133764	0	0.426758	0.367188	0.0595706	0	0	0	
793	0.291688	0.147383	0.131345	0.0129606	1.299	0.656354	0.584931	0.0577186	0.0184495	0.0821628	
794	0.10552	0.0896383	0.0158805	1.69419e-06	0.469924	0.399194	0.0707223	7.5449e-06	3.07792e-05	0.000137071	
795	0.146906	0.105649	0.0411606	9.55167e-05	0.654229	0.4705	0.183304	0.000425373	0.000100418	0.000447201	
796	0.0938715	0.0938715	0	0	0.418046	0.418046	0	0	0	0	
797	0.0533066	0.0533066	0	0	0.237395	0.237395	0	0	0	0	
798	0.1949	0.103895	0.0903492	0.000655486	0.867966	0.462686	0.40236	0.00291913	0.00141482	0.00630078	
799	0.176211	0.129428	0.0467826	0	0.784738	0.576397	0.208341	0	0	0	
800	0.222718	0.158911	0.0638042	2.52297e-06	0.991852	0.707695	0.284145	1.12358e-05	2.68061e-06	1.19378e-05	
801	0.147431	0.0853563	0.0620506	2.42445e-05	0.656568	0.380124	0.276335	0.00010797	5.06343e-05	0.000225494	
802	0.134068	0.0864326	0.0476336	2.37764e-06	0.597059	0.384918	0.212131	1.05885e-05	1.0327e-05	4.59905e-05	
803	0.0833815	0.0833815	0	0	0.37133	0.37133	0	0	0	0	
804	0.197403	0.151177	0.0461858	4.04353e-05	0.879114	0.67325	0.205683	0.000180074	5.06475e-05	0.000225553	
805	0.19597	0.144047	0.0515799	0.000343101	0.872733	0.6415	0.229705	0.00152796	0.000727462	0.00323967	
806	0.167854	0.107043	0.0567458	0.00406598	0.747523	0.476705	0.252711	0.0181074	0.00485418	0.0216175	
807	0.161425	0.119459	0.0416917	0.000273943	0.71889	0.532001	0.185669	0.00121997	0.000415085	0.00184853	
808	0.17255	0.15277	0.0197201	5.94482e-05	0.768434	0.680348	0.0878216	0.000264746	6.32749e-05	0.000281787	
809	0.178301	0.112316	0.065656	0.000329145	0.794046	0.500189	0.292392	0.00146581	0.000513406	0.00228639	
810	0.0793389	0.0780231	0.00131579	0	0.353327	0.347467	0.00585976	0	0	0	
811	0.141723	0.0972098	0.0444602	5.37686e-05	0.631151	0.432913	0.197998	0.000239452	6.31701e-05	0.000281321	
812	0.181921	0.112266	0.0696224	3.27849e-05	0.810166	0.499965	0.310055	0.000146004	0.000163815	0.000729533	
813	0.0647463	0.0640155	0.000730826	0	0.28834	0.285086	0.00325465	0	0	0	
814	0.103071	0.0815511	0.0215198	1.2862e-07	0.459015	0.363179	0.0958361	5.72795e-07	3.01954e-07	1.34472e-06	
815	0.153149	0.132731	0.0198778	0.000539597	0.682033	0.591106	0.0885236	0.00240303	0.000556723	0.0024793	
816	0.214604	0.155915	0.0581819	0.000507406	0.955716	0.69435	0.259107	0.00225967	0.00115433	0.0051407	
817	0.165133	0.0972459	0.0656759	0.00221186	0.735405	0.433074	0.29248	0.00985027	0.00424723	0.0189145	
818	0.192333	0.124335	0.0665564	0.00144115	0.856534	0.553714	0.296402	0.00641804	0.00229196	0.010207	
819	0.0675974	0.0669969	0.000600499	0	0.301037	0.298363	0.00267425	0	0	0	
820	0.095649	0.0908057	0.00484329	0	0.425962	0.404393	0.021569	0	0	0	
821	0.0277706	0.0275772	0.000193463	0	0.123673	0.122812	0.000861568	0	0	0	
822	0.09257	0.0843094	0.00826053	0	0.41225	0.375463	0.0367873	0	0	0	
823	0.0604035	0.0590355	0.001368	0	0.269	0.262908	0.00609224	0	0	0	
824	0.11962	0.11962	0	0	0.532718	0.532718	0	0	0	0	
825	0.0789925	0.0785571	0.000435451	0	0.351784	0.349845	0.00193923	0	0	0	
826	0.117219	0.106117	0.0111014	0	0.522023	0.472584	0.0494392	0	0	0	
827	0.0845414	0.084106	0.000435451	0	0.376496	0.374556	0.00193923	0	0	0	
828	0.182858	0.10363	0.078568	0.000660256	0.814342	0.461508	0.349894	0.00294038	0.00160367	0.0071418	
829	0.128415	0.10153	0.0268841	8.28751e-07	0.571885	0.452156	0.119725	3.69075e-06	1.62653e-05	7.24359e-05	
830	0.170691	0.133884	0.0368058	1.73622e-06	0.760157	0.596238	0.16391	7.7321e-06	2.12519e-06	9.46433e-06	
831	0.100615	0.100615	0	0	0.448081	0.448081	0	0	0	0	
832	0.0883079	0.0838254	0.00447954	2.96615e-06	0.393269	0.373307	0.0199491	1.32094e-05	6.30148e-06	2.80629e-05	
833	0.0929429	0.0883838	0.0045488	1.04023e-05	0.413911	0.393607	0.0202576	4.63258e-05	1.32772e-05	5.91287e-05	
834	0.0991829	0.0978694	0.00131109	2.44034e-06	0.4417	0.43585	0.00583882	1.08677e-05	2.37694e-06	1.05854e-05	
835	0.102589	0.0965355	0.00605443	0	0.456873	0.42991	0.0269627	0	0	0	
836	0.145022	0.116114	0.0287359	0.000172959	0.645843	0.517101	0.127972	0.000770254	0.000175973	0.00078368	
837	0.133721	0.120052	0.0134479	0.000221214	0.595515	0.534642	0.0598887	0.000985155	0.000232748	0.00103652	
838	0.133001	0.0972111	0.0357393	5.06626e-05	0.592305	0.432919	0.159161	0.00022562	0.000127876	0.000569483	
839	0.206818	0.152174	0.0536155	0.00102949	0.921045	0.67769	0.23877	0.00458475	0.00108661	0.00483911	
840	0.108665	0.0765432	0.0321217	0	0.483927	0.340877	0.14305	0	0	0	
841	0.108236	0.079791	0.0284251	1.98559e-05	0.482017	0.35534	0.126588	8.84263e-05	4.17642e-05	0.000185992	
842	0.10603	0.0977346	0.00829614	0	0.472196	0.43525	0.0369459	0	0	0	
843	0.13351	0.12116	0.0122805	6.90765e-05	0.594573	0.539575	0.05469	0.000307624	7.28715e-05	0.000324525	
844	0.140706	0.109687	0.0309733	4.53214e-05	0.62662	0.488482	0.137936	0.000201834	4.69254e-05	0.000208977	
845	0.177873	0.134182	0.0428713	0.000819585	0.79214	0.597568	0.190922	0.00364993	0.00121022	0.00538959	
846	0.105927	0.0936391	0.012288	0	0.471735	0.417011	0.0547234	0	0	0	
847	0.121489	0.0954809	0.025995	1.34755e-05	0.541039	0.425213	0.115766	6.00119e-05	1.37286e-05	6.11392e-05	
848	0.105096	0.102339	0.00275748	1.4995e-07	0.468036	0.455755	0.0122801	6.6779e-07	1.5361e-07	6.84085e-07	
849	0.100547	0.0964281	0.00411937	2.84241e-07	0.447778	0.429432	0.0183451	1.26583e-06	6.29421e-07	2.80305e-06	
850	0.0803412	0.0797895	0.000551664	0	0.35779	0.355334	0.00245677	0	0	0	
851	0.0642871	0.0642871	0	0	0.286295	0.286295	0	0	0	0	
852	0.0933169	0.0844493	0.00884803	1.96051e-05	0.415576	0.376086	0.0394037	8.73093e-05	2.70582e-05	0.000120501	
853	0.107298	0.103017	0.0042806	0	0.477841	0.458778	0.0190632	0	0	0	
854	0.100044	0.094117	0.00592731	3.90873e-07	0.445538	0.41914	0.0263966	1.74071e-06	3.27308e-07	1.45763e-06	
855	0.110712	0.0928198	0.0171237	0.000768536	0.493044	0.413363	0.0762588	0.00342259	0.000768473	0.00342231	
856	0.111216	0.103181	0.00803452	0	0.495288	0.459507	0.0357808	0	0	0	
857	0.063088	0.063088	0	0	0.280955	0.280955	0	0	0	0	
858	0.101863	0.0849862	0.0168772	0	0.453637	0.378476	0.075161	0	0	0	
859	0.125639	0.111385	0.0142543	0	0.559523	0.496043	0.0634803	0	0	0	
860	0.0917305	0.083696	0.00803452	0	0.408511	0.37273	0.0357808	0	0	0	
861	0.0858418	0.0858418	0	0	0.382287	0.382287	0	0	0	0	
862	0.118017	0.0784249	0.0395849	7.54574e-06	0.525577	0.349256	0.176287	3.36041e-05	1.7846e-05	7.94754e-05	
863	0.120279	0.114418	0.00586046	1.92692e-07	0.53565	0.50955	0.0260989	8.58135e-07	1.29128e-07	5.7506e-07	
864	0.105012	0.0946477	0.0103645	0	0.46766	0.421503	0.0461574	0	0	0	
865	0.116875	0.115962	0.00091279	0	0.520491	0.516426	0.00406501	0	0	0	
866	0.0762484	0.0753616	0.000886828	0	0.339564	0.335614	0.00394939	0	0	0	
867	0.0858743	0.0858743	0	0	0.382432	0.382432	0	0	0	0	
868	0.104343	0.0991411	0.00517793	2.40181e-05	0.46468	0.441514	0.0230593	0.000106962	2.39548e-05	0.00010668	
869	0.0963378	0.0938478	0.0024893	7.94303e-07	0.42903	0.417941	0.0110858	3.53734e-06	7.31009e-07	3.25547e-06	
870	0.131777	0.125211	0.00656587	0	0.586855	0.557615	0.0292403	0	0	0	
871	0.110828	0.098098	0.0126437	8.69132e-05	0.493563	0.436868	0.0563075	0.000387058	8.68498e-05	0.000386776	
872	0.0415719	0.0415719	0	0	0.185135	0.185135	0	0	0	0	
873	0.0994823	0.0992016	0.000280741	0	0.443033	0.441783	0.00125024	0	0	0	
874	0.11151	0.090236	0.0211389	0.000135709	0.4966	0.401856	0.0941401	0.000604366	0.000136319	0.000607085	
875	0.0809248	0.0809248	0	0	0.36039	0.36039	0	0	0	0	
876	0.044148	0.044148	0	0	0.196608	0.196608	0	0	0	0	
877	0.106937	0.0870274	0.0197287	0.000181093	0.476233	0.387567	0.0878596	0.000806481	0.00018103	0.000806198	
878	0.0994724	0.0986803	0.000792176	0	0.442989	0.439461	0.00352786	0	0	0	
879	0.0868129	0.0866413	0.000171611	0	0.386612	0.385847	0.000764255	0	0	0	
880	0.0942158	0.0870912	0.00712459	0	0.419579	0.387851	0.0317286	0	0	0	
881	0.080075	0.0787971	0.00127312	4.91741e-06	0.356605	0.350914	0.0056697	2.18991e-05	4.85398e-06	2.16167e-05	
882	0.0901556	0.0888543	0.00130122	0	0.401498	0.395703	0.00579484	0	0	0	
883	0.0596018	0.058871	0.000730826	0	0.26543	0.262175	0.00325465	0	0	0	
884	0.0782927	0.0782927	0	0	0.348668	0.348668	0	0	0	0	
885	0.0889387	0.0889387	0	0	0.396079	0.396079	0	0	0	0	
886	0.102451	0.101064	0.00138675	0	0.456255	0.450079	0.00617574	0	0	0	
887	0.0657896	0.0656856	0.000104071	0	0.292987	0.292523	0.000463471	0	0	0	
888	0.0962928	0.0962028	8.9926e-05	0	0.428829	0.428429	0.000400475	0	0	0	
889	0.0679864	0.0642081	0.00377822	0	0.30277	0.285944	0.0168259	0	0	0	
890	0.0928927	0.0910547	0.00183658	1.53275e-06	0.413687	0.405502	0.00817904	6.82596e-06	1.46939e-06	6.54379e-06	
891	0.0418059	0.0410099	0.000796027	0	0.186178	0.182633	0.00354501	0	0	0	
892	0.058176	0.058176	0	0	0.25908	0.25908	0	0	0	0	
893	0.0865153	0.0863437	0.000171611	0	0.385286	0.384522	0.000764255	0	0	0	
894	0.0845507	0.0832454	0.00130132	3.98965e-06	0.376537	0.370724	0.00579531	1.77674e-05	3.9262e-06	1.74849e-05	
895	0.079535	0.079535	0	0	0.3542	0.3542	0	0	0	0	
896	0.0793007	0.0783354	0.000965273	0	0.353157	0.348858	0.00429873	0	0	0	
897	0.075465	0.0712639	0.00420119	0	0.336075	0.317366	0.0187095	0	0	0	
898	0.0726938	0.0726938	0	0	0.323734	0.323734	0	0	0	0	
899	0.0984999	0.0951147	0.00338528	0	0.438658	0.423582	0.0150759	0	0	0	
900	0.0813809	0.0813809	0	0	0.36242	0.36242	0	0	0	0	
901	0.181708	0.111736	0.0692555	0.000716405	0.809219	0.497607	0.308422	0.00319043	0.000806649	0.00359232	
902	0.0751669	0.0747889	0.000378029	0	0.334747	0.333064	0.00168351	0	0	0	
903	0.215573	0.115588	0.0994752	0.000510236	0.960033	0.514759	0.443002	0.00227228	0.00053557	0.0023851	
904	0.0674874	0.0674873	0	0	0.300547	0.300547	0	0	0	0	
905	0.159759	0.0924721	0.0672877	0	0.711473	0.411814	0.299658	0	0	0	
906	0.208546	0.130118	0.0780877	0.000339918	0.928737	0.579468	0.347755	0.00151378	0.000579775	0.00258196	
907	0.0807863	0.0800391	0.000747158	0	0.359773	0.356445	0.00332738	0	0	0	
908	0.111322	0.0989528	0.0123064	6.33288e-05	0.495763	0.440675	0.0548055	0.000282028	6.32654e-05	0.000281745	
909	0.107024	0.105194	0.00183003	0	0.47662	0.46847	0.00814987	0	0	0	
910	0.114966	0.0899223	0.0250446	0	0.511992	0.400459	0.111533	0	0	0	
911	0.126413	0.106337	0.0197465	0.000329991	0.56297	0.473562	0.0879388	0.00146957	0.000441115	0.00196445	
912	0.109058	0.0956504	0.0134081	0	0.48568	0.425968	0.0597116	0	0	0	
913	0.113303	0.0984728	0.0146883	0.000142632	0.504585	0.438537	0.0654131	0.000635197	0.000142569	0.000634915	
914	0.0765256	0.0765256	0	0	0.340798	0.340798	0	0	0	0	
915	0.133329	0.0915172	0.0416834	0.000128869	0.593768	0.407562	0.185632	0.000573906	0.000128807	0.000573631	
916	0.106621	0.106621	0	0	0.474825	0.474825	0	0	0	0	
917	0.116086	0.0923818	0.0237048	0	0.516979	0.411412	0.105567	0	0	0	
918	0.124407	0.0887655	0.034835	0.000807316	0.554036	0.395307	0.155134	0.00359529	0.00155642	0.00693135	
919	0.0921067	0.0860644	0.00604224	0	0.410187	0.383278	0.0269084	0	0	0	
920	0.114413	0.085631	0.0286167	0.00016553	0.509526	0.381348	0.127441	0.000737171	0.00017544	0.000781303	
921	0.0382361	0.0382361	0	0	0.17028	0.17028	0	0	0	0	
922	0.0192472	0.0191073	0.000139861	0	0.0857154	0.0850925	0.000622857	0	0	0	
923	0.0608377	0.0590858	0.00174789	3.99855e-06	0.270934	0.263132	0.00778405	1.78071e-05	3.93514e-06	1.75247e-05	
924	0.0573087	0.0515922	0.00571652	0	0.255218	0.22976	0.0254579	0	0	0	
925	0.0496708	0.0447562	0.00491455	0	0.221203	0.199317	0.0218864	0	0	0	
926	0.0644868	0.0587242	0.00576258	0	0.287185	0.261522	0.025663	0	0	0	
927	0.0774357	0.0771638	0.000271881	0	0.344851	0.34364	0.00121079	0	0	0	
928	0.105353	0.0949882	0.0103648	0	0.469178	0.423019	0.0461588	0	0	0	
929	0.046462	0.0429353	0.00352673	0	0.206913	0.191207	0.0157059	0	0	0	
930	0.0755571	0.0746585	0.000898683	0	0.336485	0.332483	0.00400218	0	0	0	
931	0.0906253	0.0824618	0.00816347	0	0.403589	0.367234	0.0363551	0	0	0	
932	0.0840212	0.0840212	0	0	0.374179	0.374179	0	0	0	0	
933	0.0476518	0.0476518	0	0	0.212212	0.212212	0	0	0	0	
934	0.0480298	0.0454017	0.00262805	0	0.213895	0.202191	0.0117037	0	0	0	
935	0.0934033	0.0776144	0.0157889	0	0.415961	0.345647	0.0703143	0	0	0	
936	0.0757176	0.0757176	0	0	0.3372	0.3372	0	0	0	0	
937	0.061817	0.061817	0	0	0.275295	0.275295	0	0	0	0	
938	0.0672487	0.0672487	0	0	0.299484	0.299484	0	0	0	0	
939	0.0737728	0.0728209	0.00095195	0	0.328539	0.324299	0.0042394	0	0	0	
940	0.0751353	0.0744038	0.000731505	0	0.334606	0.331349	0.00325768	0	0	0	
941	0.0686544	0.0686544	0	0	0.305744	0.305744	0	0	0	0	
942	0.0707624	0.0707624	0	0	0.315132	0.315132	0	0	0	0	
943	0.0801482	0.0801482	0	0	0.356931	0.356931	0	0	0	0	
944	0.0639557	0.0635507	0.000404929	0	0.284819	0.283016	0.0018033	0	0	0	
945	0.0632706	0.0632706	0	0	0.281769	0.281769	0	0	0	0	
946	0.0655657	0.0655657	0	0	0.291989	0.291989	0	0	0	0	
947	0.0957364	0.0957364	0	0	0.426351	0.426351	0	0	0	0	
948	0.0658917	0.0542157	0.0116759	0	0.293441	0.241444	0.0519975	0	0	0	
949	0.0646885	0.0646885	0	0	0.288083	0.288083	0	0	0	0	
950	0.0860572	0.0860572	0	0	0.383246	0.383246	0	0	0	0	
951	0.116523	0.115976	0.00054702	0	0.518924	0.516488	0.00243609	0	0	0	
952	0.0499744	0.0494927	0.000481612	0	0.222555	0.22041	0.00214481	0	0	0	
953	0.0535483	0.0532984	0.000249893	0	0.238471	0.237358	0.00111287	0	0	0	
954	0.0869618	0.0863968	0.000564974	0	0.387275	0.384759	0.00251605	0	0	0	
955	0.0890819	0.0890819	0	0	0.396716	0.396716	0	0	0	0	
956	0.049698	0.049698	0	0	0.221324	0.221324	0	0	0	0	
957	0.0789693	0.0789693	0	0	0.351681	0.351681	0	0	0	0	
958	0.0812688	0.0693069	0.0119618	0	0.361922	0.308651	0.0532708	0	0	0	
959	0.0909288	0.0909288	0	0	0.404941	0.404941	0	0	0	0	
960	0.056655	0.056655	0	0	0.252306	0.252306	0	0	0	0	
961	0.0751941	0.0749082	0.000285925	0	0.334868	0.333595	0.00127333	0	0	0	
962	0.0979918	0.0979307	6.10602e-05	0	0.436395	0.436123	0.000271924	0	0	0	
963	0.145729	0.145658	7.08472e-05	0	0.648988	0.648673	0.00031551	0	0	0	
964	0.104839	0.104274	0.000564974	0	0.466891	0.464375	0.00251605	0	0	0	
965	0.145976	0.096143	0.0498324	1.20869e-06	0.65009	0.428162	0.221923	5.38277e-06	1.14409e-06	5.09512e-06	
966	0.151397	0.101572	0.0498249	0	0.674232	0.452342	0.221889	0	0	0	
967	0.044627	0.0442941	0.000332866	0	0.198741	0.197259	0.00148238	0	0	0	
968	0.0709341	0.0706013	0.000332866	0	0.315897	0.314415	0.00148238	0	0	0	
969	0.219441	0.1777	0.0417403	4.14939e-07	0.977257	0.79137	0.185886	1.84788e-06	5.72822e-06	2.551e-05	
970	0.208876	0.173501	0.0353534	2.2141e-05	0.93021	0.772669	0.157442	9.86028e-05	5.04307e-05	0.000224587	
