Node	dPC	dPCintra	dPCflux	dPCconnector	varPC	varPCintra	varPCflux	varPCconnector	dBC_PC	varBC_PC	
1	0.172342	0.16544	0.00690153	1.83449e-07	0.767359	0.736629	0.0307293	8.16813e-07	1.25695e-07	5.59662e-07	
2	0.0905272	0.0832814	0.00723064	1.51658e-05	0.403075	0.370813	0.0321947	6.75263e-05	1.51081e-05	6.72696e-05	
3	0.0994268	0.0815875	0.0178095	2.97776e-05	0.442701	0.363271	0.0792976	0.000132586	6.31985e-05	0.000281394	
4	0.057275	0.057275	0	0	0.255019	0.255019	0	0	0	0	
5	0.110715	0.105983	0.00473056	1.73294e-06	0.492965	0.471894	0.021063	7.71598e-06	2.0013e-06	8.91089e-06	
6	0.0903623	0.0892686	0.00109363	1.72487e-07	0.402341	0.397471	0.00486943	7.68008e-07	1.14665e-07	5.10554e-07	
7	0.086914	0.0859785	0.000935484	0	0.386987	0.382822	0.00416527	0	0	0	
8	0.123131	0.102749	0.0203821	0	0.548246	0.457494	0.0907521	0	0	0	
9	0.0870829	0.0864066	0.000675727	5.66264e-07	0.38774	0.384729	0.0030087	2.52131e-06	5.0844e-07	2.26385e-06	
10	0.0598526	0.059195	0.000657572	0	0.266496	0.263568	0.00292786	0	0	0	
11	0.0852805	0.0790112	0.00626929	0	0.379714	0.3518	0.0279142	0	0	0	
12	0.095024	0.0943582	0.00066483	1.08661e-06	0.423098	0.420133	0.00296018	4.83819e-06	1.02879e-06	4.58074e-06	
13	0.102947	0.102947	0	0	0.458377	0.458377	0	0	0	0	
14	0.0833758	0.0833758	0	0	0.371234	0.371234	0	0	0	0	
15	0.0946505	0.0926905	0.00195871	1.34903e-06	0.421435	0.412708	0.00872123	6.00665e-06	1.29126e-06	5.74941e-06	
16	0.073261	0.073261	0	0	0.326197	0.326197	0	0	0	0	
17	0.0864628	0.0844671	0.00199562	0	0.384979	0.376093	0.00888558	0	0	0	
18	0.0729357	0.0721319	0.000801543	2.27769e-06	0.324749	0.32117	0.0035689	1.01415e-05	2.22219e-06	9.89438e-06	
19	0.0872719	0.0842803	0.00298993	1.71083e-06	0.388581	0.375261	0.0133127	7.61754e-06	1.65308e-06	7.36042e-06	
20	0.059106	0.059106	0	0	0.263171	0.263171	0	0	0	0	
21	0.083677	0.0817291	0.00194689	9.97008e-07	0.372575	0.363902	0.00866862	4.43921e-06	1.19701e-06	5.32976e-06	
22	0.0889532	0.0875482	0.00140497	0	0.396067	0.389811	0.00625568	0	0	0	
23	0.0976502	0.0949395	0.00270424	6.54704e-06	0.434791	0.422722	0.0120407	2.91509e-05	6.75795e-06	3.009e-05	
24	0.0658294	0.0650754	0.000753999	0	0.293108	0.289751	0.00335721	0	0	0	
25	0.12241	0.115505	0.00689353	1.14803e-05	0.545036	0.514291	0.0306937	5.11166e-05	1.16548e-05	5.18938e-05	
26	0.0858695	0.0842633	0.00160413	2.10887e-06	0.382337	0.375185	0.00714248	9.38985e-06	2.41073e-06	1.07338e-05	
27	0.0789811	0.0762174	0.00275216	1.15451e-05	0.351666	0.339361	0.0122541	5.1405e-05	1.18477e-05	5.27527e-05	
28	0.0621003	0.0621003	0	0	0.276504	0.276504	0	0	0	0	
29	0.103554	0.101252	0.00230184	0	0.461078	0.450829	0.010249	0	0	0	
30	0.169059	0.148812	0.0202102	3.74555e-05	0.752745	0.662592	0.0899868	0.000166772	3.78603e-05	0.000168574	
31	0.140221	0.138387	0.00183451	0	0.624342	0.616173	0.00816822	0	0	0	
32	0.145256	0.13885	0.00640532	3.77721e-07	0.646758	0.618236	0.0285199	1.68181e-06	3.44388e-07	1.5334e-06	
33	0.0784074	0.0766324	0.00177495	0	0.349112	0.341209	0.00790303	0	0	0	
34	0.102535	0.097136	0.00539272	7.2285e-06	0.456545	0.432502	0.0240113	3.21852e-05	8.39938e-06	3.73985e-05	
35	0.0652793	0.0609532	0.00431343	1.26723e-05	0.290658	0.271396	0.0192057	5.64241e-05	1.35696e-05	6.04194e-05	
36	0.081177	0.0811455	3.1466e-05	0	0.361443	0.361303	0.000140103	0	0	0	
37	0.179322	0.094968	0.0813476	0.00300659	0.798438	0.422848	0.362203	0.0133869	0.00748096	0.0333092	
38	0.0801562	0.0784031	0.00175298	1.24895e-07	0.356898	0.349093	0.00780525	5.56101e-07	6.791e-08	3.02372e-07	
39	0.0909459	0.0838876	0.00705736	9.92629e-07	0.40494	0.373513	0.0314231	4.41971e-06	1.28362e-06	5.7154e-06	
40	0.101969	0.100936	0.00103226	9.2814e-07	0.454024	0.449424	0.00459618	4.13258e-06	8.74745e-07	3.89483e-06	
41	0.0987305	0.0959122	0.00280672	1.16752e-05	0.439601	0.427053	0.012497	5.19844e-05	1.16174e-05	5.1727e-05	
42	0.0748805	0.0739249	0.00095562	0	0.333408	0.329153	0.00425493	0	0	0	
43	0.0582434	0.0553223	0.00290294	1.81995e-05	0.259331	0.246325	0.0129254	8.1034e-05	1.81418e-05	8.0777e-05	
44	0.0648683	0.0645907	0.000277614	0	0.288828	0.287592	0.00123609	0	0	0	
45	0.05376	0.052131	0.00162488	4.20704e-06	0.239368	0.232115	0.00723485	1.8732e-05	6.22391e-06	2.77122e-05	
46	0.0934165	0.0851107	0.00830584	0	0.41594	0.378958	0.036982	0	0	0	
47	0.135387	0.134824	0.000562503	0	0.602816	0.600312	0.00250457	0	0	0	
48	0.0992547	0.0850147	0.0142286	1.13515e-05	0.441935	0.378531	0.0633536	5.05431e-05	3.45635e-05	0.000153895	
49	0.166404	0.158342	0.00806231	0	0.740922	0.705025	0.0358977	0	0	0	
50	0.099963	0.0952539	0.00470619	2.90465e-06	0.445089	0.424122	0.0209545	1.2933e-05	3.37454e-06	1.50253e-05	
51	0.0846575	0.0846575	0	0	0.376941	0.376941	0	0	0	0	
52	0.078087	0.0762267	0.00186034	0	0.347685	0.339402	0.00828324	0	0	0	
53	0.0961643	0.0949553	0.00120793	1.12371e-06	0.428175	0.422792	0.00537839	5.00337e-06	1.14878e-06	5.11502e-06	
54	0.0923526	0.0907468	0.00160215	3.71474e-06	0.411203	0.404053	0.00713366	1.654e-05	3.65749e-06	1.62851e-05	
55	0.0992905	0.0927562	0.00653285	1.51097e-06	0.442095	0.413	0.0290877	6.72768e-06	2.54079e-06	1.13129e-05	
56	0.118708	0.112043	0.00666469	1.76323e-07	0.528554	0.498879	0.0296747	7.85088e-07	1.26265e-07	5.62202e-07	
57	0.101717	0.100776	0.000940247	3.69386e-07	0.4529	0.448712	0.00418649	1.6447e-06	3.11658e-07	1.38767e-06	
58	0.119873	0.0913511	0.0284356	8.64849e-05	0.53374	0.406744	0.12661	0.000385077	9.06998e-05	0.000403844	
59	0.182281	0.11209	0.0701804	1.04214e-05	0.811615	0.499087	0.312481	4.6402e-05	1.07561e-05	4.78923e-05	
60	0.0754196	0.0736312	0.00178836	0	0.335808	0.327845	0.00796274	0	0	0	
61	0.0880611	0.0871736	0.000887575	0	0.392095	0.388143	0.00395196	0	0	0	
62	0.100979	0.093458	0.00751532	5.87775e-06	0.449613	0.416125	0.0334622	2.61709e-05	6.13654e-06	2.73232e-05	
63	0.123156	0.0939428	0.0291499	6.3658e-05	0.548358	0.418284	0.129791	0.000283439	8.72971e-05	0.000388693	
64	0.0981253	0.0968493	0.00127595	0	0.436906	0.431225	0.00568122	0	0	0	
65	0.10691	0.102601	0.00430871	2.90827e-07	0.476023	0.456837	0.0191847	1.29491e-06	3.81479e-07	1.69855e-06	
66	0.111238	0.100953	0.0102845	0	0.495293	0.449501	0.0457921	0	0	0	
67	0.163701	0.137372	0.0262966	3.23268e-05	0.728885	0.611654	0.117086	0.000143936	4.30281e-05	0.000191584	
68	0.0938778	0.0798839	0.013931	6.29043e-05	0.417994	0.355686	0.0620285	0.000280084	6.68441e-05	0.000297626	
69	0.116063	0.113778	0.00227898	6.31646e-06	0.516778	0.506603	0.0101472	2.81242e-05	7.65823e-06	3.40985e-05	
70	0.0766465	0.0763645	0.000282048	0	0.341271	0.340015	0.00125583	0	0	0	
71	0.0577381	0.0441941	0.013544	0	0.257081	0.196775	0.0603054	0	0	0	
72	0.166329	0.129493	0.0368098	2.63659e-05	0.74059	0.576575	0.163897	0.000117395	3.85429e-05	0.000171613	
73	0.0760692	0.0596673	0.0163619	4.00583e-05	0.338701	0.265671	0.072852	0.000178361	0.000108304	0.000482231	
74	0.118037	0.106	0.0120111	2.55181e-05	0.525566	0.471973	0.05348	0.00011362	3.13122e-05	0.000139419	
75	0.180911	0.142823	0.0377811	0.000306899	0.805515	0.635927	0.168221	0.00136648	0.000345363	0.00153774	
76	0.144898	0.140277	0.00460265	1.81193e-05	0.645166	0.624593	0.0204935	8.0677e-05	1.81206e-05	8.06827e-05	
77	0.0889497	0.0889497	0	0	0.396052	0.396052	0	0	0	0	
78	0.139423	0.0979848	0.0413697	6.90378e-05	0.620788	0.436281	0.1842	0.000307393	8.59382e-05	0.000382643	
79	0.152416	0.136005	0.0163242	8.67484e-05	0.678638	0.605568	0.0726845	0.00038625	0.000116087	0.000516885	
80	0.136284	0.124208	0.0120627	1.31476e-05	0.606812	0.553044	0.0537098	5.85405e-05	1.73043e-05	7.70484e-05	
81	0.108643	0.105408	0.00323418	0	0.483737	0.469337	0.0144003	0	0	0	
82	0.227114	0.15988	0.0666019	0.000631266	1.01123	0.711875	0.296547	0.00281074	0.000711832	0.00316946	
83	0.157227	0.124201	0.0329478	7.83571e-05	0.700063	0.553012	0.146701	0.000348888	8.95043e-05	0.000398521	
84	0.111189	0.0954222	0.0157667	0	0.495073	0.424871	0.0702022	0	0	0	
85	0.137819	0.100304	0.0375155	0	0.613648	0.446609	0.167039	0	0	0	
86	0.166748	0.145049	0.0214149	0.000284356	0.742456	0.645839	0.0953508	0.0012661	0.000286733	0.00127669	
87	0.0797808	0.0769902	0.00279061	0	0.355227	0.342802	0.0124253	0	0	0	
88	0.0830931	0.0809814	0.00210311	8.58625e-06	0.369975	0.360573	0.00936422	3.82306e-05	9.30576e-06	4.14342e-05	
89	0.0776527	0.0763438	0.00130766	1.2527e-06	0.345751	0.339923	0.00582242	5.5777e-06	1.99189e-06	8.86898e-06	
90	0.103909	0.0980171	0.00589103	1.16996e-06	0.46266	0.436425	0.02623	5.20931e-06	1.11211e-06	4.95172e-06	
91	0.103701	0.101561	0.00214011	2.55554e-07	0.461736	0.452207	0.00952894	1.13786e-06	5.45129e-07	2.4272e-06	
92	0.085115	0.0831989	0.0019157	4.51303e-07	0.378977	0.370446	0.00852976	2.00944e-06	4.17799e-07	1.86026e-06	
93	0.0923829	0.0895588	0.00282385	2.85555e-07	0.411338	0.398764	0.0125733	1.27144e-06	2.27824e-07	1.01439e-06	
94	0.0883921	0.0850929	0.00329626	3.00943e-06	0.393569	0.378879	0.0146767	1.33996e-05	3.24393e-06	1.44437e-05	
95	0.149256	0.130465	0.0187673	2.38621e-05	0.66457	0.580902	0.0835623	0.000106246	4.69912e-05	0.00020923	
96	0.198218	0.158343	0.0396332	0.000241827	0.882575	0.70503	0.176468	0.00107674	0.000245619	0.00109363	
97	0.110143	0.0939838	0.0161306	2.95664e-05	0.49042	0.418466	0.0718221	0.000131645	3.46107e-05	0.000154105	
98	0.103814	0.0889303	0.0148846	0	0.46224	0.395965	0.0662742	0	0	0	
99	0.104178	0.0997063	0.00446993	2.49181e-06	0.463859	0.443946	0.0199025	1.10948e-05	3.65568e-06	1.6277e-05	
100	0.0939456	0.0916673	0.00227768	6.28435e-07	0.418296	0.408152	0.0101414	2.79813e-06	1.47369e-06	6.56169e-06	
101	0.144631	0.143814	0.000816983	0	0.643976	0.640339	0.00363765	0	0	0	
102	0.152549	0.106901	0.0456315	1.61961e-05	0.67923	0.475982	0.203176	7.21137e-05	2.0685e-05	9.21008e-05	
103	0.0780866	0.0730748	0.00500171	1.00911e-05	0.347683	0.325368	0.0222703	4.49313e-05	1.12474e-05	5.00796e-05	
104	0.111386	0.0830229	0.0283372	2.66021e-05	0.495953	0.369662	0.126172	0.000118447	3.0744e-05	0.000136888	
105	0.0953459	0.0859304	0.00932908	8.64438e-05	0.424531	0.382608	0.0415381	0.000384894	0.000111979	0.000498594	
106	0.140136	0.111158	0.0289541	2.33883e-05	0.623961	0.494938	0.128919	0.000104137	2.5199e-05	0.000112199	
107	0.214948	0.146199	0.0683718	0.000376853	0.957066	0.65096	0.304428	0.00167795	0.000398522	0.00177443	
108	0.105767	0.0965883	0.00917672	2.17209e-06	0.470932	0.430063	0.0408597	9.67134e-06	4.85148e-06	2.16014e-05	
109	0.133483	0.107737	0.025551	0.000195455	0.59434	0.479703	0.113767	0.000870274	0.000382079	0.00170122	
110	0.115308	0.108257	0.00705191	0	0.513417	0.482018	0.0313989	0	0	0	
111	0.10107	0.0959087	0.00515791	3.47905e-06	0.450018	0.427037	0.0229657	1.54906e-05	6.67956e-06	2.9741e-05	
112	0.101603	0.094488	0.00711588	0	0.452395	0.420711	0.0316837	0	0	0	
113	0.0985188	0.0914661	0.00704613	6.56489e-06	0.438658	0.407256	0.0313731	2.92304e-05	1.05181e-05	4.68325e-05	
114	0.161997	0.123737	0.0376587	0.000601021	0.721297	0.550944	0.167677	0.00267607	0.000644351	0.002869	
115	0.116787	0.106455	0.0103195	1.25105e-05	0.520002	0.473999	0.045948	5.57038e-05	1.37085e-05	6.10379e-05	
116	0.117563	0.113977	0.00358627	2.15637e-07	0.523457	0.507489	0.015968	9.60134e-07	1.57947e-07	7.03265e-07	
117	0.109023	0.0965306	0.0124925	0	0.485429	0.429806	0.0556234	0	0	0	
118	0.102296	0.101267	0.0010293	4.29112e-07	0.455479	0.450895	0.004583	1.91063e-06	3.71314e-07	1.65329e-06	
119	0.119626	0.113176	0.00644963	0	0.53264	0.503922	0.0287172	0	0	0	
120	0.111036	0.0958051	0.0152216	9.42997e-06	0.494392	0.426576	0.067775	4.19873e-05	1.43909e-05	6.40763e-05	
121	0.0914694	0.0840338	0.00743565	0	0.407271	0.374163	0.0331075	0	0	0	
122	0.172047	0.157108	0.0149029	3.67002e-05	0.766049	0.69953	0.0663559	0.000163409	4.28845e-05	0.000190945	
123	0.10987	0.106589	0.00328035	3.60721e-07	0.489203	0.474595	0.0146059	1.60612e-06	5.38237e-07	2.39652e-06	
124	0.148121	0.0959963	0.0518606	0.000264249	0.659515	0.427427	0.230911	0.00117657	0.00203663	0.00906818	
125	0.106812	0.103012	0.00379969	0	0.475585	0.458667	0.0169182	0	0	0	
126	0.126563	0.10396	0.0224956	0.00010751	0.563527	0.462886	0.100162	0.000478693	0.000450763	0.00200704	
127	0.198808	0.19089	0.00790297	1.47593e-05	0.885203	0.849949	0.0351883	6.57166e-05	1.47651e-05	6.57425e-05	
128	0.1262	0.120201	0.00599854	4.6817e-07	0.56191	0.5352	0.0267087	2.08454e-06	4.10407e-07	1.82735e-06	
129	0.121521	0.117608	0.00391196	1.20801e-06	0.541079	0.523656	0.0174181	5.37874e-06	1.28399e-06	5.71703e-06	
130	0.09978	0.0958808	0.00389781	1.53847e-06	0.444274	0.426912	0.0173551	6.85012e-06	2.2337e-06	9.94564e-06	
131	0.129497	0.124163	0.00533132	3.51752e-06	0.576594	0.55284	0.0237379	1.56619e-05	3.78496e-06	1.68527e-05	
132	0.101531	0.0848388	0.0166922	0	0.452071	0.377748	0.0743227	0	0	0	
133	0.128891	0.110395	0.0182269	0.000269464	0.573895	0.491539	0.0811561	0.0011998	0.000312615	0.00139193	
134	0.0961384	0.0952794	0.000858876	1.38452e-07	0.42806	0.424235	0.00382418	6.16466e-07	8.09693e-08	3.60519e-07	
135	0.0718048	0.0702902	0.00151458	0	0.319714	0.31297	0.00674374	0	0	0	
136	0.109617	0.103122	0.00648419	1.10023e-05	0.488075	0.459156	0.0288711	4.89884e-05	1.30195e-05	5.797e-05	
137	0.112683	0.101734	0.0109353	1.43382e-05	0.501728	0.452975	0.04869	6.38416e-05	2.61901e-05	0.000116612	
138	0.108738	0.103955	0.00478298	0	0.484161	0.462865	0.0212964	0	0	0	
139	0.107633	0.10581	0.00182334	0	0.479243	0.471125	0.0081185	0	0	0	
140	0.134003	0.120602	0.0133333	6.68475e-05	0.596653	0.536989	0.0593674	0.000297641	7.35363e-05	0.000327423	
141	0.0950602	0.0926775	0.00237869	4.11944e-06	0.423259	0.41265	0.0105912	1.83419e-05	5.94593e-06	2.64745e-05	
142	0.0831201	0.0831201	0	0	0.370095	0.370095	0	0	0	0	
143	0.155511	0.154222	0.00128833	0	0.692419	0.686683	0.00573634	0	0	0	
144	0.100927	0.0983998	0.00252724	1.24293e-07	0.449382	0.438129	0.0112526	5.53422e-07	7.07456e-08	3.14997e-07	
145	0.0893083	0.0864505	0.00285604	1.83837e-06	0.397648	0.384924	0.0127166	8.18545e-06	1.78059e-06	7.92816e-06	
146	0.0625694	0.0609686	0.00160076	0	0.278592	0.271465	0.00712747	0	0	0	
147	0.0748871	0.0724432	0.00242543	1.84729e-05	0.333437	0.322556	0.0107993	8.22513e-05	1.84151e-05	8.1994e-05	
148	0.109044	0.107446	0.00159778	1.53143e-07	0.485523	0.478408	0.00711419	6.81877e-07	1.42809e-07	6.35865e-07	
149	0.111649	0.0995772	0.0120721	1.91695e-07	0.497123	0.443371	0.0537514	8.53533e-07	6.78264e-07	3.01999e-06	
150	0.0864705	0.0823292	0.00414128	0	0.385013	0.366574	0.0184392	0	0	0	
151	0.136256	0.124038	0.012201	1.77521e-05	0.606688	0.552284	0.0543258	7.90422e-05	2.5877e-05	0.000115218	
152	0.0929497	0.0844925	0.00844846	8.73221e-06	0.413862	0.376206	0.0376171	3.88805e-05	1.04796e-05	4.66608e-05	
153	0.138933	0.135189	0.00374451	0	0.618607	0.601934	0.0166725	0	0	0	
154	0.098228	0.0974097	0.000818264	0	0.437364	0.43372	0.00364335	0	0	0	
155	0.0957364	0.0915702	0.00416623	0	0.42627	0.407719	0.0185503	0	0	0	
156	0.0986131	0.0944718	0.00414128	0	0.439078	0.420639	0.0184392	0	0	0	
157	0.0891114	0.0880958	0.00101488	7.19023e-07	0.396771	0.39225	0.00451881	3.20147e-06	7.48043e-07	3.33069e-06	
158	0.115871	0.10321	0.0126336	2.74326e-05	0.515922	0.459549	0.0562516	0.000122144	4.73499e-05	0.000210827	
159	0.103851	0.0989946	0.00485617	3.29817e-07	0.4624	0.440777	0.0216223	1.46852e-06	6.51962e-07	2.90288e-06	
160	0.16239	0.155395	0.00699423	7.90931e-07	0.72305	0.691905	0.031142	3.52165e-06	8.37984e-07	3.73116e-06	
161	0.211192	0.173516	0.037656	1.9653e-05	0.940343	0.77259	0.167665	8.7506e-05	3.30346e-05	0.000147088	
162	0.115213	0.0940513	0.0211591	3.38362e-06	0.512993	0.418767	0.0942118	1.50657e-05	2.10104e-05	9.35498e-05	
163	0.0857027	0.0783969	0.0073021	3.80439e-06	0.381594	0.349065	0.0325128	1.69392e-05	5.85819e-06	2.60838e-05	
164	0.123212	0.0895792	0.0335789	5.39099e-05	0.548606	0.398855	0.149511	0.000240036	6.63706e-05	0.000295517	
165	0.152431	0.115038	0.0372998	9.33727e-05	0.678707	0.512213	0.166078	0.000415745	0.00032181	0.00143287	
166	0.0985255	0.0972766	0.00124878	1.70802e-07	0.438688	0.433127	0.00556024	7.60503e-07	2.57868e-07	1.14816e-06	
167	0.0988348	0.0969734	0.00186048	9.22987e-07	0.440065	0.431778	0.0082839	4.10963e-06	9.43395e-07	4.2005e-06	
168	0.105949	0.0979175	0.00802521	6.34105e-06	0.471742	0.435981	0.0357325	2.82337e-05	6.67071e-06	2.97015e-05	
169	0.0985959	0.0946448	0.00393762	1.35376e-05	0.439002	0.421409	0.0175324	6.02769e-05	1.37089e-05	6.10396e-05	
170	0.125461	0.108527	0.0165859	0.000348662	0.558622	0.483221	0.0738496	0.00155243	0.000368954	0.00164278	
171	0.213318	0.195106	0.0182014	9.95448e-06	0.949807	0.86872	0.0810428	4.43227e-05	1.0273e-05	4.57411e-05	
172	0.130596	0.121993	0.00860251	0	0.581484	0.543181	0.038303	0	0	0	
173	0.165273	0.135531	0.0293258	0.000416258	0.735887	0.603459	0.130574	0.0018534	0.000459491	0.0020459	
174	0.120659	0.113127	0.00753143	0	0.53724	0.503706	0.033534	0	0	0	
175	0.101348	0.096158	0.00518542	4.97127e-06	0.451257	0.428147	0.0230883	2.21348e-05	6.06843e-06	2.70199e-05	
176	0.104209	0.0947468	0.00941345	4.95496e-05	0.463998	0.421864	0.0419137	0.000220621	5.46688e-05	0.000243415	
177	0.177489	0.141664	0.0352948	0.000530698	0.79028	0.630765	0.157151	0.00236295	0.000623113	0.00277443	
178	0.1169	0.106331	0.0105507	1.81533e-05	0.520504	0.473446	0.0469776	8.08282e-05	2.35602e-05	0.000104903	
179	0.178425	0.140303	0.0374524	0.000669371	0.794445	0.624706	0.166758	0.0029804	0.00102249	0.00455271	
180	0.112236	0.101346	0.0108522	3.82663e-05	0.499737	0.451247	0.0483199	0.000170382	4.44218e-05	0.000197789	
181	0.137198	0.125227	0.0119702	1.07013e-06	0.610881	0.557578	0.0532979	4.76479e-06	2.24282e-06	9.98627e-06	
182	0.103039	0.0993395	0.00369988	6.20386e-08	0.458787	0.442313	0.0164738	2.76229e-07	5.28048e-07	2.35115e-06	
183	0.116426	0.111432	0.00499321	1.10399e-07	0.518391	0.496158	0.0222325	4.91557e-07	4.1225e-07	1.83556e-06	
184	0.0920645	0.087954	0.00411056	0	0.409921	0.391618	0.0183024	0	0	0	
185	0.0907299	0.0825128	0.00821711	0	0.403978	0.367391	0.036587	0	0	0	
186	0.127099	0.113714	0.0133651	1.98601e-05	0.565913	0.506316	0.0595088	8.8428e-05	3.02234e-05	0.000134571	
187	0.0911089	0.0882042	0.00290465	0	0.405665	0.392732	0.012933	0	0	0	
188	0.0862912	0.0806124	0.0056525	2.64134e-05	0.384215	0.358929	0.0251679	0.000117606	2.77548e-05	0.000123579	
189	0.104407	0.10221	0.00219346	3.01714e-06	0.464877	0.455098	0.00976649	1.34339e-05	3.03019e-06	1.3492e-05	
190	0.0793578	0.0593302	0.0200275	0	0.353343	0.26417	0.0891735	0	0	0	
191	0.35827	0.213171	0.142117	0.00298158	1.59521	0.949155	0.632783	0.0132756	0.00346629	0.0154338	
192	0.0729464	0.072932	1.44244e-05	0	0.324796	0.324732	6.42252e-05	0	0	0	
193	0.118315	0.118315	0	0	0.526805	0.526805	0	0	0	0	
194	0.154156	0.120979	0.0327461	0.000431151	0.686387	0.538664	0.145803	0.00191971	0.000431698	0.00192215	
195	0.0915351	0.0885491	0.00298313	2.93622e-06	0.407563	0.394268	0.0132825	1.30736e-05	3.60036e-06	1.60307e-05	
196	0.0893254	0.0893254	0	0	0.397725	0.397725	0	0	0	0	
197	0.0769232	0.0559812	0.020942	0	0.342503	0.249258	0.0932452	0	0	0	
198	0.160284	0.114213	0.0443121	0.00175959	0.713674	0.508538	0.197301	0.00783465	0.00205016	0.00912843	
199	0.149856	0.11425	0.0355884	1.80425e-05	0.667243	0.508704	0.158458	8.03349e-05	5.43759e-05	0.00024211	
200	0.110634	0.0871462	0.0234879	0	0.492603	0.388022	0.104581	0	0	0	
201	0.148707	0.100509	0.0475606	0.000637741	0.662126	0.447521	0.211765	0.00283956	0.00111612	0.00496957	
202	0.105775	0.105775	0	0	0.470968	0.470968	0	0	0	0	
203	0.0955666	0.0944145	0.00115208	0	0.425514	0.420384	0.0051297	0	0	0	
204	0.171722	0.133659	0.0374315	0.000631289	0.764599	0.595122	0.166665	0.00281084	0.00089554	0.00398742	
205	0.113074	0.0897679	0.0233008	5.16776e-06	0.503466	0.399695	0.103748	2.30096e-05	1.08068e-05	4.81178e-05	
206	0.19511	0.149173	0.045826	0.000111347	0.868736	0.664198	0.204042	0.000495779	0.000223557	0.0009954	
207	0.0623898	0.0518481	0.0105417	0	0.277793	0.230855	0.0469375	0	0	0	
208	0.102235	0.0981667	0.00406923	0	0.455209	0.437091	0.0181184	0	0	0	
209	0.148443	0.095086	0.0533392	1.84693e-05	0.660951	0.423374	0.237495	8.22352e-05	8.71579e-05	0.000388073	
210	0.114193	0.113525	0.000668312	0	0.50845	0.505474	0.00297568	0	0	0	
211	0.169003	0.103361	0.0656426	0	0.752495	0.460219	0.292276	0	0	0	
212	0.117046	0.116177	0.000868656	0	0.521153	0.517285	0.00386772	0	0	0	
213	0.247006	0.164371	0.0812714	0.00136347	1.0998	0.731869	0.361864	0.00607091	0.00215181	0.00958102	
214	0.117811	0.115621	0.0021813	8.41229e-06	0.52456	0.514811	0.00971232	3.7456e-05	8.35449e-06	3.71987e-05	
215	0.182	0.161324	0.0206128	6.28795e-05	0.810362	0.718303	0.0917792	0.000279973	7.318e-05	0.000325836	
216	0.0985547	0.0846622	0.0138824	1.01369e-05	0.438818	0.376961	0.0618121	4.5135e-05	1.49355e-05	6.65011e-05	
217	0.202745	0.140639	0.06124	0.000865465	0.902731	0.626204	0.272673	0.00385351	0.00097851	0.00435685	
218	0.0975439	0.096989	0.000554855	0	0.434318	0.431847	0.00247051	0	0	0	
219	0.133231	0.132819	0.000412005	0	0.593217	0.591382	0.00183447	0	0	0	
220	0.094027	0.0836681	0.0103588	0	0.418659	0.372535	0.0461233	0	0	0	
221	0.112291	0.0936838	0.0185959	1.19588e-05	0.499982	0.41713	0.082799	5.32473e-05	1.31421e-05	5.85159e-05	
222	0.0506685	0.0501824	0.000486026	0	0.225603	0.223439	0.00216405	0	0	0	
223	0.0977886	0.0965923	0.00119621	0	0.435407	0.430081	0.0053262	0	0	0	
224	0.162508	0.144967	0.0175391	1.86465e-06	0.723576	0.645474	0.0780936	8.30243e-06	1.82802e-06	8.13934e-06	
225	0.0834265	0.078148	0.00526655	1.20477e-05	0.37146	0.347957	0.0234495	5.36432e-05	1.34041e-05	5.96823e-05	
226	0.2318	0.22459	0.00719926	1.01295e-05	1.03209	1	0.032055	4.51023e-05	1.02683e-05	4.572e-05	
227	0.0842607	0.0820913	0.00216941	0	0.375174	0.365514	0.00965942	0	0	0	
228	0.0876699	0.0791761	0.00849223	1.57292e-06	0.390353	0.352534	0.0378119	7.0035e-06	1.51533e-06	6.7471e-06	
229	0.126764	0.123619	0.00314532	0	0.564425	0.55042	0.0140046	0	0	0	
230	0.10713	0.106344	0.000785849	0	0.477003	0.473504	0.00349902	0	0	0	
231	0.0924033	0.0918143	0.000589045	0	0.411429	0.408806	0.00262274	0	0	0	
232	0.0817864	0.074909	0.00687739	0	0.364157	0.333535	0.0306218	0	0	0	
233	0.0799405	0.077947	0.0019925	9.84358e-07	0.355938	0.347062	0.00887168	4.38289e-06	1.41493e-06	6.30005e-06	
234	0.104212	0.104059	0.000152554	0	0.464008	0.463329	0.000679255	0	0	0	
235	0.13593	0.13593	0	0	0.605233	0.605233	0	0	0	0	
236	0.071243	0.0660148	0.00519775	3.04852e-05	0.317212	0.293933	0.0231432	0.000135736	3.50889e-05	0.000156234	
237	0.0472593	0.0472593	0	0	0.210423	0.210423	0	0	0	0	
238	0.0892956	0.0892956	0	0	0.397592	0.397592	0	0	0	0	
239	0.137809	0.121701	0.0161075	3.43472e-07	0.6136	0.541879	0.0717194	1.52932e-06	2.85967e-07	1.27328e-06	
240	0.0908192	0.0904706	0.000348595	0	0.404376	0.402824	0.00155213	0	0	0	
241	0.135136	0.118331	0.0167714	3.40972e-05	0.601702	0.526874	0.0746756	0.000151819	3.54663e-05	0.000157915	
242	0.0857625	0.0853844	0.000378064	0	0.381861	0.380177	0.00168334	0	0	0	
243	0.0859826	0.0859491	3.35673e-05	0	0.382841	0.382691	0.00014946	0	0	0	
244	0.0888608	0.08865	0.000210718	1.58029e-07	0.395656	0.394717	0.000938234	7.03631e-07	1.00199e-07	4.46141e-07	
245	0.121761	0.095042	0.0265941	0.000124919	0.542145	0.423178	0.118411	0.000556207	0.000162405	0.000723115	
246	0.105605	0.0894534	0.0161518	0	0.470211	0.398294	0.0719166	0	0	0	
247	0.111715	0.107085	0.00459749	3.2633e-05	0.497416	0.476801	0.0204705	0.000145299	3.84144e-05	0.000171041	
248	0.0837077	0.0835194	0.000188292	0	0.372712	0.371873	0.000838378	0	0	0	
249	0.075128	0.0699452	0.00518261	2.51423e-07	0.33451	0.311433	0.0230757	1.11947e-06	3.41869e-07	1.52218e-06	
250	0.068903	0.0665923	0.00230813	2.67286e-06	0.306793	0.296504	0.010277	1.1901e-05	2.61516e-06	1.16441e-05	
251	0.126271	0.109178	0.0170129	7.94209e-05	0.562227	0.486123	0.0757506	0.000353625	7.93631e-05	0.000353367	
252	0.0724153	0.0692177	0.00319519	2.53032e-06	0.322432	0.308194	0.0142267	1.12663e-05	4.23065e-06	1.88371e-05	
253	0.097842	0.0977312	0.000110784	0	0.435645	0.435152	0.000493273	0	0	0	
254	0.0782567	0.0776016	0.000655039	0	0.348441	0.345524	0.00291658	0	0	0	
255	0.0887286	0.0866514	0.00207717	0	0.395067	0.385818	0.0092487	0	0	0	
256	0.100039	0.096634	0.00340185	3.8527e-06	0.44543	0.430266	0.0151469	1.71543e-05	3.88517e-06	1.72989e-05	
257	0.0938323	0.0887228	0.00510954	0	0.417792	0.395041	0.0227504	0	0	0	
258	0.101196	0.0961113	0.0050749	1.07779e-05	0.450583	0.427939	0.0225962	4.79892e-05	1.28512e-05	5.72207e-05	
259	0.0479698	0.0452296	0.00273666	3.52271e-06	0.213587	0.201386	0.0121851	1.5685e-05	4.85063e-06	2.15976e-05	
260	0.0437839	0.0417091	0.0020748	0	0.194949	0.185711	0.00923816	0	0	0	
261	0.111515	0.109771	0.00174317	1.10636e-06	0.496528	0.488762	0.00776155	4.92611e-06	1.30115e-06	5.79344e-06	
262	0.116573	0.111006	0.00556769	0	0.519049	0.494259	0.0247903	0	0	0	
263	0.0603507	0.0437231	0.0162825	0.000345147	0.268714	0.194678	0.0724986	0.00153678	0.000386258	0.00171982	
264	0.202473	0.139843	0.0620201	0.000610674	0.901523	0.622657	0.276147	0.00271905	0.000908281	0.00404415	
265	0.0467873	0.0433204	0.00344452	2.24402e-05	0.208322	0.192885	0.0153368	9.9916e-05	2.76676e-05	0.000123191	
266	0.0887518	0.083347	0.00540389	1.04335e-06	0.395171	0.371105	0.024061	4.64557e-06	9.8564e-07	4.3886e-06	
267	0.0475907	0.0455159	0.0020748	0	0.211899	0.202661	0.00923816	0	0	0	
268	0.0851066	0.0851066	0	0	0.37894	0.37894	0	0	0	0	
269	0.209944	0.204619	0.00532252	3.00133e-06	0.934787	0.911075	0.0236987	1.33635e-05	3.40111e-06	1.51435e-05	
270	0.108458	0.107236	0.00121822	3.50083e-06	0.482914	0.477474	0.0054242	1.55876e-05	3.44299e-06	1.533e-05	
271	0.0850736	0.0845036	0.000570073	0	0.378793	0.376255	0.00253827	0	0	0	
272	0.105502	0.103529	0.00197269	0	0.469753	0.460969	0.0087835	0	0	0	
273	0.10994	0.0915096	0.0183522	7.82073e-05	0.489512	0.40745	0.081714	0.000348221	0.000100346	0.000446797	
274	0.102623	0.0941459	0.00847662	5.73626e-07	0.456933	0.419188	0.0377425	2.55409e-06	7.41316e-07	3.30074e-06	
275	0.116886	0.111033	0.00581714	3.62151e-05	0.520442	0.49438	0.025901	0.000161249	3.66374e-05	0.000163129	
276	0.0915232	0.0896365	0.00188664	0	0.40751	0.39911	0.00840033	0	0	0	
277	0.105649	0.103865	0.00178232	1.55203e-06	0.470408	0.462465	0.00793588	6.91051e-06	1.80056e-06	8.01709e-06	
278	0.177816	0.14771	0.0300014	0.000105187	0.791736	0.657686	0.133582	0.000468351	0.000114031	0.00050773	
279	0.0781939	0.0768934	0.0013005	0	0.348161	0.34237	0.00579053	0	0	0	
280	0.144233	0.121146	0.0230682	1.84e-05	0.642203	0.539409	0.102712	8.19267e-05	5.10424e-05	0.000227268	
281	0.116122	0.094936	0.0210443	0.000142248	0.51704	0.422706	0.0937007	0.000633368	0.000156416	0.000696451	
282	0.0828023	0.0810744	0.00172796	0	0.36868	0.360986	0.00769381	0	0	0	
283	0.102825	0.0909591	0.0117749	9.15727e-05	0.457835	0.404999	0.0524285	0.000407731	0.000111536	0.000496619	
284	0.149566	0.110401	0.039145	2.00311e-05	0.665951	0.491567	0.174295	8.91896e-05	9.28104e-05	0.000413242	
285	0.102746	0.0870622	0.0156721	1.21498e-05	0.457482	0.387648	0.0697808	5.40974e-05	1.55824e-05	6.93815e-05	
286	0.120988	0.0819173	0.0390711	0	0.538705	0.36474	0.173965	0	0	0	
287	0.0807466	0.0652558	0.0152633	0.000227494	0.359527	0.290554	0.0679605	0.00101292	0.000331252	0.00147491	
288	0.234186	0.140215	0.0904513	0.00351908	1.04272	0.624317	0.402738	0.0156688	0.0046434	0.0206749	
289	0.0678749	0.0655008	0.00236208	1.20734e-05	0.302215	0.291645	0.0105172	5.37574e-05	1.20156e-05	5.35001e-05	
290	0.069554	0.0688524	0.000699876	1.78093e-06	0.309691	0.306568	0.00311622	7.92968e-06	1.72313e-06	7.67232e-06	
291	0.197321	0.136896	0.0601504	0.000274376	0.878581	0.609537	0.267822	0.00122166	0.000886649	0.00394784	
292	0.129857	0.116433	0.013402	2.26811e-05	0.578197	0.518423	0.0596729	0.000100988	3.00167e-05	0.00013365	
293	0.0622828	0.0474746	0.0148081	0	0.277316	0.211382	0.0659339	0	0	0	
294	0.06638	0.0608727	0.00542856	7.87711e-05	0.295559	0.271038	0.0241708	0.000350731	8.95892e-05	0.000398899	
295	0.20111	0.151856	0.0488112	0.000442783	0.895452	0.676147	0.217333	0.00197151	0.000619578	0.00275869	
296	0.118123	0.118064	5.81049e-05	0	0.525947	0.525688	0.000258714	0	0	0	
297	0.175505	0.146292	0.0291626	5.01239e-05	0.781445	0.651374	0.129847	0.000223178	7.94468e-05	0.00035374	
298	0.106829	0.0906562	0.0161621	1.13782e-05	0.475663	0.40365	0.0719625	5.06621e-05	3.39622e-05	0.000151218	
299	0.102347	0.07926	0.0226945	0.000392983	0.455706	0.352908	0.101048	0.00174977	0.000413013	0.00183895	
300	0.0768835	0.0765936	0.000289897	0	0.342326	0.341036	0.00129078	0	0	0	
301	0.0633252	0.0621151	0.00121006	0	0.281957	0.27657	0.00538784	0	0	0	
302	0.0736351	0.0692115	0.00442227	1.38381e-06	0.327863	0.308167	0.0196903	6.16149e-06	1.40195e-06	6.24224e-06	
303	0.123795	0.105603	0.0181305	6.21999e-05	0.551205	0.470201	0.0807269	0.000276947	0.00011216	0.000499398	
304	0.0952606	0.0952606	0	0	0.424151	0.424151	0	0	0	0	
305	0.0540508	0.0411914	0.0128593	0	0.240663	0.183406	0.0572568	0	0	0	
306	0.0630409	0.0528299	0.0102109	1.01688e-07	0.280692	0.235227	0.0454644	4.52773e-07	6.56016e-08	2.92094e-07	
307	0.0912238	0.0871329	0.00409094	0	0.406177	0.387962	0.018215	0	0	0	
308	0.094037	0.0753792	0.0185295	0.000128258	0.418703	0.335629	0.0825036	0.000571075	0.000164993	0.000734638	
309	0.121231	0.110551	0.0106371	4.30304e-05	0.539789	0.492235	0.0473622	0.000191594	4.78801e-05	0.000213188	
310	0.14547	0.143061	0.00240459	4.45797e-06	0.647711	0.636985	0.0107065	1.98493e-05	4.43735e-06	1.97575e-05	
311	0.0817605	0.0738013	0.00787558	8.36315e-05	0.364042	0.328603	0.0350663	0.000372372	9.19642e-05	0.000409474	
312	0.135929	0.0956564	0.0401203	0.00015294	0.605232	0.425913	0.178637	0.000680972	0.00019682	0.000876351	
313	0.104942	0.0932504	0.0116829	9.48857e-06	0.467261	0.415201	0.0520187	4.22482e-05	1.37995e-05	6.14429e-05	
314	0.0780772	0.0771297	0.000947567	0	0.347642	0.343423	0.00421908	0	0	0	
315	0.102368	0.094795	0.00755383	1.92488e-05	0.455797	0.422078	0.0336337	8.57061e-05	2.2467e-05	0.000100035	
316	0.0771459	0.0704694	0.00662103	5.5501e-05	0.343495	0.313767	0.0294804	0.00024712	6.21427e-05	0.000276693	
317	0.122742	0.0766194	0.0459309	0.000192205	0.546516	0.341151	0.204509	0.000855803	0.000227429	0.00101264	
318	0.152296	0.122044	0.0302519	0	0.678106	0.543408	0.134698	0	0	0	
319	0.247878	0.143313	0.101669	0.00289555	1.10368	0.638109	0.452686	0.0128925	0.00328931	0.0146458	
320	0.0955071	0.0759509	0.0195465	9.67648e-06	0.425249	0.338174	0.0870318	4.30849e-05	1.29352e-05	5.75946e-05	
321	0.147432	0.0986266	0.0473609	0.0014445	0.656446	0.439138	0.210876	0.0064317	0.00147385	0.00656241	
322	0.140937	0.0786579	0.0613587	0.000921248	0.627531	0.350227	0.273202	0.00410189	0.00150841	0.00671629	
323	0.0998907	0.0946912	0.00519956	0	0.444767	0.421616	0.0231512	0	0	0	
324	0.126283	0.124982	0.00130087	0	0.56228	0.556488	0.00579218	0	0	0	
325	0.0904404	0.0900743	0.000366069	0	0.402689	0.401059	0.00162993	0	0	0	
326	0.0710465	0.0709514	9.51314e-05	0	0.316337	0.315913	0.000423576	0	0	0	
327	0.0787402	0.0750129	0.00372299	4.3694e-06	0.350594	0.333998	0.0165767	1.94549e-05	4.50536e-06	2.00602e-05	
328	0.0906903	0.0905631	0.000127263	0	0.403802	0.403235	0.000566645	0	0	0	
329	0.0955349	0.0913224	0.00419973	1.27743e-05	0.425372	0.406616	0.0186994	5.68781e-05	1.42524e-05	6.34596e-05	
330	0.147543	0.0881356	0.0573033	0.00210476	0.656943	0.392427	0.255145	0.00937155	0.00276081	0.0122926	
331	0.124357	0.116667	0.00768203	8.26707e-06	0.553708	0.519467	0.0342045	3.68094e-05	1.01475e-05	4.51823e-05	
332	0.112804	0.0962067	0.0164767	0.000121153	0.502266	0.428364	0.0733632	0.000539442	0.000185438	0.000825671	
333	0.122293	0.0982823	0.0240104	2.52941e-07	0.544514	0.437605	0.106907	1.12623e-06	2.33276e-06	1.03867e-05	
334	0.141522	0.0882775	0.0528998	0.000345412	0.630135	0.393059	0.235538	0.00153796	0.000505855	0.00225234	
335	0.0842955	0.0803154	0.00398008	0	0.375329	0.357607	0.0177214	0	0	0	
336	0.103796	0.0892811	0.014484	3.12803e-05	0.462157	0.397527	0.0644906	0.000139277	3.71889e-05	0.000165585	
337	0.118185	0.111626	0.00654844	1.07508e-05	0.526227	0.497022	0.0291572	4.78683e-05	1.36953e-05	6.09791e-05	
338	0.115324	0.101501	0.0137652	5.72962e-05	0.513485	0.451939	0.0612904	0.000255113	7.68238e-05	0.000342061	
339	0.0855656	0.0769038	0.00862462	3.72985e-05	0.380984	0.342417	0.0384014	0.000166073	4.3172e-05	0.000192225	
340	0.104582	0.0834241	0.0209957	0.00016262	0.465657	0.371449	0.0934845	0.000724075	0.000245815	0.0010945	
341	0.108107	0.104145	0.00396177	0	0.481353	0.463714	0.0176399	0	0	0	
342	0.111248	0.0752644	0.0358748	0.000108736	0.495336	0.335117	0.159734	0.000484152	0.00011799	0.000525357	
343	0.141184	0.0880933	0.0517561	0.00133516	0.628629	0.392238	0.230446	0.00594486	0.00285851	0.0127276	
344	0.0849528	0.0823539	0.00259886	0	0.378255	0.366684	0.0115715	0	0	0	
345	0.125519	0.0949416	0.0305452	3.27879e-05	0.55888	0.422731	0.136003	0.000145989	5.36065e-05	0.000238685	
346	0.149162	0.0981224	0.0502777	0.000762571	0.664152	0.436893	0.223863	0.00339537	0.0010086	0.00449085	
347	0.0989831	0.0753837	0.0235094	9.0121e-05	0.440726	0.335648	0.104676	0.000401267	0.000112008	0.000498723	
348	0.0998818	0.083617	0.0162023	6.24472e-05	0.444727	0.372308	0.0721416	0.000278048	8.22553e-05	0.000366244	
349	0.0832851	0.0721088	0.0111734	2.90681e-06	0.37083	0.321067	0.0497502	1.29427e-05	8.06997e-06	3.59318e-05	
350	0.141481	0.075991	0.0644761	0.00101393	0.62995	0.338353	0.287082	0.00451459	0.00185692	0.00826802	
351	0.153101	0.0935781	0.059353	0.000170506	0.68169	0.41666	0.264271	0.000759187	0.000309688	0.00137889	
352	0.129904	0.0816355	0.0482369	3.20376e-05	0.578404	0.363485	0.214776	0.000142648	4.12178e-05	0.000183524	
353	0.0869847	0.0778604	0.00908293	4.14383e-05	0.387302	0.346676	0.040442	0.000184505	5.04965e-05	0.000224837	
354	0.0874079	0.0790756	0.00828838	4.39691e-05	0.389187	0.352087	0.0369043	0.000195774	5.16689e-05	0.000230057	
355	0.0847231	0.0833266	0.00139657	0	0.377233	0.371014	0.0062183	0	0	0	
356	0.127707	0.108667	0.0189395	0.000101209	0.568623	0.483844	0.0843291	0.000450638	0.000123472	0.000549766	
357	0.214705	0.107862	0.103776	0.00306673	0.955982	0.480259	0.462068	0.0136547	0.00403078	0.0179472	
358	0.174109	0.0976875	0.0745179	0.00190419	0.775229	0.434957	0.331793	0.00847849	0.00312796	0.0139273	
359	0.120138	0.0780555	0.0409802	0.00110297	0.534922	0.347545	0.182466	0.00491104	0.00160042	0.00712595	
360	0.101537	0.096448	0.00508795	1.57902e-06	0.452099	0.429438	0.0226543	7.03065e-06	1.84418e-06	8.21129e-06	
361	0.0469059	0.0469059	0	0	0.20885	0.20885	0	0	0	0	
362	0.105742	0.0869008	0.0187006	0.000141107	0.470822	0.386929	0.0832654	0.000628286	0.000176135	0.000784248	
363	0.0490267	0.048991	3.56544e-05	0	0.218293	0.218134	0.000158752	0	0	0	
364	0.130794	0.113176	0.017617	9.17319e-07	0.582367	0.503923	0.0784404	4.08439e-06	1.20143e-06	5.34941e-06	
365	0.0817644	0.0790624	0.00269972	2.39645e-06	0.364059	0.352028	0.0120206	1.06703e-05	3.71332e-06	1.65337e-05	
366	0.115928	0.0912707	0.0246456	1.19251e-05	0.516174	0.406386	0.109735	5.30972e-05	2.0629e-05	9.18516e-05	
367	0.126902	0.10478	0.0220222	9.97172e-05	0.565037	0.466538	0.098055	0.000443995	0.000183692	0.000817898	
368	0.0806345	0.0753978	0.0052053	3.1507e-05	0.359028	0.335711	0.0231768	0.000140286	3.15372e-05	0.00014042	
369	0.0820216	0.0799112	0.00211032	0	0.365204	0.355808	0.00939631	0	0	0	
370	0.11225	0.0911876	0.0209081	0.000154555	0.499798	0.406016	0.0930944	0.000688165	0.000246631	0.00109813	
371	0.118777	0.0789327	0.03961	0.000234642	0.52886	0.35145	0.176365	0.00104475	0.000292283	0.0013014	
372	0.101333	0.0786557	0.0226297	4.82388e-05	0.451192	0.350217	0.100759	0.000214785	7.58893e-05	0.0003379	
373	0.0825362	0.0788104	0.00372481	1.0411e-06	0.367495	0.350906	0.0165848	4.63557e-06	1.60817e-06	7.16047e-06	
374	0.174019	0.103415	0.0646189	0.00598566	0.774829	0.460459	0.287718	0.0266513	0.00789884	0.0351699	
375	0.145197	0.126498	0.0184958	0.000203433	0.646497	0.563238	0.0823534	0.000905795	0.000217215	0.000967158	
376	0.100081	0.0983901	0.0016899	1.64479e-06	0.445617	0.438086	0.00752435	7.32349e-06	1.70344e-06	7.58466e-06	
377	0.105697	0.099568	0.00609326	3.62917e-05	0.470622	0.44333	0.0271305	0.00016159	3.90216e-05	0.000173745	
378	0.118435	0.103169	0.0151182	0.00014791	0.527338	0.459365	0.0673145	0.000658576	0.000166291	0.000740418	
379	0.0931324	0.0763197	0.0167846	2.81257e-05	0.414675	0.339816	0.0747342	0.000125231	3.90277e-05	0.000173772	
380	0.114794	0.0819818	0.0325948	0.000217882	0.511127	0.365027	0.145129	0.000970129	0.000254044	0.00113114	
381	0.11144	0.0793763	0.0316809	0.000382839	0.496191	0.353426	0.14106	0.0017046	0.000633246	0.00281955	
382	0.110503	0.103486	0.00700964	7.76931e-06	0.492021	0.460776	0.0312107	3.45931e-05	7.9957e-06	3.56011e-05	
383	0.0819946	0.0755133	0.00648126	0	0.365084	0.336226	0.028858	0	0	0	
384	0.0940498	0.0899061	0.00414374	0	0.41876	0.40031	0.0184501	0	0	0	
385	0.141138	0.106749	0.033809	0.000580615	0.628426	0.475305	0.150536	0.00258521	0.000750973	0.00334374	
386	0.0981644	0.0791816	0.0188517	0.00013101	0.43708	0.352559	0.0839383	0.000583327	0.000174673	0.000777742	
387	0.0940787	0.0837602	0.0102302	8.83425e-05	0.418889	0.372945	0.0455503	0.000393348	9.67274e-05	0.000430682	
388	0.0865623	0.0765521	0.00985536	0.000154855	0.385422	0.340851	0.0438814	0.0006895	0.000154797	0.000689243	
389	0.140307	0.110562	0.0297082	3.67861e-05	0.624723	0.492282	0.132277	0.000163791	4.23865e-05	0.000188727	
390	0.082482	0.0739532	0.00852886	0	0.367254	0.329279	0.037975	0	0	0	
391	0.0977777	0.090763	0.00698365	3.10374e-05	0.435359	0.404126	0.0310949	0.000138195	3.47674e-05	0.000154803	
392	0.0913409	0.0495708	0.0413942	0.000375913	0.406699	0.220715	0.184309	0.00167376	0.000387007	0.00172316	
393	0.0886374	0.080463	0.00817441	0	0.394661	0.358264	0.0363969	0	0	0	
394	0.0971649	0.0921309	0.00503398	0	0.43263	0.410216	0.022414	0	0	0	
395	0.148595	0.137546	0.0110495	0	0.661628	0.61243	0.0491983	0	0	0	
396	0.0984329	0.0588348	0.039598	0	0.438276	0.261964	0.176311	0	0	0	
397	0.130507	0.100791	0.0293475	0.000368266	0.581089	0.448779	0.13067	0.00163971	0.000653829	0.00291119	
398	0.0916649	0.0906929	0.000971928	0	0.408141	0.403813	0.00432754	0	0	0	
399	0.078849	0.0781196	0.000729244	2.62512e-07	0.351078	0.34783	0.00324699	1.16884e-06	3.16125e-07	1.40756e-06	
400	0.147504	0.128395	0.0191041	5.04697e-06	0.656768	0.571684	0.0850621	2.24718e-05	9.5217e-06	4.23957e-05	
401	0.101515	0.100116	0.00139915	0	0.452001	0.445771	0.0062298	0	0	0	
402	0.112742	0.0829763	0.0297119	5.45499e-05	0.501991	0.369455	0.132293	0.000242885	5.7781e-05	0.000257272	
403	0.116737	0.0883658	0.0281548	0.000216424	0.519776	0.393452	0.12536	0.000963638	0.000359455	0.00160049	
404	0.109071	0.0982779	0.0107892	4.19276e-06	0.485644	0.437586	0.0480394	1.86684e-05	4.13516e-06	1.84119e-05	
405	0.107108	0.106661	0.000446847	0	0.476906	0.474916	0.0019896	0	0	0	
406	0.205212	0.176032	0.0290968	8.27387e-05	0.913716	0.783793	0.129554	0.000368397	8.838e-05	0.000393515	
407	0.129507	0.0850737	0.0442659	0.000167701	0.576636	0.378793	0.197095	0.000746696	0.000181129	0.000806485	
408	0.129506	0.127049	0.00245645	0	0.57663	0.565693	0.0109374	0	0	0	
409	0.0918276	0.0915546	0.000273014	0	0.408866	0.40765	0.0012156	0	0	0	
410	0.112911	0.08753	0.0251593	0.000222554	0.502744	0.389731	0.112023	0.000990934	0.00101581	0.00452294	
411	0.134621	0.116972	0.0176319	1.69302e-05	0.599407	0.520825	0.0785069	7.53824e-05	1.68798e-05	7.51581e-05	
412	0.147858	0.121857	0.0260004	2.00136e-07	0.658344	0.542575	0.115768	8.91114e-07	3.4316e-07	1.52793e-06	
413	0.0929989	0.0913399	0.00165901	0	0.414081	0.406694	0.00738684	0	0	0	
414	0.147758	0.11231	0.0354214	2.61154e-05	0.657899	0.500068	0.157715	0.000116279	2.64554e-05	0.000117793	
415	0.0925638	0.0917651	0.00079872	0	0.412144	0.408587	0.00355633	0	0	0	
416	0.122147	0.105887	0.0162606	0	0.543867	0.471466	0.072401	0	0	0	
417	0.106265	0.0955703	0.0106955	0	0.473153	0.42553	0.0476222	0	0	0	
418	0.0801289	0.0767721	0.00335688	0	0.356777	0.34183	0.0149466	0	0	0	
419	0.134706	0.101932	0.0327082	6.63675e-05	0.599786	0.453856	0.145634	0.000295503	0.000134607	0.000599344	
420	0.0838192	0.0835931	0.00022609	1.3129e-07	0.373208	0.372201	0.00100667	5.84576e-07	1.06862e-07	4.75808e-07	
421	0.0875112	0.0859868	0.00152436	0	0.389647	0.382859	0.00678729	0	0	0	
422	0.0985836	0.0808884	0.0175857	0.000109478	0.438947	0.360158	0.0783013	0.000487458	0.000109777	0.000488789	
423	0.0654427	0.0559146	0.00952808	0	0.291386	0.248962	0.0424241	0	0	0	
424	0.110585	0.110418	0.000166435	0	0.492385	0.491644	0.000741058	0	0	0	
425	0.0740233	0.0694806	0.00452124	2.14889e-05	0.329591	0.309365	0.020131	9.56804e-05	2.1444e-05	9.54803e-05	
426	0.112447	0.108922	0.0035193	4.88782e-06	0.500674	0.484983	0.0156698	2.17632e-05	5.1233e-06	2.28117e-05	
427	0.0938099	0.0903805	0.0034175	1.19723e-05	0.417692	0.402422	0.0152165	5.33071e-05	1.24132e-05	5.52705e-05	
428	0.0960504	0.0939519	0.00209769	9.04096e-07	0.427668	0.418324	0.00934004	4.02552e-06	8.90724e-07	3.96598e-06	
429	0.122086	0.0881337	0.0339462	6.22334e-06	0.543593	0.392418	0.151146	2.77096e-05	6.36077e-06	2.83216e-05	
430	0.24338	0.212161	0.0312092	9.53864e-06	1.08366	0.944658	0.13896	4.24711e-05	1.52642e-05	6.79648e-05	
431	0.181536	0.166171	0.0153644	0	0.808297	0.739886	0.0684109	0	0	0	
432	0.135153	0.112069	0.0230356	4.88241e-05	0.601776	0.498992	0.102566	0.000217391	6.59643e-05	0.000293708	
433	0.110311	0.0984774	0.0117065	0.000127206	0.491164	0.438474	0.0521239	0.000566392	0.00014002	0.000623445	
434	0.0910384	0.0805111	0.0105272	0	0.405352	0.358478	0.046873	0	0	0	
435	0.212481	0.15196	0.0603053	0.000215806	0.946083	0.676611	0.268511	0.000960884	0.000295864	0.00131734	
436	0.119272	0.0860814	0.032878	0.000312664	0.531063	0.38328	0.14639	0.00139214	0.000389226	0.00173304	
437	0.147709	0.0861307	0.0594915	0.00208697	0.65768	0.3835	0.264888	0.00929234	0.00319378	0.0142204	
438	0.180462	0.13035	0.0490507	0.00106067	0.803515	0.580392	0.2184	0.00472267	0.00115255	0.00513179	
439	0.135739	0.127025	0.00870723	6.45378e-06	0.604385	0.565588	0.0387692	2.87357e-05	7.26532e-06	3.23491e-05	
440	0.0860749	0.0801235	0.00591803	3.34558e-05	0.383252	0.356753	0.0263502	0.000148963	3.8329e-05	0.000170661	
441	0.0691336	0.067615	0.00151518	3.42176e-06	0.30782	0.301058	0.00674642	1.52355e-05	3.67726e-06	1.63731e-05	
442	0.134215	0.0949011	0.0381887	0.00112604	0.597601	0.42255	0.170036	0.00501373	0.00148043	0.00659167	
443	0.167776	0.137912	0.0296422	0.000221695	0.747032	0.614062	0.131983	0.000987107	0.000337126	0.00150106	
444	0.137448	0.107926	0.0294446	7.78302e-05	0.611996	0.480546	0.131103	0.000346542	9.03528e-05	0.000402299	
445	0.112918	0.0881933	0.0246492	7.54819e-05	0.502772	0.392684	0.109751	0.000336086	0.000134072	0.000596963	
446	0.155318	0.0906861	0.0642662	0.000366151	0.691561	0.403783	0.286147	0.0016303	0.000487895	0.00217237	
447	0.16147	0.121949	0.0395212	0	0.718953	0.542984	0.175969	0	0	0	
448	0.0492547	0.0375454	0.0117078	1.5183e-06	0.219308	0.167172	0.0521296	6.7603e-06	1.66906e-06	7.43156e-06	
449	0.257923	0.154166	0.103405	0.000352325	1.14841	0.686431	0.460416	0.00156874	0.000570375	0.00253962	
450	0.0883915	0.0794106	0.00898082	0	0.393566	0.353579	0.0399874	0	0	0	
451	0.133061	0.120195	0.0128546	1.12465e-05	0.592461	0.535176	0.0572357	5.00755e-05	1.28344e-05	5.7146e-05	
452	0.172675	0.100027	0.0715821	0.00106611	0.768845	0.445377	0.318722	0.00474692	0.00114411	0.00509421	
453	0.10656	0.0955511	0.0110094	1.91205e-07	0.474465	0.425444	0.0490201	8.51351e-07	1.77473e-07	7.90205e-07	
454	0.140159	0.0891438	0.0509197	9.58515e-05	0.624064	0.396916	0.226721	0.000426782	0.00020534	0.000914285	
455	0.157849	0.105043	0.0525101	0.00029564	0.70283	0.46771	0.233803	0.00131635	0.000393498	0.00175206	
456	0.149556	0.111863	0.0372586	0.000434178	0.665905	0.498076	0.165895	0.00193319	0.000587997	0.00261808	
457	0.132982	0.100531	0.0324391	1.24093e-05	0.59211	0.447619	0.144436	5.52529e-05	2.38057e-05	0.000105996	
458	0.102913	0.0789114	0.023929	7.27008e-05	0.458224	0.351356	0.106544	0.000323703	8.40124e-05	0.000374068	
459	0.0999795	0.088889	0.0110793	1.11113e-05	0.445162	0.395781	0.0493313	4.94738e-05	2.63655e-05	0.000117393	
460	0.131366	0.0853446	0.0459962	2.54432e-05	0.584913	0.38	0.2048	0.000113286	4.20411e-05	0.000187189	
461	0.144342	0.0855168	0.0588087	1.69664e-05	0.64269	0.380766	0.261848	7.55439e-05	2.73184e-05	0.000121636	
462	0.118603	0.0999817	0.0185335	8.79465e-05	0.528085	0.445172	0.0825213	0.000391585	0.000112168	0.000499434	
463	0.141069	0.11948	0.0215888	0	0.628117	0.531992	0.0961253	0	0	0	
464	0.0823025	0.0689803	0.0133125	9.67908e-06	0.366455	0.307137	0.0592747	4.30965e-05	1.58767e-05	7.0692e-05	
465	0.0848686	0.0826716	0.00219701	0	0.37788	0.368098	0.00978231	0	0	0	
466	0.175361	0.109924	0.0649301	0.000507665	0.780805	0.489441	0.289104	0.0022604	0.000739978	0.00329478	
467	0.115305	0.0797692	0.0350804	0.000455531	0.5134	0.355175	0.156196	0.00202827	0.000592086	0.00263628	
468	0.106623	0.101537	0.00508527	5.76765e-07	0.474745	0.452101	0.0226423	2.56806e-06	1.56179e-06	6.95395e-06	
469	0.0769308	0.0767829	0.00014787	0	0.342537	0.341879	0.000658399	0	0	0	
470	0.108629	0.0949173	0.0136427	6.95722e-05	0.483677	0.422623	0.0607446	0.000309773	0.00012704	0.000565654	
471	0.12836	0.079027	0.0493332	0	0.571529	0.351871	0.219658	0	0	0	
472	0.129754	0.0891776	0.0378479	0.00272867	0.577735	0.397067	0.168519	0.0121495	0.00305044	0.0135822	
473	0.161488	0.0991936	0.0599539	0.00234104	0.719034	0.441663	0.266947	0.0104235	0.00307473	0.0136903	
474	0.106131	0.0769525	0.0291785	0	0.472553	0.342634	0.129918	0	0	0	
475	0.117277	0.113264	0.00401204	1.2257e-06	0.522184	0.504315	0.0178638	5.45748e-06	1.23217e-06	5.48632e-06	
476	0.156459	0.112703	0.0437422	1.37314e-05	0.696642	0.501817	0.194763	6.11397e-05	1.43564e-05	6.39228e-05	
477	0.125409	0.0970084	0.0283395	6.16223e-05	0.55839	0.431933	0.126182	0.000274375	8.55245e-05	0.000380801	
478	0.0924459	0.0788982	0.013494	5.36696e-05	0.411619	0.351297	0.0600827	0.000238966	7.16018e-05	0.000318809	
479	0.107262	0.0976944	0.00946028	0.00010731	0.477588	0.434988	0.0421222	0.000477806	0.000112749	0.000502022	
480	0.12202	0.0975913	0.0244266	2.10354e-06	0.543298	0.434529	0.10876	9.36612e-06	6.22382e-06	2.77118e-05	
481	0.0837919	0.0758915	0.00788606	1.44617e-05	0.373087	0.337909	0.035113	6.43913e-05	2.28498e-05	0.000101739	
482	0.131955	0.105773	0.0261435	3.81191e-05	0.587536	0.470961	0.116405	0.000169727	6.67105e-05	0.000297031	
483	0.103997	0.0924644	0.0115311	2.50049e-06	0.463055	0.411701	0.0513427	1.11335e-05	3.92819e-06	1.74904e-05	
484	0.153761	0.116647	0.036465	0.000649557	0.68463	0.519376	0.162361	0.00289217	0.00105441	0.00469482	
485	0.110599	0.0948411	0.0156398	0.000118239	0.492447	0.422283	0.0696368	0.000526465	0.000123988	0.000552065	
486	0.0839772	0.0798993	0.00407668	1.20492e-06	0.373911	0.355754	0.0181516	5.36498e-06	4.20753e-06	1.87342e-05	
487	0.103409	0.0996695	0.0037397	0	0.460433	0.443782	0.0166511	0	0	0	
488	0.13263	0.0953744	0.0371092	0.000146482	0.59054	0.424658	0.16523	0.00065222	0.000181405	0.000807713	
489	0.14638	0.0980282	0.0481672	0.000185048	0.651764	0.436474	0.214466	0.000823937	0.000198673	0.0008846	
490	0.0957876	0.0906308	0.00515686	0	0.426498	0.403537	0.0229611	0	0	0	
491	0.102218	0.0781586	0.0240525	6.83437e-06	0.455129	0.348004	0.107094	3.04302e-05	1.51376e-05	6.74008e-05	
492	0.148233	0.0968636	0.0501351	0.00123464	0.660014	0.431289	0.223228	0.00549732	0.00142184	0.0063308	
493	0.19609	0.111521	0.0843186	0.000250862	0.873102	0.496553	0.375431	0.00111697	0.000346943	0.00154477	
494	0.177735	0.116912	0.0606636	0.000159282	0.791372	0.520556	0.270107	0.000709209	0.000206544	0.000919645	
495	0.0885982	0.0837811	0.00481711	0	0.394487	0.373038	0.0214484	0	0	0	
496	0.104698	0.0895667	0.0147956	0.000336653	0.466176	0.398799	0.0658779	0.00149896	0.000341965	0.00152261	
497	0.115442	0.0774306	0.0379219	9.01423e-05	0.514013	0.344762	0.168849	0.000401362	0.00021489	0.000956806	
498	0.168928	0.133292	0.0353048	0.000330658	0.752159	0.59349	0.157196	0.00147227	0.00036026	0.00160407	
499	0.160153	0.15768	0.00247307	5.39276e-07	0.71309	0.702076	0.0110114	2.40114e-06	5.14901e-07	2.29261e-06	
500	0.145033	0.080596	0.0639661	0.000471591	0.645768	0.358857	0.284811	0.00209977	0.000913447	0.00406716	
501	0.143414	0.108222	0.0348853	0.000306623	0.638559	0.481866	0.155328	0.00136525	0.000572659	0.00254978	
502	0.0927373	0.0907534	0.00198393	0	0.412916	0.404083	0.00883356	0	0	0	
503	0.113939	0.10279	0.0111367	1.24173e-05	0.50732	0.457678	0.0495867	5.52886e-05	1.23597e-05	5.5032e-05	
504	0.131165	0.119094	0.0120276	4.36782e-05	0.584018	0.53027	0.0535534	0.000194478	4.59672e-05	0.00020467	
505	0.0733499	0.0685188	0.00482801	3.2065e-06	0.326593	0.305082	0.0214969	1.4277e-05	6.54187e-06	2.91279e-05	
506	0.145381	0.0975869	0.0471471	0.000647374	0.647316	0.434509	0.209924	0.00288246	0.000805435	0.00358623	
507	0.210964	0.157636	0.0527796	0.000547933	0.939326	0.701883	0.235003	0.00243969	0.00059758	0.00266075	
508	0.0945231	0.087835	0.00668806	0	0.420867	0.391088	0.0297788	0	0	0	
509	0.0969989	0.0869841	0.010007	7.85215e-06	0.431891	0.3873	0.0445568	3.4962e-05	1.01427e-05	4.51608e-05	
510	0.139994	0.105061	0.034381	0.000551832	0.623328	0.467789	0.153082	0.00245705	0.000717424	0.00319435	
511	0.0785474	0.074974	0.00356764	5.86744e-06	0.349735	0.333824	0.015885	2.6125e-05	6.20152e-06	2.76125e-05	
512	0.153817	0.0881251	0.065514	0.000178078	0.684877	0.39238	0.291703	0.000792901	0.000365352	0.00162674	
513	0.110817	0.0909241	0.0198602	3.34167e-05	0.49342	0.404843	0.0884285	0.000148789	7.55106e-05	0.000336213	
514	0.243187	0.128147	0.112761	0.00227911	1.0828	0.570579	0.502075	0.0101478	0.00326701	0.0145465	
515	0.0670903	0.0564581	0.010585	4.72097e-05	0.298722	0.251382	0.0471301	0.000210203	5.72503e-05	0.000254909	
516	0.105225	0.0882852	0.0166672	0.00027272	0.468519	0.393093	0.0742115	0.00121429	0.000301376	0.00134189	
517	0.0870848	0.0815246	0.00555723	3.0124e-06	0.387748	0.362991	0.0247437	1.34128e-05	7.38052e-06	3.2862e-05	
518	0.188465	0.155446	0.0330184	5.7501e-08	0.839149	0.692133	0.147015	2.56025e-07	6.38923e-09	2.84483e-08	
519	0.0648482	0.0420013	0.0228461	8.52417e-07	0.288739	0.187012	0.101723	3.79541e-06	2.56386e-06	1.14157e-05	
520	0.160292	0.122053	0.0375058	0.000732823	0.713707	0.543448	0.166996	0.00326292	0.000940042	0.00418557	
521	0.260511	0.109595	0.149665	0.00125031	1.15993	0.487975	0.666393	0.00556709	0.00290365	0.0129286	
522	0.173004	0.0781532	0.094808	4.31594e-05	0.770308	0.34798	0.422136	0.000192169	0.000165089	0.000735066	
523	0.0908688	0.0760227	0.014846	0	0.404597	0.338494	0.0661028	0	0	0	
524	0.147873	0.10573	0.0417253	0.000417807	0.658412	0.470768	0.185783	0.0018603	0.000615281	0.00273956	
525	0.156459	0.0995416	0.0563102	0.000607624	0.696642	0.443213	0.250723	0.00270547	0.00094825	0.00422212	
526	0.118863	0.101241	0.0175263	9.47891e-05	0.529242	0.450783	0.0780366	0.000422052	0.000109474	0.000487439	
527	0.111348	0.0777856	0.0333196	0.000243395	0.495784	0.346343	0.148357	0.00108372	0.00027474	0.00122329	
528	0.0888282	0.0802471	0.00856375	1.74428e-05	0.395511	0.357303	0.0381304	7.76648e-05	2.74928e-05	0.000122412	
529	0.124751	0.0809121	0.0434323	0.000407235	0.555461	0.360264	0.193384	0.00181323	0.000784345	0.00349232	
530	0.0941643	0.0806794	0.0134424	4.24737e-05	0.41927	0.359228	0.0598528	0.000189115	4.92661e-05	0.000219359	
531	0.171931	0.104827	0.0667255	0.000378447	0.765531	0.466748	0.297097	0.00168505	0.00117266	0.00522133	
532	0.117345	0.08362	0.0326594	0.00106568	0.522483	0.372321	0.145417	0.00474498	0.00112517	0.0050099	
533	0.168403	0.117753	0.0504447	0.000205183	0.749821	0.5243	0.224606	0.000913586	0.000387819	0.00172678	
534	0.136453	0.113257	0.0227096	0.000486005	0.607563	0.504283	0.101115	0.00216395	0.000499009	0.00222185	
535	0.09959	0.0775834	0.0217749	0.000231723	0.443428	0.345443	0.0969536	0.00103175	0.000273127	0.00121611	
536	0.0740064	0.0658059	0.0081995	1.13097e-06	0.329516	0.293003	0.0365086	5.03569e-06	1.43046e-06	6.3692e-06	
537	0.124493	0.0767244	0.0470327	0.000736431	0.554312	0.341618	0.209415	0.00327898	0.00144175	0.00641949	
538	0.143186	0.0803754	0.0601134	0.00269754	0.637542	0.357874	0.267657	0.0120109	0.00543149	0.0241839	
539	0.133261	0.083129	0.0500278	0.000104564	0.593351	0.370135	0.222751	0.000465577	0.000175978	0.000783549	
540	0.0927223	0.0799061	0.0126958	0.00012042	0.412849	0.355785	0.0565285	0.000536177	0.000140944	0.00062756	
541	0.0913668	0.082167	0.00917742	2.24298e-05	0.406814	0.365852	0.0408628	9.98698e-05	2.74844e-05	0.000122375	
542	0.199292	0.149936	0.048942	0.000414293	0.887358	0.667597	0.217916	0.00184465	0.000515155	0.00229374	
543	0.13156	0.0893793	0.0421573	2.39091e-05	0.585778	0.397965	0.187707	0.000106456	2.99213e-05	0.000133226	
544	0.168184	0.126672	0.0414928	1.96085e-05	0.748848	0.564013	0.184748	8.73077e-05	0.000217036	0.000966363	
545	0.149959	0.0751757	0.0747693	1.50091e-05	0.667702	0.334722	0.332913	6.6829e-05	1.63922e-05	7.29869e-05	
546	0.136222	0.116547	0.0196715	3.21073e-06	0.606536	0.518933	0.0875884	1.42959e-05	4.05198e-06	1.80416e-05	
547	0.0858758	0.0754772	0.0103986	0	0.382365	0.336065	0.0463003	0	0	0	
548	0.116613	0.110774	0.00583912	0	0.519226	0.493227	0.0259989	0	0	0	
549	0.153457	0.0849912	0.0674426	0.00102349	0.683274	0.378426	0.30029	0.00455715	0.00180601	0.00804133	
550	0.183034	0.119721	0.0619592	0.001354	0.814968	0.533063	0.275875	0.00602875	0.0021137	0.00941137	
551	0.0969332	0.0965486	0.000384539	0	0.431598	0.429886	0.00171217	0	0	0	
552	0.0825614	0.0725889	0.0098898	8.27591e-05	0.367607	0.323204	0.0440347	0.000368488	8.72888e-05	0.000388657	
553	0.189288	0.182968	0.00631403	5.61883e-06	0.842813	0.814674	0.0281135	2.5018e-05	6.77224e-06	3.01536e-05	
554	0.14119	0.10242	0.0376689	0.00110118	0.628654	0.456029	0.167722	0.00490306	0.00117757	0.00524321	
555	0.0951917	0.0751324	0.0199859	7.34364e-05	0.423845	0.33453	0.0889882	0.000326978	8.476e-05	0.000377397	
556	0.187968	0.149558	0.0380734	0.000336117	0.836935	0.665915	0.169523	0.00149657	0.00033827	0.00150616	
557	0.0893756	0.0789413	0.0104016	3.27275e-05	0.397948	0.351489	0.0463136	0.00014572	6.17913e-05	0.000275128	
558	0.106608	0.0974134	0.00919495	0	0.474678	0.433737	0.0409408	0	0	0	
559	0.0984983	0.0790455	0.0191908	0.000262073	0.438567	0.351953	0.0854478	0.00116689	0.000360334	0.0016044	
560	0.0949557	0.0848035	0.0101521	0	0.422793	0.37759	0.0452029	0	0	0	
561	0.110264	0.0930699	0.0170359	0.000158404	0.490955	0.414397	0.0758532	0.0007053	0.000246012	0.00109538	
562	0.0754059	0.0498323	0.0255735	0	0.335747	0.22188	0.113867	0	0	0	
563	0.106424	0.0788047	0.0275859	3.41604e-05	0.47386	0.350881	0.122827	0.0001521	6.02286e-05	0.00026817	
564	0.12257	0.0814513	0.0409296	0.000189251	0.545748	0.362665	0.18224	0.00084265	0.000352324	0.00156873	
565	0.101746	0.0849613	0.0166221	0.000162752	0.453028	0.378293	0.0740109	0.000724663	0.000197647	0.000880033	
566	0.122111	0.103737	0.0183049	6.84972e-05	0.543704	0.461896	0.0815036	0.000304986	7.88271e-05	0.00035098	
567	0.220043	0.160826	0.058324	0.000893498	0.979753	0.716085	0.259689	0.00397833	0.000944328	0.00420465	
568	0.139811	0.115246	0.0245648	0	0.622514	0.513138	0.109375	0	0	0	
569	0.0759201	0.0758605	5.9614e-05	0	0.338037	0.337771	0.000265433	0	0	0	
570	0.134849	0.119748	0.0149914	0.000109658	0.600424	0.533186	0.06675	0.000488259	0.000140939	0.00062754	
571	0.108623	0.0915056	0.0171126	5.38604e-06	0.483651	0.407432	0.0761949	2.39815e-05	7.5054e-06	3.34181e-05	
572	0.113995	0.0975939	0.0163287	7.32784e-05	0.507571	0.43454	0.0727043	0.000326275	8.59746e-05	0.000382805	
573	0.101006	0.0843631	0.0165953	4.83364e-05	0.449736	0.37563	0.0738912	0.000215219	7.45174e-05	0.000331791	
574	0.141457	0.0798546	0.0612539	0.000348922	0.629844	0.355555	0.272735	0.00155359	0.000561018	0.00249795	
575	0.145689	0.0843032	0.0597999	0.0015864	0.648688	0.375363	0.266261	0.00706354	0.0018002	0.00801546	
576	0.0679951	0.0544852	0.0135098	0	0.30275	0.242597	0.0601531	0	0	0	
577	0.134353	0.113155	0.0211887	9.82961e-06	0.598215	0.503827	0.0943435	4.37667e-05	1.48882e-05	6.62904e-05	
578	0.108939	0.0890224	0.0199157	1.66157e-06	0.485058	0.396375	0.0886756	7.39822e-06	1.73812e-06	7.73907e-06	
579	0.0952188	0.0873012	0.00790907	8.58134e-06	0.423965	0.388712	0.0352154	3.82087e-05	1.45592e-05	6.48255e-05	
580	0.0825476	0.0667754	0.0157576	1.47113e-05	0.367546	0.29732	0.0701613	6.5503e-05	5.33791e-05	0.000237672	
581	0.0798666	0.0752331	0.00463354	0	0.355609	0.334978	0.020631	0	0	0	
582	0.0867199	0.0844954	0.00222403	5.19365e-07	0.386123	0.376219	0.00990261	2.31249e-06	4.92848e-07	2.19442e-06	
583	0.111409	0.0929276	0.0184275	5.39984e-05	0.496053	0.413763	0.0820493	0.00024043	7.09349e-05	0.00031584	
584	0.180353	0.128181	0.0514785	0.000693597	0.80303	0.570732	0.22921	0.00308827	0.000805873	0.00358818	
585	0.113804	0.0750318	0.0387448	2.75316e-05	0.506717	0.334082	0.172512	0.000122585	4.93298e-05	0.000219643	
586	0.125402	0.0844934	0.0406211	0.000287534	0.558357	0.37621	0.180867	0.00128025	0.000335368	0.00149323	
587	0.106575	0.0891212	0.0173403	0.000114073	0.474532	0.396815	0.0772087	0.000507916	0.000139452	0.000620916	
588	0.068455	0.0677511	0.000703903	0	0.304798	0.301664	0.00313415	0	0	0	
589	0.161203	0.109462	0.0509255	0.000815814	0.717763	0.487383	0.226747	0.00363244	0.00137243	0.0061108	
590	0.136451	0.107605	0.0285296	0.000316376	0.607556	0.479118	0.127029	0.00140868	0.000336805	0.00149964	
591	0.131075	0.0961446	0.0348028	0.000128466	0.58362	0.428087	0.154961	0.000572003	0.000253017	0.00112656	
592	0.112961	0.0859826	0.0269426	3.65065e-05	0.502966	0.382841	0.119963	0.000162546	4.77236e-05	0.000212491	
593	0.0968127	0.0942057	0.00260647	6.08586e-07	0.431062	0.419454	0.0116054	2.70975e-06	1.04841e-06	4.66812e-06	
594	0.0882368	0.0806957	0.00752415	1.70134e-05	0.392877	0.3593	0.0335015	7.5753e-05	3.08421e-05	0.000137325	
595	0.112053	0.0940513	0.0179432	5.93805e-05	0.498924	0.418767	0.0798931	0.000264394	9.18482e-05	0.000408957	
596	0.108633	0.09046	0.0180997	7.43019e-05	0.483696	0.402776	0.0805896	0.000330832	0.000121	0.000538758	
597	0.153827	0.141274	0.0125389	1.43423e-05	0.684924	0.629031	0.0558302	6.38599e-05	2.00455e-05	8.92534e-05	
598	0.115463	0.108457	0.00694117	6.43462e-05	0.514105	0.482912	0.0309058	0.000286504	6.52055e-05	0.00029033	
599	0.106954	0.0936068	0.013348	0	0.476221	0.416788	0.0594328	0	0	0	
600	0.109312	0.108187	0.00112444	0	0.486717	0.48171	0.00500661	0	0	0	
601	0.259981	0.148376	0.110573	0.00103066	1.15757	0.660653	0.492334	0.00458906	0.00103524	0.00460948	
602	0.111749	0.102796	0.00891152	4.2119e-05	0.497569	0.457703	0.0396788	0.000187536	5.09817e-05	0.000226998	
603	0.108355	0.0520711	0.056284	0	0.482455	0.231848	0.250607	0	0	0	
604	0.0860238	0.0811209	0.00490227	5.98362e-07	0.383024	0.361194	0.0218275	2.66423e-06	3.34198e-06	1.48803e-05	
605	0.126384	0.0496531	0.0767313	0	0.562731	0.221082	0.341649	0	0	0	
606	0.143954	0.093982	0.0492609	0.000711938	0.640964	0.418458	0.219336	0.00316993	0.000869052	0.00386948	
607	0.0869369	0.0783389	0.00856317	3.4861e-05	0.38709	0.348807	0.0381278	0.00015522	4.47052e-05	0.000199051	
608	0.0874498	0.0789566	0.00846868	2.46155e-05	0.389374	0.351557	0.0377071	0.000109601	2.55435e-05	0.000113733	
609	0.0902174	0.0872783	0.00293713	1.96856e-06	0.401696	0.38861	0.0130777	8.76512e-06	2.05371e-06	9.14425e-06	
610	0.104674	0.080176	0.0240543	0.000443857	0.466065	0.356987	0.107102	0.00197629	0.000538556	0.00239794	
611	0.0607678	0.0578246	0.00294319	0	0.270571	0.257466	0.0131046	0	0	0	
612	0.097726	0.090779	0.00694694	0	0.435128	0.404197	0.0309315	0	0	0	
613	0.0922532	0.0767688	0.0153701	0.000114336	0.410761	0.341816	0.0684361	0.000509087	0.000158693	0.00070659	
614	0.0975014	0.0837615	0.0136403	9.96336e-05	0.434129	0.372951	0.0607342	0.000443622	0.000106143	0.000472609	
615	0.100134	0.0868859	0.0132486	0	0.445853	0.386862	0.0589902	0	0	0	
616	0.124566	0.089086	0.0328303	0.00265041	0.554638	0.396659	0.146178	0.011801	0.00269646	0.0120061	
617	0.124046	0.091785	0.0321119	0.000149104	0.552319	0.408676	0.142979	0.000663891	0.000163874	0.000729659	
618	0.0595386	0.0559825	0.00355609	0	0.265098	0.249264	0.0158336	0	0	0	
619	0.139691	0.0989648	0.0406708	5.55135e-05	0.621979	0.440644	0.181088	0.000247176	6.91783e-05	0.000308019	
620	0.104212	0.0877947	0.0164089	8.49865e-06	0.464008	0.390909	0.0730614	3.78405e-05	9.80346e-06	4.36502e-05	
621	0.329351	0.186291	0.140336	0.00272341	1.46644	0.829469	0.624854	0.0121261	0.00332716	0.0148143	
622	0.0338616	0.0305071	0.00334831	6.17323e-06	0.15077	0.135834	0.0149085	2.74865e-05	8.29023e-06	3.69125e-05	
623	0.1011	0.0718952	0.0291049	0.00010024	0.450153	0.320116	0.12959	0.000446323	0.000160458	0.000714447	
624	0.119503	0.0827496	0.03665	0.000103381	0.532092	0.368446	0.163185	0.000460308	0.000110068	0.000490082	
625	0.0649033	0.0550119	0.00989141	0	0.288984	0.244942	0.0440419	0	0	0	
626	0.0694313	0.0638627	0.00556857	0	0.309145	0.284351	0.0247942	0	0	0	
627	0.0974908	0.079153	0.0183378	0	0.434081	0.352431	0.0816501	0	0	0	
628	0.060147	0.0601422	4.85544e-06	0	0.267807	0.267785	2.1619e-05	0	0	0	
629	0.207402	0.137689	0.0692815	0.000431145	0.923467	0.613069	0.308478	0.00191969	0.000523421	0.00233055	
630	0.189111	0.145657	0.0434493	4.94996e-06	0.842027	0.648545	0.193459	2.20399e-05	6.62047e-06	2.94779e-05	
631	0.109398	0.0958929	0.0135059	0	0.487102	0.426966	0.0601358	0	0	0	
632	0.0438232	0.0432796	0.000543538	0	0.195124	0.192704	0.00242012	0	0	0	
633	0.0559801	0.0451839	0.0107202	7.59839e-05	0.249253	0.201183	0.0477323	0.000338321	8.85802e-05	0.000394406	
634	0.0455136	0.0419945	0.00351207	7.05506e-06	0.202651	0.186982	0.0156376	3.14129e-05	8.85421e-06	3.94237e-05	
635	0.0764338	0.0655947	0.0107426	9.65553e-05	0.340324	0.292062	0.047832	0.000429916	9.80146e-05	0.000436414	
636	0.0835061	0.0650429	0.0184551	8.13158e-06	0.371814	0.289606	0.082172	3.62061e-05	9.47728e-06	4.21979e-05	
637	0.0780407	0.0736841	0.00434425	1.24048e-05	0.347479	0.328081	0.0193429	5.52331e-05	1.64937e-05	7.34389e-05	
638	0.124021	0.0815983	0.0424205	2.51243e-06	0.552209	0.363319	0.188879	1.11867e-05	7.97382e-06	3.55037e-05	
639	0.123056	0.076186	0.0468436	2.73493e-05	0.547915	0.339221	0.208573	0.000121774	3.72243e-05	0.000165742	
640	0.0885078	0.0805498	0.00789155	6.6549e-05	0.394084	0.358651	0.0351374	0.000296311	7.07081e-05	0.00031483	
641	0.075722	0.075089	0.000632426	6.69422e-07	0.337155	0.334336	0.0028159	2.98063e-06	8.16718e-07	3.63646e-06	
642	0.0631215	0.0631206	8.95388e-07	0	0.281051	0.281047	3.98675e-06	0	0	0	
643	0.2302	0.142037	0.0804879	0.00767543	1.02497	0.632427	0.358375	0.0341751	0.00983075	0.0437718	
644	0.103513	0.0824639	0.0210496	0	0.460898	0.367173	0.0937243	0	0	0	
645	0.082848	0.0804571	0.00238189	9.09774e-06	0.368884	0.358238	0.0106054	4.0508e-05	1.09332e-05	4.86805e-05	
646	0.131394	0.0750502	0.0563437	8.77513e-08	0.585036	0.334163	0.250872	3.90716e-07	5.4113e-07	2.4094e-06	
647	0.222524	0.123933	0.0873586	0.0112319	0.990798	0.55182	0.388967	0.0500105	0.0121439	0.0540712	
648	0.14052	0.117379	0.0230326	0.000108431	0.625673	0.522637	0.102553	0.000482797	0.000162084	0.000721688	
649	0.0643885	0.0643885	0	0	0.286692	0.286692	0	0	0	0	
650	0.0749294	0.0730396	0.00188986	0	0.333626	0.325211	0.00841469	0	0	0	
651	0.102031	0.101579	0.000451552	0	0.454299	0.452288	0.00201055	0	0	0	
652	0.108348	0.0825328	0.0254902	0.000325186	0.482424	0.36748	0.113496	0.0014479	0.000417186	0.00185754	
653	0.103155	0.0877304	0.0154149	1.01453e-05	0.459303	0.390623	0.0686355	4.51724e-05	1.43877e-05	6.40618e-05	
654	0.109706	0.0883284	0.0212904	8.80612e-05	0.488474	0.393285	0.0947965	0.000392096	0.000101951	0.000453943	
655	0.119279	0.0811319	0.0377978	0.000349831	0.531096	0.361243	0.168296	0.00155763	0.000438203	0.00195111	
656	0.213235	0.118534	0.093186	0.00151524	0.949439	0.527778	0.414914	0.00674666	0.00345275	0.0153735	
657	0.116365	0.0801874	0.0361778	0	0.51812	0.357037	0.161083	0	0	0	
658	0.102131	0.0754328	0.0266981	7.53312e-08	0.454742	0.335867	0.118874	3.35415e-07	3.50283e-08	1.55965e-07	
659	0.131601	0.0958876	0.0350388	0.000674726	0.585958	0.426943	0.156011	0.00300424	0.000775918	0.0034548	
660	0.148996	0.100588	0.0483663	4.18621e-05	0.663412	0.447873	0.215352	0.000186392	0.000131511	0.000585561	
661	0.174651	0.0985087	0.0757343	0.000408964	0.777644	0.438613	0.337209	0.00182092	0.000801772	0.00356992	
662	0.121601	0.0805927	0.0409965	1.23217e-05	0.541435	0.358842	0.182538	5.48632e-05	1.88543e-05	8.39496e-05	
663	0.108009	0.0805111	0.0273682	0.000129969	0.480915	0.358478	0.121858	0.000578695	0.000153599	0.000683907	
664	0.0997915	0.0874961	0.0122796	1.57948e-05	0.444325	0.38958	0.0546756	7.03273e-05	2.33122e-05	0.000103798	
665	0.104854	0.0873906	0.0174491	1.4981e-05	0.466869	0.38911	0.077693	6.67035e-05	1.83966e-05	8.19118e-05	
666	0.109442	0.0791112	0.0300205	0.000310768	0.487296	0.352245	0.133667	0.0013837	0.000386332	0.00172016	
667	0.14956	0.105042	0.0430447	0.00147363	0.665923	0.467704	0.191658	0.00656141	0.00201839	0.008987	
668	0.108376	0.0832274	0.0251351	1.37556e-05	0.482549	0.370573	0.111915	6.12474e-05	4.39873e-05	0.000195855	
669	0.0450806	0.0436006	0.00148005	0	0.200723	0.194133	0.00658999	0	0	0	
670	0.0888808	0.082803	0.00605941	1.84721e-05	0.395745	0.368683	0.0269797	8.22479e-05	1.91817e-05	8.54074e-05	
671	0.0553793	0.0507511	0.00462827	0	0.246578	0.225971	0.0206075	0	0	0	
672	0.145248	0.112207	0.0329904	5.04876e-05	0.646726	0.49961	0.146891	0.000224798	0.000105832	0.000471223	
673	0.129988	0.101681	0.0281379	0.000168953	0.578776	0.452739	0.125285	0.000752272	0.000257453	0.00114632	
674	0.127716	0.0955556	0.0319407	0.000219702	0.56866	0.425465	0.142217	0.000978234	0.000282334	0.0012571	
675	0.107635	0.0813664	0.0262507	1.80412e-05	0.479249	0.362287	0.116882	8.03291e-05	1.9841e-05	8.8343e-05	
676	0.135404	0.110023	0.025097	0.000284519	0.602895	0.489883	0.111745	0.00126683	0.000332504	0.00148048	
677	0.100736	0.0936368	0.00709652	3.12653e-06	0.448532	0.416921	0.0315975	1.3921e-05	4.9136e-06	2.1878e-05	
678	0.101101	0.080488	0.0206136	0	0.450159	0.358376	0.0917832	0	0	0	
679	0.124765	0.0911933	0.0335375	3.50607e-05	0.555525	0.406041	0.149327	0.000156109	6.03354e-05	0.000268646	
680	0.128131	0.110642	0.0174886	0	0.57051	0.492641	0.0778689	0	0	0	
681	0.108638	0.0979691	0.0106339	3.58666e-05	0.483718	0.436211	0.0473482	0.000159697	6.07715e-05	0.000270587	
682	0.0995032	0.0978689	0.00163426	0	0.443041	0.435765	0.00727662	0	0	0	
683	0.096837	0.0913946	0.00544248	0	0.43117	0.406937	0.0242328	0	0	0	
684	0.105306	0.0944905	0.010816	0	0.468882	0.420722	0.048159	0	0	0	
685	0.18457	0.141075	0.0426963	0.000798654	0.821805	0.628142	0.190107	0.00355604	0.000802885	0.00357487	
686	0.105755	0.0907331	0.0146105	0.000411736	0.470879	0.403992	0.0650539	0.00183327	0.000412065	0.00183473	
687	0.0813437	0.0780138	0.00332506	4.8402e-06	0.362186	0.347359	0.0148049	2.15511e-05	6.16205e-06	2.74367e-05	
688	0.0643957	0.0643957	0	0	0.286724	0.286724	0	0	0	0	
689	0.00820693	0.00716889	0.00103803	0	0.0365416	0.0319197	0.00462191	0	0	0	
690	0.0603587	0.0599782	0.000380569	0	0.268749	0.267055	0.0016945	0	0	0	
691	0.106718	0.0983564	0.00827782	8.39644e-05	0.475166	0.437935	0.0368573	0.000373855	8.9052e-05	0.000396507	
692	0.0730922	0.0730922	0	0	0.325446	0.325446	0	0	0	0	
693	0.0855786	0.0795219	0.00605442	2.34199e-06	0.381042	0.354074	0.0269575	1.04278e-05	2.74111e-06	1.22049e-05	
694	0.235771	0.15477	0.0760579	0.00494331	1.04978	0.689122	0.338651	0.0220102	0.0056334	0.0250829	
695	0.0909332	0.0795049	0.0113969	3.13196e-05	0.404883	0.353999	0.0507453	0.000139452	3.52358e-05	0.000156889	
696	0.240597	0.160123	0.0786911	0.00178319	1.07127	0.712955	0.350375	0.00793975	0.00209119	0.00931113	
697	0.142274	0.0829775	0.0589336	0.000363413	0.633482	0.36946	0.262404	0.00161811	0.000883407	0.0039334	
698	0.368125	0.196252	0.169744	0.00212814	1.63909	0.873819	0.755795	0.00947566	0.00285889	0.0127293	
699	0.339356	0.185773	0.149444	0.00413833	1.51099	0.827164	0.665407	0.0184261	0.00972142	0.043285	
700	0.0827104	0.0827104	0	0	0.368271	0.368271	0	0	0	0	
701	0.0828013	0.0825665	0.000234787	0	0.368676	0.36763	0.0010454	0	0	0	
702	0.110551	0.106486	0.00406542	4.24788e-07	0.492236	0.474133	0.0181014	1.89138e-06	6.86894e-07	3.05842e-06	
703	0.0901788	0.0878251	0.00234974	4.10016e-06	0.401524	0.391044	0.0104623	1.82561e-05	4.04239e-06	1.79989e-05	
704	0.0911546	0.0796071	0.0115475	0	0.405869	0.354453	0.0514158	0	0	0	
705	0.102949	0.0882515	0.0146978	0	0.458386	0.392943	0.0654425	0	0	0	
706	0.206986	0.158497	0.0483992	8.99677e-05	0.921616	0.705716	0.215499	0.000400584	0.000135513	0.000603379	
707	0.0863751	0.0804144	0.00596062	0	0.384588	0.358048	0.0265399	0	0	0	
708	0.0800826	0.0800826	0	0	0.35657	0.35657	0	0	0	0	
709	0.117676	0.103556	0.013979	0.000141677	0.523961	0.461088	0.0622423	0.000630822	0.000141622	0.000630578	
710	0.171787	0.0961594	0.0755597	6.86474e-05	0.764891	0.428153	0.336432	0.000305655	0.00012021	0.00053524	
711	0.0921814	0.0808092	0.0113722	0	0.410441	0.359806	0.0506352	0	0	0	
712	0.076691	0.076691	0	0	0.341469	0.341469	0	0	0	0	
713	0.0855478	0.0785379	0.00700989	0	0.380905	0.349693	0.0312118	0	0	0	
714	0.0898321	0.0818039	0.00802818	0	0.399981	0.364235	0.0357458	0	0	0	
715	0.0710185	0.0701633	0.000855135	0	0.316212	0.312405	0.00380752	0	0	0	
716	0.0836628	0.0751024	0.00854874	1.17795e-05	0.372512	0.334396	0.0380636	5.24489e-05	1.75606e-05	7.81895e-05	
717	0.0981755	0.0884249	0.0096885	6.21963e-05	0.43713	0.393715	0.0431384	0.000276931	6.21634e-05	0.000276784	
718	0.118436	0.108321	0.0100322	8.34896e-05	0.527344	0.482304	0.0446689	0.000371741	8.44954e-05	0.000376219	
719	0.0705923	0.0630265	0.00756208	3.8249e-06	0.314315	0.280628	0.0336704	1.70305e-05	4.31307e-06	1.92041e-05	
720	0.0622846	0.0621857	9.88735e-05	0	0.277324	0.276884	0.000440238	0	0	0	
721	0.124345	0.106496	0.0176356	0.000213488	0.553651	0.474178	0.0785232	0.000950563	0.000217165	0.000966935	
722	0.0819449	0.080983	0.000961902	0	0.364863	0.36058	0.0042829	0	0	0	
723	0.116799	0.102208	0.0145908	0	0.520054	0.455088	0.0649661	0	0	0	
724	0.0816443	0.0806169	0.00102738	0	0.363524	0.35895	0.00457446	0	0	0	
725	0.082468	0.0624866	0.0199813	0	0.367192	0.278224	0.0889678	0	0	0	
726	0.0441119	0.0426013	0.00151056	0	0.196409	0.189684	0.00672585	0	0	0	
727	0.0890647	0.0888819	0.000182772	0	0.396564	0.39575	0.000813799	0	0	0	
728	0.104336	0.0853419	0.0185271	0.000467999	0.464564	0.379988	0.0824927	0.00208378	0.000550714	0.00245207	
729	0.10278	0.0775235	0.0251838	7.33343e-05	0.457635	0.345176	0.112132	0.000326523	8.05819e-05	0.000358794	
730	0.111683	0.104782	0.00686337	3.6792e-05	0.497273	0.46655	0.0305594	0.000163817	3.89923e-05	0.000173614	
731	0.1211	0.0943459	0.0263976	0.000356731	0.539203	0.420079	0.117536	0.00158836	0.000807212	0.00359414	
732	0.0884915	0.0772957	0.0111958	0	0.394012	0.344162	0.0498499	0	0	0	
733	0.100271	0.0918808	0.00831446	7.67414e-05	0.446464	0.409103	0.0370204	0.000341694	7.66835e-05	0.000341436	
734	0.112779	0.106736	0.00604223	1.37467e-06	0.502155	0.475246	0.0269032	6.12077e-06	1.53709e-06	6.84396e-06	
735	0.0664038	0.0656618	0.000742058	0	0.295665	0.292361	0.00330404	0	0	0	
736	0.0558415	0.055438	0.000403536	0	0.248636	0.246839	0.00179676	0	0	0	
737	0.0980039	0.0795658	0.0184355	2.56628e-06	0.436366	0.35427	0.0820848	1.14264e-05	6.53608e-06	2.91021e-05	
738	0.123468	0.113059	0.0103783	3.02727e-05	0.549746	0.503402	0.0462101	0.00013479	3.40866e-05	0.000151772	
739	0.0668267	0.0647635	0.00205775	5.55615e-06	0.297548	0.288362	0.00916224	2.47389e-05	5.54554e-06	2.46917e-05	
740	0.0366743	0.0366584	1.58442e-05	0	0.163293	0.163223	7.05471e-05	0	0	0	
741	0.0920341	0.0863048	0.00564765	8.17437e-05	0.409785	0.384275	0.0251463	0.000363967	8.16859e-05	0.00036371	
742	0.144613	0.122828	0.0217636	2.11875e-05	0.643896	0.546899	0.0969034	9.43385e-05	2.11305e-05	9.40843e-05	
743	0.0894624	0.0840934	0.00530113	6.79197e-05	0.398334	0.374429	0.0236035	0.000302415	6.78619e-05	0.000302157	
744	0.0558336	0.0552952	0.000538423	0	0.248601	0.246204	0.00239734	0	0	0	
745	0.11697	0.101627	0.0153433	0	0.520815	0.452498	0.0683167	0	0	0	
746	0.0812369	0.0750613	0.0061756	0	0.36171	0.334213	0.0274971	0	0	0	
747	0.0857218	0.0841518	0.00157005	0	0.381679	0.374689	0.00699071	0	0	0	
748	0.095467	0.0821345	0.013326	6.61547e-06	0.42507	0.365707	0.0593345	2.94556e-05	7.71049e-06	3.43312e-05	
749	0.118983	0.112239	0.00673696	7.41364e-06	0.52978	0.49975	0.0299966	3.30095e-05	7.35585e-06	3.27522e-05	
750	0.0896783	0.0820346	0.00764372	0	0.399296	0.365262	0.0340339	0	0	0	
751	0.335107	0.151753	0.152773	0.0305796	1.49207	0.675689	0.680231	0.136157	0.0362477	0.161394	
752	0.0946339	0.0762809	0.0182637	8.92688e-05	0.421361	0.339644	0.0813199	0.000397472	0.000102648	0.000457047	
753	0.100038	0.0923947	0.00764372	0	0.445425	0.411391	0.0340339	0	0	0	
754	0.23348	0.176252	0.0572088	1.88027e-05	1.03958	0.784772	0.254724	8.37198e-05	0.00033713	0.00150108	
755	0.117191	0.091922	0.0252622	7.21292e-06	0.521799	0.409286	0.112481	3.21158e-05	7.16193e-06	3.18887e-05	
756	0.210556	0.113887	0.0966683	0	0.937509	0.50709	0.430419	0	0	0	
757	0.120531	0.0774305	0.0400709	0.00303029	0.536672	0.344762	0.178417	0.0134925	0.00307568	0.0136946	
758	0.226563	0.127638	0.0988829	4.25e-05	1.00878	0.568314	0.44028	0.000189233	8.42263e-05	0.00037502	
759	0.117878	0.0712221	0.0466342	2.20524e-05	0.524858	0.317119	0.20764	9.81894e-05	0.000126085	0.000561402	
760	0.109354	0.0865785	0.0227755	0	0.486903	0.385494	0.101408	0	0	0	
761	0.119815	0.109705	0.0100101	0.000100172	0.533483	0.488467	0.0445705	0.000446023	0.000100978	0.000449611	
762	0.0505753	0.0505753	0	0	0.225188	0.225188	0	0	0	0	
763	0.0559374	0.0538541	0.00208329	0	0.249063	0.239787	0.00927596	0	0	0	
764	0.0793952	0.0765541	0.00284053	6.33511e-07	0.35351	0.34086	0.0126475	2.82073e-06	5.75818e-07	2.56385e-06	
765	0.087791	0.0836392	0.00415182	0	0.390893	0.372406	0.0184861	0	0	0	
766	0.0499545	0.0444078	0.0054503	9.64597e-05	0.222424	0.197727	0.0242676	0.00042949	0.000106007	0.000472001	
767	0.051592	0.0430562	0.00844819	8.77492e-05	0.229715	0.191709	0.0376158	0.000390706	0.00010487	0.000466939	
768	0.0452262	0.0452106	1.56405e-05	0	0.201371	0.201302	6.96402e-05	0	0	0	
769	0.0838334	0.0523558	0.0305786	0.000898972	0.373271	0.233116	0.136152	0.0040027	0.000905676	0.00403255	
770	0.083998	0.0564395	0.0275584	0	0.374004	0.251299	0.122705	0	0	0	
771	0.113716	0.078075	0.0356139	2.74629e-05	0.506326	0.347632	0.158572	0.000122279	0.000194884	0.000867732	
772	0.103029	0.103029	0	0	0.458741	0.458741	0	0	0	0	
773	0.131795	0.0903223	0.0414682	5.36163e-06	0.586826	0.402163	0.184639	2.38728e-05	8.87791e-06	3.95292e-05	
774	0.0775071	0.077454	5.30651e-05	0	0.345103	0.344867	0.000236274	0	0	0	
775	0.0754784	0.0754784	0	0	0.33607	0.33607	0	0	0	0	
776	0.0647511	0.0647511	0	0	0.288306	0.288306	0	0	0	0	
777	0.0741544	0.0741544	0	0	0.330175	0.330175	0	0	0	0	
778	0.0920689	0.0920689	0	0	0.40994	0.40994	0	0	0	0	
779	0.134732	0.110495	0.0242371	0	0.599901	0.491984	0.107916	0	0	0	
780	0.0505372	0.0433863	0.00715092	0	0.225019	0.193179	0.0318397	0	0	0	
781	0.0570136	0.0423893	0.0146242	0	0.253855	0.18874	0.0651151	0	0	0	
782	0.108355	0.0949553	0.0134	0	0.482456	0.422792	0.0596644	0	0	0	
783	0.285847	0.134603	0.131793	0.0194504	1.27274	0.599329	0.586814	0.0866039	0.0246149	0.109598	
784	0.0716024	0.0716024	0	0	0.318812	0.318812	0	0	0	0	
785	0.127711	0.0751979	0.0525022	1.10655e-05	0.568639	0.334821	0.233768	4.92696e-05	1.6523e-05	7.35693e-05	
786	0.118445	0.0947296	0.0236958	2.04276e-05	0.527384	0.421787	0.105506	9.09548e-05	2.0764e-05	9.24528e-05	
787	0.19995	0.083901	0.11465	0.00139893	0.890286	0.373572	0.510485	0.00622879	0.00701476	0.0312335	
788	0.170004	0.0914733	0.0783955	0.000135415	0.75695	0.407288	0.349059	0.000602943	0.000160808	0.000716006	
789	0.102663	0.10261	5.30651e-05	0	0.457114	0.456878	0.000236274	0	0	0	
790	0.113365	0.0844125	0.0289369	1.56034e-05	0.504762	0.37585	0.128842	6.9475e-05	1.55477e-05	6.9227e-05	
791	0.121149	0.0871825	0.0339368	2.97831e-05	0.539421	0.388183	0.151105	0.00013261	2.98606e-05	0.000132955	
792	0.0958672	0.0824671	0.0134	0	0.426852	0.367188	0.0596644	0	0	0	
793	0.292449	0.147411	0.132087	0.0129498	1.30214	0.656354	0.588126	0.0576597	0.018587	0.0827593	
794	0.106096	0.0896554	0.0164411	2.17017e-07	0.472399	0.399194	0.0732048	9.66277e-07	3.81869e-07	1.70028e-06	
795	0.145592	0.10567	0.0398818	4.09818e-05	0.648258	0.4705	0.177575	0.000182473	5.51959e-05	0.000245761	
796	0.0938894	0.0938894	0	0	0.418046	0.418046	0	0	0	0	
797	0.0533168	0.0533168	0	0	0.237395	0.237395	0	0	0	0	
798	0.193316	0.103915	0.088818	0.000583329	0.860749	0.462686	0.395465	0.00259729	0.00135279	0.00602337	
799	0.176249	0.129453	0.0467954	2.52011e-07	0.784756	0.576397	0.208358	1.12209e-06	1.98226e-07	8.82609e-07	
800	0.223111	0.158942	0.0641664	3.38716e-06	0.993414	0.707695	0.285703	1.50814e-05	3.59809e-06	1.60206e-05	
801	0.146151	0.0853726	0.0607475	3.11014e-05	0.650744	0.380124	0.27048	0.00013848	4.93821e-05	0.000219876	
802	0.133378	0.0864492	0.0468883	4.11394e-05	0.593873	0.384918	0.208772	0.000183174	7.16139e-05	0.000318863	
803	0.0833975	0.0833975	0	0	0.37133	0.37133	0	0	0	0	
804	0.197907	0.151205	0.0466605	4.13083e-05	0.881192	0.67325	0.207758	0.000183927	5.1668e-05	0.000230053	
805	0.19998	0.144075	0.0555432	0.000362327	0.890421	0.6415	0.247308	0.00161327	0.000997265	0.00444036	
806	0.16732	0.107063	0.056196	0.00406068	0.745	0.476705	0.250214	0.0180803	0.00482985	0.0215051	
807	0.159325	0.119482	0.0396582	0.000184752	0.709403	0.532001	0.176579	0.000822619	0.00022293	0.000992608	
808	0.174445	0.1528	0.0215936	5.20507e-05	0.776726	0.680348	0.0961466	0.000231758	6.25288e-05	0.000278412	
809	0.178191	0.112337	0.0652507	0.000602734	0.793403	0.500189	0.290531	0.00268369	0.00177215	0.00789058	
810	0.079354	0.078038	0.00131605	0	0.353327	0.347467	0.00585976	0	0	0	
811	0.14152	0.0972284	0.0442492	4.23028e-05	0.630123	0.432913	0.197021	0.000188354	5.04579e-05	0.000224665	
812	0.181184	0.112287	0.0688572	3.96258e-05	0.806731	0.499965	0.306589	0.000176435	0.000418648	0.00186404	
813	0.0646125	0.0640278	0.000584773	0	0.28769	0.285086	0.00260372	0	0	0	
814	0.102976	0.0815667	0.0214095	1.67235e-07	0.458506	0.363179	0.0953269	7.44622e-07	3.02012e-07	1.34472e-06	
815	0.152847	0.132757	0.0195762	0.000514326	0.68056	0.591106	0.087164	0.00229005	0.000531688	0.00236736	
816	0.214457	0.155944	0.0579791	0.00053351	0.95488	0.69435	0.258154	0.00237547	0.00117425	0.0052284	
817	0.164729	0.0972646	0.0652839	0.00218111	0.733464	0.433074	0.290679	0.0097115	0.00421683	0.0187756	
818	0.192139	0.124359	0.0663444	0.00143619	0.85551	0.553714	0.295401	0.00639473	0.00228443	0.0101715	
819	0.067488	0.0670097	0.000478258	0	0.300492	0.298363	0.00212946	0	0	0	
820	0.0956547	0.0908231	0.00483158	0	0.425906	0.404393	0.0215128	0	0	0	
821	0.0277759	0.0275824	0.000193445	0	0.123673	0.122812	0.000861325	0	0	0	
822	0.0925724	0.0843256	0.00824683	0	0.412182	0.375463	0.0367193	0	0	0	
823	0.0601334	0.0590468	0.00108659	0	0.267746	0.262908	0.00483812	0	0	0	
824	0.119643	0.119643	0	0	0.532718	0.532718	0	0	0	0	
825	0.0790077	0.0785721	0.000435534	0	0.351784	0.349845	0.00193923	0	0	0	
826	0.117234	0.106138	0.0110962	0	0.52199	0.472584	0.0494064	0	0	0	
827	0.0845576	0.0841221	0.000435534	0	0.376496	0.374556	0.00193923	0	0	0	
828	0.18186	0.10365	0.0775778	0.000631713	0.809739	0.461508	0.345418	0.00281272	0.00154112	0.00686192	
829	0.128409	0.10155	0.0268586	0	0.571746	0.452156	0.119589	0	0	0	
830	0.170614	0.133909	0.0367028	1.36594e-06	0.759665	0.596238	0.16342	6.08191e-06	1.69982e-06	7.56852e-06	
831	0.100635	0.100635	0	0	0.448081	0.448081	0	0	0	0	
832	0.0882675	0.0838414	0.00442333	2.79876e-06	0.393014	0.373307	0.019695	1.24616e-05	6.12998e-06	2.72939e-05	
833	0.0928752	0.0884007	0.00446492	9.64609e-06	0.41353	0.393607	0.0198802	4.29495e-05	1.23841e-05	5.51409e-05	
834	0.0992012	0.0978881	0.00131068	2.4352e-06	0.441697	0.43585	0.00583588	1.08428e-05	2.37739e-06	1.05854e-05	
835	0.102553	0.096554	0.00599915	0	0.456621	0.42991	0.0267114	0	0	0	
836	0.145007	0.116136	0.028703	0.000167815	0.645649	0.517101	0.127801	0.000747204	0.000171082	0.000761751	
837	0.13376	0.120075	0.0134607	0.000223588	0.595571	0.534642	0.0599343	0.000995534	0.000234111	0.00104239	
838	0.132898	0.0972297	0.0356159	5.32519e-05	0.591737	0.432919	0.158581	0.000237106	0.000126622	0.000563792	
839	0.20618	0.152203	0.0529547	0.00102244	0.918025	0.67769	0.235783	0.00455246	0.001063	0.00473305	
840	0.108519	0.0765579	0.031962	0	0.483189	0.340877	0.142312	0	0	0	
841	0.108234	0.0798063	0.0284076	2.01964e-05	0.481916	0.35534	0.126486	8.99255e-05	4.07586e-05	0.000181479	
842	0.106051	0.0977533	0.00829773	0	0.472196	0.43525	0.0369459	0	0	0	
843	0.133418	0.121183	0.0121659	6.90091e-05	0.594052	0.539575	0.0541692	0.000307265	7.24133e-05	0.000322423	
844	0.140733	0.109708	0.0309792	4.53702e-05	0.62662	0.488482	0.137936	0.000202012	4.69344e-05	0.000208977	
845	0.1776	0.134208	0.0425404	0.000851324	0.790771	0.597568	0.189413	0.00379055	0.00118989	0.00529804	
846	0.105915	0.093657	0.0122581	6.2726e-08	0.471591	0.417011	0.0545799	2.79289e-07	4.12315e-07	1.83585e-06	
847	0.121507	0.0954992	0.0259949	1.34708e-05	0.541017	0.425213	0.115743	5.99794e-05	1.37296e-05	6.11316e-05	
848	0.105019	0.102358	0.00266049	1.51123e-07	0.467602	0.455755	0.0118459	6.72881e-07	1.53639e-07	6.84085e-07	
849	0.100437	0.0964465	0.00399088	2.0123e-07	0.447202	0.429432	0.0177695	8.95986e-07	2.3256e-07	1.03548e-06	
850	0.0803562	0.0798048	0.000551357	0	0.357789	0.355334	0.00245493	0	0	0	
851	0.0642994	0.0642994	0	0	0.286295	0.286295	0	0	0	0	
852	0.0932015	0.0844655	0.00871911	1.69844e-05	0.414983	0.376086	0.0388221	7.56238e-05	2.33668e-05	0.000104041	
853	0.107318	0.103037	0.00428136	0	0.477841	0.458778	0.0190629	0	0	0	
854	0.100063	0.094135	0.00592844	3.85341e-07	0.445538	0.41914	0.0263966	1.71574e-06	3.27371e-07	1.45763e-06	
855	0.110733	0.0928376	0.017127	0.000768678	0.493044	0.413363	0.0762588	0.00342256	0.00076862	0.00342231	
856	0.111237	0.103201	0.00803606	0	0.495288	0.459507	0.0357808	0	0	0	
857	0.0631001	0.0631001	0	0	0.280955	0.280955	0	0	0	0	
858	0.101879	0.0850024	0.0168768	0	0.453621	0.378476	0.0751447	0	0	0	
859	0.125663	0.111406	0.0142567	0	0.559521	0.496043	0.0634786	0	0	0	
860	0.091748	0.083712	0.00803606	0	0.408511	0.37273	0.0357808	0	0	0	
861	0.0858582	0.0858582	0	0	0.382287	0.382287	0	0	0	0	
862	0.118039	0.0784399	0.0395925	7.54158e-06	0.525577	0.349256	0.176287	3.35791e-05	1.78494e-05	7.94754e-05	
863	0.120302	0.11444	0.00586148	1.86912e-07	0.535649	0.50955	0.0260985	8.32235e-07	1.28942e-07	5.74122e-07	
864	0.105032	0.0946658	0.0103665	0	0.46766	0.421503	0.0461574	0	0	0	
865	0.116897	0.115984	0.000912921	0	0.520491	0.516426	0.00406481	0	0	0	
866	0.076263	0.075376	0.000886996	0	0.339564	0.335614	0.00394938	0	0	0	
867	0.0858907	0.0858907	0	0	0.382432	0.382432	0	0	0	0	
868	0.104343	0.0991601	0.00515937	2.38614e-05	0.464592	0.441514	0.0229723	0.000106243	2.38037e-05	0.000105986	
869	0.0963563	0.0938658	0.00248978	7.88849e-07	0.42903	0.417941	0.0110858	3.51238e-06	7.31149e-07	3.25547e-06	
870	0.131802	0.125235	0.00656712	0	0.586855	0.557615	0.0292403	0	0	0	
871	0.11083	0.0981167	0.0126272	8.6909e-05	0.493478	0.436868	0.0562234	0.000386965	8.68512e-05	0.000386708	
872	0.0415798	0.0415798	0	0	0.185135	0.185135	0	0	0	0	
873	0.0994575	0.0992206	0.000236943	0	0.442838	0.441783	0.001055	0	0	0	
874	0.111531	0.0902532	0.021143	0.000135729	0.4966	0.401856	0.0941401	0.000604341	0.000136345	0.000607085	
875	0.0809403	0.0809403	0	0	0.36039	0.36039	0	0	0	0	
876	0.0441564	0.0441564	0	0	0.196608	0.196608	0	0	0	0	
877	0.106957	0.087044	0.0197324	0.000181122	0.476233	0.387567	0.0878596	0.000806456	0.000181065	0.000806198	
878	0.0994915	0.0986992	0.000792327	0	0.442989	0.439461	0.00352786	0	0	0	
879	0.0868296	0.0866579	0.000171644	0	0.386612	0.385847	0.000764255	0	0	0	
880	0.0942338	0.0871078	0.00712596	0	0.419579	0.387851	0.0317286	0	0	0	
881	0.0800904	0.0788121	0.00127336	4.91275e-06	0.356605	0.350914	0.0056697	2.18742e-05	4.85491e-06	2.16167e-05	
882	0.0903897	0.0888713	0.00151834	0	0.402463	0.395703	0.00676048	0	0	0	
883	0.059467	0.0588822	0.000584773	0	0.264779	0.262175	0.00260372	0	0	0	
884	0.0783077	0.0783077	0	0	0.348668	0.348668	0	0	0	0	
885	0.0889557	0.0889557	0	0	0.396079	0.396079	0	0	0	0	
886	0.10247	0.101083	0.001387	0	0.456255	0.450079	0.00617568	0	0	0	
887	0.0658022	0.0656981	0.000104091	0	0.292987	0.292523	0.000463471	0	0	0	
888	0.0962932	0.0962212	7.19536e-05	0	0.428749	0.428429	0.000320376	0	0	0	
889	0.0679994	0.0642204	0.00377894	0	0.30277	0.285944	0.0168259	0	0	0	
890	0.0929105	0.0910721	0.00183693	1.52743e-06	0.413687	0.405502	0.00817903	6.80096e-06	1.46966e-06	6.54375e-06	
891	0.0418139	0.0410177	0.000796179	0	0.186178	0.182633	0.00354501	0	0	0	
892	0.0581871	0.0581871	0	0	0.25908	0.25908	0	0	0	0	
893	0.0865318	0.0863602	0.000171644	0	0.385286	0.384522	0.000764255	0	0	0	
894	0.0845668	0.0832613	0.00130156	3.98465e-06	0.376537	0.370724	0.00579525	1.77418e-05	3.9268e-06	1.74842e-05	
895	0.0795502	0.0795502	0	0	0.3542	0.3542	0	0	0	0	
896	0.0793159	0.0783504	0.000965457	0	0.353157	0.348858	0.00429873	0	0	0	
897	0.0754795	0.0712775	0.00420199	0	0.336075	0.317366	0.0187095	0	0	0	
898	0.0727078	0.0727078	0	0	0.323734	0.323734	0	0	0	0	
899	0.0985188	0.0951329	0.00338593	0	0.438658	0.423582	0.0150759	0	0	0	
900	0.0813964	0.0813964	0	0	0.36242	0.36242	0	0	0	0	
901	0.181742	0.111758	0.0692676	0.000716532	0.809214	0.497607	0.308416	0.00319038	0.000806799	0.0035923	
902	0.0751813	0.0748032	0.000378101	0	0.334747	0.333064	0.00168351	0	0	0	
903	0.215605	0.11561	0.0994875	0.000507816	0.959992	0.514759	0.442972	0.00226107	0.00053316	0.00237391	
904	0.0675003	0.0675003	0	0	0.300547	0.300547	0	0	0	0	
905	0.159789	0.0924898	0.0672993	0	0.711467	0.411814	0.299653	0	0	0	
906	0.208586	0.130143	0.0781026	0.000339977	0.928737	0.579468	0.347755	0.00151376	0.000579886	0.00258196	
907	0.0807925	0.0800544	0.000738051	0	0.359731	0.356445	0.0032862	0	0	0	
908	0.111343	0.0989718	0.0123088	6.33353e-05	0.495763	0.440675	0.0548055	0.000282003	6.32775e-05	0.000281745	
909	0.107044	0.105214	0.00183038	0	0.47662	0.46847	0.00814987	0	0	0	
910	0.114988	0.0899395	0.0250494	0	0.511992	0.400459	0.111533	0	0	0	
911	0.126438	0.106357	0.0197502	0.000330046	0.56297	0.473562	0.0879386	0.00146954	0.000441197	0.00196444	
912	0.109079	0.0956687	0.0134106	0	0.48568	0.425968	0.0597116	0	0	0	
913	0.113325	0.0984916	0.0146912	0.000142654	0.504585	0.438537	0.0654131	0.000635172	0.000142596	0.000634915	
914	0.0765403	0.0765403	0	0	0.340798	0.340798	0	0	0	0	
915	0.133336	0.0915347	0.0416726	0.000128813	0.593684	0.407562	0.185549	0.000573546	0.000128757	0.000573296	
916	0.106641	0.106641	0	0	0.474825	0.474825	0	0	0	0	
917	0.116108	0.0923994	0.0237094	0	0.516979	0.411412	0.105567	0	0	0	
918	0.124431	0.0887825	0.0348417	0.000807465	0.554036	0.395307	0.155134	0.00359526	0.00155672	0.00693135	
919	0.0921243	0.0860809	0.0060434	0	0.410187	0.383278	0.0269084	0	0	0	
920	0.114435	0.0856474	0.0286222	0.000165556	0.509526	0.381348	0.127441	0.000737146	0.000175473	0.000781303	
921	0.0382434	0.0382434	0	0	0.17028	0.17028	0	0	0	0	
922	0.0192509	0.019111	0.000139875	0	0.0857153	0.0850925	0.0006228	0	0	0	
923	0.0608493	0.0590971	0.00174822	3.99371e-06	0.270934	0.263132	0.00778405	1.77821e-05	3.9359e-06	1.75247e-05	
924	0.0573197	0.051602	0.00571761	0	0.255218	0.22976	0.0254579	0	0	0	
925	0.0496803	0.0447648	0.00491549	0	0.221203	0.199317	0.0218864	0	0	0	
926	0.0644992	0.0587355	0.00576369	0	0.287185	0.261522	0.025663	0	0	0	
927	0.0774505	0.0771786	0.000271933	0	0.344851	0.34364	0.00121079	0	0	0	
928	0.105373	0.0950064	0.0103668	0	0.469178	0.423019	0.0461588	0	0	0	
929	0.0464709	0.0429435	0.00352741	0	0.206913	0.191207	0.0157059	0	0	0	
930	0.0755716	0.0746727	0.000898855	0	0.336485	0.332483	0.00400218	0	0	0	
931	0.0906426	0.0824776	0.00816503	0	0.403589	0.367234	0.0363551	0	0	0	
932	0.0840373	0.0840373	0	0	0.374179	0.374179	0	0	0	0	
933	0.0476609	0.0476609	0	0	0.212212	0.212212	0	0	0	0	
934	0.048039	0.0454104	0.00262855	0	0.213895	0.202191	0.0117037	0	0	0	
935	0.0934212	0.0776292	0.0157919	0	0.415961	0.345647	0.0703143	0	0	0	
936	0.0757321	0.0757321	0	0	0.3372	0.3372	0	0	0	0	
937	0.0618288	0.0618288	0	0	0.275295	0.275295	0	0	0	0	
938	0.0672615	0.0672615	0	0	0.299484	0.299484	0	0	0	0	
939	0.0737869	0.0728348	0.000952132	0	0.328539	0.324299	0.0042394	0	0	0	
940	0.0751496	0.074418	0.000731645	0	0.334606	0.331349	0.00325768	0	0	0	
941	0.0686675	0.0686675	0	0	0.305744	0.305744	0	0	0	0	
942	0.0707759	0.0707759	0	0	0.315132	0.315132	0	0	0	0	
943	0.0801635	0.0801635	0	0	0.356931	0.356931	0	0	0	0	
944	0.0639679	0.0635629	0.000405006	0	0.284819	0.283016	0.0018033	0	0	0	
945	0.0632827	0.0632827	0	0	0.281769	0.281769	0	0	0	0	
946	0.0655782	0.0655782	0	0	0.291989	0.291989	0	0	0	0	
947	0.0957547	0.0957547	0	0	0.426351	0.426351	0	0	0	0	
948	0.0659043	0.0542261	0.0116781	0	0.293441	0.241444	0.0519975	0	0	0	
949	0.0647009	0.0647009	0	0	0.288083	0.288083	0	0	0	0	
950	0.0860737	0.0860737	0	0	0.383246	0.383246	0	0	0	0	
951	0.116545	0.115998	0.000547125	0	0.518924	0.516488	0.00243609	0	0	0	
952	0.0499839	0.0495022	0.000481705	0	0.222555	0.22041	0.00214481	0	0	0	
953	0.0535585	0.0533086	0.00024994	0	0.238471	0.237358	0.00111287	0	0	0	
954	0.0869784	0.0864134	0.000565082	0	0.387275	0.384759	0.00251605	0	0	0	
955	0.089099	0.089099	0	0	0.396716	0.396716	0	0	0	0	
956	0.0497075	0.0497075	0	0	0.221324	0.221324	0	0	0	0	
957	0.0789844	0.0789844	0	0	0.351681	0.351681	0	0	0	0	
958	0.0812844	0.0693202	0.0119641	0	0.361922	0.308651	0.0532708	0	0	0	
959	0.0909462	0.0909462	0	0	0.404941	0.404941	0	0	0	0	
960	0.0566658	0.0566658	0	0	0.252306	0.252306	0	0	0	0	
961	0.0752085	0.0749225	0.00028598	0	0.334868	0.333595	0.00127333	0	0	0	
962	0.0980105	0.0979494	6.10718e-05	0	0.436395	0.436123	0.000271924	0	0	0	
963	0.145756	0.145686	7.08607e-05	0	0.648988	0.648673	0.00031551	0	0	0	
964	0.104859	0.104294	0.000565082	0	0.466891	0.464375	0.00251605	0	0	0	
965	0.146004	0.0961614	0.0498419	1.20331e-06	0.65009	0.428162	0.221923	5.3578e-06	1.14431e-06	5.09512e-06	
966	0.151426	0.101591	0.0498344	0	0.674232	0.452342	0.221889	0	0	0	
967	0.0445689	0.0443026	0.000266344	0	0.198445	0.197259	0.0011859	0	0	0	
968	0.0708811	0.0706148	0.000266344	0	0.315601	0.314415	0.0011859	0	0	0	
969	0.219548	0.177734	0.0417786	3.50109e-05	0.977546	0.79137	0.186021	0.000155887	4.81861e-05	0.00021455	
970	0.210949	0.173534	0.0373426	7.24248e-05	0.93926	0.772669	0.166269	0.000322474	9.77877e-05	0.000435403	
