Node	dPC	dPCintra	dPCflux	dPCconnector	varPC	varPCintra	varPCflux	varPCconnector	dBC_PC	varBC_PC	
1	0.173291	0.167881	0.00541021	0	0.760368	0.736629	0.0237389	0	0	0	
2	0.0891098	0.0845101	0.00459977	0	0.390996	0.370813	0.0201829	0	0	0	
3	0.0921436	0.0827912	0.00934964	2.84909e-06	0.404308	0.363271	0.0410244	1.25012e-05	4.63657e-06	2.03443e-05	
4	0.0581199	0.0581199	0	0	0.255019	0.255019	0	0	0	0	
5	0.10885	0.107546	0.00130336	0	0.477613	0.471894	0.00571891	0	0	0	
6	0.0909451	0.0905855	0.000359535	0	0.399049	0.397471	0.00157757	0	0	0	
7	0.0899306	0.0872469	0.00268374	0	0.394598	0.382822	0.0117757	0	0	0	
8	0.126297	0.104265	0.0220324	0	0.554168	0.457494	0.096674	0	0	0	
9	0.0907094	0.0876814	0.00302804	0	0.398015	0.384729	0.0132864	0	0	0	
10	0.0601174	0.0600683	4.91295e-05	0	0.263783	0.263568	0.00021557	0	0	0	
11	0.0857147	0.0801768	0.00551544	2.24479e-05	0.376099	0.3518	0.0242007	9.84972e-05	2.24102e-05	9.83318e-05	
12	0.0989564	0.0957502	0.00320617	0	0.434201	0.420133	0.014068	0	0	0	
13	0.104466	0.104466	0	0	0.458377	0.458377	0	0	0	0	
14	0.0846058	0.0846058	0	0	0.371234	0.371234	0	0	0	0	
15	0.0967484	0.0940579	0.0026905	0	0.424513	0.412708	0.0118054	0	0	0	
16	0.0743418	0.0743418	0	0	0.326197	0.326197	0	0	0	0	
17	0.086741	0.0857133	0.00102777	0	0.380603	0.376093	0.00450967	0	0	0	
18	0.0738601	0.0731961	0.000662749	1.26772e-06	0.324083	0.32117	0.00290801	5.56252e-06	1.23e-06	5.39704e-06	
19	0.0878477	0.0855237	0.00231546	8.54333e-06	0.385458	0.375261	0.0101598	3.74864e-05	8.5057e-06	3.73213e-05	
20	0.059978	0.059978	0	0	0.263171	0.263171	0	0	0	0	
21	0.086094	0.0829349	0.00313601	2.31278e-05	0.377763	0.363902	0.0137602	0.00010148	2.309e-05	0.000101314	
22	0.0900849	0.0888398	0.0012451	0	0.395275	0.389811	0.00546327	0	0	0	
23	0.0983408	0.0963401	0.00200063	0	0.4315	0.422722	0.00877838	0	0	0	
24	0.0669392	0.0660355	0.000903703	0	0.293716	0.289751	0.00396527	0	0	0	
25	0.120764	0.117209	0.0035547	0	0.529889	0.514291	0.0155973	0	0	0	
26	0.0867515	0.0855064	0.0012451	0	0.380649	0.375185	0.00546327	0	0	0	
27	0.082305	0.0773419	0.00491638	4.68207e-05	0.361138	0.339361	0.0215721	0.00020544	4.67832e-05	0.000205275	
28	0.0630164	0.0630164	0	0	0.276504	0.276504	0	0	0	0	
29	0.103567	0.102746	0.000821691	0	0.454435	0.450829	0.00360542	0	0	0	
30	0.171592	0.151007	0.0205284	5.66483e-05	0.752915	0.662592	0.0900748	0.000248561	5.66096e-05	0.000248392	
31	0.14125	0.140428	0.000821691	0	0.619779	0.616173	0.00360542	0	0	0	
32	0.144453	0.140898	0.0035547	0	0.633834	0.618236	0.0155973	0	0	0	
33	0.0784786	0.077763	0.000715656	0	0.344349	0.341209	0.00314016	0	0	0	
34	0.10646	0.098569	0.00789092	0	0.467125	0.432502	0.0346238	0	0	0	
35	0.0705188	0.0618525	0.00856571	0.000100621	0.309422	0.271396	0.0375847	0.000441508	0.000100583	0.000441341	
36	0.0833944	0.0823426	0.00105175	0	0.365918	0.361303	0.00461491	0	0	0	
37	0.176488	0.096369	0.0792998	0.000819388	0.774396	0.422848	0.347952	0.00359531	0.00609368	0.0267379	
38	0.0799141	0.0795598	0.000354274	0	0.350647	0.349093	0.00155448	0	0	0	
39	0.0905237	0.0851252	0.00539853	0	0.3972	0.373513	0.0236877	0	0	0	
40	0.102796	0.102425	0.000370482	2.89412e-07	0.45105	0.449424	0.0016256	1.26988e-06	2.51718e-07	1.10449e-06	
41	0.100332	0.0973272	0.00299728	7.73631e-06	0.440238	0.427053	0.0131515	3.39454e-05	7.69864e-06	3.37801e-05	
42	0.0759159	0.0750155	0.000900381	0	0.333104	0.329153	0.00395069	0	0	0	
43	0.057194	0.0561385	0.00105546	0	0.250956	0.246325	0.00463115	0	0	0	
44	0.0657228	0.0655436	0.000179198	0	0.288378	0.287592	0.000786286	0	0	0	
45	0.0565288	0.0529001	0.00362784	9.50189e-07	0.248037	0.232115	0.0159182	4.16924e-06	1.97366e-06	8.66007e-06	
46	0.0906952	0.0863663	0.0043289	0	0.397953	0.378958	0.0189943	0	0	0	
47	0.137669	0.136813	0.000855342	0	0.604065	0.600312	0.00375307	0	0	0	
48	0.100576	0.0862689	0.0143073	0	0.441309	0.378531	0.0627779	0	0	0	
49	0.165083	0.160678	0.00440487	4.48038e-07	0.724354	0.705025	0.0193277	1.9659e-06	3.00905e-06	1.32031e-05	
50	0.0973246	0.0966592	0.000665206	2.49911e-07	0.427041	0.424122	0.00291879	1.09656e-06	2.12221e-07	9.31188e-07	
51	0.0863797	0.0859064	0.000473236	0	0.379017	0.376941	0.00207646	0	0	0	
52	0.0773512	0.0773512	0	0	0.339402	0.339402	0	0	0	0	
53	0.096484	0.0963562	0.000127867	0	0.423353	0.422792	0.000561059	0	0	0	
54	0.0929527	0.0920856	0.000866433	7.08793e-07	0.407858	0.404053	0.00380174	3.11004e-06	6.71089e-07	2.94461e-06	
55	0.0974724	0.0941246	0.00334476	3.00309e-06	0.42769	0.413	0.0146761	1.3177e-05	2.96541e-06	1.30116e-05	
56	0.117466	0.113696	0.00376848	8.51064e-07	0.515418	0.498879	0.0165353	3.7343e-06	8.13535e-07	3.56963e-06	
57	0.102415	0.102263	0.000151556	0	0.449377	0.448712	0.000664998	0	0	0	
58	0.125843	0.0926988	0.0330652	7.94528e-05	0.552176	0.406744	0.145083	0.000348623	0.000151944	0.000666704	
59	0.179876	0.113744	0.06612	1.18038e-05	0.789261	0.499087	0.290122	5.17929e-05	1.39749e-05	6.13195e-05	
60	0.0756274	0.0747175	0.000909885	0	0.331838	0.327845	0.0039924	0	0	0	
61	0.0886451	0.0884596	0.000185485	0	0.388957	0.388143	0.000813876	0	0	0	
62	0.0982292	0.0948367	0.00338745	5.04573e-06	0.43101	0.416125	0.0148634	2.21397e-05	5.00805e-06	2.19743e-05	
63	0.118107	0.0953287	0.022772	7.14861e-06	0.518234	0.418284	0.0999191	3.13667e-05	8.68513e-06	3.81086e-05	
64	0.0988516	0.0982781	0.000573	5.24074e-07	0.433741	0.431225	0.00251421	2.29953e-06	4.86376e-07	2.13412e-06	
65	0.108263	0.104115	0.00413362	1.43485e-05	0.475038	0.456837	0.0181375	6.29588e-05	1.43109e-05	6.27937e-05	
66	0.108045	0.102443	0.00560235	0	0.474083	0.449501	0.024582	0	0	0	
67	0.156648	0.139398	0.0171716	7.7906e-05	0.687342	0.611654	0.0753458	0.000341836	0.00010397	0.000456201	
68	0.108429	0.0810624	0.0273626	4.16678e-06	0.475766	0.355686	0.120062	1.8283e-05	5.14451e-06	2.25731e-05	
69	0.117424	0.115457	0.00196399	3.28083e-06	0.515235	0.506603	0.00861764	1.43956e-05	3.79619e-06	1.66569e-05	
70	0.0782843	0.077491	0.000793293	0	0.343496	0.340015	0.00348081	0	0	0	
71	0.0607584	0.044846	0.0159124	0	0.266596	0.196775	0.0698205	0	0	0	
72	0.156546	0.131404	0.0250683	7.42212e-05	0.686896	0.576575	0.109995	0.000325668	8.74683e-05	0.000383794	
73	0.0711474	0.0605475	0.010595	4.85985e-06	0.312181	0.265671	0.046489	2.13241e-05	7.27117e-06	3.19044e-05	
74	0.143059	0.107564	0.0352906	0.000204369	0.627718	0.471973	0.154848	0.000896733	0.000206529	0.00090621	
75	0.167894	0.14493	0.0228091	0.000154849	0.736688	0.635927	0.100082	0.00067945	0.00016644	0.000730307	
76	0.149074	0.142347	0.00667119	5.56177e-05	0.654108	0.624593	0.0292719	0.00024404	5.55801e-05	0.000243875	
77	0.090262	0.090262	0	0	0.396052	0.396052	0	0	0	0	
78	0.125846	0.0994303	0.0264158	4.33688e-07	0.55219	0.436281	0.115907	1.90294e-06	1.86335e-06	8.17604e-06	
79	0.151588	0.138011	0.0133727	0.000203776	0.665139	0.605568	0.0586772	0.00089413	0.000203738	0.000893965	
80	0.136631	0.126041	0.010583	7.31351e-06	0.599512	0.553044	0.0464365	3.20903e-05	8.89159e-06	3.90146e-05	
81	0.110686	0.106964	0.00372228	0	0.48567	0.469337	0.0163326	0	0	0	
82	0.227458	0.162239	0.06469	0.000528804	0.998043	0.711875	0.283847	0.00232029	0.000750751	0.00329415	
83	0.162337	0.126033	0.03626	4.39139e-05	0.712307	0.553012	0.159101	0.000192685	4.50265e-05	0.000197567	
84	0.104241	0.09683	0.00740672	4.48683e-06	0.45739	0.424871	0.0324992	1.96873e-05	4.45566e-06	1.95505e-05	
85	0.117466	0.101784	0.0156822	0	0.515419	0.446609	0.0688107	0	0	0	
86	0.1688	0.147189	0.0214935	0.000117008	0.740662	0.645839	0.0943096	0.000513408	0.000213328	0.000936044	
87	0.0798384	0.078126	0.00171239	0	0.350315	0.342802	0.00751364	0	0	0	
88	0.0836371	0.0821761	0.00146099	0	0.366983	0.360573	0.00641057	0	0	0	
89	0.0775963	0.0774701	0.000126195	0	0.340477	0.339923	0.000553722	0	0	0	
90	0.104077	0.0994631	0.00461268	2.13812e-06	0.456673	0.436425	0.0202395	9.38165e-06	2.10042e-06	9.21627e-06	
91	0.104931	0.103059	0.00187176	0	0.46042	0.452207	0.00821293	0	0	0	
92	0.0853526	0.0844263	0.000926323	0	0.37451	0.370446	0.00406452	0	0	0	
93	0.0957481	0.09088	0.00486807	0	0.420124	0.398764	0.0213601	0	0	0	
94	0.0912413	0.0863483	0.00488876	4.31286e-06	0.400349	0.378879	0.0214509	1.8924e-05	4.44319e-06	1.94958e-05	
95	0.152514	0.13239	0.0200644	6.01375e-05	0.669205	0.580902	0.0880388	0.000263872	0.000126727	0.000556056	
96	0.181656	0.160679	0.0207896	0.000187582	0.797074	0.70503	0.091221	0.000823074	0.000188701	0.000827985	
97	0.112001	0.0953703	0.0166303	6.09094e-07	0.491439	0.418466	0.0729705	2.67258e-06	7.07363e-06	3.10377e-05	
98	0.104513	0.0902423	0.0142711	0	0.458584	0.395965	0.0626188	0	0	0	
99	0.104779	0.101177	0.00360204	1.68571e-07	0.459751	0.443946	0.015805	7.39657e-07	1.31054e-07	5.75043e-07	
100	0.0943221	0.0930197	0.00130005	2.39742e-06	0.413867	0.408152	0.0057044	1.05194e-05	2.35971e-06	1.03539e-05	
101	0.146537	0.145936	0.000601061	0	0.642976	0.640339	0.00263734	0	0	0	
102	0.146463	0.108478	0.0379854	0	0.642655	0.475982	0.166672	0	0	0	
103	0.0781099	0.0741529	0.00395697	0	0.342731	0.325368	0.0173624	0	0	0	
104	0.105543	0.0842477	0.0212754	2.0559e-05	0.463105	0.369662	0.0933526	9.02092e-05	3.051e-05	0.000133872	
105	0.0941991	0.0871982	0.00687309	0.000127894	0.413327	0.382608	0.0301578	0.000561178	0.000127857	0.000561013	
106	0.130691	0.112798	0.0178929	0	0.573449	0.494938	0.0785107	0	0	0	
107	0.164528	0.148356	0.0161173	5.40482e-05	0.721917	0.65096	0.0707197	0.000237153	6.25389e-05	0.000274408	
108	0.100067	0.0980132	0.00205001	4.40762e-06	0.439077	0.430063	0.00899508	1.93398e-05	4.62455e-06	2.02916e-05	
109	0.132767	0.109326	0.0230988	0.000342223	0.582558	0.479703	0.101353	0.00150161	0.000347832	0.00152622	
110	0.118453	0.109854	0.00859944	0	0.519751	0.482018	0.0377326	0	0	0	
111	0.102398	0.0973236	0.00507501	0	0.449305	0.427037	0.0222681	0	0	0	
112	0.102489	0.0958819	0.00660697	1.75127e-07	0.449702	0.420711	0.0289901	7.68424e-07	1.37436e-06	6.03043e-06	
113	0.0957342	0.0928155	0.00291384	4.92227e-06	0.420063	0.407256	0.0127854	2.1598e-05	4.93326e-06	2.16462e-05	
114	0.151672	0.125562	0.0259616	0.000148467	0.66551	0.550944	0.113914	0.000651445	0.000159129	0.000698227	
115	0.112822	0.108026	0.00479487	1.21893e-06	0.495043	0.473999	0.021039	5.34845e-06	1.18183e-06	5.18567e-06	
116	0.118687	0.115658	0.00302782	6.20427e-07	0.520777	0.507489	0.0132855	2.72231e-06	5.82779e-07	2.55712e-06	
117	0.107289	0.0979547	0.00933453	0	0.470764	0.429806	0.0409581	0	0	0	
118	0.103774	0.10276	0.00101195	1.50089e-06	0.455341	0.450895	0.00444024	6.58562e-06	1.46321e-06	6.42028e-06	
119	0.117052	0.114846	0.00220604	0	0.513602	0.503922	0.00967971	0	0	0	
120	0.104914	0.0972185	0.00767314	2.32539e-05	0.460346	0.426576	0.0336682	0.000102033	3.18804e-05	0.000139885	
121	0.0901408	0.0852735	0.00486341	3.86145e-06	0.39552	0.374163	0.0213397	1.69433e-05	6.62904e-06	2.90869e-05	
122	0.168621	0.159425	0.00914897	4.62592e-05	0.739876	0.69953	0.0401439	0.000202976	4.88662e-05	0.000214415	
123	0.110551	0.108162	0.00238917	3.75792e-07	0.48508	0.474595	0.0104832	1.6489e-06	6.10601e-07	2.6792e-06	
124	0.141357	0.0974125	0.0437431	0.000202137	0.62025	0.427427	0.191936	0.00088694	0.00151446	0.00664515	
125	0.106219	0.104532	0.00168695	0	0.466069	0.458667	0.00740201	0	0	0	
126	0.128292	0.105493	0.0226906	0.000107947	0.562922	0.462886	0.0995623	0.000473652	0.000494473	0.00216965	
127	0.20061	0.193707	0.00687419	2.893e-05	0.880238	0.849949	0.0301626	0.000126939	3.03319e-05	0.00013309	
128	0.132196	0.121974	0.0102202	2.29767e-06	0.580054	0.5352	0.0448444	1.00817e-05	2.53516e-06	1.11238e-05	
129	0.122518	0.119343	0.00317458	3.31855e-07	0.537587	0.523656	0.0139294	1.45611e-06	4.10743e-07	1.80226e-06	
130	0.0975009	0.0972953	0.00020564	0	0.427815	0.426912	0.00090231	0	0	0	
131	0.12982	0.125994	0.00382139	4.53549e-06	0.569628	0.55284	0.0167675	1.99008e-05	4.49774e-06	1.97352e-05	
132	0.108976	0.0860904	0.0228859	0	0.478167	0.377748	0.100419	0	0	0	
133	0.127475	0.112023	0.0151388	0.000312768	0.559338	0.491539	0.0664264	0.00137236	0.000321328	0.00140992	
134	0.0967235	0.0966851	3.84044e-05	0	0.424404	0.424235	0.000168511	0	0	0	
135	0.0719562	0.0713272	0.00062894	0	0.315729	0.31297	0.00275966	0	0	0	
136	0.105263	0.104643	0.000619104	6.49083e-07	0.461875	0.459156	0.00271651	2.84805e-06	6.11463e-07	2.68298e-06	
137	0.106444	0.103234	0.00320267	7.36055e-06	0.467059	0.452975	0.0140527	3.22966e-05	7.3396e-06	3.22047e-05	
138	0.111797	0.105489	0.00630718	1.4437e-06	0.490546	0.462865	0.0276746	6.33468e-06	1.40786e-06	6.17743e-06	
139	0.109193	0.107371	0.00182236	0	0.479121	0.471125	0.00799619	0	0	0	
140	0.132523	0.122382	0.0101332	8.2563e-06	0.581487	0.536989	0.0444627	3.6227e-05	1.08135e-05	4.74476e-05	
141	0.0972002	0.0940447	0.00315387	1.66364e-06	0.426495	0.41265	0.0138385	7.29973e-06	2.15688e-06	9.46401e-06	
142	0.0878683	0.0843464	0.00352189	0	0.385549	0.370095	0.0154534	0	0	0	
143	0.157627	0.156498	0.00112892	9.03023e-08	0.691636	0.686683	0.00495352	3.96229e-07	5.2654e-08	2.31035e-07	
144	0.100345	0.0998515	0.000493472	0	0.440294	0.438129	0.00216526	0	0	0	
145	0.0908937	0.0877258	0.00316783	0	0.398824	0.384924	0.0138998	0	0	0	
146	0.0634737	0.061868	0.00160569	0	0.27851	0.271465	0.00704548	0	0	0	
147	0.0751177	0.073512	0.00160569	0	0.329602	0.322556	0.00704548	0	0	0	
148	0.11254	0.109031	0.00350822	4.5214e-07	0.493803	0.478408	0.0153934	1.9839e-06	7.37405e-07	3.23559e-06	
149	0.111001	0.101046	0.00995492	0	0.487051	0.443371	0.0436802	0	0	0	
150	0.0916546	0.0835438	0.00811074	0	0.402162	0.366574	0.0355883	0	0	0	
151	0.132911	0.125867	0.0069828	6.0888e-05	0.58319	0.552284	0.0306391	0.000267165	6.4976e-05	0.000285102	
152	0.0905891	0.085739	0.00484932	8.00507e-07	0.397487	0.376206	0.0212778	3.51247e-06	8.1056e-07	3.55658e-06	
153	0.139668	0.137183	0.00248505	0	0.612838	0.601934	0.0109039	0	0	0	
154	0.101314	0.0988468	0.00246258	5.4098e-06	0.444549	0.43372	0.0108053	2.37371e-05	6.64918e-06	2.91753e-05	
155	0.108057	0.0929211	0.0151343	1.73893e-06	0.474134	0.407719	0.0664066	7.6301e-06	2.08779e-06	9.16082e-06	
156	0.104324	0.0958655	0.00845681	1.97165e-06	0.457754	0.420639	0.0371068	8.65123e-06	1.93373e-06	8.48487e-06	
157	0.0895894	0.0893955	0.000193981	0	0.393101	0.39225	0.000851151	0	0	0	
158	0.10792	0.104733	0.00317533	1.20658e-05	0.473534	0.459549	0.0139327	5.29425e-05	1.20281e-05	5.27773e-05	
159	0.100618	0.100455	0.000163858	0	0.441496	0.440777	0.000718981	0	0	0	
160	0.173347	0.157688	0.0156589	0	0.760613	0.691905	0.0687082	0	0	0	
161	0.187542	0.176076	0.0114522	1.39565e-05	0.822901	0.77259	0.0502501	6.12386e-05	2.05279e-05	9.00726e-05	
162	0.113377	0.0954388	0.0178854	5.30667e-05	0.497477	0.418767	0.0784778	0.000232846	5.60625e-05	0.000245991	
163	0.0896279	0.0795534	0.0100358	3.86113e-05	0.39327	0.349065	0.0440355	0.000169418	3.85737e-05	0.000169254	
164	0.122687	0.0909008	0.0317565	3.02129e-05	0.538329	0.398855	0.139341	0.000132568	7.68033e-05	0.000336998	
165	0.149393	0.116735	0.0325415	0.0001164	0.65551	0.512213	0.142786	0.000510744	0.000142607	0.000625735	
166	0.102906	0.0987117	0.00419495	3.55179e-07	0.451535	0.433127	0.0184066	1.55845e-06	1.05373e-06	4.62357e-06	
167	0.10369	0.098404	0.00525884	2.75574e-05	0.454973	0.431778	0.0230747	0.000120916	2.75197e-05	0.000120751	
168	0.103653	0.0993621	0.00428025	1.07102e-05	0.454809	0.435981	0.0187809	4.69945e-05	1.23722e-05	5.42871e-05	
169	0.0971559	0.0960411	0.00111435	5.48175e-07	0.426301	0.421409	0.00488956	2.40528e-06	5.10523e-07	2.24007e-06	
170	0.130128	0.110128	0.0197321	0.000267914	0.570977	0.483221	0.0865806	0.00117555	0.000273047	0.00119808	
171	0.209522	0.197985	0.0115048	3.27901e-05	0.919345	0.86872	0.0504811	0.000143876	3.39705e-05	0.000149056	
172	0.13454	0.123793	0.0107465	0	0.590335	0.543181	0.0471539	0	0	0	
173	0.164902	0.13753	0.0273289	4.28426e-05	0.723561	0.603459	0.119914	0.000187985	4.36622e-05	0.000191581	
174	0.11991	0.114796	0.0051141	0	0.526146	0.503706	0.0224397	0	0	0	
175	0.104246	0.0975766	0.00666996	0	0.457414	0.428147	0.0292665	0	0	0	
176	0.104631	0.0961446	0.00841683	7.00752e-05	0.459102	0.421864	0.0369314	0.000307476	7.43588e-05	0.000326272	
177	0.176602	0.143754	0.0327104	0.000138185	0.774899	0.630765	0.143527	0.000606331	0.000153972	0.000675601	
178	0.12961	0.1079	0.0216138	9.62617e-05	0.568706	0.473446	0.0948373	0.000422377	0.000127556	0.000559691	
179	0.158159	0.142373	0.0154918	0.000294004	0.693972	0.624706	0.0679753	0.00129003	0.000293966	0.00128986	
180	0.112327	0.102841	0.00935213	0.000134339	0.492871	0.451247	0.0410353	0.000589453	0.000134301	0.000589288	
181	0.128291	0.127074	0.00121579	9.44699e-07	0.562917	0.557578	0.00533468	4.14515e-06	9.06963e-07	3.97958e-06	
182	0.100805	0.100805	0	0	0.442313	0.442313	0	0	0	0	
183	0.116665	0.113076	0.00358848	0	0.511904	0.496158	0.0157455	0	0	0	
184	0.0939209	0.0892515	0.00466937	0	0.412106	0.391618	0.0204883	0	0	0	
185	0.0898999	0.0837301	0.00616976	0	0.394463	0.367391	0.0270717	0	0	0	
186	0.128435	0.115391	0.0130432	9.98014e-07	0.563552	0.506316	0.0572312	4.37909e-06	2.63419e-06	1.15583e-05	
187	0.089628	0.0895055	0.00012249	0	0.39327	0.392732	0.000537465	0	0	0	
188	0.085114	0.0818016	0.00331234	0	0.373463	0.358929	0.0145339	0	0	0	
189	0.107489	0.103718	0.00377083	0	0.471643	0.455098	0.0165457	0	0	0	
190	0.0816313	0.0602055	0.0214258	0	0.358182	0.26417	0.0940123	0	0	0	
191	0.315464	0.216316	0.0976098	0.00153776	1.38419	0.949155	0.428292	0.00674741	0.00195569	0.00858123	
192	0.0740079	0.0740079	0	0	0.324732	0.324732	0	0	0	0	
193	0.120061	0.120061	0	0	0.526805	0.526805	0	0	0	0	
194	0.147225	0.122763	0.0243745	8.71854e-05	0.645997	0.538664	0.10695	0.000382552	0.000352007	0.00154454	
195	0.0898554	0.0898554	0	0	0.394268	0.394268	0	0	0	0	
196	0.0906432	0.0906432	0	0	0.397725	0.397725	0	0	0	0	
197	0.080656	0.0568071	0.0238177	3.12486e-05	0.353903	0.249258	0.104507	0.000137112	3.36915e-05	0.000147832	
198	0.1285	0.115898	0.0125805	2.21555e-05	0.563836	0.508538	0.0552008	9.72141e-05	2.2118e-05	9.70495e-05	
199	0.133898	0.115935	0.0179607	1.7471e-06	0.58752	0.508704	0.0788085	7.66597e-06	5.78404e-06	2.53792e-05	
200	0.106802	0.0884319	0.0183687	2.21372e-06	0.468629	0.388022	0.0805983	9.71338e-06	2.7452e-06	1.20454e-05	
201	0.135003	0.101992	0.0324538	0.000557183	0.592367	0.447521	0.142401	0.00244481	0.000836457	0.00367021	
202	0.107335	0.107335	0	0	0.470968	0.470968	0	0	0	0	
203	0.0959299	0.0958074	0.00012249	0	0.420921	0.420384	0.000537465	0	0	0	
204	0.157469	0.135631	0.021828	1.02133e-05	0.690944	0.595122	0.0957772	4.48142e-05	1.01757e-05	4.46492e-05	
205	0.102901	0.0910923	0.0118029	6.03742e-06	0.45151	0.399695	0.051789	2.6491e-05	6.31166e-06	2.76943e-05	
206	0.188498	0.151373	0.0369766	0.000148301	0.827095	0.664198	0.162246	0.000650718	0.000245663	0.00107792	
207	0.057045	0.052613	0.004432	0	0.250302	0.230855	0.0194467	0	0	0	
208	0.101438	0.0996149	0.00182391	0	0.445094	0.437091	0.00800298	0	0	0	
209	0.150002	0.0964887	0.0535046	8.59403e-06	0.658179	0.423374	0.234768	3.77089e-05	1.9332e-05	8.48252e-05	
210	0.11585	0.115199	0.000650383	0	0.508328	0.505474	0.00285375	0	0	0	
211	0.161211	0.104885	0.0563253	0	0.707363	0.460219	0.247144	0	0	0	
212	0.118019	0.117891	0.000127971	0	0.517847	0.517285	0.000561514	0	0	0	
213	0.238297	0.166796	0.070824	0.000677569	1.0456	0.731869	0.310762	0.00297304	0.00219168	0.00961669	
214	0.120383	0.117327	0.00304719	8.43953e-06	0.528218	0.514811	0.0133704	3.7031e-05	8.48582e-06	3.72341e-05	
215	0.164701	0.163704	0.000996345	9.94597e-07	0.722679	0.718303	0.00437177	4.3641e-06	9.58246e-07	4.2046e-06	
216	0.0992497	0.0859112	0.0133384	0	0.435488	0.376961	0.0585267	0	0	0	
217	0.177281	0.142714	0.0342949	0.00027189	0.777876	0.626204	0.150479	0.001193	0.000295235	0.00129543	
218	0.0984199	0.0984199	0	0	0.431847	0.431847	0	0	0	0	
219	0.135218	0.134778	0.000439591	0	0.593311	0.591382	0.00192884	0	0	0	
220	0.0976233	0.0849024	0.0127208	0	0.428352	0.372535	0.0558166	0	0	0	
221	0.104758	0.0950659	0.00968124	1.16323e-05	0.459661	0.41713	0.0424794	5.10404e-05	1.18433e-05	5.19665e-05	
222	0.0509341	0.0509228	1.13234e-05	0	0.223489	0.223439	4.9685e-05	0	0	0	
223	0.0981453	0.0980173	0.000127971	0	0.430642	0.430081	0.000561514	0	0	0	
224	0.154021	0.147106	0.00691426	3.16686e-07	0.675814	0.645474	0.0303384	1.38955e-06	3.83949e-07	1.68469e-06	
225	0.081833	0.0793009	0.00252233	9.8602e-06	0.359067	0.347957	0.0110675	4.32646e-05	1.00394e-05	4.40513e-05	
226	0.229919	0.227904	0.00201462	6.74746e-07	1.00884	1	0.00883979	2.96065e-06	6.37099e-07	2.79546e-06	
227	0.0844531	0.0833024	0.00115067	0	0.370563	0.365514	0.00504893	0	0	0	
228	0.0897702	0.0803442	0.00925688	0.000169183	0.393894	0.352534	0.0406174	0.000742345	0.000169146	0.000742181	
229	0.129621	0.125443	0.00417827	0	0.568754	0.55042	0.0183334	0	0	0	
230	0.108072	0.107913	0.000159175	0	0.474202	0.473504	0.000698431	0	0	0	
231	0.0934428	0.0931688	0.00027407	0	0.410009	0.408806	0.00120256	0	0	0	
232	0.0814805	0.0760141	0.00546533	1.12446e-06	0.357521	0.333535	0.0239808	4.93394e-06	1.08685e-06	4.76891e-06	
233	0.079953	0.079097	0.000856062	0	0.350818	0.347062	0.00375623	0	0	0	
234	0.105594	0.105594	0	0	0.463329	0.463329	0	0	0	0	
235	0.137935	0.137935	0	0	0.605233	0.605233	0	0	0	0	
236	0.0676515	0.0669887	0.00066275	0	0.296841	0.293933	0.00290802	0	0	0	
237	0.0479565	0.0479565	0	0	0.210423	0.210423	0	0	0	0	
238	0.0906129	0.0906129	0	0	0.397592	0.397592	0	0	0	0	
239	0.146359	0.123496	0.0228606	1.78641e-06	0.642195	0.541879	0.100308	7.83842e-06	3.11971e-06	1.36886e-05	
240	0.0933195	0.0918053	0.00151423	0	0.409468	0.402824	0.00664415	0	0	0	
241	0.142374	0.120077	0.0222886	8.5464e-06	0.62471	0.526874	0.0977983	3.74999e-05	8.56844e-06	3.75966e-05	
242	0.086653	0.0866441	8.95853e-06	0	0.380216	0.380177	3.93083e-05	0	0	0	
243	0.087217	0.087217	0	0	0.382691	0.382691	0	0	0	0	
244	0.0899578	0.0899578	0	0	0.394717	0.394717	0	0	0	0	
245	0.11852	0.0964441	0.0219018	0.000174539	0.520045	0.423178	0.0961012	0.000765845	0.000276742	0.00121429	
246	0.104006	0.0907731	0.0132331	0	0.456359	0.398294	0.0580642	0	0	0	
247	0.111984	0.108665	0.0033112	8.14263e-06	0.491365	0.476801	0.0145289	3.57283e-05	8.10503e-06	3.55633e-05	
248	0.0847516	0.0847516	0	0	0.371873	0.371873	0	0	0	0	
249	0.0726572	0.0709771	0.00168009	0	0.318805	0.311433	0.00737193	0	0	0	
250	0.068206	0.0675747	0.000631318	0	0.299275	0.296504	0.0027701	0	0	0	
251	0.124022	0.110789	0.0132331	0	0.544187	0.486123	0.0580642	0	0	0	
252	0.0746077	0.0702388	0.00433978	2.91727e-05	0.327364	0.308194	0.0190421	0.000128004	2.91352e-05	0.000127839	
253	0.0993475	0.099173	0.000174469	0	0.435917	0.435152	0.000765537	0	0	0	
254	0.0789669	0.0787465	0.000220403	0	0.346491	0.345524	0.000967086	0	0	0	
255	0.0879696	0.0879297	3.985e-05	0	0.385993	0.385818	0.000174854	0	0	0	
256	0.0995562	0.0980596	0.00149507	1.47695e-06	0.436833	0.430266	0.00656008	6.48057e-06	1.43928e-06	6.31531e-06	
257	0.0900317	0.0900317	0	0	0.395041	0.395041	0	0	0	0	
258	0.102645	0.0975292	0.00510083	1.51743e-05	0.450387	0.427939	0.0223814	6.65822e-05	1.81694e-05	7.97242e-05	
259	0.0532222	0.0458969	0.00724813	7.71399e-05	0.233528	0.201386	0.0318034	0.000338475	0.000116355	0.000510546	
260	0.0444298	0.0423244	0.00210541	0	0.194949	0.185711	0.00923816	0	0	0	
261	0.111629	0.111391	0.000238485	0	0.489809	0.488762	0.00104642	0	0	0	
262	0.114934	0.112643	0.00229117	0	0.504312	0.494259	0.0100532	0	0	0	
263	0.0609835	0.0443681	0.0165899	2.54679e-05	0.267584	0.194678	0.0727936	0.000111748	3.05047e-05	0.000133849	
264	0.182583	0.141906	0.0403631	0.000313595	0.801138	0.622657	0.177105	0.00137599	0.000916506	0.00402145	
265	0.0512993	0.0439595	0.00732137	1.85164e-05	0.225091	0.192885	0.0321247	8.12464e-05	2.12093e-05	9.30623e-05	
266	0.0845766	0.0845766	0	0	0.371105	0.371105	0	0	0	0	
267	0.0482928	0.0461874	0.00210541	0	0.211899	0.202661	0.00923816	0	0	0	
268	0.086567	0.0863621	0.000204894	0	0.379839	0.37894	0.000899037	0	0	0	
269	0.207746	0.207638	0.000107973	3.96974e-08	0.911549	0.911075	0.000473765	1.74184e-07	1.98753e-09	8.72091e-09	
270	0.109038	0.108818	0.000220403	0	0.478441	0.477474	0.000967086	0	0	0	
271	0.0859551	0.0857502	0.000204894	0	0.377154	0.376255	0.000899037	0	0	0	
272	0.106051	0.105057	0.000994802	0	0.465334	0.460969	0.004365	0	0	0	
273	0.106668	0.0928596	0.0137097	9.86874e-05	0.468038	0.40745	0.0601559	0.000433021	0.000132018	0.000579269	
274	0.0995459	0.0955348	0.00401109	0	0.436788	0.419188	0.0175999	0	0	0	
275	0.120281	0.112671	0.00755037	5.97923e-05	0.527772	0.49438	0.0331295	0.000262357	6.51024e-05	0.000285656	
276	0.091815	0.0909589	0.000856128	0	0.402866	0.39911	0.00375652	0	0	0	
277	0.105457	0.105397	5.98798e-05	0	0.462728	0.462465	0.000262741	0	0	0	
278	0.176896	0.149889	0.0268457	0.000161418	0.776188	0.657686	0.117793	0.000708272	0.000239195	0.00104954	
279	0.0780278	0.0780278	0	0	0.34237	0.34237	0	0	0	0	
280	0.137982	0.122933	0.0150492	0	0.605442	0.539409	0.0660332	0	0	0	
281	0.113045	0.0963366	0.0166949	1.42694e-05	0.496022	0.422706	0.073254	6.26115e-05	1.98892e-05	8.727e-05	
282	0.0847626	0.0822704	0.00249218	0	0.371922	0.360986	0.0109352	0	0	0	
283	0.100882	0.092301	0.00850852	7.28261e-05	0.442652	0.404999	0.0373337	0.000319546	9.11199e-05	0.000399816	
284	0.130217	0.11203	0.0181805	6.77269e-06	0.571369	0.491567	0.0797725	2.97172e-05	8.5532e-06	3.75298e-05	
285	0.0973976	0.0883466	0.00905101	0	0.427362	0.387648	0.0397141	0	0	0	
286	0.118109	0.0831258	0.034984	0	0.518243	0.36474	0.153503	0	0	0	
287	0.071098	0.0662185	0.00487944	0	0.311964	0.290554	0.02141	0	0	0	
288	0.20403	0.142284	0.0606673	0.001079	0.895248	0.624317	0.266196	0.00473445	0.00136922	0.00600787	
289	0.0674619	0.0664671	0.000994802	0	0.29601	0.291645	0.004365	0	0	0	
290	0.0701606	0.0698681	0.000292425	0	0.307851	0.306568	0.0012831	0	0	0	
291	0.175478	0.138916	0.0361854	0.000377159	0.769967	0.609537	0.158774	0.0016549	0.000503323	0.00220848	
292	0.143978	0.11815	0.0258239	3.3925e-06	0.631748	0.518423	0.11331	1.48856e-05	3.36487e-06	1.47644e-05	
293	0.0737639	0.048175	0.0255889	0	0.323662	0.211382	0.112279	0	0	0	
294	0.0664457	0.0617707	0.00464971	2.53172e-05	0.291551	0.271038	0.020402	0.000111087	3.29321e-05	0.000144499	
295	0.171218	0.154097	0.0170258	9.56918e-05	0.751273	0.676147	0.0747063	0.000419877	0.000130859	0.000574186	
296	0.119806	0.119806	0	0	0.525688	0.525688	0	0	0	0	
297	0.168792	0.148451	0.0203154	2.56209e-05	0.740627	0.651374	0.0891403	0.000112419	2.6768e-05	0.000117453	
298	0.110941	0.0919936	0.0189268	2.09555e-05	0.486789	0.40365	0.0830472	9.19487e-05	3.98653e-05	0.000174921	
299	0.0989012	0.0804293	0.0184594	1.25091e-05	0.433959	0.352908	0.0809965	5.48877e-05	1.24717e-05	5.47238e-05	
300	0.078016	0.0777236	0.000292425	0	0.342319	0.341036	0.0012831	0	0	0	
301	0.0631183	0.0630315	8.68103e-05	0	0.27695	0.27657	0.000380906	0	0	0	
302	0.0719746	0.0702326	0.00174092	1.16456e-06	0.315811	0.308167	0.00763885	5.1099e-06	2.70449e-06	1.18667e-05	
303	0.123717	0.107161	0.0164107	0.000145392	0.542846	0.470201	0.072007	0.000637952	0.000155036	0.000680272	
304	0.096666	0.096666	0	0	0.424151	0.424151	0	0	0	0	
305	0.0537797	0.0417991	0.0119806	0	0.235975	0.183406	0.0525686	0	0	0	
306	0.0706384	0.0536093	0.017029	0	0.309947	0.235227	0.0747202	0	0	0	
307	0.0913526	0.0884183	0.00293433	0	0.400837	0.387962	0.0128752	0	0	0	
308	0.0954301	0.0764913	0.0189373	1.46274e-06	0.418728	0.335629	0.0830935	6.41825e-06	2.17225e-06	9.53143e-06	
309	0.113529	0.112182	0.00134407	2.38942e-06	0.498143	0.492235	0.00589754	1.04843e-05	2.3571e-06	1.03425e-05	
310	0.146241	0.145171	0.00106862	1.15335e-06	0.641678	0.636985	0.00468893	5.06068e-06	1.11855e-06	4.90798e-06	
311	0.0769372	0.0748901	0.00203367	1.34185e-05	0.337585	0.328603	0.00892336	5.88778e-05	1.33808e-05	5.87127e-05	
312	0.136771	0.0970676	0.0394306	0.000272793	0.600124	0.425913	0.173014	0.00119696	0.000319808	0.00140325	
313	0.101609	0.0946261	0.00698332	0	0.445842	0.415201	0.0306414	0	0	0	
314	0.0788389	0.0782675	0.00057136	0	0.34593	0.343423	0.00250702	0	0	0	
315	0.10654	0.0961935	0.0103297	1.77303e-05	0.467481	0.422078	0.0453247	7.77972e-05	2.95865e-05	0.00012982	
316	0.073862	0.071509	0.00235236	6.51707e-07	0.324092	0.313767	0.0103217	2.85956e-06	6.1407e-07	2.69442e-06	
317	0.120391	0.0777498	0.0423641	0.000277564	0.528254	0.341151	0.185885	0.00121789	0.000339876	0.00149131	
318	0.187008	0.123845	0.0631624	9.87317e-07	0.820557	0.543408	0.277144	4.33215e-06	9.532e-07	4.18246e-06	
319	0.239299	0.145427	0.0909129	0.00295899	1.05	0.638109	0.398908	0.0129834	0.00346696	0.0152123	
320	0.0840401	0.0770714	0.00696132	7.41874e-06	0.368752	0.338174	0.0305449	3.2552e-05	1.1499e-05	5.04554e-05	
321	0.127548	0.100081	0.0271141	0.000352689	0.559658	0.439138	0.118971	0.00154753	0.000355037	0.00155783	
322	0.137194	0.0798183	0.0565196	0.000856227	0.601981	0.350227	0.247997	0.00375696	0.00201089	0.0088234	
323	0.0966091	0.0960881	0.00052102	0	0.423902	0.421616	0.00228613	0	0	0	
324	0.128233	0.126826	0.00140705	0	0.562662	0.556488	0.00617389	0	0	0	
325	0.0920714	0.0914032	0.000667924	3.63753e-07	0.403991	0.401059	0.00293072	1.59608e-06	9.89904e-07	4.3435e-06	
326	0.072034	0.0719981	3.59494e-05	0	0.316071	0.315913	0.000157739	0	0	0	
327	0.0786052	0.0761195	0.00248569	0	0.344904	0.333998	0.0109067	0	0	0	
328	0.0919029	0.0918991	3.83161e-06	0	0.403252	0.403235	1.68123e-05	0	0	0	
329	0.0959268	0.0926697	0.00324451	1.27044e-05	0.420908	0.406616	0.0142363	5.57447e-05	1.26667e-05	5.55791e-05	
330	0.149274	0.0894358	0.0585273	0.00131147	0.654988	0.392427	0.256806	0.00575451	0.00148147	0.00650044	
331	0.125624	0.118388	0.00721813	1.73438e-05	0.551215	0.519467	0.0316717	7.61012e-05	1.96015e-05	8.60079e-05	
332	0.107999	0.097626	0.0103557	1.80319e-05	0.473882	0.428364	0.045439	7.91205e-05	2.29325e-05	0.000100623	
333	0.121652	0.0997322	0.0219204	7.63013e-08	0.533788	0.437605	0.0961827	3.34795e-07	5.25356e-07	2.30516e-06	
334	0.137644	0.0895798	0.0478255	0.000238777	0.603956	0.393059	0.209849	0.0010477	0.000288657	0.00126657	
335	0.083501	0.0815002	0.00200077	0	0.366386	0.357607	0.008779	0	0	0	
336	0.105002	0.0905983	0.0143676	3.65023e-05	0.46073	0.397527	0.0630424	0.000160165	3.74476e-05	0.000164313	
337	0.116289	0.113273	0.00301289	2.98332e-06	0.510255	0.497022	0.0132199	1.30902e-05	3.02989e-06	1.32945e-05	
338	0.111371	0.102999	0.00835863	1.41954e-05	0.488678	0.451939	0.036676	6.22866e-05	1.42605e-05	6.25725e-05	
339	0.0837907	0.0780383	0.00574313	9.25144e-06	0.367657	0.342417	0.0251997	4.05935e-05	1.21752e-05	5.34227e-05	
340	0.109477	0.0846548	0.0247852	3.77101e-05	0.480367	0.371449	0.108752	0.000165464	6.63109e-05	0.000290959	
341	0.10845	0.105682	0.00276645	1.23215e-06	0.475857	0.463714	0.0121386	5.40645e-06	1.19445e-06	5.24104e-06	
342	0.11441	0.0763748	0.0380357	0	0.502011	0.335117	0.166893	0	0	0	
343	0.15001	0.0893929	0.0581512	0.00246628	0.658216	0.392238	0.255156	0.0108215	0.00460623	0.0202112	
344	0.0835689	0.0835689	0	0	0.366684	0.366684	0	0	0	0	
345	0.127717	0.0963422	0.0307395	0.000635492	0.560398	0.422731	0.134879	0.00278841	0.000689776	0.0030266	
346	0.132345	0.0995699	0.0324079	0.000367744	0.580706	0.436893	0.142199	0.00161359	0.000439856	0.00193	
347	0.0941222	0.0764958	0.0176218	4.64391e-06	0.41299	0.335648	0.0773212	2.03766e-05	2.30039e-05	0.000100937	
348	0.0998846	0.0848506	0.0149872	4.67526e-05	0.438274	0.372308	0.0657612	0.000205141	5.70064e-05	0.000250133	
349	0.0840255	0.0731726	0.0108045	4.84238e-05	0.368687	0.321067	0.0474082	0.000212474	5.00957e-05	0.00021981	
350	0.126393	0.0771121	0.0489006	0.000381245	0.554592	0.338353	0.214566	0.00167283	0.000490524	0.00215232	
351	0.146319	0.0949586	0.0509765	0.000384635	0.642022	0.41666	0.223675	0.0016877	0.000470113	0.00206276	
352	0.142793	0.0828398	0.0599292	2.46469e-05	0.626551	0.363485	0.262957	0.000108145	8.19114e-05	0.000359411	
353	0.0840345	0.079009	0.00502467	8.55935e-07	0.368727	0.346676	0.0220473	3.75567e-06	8.18289e-07	3.59049e-06	
354	0.0865924	0.0802422	0.00633431	1.5923e-05	0.379951	0.352087	0.0277937	6.98673e-05	1.78858e-05	7.84797e-05	
355	0.0845782	0.0845559	2.23036e-05	0	0.371112	0.371014	9.7864e-05	0	0	0	
356	0.120148	0.11027	0.0098535	2.49352e-05	0.527188	0.483844	0.0432352	0.000109411	2.62746e-05	0.000115288	
357	0.215281	0.109453	0.0982224	0.0076059	0.944613	0.480259	0.430981	0.0333732	0.00873387	0.0383225	
358	0.159816	0.0991287	0.0601161	0.00057154	0.701243	0.434957	0.263778	0.0025078	0.00162525	0.0071313	
359	0.102502	0.079207	0.0229754	0.000320011	0.449761	0.347545	0.100811	0.00140415	0.00090194	0.00395753	
360	0.10139	0.0978709	0.00351951	0	0.444881	0.429438	0.0154429	0	0	0	
361	0.0475979	0.0475979	0	0	0.20885	0.20885	0	0	0	0	
362	0.103721	0.0881828	0.0153605	0.000178451	0.455111	0.386929	0.0673991	0.000783009	0.000197143	0.000865027	
363	0.0497309	0.0497138	1.71018e-05	0	0.218209	0.218134	7.50394e-05	0	0	0	
364	0.124221	0.114846	0.00930077	7.40083e-05	0.545058	0.503923	0.0408099	0.000324734	7.71319e-05	0.00033844	
365	0.0802287	0.0802287	0	0	0.352028	0.352028	0	0	0	0	
366	0.107961	0.0926172	0.0151991	0.000145126	0.473714	0.406386	0.0666911	0.000636787	0.000189179	0.000830081	
367	0.125125	0.106326	0.0187446	5.48978e-05	0.549027	0.466538	0.0822479	0.000240881	7.36094e-05	0.000322984	
368	0.0794225	0.0765101	0.00291237	0	0.34849	0.335711	0.0127789	0	0	0	
369	0.0839035	0.0810901	0.0028109	2.48143e-06	0.368152	0.355808	0.0123337	1.0888e-05	2.44377e-06	1.07228e-05	
370	0.113216	0.0925329	0.0204939	0.000190113	0.496774	0.406016	0.0899234	0.000834179	0.000259099	0.00113687	
371	0.120419	0.0800971	0.0402809	4.11636e-05	0.528376	0.35145	0.176744	0.000180618	4.41499e-05	0.000193721	
372	0.104008	0.0798161	0.0241925	0	0.45637	0.350217	0.106152	0	0	0	
373	0.0843437	0.0799731	0.00435866	1.19452e-05	0.370083	0.350906	0.0191249	5.24135e-05	1.31837e-05	5.78475e-05	
374	0.2143	0.10494	0.101221	0.00813881	0.94031	0.460459	0.444139	0.0357115	0.0221882	0.0973576	
375	0.140095	0.128364	0.0116287	0.000102334	0.614711	0.563238	0.0510246	0.000449022	0.000106879	0.000468965	
376	0.100122	0.0998417	0.000280959	0	0.439318	0.438086	0.00123279	0	0	0	
377	0.102541	0.101036	0.00149867	5.40761e-06	0.44993	0.44333	0.00657589	2.37275e-05	5.36997e-06	2.35624e-05	
378	0.1144	0.104691	0.00970911	0	0.501967	0.459365	0.0426017	0	0	0	
379	0.10263	0.0774456	0.0251383	4.63514e-05	0.450321	0.339816	0.110302	0.000203381	7.90705e-05	0.000346946	
380	0.112072	0.0831913	0.0288814	0	0.491753	0.365027	0.126726	0	0	0	
381	0.0999412	0.0805474	0.0193401	5.36671e-05	0.438522	0.353426	0.0848609	0.00023548	7.00284e-05	0.000307271	
382	0.106125	0.105012	0.00111097	1.64658e-06	0.465658	0.460776	0.00487473	7.22491e-06	1.6089e-06	7.05955e-06	
383	0.0786311	0.0766273	0.00200373	0	0.345018	0.336226	0.00879202	0	0	0	
384	0.0962594	0.0912324	0.00502698	0	0.422367	0.40031	0.0220574	0	0	0	
385	0.121422	0.108324	0.0130985	0	0.532778	0.475305	0.0574738	0	0	0	
386	0.0977061	0.0803498	0.0172492	0.000107138	0.428715	0.352559	0.0756865	0.000470103	0.000192288	0.000843725	
387	0.0942138	0.0849959	0.00909676	0.000121191	0.413392	0.372945	0.0399148	0.000531764	0.000128858	0.000565406	
388	0.0823328	0.0776815	0.00460087	5.04447e-05	0.36126	0.340851	0.0201877	0.000221341	5.0407e-05	0.000221176	
389	0.128747	0.112193	0.0164937	6.0372e-05	0.564918	0.492282	0.0723715	0.000264901	6.37677e-05	0.0002798	
390	0.0851499	0.0750442	0.0101057	0	0.373621	0.329279	0.0443422	0	0	0	
391	0.0973989	0.092102	0.00529683	0	0.427367	0.404126	0.0232414	0	0	0	
392	0.101549	0.0503021	0.05029	0.000957181	0.445578	0.220715	0.220663	0.00419992	0.00128797	0.0056514	
393	0.0844658	0.08165	0.00281572	0	0.370619	0.358264	0.0123548	0	0	0	
394	0.0984848	0.0934901	0.00499474	0	0.432132	0.410216	0.0219159	0	0	0	
395	0.151753	0.139575	0.0121727	5.55285e-06	0.665865	0.61243	0.0534115	2.43648e-05	3.35776e-05	0.000147332	
396	0.10992	0.0597028	0.0502176	0	0.48231	0.261964	0.220345	0	0	0	
397	0.124154	0.102278	0.0217691	0.000106531	0.544765	0.448779	0.0955188	0.000467441	0.00012096	0.000530751	
398	0.092225	0.0920309	0.000194139	0	0.404665	0.403813	0.000851846	0	0	0	
399	0.0795792	0.0792721	0.000307108	0	0.349178	0.34783	0.00134753	0	0	0	
400	0.145065	0.130289	0.0147762	0	0.636519	0.571684	0.0648355	0	0	0	
401	0.105327	0.101593	0.0037339	0	0.462155	0.445771	0.0163836	0	0	0	
402	0.105415	0.0842004	0.0211819	3.29558e-05	0.462542	0.369455	0.0929424	0.000144603	3.99973e-05	0.0001755	
403	0.111332	0.0896695	0.0214533	0.000209963	0.488506	0.393452	0.0941331	0.000921279	0.00021047	0.000923505	
404	0.109445	0.0997277	0.00971809	0	0.480227	0.437586	0.0426411	0	0	0	
405	0.108235	0.108235	0	0	0.474916	0.474916	0	0	0	0	
406	0.187331	0.178629	0.00870147	0	0.821973	0.783793	0.0381803	0	0	0	
407	0.119971	0.0863287	0.0331924	0.000449829	0.526409	0.378793	0.145642	0.00197376	0.000471421	0.0020685	
408	0.131584	0.128923	0.00266021	0	0.577365	0.565693	0.0116725	0	0	0	
409	0.0935471	0.0929053	0.000641865	0	0.410466	0.40765	0.00281638	0	0	0	
410	0.111151	0.0888213	0.0219928	0.000337422	0.487711	0.389731	0.0965002	0.00148054	0.000341206	0.00149714	
411	0.139339	0.118698	0.0206408	1.02401e-07	0.611393	0.520825	0.0905681	4.49317e-07	7.86839e-08	3.45249e-07	
412	0.143187	0.123655	0.0195323	0	0.628279	0.542575	0.085704	0	0	0	
413	0.0952784	0.0926874	0.00259104	0	0.418063	0.406694	0.011369	0	0	0	
414	0.148104	0.113967	0.034044	9.23037e-05	0.649851	0.500068	0.149378	0.000405011	9.32554e-05	0.000409186	
415	0.093961	0.0931189	0.000842078	0	0.412282	0.408587	0.00369487	0	0	0	
416	0.126518	0.107449	0.0190689	0	0.555137	0.471466	0.0836707	0	0	0	
417	0.106714	0.0969803	0.00973321	7.64048e-07	0.468241	0.42553	0.0427074	3.35249e-06	7.26779e-07	3.18896e-06	
418	0.0810712	0.0779047	0.0031665	0	0.355724	0.34183	0.0138939	0	0	0	
419	0.139082	0.103435	0.0356368	9.86673e-06	0.610266	0.453856	0.156367	4.32933e-05	1.05033e-05	4.60867e-05	
420	0.0848263	0.0848263	0	0	0.372201	0.372201	0	0	0	0	
421	0.0901368	0.0872554	0.00288145	0	0.395503	0.382859	0.0126432	0	0	0	
422	0.102752	0.0820817	0.0204106	0.000260153	0.450858	0.360158	0.089558	0.0011415	0.000260116	0.00114134	
423	0.0643974	0.0567395	0.00762405	3.38706e-05	0.282563	0.248962	0.0334528	0.000148617	3.73036e-05	0.000163681	
424	0.112047	0.112047	0	0	0.491644	0.491644	0	0	0	0	
425	0.0770319	0.0705056	0.00648773	3.85546e-05	0.338001	0.309365	0.0284669	0.00016917	3.85261e-05	0.000169045	
426	0.112981	0.110529	0.00244999	2.218e-06	0.495743	0.484983	0.0107501	9.73217e-06	2.1803e-06	9.56676e-06	
427	0.0917138	0.0917138	0	0	0.402422	0.402422	0	0	0	0	
428	0.095338	0.095338	0	0	0.418324	0.418324	0	0	0	0	
429	0.121992	0.0894339	0.032554	4.58243e-06	0.535279	0.392418	0.14284	2.01068e-05	4.66296e-06	2.04601e-05	
430	0.222308	0.215291	0.00701635	0	0.975444	0.944658	0.0307863	0	0	0	
431	0.173921	0.168623	0.00529671	1.20496e-06	0.763132	0.739886	0.0232409	5.28714e-06	1.16763e-06	5.12333e-06	
432	0.130508	0.113722	0.0167837	2.22957e-06	0.572646	0.498992	0.073644	9.78293e-06	6.23304e-06	2.73494e-05	
433	0.107839	0.0999302	0.00786663	4.23158e-05	0.473177	0.438474	0.0345172	0.000185673	4.26662e-05	0.000187211	
434	0.0861202	0.0816989	0.00441802	3.35694e-06	0.377878	0.358478	0.0193854	1.47296e-05	5.44159e-06	2.38766e-05	
435	0.197469	0.154202	0.0430851	0.000181797	0.866457	0.676611	0.189049	0.000797692	0.000429585	0.00188493	
436	0.117299	0.0873513	0.0298215	0.000126525	0.514686	0.38328	0.130851	0.00055517	0.000167919	0.000736796	
437	0.140053	0.0874013	0.0510706	0.00158111	0.614525	0.3835	0.224087	0.00693762	0.00269258	0.0118145	
438	0.176524	0.132274	0.043816	0.000434369	0.774554	0.580392	0.192256	0.00190592	0.000520648	0.0022845	
439	0.137596	0.128899	0.00867406	2.27326e-05	0.603747	0.565588	0.0380601	9.97466e-05	2.81476e-05	0.000123506	
440	0.082448	0.0813055	0.00114239	9.83208e-08	0.361766	0.356753	0.00501261	4.31412e-07	3.99968e-07	1.75498e-06	
441	0.0697733	0.0686126	0.00115726	3.5351e-06	0.306152	0.301058	0.00507784	1.55113e-05	3.49742e-06	1.5346e-05	
442	0.14232	0.0963011	0.0437276	0.00229147	0.624473	0.42255	0.191868	0.0100545	0.00270991	0.0118905	
443	0.168909	0.139947	0.0288007	0.000161693	0.741144	0.614062	0.126372	0.000709478	0.000219026	0.000961046	
444	0.130759	0.109518	0.0212158	2.53109e-05	0.573748	0.480546	0.0930909	0.000111059	3.53284e-05	0.000155014	
445	0.108878	0.0894944	0.0192464	0.000137979	0.477739	0.392684	0.0844494	0.000605428	0.000170788	0.000749385	
446	0.150267	0.092024	0.0580957	0.000147725	0.659344	0.403783	0.254912	0.000648191	0.000199995	0.00087754	
447	0.155579	0.123748	0.0318311	1.12407e-07	0.682653	0.542984	0.139668	4.9322e-07	2.09343e-06	9.18559e-06	
448	0.0438267	0.0380993	0.00572742	0	0.192303	0.167172	0.0251308	0	0	0	
449	0.260105	0.15644	0.103457	0.000207159	1.14129	0.686431	0.453951	0.000908976	0.00048526	0.00212922	
450	0.0867195	0.0805822	0.00613738	0	0.380508	0.353579	0.0269296	0	0	0	
451	0.135408	0.121968	0.013413	2.66833e-05	0.594147	0.535176	0.0588539	0.000117081	3.89428e-05	0.000170873	
452	0.170027	0.101503	0.0673856	0.00113862	0.746048	0.445377	0.295675	0.00499608	0.00152657	0.00669833	
453	0.102994	0.0969607	0.00601801	1.53244e-05	0.451917	0.425444	0.0264058	6.72405e-05	1.59909e-05	7.01654e-05	
454	0.127568	0.0904589	0.0371092	0	0.559744	0.396916	0.162828	0	0	0	
455	0.157491	0.106593	0.0506717	0.000226894	0.691043	0.46771	0.222337	0.000995567	0.000461797	0.00202627	
456	0.147036	0.113513	0.0330973	0.000424957	0.645166	0.498076	0.145224	0.00186463	0.000464145	0.00203658	
457	0.124367	0.102014	0.0223148	3.81435e-05	0.545699	0.447619	0.0979131	0.000167366	4.59677e-05	0.000201697	
458	0.0963005	0.0800755	0.0162249	0	0.422548	0.351356	0.071192	0	0	0	
459	0.101477	0.0902004	0.0112766	0	0.445261	0.395781	0.0494798	0	0	0	
460	0.156566	0.0866036	0.0699623	0	0.686981	0.38	0.306981	0	0	0	
461	0.157997	0.0867784	0.0711749	4.43394e-05	0.693262	0.380766	0.312301	0.000194552	6.13714e-05	0.000269286	
462	0.115376	0.101456	0.0139075	1.23993e-05	0.50625	0.445172	0.0610236	5.4406e-05	2.40385e-05	0.000105476	
463	0.128022	0.121243	0.00677909	0	0.561737	0.531992	0.0297453	0	0	0	
464	0.0829243	0.0699979	0.0129211	5.1777e-06	0.363855	0.307137	0.0566956	2.27187e-05	8.85201e-06	3.88409e-05	
465	0.0891289	0.0838912	0.00523769	0	0.39108	0.368098	0.022982	0	0	0	
466	0.16802	0.111545	0.0562475	0.00022725	0.737241	0.489441	0.246803	0.000997129	0.000338385	0.00148477	
467	0.104104	0.080946	0.0230397	0.000119195	0.456792	0.355175	0.101093	0.000523008	0.000332889	0.00146065	
468	0.107871	0.103035	0.00483567	0	0.473319	0.452101	0.0212179	0	0	0	
469	0.0779157	0.0779157	0	0	0.341879	0.341879	0	0	0	0	
470	0.103736	0.0963176	0.00740781	1.1374e-05	0.455176	0.422623	0.032504	4.99071e-05	1.37981e-05	6.05434e-05	
471	0.116675	0.0801929	0.0364829	0	0.511951	0.351871	0.16008	0	0	0	
472	0.128994	0.0904932	0.0367295	0.001772	0.566004	0.397067	0.161162	0.0077752	0.00287578	0.0126183	
473	0.163623	0.100657	0.0599625	0.00300416	0.717949	0.441663	0.263103	0.0131817	0.00370183	0.0162429	
474	0.107346	0.0780878	0.0292582	0	0.471013	0.342634	0.128379	0	0	0	
475	0.119492	0.114935	0.00455649	5.66101e-07	0.52431	0.504315	0.019993	2.48394e-06	5.58322e-07	2.44981e-06	
476	0.163876	0.114366	0.0495099	0	0.719057	0.501817	0.21724	0	0	0	
477	0.12761	0.0984396	0.0291401	3.11541e-05	0.559931	0.431933	0.127861	0.000136698	3.74291e-05	0.000164231	
478	0.0945606	0.0800622	0.0144845	1.39363e-05	0.414913	0.351297	0.0635552	6.115e-05	1.90795e-05	8.37174e-05	
479	0.104669	0.0991357	0.0055056	2.81432e-05	0.459269	0.434988	0.0241575	0.000123486	2.81054e-05	0.000123321	
480	0.131255	0.099031	0.0321637	6.07159e-05	0.575923	0.434529	0.141128	0.000266409	0.000148436	0.000651311	
481	0.0806783	0.0770111	0.00366687	4.03292e-07	0.354001	0.337909	0.0160895	1.76956e-06	1.87468e-06	8.22575e-06	
482	0.135148	0.107334	0.0277756	3.844e-05	0.593004	0.470961	0.121874	0.000168667	5.07496e-05	0.000222679	
483	0.101888	0.0938285	0.00805882	1.17958e-06	0.447067	0.411701	0.0353605	5.17578e-06	3.28157e-06	1.43989e-05	
484	0.170639	0.118368	0.0510265	0.00124521	0.748735	0.519376	0.223894	0.00546375	0.00204496	0.0089729	
485	0.106197	0.0962403	0.00987678	8.00893e-05	0.465972	0.422283	0.0433374	0.000351416	8.01276e-05	0.000351584	
486	0.0834541	0.081078	0.00237601	0	0.36618	0.355754	0.0104254	0	0	0	
487	0.10529	0.101139	0.00415096	0	0.461996	0.443782	0.0182136	0	0	0	
488	0.134771	0.0967814	0.0376408	0.000349554	0.591352	0.424658	0.16516	0.00153377	0.000541699	0.00237687	
489	0.148083	0.0994744	0.0486093	0	0.649762	0.436474	0.213288	0	0	0	
490	0.0952177	0.0919678	0.00324987	0	0.417797	0.403537	0.0142598	0	0	0	
491	0.0934109	0.0793117	0.0140992	0	0.409869	0.348004	0.0618645	0	0	0	
492	0.138508	0.0982926	0.0401517	6.38956e-05	0.607747	0.431289	0.176178	0.000280361	0.000139726	0.000613093	
493	0.190355	0.113166	0.0771551	3.30715e-05	0.83524	0.496553	0.338541	0.000145111	8.61519e-05	0.000378018	
494	0.190195	0.118637	0.0715131	4.53726e-05	0.83454	0.520556	0.313785	0.000199086	5.54827e-05	0.000243447	
495	0.0887692	0.0850171	0.00375209	0	0.389502	0.373038	0.0164634	0	0	0	
496	0.100769	0.0908881	0.00975611	0.000124797	0.442154	0.398799	0.0428079	0.000547586	0.000124759	0.000547419	
497	0.120738	0.0785729	0.0420306	0.000134819	0.529776	0.344762	0.184422	0.000591563	0.000366985	0.00161025	
498	0.167164	0.135259	0.0317345	0.000170979	0.733486	0.59349	0.139245	0.000750224	0.000210985	0.000925764	
499	0.160006	0.160006	0	0	0.702076	0.702076	0	0	0	0	
500	0.154412	0.081785	0.0721589	0.000468037	0.67753	0.358857	0.316619	0.00205365	0.000823052	0.00361139	
501	0.159235	0.109819	0.0494157	0	0.698693	0.481866	0.216826	0	0	0	
502	0.0935967	0.0920922	0.00150446	0	0.410684	0.404083	0.00660129	0	0	0	
503	0.113072	0.104306	0.00875016	1.50003e-05	0.496138	0.457678	0.038394	6.58187e-05	1.49622e-05	6.56513e-05	
504	0.122104	0.12085	0.00125327	0	0.535769	0.53027	0.00549913	0	0	0	
505	0.0704699	0.0695296	0.000940292	0	0.309208	0.305082	0.00412582	0	0	0	
506	0.149329	0.0990265	0.0494618	0.00084095	0.655228	0.434509	0.217029	0.00368992	0.00101058	0.00443425	
507	0.184889	0.159962	0.024858	6.89784e-05	0.811258	0.701883	0.109072	0.000302664	7.43734e-05	0.000326336	
508	0.0936368	0.0891308	0.00450449	1.53042e-06	0.41086	0.391088	0.0197648	6.71522e-06	1.49293e-06	6.55068e-06	
509	0.0929028	0.0882673	0.00463495	5.21296e-07	0.407639	0.3873	0.0203373	2.28734e-06	1.20903e-06	5.30502e-06	
510	0.134146	0.106611	0.0272937	0.00024212	0.58861	0.467789	0.119759	0.00106237	0.00025783	0.00113131	
511	0.0798978	0.0760801	0.00381777	0	0.350576	0.333824	0.0167516	0	0	0	
512	0.17703	0.0894252	0.0872797	0.000325913	0.776777	0.39238	0.382966	0.00143004	0.000359526	0.00157753	
513	0.10515	0.0922655	0.0128823	2.73683e-06	0.46138	0.404843	0.0565253	1.20086e-05	3.59615e-06	1.57792e-05	
514	0.228429	0.130037	0.0962111	0.00218115	1.0023	0.570579	0.422155	0.00957048	0.00286392	0.0125663	
515	0.0649561	0.0572911	0.00766396	1.15085e-06	0.285015	0.251382	0.033628	5.04973e-06	1.91614e-06	8.40768e-06	
516	0.0990027	0.0895876	0.00937317	4.19504e-05	0.434405	0.393093	0.0411276	0.00018407	4.29648e-05	0.000188521	
517	0.0857066	0.0827273	0.00297936	0	0.376064	0.362991	0.0130728	0	0	0	
518	0.17842	0.15774	0.0206799	0	0.782873	0.692133	0.0907397	0	0	0	
519	0.0782444	0.0426209	0.0356229	5.42212e-07	0.343321	0.187012	0.156306	2.37912e-06	1.48666e-06	6.52318e-06	
520	0.151502	0.123854	0.0273227	0.000325709	0.664764	0.543448	0.119886	0.00142915	0.0003569	0.001566	
521	0.26303	0.111211	0.150352	0.00146665	1.15412	0.487975	0.659716	0.0064354	0.00265879	0.0116662	
522	0.184248	0.0793062	0.104193	0.000749237	0.808448	0.34798	0.45718	0.00328751	0.000946669	0.0041538	
523	0.0907582	0.0771443	0.0136002	1.37612e-05	0.398229	0.338494	0.059675	6.03816e-05	2.42958e-05	0.000106605	
524	0.143096	0.10729	0.0356584	0.000147791	0.627879	0.470768	0.156462	0.00064848	0.000201209	0.000882868	
525	0.144416	0.10101	0.04312	0.000286624	0.633672	0.443213	0.189202	0.00125765	0.000825172	0.00362069	
526	0.114256	0.102735	0.0114978	2.29352e-05	0.501334	0.450783	0.0504505	0.000100635	2.34515e-05	0.000102901	
527	0.107998	0.0789332	0.0289868	7.90143e-05	0.473878	0.346343	0.127188	0.000346699	9.85359e-05	0.000432356	
528	0.0897822	0.0814309	0.00834897	2.40066e-06	0.393947	0.357303	0.0366336	1.05336e-05	3.32891e-06	1.46066e-05	
529	0.138677	0.0821058	0.056092	0.000480101	0.608492	0.360264	0.246121	0.00210659	0.000731971	0.00321174	
530	0.0933006	0.0818697	0.0114058	2.51129e-05	0.409385	0.359228	0.0500465	0.00011019	4.75834e-05	0.000208787	
531	0.179129	0.106374	0.0726317	0.000123353	0.785983	0.466748	0.318694	0.000541249	0.000422285	0.0018529	
532	0.0938607	0.0848536	0.00900709	0	0.411842	0.372321	0.0395213	0	0	0	
533	0.167884	0.11949	0.0476722	0.000721486	0.736642	0.5243	0.209176	0.00316574	0.000903354	0.00396374	
534	0.121391	0.114928	0.00642386	3.91748e-05	0.532642	0.504283	0.0281866	0.000171891	3.91375e-05	0.000171727	
535	0.0833414	0.0787279	0.00458067	3.2854e-05	0.365686	0.345443	0.0200991	0.000144157	3.28164e-05	0.000143992	
536	0.0682481	0.0667767	0.00147143	0	0.299459	0.293003	0.00645638	0	0	0	
537	0.119808	0.0778563	0.0419459	6.55853e-06	0.525698	0.341618	0.18405	2.87775e-05	2.19673e-05	9.63886e-05	
538	0.125394	0.0815612	0.0437257	0.000107605	0.550207	0.357874	0.19186	0.00047215	0.000174555	0.000765915	
539	0.127628	0.0843554	0.0428047	0.000468075	0.560008	0.370135	0.187819	0.00205382	0.000630666	0.00276724	
540	0.0961079	0.081085	0.0147407	0.000282324	0.421703	0.355785	0.0646793	0.00123878	0.000324858	0.00142541	
541	0.0920114	0.0833792	0.00862891	3.36101e-06	0.403728	0.365852	0.037862	1.47474e-05	7.47172e-06	3.27844e-05	
542	0.183954	0.152148	0.0316653	0.000141037	0.807157	0.667597	0.138941	0.000618844	0.000150288	0.000659437	
543	0.129944	0.0906979	0.0391538	9.26595e-05	0.57017	0.397965	0.171799	0.000406572	0.000178254	0.000782145	
544	0.158068	0.128541	0.0293568	0.000170168	0.693571	0.564013	0.128812	0.000746665	0.000172822	0.000758313	
545	0.149239	0.0762847	0.072756	0.000198872	0.654834	0.334722	0.319239	0.000872612	0.000370946	0.00162764	
546	0.135961	0.118267	0.0176581	3.59257e-05	0.596572	0.518933	0.0774807	0.000157635	4.37392e-05	0.000191919	
547	0.0845559	0.0765907	0.00795213	1.30849e-05	0.371015	0.336065	0.0348924	5.74143e-05	1.40317e-05	6.15684e-05	
548	0.118701	0.112408	0.0062923	0	0.520837	0.493227	0.0276094	0	0	0	
549	0.139278	0.086245	0.0522868	0.000747124	0.611129	0.378426	0.229424	0.00327823	0.0013226	0.00580334	
550	0.161436	0.121487	0.039413	0.000536085	0.708352	0.533063	0.172936	0.00235223	0.00064433	0.00282719	
551	0.0984889	0.097973	0.000515906	0	0.43215	0.429886	0.00226369	0	0	0	
552	0.0847252	0.0736597	0.0110572	8.19767e-06	0.371757	0.323204	0.0485172	3.59698e-05	1.54281e-05	6.76957e-05	
553	0.187267	0.185667	0.00159917	0	0.821691	0.814674	0.00701685	0	0	0	
554	0.130806	0.103931	0.0263645	0.00051114	0.573954	0.456029	0.115682	0.00224278	0.000538708	0.00236374	
555	0.0957372	0.0762408	0.0194921	4.25611e-06	0.420076	0.33453	0.0855279	1.8675e-05	7.03108e-06	3.0851e-05	
556	0.170035	0.151765	0.0182687	1.33984e-06	0.74608	0.665915	0.0801595	5.87899e-06	1.3007e-06	5.70723e-06	
557	0.0881317	0.0801059	0.00799317	3.25844e-05	0.386704	0.351489	0.0350725	0.000142974	4.41083e-05	0.000193539	
558	0.103697	0.0988505	0.00483969	7.57583e-06	0.455005	0.433737	0.0212356	3.32412e-05	7.53809e-06	3.30756e-05	
559	0.0943661	0.0802116	0.0140346	0.00011981	0.41406	0.351953	0.0615813	0.000525704	0.000175482	0.000769982	
560	0.0933993	0.0860546	0.00734472	0	0.409818	0.37759	0.0322272	0	0	0	
561	0.107315	0.0944429	0.0127229	0.000149265	0.470878	0.414397	0.0558259	0.000654949	0.000199822	0.000876782	
562	0.0692052	0.0505674	0.0186377	0	0.303659	0.22188	0.0817789	0	0	0	
563	0.0869276	0.0799673	0.00694187	1.84796e-05	0.381421	0.350881	0.0304596	8.1085e-05	2.28102e-05	0.000100086	
564	0.104518	0.0826529	0.0216658	0.000199873	0.458607	0.362665	0.0950655	0.000877004	0.000250698	0.00110001	
565	0.094956	0.0862147	0.00870052	4.07789e-05	0.416648	0.378293	0.0381762	0.000178929	4.58752e-05	0.000201291	
566	0.119155	0.105268	0.0138714	1.56334e-05	0.52283	0.461896	0.0608653	6.85964e-05	1.80977e-05	7.94095e-05	
567	0.199592	0.163199	0.0359816	0.000412276	0.875775	0.716085	0.15788	0.00180898	0.00041694	0.00182945	
568	0.180581	0.116946	0.0636317	3.20762e-06	0.792356	0.513138	0.279203	1.40744e-05	4.27307e-06	1.87494e-05	
569	0.0769796	0.0769796	0	0	0.337771	0.337771	0	0	0	0	
570	0.127688	0.121515	0.00616247	1.05522e-05	0.560272	0.533186	0.0270397	4.63012e-05	1.74077e-05	7.63818e-05	
571	0.0993943	0.0928555	0.00653857	2.09378e-07	0.436123	0.407432	0.02869	9.18712e-07	1.71975e-07	7.54594e-07	
572	0.109795	0.0990336	0.0107236	3.84957e-05	0.481762	0.43454	0.0470534	0.000168911	5.78765e-05	0.00025395	
573	0.0937033	0.0856077	0.00809127	4.39591e-06	0.411152	0.37563	0.0355029	1.92884e-05	4.49027e-06	1.97024e-05	
574	0.120566	0.0810327	0.0390174	0.00051617	0.529021	0.355555	0.171201	0.00226485	0.000770978	0.0033829	
575	0.109176	0.0855469	0.0234428	0.000186288	0.479043	0.375363	0.102862	0.000817397	0.000244415	0.00107244	
576	0.062426	0.055289	0.00713699	0	0.273913	0.242597	0.0313157	0	0	0	
577	0.126669	0.114824	0.0118449	0	0.555801	0.503827	0.0519734	0	0	0	
578	0.0956398	0.0903357	0.00530408	0	0.419649	0.396375	0.0232733	0	0	0	
579	0.0905945	0.0885891	0.00200535	0	0.397511	0.388712	0.0087991	0	0	0	
580	0.0771028	0.0677605	0.00930223	4.01423e-05	0.338312	0.29732	0.0408164	0.000176137	6.34045e-05	0.000278206	
581	0.0843617	0.076343	0.0080045	1.42923e-05	0.370163	0.334978	0.0351222	6.2712e-05	1.59644e-05	7.0049e-05	
582	0.0875116	0.0857419	0.001769	7.4069e-07	0.383984	0.376219	0.00776204	3.25e-06	7.45758e-07	3.27224e-06	
583	0.114403	0.0942985	0.0199606	0.000143808	0.501978	0.413763	0.0875836	0.000631002	0.000192609	0.000845134	
584	0.204634	0.130072	0.0744444	0.000117821	0.897896	0.570732	0.326647	0.000516978	0.00014877	0.000652778	
585	0.125024	0.0761387	0.0488753	1.04197e-05	0.548583	0.334082	0.214455	4.57199e-05	2.44265e-05	0.000107179	
586	0.139305	0.0857399	0.0534587	0.000107027	0.611246	0.37621	0.234566	0.000469614	0.00016943	0.00074343	
587	0.100862	0.0904359	0.0104265	0	0.442565	0.396815	0.0457497	0	0	0	
588	0.0687506	0.0687506	0	0	0.301664	0.301664	0	0	0	0	
589	0.150193	0.111076	0.0386163	0.000500338	0.65902	0.487383	0.16944	0.00219539	0.00059308	0.00260232	
590	0.132796	0.109193	0.0235932	9.68712e-06	0.582683	0.479118	0.103522	4.25052e-05	2.15694e-05	9.46423e-05	
591	0.120607	0.097563	0.0230314	1.34407e-05	0.529204	0.428087	0.101057	5.89753e-05	1.66147e-05	7.29021e-05	
592	0.111183	0.0872511	0.023917	1.47938e-05	0.487849	0.382841	0.104943	6.49126e-05	2.18315e-05	9.57924e-05	
593	0.100595	0.0955955	0.00498578	1.38302e-05	0.441391	0.419454	0.0218766	6.06845e-05	1.45784e-05	6.39673e-05	
594	0.0903833	0.0818862	0.0084893	7.89533e-06	0.396584	0.3593	0.0372494	3.46431e-05	1.27273e-05	5.58453e-05	
595	0.110129	0.0954388	0.0145824	0.000108334	0.483227	0.418767	0.063985	0.00047535	0.000124585	0.000546658	
596	0.104166	0.0917945	0.0123558	1.62676e-05	0.457062	0.402776	0.0542149	7.13794e-05	2.35601e-05	0.000103377	
597	0.148621	0.143358	0.0052533	9.40425e-06	0.652122	0.629031	0.0230504	4.1264e-05	1.08306e-05	4.75227e-05	
598	0.113931	0.110057	0.00386177	1.20851e-05	0.49991	0.482912	0.0169447	5.30271e-05	1.20475e-05	5.28624e-05	
599	0.105341	0.0949878	0.0103535	0	0.462217	0.416788	0.0454293	0	0	0	
600	0.110757	0.109783	0.000973392	0	0.485981	0.48171	0.00427105	0	0	0	
601	0.377894	0.150565	0.221726	0.00560241	1.65812	0.660653	0.972893	0.0245823	0.00561608	0.0246423	
602	0.104829	0.104312	0.000516798	5.7002e-07	0.459973	0.457703	0.00226761	2.50113e-06	5.34105e-07	2.34355e-06	
603	0.1434	0.0528392	0.0905614	0	0.629214	0.231848	0.397366	0	0	0	
604	0.0898162	0.0823177	0.00749846	0	0.394096	0.361194	0.0329018	0	0	0	
605	0.142148	0.0503856	0.0917628	0	0.623719	0.221082	0.402637	0	0	0	
606	0.145895	0.0953685	0.0497097	0.000817149	0.64016	0.418458	0.218116	0.00358549	0.00137507	0.00603355	
607	0.0881122	0.0794946	0.00861643	1.15795e-06	0.386619	0.348807	0.0378072	5.08089e-06	2.89932e-06	1.27216e-05	
608	0.0872588	0.0801214	0.00713734	0	0.382874	0.351557	0.0313173	0	0	0	
609	0.090268	0.0885659	0.00170206	0	0.396078	0.38861	0.00746835	0	0	0	
610	0.0938832	0.0813589	0.012439	8.52855e-05	0.411941	0.356987	0.0545802	0.000374216	0.000116029	0.000509115	
611	0.0638342	0.0586777	0.00515654	0	0.280092	0.257466	0.0226259	0	0	0	
612	0.0963796	0.0921182	0.00426134	0	0.422895	0.404197	0.0186979	0	0	0	
613	0.0853173	0.0779013	0.0073952	2.08525e-05	0.374356	0.341816	0.0324487	9.1497e-05	2.08618e-05	9.15376e-05	
614	0.0914672	0.0849972	0.00646999	0	0.40134	0.372951	0.0283891	0	0	0	
615	0.0922465	0.0881677	0.0040788	0	0.40476	0.386862	0.017897	0	0	0	
616	0.0991152	0.0904003	0.00858203	0.000132936	0.434898	0.396659	0.0376563	0.000583299	0.000134659	0.000590859	
617	0.123205	0.093139	0.0300498	1.62427e-05	0.5406	0.408676	0.131852	7.12699e-05	2.62113e-05	0.00011501	
618	0.061882	0.0568084	0.00507351	0	0.271526	0.249264	0.0222615	0	0	0	
619	0.134979	0.100424	0.0345544	0	0.592262	0.440644	0.151618	0	0	0	
620	0.110361	0.0890899	0.0212714	0	0.484244	0.390909	0.0933349	0	0	0	
621	0.303724	0.189039	0.112458	0.00222656	1.33268	0.829469	0.493447	0.00976973	0.00222652	0.00976956	
622	0.038362	0.0309572	0.0074028	2.00827e-06	0.168325	0.135834	0.032482	8.81194e-06	2.6413e-06	1.15895e-05	
623	0.0815836	0.0729558	0.00862783	0	0.357973	0.320116	0.0378572	0	0	0	
624	0.105315	0.0839704	0.0213421	2.46686e-06	0.462102	0.368446	0.0936452	1.08241e-05	4.52987e-06	1.98762e-05	
625	0.0674721	0.0558234	0.0116486	0	0.296054	0.244942	0.051112	0	0	0	
626	0.0685276	0.0648048	0.00372272	0	0.300685	0.284351	0.0163345	0	0	0	
627	0.0880337	0.0803207	0.00770791	5.14026e-06	0.386275	0.352431	0.0338208	2.25544e-05	1.66604e-05	7.31028e-05	
628	0.0610339	0.0610294	4.42661e-06	0	0.267805	0.267785	1.94231e-05	0	0	0	
629	0.216665	0.139721	0.0764477	0.000496422	0.950685	0.613069	0.335437	0.0021782	0.000515693	0.00226276	
630	0.188286	0.147806	0.0404584	2.19596e-05	0.826165	0.648545	0.177523	9.63548e-05	3.42756e-05	0.000150395	
631	0.115072	0.0973075	0.0177473	1.75941e-05	0.504915	0.426966	0.0778717	7.71995e-05	1.77748e-05	7.79925e-05	
632	0.0439181	0.0439181	0	0	0.192704	0.192704	0	0	0	0	
633	0.058391	0.0458505	0.0125011	3.93362e-05	0.256208	0.201183	0.0548528	0.000172599	3.92985e-05	0.000172434	
634	0.042614	0.042614	0	0	0.186982	0.186982	0	0	0	0	
635	0.0674569	0.0665624	0.000894494	0	0.295987	0.292062	0.00392487	0	0	0	
636	0.0819987	0.0660025	0.0159961	0	0.359794	0.289606	0.0701881	0	0	0	
637	0.076695	0.0747712	0.00192381	0	0.336522	0.328081	0.00844134	0	0	0	
638	0.141513	0.0828021	0.058711	0	0.620932	0.363319	0.257612	0	0	0	
639	0.142209	0.0773099	0.064899	0	0.623985	0.339221	0.284764	0	0	0	
640	0.0866385	0.0817381	0.00490034	0	0.380153	0.358651	0.0215017	0	0	0	
641	0.0761967	0.0761967	0	0	0.334336	0.334336	0	0	0	0	
642	0.0643378	0.0640518	0.000285937	0	0.282301	0.281047	0.00125463	0	0	0	
643	0.180452	0.144132	0.03591	0.000409535	0.79179	0.632427	0.157566	0.00179696	0.000450645	0.00197734	
644	0.0994116	0.0836804	0.0157312	0	0.436199	0.367173	0.0690255	0	0	0	
645	0.0839337	0.0816441	0.0022797	9.96567e-06	0.368285	0.358238	0.0100029	4.37274e-05	1.12155e-05	4.92115e-05	
646	0.119299	0.0761573	0.0429633	0.000178965	0.523463	0.334163	0.188514	0.000785265	0.000178928	0.000785103	
647	0.180754	0.125762	0.0519138	0.00307868	0.793116	0.55182	0.227787	0.0135086	0.00437056	0.0191771	
648	0.145305	0.119111	0.0260114	0.000182662	0.637571	0.522637	0.114133	0.000801486	0.000222517	0.000976362	
649	0.0653384	0.0653384	0	0	0.286692	0.286692	0	0	0	0	
650	0.0741171	0.0741171	0	0	0.325211	0.325211	0	0	0	0	
651	0.105016	0.103078	0.00193812	0	0.460792	0.452288	0.00850412	0	0	0	
652	0.108905	0.0837504	0.0248406	0.000314662	0.477857	0.36748	0.108996	0.00138067	0.000394894	0.00173272	
653	0.104823	0.0890246	0.0157988	0	0.459945	0.390623	0.0693223	0	0	0	
654	0.114469	0.0896315	0.0247699	6.80832e-05	0.50227	0.393285	0.108685	0.000298736	0.000149406	0.000655565	
655	0.131985	0.0823289	0.0474865	0.0021698	0.579125	0.361243	0.208361	0.00952067	0.00248618	0.0109088	
656	0.217723	0.120283	0.0953485	0.00209158	0.955326	0.527778	0.418371	0.00917747	0.00343938	0.0150913	
657	0.12956	0.0813704	0.0481903	0	0.568487	0.357037	0.21145	0	0	0	
658	0.107364	0.0765456	0.0308035	1.51231e-05	0.471093	0.335867	0.13516	6.63573e-05	2.27525e-05	9.98336e-05	
659	0.127407	0.0973022	0.0297297	0.000375354	0.559038	0.426943	0.130448	0.00164698	0.000439326	0.00192768	
660	0.162245	0.102072	0.0600043	0.000168565	0.7119	0.447873	0.263287	0.000739634	0.000263209	0.00115491	
661	0.177288	0.0999619	0.0762937	0.00103302	0.777908	0.438613	0.334762	0.00453269	0.00215486	0.0094551	
662	0.114993	0.0817817	0.0329809	0.000230475	0.504567	0.358842	0.144713	0.00101128	0.000367951	0.00161449	
663	0.112423	0.0816988	0.030626	9.87694e-05	0.493293	0.358478	0.134381	0.000433381	0.000243155	0.00106691	
664	0.0991765	0.0887869	0.0103895	0	0.435167	0.38958	0.0455874	0	0	0	
665	0.107949	0.0886799	0.0192571	1.28097e-05	0.473662	0.38911	0.0844964	5.62068e-05	2.82032e-05	0.00012375	
666	0.111085	0.0802783	0.0307538	5.315e-05	0.48742	0.352245	0.134941	0.000233211	0.000103722	0.000455112	
667	0.168134	0.106591	0.0591932	0.00234951	0.737741	0.467704	0.259728	0.0103092	0.00517299	0.022698	
668	0.105054	0.0844552	0.0205908	7.92764e-06	0.460956	0.370573	0.0903487	3.47849e-05	3.85738e-05	0.000169254	
669	0.0450615	0.0442438	0.000817749	0	0.197721	0.194133	0.00358812	0	0	0	
670	0.088347	0.0840246	0.0043113	1.12188e-05	0.387649	0.368683	0.0189171	4.9226e-05	1.27403e-05	5.59021e-05	
671	0.0554552	0.0514998	0.00395524	1.9253e-07	0.243326	0.225971	0.0173548	8.44784e-07	2.32314e-06	1.01935e-05	
672	0.150431	0.113863	0.0365343	3.42632e-05	0.660066	0.49961	0.160305	0.00015034	4.89283e-05	0.000214687	
673	0.146517	0.103181	0.0426147	0.000721524	0.64289	0.452739	0.186985	0.0031659	0.00120593	0.0052914	
674	0.130448	0.0969653	0.0333163	0.000166858	0.572383	0.425465	0.146185	0.000732142	0.000231136	0.00101418	
675	0.113662	0.0825668	0.0310014	9.42597e-05	0.498728	0.362287	0.136028	0.000413593	0.00010532	0.000462125	
676	0.141962	0.111646	0.0299914	0.000324896	0.622905	0.489883	0.131596	0.00142558	0.000396593	0.00174017	
677	0.100505	0.0950182	0.00546332	2.43179e-05	0.441	0.416921	0.023972	0.000106702	2.63574e-05	0.000115651	
678	0.0986914	0.0816754	0.0169732	4.28381e-05	0.433039	0.358376	0.0744753	0.000187965	7.96249e-05	0.000349378	
679	0.133631	0.0925387	0.041093	0	0.58635	0.406041	0.180308	0	0	0	
680	0.127143	0.112275	0.0148678	0	0.557879	0.492641	0.0652372	0	0	0	
681	0.108806	0.0994144	0.00938931	3.12521e-06	0.477423	0.436211	0.0411985	1.37128e-05	9.58965e-06	4.20775e-05	
682	0.101183	0.0993127	0.00187041	0	0.443972	0.435765	0.00820702	0	0	0	
683	0.0996918	0.0927429	0.00694889	0	0.437428	0.406937	0.0304903	0	0	0	
684	0.123243	0.0958845	0.0273164	4.23945e-05	0.540767	0.420722	0.119859	0.000186019	4.23565e-05	0.000185852	
685	0.184704	0.143156	0.0412383	0.00030932	0.810445	0.628142	0.180945	0.00135724	0.000309445	0.00135778	
686	0.107784	0.0920717	0.0152186	0.000494156	0.472937	0.403992	0.0667766	0.00216826	0.000494196	0.00216843	
687	0.082832	0.0791648	0.00366382	3.40179e-06	0.36345	0.347359	0.0160761	1.49264e-05	3.36417e-06	1.47613e-05	
688	0.0658812	0.0653457	0.000535508	0	0.289074	0.286724	0.0023497	0	0	0	
689	0.00747939	0.00727465	0.00020474	0	0.0328181	0.0319197	0.000898363	0	0	0	
690	0.0608859	0.060863	2.28536e-05	0	0.267155	0.267055	0.000100277	0	0	0	
691	0.112899	0.0998074	0.012897	0.000194572	0.495379	0.437935	0.0565896	0.000853747	0.000222482	0.00097621	
692	0.0741705	0.0741705	0	0	0.325446	0.325446	0	0	0	0	
693	0.0916361	0.0806951	0.0109291	1.19699e-05	0.402081	0.354074	0.0479548	5.25216e-05	1.70977e-05	7.50217e-05	
694	0.2113	0.157053	0.0531986	0.00104742	0.927143	0.689122	0.233425	0.00459591	0.00131695	0.00577854	
695	0.0906222	0.0806779	0.00993794	6.45063e-06	0.397633	0.353999	0.0436057	2.83041e-05	1.00512e-05	4.41027e-05	
696	0.213926	0.162485	0.0506095	0.000831177	0.938667	0.712955	0.222065	0.00364704	0.000942779	0.00413673	
697	0.144358	0.0842016	0.0591723	0.000984561	0.633417	0.36946	0.259636	0.00432006	0.00191667	0.00840998	
698	0.251041	0.199147	0.050934	0.000960096	1.10152	0.873819	0.223488	0.00421271	0.000982715	0.00431196	
699	0.290084	0.188514	0.0993686	0.00220161	1.27283	0.827164	0.43601	0.00966027	0.00266261	0.011683	
700	0.0839306	0.0839307	0	0	0.368271	0.368271	0	0	0	0	
701	0.0837846	0.0837846	0	0	0.36763	0.36763	0	0	0	0	
702	0.113954	0.108056	0.00589783	0	0.500011	0.474133	0.0258785	0	0	0	
703	0.0935813	0.0891207	0.00445296	7.66957e-06	0.410616	0.391044	0.0195387	3.36526e-05	7.63209e-06	3.34881e-05	
704	0.095935	0.0807815	0.0151328	2.06182e-05	0.420944	0.354453	0.0664001	9.0469e-05	2.55486e-05	0.000112102	
705	0.098354	0.0895535	0.00880051	0	0.431558	0.392943	0.0386149	0	0	0	
706	0.236703	0.160835	0.0756686	0.000199458	1.03861	0.705716	0.332019	0.000875185	0.000321205	0.00140938	
707	0.0888952	0.0816008	0.00729446	0	0.390055	0.358048	0.0320066	0	0	0	
708	0.081264	0.081264	0	0	0.35657	0.35657	0	0	0	0	
709	0.130143	0.105084	0.0247204	0.000338756	0.571043	0.461088	0.108468	0.00148639	0.000346535	0.00152053	
710	0.133985	0.097578	0.0363727	3.47081e-05	0.587902	0.428153	0.159596	0.000152292	5.57618e-05	0.000244672	
711	0.100586	0.0820013	0.0185847	0	0.441352	0.359806	0.0815462	0	0	0	
712	0.0778224	0.0778224	0	0	0.341469	0.341469	0	0	0	0	
713	0.0923704	0.0796966	0.0126738	0	0.405303	0.349693	0.0556103	0	0	0	
714	0.0948785	0.0830108	0.0118677	0	0.416308	0.364235	0.0520732	0	0	0	
715	0.0717015	0.0711984	0.000503107	0	0.314612	0.312405	0.00220753	0	0	0	
716	0.0843635	0.0762103	0.00812673	2.64441e-05	0.37017	0.334396	0.0356585	0.000116031	2.64063e-05	0.000115865	
717	0.0985996	0.0897294	0.00886495	5.33721e-06	0.432636	0.393715	0.0388976	2.34186e-05	5.29957e-06	2.32535e-05	
718	0.116916	0.109919	0.00695027	4.69444e-05	0.513006	0.482304	0.0304964	0.000205983	4.70335e-05	0.000206374	
719	0.0699338	0.0639563	0.00592703	5.05503e-05	0.306856	0.280628	0.0260066	0.000221805	5.05128e-05	0.00022164	
720	0.0633116	0.0631031	0.000208448	0	0.277799	0.276884	0.000914633	0	0	0	
721	0.126794	0.108067	0.0186343	9.34607e-05	0.556351	0.474178	0.0817637	0.000410087	9.34427e-05	0.000410008	
722	0.0824218	0.0821778	0.000244023	0	0.361651	0.36058	0.00107072	0	0	0	
723	0.112686	0.103716	0.00896538	4.40582e-06	0.494445	0.455088	0.0393383	1.93319e-05	4.3681e-06	1.91664e-05	
724	0.0820503	0.0818062	0.000244023	0	0.36002	0.35895	0.00107072	0	0	0	
725	0.0856455	0.0634085	0.0222369	0	0.375795	0.278224	0.0975715	0	0	0	
726	0.0433282	0.0432298	9.83932e-05	0	0.190115	0.189684	0.00043173	0	0	0	
727	0.0907737	0.0901932	0.000580478	0	0.398297	0.39575	0.00254702	0	0	0	
728	0.099501	0.0866009	0.0127799	0.000120225	0.436591	0.379988	0.056076	0.000527527	0.000123559	0.000542156	
729	0.10683	0.0786672	0.0274036	0.000759175	0.468749	0.345176	0.120241	0.00333111	0.0013185	0.00578533	
730	0.112086	0.106328	0.00575578	1.47838e-06	0.491811	0.46655	0.0252552	6.48686e-06	7.98927e-06	3.50554e-05	
731	0.117339	0.0957378	0.0211763	0.00042497	0.514861	0.420079	0.0929178	0.00186469	0.000440407	0.00193242	
732	0.0835231	0.078436	0.00508706	0	0.366483	0.344162	0.022321	0	0	0	
733	0.106394	0.0932363	0.0130006	0.000157643	0.466839	0.409103	0.0570445	0.000691707	0.000184134	0.000807948	
734	0.114441	0.10831	0.00611462	1.62622e-05	0.502147	0.475246	0.0268297	7.13558e-05	1.73849e-05	7.62816e-05	
735	0.0683294	0.0666305	0.00169891	0	0.299816	0.292361	0.00745451	0	0	0	
736	0.0564374	0.0562558	0.000181543	0	0.247636	0.246839	0.000796576	0	0	0	
737	0.0929924	0.0807396	0.0122528	0	0.408033	0.35427	0.0537629	0	0	0	
738	0.120701	0.114727	0.00591666	5.73821e-05	0.529614	0.503402	0.0259611	0.000251781	6.02192e-05	0.00026423	
739	0.0660262	0.0657189	0.000307241	0	0.28971	0.288362	0.00134811	0	0	0	
740	0.0372557	0.0371992	5.65019e-05	0	0.163471	0.163223	0.000247919	0	0	0	
741	0.091798	0.087578	0.00421968	3.03099e-07	0.402791	0.384275	0.0185151	1.32994e-06	4.03904e-07	1.77225e-06	
742	0.1484	0.12464	0.0237403	1.92953e-05	0.651152	0.546899	0.104168	8.46642e-05	1.92575e-05	8.44985e-05	
743	0.0891272	0.085334	0.00376053	3.27191e-05	0.391073	0.374429	0.0165004	0.000143565	3.26815e-05	0.0001434	
744	0.0583795	0.0561109	0.00226617	2.4345e-06	0.256158	0.246204	0.00994352	1.06821e-05	2.80307e-06	1.22993e-05	
745	0.124013	0.103126	0.0208742	1.25349e-05	0.544145	0.452498	0.091592	5.50007e-05	3.39508e-05	0.000148969	
746	0.0811742	0.0761687	0.00500296	2.55215e-06	0.356176	0.334213	0.021952	1.11983e-05	4.19084e-06	1.83886e-05	
747	0.0864422	0.0853932	0.00104891	0	0.379291	0.374689	0.00460243	0	0	0	
748	0.101694	0.0833462	0.0183484	0	0.446216	0.365707	0.0805092	0	0	0	
749	0.122101	0.113895	0.00818674	1.93884e-05	0.535757	0.49975	0.0359218	8.50726e-05	1.93507e-05	8.49072e-05	
750	0.0929733	0.0832448	0.00972848	0	0.407949	0.365262	0.0426866	0	0	0	
751	0.297039	0.153992	0.124306	0.01874	1.30335	0.675689	0.545434	0.0822278	0.0204835	0.089878	
752	0.0876437	0.0774063	0.0102311	6.23702e-06	0.384563	0.339644	0.0448924	2.73668e-05	6.19878e-06	2.7199e-05	
753	0.103486	0.0937578	0.00972848	0	0.454078	0.411391	0.0426866	0	0	0	
754	0.234478	0.178852	0.0556097	1.57376e-05	1.02884	0.784772	0.244004	6.90535e-05	1.6011e-05	7.02534e-05	
755	0.113619	0.0932781	0.0203412	0	0.498539	0.409286	0.0892532	0	0	0	
756	0.212142	0.115568	0.0965746	0	0.93084	0.50709	0.42375	0	0	0	
757	0.124803	0.0785728	0.0429947	0.00323648	0.547615	0.344762	0.188652	0.014201	0.00330029	0.014481	
758	0.201311	0.129521	0.0717904	0	0.883316	0.568314	0.315002	0	0	0	
759	0.112679	0.0722729	0.0401447	0.000261379	0.494413	0.317119	0.176147	0.00114688	0.000274802	0.00120578	
760	0.114643	0.0878558	0.0267523	3.50946e-05	0.503032	0.385494	0.117384	0.000153988	0.000160366	0.000703658	
761	0.122393	0.111323	0.0109638	0.000105835	0.537038	0.488467	0.0481074	0.000464387	0.000107274	0.000470698	
762	0.0513214	0.0513214	0	0	0.225188	0.225188	0	0	0	0	
763	0.0561178	0.0546486	0.00146917	0	0.246234	0.239787	0.00644644	0	0	0	
764	0.0807662	0.0776835	0.00308271	0	0.354386	0.34086	0.0135263	0	0	0	
765	0.0862673	0.0848731	0.0013942	0	0.378524	0.372406	0.00611748	0	0	0	
766	0.0521748	0.045063	0.00700789	0.000103973	0.228933	0.197727	0.0307492	0.000456216	0.000103936	0.000456051	
767	0.0490464	0.0436914	0.00535502	0	0.215206	0.191709	0.0234968	0	0	0	
768	0.0458776	0.0458776	0	0	0.201302	0.201302	0	0	0	0	
769	0.0743614	0.0531282	0.0210849	0.000148292	0.326283	0.233116	0.0925166	0.000650677	0.000215893	0.000947297	
770	0.0778452	0.0572722	0.020573	0	0.34157	0.251299	0.0902705	0	0	0	
771	0.0973881	0.0792268	0.0181612	0	0.42732	0.347632	0.0796882	0	0	0	
772	0.104596	0.104549	4.73615e-05	0	0.458948	0.458741	0.000207813	0	0	0	
773	0.100713	0.0916548	0.00902	3.84865e-05	0.44191	0.402163	0.039578	0.000168871	3.84489e-05	0.000168706	
774	0.078664	0.0785967	6.73099e-05	0	0.345162	0.344867	0.000295343	0	0	0	
775	0.0765919	0.0765919	0	0	0.33607	0.33607	0	0	0	0	
776	0.0657064	0.0657064	0	0	0.288306	0.288306	0	0	0	0	
777	0.0752484	0.0752484	0	0	0.330175	0.330175	0	0	0	0	
778	0.0934272	0.0934272	0	0	0.40994	0.40994	0	0	0	0	
779	0.150842	0.112125	0.0387173	0	0.661868	0.491984	0.169884	0	0	0	
780	0.0494628	0.0440264	0.00543649	0	0.217033	0.193179	0.0238542	0	0	0	
781	0.0613571	0.0430146	0.0183424	0	0.269223	0.18874	0.0804829	0	0	0	
782	0.105335	0.0963562	0.00897967	0	0.462193	0.422792	0.039401	0	0	0	
783	0.261653	0.136589	0.111939	0.0131238	1.14808	0.599329	0.491169	0.0575849	0.0155193	0.0680957	
784	0.0726587	0.0726587	0	0	0.318812	0.318812	0	0	0	0	
785	0.132069	0.0763073	0.0557623	0	0.579496	0.334821	0.244674	0	0	0	
786	0.136432	0.0961271	0.0402934	1.18878e-05	0.598638	0.421787	0.176799	5.21616e-05	1.18488e-05	5.19903e-05	
787	0.177572	0.0851387	0.0924339	0	0.779154	0.373572	0.405582	0	0	0	
788	0.139774	0.0928228	0.046946	5.34042e-06	0.613302	0.407288	0.20599	2.34327e-05	0.000196131	0.000860585	
789	0.104191	0.104124	6.73099e-05	0	0.457173	0.456878	0.000295343	0	0	0	
790	0.122316	0.0856578	0.0366582	0	0.536699	0.37585	0.160849	0	0	0	
791	0.13088	0.0884687	0.0424119	0	0.574279	0.388183	0.186095	0	0	0	
792	0.0926634	0.0836837	0.00897967	0	0.406589	0.367188	0.039401	0	0	0	
793	0.273272	0.149586	0.114308	0.0093778	1.19906	0.656354	0.501563	0.0411479	0.0128745	0.0564911	
794	0.100796	0.0909781	0.00981804	0	0.442274	0.399194	0.0430796	0	0	0	
795	0.119967	0.107229	0.0127354	2.47407e-06	0.526391	0.4705	0.0558808	1.08557e-05	2.43603e-06	1.06888e-05	
796	0.0952746	0.0952746	0	0	0.418046	0.418046	0	0	0	0	
797	0.0541034	0.0541034	0	0	0.237395	0.237395	0	0	0	0	
798	0.193804	0.105448	0.0868751	0.00148149	0.850378	0.462686	0.381191	0.00650052	0.00241806	0.01061	
799	0.167343	0.131363	0.0359594	2.04379e-05	0.73427	0.576397	0.157783	8.96779e-05	2.04003e-05	8.95129e-05	
800	0.212311	0.161286	0.0510245	0	0.931581	0.707695	0.223885	0	0	0	
801	0.157531	0.0866321	0.0708989	0	0.691215	0.380124	0.31109	0	0	0	
802	0.104402	0.0877245	0.0166758	1.82886e-06	0.458096	0.384918	0.0731702	8.02469e-06	8.59432e-06	3.77102e-05	
803	0.0846278	0.0846278	0	0	0.37133	0.37133	0	0	0	0	
804	0.190079	0.153436	0.0358493	0.000794002	0.834034	0.67325	0.157299	0.00348393	0.000808497	0.00354753	
805	0.200359	0.1462	0.0541497	8.60534e-06	0.879136	0.6415	0.237598	3.77585e-05	1.10335e-05	4.84129e-05	
806	0.133399	0.108643	0.0245876	0.000168689	0.58533	0.476705	0.107885	0.000740176	0.000176372	0.000773887	
807	0.123268	0.121245	0.00201812	4.82335e-06	0.540877	0.532001	0.00885514	2.11639e-05	4.78564e-06	2.09984e-05	
808	0.170165	0.155054	0.0150905	2.06919e-05	0.746653	0.680348	0.0662145	9.07922e-05	2.06547e-05	9.06291e-05	
809	0.175166	0.113995	0.0609149	0.000255974	0.768595	0.500189	0.267283	0.00112316	0.000272761	0.00119682	
810	0.0792846	0.0791893	9.53515e-05	0	0.347885	0.347467	0.000418384	0	0	0	
811	0.118477	0.0986628	0.0197277	8.66687e-05	0.519855	0.432913	0.0865615	0.000380285	9.23032e-05	0.000405008	
812	0.170877	0.113944	0.0566947	0.000238805	0.749778	0.499965	0.248765	0.00104783	0.000910747	0.00399618	
813	0.0657141	0.0649724	0.00074175	0	0.28834	0.285086	0.00325465	0	0	0	
814	0.0984258	0.0827701	0.0156554	3.28626e-07	0.431873	0.363179	0.0686929	1.44194e-06	6.5752e-07	2.88507e-06	
815	0.145822	0.134715	0.0110758	3.107e-05	0.639841	0.591106	0.0485987	0.000136329	3.12751e-05	0.000137229	
816	0.228042	0.158245	0.0694138	0.000382728	1.0006	0.69435	0.304574	0.00167933	0.00066778	0.00293009	
817	0.146655	0.0986995	0.0477936	0.00016228	0.643495	0.433074	0.209709	0.000712054	0.000418	0.0018341	
818	0.184689	0.126194	0.0580362	0.000459744	0.810383	0.553714	0.254651	0.00201727	0.00124432	0.00545984	
819	0.0679983	0.0679983	0	0	0.298363	0.298363	0	0	0	0	
820	0.0962062	0.092163	0.00403873	4.55844e-06	0.422134	0.404393	0.0177211	2.00015e-05	6.28844e-06	2.75924e-05	
821	0.0279988	0.0279893	9.46664e-06	0	0.122853	0.122812	4.15377e-05	0	0	0	
822	0.0943394	0.0855696	0.0087698	0	0.413943	0.375463	0.0384801	0	0	0	
823	0.0658404	0.0599179	0.00592247	0	0.288895	0.262908	0.0259866	0	0	0	
824	0.121437	0.121408	2.89221e-05	0	0.532845	0.532718	0.000126904	0	0	0	
825	0.0801733	0.0797313	0.000442026	0	0.351785	0.349845	0.00193952	0	0	0	
826	0.119214	0.107703	0.0115105	0	0.52309	0.472584	0.050506	0	0	0	
827	0.085834	0.0853631	0.000470815	1.04097e-07	0.376623	0.374556	0.00206584	4.56761e-07	6.6399e-08	2.91346e-07	
828	0.167966	0.105179	0.0625657	0.000220978	0.737003	0.461508	0.274526	0.000969611	0.000440258	0.00193176	
829	0.134483	0.103048	0.0314349	0	0.590087	0.452156	0.13793	0	0	0	
830	0.157744	0.135885	0.0218593	0	0.692153	0.596238	0.0959145	0	0	0	
831	0.102251	0.102119	0.000131478	0	0.448658	0.448081	0.000576903	0	0	0	
832	0.0871549	0.0850783	0.00207508	1.51908e-06	0.382419	0.373307	0.00910507	6.66547e-06	1.77176e-06	7.77416e-06	
833	0.0903838	0.0897048	0.000679003	0	0.396587	0.393607	0.00297933	0	0	0	
834	0.0997134	0.0993322	0.000381	1.96705e-07	0.437523	0.43585	0.00167175	8.63105e-07	2.20552e-07	9.67742e-07	
835	0.099365	0.0979784	0.0013866	0	0.435994	0.42991	0.00608417	0	0	0	
836	0.148912	0.117849	0.031045	1.79982e-05	0.653399	0.517101	0.136219	7.89728e-05	1.92602e-05	8.45103e-05	
837	0.126658	0.121847	0.00478026	3.09535e-05	0.555752	0.534642	0.0209748	0.000135818	3.21754e-05	0.000141179	
838	0.139553	0.0986641	0.0408826	6.77566e-06	0.612334	0.432919	0.179385	2.97303e-05	9.67377e-06	4.24466e-05	
839	0.198021	0.154448	0.0429009	0.000672072	0.86888	0.67769	0.18824	0.00294892	0.000736919	0.00323346	
840	0.109426	0.0776873	0.0317392	0	0.480142	0.340877	0.139265	0	0	0	
841	0.112551	0.0809836	0.0315678	0	0.493854	0.35534	0.138513	0	0	0	
842	0.102137	0.0991954	0.002942	0	0.448159	0.43525	0.0129089	0	0	0	
843	0.138656	0.122971	0.0155332	0.00015186	0.608398	0.539575	0.0681568	0.000666335	0.000162794	0.000714312	
844	0.116524	0.111327	0.00519491	2.24115e-06	0.511286	0.488482	0.0227942	9.83376e-06	2.20352e-06	9.66865e-06	
845	0.191754	0.136188	0.0541012	0.00146464	0.84138	0.597568	0.237385	0.00642658	0.00147038	0.00645177	
846	0.104194	0.0950387	0.00915526	0	0.457183	0.417011	0.0401715	0	0	0	
847	0.127025	0.096908	0.0301008	1.68731e-05	0.557364	0.425213	0.132076	7.4036e-05	1.72124e-05	7.5525e-05	
848	0.106661	0.103868	0.00279253	0	0.468009	0.455755	0.0122531	0	0	0	
849	0.100746	0.0978694	0.00287437	2.32027e-06	0.442054	0.429432	0.0126121	1.01809e-05	2.42001e-06	1.06185e-05	
850	0.0809969	0.0809821	1.47711e-05	0	0.355399	0.355334	6.4813e-05	0	0	0	
851	0.065248	0.065248	0	0	0.286295	0.286295	0	0	0	0	
852	0.0940401	0.0857116	0.00826784	6.06981e-05	0.412629	0.376086	0.0362777	0.000266331	6.83523e-05	0.000299917	
853	0.106509	0.104557	0.00195207	0	0.467343	0.458778	0.00856532	0	0	0	
854	0.0997939	0.0955238	0.00426506	5.11244e-06	0.437876	0.41914	0.0187142	2.24324e-05	8.10082e-06	3.55448e-05	
855	0.107354	0.0942072	0.0129543	0.00019285	0.47105	0.413363	0.0568409	0.000846189	0.000192812	0.000846022	
856	0.115152	0.104723	0.0104283	0	0.505265	0.459507	0.0457576	0	0	0	
857	0.064031	0.064031	0	0	0.280955	0.280955	0	0	0	0	
858	0.105038	0.0862565	0.018777	4.65766e-06	0.460887	0.378476	0.0823898	2.04369e-05	5.55119e-06	2.43575e-05	
859	0.127657	0.11305	0.0146069	0	0.560135	0.496043	0.0640923	0	0	0	
860	0.0953753	0.0849469	0.0104283	0	0.418488	0.37273	0.0457576	0	0	0	
861	0.0871863	0.0871248	6.14879e-05	0	0.382556	0.382287	0.000269797	0	0	0	
862	0.0879576	0.0795971	0.00834344	1.70762e-05	0.38594	0.349256	0.0366094	7.49272e-05	1.79028e-05	7.85542e-05	
863	0.119836	0.116128	0.00370756	0	0.525818	0.50955	0.016268	0	0	0	
864	0.10646	0.0960624	0.0103979	0	0.467127	0.421503	0.045624	0	0	0	
865	0.119418	0.117695	0.00172303	0	0.523986	0.516426	0.00756035	0	0	0	
866	0.0782801	0.076488	0.00179209	0	0.343478	0.335614	0.00786337	0	0	0	
867	0.0871579	0.0871579	0	0	0.382432	0.382432	0	0	0	0	
868	0.103732	0.100623	0.00309346	1.63068e-05	0.455159	0.441514	0.0135735	7.15514e-05	1.62712e-05	7.1395e-05	
869	0.0966379	0.0952505	0.00138498	2.40643e-06	0.424028	0.417941	0.00607704	1.05589e-05	2.36874e-06	1.03936e-05	
870	0.128649	0.127082	0.00156672	0	0.564489	0.557615	0.00687449	0	0	0	
871	0.103837	0.0995642	0.00426836	5.28477e-06	0.45562	0.436868	0.0187287	2.31885e-05	5.24706e-06	2.30231e-05	
872	0.0421932	0.0421932	0	0	0.185135	0.185135	0	0	0	0	
873	0.101004	0.100684	0.00032058	0	0.44319	0.441783	0.00140664	0	0	0	
874	0.0980992	0.0915847	0.00651452	0	0.43044	0.401856	0.0285844	0	0	0	
875	0.0821344	0.0821344	0	0	0.36039	0.36039	0	0	0	0	
876	0.0448078	0.0448078	0	0	0.196608	0.196608	0	0	0	0	
877	0.0953561	0.0883282	0.00701497	1.30173e-05	0.418404	0.387567	0.0307803	5.71175e-05	1.31606e-05	5.77465e-05	
878	0.100155	0.100155	0	0	0.439461	0.439461	0	0	0	0	
879	0.0879364	0.0879364	0	0	0.385847	0.385847	0	0	0	0	
880	0.0897694	0.0883929	0.00137652	0	0.393891	0.387851	0.00603991	0	0	0	
881	0.0803788	0.0799748	0.000403943	0	0.352686	0.350914	0.00177242	0	0	0	
882	0.0913185	0.0901824	0.00113607	0	0.400688	0.395703	0.00498487	0	0	0	
883	0.0604927	0.0597509	0.00074175	0	0.26543	0.262175	0.00325465	0	0	0	
884	0.079463	0.079463	0	0	0.348668	0.348668	0	0	0	0	
885	0.0902681	0.0902681	0	0	0.396079	0.396079	0	0	0	0	
886	0.103681	0.102575	0.00110626	0	0.454934	0.450079	0.00485407	0	0	0	
887	0.0666674	0.0666674	0	0	0.292523	0.292523	0	0	0	0	
888	0.0976408	0.0976408	0	0	0.428429	0.428429	0	0	0	0	
889	0.0651678	0.0651678	0	0	0.285944	0.285944	0	0	0	0	
890	0.0971924	0.0924157	0.00476834	8.43148e-06	0.426461	0.405502	0.0209225	3.69957e-05	8.39374e-06	3.68301e-05	
891	0.0416228	0.0416228	0	0	0.182633	0.182633	0	0	0	0	
892	0.0590455	0.0590455	0	0	0.25908	0.25908	0	0	0	0	
893	0.0876342	0.0876342	0	0	0.384522	0.384522	0	0	0	0	
894	0.0848149	0.0844897	0.000325238	0	0.372151	0.370724	0.00142708	0	0	0	
895	0.0808563	0.0807238	0.000132532	0	0.354782	0.3542	0.000581526	0	0	0	
896	0.0798315	0.0795063	0.000325238	0	0.350285	0.348858	0.00142708	0	0	0	
897	0.0732829	0.072329	0.000953844	0	0.321551	0.317366	0.00418528	0	0	0	
898	0.0737804	0.0737804	0	0	0.323734	0.323734	0	0	0	0	
899	0.0998902	0.0965363	0.00335392	0	0.438299	0.423582	0.0147163	0	0	0	
900	0.0825972	0.0825972	0	0	0.36242	0.36242	0	0	0	0	
901	0.171214	0.113406	0.0569399	0.000867667	0.751256	0.497607	0.249841	0.00380715	0.00116294	0.00510279	
902	0.0759932	0.0759067	8.65137e-05	0	0.333443	0.333064	0.000379605	0	0	0	
903	0.201457	0.117315	0.0795295	0.00461232	0.883957	0.514759	0.34896	0.020238	0.00538049	0.0236085	
904	0.0684961	0.0684961	0	0	0.300547	0.300547	0	0	0	0	
905	0.154906	0.0938542	0.0610522	0	0.679699	0.411814	0.267885	0	0	0	
906	0.182316	0.132063	0.0497916	0.000461492	0.79997	0.579468	0.218476	0.00202493	0.000470295	0.00206356	
907	0.0812577	0.0812355	2.22709e-05	0	0.356543	0.356445	9.77206e-05	0	0	0	
908	0.116821	0.100431	0.0163718	1.77814e-05	0.51259	0.440675	0.0718365	7.80216e-05	2.35373e-05	0.000103277	
909	0.107307	0.106766	0.000540698	0	0.470843	0.46847	0.00237248	0	0	0	
910	0.117736	0.0912663	0.0264572	1.34147e-05	0.516607	0.400459	0.116089	5.88615e-05	1.33771e-05	5.86961e-05	
911	0.119098	0.107926	0.0110273	0.000144196	0.52258	0.473562	0.0483858	0.000632707	0.000154866	0.000679525	
912	0.104311	0.0970801	0.00721458	1.63485e-05	0.457696	0.425968	0.0316562	7.17344e-05	2.41197e-05	0.000105832	
913	0.118524	0.0999446	0.0185155	6.459e-05	0.520063	0.438537	0.0812427	0.000283408	6.81987e-05	0.000299242	
914	0.0776695	0.0776695	0	0	0.340798	0.340798	0	0	0	0	
915	0.101802	0.0928851	0.00891691	0	0.446687	0.407562	0.0391257	0	0	0	
916	0.108214	0.108214	0	0	0.474825	0.474825	0	0	0	0	
917	0.118862	0.0937626	0.0250992	4.51103e-07	0.521544	0.411412	0.11013	1.97935e-06	2.90019e-06	1.27255e-05	
918	0.126025	0.0900923	0.0357157	0.000217555	0.552975	0.395307	0.156713	0.000954591	0.000674635	0.00296017	
919	0.0918082	0.0873508	0.00445739	0	0.402836	0.383278	0.0195581	0	0	0	
920	0.119709	0.0869109	0.0327082	9.0821e-05	0.525264	0.381348	0.143517	0.000398505	0.000198607	0.000871449	
921	0.0388076	0.0388076	0	0	0.17028	0.17028	0	0	0	0	
922	0.0194509	0.0193929	5.80191e-05	0	0.0853471	0.0850925	0.000254576	0	0	0	
923	0.0618977	0.059969	0.00192688	1.89413e-06	0.271595	0.263132	0.00845479	8.31108e-06	1.94743e-06	8.54498e-06	
924	0.057589	0.0523633	0.00522572	0	0.252689	0.22976	0.0229294	0	0	0	
925	0.0476488	0.0454252	0.00222357	0	0.209073	0.199317	0.0097566	0	0	0	
926	0.0639138	0.059602	0.00431179	0	0.280441	0.261522	0.0189193	0	0	0	
927	0.0800401	0.0783172	0.00172292	0	0.3512	0.34364	0.00755984	0	0	0	
928	0.101911	0.096408	0.0055035	0	0.447168	0.423019	0.0241483	0	0	0	
929	0.0438051	0.0435771	0.000228028	0	0.192208	0.191207	0.00100054	0	0	0	
930	0.0760024	0.0757744	0.000228028	0	0.333484	0.332483	0.00100054	0	0	0	
931	0.0924883	0.0836943	0.00870591	8.81333e-05	0.405821	0.367234	0.0381998	0.000386712	8.80954e-05	0.000386545	
932	0.0873766	0.085277	0.00209957	0	0.383391	0.374179	0.00921251	0	0	0	
933	0.048364	0.048364	0	0	0.212212	0.212212	0	0	0	0	
934	0.0460803	0.0460803	0	0	0.202191	0.202191	0	0	0	0	
935	0.089682	0.0787745	0.0108973	1.02847e-05	0.393507	0.345647	0.0478154	4.51276e-05	1.21988e-05	5.35261e-05	
936	0.0775559	0.0768494	0.000706523	0	0.3403	0.3372	0.00310009	0	0	0	
937	0.0627409	0.0627409	0	0	0.275295	0.275295	0	0	0	0	
938	0.0682538	0.0682538	0	0	0.299484	0.299484	0	0	0	0	
939	0.0748755	0.0739093	0.000966178	0	0.328539	0.324299	0.0042394	0	0	0	
940	0.0762491	0.0755159	0.000733217	0	0.334566	0.331349	0.00321721	0	0	0	
941	0.0696805	0.0696805	0	0	0.305744	0.305744	0	0	0	0	
942	0.07182	0.07182	0	0	0.315132	0.315132	0	0	0	0	
943	0.0813461	0.0813461	0	0	0.356931	0.356931	0	0	0	0	
944	0.0649116	0.0645006	0.000410981	0	0.284819	0.283016	0.0018033	0	0	0	
945	0.0642163	0.0642163	0	0	0.281769	0.281769	0	0	0	0	
946	0.0665457	0.0665457	0	0	0.291989	0.291989	0	0	0	0	
947	0.0971674	0.0971674	0	0	0.426351	0.426351	0	0	0	0	
948	0.0676172	0.0550261	0.0125911	0	0.296691	0.241444	0.0552473	0	0	0	
949	0.0656554	0.0656554	0	0	0.288083	0.288083	0	0	0	0	
950	0.0873435	0.0873435	0	0	0.383246	0.383246	0	0	0	0	
951	0.118265	0.117709	0.000555196	0	0.518924	0.516488	0.00243609	0	0	0	
952	0.0509657	0.0502325	0.000733217	0	0.223627	0.22041	0.00321721	0	0	0	
953	0.054095	0.054095	0	0	0.237358	0.237358	0	0	0	0	
954	0.0880705	0.0876882	0.000382279	0	0.386436	0.384759	0.00167736	0	0	0	
955	0.0904134	0.0904134	0	0	0.396716	0.396716	0	0	0	0	
956	0.0533616	0.0504408	0.00292079	0	0.23414	0.221324	0.0128158	0	0	0	
957	0.0801496	0.0801496	0	0	0.351681	0.351681	0	0	0	0	
958	0.0839333	0.0703429	0.0135904	0	0.368283	0.308651	0.0596322	0	0	0	
959	0.092288	0.092288	0	0	0.404941	0.404941	0	0	0	0	
960	0.0575018	0.0575018	0	0	0.252306	0.252306	0	0	0	0	
961	0.0785297	0.0760278	0.00250186	0	0.344573	0.333595	0.0109777	0	0	0	
962	0.099421	0.0993945	2.65597e-05	0	0.43624	0.436123	0.000116539	0	0	0	
963	0.147873	0.147835	3.80267e-05	0	0.648839	0.648673	0.000166854	0	0	0	
964	0.106215	0.105833	0.000382279	0	0.466052	0.464375	0.00167736	0	0	0	
965	0.152304	0.09758	0.0547246	0	0.668283	0.428162	0.240121	0	0	0	
966	0.157824	0.10309	0.0547312	2.49072e-06	0.692503	0.452342	0.24015	1.09288e-05	2.45061e-06	1.07528e-05	
967	0.0449562	0.0449562	0	0	0.197259	0.197259	0	0	0	0	
968	0.0716565	0.0716566	0	0	0.314415	0.314415	0	0	0	0	
969	0.192118	0.180356	0.0117615	0	0.842977	0.79137	0.0516074	0	0	0	
970	0.185503	0.176094	0.00940693	1.66357e-06	0.813952	0.772669	0.0412757	7.29942e-06	1.97407e-06	8.66184e-06	
