Node	dPC	dPCintra	dPCflux	dPCconnector	varPC	varPCintra	varPCflux	varPCconnector	dBC_PC	varBC_PC	
1	0.169677	0.166062	0.00361459	0	0.752663	0.736629	0.0160338	0	0	0	
2	0.0857089	0.0835948	0.00211412	0	0.380191	0.370813	0.00937794	0	0	0	
3	0.093922	0.0818945	0.0120274	0	0.416623	0.363271	0.0533519	0	0	0	
4	0.0574905	0.0574905	0	0	0.255019	0.255019	0	0	0	0	
5	0.113846	0.106382	0.0074633	1.15085e-06	0.505005	0.471894	0.0331061	5.10501e-06	1.46589e-06	6.50249e-06	
6	0.0913854	0.0896044	0.00177527	5.72449e-06	0.405372	0.397471	0.00787484	2.5393e-05	5.70435e-06	2.53036e-05	
7	0.0884525	0.086302	0.0021505	0	0.392361	0.382822	0.0095393	0	0	0	
8	0.12285	0.103135	0.0197142	0	0.544944	0.457494	0.0874493	0	0	0	
9	0.0879905	0.0867317	0.00125608	2.74198e-06	0.390312	0.384729	0.00557181	1.2163e-05	3.76865e-06	1.67171e-05	
10	0.0624933	0.0594177	0.00306032	1.53028e-05	0.277211	0.263568	0.0135751	6.7881e-05	1.8439e-05	8.17928e-05	
11	0.0828764	0.0793085	0.00356792	0	0.367627	0.3518	0.0158267	0	0	0	
12	0.0961571	0.0947132	0.00144353	4.20465e-07	0.426538	0.420133	0.00640329	1.86511e-06	4.00321e-07	1.77576e-06	
13	0.103334	0.103334	0	0	0.458377	0.458377	0	0	0	0	
14	0.0836934	0.0836895	3.84503e-06	0	0.371251	0.371234	1.70559e-05	0	0	0	
15	0.0947712	0.0930392	0.00173194	0	0.42039	0.412708	0.00768266	0	0	0	
16	0.0735366	0.0735366	0	0	0.326197	0.326197	0	0	0	0	
17	0.0892134	0.0847849	0.00440442	2.40781e-05	0.395737	0.376093	0.0195373	0.000106807	2.40581e-05	0.000106718	
18	0.0734899	0.0724033	0.0010826	3.99061e-06	0.32599	0.32117	0.00480228	1.77017e-05	3.97043e-06	1.76122e-05	
19	0.0906346	0.0845974	0.00601257	2.46171e-05	0.402041	0.375261	0.0266708	0.000109197	2.45971e-05	0.000109109	
20	0.0593284	0.0593284	0	0	0.263171	0.263171	0	0	0	0	
21	0.0850171	0.0820367	0.00298043	0	0.377123	0.363902	0.0132207	0	0	0	
22	0.0899588	0.0878776	0.00208115	0	0.399043	0.389811	0.00923169	0	0	0	
23	0.0978322	0.0952967	0.00253135	4.17511e-06	0.433969	0.422722	0.0112287	1.85201e-05	4.2656e-06	1.89215e-05	
24	0.0683746	0.0653203	0.00305435	0	0.303299	0.289751	0.0135486	0	0	0	
25	0.126471	0.115939	0.010363	0.000168575	0.561008	0.514291	0.045969	0.000747774	0.000168555	0.000747685	
26	0.0855379	0.0845804	0.000957598	0	0.379433	0.375185	0.00424776	0	0	0	
27	0.0859798	0.0765042	0.00931277	0.000162832	0.381393	0.339361	0.04131	0.0007223	0.000166325	0.000737793	
28	0.062334	0.062334	0	0	0.276504	0.276504	0	0	0	0	
29	0.104253	0.101633	0.00261969	0	0.46245	0.450829	0.0116205	0	0	0	
30	0.174539	0.149372	0.025026	0.000141765	0.774232	0.662592	0.111011	0.000628849	0.000146256	0.000648773	
31	0.141352	0.138907	0.00244515	0	0.62702	0.616173	0.0108463	0	0	0	
32	0.146754	0.139372	0.00738197	0	0.650981	0.618236	0.0327453	0	0	0	
33	0.0778929	0.0769208	0.000972133	0	0.345521	0.341209	0.00431223	0	0	0	
34	0.108295	0.0975015	0.0107664	2.70991e-05	0.48038	0.432502	0.0477584	0.000120207	2.70788e-05	0.000120117	
35	0.0690355	0.0611826	0.00772676	0.000126175	0.306231	0.271396	0.0342747	0.000559694	0.000128238	0.000568846	
36	0.0833184	0.0814508	0.00186762	0	0.369588	0.361303	0.0082845	0	0	0	
37	0.167987	0.0953253	0.0726552	6.45915e-06	0.745164	0.422848	0.322287	2.86518e-05	4.23246e-05	0.000187745	
38	0.0800436	0.0786981	0.00134544	0	0.355061	0.349093	0.00596817	0	0	0	
39	0.0909423	0.0842033	0.00673734	1.73537e-06	0.403406	0.373513	0.0298858	7.69787e-06	1.88303e-06	8.35285e-06	
40	0.102787	0.101316	0.00146965	1.55137e-06	0.45595	0.449424	0.00651916	6.88167e-06	1.55962e-06	6.91827e-06	
41	0.100275	0.0962731	0.00400236	1.32963e-07	0.444807	0.427053	0.0177538	5.89805e-07	1.28709e-07	5.70936e-07	
42	0.0752283	0.074203	0.00102507	1.82861e-07	0.333701	0.329153	0.00454709	8.11147e-07	7.19251e-07	3.19048e-06	
43	0.058304	0.0555305	0.00277352	0	0.258628	0.246325	0.0123029	0	0	0	
44	0.0661422	0.0648337	0.00130846	0	0.293396	0.287592	0.00580414	0	0	0	
45	0.054752	0.0523271	0.00242489	0	0.242871	0.232115	0.0107564	0	0	0	
46	0.0934264	0.0854309	0.00796866	2.68514e-05	0.414425	0.378958	0.0353477	0.000119108	3.00508e-05	0.000133301	
47	0.13756	0.135332	0.00222867	0	0.610198	0.600312	0.00988607	0	0	0	
48	0.110123	0.0853346	0.024789	0	0.488491	0.378531	0.10996	0	0	0	
49	0.16567	0.158938	0.00673266	0	0.73489	0.705025	0.029865	0	0	0	
50	0.0980969	0.0956123	0.0024751	9.46496e-06	0.435143	0.424122	0.0109791	4.19851e-05	9.44681e-06	4.19046e-05	
51	0.0854469	0.084976	0.000470864	0	0.379029	0.376941	0.00208868	0	0	0	
52	0.0787766	0.0765135	0.00226312	0	0.349441	0.339402	0.0100388	0	0	0	
53	0.0979497	0.0953126	0.00263686	2.64564e-07	0.43449	0.422792	0.0116967	1.17356e-06	3.13956e-07	1.39266e-06	
54	0.0927408	0.0910883	0.00165107	1.53246e-06	0.411384	0.404053	0.00732392	6.79778e-06	3.18373e-06	1.41225e-05	
55	0.100752	0.0931052	0.00761781	2.90008e-05	0.44692	0.413	0.0337914	0.000128643	3.70765e-05	0.000164465	
56	0.119157	0.112465	0.00669137	1.0308e-06	0.528565	0.498879	0.0296819	4.57249e-06	7.047e-06	3.12594e-05	
57	0.102354	0.101156	0.0011974	6.05974e-07	0.454027	0.448712	0.00531148	2.68801e-06	6.01234e-07	2.66698e-06	
58	0.121902	0.0916948	0.0301277	8.01075e-05	0.540741	0.406744	0.133642	0.000355344	0.000280764	0.00124542	
59	0.171078	0.112512	0.058566	3.15547e-07	0.758879	0.499087	0.259789	1.39972e-06	4.05992e-06	1.80092e-05	
60	0.0758514	0.0739082	0.00194225	9.24772e-07	0.336465	0.327845	0.00861553	4.10214e-06	1.18538e-06	5.25819e-06	
61	0.0880318	0.0875016	0.000530252	0	0.390496	0.388143	0.00235211	0	0	0	
62	0.0995627	0.0938096	0.00574839	4.6772e-06	0.441645	0.416125	0.025499	2.07473e-05	6.88416e-06	3.05371e-05	
63	0.119253	0.0942963	0.0248773	7.993e-05	0.52899	0.418284	0.110352	0.000354557	0.00012047	0.00053439	
64	0.0982848	0.0972137	0.00107073	3.65327e-07	0.435976	0.431225	0.00474961	1.62053e-06	3.45131e-07	1.53094e-06	
65	0.110117	0.102987	0.00709507	3.4272e-05	0.488462	0.456837	0.0314726	0.000152025	3.57818e-05	0.000158723	
66	0.112728	0.101333	0.0113913	3.62231e-06	0.500047	0.449501	0.0505303	1.6068e-05	4.74752e-06	2.10592e-05	
67	0.174438	0.137889	0.0365318	1.74153e-05	0.773781	0.611654	0.162049	7.72518e-05	2.21869e-05	9.8418e-05	
68	0.104016	0.0801845	0.0237773	5.42432e-05	0.461399	0.355686	0.105472	0.000240614	6.81172e-05	0.000302157	
69	0.117739	0.114206	0.00352005	1.31996e-05	0.522276	0.506603	0.0156144	5.85515e-05	1.48781e-05	6.59973e-05	
70	0.0788588	0.0766518	0.00220703	0	0.349805	0.340015	0.00979005	0	0	0	
71	0.0640642	0.0443603	0.0196978	5.96074e-06	0.284179	0.196775	0.0873768	2.64409e-05	8.91116e-06	3.95285e-05	
72	0.16703	0.12998	0.0368923	0.000157413	0.740922	0.576575	0.163648	0.000698264	0.000190831	0.000846497	
73	0.0812646	0.0598918	0.0213697	3.0967e-06	0.360477	0.265671	0.0947928	1.37365e-05	2.46183e-05	0.000109203	
74	0.130578	0.106399	0.0241383	4.08223e-05	0.579228	0.471973	0.107073	0.000181081	4.69916e-05	0.000208447	
75	0.178769	0.14336	0.0351061	0.000302302	0.792993	0.635927	0.155725	0.00134096	0.000379941	0.00168536	
76	0.158437	0.140805	0.0174254	0.000206064	0.702803	0.624593	0.0772964	0.000914071	0.000236626	0.00104964	
77	0.0897801	0.0892844	0.000495684	0	0.398251	0.396052	0.00219878	0	0	0	
78	0.153695	0.0983534	0.0552328	0.000109535	0.681771	0.436281	0.245004	0.000485884	0.000137063	0.000607994	
79	0.153042	0.136516	0.0163543	0.000171117	0.678872	0.605568	0.0725453	0.000759053	0.000205504	0.000911585	
80	0.139155	0.124676	0.0144035	7.56951e-05	0.617272	0.553044	0.0638919	0.000335772	9.91917e-05	0.000439999	
81	0.108565	0.105805	0.00276029	0	0.481581	0.469337	0.0122442	0	0	0	
82	0.273337	0.160482	0.11112	0.0017349	1.21248	0.711875	0.492911	0.00769577	0.002434	0.0107968	
83	0.156762	0.124669	0.0320014	9.1903e-05	0.695374	0.553012	0.141953	0.000407668	0.000112947	0.000501016	
84	0.1285	0.0957813	0.0327191	0	0.570008	0.424871	0.145137	0	0	0	
85	0.152365	0.100681	0.0516839	0	0.675871	0.446609	0.229262	0	0	0	
86	0.170692	0.145595	0.0249991	9.76809e-05	0.757165	0.645839	0.110892	0.000433297	0.000227741	0.00101022	
87	0.0796624	0.0772799	0.0023825	0	0.35337	0.342802	0.0105684	0	0	0	
88	0.0849826	0.0812861	0.00368563	1.08884e-05	0.37697	0.360573	0.0163489	4.82994e-05	1.16715e-05	5.1773e-05	
89	0.0778484	0.076631	0.0012174	0	0.345324	0.339923	0.00540022	0	0	0	
90	0.10641	0.0983859	0.00801153	1.32174e-05	0.472021	0.436425	0.0355379	5.86304e-05	1.64661e-05	7.30412e-05	
91	0.108143	0.101943	0.00619861	6.61781e-07	0.479706	0.452207	0.027496	2.93556e-06	1.11331e-06	4.93849e-06	
92	0.0859967	0.0835119	0.00248094	3.90957e-06	0.381468	0.370446	0.0110051	1.73422e-05	4.96128e-06	2.20075e-05	
93	0.0960877	0.0898957	0.00618841	3.57727e-06	0.42623	0.398764	0.0274508	1.58682e-05	6.2117e-06	2.75542e-05	
94	0.0914636	0.0854131	0.00605053	0	0.405719	0.378879	0.0268392	0	0	0	
95	0.156855	0.130956	0.0258987	6.31929e-08	0.695785	0.580902	0.114882	2.80314e-07	2.95415e-07	1.31041e-06	
96	0.192131	0.158939	0.0331427	4.9703e-05	0.852267	0.70503	0.147016	0.000220475	6.59036e-05	0.000292338	
97	0.11777	0.0943374	0.0234117	2.09142e-05	0.52241	0.418466	0.10385	9.27724e-05	2.12558e-05	9.42875e-05	
98	0.113696	0.0892649	0.0244318	0	0.504342	0.395965	0.108376	0	0	0	
99	0.108976	0.100081	0.00889409	1.41848e-06	0.483405	0.443946	0.0394528	6.29217e-06	2.07738e-06	9.21495e-06	
100	0.100036	0.0920122	0.0080197	4.17323e-06	0.443745	0.408152	0.0355742	1.85118e-05	5.80574e-06	2.57534e-05	
101	0.148301	0.144355	0.00394566	0	0.657841	0.640339	0.0175023	0	0	0	
102	0.16216	0.107303	0.0548237	3.35628e-05	0.719321	0.475982	0.243189	0.000148879	3.54585e-05	0.000157288	
103	0.0763887	0.0733498	0.00303893	0	0.338848	0.325368	0.0134802	0	0	0	
104	0.107373	0.0833353	0.0239823	5.62253e-05	0.476294	0.369662	0.106382	0.000249407	0.00016823	0.000746244	
105	0.0947869	0.0862538	0.00842336	0.000109814	0.42046	0.382608	0.0373647	0.000487122	0.000110829	0.000491624	
106	0.134816	0.111576	0.0232393	4.13404e-07	0.598026	0.494938	0.103086	1.83379e-06	5.19689e-07	2.30526e-06	
107	0.210282	0.146749	0.0631353	0.000397047	0.93278	0.65096	0.280058	0.00176124	0.000462353	0.00205093	
108	0.103336	0.0969517	0.00637957	5.61559e-06	0.458386	0.430063	0.0282988	2.49099e-05	6.96231e-06	3.08837e-05	
109	0.136777	0.108142	0.028617	1.79731e-05	0.606723	0.479703	0.12694	7.97263e-05	2.85547e-05	0.000126664	
110	0.119659	0.108664	0.010995	7.47519e-08	0.530791	0.482018	0.0487725	3.31588e-07	3.26303e-07	1.44743e-06	
111	0.104509	0.0962696	0.00823394	6.01138e-06	0.463588	0.427037	0.0365245	2.66656e-05	8.05694e-06	3.57393e-05	
112	0.103822	0.0948435	0.00896739	1.13289e-05	0.460539	0.420711	0.0397779	5.02532e-05	1.57389e-05	6.98157e-05	
113	0.0963542	0.0918103	0.00453423	9.71764e-06	0.427412	0.407256	0.0201131	4.31059e-05	1.10879e-05	4.91845e-05	
114	0.150814	0.124202	0.0262082	0.000402993	0.668988	0.550944	0.116255	0.00178761	0.000412535	0.00182994	
115	0.110834	0.106856	0.0039776	0	0.491643	0.473999	0.017644	0	0	0	
116	0.122307	0.114406	0.00788401	1.67193e-05	0.542535	0.507489	0.0349723	7.41643e-05	2.10693e-05	9.34605e-05	
117	0.104418	0.0968938	0.00752197	2.75284e-06	0.463184	0.429806	0.0333663	1.22112e-05	4.68798e-06	2.07951e-05	
118	0.103196	0.101648	0.00154802	2.0307e-07	0.457762	0.450895	0.00686678	9.00791e-07	3.81148e-07	1.69071e-06	
119	0.117795	0.113602	0.00419196	1.45227e-06	0.522524	0.503922	0.0185949	6.44209e-06	1.55074e-06	6.87885e-06	
120	0.106856	0.0961656	0.0106397	5.12936e-05	0.473999	0.426576	0.0471962	0.00022753	6.89534e-05	0.000305866	
121	0.0888196	0.08435	0.0044696	0	0.39399	0.374163	0.0198264	0	0	0	
122	0.180241	0.157699	0.0223365	0.000205391	0.799522	0.69953	0.0990817	0.000911084	0.000233763	0.00103693	
123	0.111916	0.106991	0.0049256	0	0.496445	0.474595	0.0218492	0	0	0	
124	0.162059	0.0963575	0.061804	0.00389798	0.718871	0.427427	0.274153	0.0172908	0.00559424	0.0248152	
125	0.106752	0.1034	0.0033526	0	0.473538	0.458667	0.0148716	0	0	0	
126	0.143924	0.104351	0.0387807	0.000792086	0.638425	0.462886	0.172025	0.00351357	0.00116067	0.00514857	
127	0.213029	0.191609	0.0213868	3.36447e-05	0.944967	0.849949	0.0948688	0.000149243	3.67517e-05	0.000163025	
128	0.134921	0.120653	0.0142577	1.01653e-05	0.59849	0.5352	0.0632454	4.5092e-05	1.03856e-05	4.60691e-05	
129	0.124471	0.118051	0.00641895	1.74202e-06	0.552137	0.523656	0.0284735	7.72734e-06	1.86981e-06	8.2942e-06	
130	0.0969885	0.0962415	0.000746951	0	0.430226	0.426912	0.00331336	0	0	0	
131	0.131116	0.12463	0.00648142	4.50028e-06	0.581611	0.55284	0.0287506	1.99625e-05	7.48444e-06	3.31998e-05	
132	0.113239	0.085158	0.0280686	1.28044e-05	0.502313	0.377748	0.124508	5.67984e-05	1.77285e-05	7.8641e-05	
133	0.13547	0.11081	0.0245338	0.000125937	0.600926	0.491539	0.108828	0.000558638	0.000224563	0.00099613	
134	0.0961369	0.0956379	0.000498893	8.36602e-08	0.426448	0.424235	0.00221301	3.71104e-07	1.74062e-07	7.72115e-07	
135	0.071562	0.0705547	0.00100725	0	0.317438	0.31297	0.00446802	0	0	0	
136	0.105038	0.10351	0.0015274	1.05644e-06	0.465936	0.459156	0.00677534	4.68623e-06	1.03631e-06	4.59692e-06	
137	0.110585	0.102116	0.00841176	5.63718e-05	0.490538	0.452975	0.0373133	0.000250057	6.61535e-05	0.000293446	
138	0.11121	0.104346	0.00686292	8.37181e-07	0.493312	0.462865	0.0304428	3.7136e-06	1.24206e-06	5.50959e-06	
139	0.109963	0.106208	0.0037551	3.15458e-07	0.487783	0.471125	0.016657	1.39932e-06	5.64232e-07	2.50284e-06	
140	0.139313	0.121056	0.0182401	1.69653e-05	0.617974	0.536989	0.0809106	7.52557e-05	2.69092e-05	0.000119365	
141	0.100624	0.0930262	0.00759822	0	0.446354	0.41265	0.0337045	0	0	0	
142	0.088066	0.0834329	0.00463309	0	0.390647	0.370095	0.0205516	0	0	0	
143	0.1579	0.154803	0.00309728	0	0.700422	0.686683	0.013739	0	0	0	
144	0.0998302	0.0987701	0.0010601	0	0.442831	0.438129	0.00470247	0	0	0	
145	0.0918644	0.0867757	0.00508865	0	0.407496	0.384924	0.0225725	0	0	0	
146	0.0630249	0.061198	0.00182554	1.3731e-06	0.279569	0.271465	0.00809783	6.09089e-06	1.36948e-06	6.07484e-06	
147	0.0747018	0.0727158	0.00198601	0	0.331366	0.322556	0.00880967	0	0	0	
148	0.114251	0.10785	0.0063983	2.84433e-06	0.506803	0.478408	0.0283818	1.2617e-05	3.46417e-06	1.53665e-05	
149	0.114421	0.0999519	0.0144538	1.53973e-05	0.507554	0.443371	0.0641152	6.83004e-05	3.85472e-05	0.000170989	
150	0.0960516	0.082639	0.0134126	0	0.42607	0.366574	0.0594964	0	0	0	
151	0.137182	0.124504	0.012654	2.36771e-05	0.60852	0.552284	0.0561315	0.000105028	3.54091e-05	0.000157069	
152	0.0984972	0.0848105	0.0136637	2.29365e-05	0.436918	0.376206	0.0606104	0.000101743	4.6286e-05	0.000205317	
153	0.14087	0.135697	0.00517286	0	0.62488	0.601934	0.022946	0	0	0	
154	0.105939	0.0977762	0.00816336	0	0.469932	0.43372	0.0362114	0	0	0	
155	0.114737	0.0919147	0.0228215	9.00452e-07	0.508956	0.407719	0.101233	3.99426e-06	1.67729e-06	7.44022e-06	
156	0.113421	0.0948272	0.0185936	3.23283e-07	0.503119	0.420639	0.0824786	1.43403e-06	3.42561e-07	1.51955e-06	
157	0.0893837	0.0884273	0.000956383	0	0.396492	0.39225	0.00424237	0	0	0	
158	0.107485	0.103598	0.00388695	6.59164e-08	0.476791	0.459549	0.0172419	2.92395e-07	4.57094e-08	2.0276e-07	
159	0.102122	0.099367	0.00275349	1.82208e-06	0.452999	0.440777	0.0122141	8.08247e-06	1.80191e-06	7.99304e-06	
160	0.170986	0.15598	0.014992	1.36421e-05	0.758468	0.691905	0.0665024	6.05143e-05	3.23577e-05	0.000143534	
161	0.197618	0.174169	0.0232698	0.00017911	0.876606	0.77259	0.103221	0.000794505	0.000223115	0.000989704	
162	0.116073	0.0944052	0.0216233	4.52309e-05	0.514885	0.418767	0.0959178	0.000200637	8.08242e-05	0.000358524	
163	0.0912516	0.0786918	0.0125597	0	0.404778	0.349065	0.0557133	0	0	0	
164	0.129867	0.0899163	0.0399142	3.70433e-05	0.576072	0.398855	0.177053	0.000164318	4.64707e-05	0.000206137	
165	0.154959	0.115471	0.0394019	8.65187e-05	0.687378	0.512213	0.174781	0.000383784	0.00015241	0.00067607	
166	0.100658	0.0976426	0.00301559	0	0.446504	0.433127	0.0133767	0	0	0	
167	0.1051	0.0973383	0.00775788	4.51861e-06	0.46621	0.431778	0.0344128	2.00438e-05	5.72933e-06	2.54144e-05	
168	0.107276	0.0982859	0.00898498	5.82855e-06	0.475863	0.435981	0.039856	2.58545e-05	7.86557e-06	3.48905e-05	
169	0.0993701	0.0950009	0.00433127	3.7957e-05	0.44079	0.421409	0.0192128	0.000168371	3.79368e-05	0.000168282	
170	0.142981	0.108935	0.0333895	0.000657025	0.634246	0.483221	0.14811	0.00291446	0.000861138	0.00381987	
171	0.240306	0.19584	0.0444619	3.62687e-06	1.06596	0.86872	0.197226	1.60882e-05	5.39812e-06	2.39452e-05	
172	0.136236	0.122452	0.013784	0	0.604325	0.543181	0.061144	0	0	0	
173	0.188147	0.136041	0.0509182	0.00118732	0.834591	0.603459	0.225865	0.0052668	0.00138849	0.00615914	
174	0.122283	0.113553	0.00873003	2.32748e-07	0.542432	0.503706	0.0387251	1.03243e-06	2.36959e-07	1.05111e-06	
175	0.104084	0.0965198	0.00756482	0	0.461703	0.428147	0.0335564	0	0	0	
176	0.109989	0.0951033	0.0148362	5.01821e-05	0.487898	0.421864	0.0658113	0.0002226	6.82172e-05	0.000302601	
177	0.177799	0.142197	0.0351783	0.000423626	0.78869	0.630765	0.156045	0.00187914	0.000448339	0.00198876	
178	0.130989	0.106731	0.0241813	7.64761e-05	0.58105	0.473446	0.107265	0.000339236	0.000127239	0.000564416	
179	0.167272	0.140831	0.0264215	1.9473e-05	0.741995	0.624706	0.117202	8.63793e-05	2.25153e-05	9.98748e-05	
180	0.120356	0.101727	0.0182566	0.000372076	0.533881	0.451247	0.0809836	0.00165047	0.000376322	0.0016693	
181	0.128231	0.125698	0.00253315	0	0.568815	0.557578	0.0112366	0	0	0	
182	0.106803	0.0997133	0.00708995	0	0.473763	0.442313	0.0314499	0	0	0	
183	0.116706	0.111852	0.00485451	5.88394e-08	0.517692	0.496158	0.0215338	2.61002e-07	2.54454e-07	1.12871e-06	
184	0.0970961	0.0882849	0.00881112	6.81251e-08	0.430703	0.391618	0.0390848	3.02192e-07	5.00782e-07	2.22139e-06	
185	0.0931838	0.0828233	0.0103605	0	0.413349	0.367391	0.0459577	0	0	0	
186	0.134423	0.114142	0.0202775	4.17176e-06	0.596283	0.506316	0.0899482	1.85053e-05	5.97489e-06	2.65037e-05	
187	0.0897175	0.0885361	0.00118144	0	0.397973	0.392732	0.00524069	0	0	0	
188	0.0855096	0.0809157	0.00459036	3.58881e-06	0.379307	0.358929	0.0203621	1.59194e-05	4.55976e-06	2.02264e-05	
189	0.112348	0.102595	0.00974793	5.39741e-06	0.498362	0.455098	0.0432403	2.39421e-05	8.0677e-06	3.57871e-05	
190	0.0715264	0.0595534	0.0119626	1.02894e-05	0.31728	0.26417	0.0530646	4.56422e-05	2.27002e-05	0.000100694	
191	0.329808	0.213973	0.113162	0.0026722	1.46297	0.949155	0.50197	0.0118534	0.00290226	0.012874	
192	0.0732064	0.0732064	0	0	0.324732	0.324732	0	0	0	0	
193	0.11876	0.11876	0	0	0.526805	0.526805	0	0	0	0	
194	0.147564	0.121434	0.0258952	0.00023526	0.654575	0.538664	0.114867	0.00104357	0.000249049	0.00110474	
195	0.0889973	0.0888822	0.000115011	0	0.394778	0.394268	0.000510172	0	0	0	
196	0.0896615	0.0896615	0	0	0.397725	0.397725	0	0	0	0	
197	0.0659616	0.0561918	0.00976975	0	0.292595	0.249258	0.0433371	0	0	0	
198	0.150538	0.114642	0.035414	0.00048168	0.667766	0.508538	0.157091	0.00213666	0.000753151	0.00334086	
199	0.133825	0.11468	0.0191452	0	0.593629	0.508704	0.0849252	0	0	0	
200	0.110119	0.0874741	0.0226449	0	0.488471	0.388022	0.100449	0	0	0	
201	0.142341	0.100887	0.041059	0.000395261	0.631406	0.447521	0.182131	0.00175331	0.000674529	0.0029921	
202	0.106173	0.106173	0	0	0.470968	0.470968	0	0	0	0	
203	0.0969162	0.0947698	0.00214641	0	0.429905	0.420384	0.00952117	0	0	0	
204	0.164889	0.134162	0.0306819	4.57306e-05	0.731426	0.595122	0.1361	0.000202854	6.53746e-05	0.000289992	
205	0.119231	0.0901057	0.0291004	2.53252e-05	0.528892	0.399695	0.129085	0.000112339	5.00378e-05	0.00022196	
206	0.184685	0.149734	0.0348728	7.87265e-05	0.819238	0.664198	0.15469	0.000349219	9.2315e-05	0.000409495	
207	0.0671619	0.0520431	0.0151158	2.98578e-06	0.29792	0.230855	0.0670515	1.32445e-05	3.13879e-06	1.39231e-05	
208	0.102531	0.098536	0.00399533	5.21901e-07	0.454816	0.437091	0.0177227	2.31507e-06	7.80737e-07	3.46323e-06	
209	0.147801	0.0954437	0.0523345	2.3087e-05	0.655624	0.423374	0.232147	0.00010241	0.000182173	0.000808096	
210	0.114014	0.113952	6.27416e-05	0	0.505752	0.505474	0.000278312	0	0	0	
211	0.164269	0.103749	0.060519	0	0.728672	0.460219	0.268453	0	0	0	
212	0.116994	0.116614	0.000379757	0	0.51897	0.517285	0.00168454	0	0	0	
213	0.2418	0.164989	0.0763391	0.000471508	1.07258	0.731869	0.338628	0.00209153	0.00206867	0.00917632	
214	0.118174	0.116057	0.00211708	6.76123e-07	0.524205	0.514811	0.00939108	2.99917e-06	6.56002e-07	2.90992e-06	
215	0.182582	0.161931	0.0206251	2.61105e-05	0.809908	0.718303	0.0914898	0.000115822	3.02281e-05	0.000134087	
216	0.100242	0.0849807	0.0152502	1.10182e-05	0.444658	0.376961	0.0676478	4.88754e-05	1.11512e-05	4.94653e-05	
217	0.198032	0.141169	0.0559364	0.000927449	0.878443	0.626204	0.248125	0.00411402	0.00102751	0.00455791	
218	0.0981335	0.097354	0.000779506	0	0.435305	0.431847	0.00345777	0	0	0	
219	0.133771	0.133318	0.000452711	0	0.59339	0.591382	0.00200815	0	0	0	
220	0.0943036	0.0839829	0.0103206	0	0.418316	0.372535	0.0457807	0	0	0	
221	0.111468	0.0940363	0.0174293	3.20154e-06	0.494458	0.41713	0.0773138	1.42015e-05	1.18383e-05	5.25129e-05	
222	0.0503825	0.0503713	1.12502e-05	0	0.223489	0.223439	4.99043e-05	0	0	0	
223	0.0973355	0.0969558	0.000379757	0	0.431765	0.430081	0.00168454	0	0	0	
224	0.165733	0.145513	0.0202205	0	0.73517	0.645474	0.0896951	0	0	0	
225	0.0837989	0.078442	0.00532181	3.50414e-05	0.371719	0.347957	0.0236067	0.000155438	3.62646e-05	0.000160864	
226	0.229388	0.225436	0.00395025	2.26688e-06	1.01753	1	0.0175227	1.00555e-05	2.24673e-06	9.96619e-06	
227	0.0833748	0.0824002	0.00097412	5.10148e-07	0.369838	0.365514	0.00432105	2.26294e-06	4.92612e-07	2.18515e-06	
228	0.0873928	0.079474	0.00791874	0	0.387661	0.352534	0.0351263	0	0	0	
229	0.125402	0.124084	0.00131733	0	0.556264	0.55042	0.00584348	0	0	0	
230	0.107557	0.106744	0.000811982	2.34245e-07	0.477107	0.473504	0.00360183	1.03907e-06	4.97655e-07	2.20752e-06	
231	0.0928886	0.0921597	0.000728893	0	0.41204	0.408806	0.00323326	0	0	0	
232	0.0827296	0.0751909	0.00753726	1.46227e-06	0.366976	0.333535	0.0334341	6.48641e-06	1.44227e-06	6.39769e-06	
233	0.0789481	0.0782403	0.000707847	0	0.350202	0.347062	0.0031399	0	0	0	
234	0.104451	0.104451	0	0	0.463329	0.463329	0	0	0	0	
235	0.136441	0.136441	0	0	0.605233	0.605233	0	0	0	0	
236	0.0683555	0.0662632	0.00209231	0	0.303214	0.293933	0.00928118	0	0	0	
237	0.0494268	0.0474371	0.00198973	0	0.21925	0.210423	0.00882618	0	0	0	
238	0.0896315	0.0896315	0	0	0.397592	0.397592	0	0	0	0	
239	0.149089	0.122159	0.026799	0.000131161	0.661337	0.541879	0.118876	0.000581812	0.000131218	0.000582065	
240	0.0919388	0.090811	0.00112774	0	0.407826	0.402824	0.00500252	0	0	0	
241	0.147198	0.118776	0.0283112	0.000110968	0.652951	0.526874	0.125584	0.000492238	0.000111038	0.00049255	
242	0.0859106	0.0857057	0.000204889	0	0.381086	0.380177	0.000908859	0	0	0	
243	0.0862724	0.0862724	0	0	0.382691	0.382691	0	0	0	0	
244	0.0890246	0.0889835	4.11255e-05	0	0.3949	0.394717	0.000182426	0	0	0	
245	0.120698	0.0953996	0.024584	0.000714603	0.535399	0.423178	0.109051	0.00316987	0.000718286	0.00318621	
246	0.10239	0.08979	0.0126007	0	0.454189	0.398294	0.0558949	0	0	0	
247	0.113297	0.107488	0.00576542	4.33967e-05	0.502568	0.476801	0.0255745	0.000192501	4.34137e-05	0.000192576	
248	0.0838337	0.0838337	0	0	0.371873	0.371873	0	0	0	0	
249	0.0731585	0.0702084	0.00295012	0	0.32452	0.311433	0.0130862	0	0	0	
250	0.0674662	0.0668428	0.000623367	0	0.29927	0.296504	0.00276516	0	0	0	
251	0.122222	0.109589	0.0126312	1.74005e-06	0.54216	0.486123	0.0560301	7.71862e-06	1.71977e-06	7.62868e-06	
252	0.0761461	0.0694781	0.00659506	7.29123e-05	0.337772	0.308194	0.0292546	0.000323427	7.28995e-05	0.000323371	
253	0.0982361	0.0980989	0.000137172	0	0.43576	0.435152	0.000608478	0	0	0	
254	0.0782751	0.0778936	0.000381528	0	0.347216	0.345524	0.0016924	0	0	0	
255	0.08728	0.0869774	0.000302573	0	0.387161	0.385818	0.00134216	0	0	0	
256	0.100831	0.0969976	0.00383413	2.15951e-08	0.447274	0.430266	0.0170076	9.57926e-08	2.08619e-09	9.25404e-09	
257	0.0890566	0.0890566	0	0	0.395041	0.395041	0	0	0	0	
258	0.101479	0.0964729	0.00499448	1.23883e-05	0.450149	0.427939	0.0221547	5.49527e-05	1.9174e-05	8.50533e-05	
259	0.0548748	0.0453998	0.00930125	0.000173777	0.243416	0.201386	0.0412589	0.000770849	0.000224304	0.000994982	
260	0.043428	0.041866	0.00156205	0	0.19264	0.185711	0.00692906	0	0	0	
261	0.111161	0.110184	0.000976865	0	0.493095	0.488762	0.00433322	0	0	0	
262	0.115076	0.111423	0.00365221	0	0.510459	0.494259	0.0162006	0	0	0	
263	0.0542863	0.0438876	0.0103986	0	0.240805	0.194678	0.046127	0	0	0	
264	0.188994	0.140369	0.0484063	0.000218326	0.838348	0.622657	0.214723	0.000968461	0.000416318	0.00184672	
265	0.048913	0.0434834	0.00541564	1.39945e-05	0.21697	0.192885	0.0240229	6.20774e-05	1.77709e-05	7.8829e-05	
266	0.0838619	0.0836606	0.000201283	0	0.371998	0.371105	0.000892863	0	0	0	
267	0.0472536	0.0456872	0.00156626	1.18363e-07	0.209609	0.202661	0.00694773	5.25044e-07	9.81836e-08	4.35527e-07	
268	0.0856281	0.0854268	0.000201283	0	0.379833	0.37894	0.000892863	0	0	0	
269	0.207018	0.205389	0.00162863	7.84284e-07	0.918303	0.911075	0.00722437	3.47896e-06	7.78724e-07	3.4543e-06	
270	0.108021	0.10764	0.000381528	0	0.479167	0.477474	0.0016924	0	0	0	
271	0.0848215	0.0848215	0	0	0.376255	0.376255	0	0	0	0	
272	0.106871	0.103919	0.00295208	0	0.474064	0.460969	0.013095	0	0	0	
273	0.112209	0.0918539	0.0202243	0.000131128	0.497743	0.40745	0.0897121	0.000581664	0.000177516	0.000787436	
274	0.100509	0.0945001	0.00600833	1.06548e-06	0.445844	0.419188	0.026652	4.72632e-06	1.75371e-06	7.77922e-06	
275	0.118636	0.111451	0.00712728	5.79272e-05	0.526252	0.49438	0.0316155	0.000256956	5.93891e-05	0.000263441	
276	0.092442	0.0899738	0.00246823	0	0.410059	0.39911	0.0109487	0	0	0	
277	0.105015	0.104256	0.000758577	0	0.46583	0.462465	0.00336493	0	0	0	
278	0.173065	0.148266	0.0247055	9.40628e-05	0.767693	0.657686	0.10959	0.000417248	0.000148318	0.000657918	
279	0.0781704	0.0771827	0.000987744	0	0.346752	0.34237	0.00438148	0	0	0	
280	0.13901	0.121602	0.0173818	2.63919e-05	0.616629	0.539409	0.0771032	0.00011707	2.77706e-05	0.000123186	
281	0.12642	0.0952932	0.0310084	0.000118442	0.56078	0.422706	0.137548	0.000525393	0.000155937	0.000691714	
282	0.0836037	0.0813794	0.00222432	0	0.370853	0.360986	0.00986676	0	0	0	
283	0.104046	0.0913013	0.0127202	2.49605e-05	0.461534	0.404999	0.056425	0.00011072	3.04173e-05	0.000134926	
284	0.135123	0.110816	0.0241968	0.00011006	0.599388	0.491567	0.107333	0.000488213	0.000123457	0.000547638	
285	0.10014	0.0873898	0.0127501	0	0.444205	0.387648	0.0565579	0	0	0	
286	0.122223	0.0822255	0.0399978	0	0.542164	0.36474	0.177424	0	0	0	
287	0.0718676	0.0655013	0.00636626	0	0.318794	0.290554	0.0282397	0	0	0	
288	0.204019	0.140743	0.0620504	0.00122507	0.904997	0.624317	0.275246	0.00543425	0.00149183	0.00661756	
289	0.0686993	0.0657473	0.00295208	0	0.30474	0.291645	0.013095	0	0	0	
290	0.0699792	0.0691114	0.000867776	0	0.310417	0.306568	0.00384932	0	0	0	
291	0.180517	0.137411	0.0429468	0.000158894	0.800748	0.609537	0.190505	0.00070483	0.00055142	0.00244601	
292	0.141216	0.116871	0.0239901	0.000354595	0.626413	0.518423	0.106416	0.00157293	0.000366018	0.0016236	
293	0.0705152	0.0476532	0.0228619	0	0.312794	0.211382	0.101412	0	0	0	
294	0.0641008	0.0611017	0.00299132	7.72438e-06	0.284341	0.271038	0.013269	3.42642e-05	9.67869e-06	4.29332e-05	
295	0.172429	0.152428	0.019882	0.00011952	0.764871	0.676147	0.0881937	0.000530173	0.000192219	0.000852657	
296	0.118509	0.118509	0	0	0.525688	0.525688	0	0	0	0	
297	0.168695	0.146843	0.0218276	2.43944e-05	0.748306	0.651374	0.0968239	0.00010821	4.92618e-05	0.000218518	
298	0.101139	0.0909973	0.010104	3.80821e-05	0.448639	0.40365	0.0448201	0.000168926	4.0772e-05	0.000180858	
299	0.093892	0.0795582	0.0141801	0.000153681	0.41649	0.352908	0.0629009	0.000681707	0.000153661	0.000681618	
300	0.0777496	0.0768818	0.000867776	0	0.344885	0.341036	0.00384932	0	0	0	
301	0.0652441	0.0623488	0.00289531	0	0.289413	0.27657	0.0128431	0	0	0	
302	0.0703804	0.0694719	0.000908465	0	0.312197	0.308167	0.00402981	0	0	0	
303	0.136876	0.106	0.0307635	0.000112817	0.607164	0.470201	0.136462	0.00050044	0.000162908	0.000722638	
304	0.095619	0.095619	0	0	0.424151	0.424151	0	0	0	0	
305	0.0470153	0.0413464	0.00566888	0	0.208552	0.183406	0.0251463	0	0	0	
306	0.0601721	0.0530287	0.00714339	0	0.266914	0.235227	0.031687	0	0	0	
307	0.0881535	0.0874607	0.000692806	0	0.391035	0.387962	0.00307318	0	0	0	
308	0.0932486	0.0756629	0.0175758	9.98517e-06	0.413637	0.335629	0.0779635	4.42927e-05	1.32526e-05	5.87865e-05	
309	0.115771	0.110967	0.00478539	1.87088e-05	0.513546	0.492235	0.0212272	8.29896e-05	2.12919e-05	9.44478e-05	
310	0.151624	0.143599	0.00799971	2.52418e-05	0.672582	0.636985	0.0354855	0.000111969	2.56394e-05	0.000113732	
311	0.0765399	0.074079	0.0024493	1.15577e-05	0.339519	0.328603	0.0108647	5.12684e-05	1.24067e-05	5.50343e-05	
312	0.135911	0.0960163	0.0397218	0.000173375	0.602883	0.425913	0.1762	0.000769067	0.000230329	0.0010217	
313	0.100404	0.0936013	0.00680352	0	0.44538	0.415201	0.0301794	0	0	0	
314	0.0787507	0.0774199	0.00133085	0	0.349326	0.343423	0.00590348	0	0	0	
315	0.10372	0.0951517	0.00856092	7.95436e-06	0.460088	0.422078	0.0379749	3.52843e-05	1.00753e-05	4.46927e-05	
316	0.0745865	0.0707346	0.00384622	5.68387e-06	0.330854	0.313767	0.0170612	2.52128e-05	5.68266e-06	2.52074e-05	
317	0.119961	0.0769077	0.0427662	0.000287552	0.532131	0.341151	0.189704	0.00127553	0.000376529	0.00167022	
318	0.16507	0.122503	0.0425665	0	0.732227	0.543408	0.188818	0	0	0	
319	0.218594	0.143852	0.0716978	0.00304352	0.96965	0.638109	0.31804	0.0135006	0.00327084	0.0145089	
320	0.0860764	0.0762367	0.00979443	4.52771e-05	0.381822	0.338174	0.0434466	0.000200842	5.60704e-05	0.00024872	
321	0.130786	0.0989977	0.0314037	0.000384524	0.580147	0.439138	0.139302	0.00170569	0.000401427	0.00178067	
322	0.135026	0.0789538	0.0548153	0.00125736	0.598957	0.350227	0.243152	0.00557747	0.00134668	0.0059737	
323	0.0964316	0.0950474	0.00138419	0	0.427756	0.421616	0.00614009	0	0	0	
324	0.126786	0.125452	0.00133423	0	0.562407	0.556488	0.00591845	0	0	0	
325	0.0923414	0.0904132	0.00192815	0	0.409612	0.401059	0.008553	0	0	0	
326	0.0734663	0.0712183	0.00224795	0	0.325885	0.315913	0.00997156	0	0	0	
327	0.080347	0.0752951	0.00505188	0	0.356407	0.333998	0.0224093	0	0	0	
328	0.0913953	0.0909038	0.000491504	0	0.405415	0.403235	0.00218023	0	0	0	
329	0.0978658	0.091666	0.00618021	1.96218e-05	0.434118	0.406616	0.0274144	8.70394e-05	2.54356e-05	0.000112828	
330	0.144238	0.0884672	0.0538035	0.00196798	0.639821	0.392427	0.238664	0.00872967	0.00221017	0.00980398	
331	0.125033	0.117106	0.00791603	1.07979e-05	0.554629	0.519467	0.0351143	4.7898e-05	1.32916e-05	5.89598e-05	
332	0.112542	0.0965686	0.0159616	1.19889e-05	0.49922	0.428364	0.0708034	5.3181e-05	2.17829e-05	9.66259e-05	
333	0.115773	0.0986521	0.0171208	0	0.513551	0.437605	0.0759455	0	0	0	
334	0.134885	0.0886097	0.0460291	0.000246551	0.598331	0.393059	0.204178	0.00109366	0.000346439	0.00153675	
335	0.0825978	0.0806176	0.00198023	2.74707e-08	0.366391	0.357607	0.00878401	1.21856e-07	6.61699e-08	2.9352e-07	
336	0.108553	0.0896171	0.0187522	0.000184671	0.481528	0.397527	0.0831819	0.000819173	0.000219312	0.000972836	
337	0.117909	0.112046	0.00585975	2.75691e-06	0.523028	0.497022	0.0259929	1.22292e-05	2.93358e-06	1.30129e-05	
338	0.120323	0.101883	0.0184143	2.56357e-05	0.533737	0.451939	0.0816834	0.000113716	3.21311e-05	0.000142529	
339	0.0842304	0.0771931	0.00702077	1.64983e-05	0.373633	0.342417	0.031143	7.31843e-05	1.65349e-05	7.33463e-05	
340	0.099863	0.083738	0.0160813	4.37016e-05	0.442977	0.371449	0.0713345	0.000193854	6.20349e-05	0.000275177	
341	0.108281	0.104537	0.00374346	2.68033e-07	0.48032	0.463714	0.0166054	1.18895e-06	3.07764e-07	1.36519e-06	
342	0.106144	0.0755476	0.0305935	3.37225e-06	0.470841	0.335117	0.135708	1.49588e-05	3.48484e-06	1.54582e-05	
343	0.138138	0.0884247	0.047864	0.00184966	0.612761	0.392238	0.212317	0.00820484	0.00246939	0.0109538	
344	0.0834843	0.0826638	0.000820234	3.09898e-07	0.370324	0.366684	0.00363843	1.37466e-06	3.04841e-07	1.35222e-06	
345	0.124466	0.0952988	0.0289315	0.000236035	0.552114	0.422731	0.128335	0.00104701	0.000325775	0.00144509	
346	0.142106	0.0984916	0.0427896	0.000825174	0.630362	0.436893	0.189808	0.00366035	0.00121933	0.00540877	
347	0.094277	0.0756673	0.0183746	0.000235112	0.418198	0.335648	0.0815071	0.00104292	0.000263868	0.00117048	
348	0.0988006	0.0839316	0.0148154	5.36085e-05	0.438264	0.372308	0.0657189	0.000237799	0.00010032	0.000445005	
349	0.0802185	0.0723801	0.00778805	5.0341e-05	0.355837	0.321067	0.0345466	0.000223305	5.92076e-05	0.000262636	
350	0.139281	0.0762769	0.0624498	0.000554637	0.617831	0.338353	0.277018	0.00246028	0.00068583	0.00304223	
351	0.156759	0.0939302	0.0622805	0.000548968	0.695362	0.41666	0.276266	0.00243514	0.000759663	0.00336975	
352	0.134308	0.0819426	0.0521518	0.000213777	0.595771	0.363485	0.231337	0.000948286	0.000275418	0.00122171	
353	0.0865487	0.0781533	0.00837732	1.80536e-05	0.383917	0.346676	0.0371605	8.00832e-05	1.80475e-05	8.00561e-05	
354	0.0860436	0.0793732	0.00665437	1.60679e-05	0.381676	0.352087	0.0295178	7.1275e-05	1.70171e-05	7.54853e-05	
355	0.0855909	0.0836401	0.00195085	0	0.379668	0.371014	0.00865367	0	0	0	
356	0.118563	0.109075	0.00945884	2.91015e-05	0.525931	0.483844	0.041958	0.000129089	3.06972e-05	0.000136168	
357	0.212209	0.108267	0.0987609	0.0051804	0.941327	0.480259	0.438088	0.0229794	0.00823916	0.0365476	
358	0.167042	0.0980551	0.0668442	0.00214297	0.740974	0.434957	0.29651	0.00950591	0.00507099	0.0224941	
359	0.103525	0.0783492	0.0245742	0.000601701	0.459222	0.347545	0.109007	0.00266905	0.000654768	0.00290445	
360	0.103653	0.0968109	0.006841	1.48754e-06	0.45979	0.429438	0.0303456	6.59852e-06	1.4724e-06	6.53137e-06	
361	0.0470824	0.0470824	0	0	0.20885	0.20885	0	0	0	0	
362	0.100326	0.0872278	0.0130568	4.14969e-05	0.445031	0.386929	0.057918	0.000184074	4.3662e-05	0.000193678	
363	0.0496322	0.0491753	0.000456823	0	0.22016	0.218134	0.00202639	0	0	0	
364	0.126242	0.113602	0.0126321	7.81151e-06	0.559992	0.503923	0.0560342	3.46506e-05	9.74434e-06	4.32244e-05	
365	0.0823004	0.0793598	0.00293413	6.42736e-06	0.365072	0.352028	0.0130153	2.85108e-05	6.44428e-06	2.85858e-05	
366	0.108218	0.0916141	0.0164137	0.000190847	0.480041	0.406386	0.0728088	0.00084657	0.000210333	0.000933008	
367	0.12545	0.105174	0.020188	8.79891e-05	0.556479	0.466538	0.089551	0.000390306	0.000107436	0.00047657	
368	0.0782829	0.0756815	0.0025997	1.78665e-06	0.347251	0.335711	0.0115318	7.92534e-06	1.76648e-06	7.83584e-06	
369	0.0859028	0.0802119	0.00565953	3.13603e-05	0.381051	0.355808	0.0251048	0.000139109	3.1379e-05	0.000139192	
370	0.113306	0.0915307	0.0216262	0.000149654	0.502611	0.406016	0.0959307	0.000663843	0.00023931	0.00106154	
371	0.11811	0.0792296	0.0388388	4.19414e-05	0.52392	0.35145	0.172283	0.000186045	4.56891e-05	0.000202669	
372	0.110067	0.0789517	0.0309569	0.000158777	0.488242	0.350217	0.13732	0.000704314	0.000158772	0.000704289	
373	0.0862124	0.079107	0.00708556	1.99182e-05	0.382425	0.350906	0.0314305	8.83542e-05	2.14906e-05	9.53293e-05	
374	0.179594	0.103804	0.0718892	0.00390102	0.796653	0.460459	0.318889	0.0173043	0.0113791	0.0504759	
375	0.143269	0.126974	0.0162199	7.56507e-05	0.635523	0.563238	0.0719493	0.000335575	7.56598e-05	0.000335615	
376	0.099197	0.0987603	0.000436702	0	0.440023	0.438086	0.00193714	0	0	0	
377	0.111448	0.0999427	0.0114557	5.01521e-05	0.494368	0.44333	0.0508158	0.000222467	7.35632e-05	0.000326315	
378	0.122293	0.103557	0.0187279	8.0877e-06	0.542475	0.459365	0.0830745	3.58758e-05	9.23218e-06	4.09525e-05	
379	0.102326	0.0766068	0.0255798	0.000139429	0.453903	0.339816	0.113468	0.000618487	0.00014088	0.000624925	
380	0.116282	0.0822903	0.0338963	9.53849e-05	0.515809	0.365027	0.150359	0.000423113	0.000107177	0.000475423	
381	0.106005	0.079675	0.0261439	0.000186474	0.470224	0.353426	0.11597	0.000827173	0.000278166	0.0012339	
382	0.104925	0.103875	0.00104936	3.18588e-07	0.465432	0.460776	0.00465482	1.4132e-06	4.14669e-07	1.83941e-06	
383	0.080336	0.0757974	0.00453851	0	0.356358	0.336226	0.0201321	0	0	0	
384	0.0917653	0.0902443	0.00152094	0	0.407057	0.40031	0.00674668	0	0	0	
385	0.12111	0.10715	0.0139573	2.13147e-06	0.537226	0.475305	0.0619125	9.45489e-06	2.20855e-06	9.79682e-06	
386	0.0970967	0.0794795	0.0174333	0.000183791	0.430706	0.352559	0.0773318	0.00081527	0.000249774	0.00110796	
387	0.0929938	0.0840754	0.00883666	8.17992e-05	0.412506	0.372945	0.039198	0.000362849	8.63498e-05	0.000383035	
388	0.0807451	0.0768402	0.0038994	5.59218e-06	0.358173	0.340851	0.0172971	2.48061e-05	5.57189e-06	2.4716e-05	
389	0.128033	0.110978	0.0170366	1.85677e-05	0.567936	0.492282	0.0755719	8.23637e-05	1.9672e-05	8.72621e-05	
390	0.0812886	0.0742314	0.00704099	1.61722e-05	0.360583	0.329279	0.0312327	7.17376e-05	2.8368e-05	0.000125836	
391	0.0958662	0.0911045	0.00476096	7.56636e-07	0.425248	0.404126	0.0211189	3.35632e-06	3.31419e-06	1.47012e-05	
392	0.100723	0.0497573	0.0503698	0.000596207	0.446793	0.220715	0.223433	0.00264468	0.000660912	0.0029317	
393	0.0843664	0.0807657	0.00360062	0	0.374236	0.358264	0.0159718	0	0	0	
394	0.0960528	0.0924775	0.00357523	0	0.426075	0.410216	0.0158592	0	0	0	
395	0.150743	0.138063	0.0126662	1.32322e-05	0.668674	0.61243	0.0561855	5.86963e-05	1.37567e-05	6.10227e-05	
396	0.109407	0.0590562	0.0503513	0	0.485315	0.261964	0.223351	0	0	0	
397	0.129595	0.10117	0.0279755	0.000448666	0.574864	0.448779	0.124095	0.00199021	0.00106292	0.00471497	
398	0.0928867	0.0910342	0.00185095	1.64785e-06	0.412031	0.403813	0.00821054	7.30961e-06	1.64094e-06	7.27897e-06	
399	0.079714	0.0784135	0.00129996	5.68471e-07	0.353599	0.34783	0.00576643	2.52165e-06	7.31859e-07	3.24641e-06	
400	0.144968	0.128878	0.0160902	0	0.643058	0.571684	0.0713738	0	0	0	
401	0.102467	0.100493	0.00197418	0	0.454529	0.445771	0.00875717	0	0	0	
402	0.106794	0.0832885	0.0235057	0	0.473723	0.369455	0.104267	0	0	0	
403	0.108711	0.0886983	0.0200071	5.65542e-06	0.482225	0.393452	0.0887484	2.50866e-05	6.00565e-06	2.66401e-05	
404	0.109013	0.0986476	0.0103658	0	0.483567	0.437586	0.0459811	0	0	0	
405	0.107115	0.107063	5.24701e-05	0	0.475149	0.474916	0.000232749	0	0	0	
406	0.18281	0.176695	0.00610961	5.97615e-06	0.810921	0.783793	0.0271013	2.65093e-05	5.96065e-06	2.64405e-05	
407	0.118558	0.0853938	0.0328739	0.000290524	0.525906	0.378793	0.145823	0.00128872	0.000802831	0.00356123	
408	0.12935	0.127527	0.00182332	0	0.573781	0.565693	0.00808797	0	0	0	
409	0.09445	0.0918991	0.00255092	0	0.418966	0.40765	0.0113154	0	0	0	
410	0.115446	0.0878594	0.0271252	0.000462242	0.512104	0.389731	0.120323	0.00205043	0.000476225	0.00211246	
411	0.141779	0.117412	0.0243658	6.92059e-07	0.628911	0.520825	0.108083	3.06987e-06	8.65676e-07	3.84001e-06	
412	0.154927	0.122316	0.0324755	0.000135471	0.687232	0.542575	0.144056	0.000600932	0.000204717	0.000908096	
413	0.0948233	0.0916835	0.00313736	2.39482e-06	0.420621	0.406694	0.0139168	1.0623e-05	3.81122e-06	1.6906e-05	
414	0.148091	0.112733	0.0350658	0.000292271	0.656911	0.500068	0.155546	0.00129647	0.000322272	0.00142955	
415	0.096858	0.0921104	0.00474759	0	0.429647	0.408587	0.0210595	0	0	0	
416	0.122539	0.106285	0.0162315	2.28156e-05	0.543568	0.471466	0.0720007	0.000101206	2.27944e-05	0.000101112	
417	0.10631	0.0959299	0.0103795	9.42022e-07	0.471577	0.42553	0.0460421	4.17866e-06	9.21976e-07	4.08974e-06	
418	0.0801157	0.0770609	0.00305477	0	0.355381	0.34183	0.0135505	0	0	0	
419	0.138824	0.102315	0.0365076	1.47482e-06	0.615805	0.453856	0.161942	6.54209e-06	3.24482e-06	1.43935e-05	
420	0.0839076	0.0839076	0	0	0.372201	0.372201	0	0	0	0	
421	0.0878814	0.0863104	0.00157062	4.6395e-07	0.389828	0.382859	0.00696705	2.05801e-06	1.81424e-06	8.0477e-06	
422	0.0974338	0.0811928	0.0162135	2.74937e-05	0.432201	0.360158	0.0719207	0.000121957	2.74725e-05	0.000121864	
423	0.0631168	0.056125	0.00699184	0	0.279976	0.248962	0.0310147	0	0	0	
424	0.110944	0.110834	0.0001106	0	0.492134	0.491644	0.000490608	0	0	0	
425	0.0808789	0.069742	0.0110808	5.6071e-05	0.358766	0.309365	0.049153	0.000248722	5.60625e-05	0.000248684	
426	0.11209	0.109332	0.00275611	2.09029e-06	0.497218	0.484983	0.0122256	9.27221e-06	2.34945e-06	1.04218e-05	
427	0.0936548	0.0907206	0.00293172	2.53662e-06	0.415438	0.402422	0.0130046	1.1252e-05	3.08417e-06	1.36809e-05	
428	0.0947	0.0943054	0.000394473	1.1141e-07	0.420074	0.418324	0.00174982	4.94199e-07	1.81362e-07	8.04497e-07	
429	0.12288	0.0884653	0.034412	2.79864e-06	0.545077	0.392418	0.152646	1.24143e-05	6.79859e-06	3.01575e-05	
430	0.227978	0.212959	0.0150182	9.59279e-08	1.01127	0.944658	0.0666185	4.25521e-07	8.58053e-08	3.80619e-07	
431	0.170215	0.166797	0.00341697	1.22722e-06	0.755049	0.739886	0.0151571	5.44378e-06	1.20703e-06	5.35423e-06	
432	0.124437	0.11249	0.0119424	3.76041e-06	0.551984	0.498992	0.0529748	1.66806e-05	3.80675e-06	1.68861e-05	
433	0.110804	0.0988479	0.01182	0.000136075	0.491509	0.438474	0.0524318	0.000603611	0.000137498	0.000609923	
434	0.0855333	0.080814	0.00470745	1.18444e-05	0.379413	0.358478	0.0208815	5.254e-05	1.35688e-05	6.01894e-05	
435	0.211413	0.152532	0.0586161	0.000264307	0.937796	0.676611	0.260012	0.00117242	0.000484186	0.00214777	
436	0.118644	0.0864052	0.0320264	0.000212398	0.526287	0.38328	0.142064	0.000942167	0.000293449	0.00130169	
437	0.144209	0.0864548	0.0564103	0.00134414	0.63969	0.3835	0.250227	0.00596242	0.00246367	0.0109284	
438	0.183543	0.130841	0.052132	0.000570245	0.814172	0.580392	0.231249	0.00252952	0.000632361	0.00280505	
439	0.135099	0.127503	0.00757287	2.29494e-05	0.599281	0.565588	0.0335921	0.0001018	2.75596e-05	0.00012225	
440	0.0835508	0.080425	0.00312011	5.76365e-06	0.370619	0.356753	0.0138403	2.55666e-05	7.18287e-06	3.18621e-05	
441	0.0682226	0.0678695	0.000353169	0	0.302625	0.301058	0.0015666	0	0	0	
442	0.145046	0.0952581	0.0470881	0.00269994	0.643403	0.42255	0.208875	0.0119765	0.00301874	0.0133906	
443	0.157998	0.138431	0.0195168	5.02336e-05	0.700859	0.614062	0.0865738	0.000222828	9.3955e-05	0.00041677	
444	0.126188	0.108332	0.0178345	2.13875e-05	0.559752	0.480546	0.0791112	9.48718e-05	3.91835e-05	0.000173812	
445	0.11383	0.0885252	0.025183	0.00012235	0.504935	0.392684	0.111708	0.000542726	0.000204415	0.000906757	
446	0.155801	0.0910273	0.0645517	0.000222545	0.691112	0.403783	0.286341	0.000987175	0.000391885	0.00173834	
447	0.146336	0.122408	0.0239287	0	0.649128	0.542984	0.106144	0	0	0	
448	0.0442898	0.0376866	0.00660049	2.63155e-06	0.196462	0.167172	0.0292788	1.16731e-05	3.51634e-06	1.55979e-05	
449	0.318142	0.154746	0.162943	0.000452277	1.41122	0.686431	0.722792	0.00200623	0.000696214	0.0030883	
450	0.0837434	0.0797094	0.00403393	0	0.371473	0.353579	0.0178939	0	0	0	
451	0.130643	0.120648	0.00998951	6.11519e-06	0.579515	0.535176	0.0443119	2.7126e-05	8.25813e-06	3.66318e-05	
452	0.185719	0.100404	0.0816108	0.00370434	0.823822	0.445377	0.362013	0.0164318	0.00519101	0.0230265	
453	0.10726	0.0959106	0.0113416	8.69859e-06	0.475793	0.425444	0.0503097	3.85856e-05	1.28062e-05	5.68067e-05	
454	0.121285	0.0894792	0.0318062	0	0.538004	0.396916	0.141087	0	0	0	
455	0.160859	0.105438	0.0547056	0.000714551	0.713546	0.46771	0.242665	0.00316964	0.00135006	0.00598867	
456	0.148773	0.112284	0.0362328	0.000255946	0.659935	0.498076	0.160723	0.00113534	0.000439938	0.0019515	
457	0.122531	0.100909	0.0216221	0	0.543532	0.447619	0.0959126	0	0	0	
458	0.100208	0.0792083	0.021	0	0.444508	0.351356	0.0931528	0	0	0	
459	0.0990971	0.0892235	0.00987366	0	0.43958	0.395781	0.043798	0	0	0	
460	0.154219	0.0856657	0.0685409	1.26081e-05	0.684093	0.38	0.304037	5.59277e-05	2.61946e-05	0.000116195	
461	0.168081	0.0858385	0.081529	0.000714259	0.745585	0.380766	0.36165	0.00316834	0.000742978	0.00329574	
462	0.117247	0.100357	0.0168557	3.3496e-05	0.52009	0.445172	0.0747695	0.000148583	4.98597e-05	0.00022117	
463	0.123927	0.11993	0.00399701	0	0.549722	0.531992	0.0177301	0	0	0	
464	0.0767725	0.0692398	0.00753266	5.58914e-08	0.340551	0.307137	0.0334137	2.47925e-07	1.79319e-07	7.95433e-07	
465	0.084536	0.0829826	0.00155338	0	0.374989	0.368098	0.00689057	0	0	0	
466	0.182739	0.110337	0.0721267	0.000274942	0.810604	0.489441	0.319943	0.0012196	0.000381937	0.00169421	
467	0.09934	0.0800693	0.0191002	0.000170446	0.440657	0.355175	0.0847257	0.000756074	0.000199	0.000882734	
468	0.105193	0.101919	0.00327373	0	0.466622	0.452101	0.0145217	0	0	0	
469	0.0770718	0.0770718	0	0	0.341879	0.341879	0	0	0	0	
470	0.10059	0.0952744	0.00530904	6.81904e-06	0.446203	0.422623	0.0235501	3.02482e-05	1.31862e-05	5.84922e-05	
471	0.117155	0.0793244	0.0378312	0	0.519684	0.351871	0.167813	0	0	0	
472	0.13568	0.0895132	0.0428988	0.0032688	0.601859	0.397067	0.190292	0.0144999	0.00392211	0.0173979	
473	0.159611	0.0995668	0.0582537	0.00179111	0.708013	0.441663	0.258404	0.00794512	0.00246475	0.0109332	
474	0.102289	0.0772421	0.0250474	0	0.453741	0.342634	0.111106	0	0	0	
475	0.128536	0.11369	0.0148369	8.39127e-06	0.570166	0.504315	0.0658143	3.72224e-05	1.58033e-05	7.01013e-05	
476	0.156534	0.113127	0.0434065	0	0.694362	0.501817	0.192544	0	0	0	
477	0.124193	0.0973734	0.02681	9.67183e-06	0.550902	0.431933	0.118925	4.29027e-05	1.89312e-05	8.39762e-05	
478	0.0908555	0.0791951	0.0116603	0	0.403021	0.351297	0.0517236	0	0	0	
479	0.101878	0.098062	0.00381571	6.33557e-07	0.451917	0.434988	0.0169259	2.81036e-06	8.39048e-07	3.72189e-06	
480	0.129633	0.0979585	0.0316278	4.7525e-05	0.575036	0.434529	0.140296	0.000210813	6.51796e-05	0.000289127	
481	0.0920249	0.076177	0.0158227	2.50916e-05	0.408208	0.337909	0.0701874	0.000111302	0.000120752	0.00053564	
482	0.13564	0.106171	0.0294274	4.08475e-05	0.601678	0.470961	0.130535	0.000181193	5.01812e-05	0.000222596	
483	0.110802	0.0928123	0.0179899	0	0.491502	0.411701	0.0798005	0	0	0	
484	0.165358	0.117086	0.0479555	0.000316472	0.733504	0.519376	0.212723	0.00140382	0.000582971	0.00258597	
485	0.118903	0.095198	0.0236238	8.15296e-05	0.527437	0.422283	0.104791	0.000361653	0.000115149	0.000510784	
486	0.080753	0.0801999	0.000553115	0	0.358208	0.355754	0.00245353	0	0	0	
487	0.102366	0.100044	0.00232168	0	0.454081	0.443782	0.0102986	0	0	0	
488	0.135299	0.0957332	0.0395345	3.15742e-05	0.600167	0.424658	0.175369	0.000140058	4.97949e-05	0.000220882	
489	0.143971	0.0983971	0.0455677	6.34827e-06	0.638634	0.436474	0.202131	2.816e-05	1.57382e-05	6.98122e-05	
490	0.0934918	0.0909718	0.00252	0	0.414715	0.403537	0.0111783	0	0	0	
491	0.0923554	0.0784527	0.0139027	0	0.409674	0.348004	0.0616703	0	0	0	
492	0.146936	0.097228	0.0487153	0.000993408	0.651789	0.431289	0.216094	0.0044066	0.00129177	0.00573011	
493	0.177351	0.111941	0.0650345	0.000376183	0.786705	0.496553	0.288483	0.00166869	0.000507844	0.00225272	
494	0.190053	0.117352	0.072573	0.000128813	0.84305	0.520556	0.321923	0.000571397	0.000428386	0.00190025	
495	0.088851	0.0840964	0.00475461	0	0.394129	0.373038	0.0210907	0	0	0	
496	0.100242	0.0899037	0.0101726	0.000166136	0.44466	0.398799	0.0451242	0.000736956	0.000167524	0.000743112	
497	0.127443	0.0777219	0.049597	0.00012474	0.565321	0.344762	0.220005	0.000553332	0.000272826	0.00121021	
498	0.176733	0.133794	0.0428132	0.000126366	0.783964	0.59349	0.189913	0.00056054	0.000135658	0.000601759	
499	0.1584	0.158273	0.000126798	2.03055e-08	0.702639	0.702076	0.000562458	9.00725e-08	1.22899e-10	5.45165e-10	
500	0.144199	0.0808993	0.0630375	0.000263079	0.639649	0.358857	0.279625	0.00116698	0.000415039	0.00184105	
501	0.161351	0.10863	0.0517991	0.00092196	0.715729	0.481866	0.229773	0.00408967	0.00104335	0.00462816	
502	0.092344	0.0910948	0.00124913	8.96929e-08	0.409624	0.404083	0.00554098	3.97864e-07	1.15349e-07	5.11674e-07	
503	0.110302	0.103177	0.0070708	5.46028e-05	0.489285	0.457678	0.031365	0.000242209	5.45825e-05	0.00024212	
504	0.122076	0.119542	0.00252984	4.80151e-06	0.541513	0.53027	0.0112219	2.12987e-05	4.78196e-06	2.1212e-05	
505	0.0712178	0.0687766	0.00243751	3.72025e-06	0.315911	0.305082	0.0108124	1.65024e-05	4.43587e-06	1.96768e-05	
506	0.138367	0.097954	0.0390956	0.00131796	0.613777	0.434509	0.173422	0.0058463	0.00160363	0.00711347	
507	0.186765	0.158229	0.0284232	0.000112529	0.828463	0.701883	0.126081	0.000499163	0.000148256	0.000657642	
508	0.0917191	0.0881655	0.00355365	0	0.406852	0.391088	0.0157634	0	0	0	
509	0.095442	0.0873114	0.00813061	2.43675e-08	0.423366	0.3873	0.0360661	1.0809e-07	7.22074e-08	3.20301e-07	
510	0.136717	0.105456	0.0308472	0.000414221	0.60646	0.467789	0.136833	0.00183742	0.000463188	0.00205463	
511	0.0770319	0.0752561	0.00177229	3.58231e-06	0.341702	0.333824	0.00786164	1.58905e-05	3.62379e-06	1.60745e-05	
512	0.161926	0.0884567	0.0734508	1.87305e-05	0.71828	0.39238	0.325817	8.30857e-05	3.55939e-05	0.000157889	
513	0.117773	0.0912662	0.0264545	5.26294e-05	0.522425	0.404843	0.117348	0.000233456	8.64961e-05	0.000383683	
514	0.24277	0.128629	0.112025	0.00211647	1.07689	0.570579	0.496925	0.00938836	0.00334523	0.0148389	
515	0.0688268	0.0566706	0.0121195	3.67711e-05	0.305305	0.251382	0.0537602	0.000163111	5.62222e-05	0.000249393	
516	0.103988	0.0886174	0.0153186	5.29275e-05	0.461279	0.393093	0.0679512	0.000234778	0.000116254	0.000515686	
517	0.0849197	0.0818313	0.00308797	4.4491e-07	0.376691	0.362991	0.0136978	1.97355e-06	1.02947e-06	4.56661e-06	
518	0.178805	0.156031	0.0227739	0	0.793155	0.692133	0.101021	0	0	0	
519	0.074154	0.0421593	0.0319549	3.98034e-05	0.328936	0.187012	0.141747	0.000176562	9.03382e-05	0.000400726	
520	0.151945	0.122512	0.0291697	0.000262969	0.674007	0.543448	0.129392	0.00116649	0.000356065	0.00157945	
521	0.241127	0.110007	0.130055	0.0010646	1.0696	0.487975	0.576907	0.00472241	0.00184873	0.0082007	
522	0.175494	0.0784473	0.0967012	0.000345877	0.778466	0.34798	0.428951	0.00153425	0.000469879	0.00208431	
523	0.0895174	0.0763088	0.0132086	0	0.397086	0.338494	0.0585916	0	0	0	
524	0.149364	0.106128	0.0426443	0.000592377	0.662559	0.470768	0.189163	0.00262769	0.000671736	0.00297971	
525	0.151641	0.0999162	0.0513008	0.00042491	0.67266	0.443213	0.227562	0.00188483	0.0012477	0.00553461	
526	0.119918	0.101622	0.0181659	0.000129827	0.53194	0.450783	0.0805814	0.000575894	0.000139338	0.000618084	
527	0.109522	0.0780783	0.0313984	4.55029e-05	0.485824	0.346343	0.139278	0.000201844	4.89235e-05	0.000217017	
528	0.0893753	0.080549	0.00882625	1.20287e-07	0.396455	0.357303	0.0391519	5.33577e-07	1.8972e-07	8.41569e-07	
529	0.122884	0.0812165	0.041546	0.000121462	0.545095	0.360264	0.184291	0.000538791	0.000186411	0.000826891	
530	0.0966072	0.080983	0.0155109	0.000113308	0.428535	0.359228	0.0688042	0.000502621	0.000170582	0.000756679	
531	0.158713	0.105221	0.0530397	0.000452166	0.70403	0.466748	0.235276	0.00200574	0.000638768	0.00283347	
532	0.121591	0.0839346	0.0374963	0.000160459	0.539361	0.372321	0.166328	0.000711773	0.000256893	0.00113953	
533	0.182937	0.118196	0.0637523	0.000988581	0.811481	0.5243	0.282795	0.00438519	0.00153469	0.00680766	
534	0.119153	0.113683	0.00546695	3.15577e-06	0.528548	0.504283	0.0242505	1.39985e-05	3.13547e-06	1.39084e-05	
535	0.0928512	0.0778753	0.0146248	0.000351094	0.411874	0.345443	0.0648736	0.0015574	0.000367211	0.00162889	
536	0.0733963	0.0660535	0.00732833	1.44783e-05	0.325574	0.293003	0.0325073	6.42239e-05	1.59439e-05	7.07248e-05	
537	0.117883	0.0770131	0.0407977	7.22687e-05	0.522911	0.341618	0.180972	0.000320573	0.000131865	0.000584935	
538	0.13031	0.0806778	0.0488195	0.00081279	0.578036	0.357874	0.216555	0.00360541	0.000873631	0.00387529	
539	0.134744	0.0834418	0.0510315	0.000270797	0.597704	0.370135	0.226368	0.00120121	0.000471101	0.00208973	
540	0.0909052	0.0802068	0.0106288	6.96047e-05	0.403241	0.355785	0.0471477	0.000308756	0.000104669	0.000464297	
541	0.0912727	0.0824762	0.00878545	1.10698e-05	0.404872	0.365852	0.0389709	4.91041e-05	2.98716e-05	0.000132506	
542	0.232419	0.1505	0.0816371	0.000281921	1.03097	0.667597	0.362129	0.00125056	0.000379443	0.00168315	
543	0.132693	0.0897156	0.0428528	0.000125191	0.588609	0.397965	0.190088	0.000555329	0.000197901	0.000877863	
544	0.167146	0.127148	0.0399958	1.7672e-06	0.741436	0.564013	0.177415	7.83904e-06	2.16552e-06	9.60594e-06	
545	0.156482	0.0754585	0.0809724	5.19091e-05	0.694134	0.334722	0.359181	0.000230261	9.04405e-05	0.00040118	
546	0.130771	0.116986	0.0137507	3.43235e-05	0.580082	0.518933	0.0609962	0.000152254	6.37011e-05	0.000282568	
547	0.0809564	0.0757612	0.00519519	0	0.35911	0.336065	0.023045	0	0	0	
548	0.114424	0.111191	0.00323319	6.85284e-08	0.50757	0.493227	0.0143419	3.03981e-07	3.44813e-07	1.52954e-06	
549	0.138135	0.085311	0.0525733	0.000250971	0.612747	0.378426	0.233207	0.00111327	0.000340778	0.00151164	
550	0.17311	0.120171	0.0525655	0.000373037	0.767891	0.533063	0.233172	0.00165473	0.000482062	0.00213835	
551	0.0971261	0.0969119	0.000214237	0	0.430836	0.429886	0.000950324	0	0	0	
552	0.086104	0.072862	0.0130933	0.000148716	0.381944	0.323204	0.0580801	0.000659684	0.000164535	0.000729854	
553	0.188897	0.183657	0.00523568	4.28613e-06	0.837918	0.814674	0.0232247	1.90126e-05	5.68348e-06	2.5211e-05	
554	0.139497	0.102805	0.0351661	0.00152581	0.618789	0.456029	0.155991	0.00676827	0.0015866	0.00703793	
555	0.103435	0.0754151	0.0279376	8.24961e-05	0.458822	0.33453	0.123926	0.00036594	9.03783e-05	0.000400904	
556	0.160586	0.150121	0.0104195	4.54675e-05	0.712336	0.665915	0.0462194	0.000201687	4.54468e-05	0.000201595	
557	0.091063	0.0792383	0.0118054	1.92709e-05	0.403941	0.351489	0.052367	8.54828e-05	3.55277e-05	0.000157595	
558	0.101274	0.0977799	0.00349055	3.55392e-06	0.449236	0.433737	0.0154835	1.57646e-05	3.53382e-06	1.56755e-05	
559	0.0993033	0.0793429	0.0195588	0.000401574	0.440494	0.351953	0.0867599	0.00178132	0.00053791	0.00238609	
560	0.0972643	0.0851226	0.0121388	2.86673e-06	0.431449	0.37759	0.0538463	1.27164e-05	3.34749e-06	1.48489e-05	
561	0.110707	0.0934201	0.0172154	7.23258e-05	0.491083	0.414397	0.076365	0.000320826	9.12319e-05	0.000404691	
562	0.0618074	0.0500198	0.0117876	0	0.274168	0.22188	0.052288	0	0	0	
563	0.0907854	0.0791012	0.0116148	6.92978e-05	0.40271	0.350881	0.0515218	0.000307394	0.000100963	0.00044786	
564	0.110222	0.0817577	0.0283573	0.000107267	0.488929	0.362665	0.125788	0.000475823	0.000222035	0.000984917	
565	0.0965268	0.085281	0.0111951	5.07695e-05	0.428178	0.378293	0.0496598	0.000225206	6.21361e-05	0.000275626	
566	0.115635	0.104128	0.011479	2.88359e-05	0.512943	0.461896	0.0509194	0.000127911	3.04289e-05	0.000134978	
567	0.194492	0.161431	0.0326157	0.000445544	0.86274	0.716085	0.144678	0.00197636	0.000451553	0.00200302	
568	0.174343	0.115679	0.0586638	0	0.773362	0.513138	0.260224	0	0	0	
569	0.0761459	0.0761459	0	0	0.337771	0.337771	0	0	0	0	
570	0.136531	0.120199	0.0162866	4.51752e-05	0.605631	0.533186	0.072245	0.00020039	5.33959e-05	0.000236856	
571	0.105876	0.0918499	0.0140235	2.59453e-06	0.46965	0.407432	0.0622065	1.15089e-05	1.68498e-05	7.47431e-05	
572	0.119856	0.0979611	0.0216202	0.000274795	0.531663	0.43454	0.0959042	0.00121895	0.000325301	0.00144298	
573	0.0965148	0.0846805	0.0118208	1.34898e-05	0.428125	0.37563	0.0524353	5.98389e-05	2.65528e-05	0.000117784	
574	0.135616	0.0801551	0.0548987	0.000562424	0.601573	0.355555	0.243522	0.00249483	0.000983499	0.00436265	
575	0.13198	0.0846204	0.0469014	0.000458197	0.585443	0.375363	0.208047	0.00203249	0.000776595	0.00344486	
576	0.0612982	0.0546902	0.00660804	0	0.271909	0.242597	0.0293122	0	0	0	
577	0.130412	0.11358	0.0168294	1.78525e-06	0.578488	0.503827	0.0746529	7.9191e-06	2.44534e-06	1.08471e-05	
578	0.101427	0.0893574	0.0120697	3.8158e-07	0.449917	0.396375	0.0535397	1.69263e-06	4.55496e-07	2.02051e-06	
579	0.0925074	0.0876297	0.00487632	1.44548e-06	0.410349	0.388712	0.0216306	6.41197e-06	5.39031e-06	2.39106e-05	
580	0.0867477	0.0670266	0.0196607	6.03238e-05	0.384799	0.29732	0.0872121	0.000267587	8.79125e-05	0.000389966	
581	0.0852783	0.0755161	0.00976219	0	0.378281	0.334978	0.0433036	0	0	0	
582	0.0931251	0.0848133	0.00827849	3.33083e-05	0.413088	0.376219	0.0367221	0.00014775	3.64536e-05	0.000161702	
583	0.129356	0.0932772	0.0354707	0.00060841	0.573805	0.413763	0.157342	0.00269881	0.00133966	0.00594256	
584	0.262424	0.128663	0.132314	0.00144623	1.16407	0.570732	0.586927	0.00641528	0.00157425	0.00698317	
585	0.130473	0.0753141	0.0551256	3.40838e-05	0.578762	0.334082	0.244528	0.00015119	4.26591e-05	0.000189229	
586	0.153991	0.0848113	0.0687219	0.000458667	0.683084	0.37621	0.30484	0.00203457	0.00222729	0.00987993	
587	0.103928	0.0894565	0.0144201	5.22151e-05	0.461012	0.396815	0.0639657	0.000231618	5.58606e-05	0.000247789	
588	0.0682324	0.068006	0.000226432	0	0.302668	0.301664	0.00100441	0	0	0	
589	0.160243	0.109873	0.0497591	0.00061098	0.710818	0.487383	0.220724	0.00271021	0.000848734	0.00376485	
590	0.137814	0.10801	0.0297379	6.55301e-05	0.611322	0.479118	0.131913	0.000290681	0.000140373	0.000622675	
591	0.131451	0.0965064	0.0348842	6.07831e-05	0.583098	0.428087	0.154741	0.000269624	9.41735e-05	0.000417739	
592	0.116676	0.0863061	0.030302	6.78475e-05	0.517557	0.382841	0.134415	0.000300961	0.000116536	0.000516936	
593	0.105128	0.0945601	0.0105314	3.64938e-05	0.466332	0.419454	0.0467158	0.000161881	5.42486e-05	0.000240638	
594	0.0891598	0.0809993	0.00814422	1.62729e-05	0.395499	0.3593	0.0361265	7.21842e-05	3.12574e-05	0.000138653	
595	0.105971	0.0944052	0.0114902	7.60138e-05	0.470073	0.418767	0.050969	0.000337185	8.90906e-05	0.000395192	
596	0.106416	0.0908003	0.0155865	2.92683e-05	0.472045	0.402776	0.0691394	0.000129829	4.96528e-05	0.000220252	
597	0.146813	0.141806	0.00499776	9.96421e-06	0.651244	0.629031	0.0221693	4.41997e-05	1.08684e-05	4.82109e-05	
598	0.110039	0.108865	0.00117362	1.80664e-07	0.488119	0.482912	0.00520601	8.01401e-07	1.60512e-07	7.1201e-07	
599	0.102752	0.093959	0.00879365	0	0.455795	0.416788	0.0390073	0	0	0	
600	0.109693	0.108594	0.00109875	0	0.486584	0.48171	0.00487391	0	0	0	
601	0.368759	0.148935	0.212117	0.00770744	1.63576	0.660653	0.940919	0.034189	0.00770916	0.0341966	
602	0.107429	0.103182	0.00424089	5.85159e-06	0.476541	0.457703	0.0188119	2.59567e-05	8.54279e-06	3.78945e-05	
603	0.142643	0.052267	0.0903762	0	0.632744	0.231848	0.400895	0	0	0	
604	0.086422	0.0814262	0.0049946	1.19667e-06	0.383354	0.361194	0.0221553	5.30826e-06	1.29517e-06	5.7452e-06	
605	0.140092	0.0498399	0.0902521	0	0.621427	0.221082	0.400344	0	0	0	
606	0.158132	0.0943356	0.0619894	0.00180744	0.701451	0.418458	0.274975	0.00801753	0.00275999	0.0122429	
607	0.0897542	0.0786337	0.0110991	2.13419e-05	0.398136	0.348807	0.0492341	9.46697e-05	2.23062e-05	9.89471e-05	
608	0.0885004	0.0792537	0.00923552	1.11913e-05	0.392574	0.351557	0.0409673	4.96431e-05	1.21334e-05	5.38221e-05	
609	0.0919371	0.0876067	0.00432052	9.90419e-06	0.407819	0.38861	0.0191652	4.39335e-05	1.09015e-05	4.83576e-05	
610	0.100233	0.0804777	0.0194413	0.000313907	0.444618	0.356987	0.0862389	0.00139244	0.000377227	0.00167332	
611	0.060383	0.0580422	0.00234081	0	0.26785	0.257466	0.0103834	0	0	0	
612	0.0965358	0.0911206	0.00541196	3.29719e-06	0.428218	0.404197	0.0240066	1.46258e-05	3.8224e-06	1.69556e-05	
613	0.0909086	0.0770576	0.0137769	7.40426e-05	0.403256	0.341816	0.0611123	0.000328441	9.02005e-05	0.000400115	
614	0.0924969	0.0840766	0.00838007	4.01643e-05	0.410302	0.372951	0.0371727	0.000178163	5.16244e-05	0.000228998	
615	0.0930342	0.0872128	0.00581019	1.11734e-05	0.412685	0.386862	0.0257731	4.95635e-05	2.36814e-05	0.000105047	
616	0.105465	0.0894212	0.0156528	0.000391369	0.467828	0.396659	0.0694334	0.00173605	0.000404553	0.00179453	
617	0.130315	0.0921303	0.0380224	0.000162755	0.57806	0.408676	0.168662	0.000721959	0.000194003	0.000860571	
618	0.0587831	0.0561932	0.00258996	0	0.260753	0.249264	0.0114887	0	0	0	
619	0.136742	0.0993371	0.0372029	0.000202877	0.606571	0.440644	0.165026	0.000899934	0.000238511	0.00105799	
620	0.111627	0.088125	0.0235007	2.10894e-06	0.495164	0.390909	0.104245	9.35498e-06	2.22909e-06	9.88794e-06	
621	0.313456	0.186992	0.123	0.00346438	1.39044	0.829469	0.54561	0.0153675	0.00376811	0.0167147	
622	0.0409715	0.0306219	0.0103061	4.34518e-05	0.181743	0.135834	0.0457163	0.000192745	5.84929e-05	0.000259465	
623	0.0804989	0.0721657	0.00822057	0.000112733	0.357081	0.320116	0.0364652	0.000500067	0.000118799	0.000526976	
624	0.112367	0.083061	0.0291685	0.000137879	0.498444	0.368446	0.129387	0.000611611	0.000180129	0.000799027	
625	0.0733646	0.0552188	0.0181457	0	0.325434	0.244942	0.0804918	0	0	0	
626	0.0669073	0.064103	0.00280431	0	0.29679	0.284351	0.0124395	0	0	0	
627	0.0876205	0.0794508	0.00816974	0	0.388671	0.352431	0.0362397	0	0	0	
628	0.0603728	0.0603685	4.29583e-06	0	0.267804	0.267785	1.90556e-05	0	0	0	
629	0.216394	0.138207	0.0776158	0.000570543	0.959892	0.613069	0.344292	0.00253084	0.000892849	0.00396054	
630	0.170239	0.146205	0.0239311	0.000102561	0.755155	0.648545	0.106155	0.000454946	0.000140862	0.000624846	
631	0.113101	0.0962537	0.0168063	4.11157e-05	0.501699	0.426966	0.0745504	0.000182383	4.18997e-05	0.00018586	
632	0.0444614	0.0434425	0.00101895	0	0.197224	0.192704	0.00451995	0	0	0	
633	0.0655302	0.0453539	0.0201557	2.05648e-05	0.290682	0.201183	0.0894078	9.12224e-05	6.44668e-05	0.000285965	
634	0.043882	0.0421525	0.00172945	1.06941e-07	0.194654	0.186982	0.00767158	4.74375e-07	8.67608e-08	3.84858e-07	
635	0.0753757	0.0658415	0.00949587	3.83664e-05	0.334355	0.292062	0.0421222	0.000170187	5.79019e-05	0.000256844	
636	0.0764422	0.0652876	0.0111545	5.10931e-08	0.339086	0.289606	0.0494799	2.26641e-07	6.90729e-08	3.06397e-07	
637	0.078955	0.0739614	0.00498346	1.0168e-05	0.350232	0.328081	0.0221058	4.51038e-05	1.09618e-05	4.86249e-05	
638	0.139087	0.0819053	0.0571179	6.45525e-05	0.616972	0.363319	0.253366	0.000286345	7.21544e-05	0.000320066	
639	0.131127	0.0764726	0.0545944	6.02895e-05	0.581661	0.339221	0.242172	0.000267435	6.33276e-05	0.000280911	
640	0.0917363	0.0808529	0.010867	1.64383e-05	0.406928	0.358651	0.0482043	7.29181e-05	2.26907e-05	0.000100652	
641	0.0768347	0.0753715	0.00146322	0	0.340827	0.334336	0.00649065	0	0	0	
642	0.064557	0.0633581	0.00119887	0	0.286365	0.281047	0.005318	0	0	0	
643	0.183077	0.142571	0.0397237	0.000782192	0.812105	0.632427	0.176208	0.00346968	0.00119964	0.00532142	
644	0.0965491	0.0827741	0.0137749	0	0.428277	0.367173	0.0611037	0	0	0	
645	0.0840445	0.0807598	0.00328002	4.71444e-06	0.372809	0.358238	0.0145497	2.09125e-05	5.76267e-06	2.55623e-05	
646	0.128723	0.0753325	0.0533904	0	0.570995	0.334163	0.236831	0	0	0	
647	0.18965	0.1244	0.0624129	0.00283708	0.841259	0.55182	0.276854	0.0125848	0.00420802	0.0186661	
648	0.146815	0.117821	0.0289549	3.91574e-05	0.65125	0.522637	0.128439	0.000173696	5.02192e-05	0.000222765	
649	0.064668	0.0646307	3.72986e-05	0	0.286857	0.286692	0.000165451	0	0	0	
650	0.0733358	0.0733144	2.13862e-05	0	0.325306	0.325211	9.4866e-05	0	0	0	
651	0.102953	0.101962	0.000990933	1.31387e-07	0.456684	0.452288	0.00439562	5.82814e-07	1.35425e-07	6.00725e-07	
652	0.115182	0.0828433	0.0318819	0.000457359	0.510932	0.36748	0.141423	0.00202877	0.000649143	0.0028795	
653	0.10839	0.0880605	0.0203256	4.37487e-06	0.480803	0.390623	0.0901615	1.94062e-05	5.86727e-06	2.60263e-05	
654	0.125085	0.0886608	0.0362154	0.000209614	0.554861	0.393285	0.160646	0.000929818	0.000370385	0.00164297	
655	0.133874	0.0814372	0.0509567	0.00148059	0.593847	0.361243	0.226036	0.00656768	0.00205157	0.00910048	
656	0.23772	0.11898	0.11485	0.00388983	1.05449	0.527778	0.509461	0.0172547	0.00555374	0.0246355	
657	0.130506	0.0804891	0.0500174	0	0.578907	0.357037	0.221869	0	0	0	
658	0.105498	0.0757166	0.0297542	2.80379e-05	0.467977	0.335867	0.131985	0.000124372	4.39947e-05	0.000195154	
659	0.127111	0.0962484	0.0302259	0.000637622	0.563849	0.426943	0.134077	0.00282839	0.000852779	0.0037828	
660	0.16732	0.100966	0.0657618	0.00059142	0.742206	0.447873	0.291709	0.00262345	0.000984795	0.0043684	
661	0.172009	0.0988793	0.0727532	0.000377367	0.763009	0.438613	0.322722	0.00167394	0.000663856	0.00294476	
662	0.125176	0.080896	0.0442161	6.45921e-05	0.555264	0.358842	0.196135	0.000286521	8.98679e-05	0.00039864	
663	0.115892	0.080814	0.0349287	0.000149168	0.514079	0.358478	0.154938	0.000661689	0.000222288	0.000986039	
664	0.102006	0.0878253	0.0141317	4.91113e-05	0.452484	0.38958	0.0626864	0.00021785	9.77508e-05	0.000433608	
665	0.112228	0.0877195	0.024505	4.1977e-06	0.497829	0.38911	0.1087	1.86203e-05	1.06404e-05	4.71995e-05	
666	0.107386	0.0794089	0.0279235	5.4323e-05	0.476351	0.352245	0.123864	0.000240968	9.60001e-05	0.000425842	
667	0.158599	0.105437	0.0506717	0.00249011	0.703521	0.467704	0.224772	0.0110457	0.00306342	0.0135889	
668	0.104588	0.0835406	0.0210338	1.41439e-05	0.463939	0.370573	0.0933031	6.27403e-05	2.46249e-05	0.000109232	
669	0.0438497	0.0437646	8.50308e-05	0	0.19451	0.194133	0.000377183	0	0	0	
670	0.0930725	0.0831145	0.00994234	1.56364e-05	0.412855	0.368683	0.0441027	6.93608e-05	1.78551e-05	7.92028e-05	
671	0.0537231	0.050942	0.00278105	0	0.238307	0.225971	0.0123363	0	0	0	
672	0.147255	0.11263	0.0345365	8.84678e-05	0.653201	0.49961	0.153198	0.000392429	0.000177005	0.00078517	
673	0.13998	0.102063	0.037558	0.000359071	0.620934	0.452739	0.166601	0.00159278	0.000416453	0.00184732	
674	0.126171	0.0959151	0.0301895	6.69626e-05	0.559678	0.425465	0.133916	0.000297036	9.56966e-05	0.000424495	
675	0.115083	0.0816725	0.0332711	0.00013998	0.510493	0.362287	0.147585	0.000620933	0.000197498	0.000876072	
676	0.141237	0.110437	0.029993	0.000806695	0.626506	0.489883	0.133044	0.00357838	0.000952329	0.00422438	
677	0.102162	0.0939891	0.00812758	4.56858e-05	0.453176	0.416921	0.0360527	0.000202655	6.10699e-05	0.000270896	
678	0.102293	0.0807908	0.0214082	9.47199e-05	0.453759	0.358376	0.0949639	0.000420163	0.000194562	0.000863049	
679	0.129627	0.0915364	0.0380909	0	0.575007	0.406041	0.168965	0	0	0	
680	0.121724	0.111059	0.0106655	0	0.539952	0.492641	0.0473108	0	0	0	
681	0.114784	0.0983377	0.0163732	7.3125e-05	0.509164	0.436211	0.0726292	0.000324371	0.000101209	0.000448952	
682	0.10108	0.0982371	0.00284371	0	0.448379	0.435765	0.0126142	0	0	0	
683	0.102097	0.0917384	0.010359	0	0.452889	0.406937	0.0459513	0	0	0	
684	0.110258	0.0948461	0.0154037	8.35201e-06	0.489088	0.420722	0.0683285	3.70482e-05	8.33134e-06	3.69565e-05	
685	0.18315	0.141606	0.0412356	0.000308788	0.812427	0.628142	0.182915	0.00136973	0.00031027	0.00137631	
686	0.115892	0.0910745	0.0241549	0.000662513	0.514079	0.403992	0.107147	0.00293881	0.000847118	0.00375769	
687	0.0839719	0.0783074	0.0056645	0	0.372486	0.347359	0.0251268	0	0	0	
688	0.0648426	0.064638	0.000204577	0	0.287632	0.286724	0.000907476	0	0	0	
689	0.00805738	0.00719586	0.000861515	0	0.0357413	0.0319197	0.00382155	0	0	0	
690	0.0624341	0.0602038	0.0022176	1.26985e-05	0.276948	0.267055	0.00983695	5.63288e-05	1.27261e-05	5.64511e-05	
691	0.114551	0.0987265	0.0156358	0.000188892	0.508132	0.437935	0.0693584	0.0008379	0.000216258	0.000959288	
692	0.0741641	0.0733672	0.000796839	0	0.32898	0.325446	0.00353465	0	0	0	
693	0.0916955	0.0798211	0.0118743	8.54836e-08	0.406747	0.354074	0.0526729	3.79192e-07	2.31623e-07	1.02744e-06	
694	0.209967	0.155352	0.0529309	0.00168326	0.931382	0.689122	0.234793	0.00746672	0.00175651	0.00779165	
695	0.0955034	0.0798041	0.0156479	5.1353e-05	0.423638	0.353999	0.069412	0.000227794	8.64788e-05	0.000383607	
696	0.218956	0.160725	0.0569963	0.001234	0.971256	0.712955	0.252827	0.00547386	0.00133346	0.00591505	
697	0.131256	0.0832897	0.0476441	0.000322648	0.582233	0.36946	0.211342	0.00143122	0.000492598	0.00218509	
698	0.255482	0.19699	0.0576069	0.000884949	1.13328	0.873819	0.255535	0.0039255	0.00117314	0.00520389	
699	0.282028	0.186472	0.0933599	0.00219599	1.25103	0.827164	0.41413	0.00974111	0.002371	0.0105174	
700	0.0830216	0.0830216	0	0	0.368271	0.368271	0	0	0	0	
701	0.0828866	0.0828772	9.43748e-06	0	0.367672	0.36763	4.18632e-05	0	0	0	
702	0.11142	0.106886	0.00453278	5.79091e-07	0.494242	0.474133	0.0201067	2.56876e-06	1.13146e-06	5.01902e-06	
703	0.093787	0.0881555	0.00560054	3.10261e-05	0.416025	0.391044	0.0248431	0.000137627	3.1006e-05	0.000137538	
704	0.0889584	0.0799066	0.00905179	0	0.394606	0.354453	0.0401524	0	0	0	
705	0.0976249	0.0885836	0.00904135	0	0.433049	0.392943	0.040106	0	0	0	
706	0.255641	0.159093	0.0962807	0.000266524	1.13398	0.705716	0.427086	0.00118226	0.0006057	0.00268679	
707	0.0864908	0.080717	0.00577383	0	0.38366	0.358048	0.0256118	0	0	0	
708	0.0803839	0.0803839	0	0	0.35657	0.35657	0	0	0	0	
709	0.129763	0.103945	0.0254348	0.000382568	0.57561	0.461088	0.112825	0.00169701	0.000386464	0.00171429	
710	0.141409	0.0965212	0.0445178	0.000369931	0.627269	0.428153	0.197474	0.00164096	0.000483544	0.00214492	
711	0.100143	0.0811132	0.0190298	4.82979e-07	0.444221	0.359806	0.0844136	2.14242e-06	1.9935e-06	8.84287e-06	
712	0.0787606	0.0769795	0.00178104	0	0.34937	0.341469	0.00790043	0	0	0	
713	0.0887843	0.0788334	0.00995084	0	0.393833	0.349693	0.0441404	0	0	0	
714	0.0928509	0.0821117	0.0107391	0	0.411872	0.364235	0.0476371	0	0	0	
715	0.0727612	0.0704273	0.00233384	2.01418e-08	0.322757	0.312405	0.0103525	8.93462e-08	6.17985e-07	2.74129e-06	
716	0.0821482	0.0753849	0.00676211	1.14327e-06	0.364397	0.334396	0.0299957	5.07137e-06	1.21186e-06	5.37563e-06	
717	0.0979268	0.0887576	0.00916925	0	0.434388	0.393715	0.0406734	0	0	0	
718	0.116342	0.108728	0.00760244	1.10109e-05	0.516076	0.482304	0.0337232	4.8843e-05	1.56224e-05	6.92987e-05	
719	0.070691	0.0632636	0.00730854	0.00011887	0.313574	0.280628	0.0324195	0.000527291	0.000120102	0.000532754	
720	0.065517	0.0624197	0.00309728	0	0.290623	0.276884	0.013739	0	0	0	
721	0.12508	0.106896	0.0178929	0.00029068	0.554838	0.474178	0.0793704	0.00128941	0.000290673	0.00128938	
722	0.0820119	0.0812877	0.000724141	0	0.363792	0.36058	0.00321218	0	0	0	
723	0.111634	0.102593	0.00904135	0	0.495194	0.455088	0.040106	0	0	0	
724	0.0816575	0.0809202	0.000737282	0	0.36222	0.35895	0.00327047	0	0	0	
725	0.0812784	0.0627217	0.0185566	0	0.360538	0.278224	0.0823145	0	0	0	
726	0.0439816	0.0427616	0.00122001	0	0.195095	0.189684	0.00541181	0	0	0	
727	0.0893948	0.0892163	0.000178462	0	0.396542	0.39575	0.000791631	0	0	0	
728	0.101259	0.085663	0.0153283	0.000268008	0.449171	0.379988	0.0679941	0.00118884	0.00029461	0.00130684	
729	0.098104	0.0778152	0.0200821	0.000206625	0.435174	0.345176	0.0890812	0.000916557	0.000773279	0.00343015	
730	0.109619	0.105177	0.00444168	1.07809e-06	0.486257	0.46655	0.0197026	4.78225e-06	1.05847e-06	4.69523e-06	
731	0.122249	0.0947009	0.0267339	0.000814506	0.542279	0.420079	0.118587	0.00361302	0.000823945	0.00365489	
732	0.0830109	0.0775865	0.00542441	0	0.368224	0.344162	0.0240618	0	0	0	
733	0.100867	0.0922265	0.00858135	5.97655e-05	0.447433	0.409103	0.0380656	0.00026511	6.56621e-05	0.000291267	
734	0.112024	0.107137	0.00488608	6.19218e-07	0.496922	0.475246	0.0216739	2.74675e-06	5.99563e-07	2.65957e-06	
735	0.0678664	0.0659088	0.00195761	0	0.301045	0.292361	0.00868368	0	0	0	
736	0.0567542	0.0556466	0.00110759	0	0.251753	0.246839	0.00491312	0	0	0	
737	0.0979814	0.0798652	0.0181101	6.10864e-06	0.434631	0.35427	0.0803339	2.7097e-05	8.3849e-06	3.71941e-05	
738	0.119159	0.113484	0.00566333	1.09549e-05	0.528572	0.503402	0.0251217	4.85944e-05	1.1367e-05	5.04226e-05	
739	0.0650396	0.0650072	3.24659e-05	0	0.288506	0.288362	0.000144013	0	0	0	
740	0.0368517	0.0367963	5.53357e-05	0	0.163468	0.163223	0.000245461	0	0	0	
741	0.0897838	0.0866295	0.00313822	1.60395e-05	0.398267	0.384275	0.0139207	7.11488e-05	1.60193e-05	7.10595e-05	
742	0.145117	0.12329	0.0218046	2.24316e-05	0.64372	0.546899	0.0967222	9.95032e-05	2.24106e-05	9.941e-05	
743	0.0890419	0.0844098	0.00457111	6.10092e-05	0.394976	0.374429	0.0202767	0.000270627	6.09892e-05	0.000270539	
744	0.0558704	0.0555032	0.000367196	0	0.247832	0.246204	0.00162882	0	0	0	
745	0.123745	0.102009	0.0217173	1.88251e-05	0.548916	0.452498	0.096335	8.35053e-05	5.38877e-05	0.000239037	
746	0.0855757	0.0753437	0.0101965	3.54448e-05	0.3796	0.334213	0.0452301	0.000157228	5.19236e-05	0.000230325	
747	0.0865398	0.0844684	0.00207144	0	0.383877	0.374689	0.00918861	0	0	0	
748	0.103	0.0824435	0.0203568	0.000199674	0.456892	0.365707	0.0902997	0.000885725	0.000211063	0.000936244	
749	0.120602	0.112661	0.00793761	3.46287e-06	0.534976	0.49975	0.03521	1.53607e-05	3.44268e-06	1.52712e-05	
750	0.0933968	0.0823433	0.0110535	0	0.414294	0.365262	0.049032	0	0	0	
751	0.281005	0.152324	0.116668	0.0120123	1.24649	0.675689	0.517522	0.0532851	0.0132025	0.0585645	
752	0.0915969	0.076568	0.0149677	6.12284e-05	0.40631	0.339644	0.0663945	0.0002716	6.36876e-05	0.000282508	
753	0.103796	0.0927424	0.0110535	0	0.460423	0.411391	0.049032	0	0	0	
754	0.222896	0.176915	0.0459744	5.73256e-06	0.988733	0.784772	0.203935	2.54287e-05	6.5034e-06	2.88481e-05	
755	0.115665	0.0922679	0.0233971	0	0.513072	0.409286	0.103786	0	0	0	
756	0.214163	0.114316	0.099847	0	0.949996	0.50709	0.442906	0	0	0	
757	0.128124	0.0777218	0.0468475	0.0035555	0.568342	0.344762	0.207808	0.0157716	0.0037564	0.0166628	
758	0.185836	0.128118	0.0577169	1.04201e-06	0.824342	0.568314	0.256023	4.6222e-06	1.1599e-06	5.14515e-06	
759	0.125405	0.0714901	0.0526216	0.00129362	0.556279	0.317119	0.233421	0.00573832	0.00389503	0.0172777	
760	0.11282	0.0869043	0.0259162	0	0.500454	0.385494	0.11496	0	0	0	
761	0.126613	0.110118	0.0163218	0.000173375	0.561637	0.488467	0.0724012	0.000769065	0.000173354	0.000768975	
762	0.0507656	0.0507656	0	0	0.225188	0.225188	0	0	0	0	
763	0.0554493	0.0540567	0.00139253	0	0.245964	0.239787	0.00617706	0	0	0	
764	0.0799521	0.0768422	0.0031099	0	0.354655	0.34086	0.013795	0	0	0	
765	0.0867809	0.0839539	0.00282699	0	0.384947	0.372406	0.0125401	0	0	0	
766	0.0543468	0.0445749	0.0095899	0.000181961	0.241074	0.197727	0.0425393	0.000807155	0.000181941	0.000807067	
767	0.0531618	0.0432182	0.00982248	0.000121196	0.235817	0.191709	0.043571	0.000537607	0.000171547	0.000760957	
768	0.0454406	0.0453807	5.99402e-05	0	0.201567	0.201302	0.000265885	0	0	0	
769	0.0722546	0.0525528	0.0192497	0.00045208	0.32051	0.233116	0.0853888	0.00200535	0.00045265	0.00200788	
770	0.0723084	0.0566519	0.0156564	0	0.320749	0.251299	0.0694498	0	0	0	
771	0.104987	0.0783687	0.0266102	8.05842e-06	0.465706	0.347632	0.118039	3.57459e-05	8.74898e-06	3.88091e-05	
772	0.103416	0.103416	0	0	0.458741	0.458741	0	0	0	0	
773	0.102632	0.0906622	0.0119698	1.74212e-07	0.45526	0.402163	0.0530962	7.7278e-07	2.7739e-07	1.23046e-06	
774	0.0778786	0.0777454	0.000133162	0	0.345457	0.344867	0.000590686	0	0	0	
775	0.0757624	0.0757624	0	0	0.33607	0.33607	0	0	0	0	
776	0.0649947	0.0649947	0	0	0.288306	0.288306	0	0	0	0	
777	0.0744334	0.0744334	0	0	0.330175	0.330175	0	0	0	0	
778	0.0924153	0.0924153	0	0	0.40994	0.40994	0	0	0	0	
779	0.150801	0.110911	0.0398902	0	0.668931	0.491984	0.176947	0	0	0	
780	0.0498562	0.0435495	0.0063067	0	0.221154	0.193179	0.0279755	0	0	0	
781	0.0580916	0.0425488	0.0155427	0	0.257685	0.18874	0.0689454	0	0	0	
782	0.107563	0.0953126	0.0122451	6.10389e-06	0.477136	0.422792	0.0543175	2.70759e-05	6.08362e-06	2.6986e-05	
783	0.224593	0.13511	0.0845733	0.00490977	0.996262	0.599329	0.375154	0.021779	0.00808224	0.0358516	
784	0.0718718	0.0718718	0	0	0.318812	0.318812	0	0	0	0	
785	0.133667	0.0754808	0.0581695	1.72374e-05	0.592929	0.334821	0.258031	7.64628e-05	4.31558e-05	0.000191432	
786	0.12693	0.095086	0.0318445	0	0.563044	0.421787	0.141257	0	0	0	
787	0.181008	0.0842166	0.0950957	0.00169624	0.802926	0.373572	0.42183	0.00752426	0.00493624	0.0218964	
788	0.140039	0.0918175	0.0480082	0.000213889	0.621194	0.407288	0.212957	0.000948779	0.000245204	0.00108769	
789	0.103129	0.102996	0.000133162	0	0.457468	0.456878	0.000590686	0	0	0	
790	0.118881	0.0847301	0.0341517	0	0.527342	0.37585	0.151492	0	0	0	
791	0.127599	0.0875106	0.0400573	3.10662e-05	0.566009	0.388183	0.177688	0.000137805	4.35522e-05	0.000193191	
792	0.0949493	0.0827774	0.0121715	3.41573e-07	0.42118	0.367188	0.0539912	1.51517e-06	3.21293e-07	1.4252e-06	
793	0.240195	0.147965	0.0875687	0.00466089	1.06547	0.656354	0.388441	0.020675	0.00483217	0.0214348	
794	0.104385	0.0899927	0.0143914	1.13866e-06	0.463037	0.399194	0.0638381	5.05095e-06	1.11945e-06	4.96572e-06	
795	0.128183	0.106067	0.0220661	4.99411e-05	0.568603	0.4705	0.097882	0.000221531	8.45375e-05	0.000374995	
796	0.0942427	0.0942427	0	0	0.418046	0.418046	0	0	0	0	
797	0.054214	0.0535174	0.000696545	0	0.240485	0.237395	0.00308977	0	0	0	
798	0.187926	0.104306	0.0830937	0.000526962	0.833615	0.462686	0.368591	0.00233752	0.00125342	0.00556002	
799	0.185007	0.12994	0.0549056	0.000161174	0.820665	0.576397	0.243553	0.000714946	0.000220421	0.000977754	
800	0.203324	0.15954	0.043773	1.08284e-05	0.901914	0.707695	0.19417	4.80333e-05	1.0808e-05	4.79426e-05	
801	0.160768	0.0856938	0.0745386	0.000536192	0.713145	0.380124	0.330642	0.00237846	0.00103226	0.00457898	
802	0.113704	0.0867744	0.0268481	8.20983e-05	0.504376	0.384918	0.119094	0.000364175	0.000130632	0.000579463	
803	0.0837113	0.0837113	0	0	0.37133	0.37133	0	0	0	0	
804	0.188127	0.151774	0.0358699	0.000483175	0.834507	0.67325	0.159113	0.00214329	0.000483634	0.00214532	
805	0.195594	0.144617	0.0507542	0.00022293	0.867627	0.6415	0.225137	0.000988887	0.00048948	0.00217125	
806	0.152091	0.107466	0.0430828	0.00154217	0.674655	0.476705	0.191109	0.00684086	0.00261441	0.0115971	
807	0.134557	0.119932	0.0145784	4.67904e-05	0.596876	0.532001	0.0646677	0.000207555	6.33671e-05	0.000281086	
808	0.167384	0.153374	0.014007	2.27804e-06	0.742491	0.680348	0.0621333	1.0105e-05	2.54516e-06	1.12899e-05	
809	0.171555	0.11276	0.0586657	0.00012874	0.760992	0.500189	0.260232	0.000571074	0.000211493	0.000938151	
810	0.0796542	0.0783316	0.00131844	4.11408e-06	0.353333	0.347467	0.0058484	1.82494e-05	4.09392e-06	1.816e-05	
811	0.124727	0.0975943	0.027038	9.53219e-05	0.553273	0.432913	0.119936	0.000422833	0.000108329	0.000480531	
812	0.174231	0.11271	0.0609705	0.000550298	0.772862	0.499965	0.270456	0.00244104	0.000808477	0.00358628	
813	0.0642687	0.0642687	0	0	0.285086	0.285086	0	0	0	0	
814	0.106088	0.0818736	0.0242095	5.51938e-06	0.470593	0.363179	0.10739	2.44831e-05	1.09342e-05	4.85028e-05	
815	0.149408	0.133256	0.0159205	0.000230799	0.662751	0.591106	0.0706213	0.00102379	0.000235048	0.00104263	
816	0.260343	0.156531	0.10087	0.00294115	1.15484	0.69435	0.447447	0.0130465	0.00450048	0.0199634	
817	0.147852	0.0976305	0.0499458	0.0002761	0.655851	0.433074	0.221552	0.00122473	0.000443737	0.00196835	
818	0.176744	0.124827	0.0517827	0.000134426	0.784011	0.553714	0.2297	0.000596296	0.000703189	0.00311924	
819	0.0672618	0.0672618	0	0	0.298363	0.298363	0	0	0	0	
820	0.0930664	0.0911648	0.00190154	0	0.412828	0.404393	0.00843494	0	0	0	
821	0.0277481	0.0276862	6.18587e-05	0	0.123086	0.122812	0.000274395	0	0	0	
822	0.0952244	0.0846428	0.0105799	1.56727e-06	0.422401	0.375463	0.0469312	6.95219e-06	2.17924e-06	9.6668e-06	
823	0.0622701	0.059269	0.00297508	2.60907e-05	0.276221	0.262908	0.013197	0.000115734	2.60707e-05	0.000115645	
824	0.120122	0.120093	2.86088e-05	0	0.532845	0.532718	0.000126904	0	0	0	
825	0.0790621	0.0788678	0.000194364	0	0.350707	0.349845	0.000862173	0	0	0	
826	0.114596	0.106537	0.00805879	0	0.508331	0.472584	0.0357475	0	0	0	
827	0.0846615	0.0844386	0.000222842	8.58646e-08	0.375545	0.374556	0.000988495	3.80882e-07	6.56799e-08	2.91346e-07	
828	0.173489	0.10404	0.0691497	0.000299153	0.769572	0.461508	0.306737	0.00132699	0.000572972	0.00254161	
829	0.133058	0.101932	0.0311259	0	0.590226	0.452156	0.13807	0	0	0	
830	0.154503	0.134413	0.02009	0	0.685355	0.596238	0.0891163	0	0	0	
831	0.101013	0.101013	0	0	0.448081	0.448081	0	0	0	0	
832	0.0873365	0.0841569	0.00317014	9.46355e-06	0.387411	0.373307	0.0140622	4.19789e-05	1.19902e-05	5.31869e-05	
833	0.0902539	0.0887333	0.00152056	0	0.400352	0.393607	0.00674501	0	0	0	
834	0.0985508	0.0982564	0.000294382	0	0.437156	0.43585	0.00130583	0	0	0	
835	0.098268	0.0969173	0.00135069	0	0.435901	0.42991	0.00599146	0	0	0	
836	0.132667	0.116573	0.0160812	1.31683e-05	0.588493	0.517101	0.0713338	5.84126e-05	1.36826e-05	6.06942e-05	
837	0.127471	0.120527	0.00688046	6.34662e-05	0.565444	0.534642	0.0305207	0.000281526	6.67031e-05	0.000295884	
838	0.147061	0.0975956	0.049197	0.000268397	0.65234	0.432919	0.21823	0.00119057	0.000324225	0.00143821	
839	0.202797	0.152775	0.0496314	0.000389987	0.899577	0.67769	0.220157	0.00172992	0.000446256	0.00197952	
840	0.109434	0.0768459	0.0325887	1.61887e-07	0.485436	0.340877	0.144558	7.18108e-07	2.84239e-07	1.26084e-06	
841	0.112945	0.0801066	0.032784	5.48304e-05	0.501009	0.35534	0.145425	0.000243219	5.6887e-05	0.000252342	
842	0.103577	0.0981211	0.005456	0	0.459452	0.43525	0.024202	0	0	0	
843	0.140036	0.121639	0.0183099	8.68995e-05	0.621181	0.539575	0.0812199	0.000385473	9.88753e-05	0.000438596	
844	0.115264	0.110121	0.00513137	1.1934e-05	0.511297	0.488482	0.022762	5.29375e-05	1.19139e-05	5.28482e-05	
845	0.19261	0.134713	0.055421	0.00247609	0.854391	0.597568	0.245839	0.0109835	0.00262919	0.0116626	
846	0.10183	0.0940094	0.0078214	0	0.451706	0.417011	0.0346945	0	0	0	
847	0.111324	0.0958585	0.0154522	1.40745e-05	0.493819	0.425213	0.0685436	6.24326e-05	1.40539e-05	6.23413e-05	
848	0.106552	0.102743	0.00380879	0	0.472651	0.455755	0.0168952	0	0	0	
849	0.0995384	0.0968094	0.00272829	7.43024e-07	0.441537	0.429432	0.0121023	3.29594e-06	1.34638e-06	5.97234e-06	
850	0.080581	0.0801051	0.000475894	0	0.357445	0.355334	0.00211099	0	0	0	
851	0.0646518	0.0645413	0.000110492	0	0.286785	0.286295	0.000490125	0	0	0	
852	0.0958407	0.0847833	0.0110328	2.45361e-05	0.425134	0.376086	0.0489401	0.000108838	3.29015e-05	0.000145946	
853	0.106769	0.103425	0.00334385	0	0.473611	0.458778	0.0148328	0	0	0	
854	0.0965078	0.0944892	0.00201813	4.54316e-07	0.428094	0.41914	0.00895212	2.01527e-06	6.4528e-07	2.86236e-06	
855	0.110542	0.0931869	0.0168006	0.000554756	0.490349	0.413363	0.0745253	0.00246081	0.000554736	0.00246072	
856	0.112252	0.103589	0.00866329	0	0.497936	0.459507	0.038429	0	0	0	
857	0.0633375	0.0633375	0	0	0.280955	0.280955	0	0	0	0	
858	0.101089	0.0853223	0.015765	2.64242e-06	0.448419	0.378476	0.0699313	1.17214e-05	5.31304e-06	2.35678e-05	
859	0.123591	0.111826	0.0117651	0	0.548231	0.496043	0.0521884	0	0	0	
860	0.0926902	0.0840269	0.00866329	0	0.41116	0.37273	0.038429	0	0	0	
861	0.0862425	0.0861812	6.12084e-05	0	0.382558	0.382287	0.000271511	0	0	0	
862	0.0923569	0.078735	0.0136093	1.25715e-05	0.409681	0.349256	0.0603688	5.57654e-05	1.31263e-05	5.82263e-05	
863	0.116821	0.114871	0.00195003	0	0.5182	0.50955	0.00865005	0	0	0	
864	0.107476	0.095022	0.0124541	0	0.476748	0.421503	0.0552447	0	0	0	
865	0.117082	0.116421	0.000661495	0	0.51936	0.516426	0.00293429	0	0	0	
866	0.0763833	0.0756596	0.00072374	0	0.338825	0.335614	0.0032104	0	0	0	
867	0.0862139	0.0862139	0	0	0.382432	0.382432	0	0	0	0	
868	0.104214	0.0995332	0.0046651	1.64403e-05	0.46228	0.441514	0.0206936	7.29269e-05	1.642e-05	7.28369e-05	
869	0.0959259	0.0942189	0.00170327	3.74232e-06	0.425513	0.417941	0.00755548	1.66003e-05	3.74984e-06	1.66337e-05	
870	0.132828	0.125706	0.00712146	0	0.589205	0.557615	0.0315897	0	0	0	
871	0.108261	0.0984859	0.00977316	2.51704e-06	0.480232	0.436868	0.0433522	1.11652e-05	2.4969e-06	1.10758e-05	
872	0.0417363	0.0417363	0	0	0.185135	0.185135	0	0	0	0	
873	0.0998687	0.0995939	0.000274862	0	0.443002	0.441783	0.00121924	0	0	0	
874	0.0993705	0.0905928	0.00877768	0	0.440792	0.401856	0.0389364	0	0	0	
875	0.0812449	0.0812449	0	0	0.36039	0.36039	0	0	0	0	
876	0.0443225	0.0443225	0	0	0.196608	0.196608	0	0	0	0	
877	0.0943083	0.0873716	0.00693075	6.05595e-06	0.418337	0.387567	0.0307437	2.68632e-05	7.13268e-06	3.16395e-05	
878	0.0995792	0.0990705	0.0005087	0	0.441718	0.439461	0.00225651	0	0	0	
879	0.086984	0.086984	0	0	0.385847	0.385847	0	0	0	0	
880	0.0912222	0.0874356	0.00378665	0	0.404648	0.387851	0.016797	0	0	0	
881	0.0802211	0.0791087	0.00111038	2.03084e-06	0.355848	0.350914	0.00492552	9.00853e-06	2.01067e-06	8.91905e-06	
882	0.0929297	0.0892057	0.00372192	2.05639e-06	0.412222	0.395703	0.0165098	9.12186e-06	2.03626e-06	9.03255e-06	
883	0.0591038	0.0591038	0	0	0.262175	0.262175	0	0	0	0	
884	0.0786023	0.0786023	0	0	0.348668	0.348668	0	0	0	0	
885	0.0892904	0.0892904	0	0	0.396079	0.396079	0	0	0	0	
886	0.102258	0.101464	0.000794508	0	0.453604	0.450079	0.00352431	0	0	0	
887	0.0659453	0.0659453	0	0	0.292523	0.292523	0	0	0	0	
888	0.0965833	0.0965833	0	0	0.428429	0.428429	0	0	0	0	
889	0.0659254	0.064462	0.00146334	0	0.292435	0.285944	0.00649115	0	0	0	
890	0.0955357	0.0914148	0.0041086	1.23556e-05	0.423782	0.405502	0.0182251	5.48079e-05	1.23356e-05	5.4719e-05	
891	0.0418486	0.041172	0.000676565	0	0.185634	0.182633	0.00300114	0	0	0	
892	0.0584061	0.0584061	0	0	0.25908	0.25908	0	0	0	0	
893	0.0866851	0.0866851	0	0	0.384522	0.384522	0	0	0	0	
894	0.0835746	0.0835746	0	0	0.370724	0.370724	0	0	0	0	
895	0.0798495	0.0798495	0	0	0.3542	0.3542	0	0	0	0	
896	0.0786452	0.0786452	0	0	0.348858	0.348858	0	0	0	0	
897	0.0726783	0.0715457	0.00113265	0	0.32239	0.317366	0.00502429	0	0	0	
898	0.0729813	0.0729813	0	0	0.323734	0.323734	0	0	0	0	
899	0.0980562	0.0954908	0.00256542	0	0.434962	0.423582	0.0113798	0	0	0	
900	0.0817027	0.0817027	0	0	0.36242	0.36242	0	0	0	0	
901	0.173139	0.112178	0.0601385	0.000822101	0.76802	0.497607	0.266765	0.00364671	0.0010206	0.00452724	
902	0.0754144	0.0750846	0.000329821	0	0.334527	0.333064	0.00146303	0	0	0	
903	0.203546	0.116045	0.0831197	0.00438121	0.9029	0.514759	0.368706	0.0194344	0.00977292	0.0433512	
904	0.0677542	0.0677542	0	0	0.300547	0.300547	0	0	0	0	
905	0.156066	0.0928378	0.0632288	0	0.692288	0.411814	0.280473	0	0	0	
906	0.183731	0.130633	0.0524896	0.000608367	0.815003	0.579468	0.232836	0.00269862	0.000608347	0.00269853	
907	0.0803781	0.0803557	2.23981e-05	0	0.356545	0.356445	9.93549e-05	0	0	0	
908	0.112753	0.0993441	0.013409	3.10539e-07	0.500157	0.440675	0.0594802	1.3775e-06	1.66452e-06	7.38359e-06	
909	0.10639	0.10561	0.000780194	0	0.471931	0.46847	0.00346082	0	0	0	
910	0.112729	0.0902779	0.0224519	0	0.500052	0.400459	0.0995934	0	0	0	
911	0.118916	0.106757	0.0120053	0.000153323	0.527496	0.473562	0.053254	0.000680118	0.000160005	0.000709758	
912	0.105171	0.0960287	0.00906966	7.32341e-05	0.466525	0.425968	0.0402316	0.000324855	7.3214e-05	0.000324766	
913	0.113599	0.0988622	0.0147196	1.7168e-05	0.503908	0.438537	0.0652941	7.61549e-05	1.71477e-05	7.60648e-05	
914	0.0768283	0.0768283	0	0	0.340798	0.340798	0	0	0	0	
915	0.108935	0.0918791	0.0170458	1.01738e-05	0.48322	0.407562	0.0756129	4.51295e-05	1.0567e-05	4.68737e-05	
916	0.107042	0.107042	0	0	0.474825	0.474825	0	0	0	0	
917	0.1172	0.0927471	0.0244421	1.15196e-05	0.519885	0.411412	0.108421	5.10995e-05	3.75351e-05	0.0001665	
918	0.122869	0.0891165	0.033595	0.000157799	0.54503	0.395307	0.149022	0.000699975	0.000227006	0.00100696	
919	0.090915	0.0864048	0.0045102	0	0.403285	0.383278	0.0200065	0	0	0	
920	0.116408	0.0859696	0.0303136	0.000125507	0.516371	0.381348	0.134466	0.000556733	0.000176289	0.000781992	
921	0.0383873	0.0383873	0	0	0.17028	0.17028	0	0	0	0	
922	0.0192844	0.0191829	0.000101504	0	0.0855428	0.0850925	0.000450259	0	0	0	
923	0.0598575	0.0593195	0.000538012	0	0.265518	0.263132	0.00238654	0	0	0	
924	0.0584651	0.0517962	0.00661784	5.10815e-05	0.259342	0.22976	0.0293557	0.000226589	5.1061e-05	0.000226498	
925	0.0474273	0.0449332	0.00247722	1.69173e-05	0.21038	0.199317	0.0109886	7.50428e-05	1.68971e-05	7.49534e-05	
926	0.0642422	0.0589565	0.00528573	0	0.284968	0.261522	0.0234467	0	0	0	
927	0.078733	0.077469	0.00126401	0	0.349247	0.34364	0.00560698	0	0	0	
928	0.0993177	0.0953639	0.00395385	0	0.440558	0.423019	0.0175387	0	0	0	
929	0.0457587	0.0431051	0.00263429	1.9349e-05	0.202978	0.191207	0.0116853	8.58296e-05	1.93289e-05	8.57403e-05	
930	0.0765519	0.0749537	0.00159824	0	0.339573	0.332483	0.00708956	0	0	0	
931	0.0920894	0.0827879	0.00926185	3.96935e-05	0.408494	0.367234	0.0410841	0.000176074	3.96733e-05	0.000175984	
932	0.0855512	0.0843535	0.00119777	0	0.379492	0.374179	0.00531314	0	0	0	
933	0.0478402	0.0478402	0	0	0.212212	0.212212	0	0	0	0	
934	0.046656	0.0455813	0.0010747	0	0.206958	0.202191	0.00476724	0	0	0	
935	0.088771	0.0779213	0.0108067	4.29688e-05	0.393774	0.345647	0.0479369	0.000190603	4.54908e-05	0.00020179	
936	0.07719	0.0760171	0.00117296	0	0.342403	0.3372	0.00520309	0	0	0	
937	0.0620614	0.0620614	0	0	0.275295	0.275295	0	0	0	0	
938	0.0675146	0.0675146	0	0	0.299484	0.299484	0	0	0	0	
939	0.0731088	0.0731088	0	0	0.324299	0.324299	0	0	0	0	
940	0.075665	0.074698	0.000967034	0	0.335638	0.331349	0.00428962	0	0	0	
941	0.0689259	0.0689259	0	0	0.305744	0.305744	0	0	0	0	
942	0.0710422	0.0710422	0	0	0.315132	0.315132	0	0	0	0	
943	0.0804651	0.0804651	0	0	0.356931	0.356931	0	0	0	0	
944	0.0638021	0.0638021	0	0	0.283016	0.283016	0	0	0	0	
945	0.0635208	0.0635208	0	0	0.281769	0.281769	0	0	0	0	
946	0.065825	0.065825	0	0	0.291989	0.291989	0	0	0	0	
947	0.096115	0.096115	0	0	0.426351	0.426351	0	0	0	0	
948	0.0639544	0.0544301	0.00952422	0	0.283692	0.241444	0.042248	0	0	0	
949	0.0649443	0.0649443	0	0	0.288083	0.288083	0	0	0	0	
950	0.0863975	0.0863975	0	0	0.383246	0.383246	0	0	0	0	
951	0.116435	0.116435	0	0	0.516488	0.516488	0	0	0	0	
952	0.0506555	0.0496885	0.000967034	0	0.2247	0.22041	0.00428962	0	0	0	
953	0.0535092	0.0535092	0	0	0.237358	0.237358	0	0	0	0	
954	0.0873057	0.0867385	0.000567208	0	0.387275	0.384759	0.00251605	0	0	0	
955	0.0894342	0.0894342	0	0	0.396716	0.396716	0	0	0	0	
956	0.0520545	0.0498945	0.00215991	0	0.230905	0.221324	0.00958107	0	0	0	
957	0.0792816	0.0792816	0	0	0.351681	0.351681	0	0	0	0	
958	0.0800938	0.069581	0.0105127	0	0.355284	0.308651	0.0466328	0	0	0	
959	0.0912884	0.0912884	0	0	0.404941	0.404941	0	0	0	0	
960	0.056879	0.056879	0	0	0.252306	0.252306	0	0	0	0	
961	0.0769499	0.0752044	0.00174553	0	0.341338	0.333595	0.00774291	0	0	0	
962	0.098472	0.098318	0.000153983	0	0.436806	0.436123	0.000683049	0	0	0	
963	0.146388	0.146234	0.000153983	0	0.649356	0.648673	0.000683049	0	0	0	
964	0.105254	0.104686	0.000567208	0	0.466891	0.464375	0.00251605	0	0	0	
965	0.154783	0.0965232	0.0582597	0	0.686594	0.428162	0.258431	0	0	0	
966	0.160234	0.101974	0.0582597	0	0.710773	0.452342	0.258431	0	0	0	
967	0.0444693	0.0444693	0	0	0.197259	0.197259	0	0	0	0	
968	0.0708805	0.0708805	0	0	0.314415	0.314415	0	0	0	0	
969	0.203496	0.178403	0.0249711	0.000122499	0.902681	0.79137	0.110768	0.00054339	0.000128958	0.000572041	
970	0.220691	0.174187	0.0463902	0.000113403	0.978951	0.772669	0.205779	0.000503038	0.00021019	0.000932373	
