Node	dPC	dPCintra	dPCflux	dPCconnector	varPC	varPCintra	varPCflux	varPCconnector	dBC_PC	varBC_PC	
1	0.175085	0.165649	0.00943432	2.1467e-06	0.778593	0.736629	0.0419537	9.54623e-06	2.12062e-06	9.43023e-06	
2	0.0928429	0.0833867	0.00941733	3.89203e-05	0.412865	0.370813	0.0418781	0.000173075	5.39843e-05	0.000240063	
3	0.0939053	0.0816906	0.0121973	1.73399e-05	0.417589	0.363271	0.0542406	7.71094e-05	2.6047e-05	0.000115829	
4	0.0573473	0.0573473	0	0	0.255019	0.255019	0	0	0	0	
5	0.11007	0.106117	0.003953	0	0.489473	0.471894	0.0175787	0	0	0	
6	0.0948663	0.0893814	0.0054408	4.41296e-05	0.421862	0.397471	0.0241948	0.00019624	4.41033e-05	0.000196124	
7	0.0877045	0.0860871	0.00161735	0	0.390014	0.382822	0.00719223	0	0	0	
8	0.120098	0.102879	0.0172197	0	0.534069	0.457494	0.0765749	0	0	0	
9	0.0876283	0.0865158	0.00111031	2.20556e-06	0.389676	0.384729	0.00493749	9.80796e-06	2.17931e-06	9.69123e-06	
10	0.0594876	0.0592698	0.000217808	0	0.264536	0.263568	0.000968577	0	0	0	
11	0.0846501	0.079111	0.00553906	0	0.376432	0.3518	0.0246317	0	0	0	
12	0.095922	0.0944774	0.00144087	3.72094e-06	0.426557	0.420133	0.00640744	1.65467e-05	4.45579e-06	1.98145e-05	
13	0.103077	0.103077	0	0	0.458377	0.458377	0	0	0	0	
14	0.0838328	0.0834812	0.000351604	0	0.372797	0.371234	0.00156355	0	0	0	
15	0.096979	0.0928076	0.00417142	0	0.431258	0.412708	0.0185499	0	0	0	
16	0.0733536	0.0733536	0	0	0.326197	0.326197	0	0	0	0	
17	0.0865783	0.0845739	0.00200323	1.26444e-06	0.385007	0.376093	0.00890822	5.62287e-06	1.23816e-06	5.50601e-06	
18	0.0731842	0.0722231	0.000961104	0	0.325444	0.32117	0.00427395	0	0	0	
19	0.0875018	0.0843868	0.00311053	4.50128e-06	0.389113	0.375261	0.0138322	2.00168e-05	4.47501e-06	1.99e-05	
20	0.0591807	0.0591807	0	0	0.263171	0.263171	0	0	0	0	
21	0.083964	0.0818324	0.00212875	2.81468e-06	0.373381	0.363902	0.00946638	1.25166e-05	2.78844e-06	1.23999e-05	
22	0.0899821	0.0876588	0.0023167	6.60021e-06	0.400143	0.389811	0.0103021	2.93506e-05	7.34685e-06	3.26708e-05	
23	0.0987922	0.0950595	0.00371625	1.64708e-05	0.439321	0.422722	0.0165258	7.32444e-05	1.83492e-05	8.15974e-05	
24	0.0660297	0.0651576	0.000872082	0	0.293629	0.289751	0.00387807	0	0	0	
25	0.121579	0.115651	0.00592384	4.80915e-06	0.540656	0.514291	0.0263428	2.13859e-05	4.89819e-06	2.17818e-05	
26	0.0859872	0.0843698	0.00161587	1.59944e-06	0.382378	0.375185	0.00718565	7.11262e-06	1.5732e-06	6.99592e-06	
27	0.078828	0.0763137	0.00251424	0	0.350541	0.339361	0.0111806	0	0	0	
28	0.0621788	0.0621788	0	0	0.276504	0.276504	0	0	0	0	
29	0.103977	0.10138	0.00259683	0	0.462377	0.450829	0.0115479	0	0	0	
30	0.164725	0.149	0.0156711	5.42783e-05	0.732521	0.662592	0.0696882	0.000241371	5.43388e-05	0.00024164	
31	0.140974	0.138561	0.00241085	1.8963e-06	0.626903	0.616173	0.0107208	8.43269e-06	1.87008e-06	8.3161e-06	
32	0.145107	0.139025	0.00607643	4.88521e-06	0.645279	0.618236	0.0270214	2.17241e-05	5.35215e-06	2.38005e-05	
33	0.0776325	0.0767293	0.000903272	0	0.345225	0.341209	0.00401677	0	0	0	
34	0.10125	0.0972588	0.0039907	6.56614e-07	0.450251	0.432502	0.0177463	2.91991e-06	2.40641e-06	1.07011e-05	
35	0.0637141	0.0610302	0.00266818	1.57191e-05	0.283331	0.271396	0.0118652	6.99017e-05	1.57185e-05	6.98992e-05	
36	0.0815744	0.081248	0.000326403	0	0.362755	0.361303	0.00145148	0	0	0	
37	0.179173	0.095088	0.0836841	0.000401768	0.796772	0.422848	0.372136	0.00178663	0.00609033	0.0270832	
38	0.0802578	0.0785022	0.00175561	0	0.3569	0.349093	0.00780709	0	0	0	
39	0.0881927	0.0839936	0.00416939	2.97562e-05	0.392186	0.373513	0.0185409	0.000132323	3.05629e-05	0.000135911	
40	0.104131	0.101064	0.00306654	9.20419e-07	0.463064	0.449424	0.0136366	4.09302e-06	1.35918e-06	6.04417e-06	
41	0.0984916	0.0960334	0.0024512	7.02367e-06	0.437984	0.427053	0.0109003	3.12337e-05	6.99749e-06	3.11173e-05	
42	0.0749068	0.0740183	0.00088855	0	0.333104	0.329153	0.00395131	0	0	0	
43	0.061728	0.0553922	0.00633541	3.6077e-07	0.274499	0.246325	0.028173	1.60431e-06	2.0068e-06	8.9241e-06	
44	0.0652024	0.0646723	0.000530056	0	0.289949	0.287592	0.00235711	0	0	0	
45	0.0575873	0.0521969	0.0053904	0	0.256086	0.232115	0.0239706	0	0	0	
46	0.0919153	0.0852182	0.00669706	0	0.40874	0.378958	0.0297812	0	0	0	
47	0.136197	0.134995	0.00120259	0	0.60566	0.600312	0.00534784	0	0	0	
48	0.107939	0.0851222	0.0226793	0.000138481	0.48	0.378531	0.100853	0.000615814	0.000170285	0.000757245	
49	0.166171	0.158542	0.00762334	5.90244e-06	0.738951	0.705025	0.0339003	2.62476e-05	5.87617e-06	2.61308e-05	
50	0.0996276	0.0953743	0.00424291	1.04237e-05	0.443036	0.424122	0.0188679	4.63537e-05	1.06006e-05	4.714e-05	
51	0.0847645	0.0847645	0	0	0.376941	0.376941	0	0	0	0	
52	0.0789123	0.076323	0.00258929	0	0.350916	0.339402	0.0115143	0	0	0	
53	0.0978214	0.0950753	0.00274547	7.10784e-07	0.435004	0.422792	0.0122089	3.16079e-06	7.49337e-07	3.33224e-06	
54	0.0925749	0.0908615	0.00171319	2.61516e-07	0.411673	0.404053	0.00761845	1.16294e-06	2.37724e-07	1.05714e-06	
55	0.0994635	0.0928734	0.00658008	9.98658e-06	0.442306	0.413	0.029261	4.44095e-05	1.36365e-05	6.06408e-05	
56	0.118772	0.112185	0.00658664	0	0.528169	0.498879	0.0292902	0	0	0	
57	0.101386	0.100904	0.000482142	0	0.450857	0.448712	0.00214404	0	0	0	
58	0.121663	0.0914665	0.0301419	5.48226e-05	0.541027	0.406744	0.134038	0.000243791	0.000105857	0.00047074	
59	0.18414	0.112232	0.0718356	7.2327e-05	0.818857	0.499087	0.319447	0.000321632	8.99961e-05	0.000400205	
60	0.0747823	0.0737242	0.00105805	0	0.332551	0.327845	0.0047051	0	0	0	
61	0.0882143	0.0872837	0.000930591	0	0.392282	0.388143	0.00413826	0	0	0	
62	0.101158	0.0935761	0.0075658	1.65109e-05	0.449843	0.416125	0.0336445	7.34229e-05	2.00325e-05	8.90833e-05	
63	0.12414	0.0940615	0.0299538	0.000125294	0.552043	0.418284	0.133202	0.000557172	0.000174479	0.000775895	
64	0.0984964	0.0969717	0.00152443	3.12032e-07	0.438005	0.431225	0.00677902	1.38758e-06	2.85793e-07	1.2709e-06	
65	0.108673	0.102731	0.00593357	8.93218e-06	0.483263	0.456837	0.0263861	3.97207e-05	8.93476e-06	3.97321e-05	
66	0.112399	0.101081	0.0113133	4.9482e-06	0.499833	0.449501	0.0503097	2.20042e-05	4.92232e-06	2.18892e-05	
67	0.179521	0.137545	0.0419528	2.24851e-05	0.798315	0.611654	0.18656	9.99897e-05	3.71852e-05	0.000165359	
68	0.0953569	0.0799849	0.0153719	0	0.424044	0.355686	0.068358	0	0	0	
69	0.117381	0.113922	0.00344895	9.87377e-06	0.521984	0.506603	0.0153372	4.39078e-05	1.37161e-05	6.09944e-05	
70	0.0782786	0.0764609	0.00180817	9.51957e-06	0.348098	0.340015	0.00804079	4.23328e-05	9.71416e-06	4.31981e-05	
71	0.0619557	0.0442499	0.0177058	0	0.275512	0.196775	0.0787364	0	0	0	
72	0.179433	0.129657	0.0495898	0.000186664	0.797927	0.576575	0.220522	0.000830083	0.000233563	0.00103863	
73	0.0797853	0.0597427	0.0200426	0	0.354799	0.265671	0.0891279	0	0	0	
74	0.124357	0.106134	0.0181122	0.000110306	0.553007	0.471973	0.0805435	0.000490525	0.000130984	0.000582477	
75	0.181891	0.143004	0.0384837	0.000403902	0.808857	0.635927	0.171133	0.00179612	0.000554345	0.00246512	
76	0.151161	0.140455	0.0105995	0.000106388	0.672201	0.624593	0.0471353	0.000473101	0.000109189	0.000485558	
77	0.0890621	0.0890621	0	0	0.396052	0.396052	0	0	0	0	
78	0.138466	0.0981086	0.040324	3.3672e-05	0.615748	0.436281	0.179317	0.000149737	4.4755e-05	0.000199021	
79	0.157973	0.136177	0.0216424	0.000153717	0.702493	0.605568	0.096242	0.000683567	0.000275038	0.00122307	
80	0.136172	0.124365	0.0117995	7.30481e-06	0.605548	0.553044	0.0524717	3.24839e-05	1.02373e-05	4.55245e-05	
81	0.108907	0.105542	0.00336567	0	0.484304	0.469337	0.0149668	0	0	0	
82	0.24254	0.160082	0.0811811	0.00127687	1.07855	0.711875	0.361005	0.00567814	0.00160266	0.00712691	
83	0.154174	0.124358	0.0297329	8.28299e-05	0.6856	0.553012	0.132219	0.000368338	9.61945e-05	0.000427769	
84	0.1114	0.0955428	0.0158561	1.87474e-06	0.49539	0.424871	0.070511	8.33683e-06	3.0636e-06	1.36235e-05	
85	0.144282	0.100431	0.0438511	0	0.641611	0.446609	0.195002	0	0	0	
86	0.166529	0.145232	0.0211739	0.000122407	0.740542	0.645839	0.0941588	0.000544336	0.000154531	0.000687188	
87	0.0803176	0.0770875	0.0032301	0	0.357166	0.342802	0.014364	0	0	0	
88	0.0820871	0.0810837	0.00100264	6.99425e-07	0.365034	0.360573	0.00445869	3.11029e-06	6.73186e-07	2.9936e-06	
89	0.0791159	0.0764403	0.00266747	8.20324e-06	0.351822	0.339923	0.011862	3.64791e-05	9.56096e-06	4.25168e-05	
90	0.105592	0.0981409	0.00744982	1.95269e-06	0.469562	0.436425	0.0331287	8.68347e-06	8.44789e-06	3.75671e-05	
91	0.103387	0.101689	0.00169762	0	0.459756	0.452207	0.0075492	0	0	0	
92	0.0853612	0.083304	0.00205349	3.76804e-06	0.379594	0.370446	0.00913171	1.67562e-05	4.08036e-06	1.8145e-05	
93	0.095997	0.0896719	0.00631785	7.28098e-06	0.426891	0.398764	0.0280949	3.23779e-05	9.30844e-06	4.13939e-05	
94	0.0890043	0.0852004	0.00380388	0	0.395795	0.378879	0.0169155	0	0	0	
95	0.151401	0.13063	0.0207562	1.49527e-05	0.67327	0.580902	0.0923011	6.64936e-05	4.1236e-05	0.000183373	
96	0.19942	0.158543	0.0407903	8.62258e-05	0.886805	0.70503	0.181391	0.000383439	9.59361e-05	0.00042662	
97	0.108772	0.0941025	0.0146236	4.59347e-05	0.4837	0.418466	0.06503	0.000204268	5.58136e-05	0.000248198	
98	0.108948	0.0890427	0.0199053	0	0.484483	0.395965	0.0885175	0	0	0	
99	0.1059	0.0998323	0.0060663	1.42707e-06	0.470928	0.443946	0.0269763	6.34608e-06	1.64762e-06	7.32685e-06	
100	0.0951691	0.0917832	0.00337625	9.67453e-06	0.423209	0.408152	0.0150139	4.30218e-05	1.02861e-05	4.57418e-05	
101	0.145645	0.143996	0.00164924	0	0.647673	0.640339	0.00733405	0	0	0	
102	0.161627	0.107036	0.0545688	2.19628e-05	0.718743	0.475982	0.242663	9.76668e-05	2.83981e-05	0.000126284	
103	0.0779295	0.0731672	0.00476237	0	0.346546	0.325368	0.0211779	0	0	0	
104	0.107231	0.0831278	0.0240654	3.86762e-05	0.476851	0.369662	0.107017	0.00017199	4.11984e-05	0.000183206	
105	0.0939037	0.086039	0.00780709	5.75817e-05	0.417582	0.382608	0.0347175	0.000256061	7.35366e-05	0.000327011	
106	0.144574	0.111299	0.0332383	3.69817e-05	0.642911	0.494938	0.147808	0.000164454	4.8157e-05	0.00021415	
107	0.205996	0.146384	0.0593712	0.000240501	0.916048	0.65096	0.264019	0.00106948	0.000291569	0.00129658	
108	0.102785	0.0967103	0.00605674	1.81292e-05	0.457077	0.430063	0.0269338	8.06193e-05	1.93241e-05	8.59331e-05	
109	0.127629	0.107873	0.0196593	9.67998e-05	0.567557	0.479703	0.0874236	0.000430461	0.000130157	0.000578801	
110	0.117506	0.108393	0.00911277	0	0.522542	0.482018	0.0405237	0	0	0	
111	0.1016	0.0960299	0.00556709	3.79195e-06	0.45181	0.427037	0.0247564	1.68625e-05	4.99776e-06	2.22246e-05	
112	0.103781	0.0946073	0.00917382	6.85591e-07	0.461509	0.420711	0.0407952	3.04876e-06	1.6881e-06	7.50686e-06	
113	0.0980523	0.0915817	0.0064706	0	0.43603	0.407256	0.0287742	0	0	0	
114	0.161311	0.123893	0.0367812	0.000636643	0.717339	0.550944	0.163563	0.0028311	0.000797182	0.003545	
115	0.115775	0.10659	0.00916163	2.38904e-05	0.514846	0.473999	0.040741	0.000106239	2.91611e-05	0.000129677	
116	0.121126	0.114121	0.0070021	3.31145e-06	0.538641	0.507489	0.0311377	1.47257e-05	4.84809e-06	2.1559e-05	
117	0.111293	0.0966526	0.0146385	2.31908e-06	0.494913	0.429806	0.0650964	1.03128e-05	3.29893e-06	1.46701e-05	
118	0.104199	0.101394	0.00280449	0	0.463366	0.450895	0.0124713	0	0	0	
119	0.118436	0.113319	0.00511681	0	0.526677	0.503922	0.022754	0	0	0	
120	0.110941	0.0959261	0.0149358	7.92308e-05	0.493346	0.426576	0.0664184	0.000352333	9.575e-05	0.000425792	
121	0.0896454	0.08414	0.00550511	2.94487e-07	0.398645	0.374163	0.0244808	1.30956e-06	8.47675e-07	3.76954e-06	
122	0.177672	0.157306	0.0202542	0.000111404	0.790094	0.69953	0.0900687	0.000495408	0.000147689	0.000656763	
123	0.111056	0.106724	0.00433011	1.48958e-06	0.493858	0.474595	0.0192556	6.62404e-06	2.08792e-06	9.28483e-06	
124	0.161017	0.0961176	0.0626379	0.00226143	0.716029	0.427427	0.278546	0.0100564	0.00574913	0.0255659	
125	0.107452	0.103142	0.0043097	0	0.477832	0.458667	0.0191649	0	0	0	
126	0.137959	0.104091	0.0332086	0.000659281	0.613494	0.462886	0.147676	0.00293176	0.000700604	0.00311553	
127	0.201638	0.191132	0.0104831	2.31693e-05	0.896669	0.849949	0.0466175	0.000103032	2.36074e-05	0.00010498	
128	0.128229	0.120353	0.00787658	0	0.570226	0.5352	0.0350265	0	0	0	
129	0.123927	0.117757	0.00617012	4.73088e-07	0.551096	0.523656	0.027438	2.10378e-06	4.81741e-07	2.14226e-06	
130	0.0992978	0.0960019	0.00329391	2.00682e-06	0.441569	0.426912	0.0146477	8.92419e-06	2.16325e-06	9.6198e-06	
131	0.132154	0.124319	0.00783196	3.071e-06	0.587682	0.55284	0.0348281	1.36565e-05	4.4947e-06	1.99875e-05	
132	0.10123	0.084946	0.0162848	0	0.450165	0.377748	0.0724175	0	0	0	
133	0.146421	0.110534	0.0352168	0.000669487	0.651122	0.491539	0.156606	0.00297715	0.000793854	0.0035302	
134	0.096528	0.0953998	0.00112822	0	0.429252	0.424235	0.0050171	0	0	0	
135	0.0703791	0.0703791	0	0	0.31297	0.31297	0	0	0	0	
136	0.110374	0.103252	0.00710896	1.30343e-05	0.490826	0.459156	0.031613	5.79628e-05	1.46528e-05	6.51598e-05	
137	0.110983	0.101862	0.00906808	5.31035e-05	0.493536	0.452975	0.040325	0.000236147	8.16535e-05	0.000363106	
138	0.112871	0.104086	0.00878434	0	0.501928	0.462865	0.0390632	0	0	0	
139	0.108583	0.105944	0.00263941	0	0.482862	0.471125	0.0117372	0	0	0	
140	0.143049	0.120755	0.0222873	7.17161e-06	0.63613	0.536989	0.0991098	3.18915e-05	1.46942e-05	6.5344e-05	
141	0.094355	0.0927945	0.00155997	5.01634e-07	0.419589	0.41265	0.00693706	2.23072e-06	4.75394e-07	2.11404e-06	
142	0.083713	0.0832252	0.000487868	0	0.372265	0.370095	0.0021695	0	0	0	
143	0.156355	0.154417	0.00193767	0	0.695299	0.686683	0.00861669	0	0	0	
144	0.100736	0.0985242	0.00221249	0	0.447968	0.438129	0.00983878	0	0	0	
145	0.0897493	0.0865597	0.00318858	1.08373e-06	0.399108	0.384924	0.0141793	4.81926e-06	1.27572e-06	5.67304e-06	
146	0.0626531	0.0610456	0.00160656	9.39449e-07	0.278613	0.271465	0.00714424	4.17765e-06	2.73972e-06	1.21833e-05	
147	0.0741774	0.0725348	0.00164265	0	0.329861	0.322556	0.00730476	0	0	0	
148	0.108861	0.107582	0.00127842	1.42593e-06	0.484099	0.478408	0.00568504	6.34103e-06	1.41524e-06	6.29348e-06	
149	0.113671	0.099703	0.0139596	9.05181e-06	0.505489	0.443371	0.0620774	4.02526e-05	1.05986e-05	4.71312e-05	
150	0.0859127	0.0824333	0.00347015	9.34585e-06	0.382047	0.366574	0.0154314	4.15602e-05	9.31964e-06	4.14437e-05	
151	0.136092	0.124194	0.0118942	3.70742e-06	0.605193	0.552284	0.0528929	1.64866e-05	4.26301e-06	1.89572e-05	
152	0.100669	0.0845993	0.0160351	3.55036e-05	0.447671	0.376206	0.0713069	0.000157881	6.88624e-05	0.000306225	
153	0.139815	0.135359	0.0044558	0	0.621749	0.601934	0.0198146	0	0	0	
154	0.0979293	0.0975328	0.000396418	8.74732e-08	0.435483	0.43372	0.00176284	3.88986e-07	6.17969e-08	2.74805e-07	
155	0.0968409	0.0916859	0.0051547	3.2565e-07	0.430643	0.407719	0.0229225	1.44814e-06	3.8566e-07	1.715e-06	
156	0.097811	0.0945911	0.00321984	0	0.434957	0.420639	0.0143184	0	0	0	
157	0.0891022	0.0882071	0.000895058	0	0.39623	0.39225	0.00398025	0	0	0	
158	0.114805	0.10334	0.0114405	2.43936e-05	0.510532	0.459549	0.0508754	0.000108476	3.84609e-05	0.000171032	
159	0.106533	0.0991196	0.00740729	6.31418e-06	0.473744	0.440777	0.0329396	2.80786e-05	1.10118e-05	4.89689e-05	
160	0.169812	0.155592	0.0142205	0	0.755142	0.691905	0.0632376	0	0	0	
161	0.202144	0.173736	0.0283083	0.000100429	0.898922	0.77259	0.125885	0.0004466	0.000177809	0.000790704	
162	0.110202	0.0941701	0.0160111	2.16577e-05	0.490063	0.418767	0.0712003	9.631e-05	2.18493e-05	9.71621e-05	
163	0.0896333	0.0784959	0.0111207	1.66598e-05	0.398592	0.349065	0.0494532	7.4085e-05	3.1326e-05	0.000139304	
164	0.120145	0.0896924	0.0303582	9.48584e-05	0.534277	0.398855	0.135	0.000421827	0.000185394	0.000824432	
165	0.155339	0.115183	0.0396183	0.000537157	0.690781	0.512213	0.176179	0.00238869	0.000657016	0.00292169	
166	0.0992278	0.0973995	0.0018283	0	0.441258	0.433127	0.00813032	0	0	0	
167	0.101862	0.097096	0.0047664	0	0.452973	0.431778	0.0211957	0	0	0	
168	0.112843	0.0980412	0.0148025	1.16485e-07	0.501808	0.435981	0.0658259	5.17999e-07	9.28526e-08	4.12908e-07	
169	0.100441	0.0947644	0.00566419	1.30049e-05	0.446655	0.421409	0.0251882	5.78319e-05	1.30667e-05	5.81068e-05	
170	0.144433	0.108664	0.035565	0.000204633	0.642285	0.483221	0.158155	0.00090999	0.000281288	0.00125086	
171	0.217331	0.195353	0.0219762	2.1785e-06	0.966457	0.86872	0.0977267	9.68763e-06	8.9518e-06	3.98079e-05	
172	0.135931	0.122147	0.0137833	0	0.604474	0.543181	0.0612932	0	0	0	
173	0.169883	0.135702	0.0339502	0.000230915	0.75546	0.603459	0.150974	0.00102686	0.000270162	0.00120139	
174	0.128772	0.11327	0.0155014	0	0.572639	0.503706	0.0689334	0	0	0	
175	0.104022	0.0962795	0.00774306	0	0.46258	0.428147	0.0344328	0	0	0	
176	0.110416	0.0948666	0.0154443	0.000105843	0.491014	0.421864	0.0686797	0.000470678	0.000116763	0.000519239	
177	0.178089	0.141843	0.0357871	0.000459361	0.791951	0.630765	0.159142	0.00204274	0.000553386	0.00246086	
178	0.138417	0.106466	0.0319322	1.94834e-05	0.615533	0.473446	0.142	8.66413e-05	2.65818e-05	0.000118207	
179	0.184208	0.14048	0.0423691	0.00135809	0.819158	0.624706	0.188411	0.00603935	0.00155727	0.00692509	
180	0.11288	0.101474	0.0112978	0.000108355	0.501969	0.451247	0.0502404	0.000481849	0.000120594	0.000536274	
181	0.132378	0.125385	0.00699309	5.12724e-07	0.588678	0.557578	0.0310977	2.28004e-06	9.08147e-07	4.03845e-06	
182	0.102233	0.099465	0.00276878	0	0.454625	0.442313	0.0123125	0	0	0	
183	0.115859	0.111573	0.00428611	0	0.515218	0.496158	0.01906	0	0	0	
184	0.0971807	0.0880651	0.00910697	8.62599e-06	0.432154	0.391618	0.040498	3.8359e-05	1.85462e-05	8.24736e-05	
185	0.0934413	0.0826171	0.0108242	0	0.415526	0.367391	0.0481344	0	0	0	
186	0.132055	0.113857	0.0181962	1.10447e-06	0.587239	0.506316	0.0809174	4.91152e-06	1.13522e-06	5.04825e-06	
187	0.0910979	0.0883157	0.0027822	0	0.405105	0.392732	0.0123722	0	0	0	
188	0.0829094	0.0807142	0.00219434	8.71599e-07	0.368691	0.358929	0.00975808	3.87593e-06	1.7598e-06	7.8257e-06	
189	0.106837	0.10234	0.00449216	4.85101e-06	0.475095	0.455098	0.0199763	2.1572e-05	5.06914e-06	2.2542e-05	
190	0.077131	0.0594052	0.0177258	0	0.342995	0.26417	0.0788253	0	0	0	
191	0.337898	0.213441	0.121968	0.00248868	1.5026	0.949155	0.542385	0.011067	0.00284265	0.012641	
192	0.0730537	0.0730241	2.95451e-05	0	0.324864	0.324732	0.000131385	0	0	0	
193	0.118465	0.118465	0	0	0.526805	0.526805	0	0	0	0	
194	0.164726	0.121132	0.0432408	0.000353159	0.732523	0.538664	0.192288	0.00157047	0.000365567	0.00162564	
195	0.0887098	0.088661	4.88327e-05	0	0.394485	0.394268	0.000217155	0	0	0	
196	0.0894383	0.0894383	0	0	0.397725	0.397725	0	0	0	0	
197	0.0734017	0.0560519	0.0173497	0	0.326411	0.249258	0.0771529	0	0	0	
198	0.1546	0.114357	0.0387627	0.00148079	0.687497	0.508538	0.172374	0.00658498	0.00182631	0.00812148	
199	0.151436	0.114394	0.0370207	2.12073e-05	0.673427	0.508704	0.164628	9.43073e-05	5.21798e-05	0.000232039	
200	0.107544	0.0872563	0.0202884	0	0.478243	0.388022	0.0902212	0	0	0	
201	0.154436	0.100636	0.0536588	0.000141683	0.686767	0.447521	0.238616	0.000630053	0.000372502	0.00165648	
202	0.105908	0.105908	0	0	0.470968	0.470968	0	0	0	0	
203	0.100108	0.0945338	0.00557421	0	0.445172	0.420384	0.0247881	0	0	0	
204	0.165926	0.133828	0.0320187	7.96042e-05	0.737861	0.595122	0.142384	0.000353993	8.14028e-05	0.000361991	
205	0.113818	0.0898814	0.0239044	3.23221e-05	0.50614	0.399695	0.106301	0.000143733	5.04153e-05	0.000224193	
206	0.18954	0.149361	0.0401027	7.59166e-05	0.842869	0.664198	0.178333	0.000337595	0.000186154	0.000827812	
207	0.0670033	0.0519136	0.0150867	3.06011e-06	0.297958	0.230855	0.0670895	1.3608e-05	9.45316e-06	4.20374e-05	
208	0.102418	0.0982907	0.00412761	0	0.455446	0.437091	0.0183551	0	0	0	
209	0.146721	0.0952061	0.0515156	0	0.65246	0.423374	0.229086	0	0	0	
210	0.114035	0.113668	0.000367243	0	0.507107	0.505474	0.0016331	0	0	0	
211	0.166219	0.103491	0.0627282	0	0.739166	0.460219	0.278947	0	0	0	
212	0.117873	0.116324	0.00154875	0	0.524172	0.517285	0.00688718	0	0	0	
213	0.240874	0.164579	0.0753598	0.00093555	1.07114	0.731869	0.335119	0.00416031	0.00162845	0.0072416	
214	0.117277	0.115768	0.00150718	2.58172e-06	0.521525	0.514811	0.00670234	1.14807e-05	2.66407e-06	1.18469e-05	
215	0.177659	0.161528	0.0160926	3.84357e-05	0.790036	0.718303	0.0715626	0.00017092	4.78823e-05	0.000212929	
216	0.0978118	0.0847692	0.0130426	0	0.434961	0.376961	0.0579994	0	0	0	
217	0.207987	0.140817	0.0659758	0.00119447	0.924905	0.626204	0.293389	0.00531174	0.001509	0.00671042	
218	0.0971116	0.0971116	0	0	0.431847	0.431847	0	0	0	0	
219	0.133356	0.132987	0.000369856	0	0.593027	0.591382	0.00164472	0	0	0	
220	0.0952953	0.0837738	0.0115214	0	0.42377	0.372535	0.0512348	0	0	0	
221	0.121421	0.0938022	0.0275779	4.15697e-05	0.539952	0.41713	0.122636	0.000184857	4.97373e-05	0.000221178	
222	0.0504297	0.0502458	0.000183827	0	0.224256	0.223439	0.000817468	0	0	0	
223	0.0973618	0.0967144	0.000647358	0	0.43296	0.430081	0.00287875	0	0	0	
224	0.176682	0.145151	0.0315265	4.90376e-06	0.785692	0.645474	0.140196	2.18066e-05	4.90727e-06	2.18222e-05	
225	0.0815831	0.0782467	0.00333317	3.1923e-06	0.362793	0.347957	0.0148223	1.41959e-05	7.29792e-06	3.24532e-05	
226	0.24937	0.224874	0.0244738	2.18776e-05	1.10893	1	0.108833	9.72881e-05	2.43642e-05	0.000108345	
227	0.0845864	0.082195	0.00238958	1.75565e-06	0.376148	0.365514	0.0106263	7.80724e-06	1.74974e-06	7.78098e-06	
228	0.0882176	0.0792762	0.00892613	1.53387e-05	0.392296	0.352534	0.0396938	6.82103e-05	1.53125e-05	6.80938e-05	
229	0.126909	0.123775	0.00313395	0	0.564357	0.55042	0.0139364	0	0	0	
230	0.108087	0.106479	0.00160827	0	0.480656	0.473504	0.00715187	0	0	0	
231	0.0933322	0.0919303	0.00140196	0	0.415041	0.408806	0.00623441	0	0	0	
232	0.0812152	0.0750037	0.00621153	0	0.361157	0.333535	0.0276222	0	0	0	
233	0.0812813	0.0780455	0.0032139	2.19184e-05	0.361451	0.347062	0.0142919	9.74697e-05	2.35045e-05	0.000104522	
234	0.104948	0.104191	0.000757829	0	0.466699	0.463329	0.00337	0	0	0	
235	0.136107	0.136101	6.05466e-06	0	0.60526	0.605233	2.69246e-05	0	0	0	
236	0.0702584	0.0660982	0.00412276	3.74038e-05	0.312433	0.293933	0.0183336	0.000166331	4.16599e-05	0.000185258	
237	0.0482638	0.047319	0.000944785	0	0.214625	0.210423	0.00420138	0	0	0	
238	0.0894084	0.0894084	0	0	0.397592	0.397592	0	0	0	0	
239	0.140402	0.121855	0.0185401	7.66117e-06	0.62436	0.541879	0.0824465	3.40686e-05	7.85819e-06	3.49447e-05	
240	0.0934831	0.0905849	0.0028982	0	0.415712	0.402824	0.012888	0	0	0	
241	0.139119	0.11848	0.0205004	0.000138033	0.618652	0.526874	0.0911636	0.000613823	0.000138055	0.000613919	
242	0.0870801	0.0854923	0.00158393	3.88823e-06	0.387238	0.380177	0.00704361	1.72906e-05	3.86199e-06	1.71739e-05	
243	0.0875729	0.0860577	0.00151526	0	0.389429	0.382691	0.00673824	0	0	0	
244	0.0892017	0.088762	0.000439472	2.74984e-07	0.396673	0.394717	0.0019543	1.22283e-06	2.48738e-07	1.10612e-06	
245	0.123481	0.0951621	0.0277482	0.000571589	0.549113	0.423178	0.123394	0.00254181	0.000723657	0.00321804	
246	0.108093	0.0895664	0.0185273	0	0.480684	0.398294	0.0823896	0	0	0	
247	0.111239	0.10722	0.0040023	1.68492e-05	0.494674	0.476801	0.0177979	7.49271e-05	1.75195e-05	7.79081e-05	
248	0.083625	0.083625	0	0	0.371873	0.371873	0	0	0	0	
249	0.0744456	0.0700336	0.00441198	0	0.331053	0.311433	0.0196197	0	0	0	
250	0.0703096	0.0666764	0.0035878	4.54093e-05	0.312661	0.296504	0.0159546	0.000201931	4.5383e-05	0.000201814	
251	0.12968	0.109316	0.0202044	0.000159701	0.57668	0.486123	0.0898476	0.00071018	0.000159675	0.000710063	
252	0.0775249	0.0693051	0.00819406	2.57601e-05	0.344747	0.308194	0.0364383	0.000114553	2.57339e-05	0.000114436	
253	0.0996256	0.0978547	0.00177094	0	0.443027	0.435152	0.00787522	0	0	0	
254	0.0781387	0.0776997	0.000439045	0	0.347476	0.345524	0.00195239	0	0	0	
255	0.0876476	0.0867609	0.000886332	4.55357e-07	0.389762	0.385818	0.00394144	2.02493e-06	4.29055e-07	1.90797e-06	
256	0.0999962	0.0967561	0.00323879	1.26458e-06	0.444675	0.430266	0.0144026	5.62352e-06	1.92135e-06	8.5441e-06	
257	0.0995355	0.0888349	0.0107006	0	0.442626	0.395041	0.0475848	0	0	0	
258	0.100329	0.0962327	0.00407906	1.81853e-05	0.446159	0.427939	0.0181392	8.08686e-05	2.04498e-05	9.09387e-05	
259	0.0502088	0.0452868	0.00490114	2.08503e-05	0.223274	0.201386	0.0217949	9.27197e-05	3.51097e-05	0.00015613	
260	0.047226	0.0417618	0.00539307	7.12117e-05	0.21001	0.185711	0.0239825	0.000316672	7.11865e-05	0.00031656	
261	0.110093	0.10991	0.000182954	0	0.489576	0.488762	0.000813583	0	0	0	
262	0.115925	0.111146	0.00477889	0	0.51551	0.494259	0.0212513	0	0	0	
263	0.0584687	0.0437783	0.0146843	6.10743e-06	0.260006	0.194678	0.0653	2.71592e-05	0.000133781	0.000594913	
264	0.20518	0.140019	0.064662	0.000498984	0.912422	0.622657	0.287546	0.00221894	0.000927132	0.00412288	
265	0.0486034	0.0433751	0.00521131	1.69437e-05	0.216135	0.192885	0.0231743	7.53476e-05	1.99592e-05	8.87573e-05	
266	0.0955751	0.0834523	0.0120818	4.09951e-05	0.425014	0.371105	0.0537268	0.000182302	4.09687e-05	0.000182184	
267	0.0503668	0.0455734	0.0047893	4.10041e-06	0.223977	0.202661	0.0212976	1.82341e-05	4.07522e-06	1.81222e-05	
268	0.0854179	0.0852141	0.000203784	0	0.379846	0.37894	0.000906212	0	0	0	
269	0.222834	0.204878	0.0179335	2.26033e-05	0.990925	0.911075	0.0797488	0.000100515	2.64908e-05	0.000117802	
270	0.108822	0.107372	0.00144666	4.12452e-06	0.483926	0.477474	0.00643319	1.83414e-05	4.09829e-06	1.82247e-05	
271	0.0846103	0.0846103	0	0	0.376255	0.376255	0	0	0	0	
272	0.106417	0.10366	0.00275622	4.51383e-07	0.473228	0.460969	0.0122566	2.00726e-06	4.25197e-07	1.89081e-06	
273	0.110051	0.0916252	0.0183985	2.74095e-05	0.489388	0.40745	0.081817	0.000121888	7.18473e-05	0.000319499	
274	0.102728	0.0942648	0.00846358	2.88833e-07	0.456826	0.419188	0.0376368	1.28441e-06	4.61688e-07	2.05309e-06	
275	0.118591	0.111173	0.00735144	6.58782e-05	0.527364	0.49438	0.0326912	0.000292955	6.76392e-05	0.000300786	
276	0.0923504	0.0897498	0.00260061	0	0.410675	0.39911	0.0115647	0	0	0	
277	0.113644	0.103996	0.00958682	6.06851e-05	0.505367	0.462465	0.0426318	0.000269862	7.46497e-05	0.000331961	
278	0.178202	0.147897	0.030225	8.06491e-05	0.792453	0.657686	0.134408	0.00035864	9.35341e-05	0.000415938	
279	0.0787833	0.0769905	0.00179278	0	0.350343	0.34237	0.00797236	0	0	0	
280	0.146086	0.121299	0.0247636	2.35035e-05	0.649635	0.539409	0.110121	0.000104518	3.34334e-05	0.000148676	
281	0.11906	0.095056	0.0239578	4.69775e-05	0.529453	0.422706	0.106538	0.000208905	5.93856e-05	0.000264083	
282	0.0850553	0.0811768	0.00387846	0	0.378234	0.360986	0.0172472	0	0	0	
283	0.104922	0.091074	0.0138155	3.25714e-05	0.46658	0.404999	0.0614368	0.000144842	5.27066e-05	0.000234382	
284	0.15843	0.110541	0.0477778	0.000111586	0.704527	0.491567	0.212464	0.000496215	0.000309695	0.00137719	
285	0.0999914	0.0871722	0.0128192	0	0.444654	0.387648	0.057006	0	0	0	
286	0.125845	0.0820208	0.043789	3.60188e-05	0.559626	0.36474	0.194726	0.000160173	4.9967e-05	0.000222199	
287	0.0812224	0.0653383	0.0157698	0.000114344	0.361189	0.290554	0.0701272	0.000508482	0.000121567	0.0005406	
288	0.237335	0.140393	0.0936428	0.00329966	1.05541	0.624317	0.416422	0.0146733	0.00445046	0.0197908	
289	0.0694207	0.0655836	0.00380121	3.5943e-05	0.308708	0.291645	0.0169036	0.000159835	3.59168e-05	0.000159719	
290	0.0689394	0.0689394	0	0	0.306568	0.306568	0	0	0	0	
291	0.216251	0.137069	0.0775178	0.00166427	0.961654	0.609537	0.344715	0.00740088	0.00265011	0.0117848	
292	0.123463	0.11658	0.0068724	1.0465e-05	0.549031	0.518423	0.030561	4.65371e-05	1.34104e-05	5.96349e-05	
293	0.054928	0.0475346	0.00739341	0	0.24426	0.211382	0.0328779	0	0	0	
294	0.0741844	0.0609496	0.0129611	0.000273592	0.329892	0.271038	0.0576373	0.00121664	0.000351864	0.00156471	
295	0.20324	0.152048	0.050747	0.00044539	0.903796	0.676147	0.225667	0.00198061	0.000648312	0.00288299	
296	0.118214	0.118214	0	0	0.525688	0.525688	0	0	0	0	
297	0.17772	0.146477	0.0312121	3.05712e-05	0.790308	0.651374	0.138798	0.000135947	7.03886e-05	0.000313012	
298	0.111484	0.0907707	0.0203585	0.000354734	0.49576	0.40365	0.0905326	0.00157747	0.000354709	0.00157736	
299	0.101512	0.0793601	0.022092	6.00037e-05	0.451416	0.352908	0.0982414	0.000266831	6.82067e-05	0.00030331	
300	0.0773984	0.0766904	0.000708056	0	0.344184	0.341036	0.00314866	0	0	0	
301	0.0734511	0.0621936	0.0112347	2.28349e-05	0.326631	0.27657	0.0499598	0.000101545	2.75994e-05	0.000122732	
302	0.0733146	0.069299	0.00401379	1.8259e-06	0.326024	0.308167	0.017849	8.11966e-06	1.97418e-06	8.77904e-06	
303	0.127931	0.105736	0.0219182	0.000276785	0.568901	0.470201	0.0974687	0.00123084	0.000284879	0.00126683	
304	0.095381	0.095381	0	0	0.424151	0.424151	0	0	0	0	
305	0.0517093	0.0412435	0.0104658	0	0.229947	0.183406	0.0465408	0	0	0	
306	0.0642568	0.0528967	0.0113601	0	0.285745	0.235227	0.0505174	0	0	0	
307	0.0915672	0.0872429	0.00432423	0	0.407192	0.387962	0.0192295	0	0	0	
308	0.0947923	0.0754745	0.019309	8.77296e-06	0.421533	0.335629	0.0858657	3.90126e-05	2.34452e-05	0.000104258	
309	0.121257	0.110691	0.010552	1.43763e-05	0.539223	0.492235	0.046924	6.39305e-05	1.6837e-05	7.4873e-05	
310	0.145866	0.143241	0.00261953	5.45358e-06	0.648658	0.636985	0.0116488	2.42516e-05	6.65368e-06	2.95884e-05	
311	0.0800961	0.0738946	0.00616522	3.62877e-05	0.356181	0.328603	0.0274162	0.000161368	4.84915e-05	0.000215638	
312	0.15355	0.0957773	0.0571398	0.000633224	0.682826	0.425913	0.254096	0.00281589	0.000742688	0.00330267	
313	0.10426	0.0933682	0.0108473	4.51533e-05	0.463639	0.415201	0.0482373	0.000200793	6.01707e-05	0.000267574	
314	0.0798096	0.0772271	0.00258246	3.63753e-08	0.354907	0.343423	0.0114839	1.61758e-07	1.37343e-08	6.10756e-08	
315	0.110178	0.0949148	0.0152114	5.17438e-05	0.489952	0.422078	0.0676441	0.0002301	5.50436e-05	0.000244774	
316	0.076191	0.0705585	0.00562995	2.65808e-06	0.338815	0.313767	0.0250359	1.18202e-05	4.64071e-06	2.06369e-05	
317	0.12289	0.0767162	0.0456818	0.000492697	0.546485	0.341151	0.203143	0.00219098	0.000824486	0.00366642	
318	0.149915	0.122198	0.0277167	0	0.666662	0.543408	0.123254	0	0	0	
319	0.237722	0.143494	0.0918338	0.00239434	1.05713	0.638109	0.408377	0.0106474	0.00277545	0.0123422	
320	0.0974838	0.0760469	0.0214174	1.94464e-05	0.433502	0.338174	0.0952417	8.64769e-05	3.02215e-05	0.000134392	
321	0.152095	0.0987512	0.0518193	0.00152474	0.676355	0.439138	0.230436	0.00678043	0.00169947	0.00755741	
322	0.143915	0.0787573	0.0642116	0.000946201	0.639979	0.350227	0.285544	0.00420768	0.00128497	0.00571418	
323	0.0997089	0.0948108	0.00489811	0	0.443397	0.421616	0.0217815	0	0	0	
324	0.126229	0.12514	0.00108925	0	0.561332	0.556488	0.00484382	0	0	0	
325	0.0907719	0.0901881	0.000583739	0	0.403655	0.401059	0.00259584	0	0	0	
326	0.0717882	0.071041	0.000747183	0	0.319236	0.315913	0.00332266	0	0	0	
327	0.080005	0.0751077	0.00489671	6.69576e-07	0.355776	0.333998	0.0217752	2.97755e-06	1.44207e-06	6.41279e-06	
328	0.0908583	0.0906775	0.000180862	0	0.40404	0.403235	0.000804282	0	0	0	
329	0.0968669	0.0914378	0.00541314	1.59507e-05	0.430759	0.406616	0.0240718	7.09317e-05	1.70693e-05	7.59058e-05	
330	0.150368	0.0882469	0.0603566	0.0017647	0.668675	0.392427	0.2684	0.00784747	0.00220203	0.00979227	
331	0.134077	0.116815	0.0172217	4.11052e-05	0.596234	0.519467	0.0765836	0.000182791	5.60746e-05	0.000249359	
332	0.111846	0.0963282	0.01541	0.000107831	0.49737	0.428364	0.0685273	0.000479517	0.000141476	0.000629134	
333	0.124491	0.0984065	0.0260812	3.5566e-06	0.553602	0.437605	0.115981	1.58159e-05	4.11206e-06	1.8286e-05	
334	0.139813	0.088389	0.0512234	0.000201275	0.62174	0.393059	0.227786	0.000895057	0.000300302	0.00133542	
335	0.086144	0.0804169	0.00572716	0	0.383075	0.357607	0.0254682	0	0	0	
336	0.112837	0.0893939	0.0233249	0.00011895	0.50178	0.397527	0.103724	0.000528964	0.000235751	0.00104836	
337	0.12039	0.111767	0.00860136	2.11131e-05	0.535366	0.497022	0.0382495	9.38886e-05	2.51796e-05	0.000111971	
338	0.1136	0.101629	0.0119124	5.84729e-05	0.505173	0.451939	0.0529735	0.000260024	7.62779e-05	0.000339202	
339	0.0905978	0.077001	0.0135479	4.89564e-05	0.402881	0.342417	0.0602466	0.000217705	8.1462e-05	0.000362255	
340	0.110469	0.0835295	0.0266851	0.000255164	0.49125	0.371449	0.118666	0.00113469	0.000378574	0.00168348	
341	0.106398	0.104277	0.00212091	0	0.473145	0.463714	0.00943154	0	0	0	
342	0.10328	0.0753595	0.027921	0	0.45928	0.335117	0.124162	0	0	0	
343	0.138447	0.0882046	0.0496001	0.000642564	0.615664	0.392238	0.220568	0.00285743	0.0010634	0.00472889	
344	0.0878574	0.082458	0.00538525	1.4198e-05	0.390695	0.366684	0.0239477	6.31376e-05	2.45518e-05	0.00010918	
345	0.12532	0.0950615	0.0301473	0.000111285	0.557288	0.422731	0.134062	0.000494877	0.000198818	0.000884128	
346	0.152049	0.0982463	0.052887	0.000915579	0.676149	0.436893	0.235184	0.0040715	0.00141807	0.00630606	
347	0.0926691	0.0754789	0.0171509	3.9367e-05	0.412092	0.335648	0.0762686	0.000175062	5.30107e-05	0.000235734	
348	0.101203	0.0837227	0.0174443	3.59564e-05	0.450041	0.372308	0.0775738	0.000159895	4.64568e-05	0.000206589	
349	0.0851327	0.0721999	0.0129044	2.84337e-05	0.378578	0.321067	0.0573849	0.000126442	4.6314e-05	0.000205954	
350	0.138658	0.076087	0.0618381	0.00073313	0.616602	0.338353	0.274989	0.00326017	0.00101748	0.00452469	
351	0.155105	0.0936963	0.061208	0.000201114	0.689741	0.41666	0.272187	0.000894338	0.000558662	0.00248432	
352	0.12982	0.0817386	0.0479555	0.000126797	0.577303	0.363485	0.213254	0.000563857	0.000279091	0.00124109	
353	0.0852819	0.0779587	0.00731086	1.23525e-05	0.379242	0.346676	0.0325108	5.4931e-05	1.77212e-05	7.88047e-05	
354	0.0872467	0.0791756	0.00804271	2.84439e-05	0.387979	0.352087	0.0357653	0.000126487	3.03434e-05	0.000134934	
355	0.0834319	0.0834319	0	0	0.371014	0.371014	0	0	0	0	
356	0.122534	0.108804	0.0136681	6.24923e-05	0.544903	0.483844	0.0607811	0.000277898	7.45026e-05	0.000331307	
357	0.209797	0.107998	0.0994238	0.00237531	0.932952	0.480259	0.442129	0.0105628	0.00298549	0.0132762	
358	0.174573	0.0978109	0.0748366	0.00192599	0.776314	0.434957	0.332792	0.00856475	0.00403868	0.0179597	
359	0.115537	0.0781541	0.0371294	0.000254157	0.513787	0.347545	0.165111	0.00113021	0.00032178	0.00143093	
360	0.100985	0.0965699	0.00441567	0	0.449074	0.429438	0.0196361	0	0	0	
361	0.0469652	0.0469652	0	0	0.20885	0.20885	0	0	0	0	
362	0.10374	0.0870106	0.0166267	0.000102755	0.461323	0.386929	0.0739376	0.000456946	0.000135139	0.000600953	
363	0.0494487	0.0490529	0.000395797	0	0.219894	0.218134	0.00176007	0	0	0	
364	0.133401	0.113319	0.0200789	3.30818e-06	0.593227	0.503923	0.0892893	1.47112e-05	5.53463e-06	2.4612e-05	
365	0.0851907	0.0791623	0.00600221	2.62835e-05	0.378836	0.352028	0.0266913	0.00011688	2.70119e-05	0.000120119	
366	0.117142	0.091386	0.025656	0.000100094	0.520921	0.406386	0.11409	0.00044511	0.000189974	0.000844802	
367	0.125618	0.104912	0.0206082	9.72147e-05	0.558614	0.466538	0.0916431	0.000432306	0.000192381	0.000855505	
368	0.0793159	0.075493	0.00381599	6.84313e-06	0.352711	0.335711	0.0169694	3.04308e-05	7.62616e-06	3.39129e-05	
369	0.0845964	0.0800122	0.00457254	1.17018e-05	0.376193	0.355808	0.0203337	5.20373e-05	1.93234e-05	8.59296e-05	
370	0.113443	0.0913028	0.0220375	0.000103009	0.504473	0.406016	0.097999	0.000458073	0.000155082	0.000689637	
371	0.113421	0.0790324	0.0341097	0.000279628	0.504377	0.35145	0.151683	0.00124348	0.000361837	0.00160906	
372	0.0997516	0.0787551	0.0208509	0.000145525	0.443587	0.350217	0.0927227	0.000647138	0.000157376	0.000699841	
373	0.0852228	0.07891	0.00629868	1.40931e-05	0.378978	0.350906	0.0280097	6.26709e-05	1.46795e-05	6.52786e-05	
374	0.170653	0.103545	0.0616267	0.00548092	0.758882	0.460459	0.274049	0.0243732	0.00671544	0.029863	
375	0.143661	0.126658	0.0168313	0.000172011	0.63885	0.563238	0.0748478	0.000764922	0.000174137	0.000774374	
376	0.101	0.0985145	0.00248497	6.4253e-07	0.449139	0.438086	0.0110504	2.85728e-06	7.49584e-07	3.33334e-06	
377	0.107579	0.0996938	0.00781641	6.87461e-05	0.478395	0.44333	0.0347589	0.000305708	8.10635e-05	0.000360483	
378	0.121164	0.103299	0.0178073	5.71997e-05	0.538807	0.459365	0.0791878	0.000254362	7.41791e-05	0.000329868	
379	0.0916089	0.0764161	0.0151248	6.80421e-05	0.407377	0.339816	0.0672588	0.000302578	9.82403e-05	0.000436867	
380	0.106838	0.0820854	0.0246485	0.000104363	0.475101	0.365027	0.10961	0.000464097	0.00016805	0.000747308	
381	0.111401	0.0794766	0.0315336	0.000391111	0.495393	0.353426	0.140227	0.00173924	0.000631634	0.00280882	
382	0.106083	0.103616	0.00246381	3.0153e-06	0.471745	0.460776	0.0109563	1.34088e-05	3.41677e-06	1.51941e-05	
383	0.0819197	0.0756087	0.00631095	0	0.36429	0.336226	0.0280643	0	0	0	
384	0.0968725	0.0900197	0.00685286	0	0.430784	0.40031	0.0304741	0	0	0	
385	0.141614	0.106884	0.034095	0.000635758	0.62975	0.475305	0.151617	0.00282716	0.000729827	0.00324548	
386	0.1011	0.0792817	0.0214979	0.000321245	0.449587	0.352559	0.0955997	0.00142855	0.000428798	0.00190683	
387	0.0958376	0.0838661	0.0118054	0.000166154	0.426182	0.372945	0.0524977	0.000738873	0.000234521	0.00104289	
388	0.085746	0.0766489	0.00898982	0.000107362	0.381305	0.340851	0.039977	0.000477433	0.000107336	0.000477315	
389	0.1322	0.110701	0.0214907	7.51085e-06	0.587883	0.492282	0.0955676	3.34001e-05	1.29147e-05	5.74307e-05	
390	0.0878227	0.0740466	0.0137573	1.87924e-05	0.39054	0.329279	0.0611778	8.35687e-05	5.05171e-05	0.000224645	
391	0.0984603	0.0908777	0.0075826	0	0.437845	0.404126	0.0337192	0	0	0	
392	0.0962755	0.0496334	0.046559	8.29826e-05	0.428129	0.220715	0.207044	0.000369017	8.29575e-05	0.000368905	
393	0.0875324	0.0805647	0.0069677	0	0.389249	0.358264	0.0309848	0	0	0	
394	0.0977751	0.0922473	0.00552783	0	0.434798	0.410216	0.0245818	0	0	0	
395	0.148285	0.13772	0.0105642	1.1195e-06	0.659413	0.61243	0.0469785	4.97834e-06	2.0201e-06	8.98325e-06	
396	0.104696	0.0589092	0.0457873	0	0.465577	0.261964	0.203612	0	0	0	
397	0.131352	0.100919	0.0302989	0.000134329	0.584113	0.448779	0.134736	0.000597353	0.000267816	0.00119095	
398	0.0911464	0.0908075	0.000338884	0	0.40532	0.403813	0.00150699	0	0	0	
399	0.0794723	0.0782183	0.00125346	5.27946e-07	0.353406	0.34783	0.00557404	2.34773e-06	6.94414e-07	3.088e-06	
400	0.144709	0.128557	0.0161524	0	0.643512	0.571684	0.0718285	0	0	0	
401	0.100497	0.100242	0.00025442	0	0.446903	0.445771	0.00113138	0	0	0	
402	0.109498	0.0830811	0.0263689	4.87984e-05	0.486932	0.369455	0.11726	0.000217002	6.44535e-05	0.000286619	
403	0.113853	0.0884775	0.0253102	6.57757e-05	0.506297	0.393452	0.112552	0.000292499	0.000293737	0.00130622	
404	0.108317	0.098402	0.0099155	0	0.481679	0.437586	0.0440934	0	0	0	
405	0.107298	0.106796	0.00050159	0	0.477146	0.474916	0.00223053	0	0	0	
406	0.1982	0.176255	0.0218846	6.07321e-05	0.881383	0.783793	0.0973194	0.00027007	6.49535e-05	0.000288843	
407	0.127069	0.0851812	0.041635	0.000253463	0.565068	0.378793	0.185147	0.00112713	0.000295104	0.0013123	
408	0.130599	0.12721	0.00338936	0	0.580765	0.565693	0.0150722	0	0	0	
409	0.0930765	0.0916703	0.00140622	0	0.413903	0.40765	0.00625339	0	0	0	
410	0.108345	0.0876406	0.0206377	6.68127e-05	0.481802	0.389731	0.0917743	0.00029711	7.52584e-05	0.000334668	
411	0.130438	0.11712	0.0133123	5.99518e-06	0.58005	0.520825	0.059199	2.66601e-05	5.97225e-06	2.65581e-05	
412	0.158192	0.122011	0.0361391	4.20129e-05	0.703469	0.542575	0.160707	0.000186828	5.07928e-05	0.000225871	
413	0.0963747	0.0914553	0.00491541	4.0263e-06	0.42857	0.406694	0.0218584	1.79046e-05	6.02893e-06	2.68101e-05	
414	0.149539	0.112452	0.0370173	6.92524e-05	0.664989	0.500068	0.164613	0.00030796	6.97661e-05	0.000310244	
415	0.092646	0.0918811	0.000764969	0	0.411989	0.408587	0.00340175	0	0	0	
416	0.13161	0.10602	0.0255773	1.23422e-05	0.585261	0.471466	0.11374	5.48848e-05	1.23162e-05	5.47693e-05	
417	0.105606	0.0956911	0.0099155	0	0.469624	0.42553	0.0440934	0	0	0	
418	0.0811229	0.0768691	0.00425194	1.86362e-06	0.360747	0.34183	0.018908	8.28737e-06	3.21868e-06	1.43132e-05	
419	0.137254	0.10206	0.0351577	3.60298e-05	0.61036	0.453856	0.156343	0.000160221	6.53567e-05	0.000290636	
420	0.0836987	0.0836987	0	0	0.372201	0.372201	0	0	0	0	
421	0.0902539	0.0860955	0.00415842	0	0.401352	0.382859	0.0184921	0	0	0	
422	0.107259	0.0809906	0.0260581	0.000210278	0.476972	0.360158	0.115878	0.000935092	0.000210252	0.000934976	
423	0.0653497	0.0559853	0.00932206	4.24345e-05	0.290605	0.248962	0.0414544	0.000188703	5.03833e-05	0.00022405	
424	0.110734	0.110558	0.000175927	0	0.492426	0.491644	0.000782335	0	0	0	
425	0.0771401	0.0695684	0.00749574	7.59701e-05	0.343035	0.309365	0.0333329	0.000337833	8.10889e-05	0.000360595	
426	0.112583	0.10906	0.0035193	3.82453e-06	0.50065	0.484983	0.01565	1.70073e-05	4.18678e-06	1.86182e-05	
427	0.0948806	0.0904947	0.00435328	3.26825e-05	0.421926	0.402422	0.0193587	0.000145336	3.2696e-05	0.000145396	
428	0.0953649	0.0940706	0.00129429	0	0.42408	0.418324	0.00575561	0	0	0	
429	0.123607	0.0882451	0.035356	6.51601e-06	0.549673	0.392418	0.157225	2.89762e-05	6.55451e-06	2.91473e-05	
430	0.222306	0.212429	0.00987316	3.6485e-06	0.988579	0.944658	0.0439051	1.62246e-05	3.7575e-06	1.67093e-05	
431	0.180966	0.166381	0.014585	0	0.804744	0.739886	0.0648583	0	0	0	
432	0.132605	0.11221	0.0203781	1.69539e-05	0.589688	0.498992	0.09062	7.53928e-05	3.33894e-05	0.00014848	
433	0.114829	0.0986018	0.0160344	0.000192983	0.510636	0.438474	0.0713037	0.00085818	0.00022452	0.000998422	
434	0.094018	0.0806128	0.0133237	8.14228e-05	0.41809	0.358478	0.0592498	0.00036208	8.14913e-05	0.000362385	
435	0.217483	0.152152	0.0652363	9.39767e-05	0.967129	0.676611	0.2901	0.000417907	0.0002862	0.00127271	
436	0.119296	0.0861901	0.0327641	0.000342615	0.530503	0.38328	0.145699	0.00152358	0.000423411	0.00188287	
437	0.141601	0.0862395	0.0541679	0.00119376	0.629689	0.3835	0.24088	0.00530859	0.00199219	0.00885914	
438	0.178872	0.130515	0.0475879	0.000768491	0.795429	0.580392	0.211619	0.00341742	0.000884884	0.00393501	
439	0.152274	0.127186	0.0250792	8.68397e-06	0.677151	0.565588	0.111525	3.86169e-05	1.39452e-05	6.20133e-05	
440	0.0871935	0.0802247	0.00694182	2.69501e-05	0.387742	0.356753	0.0308697	0.000119845	2.98998e-05	0.000132962	
441	0.0684387	0.0677005	0.000738196	0	0.304341	0.301058	0.0032827	0	0	0	
442	0.137934	0.095021	0.0411775	0.00173567	0.613382	0.42255	0.183113	0.00771839	0.00219839	0.00977607	
443	0.171686	0.138087	0.0332884	0.000310488	0.763474	0.614062	0.14803	0.00138071	0.000413214	0.00183752	
444	0.134491	0.108062	0.0264101	1.81069e-05	0.598071	0.480546	0.117443	8.05201e-05	2.8847e-05	0.00012828	
445	0.109972	0.0883048	0.0215457	0.000121958	0.489039	0.392684	0.0958123	0.000542338	0.000165111	0.000734237	
446	0.155475	0.0908007	0.0643455	0.000329408	0.691387	0.403783	0.286139	0.00146485	0.000567906	0.00252543	
447	0.165347	0.122103	0.0432444	0	0.735288	0.542984	0.192304	0	0	0	
448	0.0491843	0.0375928	0.0115902	1.22972e-06	0.218718	0.167172	0.0515409	5.46849e-06	1.20716e-06	5.36815e-06	
449	0.231818	0.154361	0.0771484	0.000309269	1.03087	0.686431	0.343072	0.00137529	0.000440443	0.00195861	
450	0.0865904	0.079511	0.00707938	0	0.38506	0.353579	0.0314814	0	0	0	
451	0.131103	0.120347	0.0107513	4.15558e-06	0.583005	0.535176	0.0478104	1.84795e-05	8.32821e-06	3.70349e-05	
452	0.180424	0.100154	0.0787117	0.00155917	0.802335	0.445377	0.350024	0.00693352	0.00253687	0.0112812	
453	0.116099	0.0956718	0.0203705	5.74075e-05	0.516286	0.425444	0.090586	0.000255286	8.88913e-05	0.000395292	
454	0.143156	0.0892564	0.0538515	4.82982e-05	0.636604	0.396916	0.239473	0.000214778	0.000263317	0.00117095	
455	0.167981	0.105176	0.0620339	0.000771276	0.747	0.46771	0.27586	0.0034298	0.00104031	0.00462621	
456	0.148894	0.112004	0.0365071	0.000382451	0.662121	0.498076	0.162344	0.00170072	0.000526996	0.00234351	
457	0.123379	0.100658	0.0227164	5.13793e-06	0.54866	0.447619	0.101018	2.28479e-05	6.48113e-06	2.8821e-05	
458	0.0943671	0.0790111	0.0153557	2.42521e-07	0.419642	0.351356	0.0682859	1.07847e-06	9.26751e-07	4.12118e-06	
459	0.102929	0.0890013	0.013899	2.90786e-05	0.457719	0.395781	0.0618078	0.00012931	4.33077e-05	0.000192586	
460	0.129076	0.0854524	0.0436205	3.18245e-06	0.573991	0.38	0.193977	1.41521e-05	9.11149e-06	4.0518e-05	
461	0.135404	0.0856248	0.0497546	2.51437e-05	0.602133	0.380766	0.221254	0.000111812	3.61208e-05	0.000160626	
462	0.119824	0.100108	0.0196486	6.79762e-05	0.53285	0.445172	0.087376	0.000302284	9.21449e-05	0.000409761	
463	0.13147	0.119631	0.0118384	0	0.584637	0.531992	0.0526445	0	0	0	
464	0.0829487	0.0690675	0.0138476	3.36278e-05	0.368866	0.307137	0.0615792	0.00014954	5.65885e-05	0.000251644	
465	0.0841287	0.082776	0.00135272	0	0.374114	0.368098	0.00601543	0	0	0	
466	0.172027	0.110063	0.0610267	0.000937322	0.76499	0.489441	0.271381	0.00416819	0.00109872	0.00488593	
467	0.12457	0.07987	0.0440862	0.000613897	0.553953	0.355175	0.196048	0.00272995	0.0012427	0.0055262	
468	0.107019	0.101666	0.00535333	3.54501e-07	0.475908	0.452101	0.0238058	1.57643e-06	5.322e-07	2.36665e-06	
469	0.0768799	0.0768799	0	0	0.341879	0.341879	0	0	0	0	
470	0.10674	0.0950372	0.0116941	9.53356e-06	0.474668	0.422623	0.0520029	4.2395e-05	1.31453e-05	5.84562e-05	
471	0.126669	0.0791269	0.0475425	0	0.563289	0.351871	0.211418	0	0	0	
472	0.125523	0.0892903	0.0339229	0.00231037	0.558193	0.397067	0.150852	0.010274	0.00233577	0.0103869	
473	0.162231	0.0993189	0.0604533	0.00245935	0.721431	0.441663	0.268831	0.0109365	0.00302771	0.013464	
474	0.106069	0.0770498	0.0290199	0	0.471683	0.342634	0.129049	0	0	0	
475	0.121596	0.113407	0.00818586	2.58786e-06	0.540728	0.504315	0.0364018	1.1508e-05	4.19203e-06	1.86416e-05	
476	0.157174	0.112846	0.0442611	6.75078e-05	0.698943	0.501817	0.196825	0.000300202	0.000198058	0.000880751	
477	0.122608	0.097131	0.0254271	5.06003e-05	0.545231	0.431933	0.113072	0.000225015	8.84854e-05	0.000393487	
478	0.0952738	0.0789979	0.0162168	5.90596e-05	0.423675	0.351297	0.0721151	0.000262633	8.70609e-05	0.000387152	
479	0.107614	0.0978179	0.00973312	6.38956e-05	0.478554	0.434988	0.0432824	0.000284138	6.38695e-05	0.000284022	
480	0.122793	0.0977146	0.0250617	1.75357e-05	0.546054	0.434529	0.111447	7.798e-05	3.8123e-05	0.00016953	
481	0.0815773	0.0759874	0.00558996	0	0.362768	0.337909	0.0248581	0	0	0	
482	0.13603	0.105907	0.0301219	1.21441e-06	0.604916	0.470961	0.133949	5.40042e-06	1.19119e-06	5.29715e-06	
483	0.0996389	0.0925812	0.0070512	6.48436e-06	0.443086	0.411701	0.0313561	2.88354e-05	8.48841e-06	3.77472e-05	
484	0.162904	0.116794	0.044909	0.0012006	0.724422	0.519376	0.199706	0.00533899	0.00182954	0.00813583	
485	0.105535	0.094961	0.0105187	5.61695e-05	0.469309	0.422283	0.0467762	0.000249781	6.22859e-05	0.00027698	
486	0.0827979	0.0800003	0.00279572	1.92832e-06	0.368195	0.355754	0.0124323	8.57512e-06	3.08342e-06	1.37117e-05	
487	0.104262	0.0997954	0.00446686	0	0.463646	0.443782	0.0198637	0	0	0	
488	0.140368	0.0954949	0.0446591	0.000214316	0.624206	0.424658	0.198595	0.000953049	0.000251912	0.00112023	
489	0.149541	0.0981521	0.0513793	9.91961e-06	0.664998	0.436474	0.228479	4.41117e-05	1.73967e-05	7.73618e-05	
490	0.0931186	0.0907453	0.00237328	0	0.414091	0.403537	0.0105538	0	0	0	
491	0.0999012	0.0782574	0.0216437	0	0.444252	0.348004	0.0962481	0	0	0	
492	0.145816	0.096986	0.0478374	0.000993346	0.648435	0.431289	0.212729	0.00441733	0.00123423	0.00548855	
493	0.199156	0.111662	0.0874386	5.57596e-05	0.885634	0.496553	0.388832	0.000247958	8.94291e-05	0.000397684	
494	0.204767	0.117059	0.0872055	0.000502352	0.910585	0.520556	0.387795	0.00223392	0.000534788	0.00237816	
495	0.0925139	0.083887	0.00862686	0	0.411401	0.373038	0.0383629	0	0	0	
496	0.110849	0.0896799	0.0202731	0.000896391	0.492938	0.398799	0.0901532	0.00398618	0.000897675	0.00399189	
497	0.113825	0.0775284	0.0361264	0.00017036	0.506172	0.344762	0.160651	0.000757577	0.000227436	0.00101139	
498	0.171262	0.133461	0.0377596	4.19463e-05	0.761591	0.59349	0.167914	0.000186531	5.83988e-05	0.000259694	
499	0.161097	0.157879	0.00321826	1.1924e-07	0.716388	0.702076	0.0143113	5.30251e-07	9.30914e-08	4.1397e-07	
500	0.144659	0.0806979	0.0637905	0.000171244	0.64329	0.358857	0.283671	0.00076151	0.000445464	0.00198094	
501	0.132593	0.108359	0.0241625	7.12026e-05	0.589632	0.481866	0.107448	0.000316632	9.37969e-05	0.000417107	
502	0.0941793	0.090868	0.00331125	0	0.418807	0.404083	0.0147248	0	0	0	
503	0.11685	0.10292	0.0139146	1.52361e-05	0.519623	0.457678	0.0618771	6.77537e-05	1.52099e-05	6.76373e-05	
504	0.130142	0.119244	0.0108741	2.39273e-05	0.578733	0.53027	0.0483566	0.000106402	2.48297e-05	0.000110415	
505	0.0737033	0.0686053	0.00509662	1.37804e-06	0.327752	0.305082	0.0226642	6.12803e-06	2.70773e-06	1.2041e-05	
506	0.153017	0.0977102	0.0545255	0.000782204	0.680458	0.434509	0.24247	0.00347839	0.00110856	0.0049297	
507	0.20283	0.157835	0.0444159	0.000578435	0.901969	0.701883	0.197513	0.00257225	0.000595274	0.00264713	
508	0.095588	0.087946	0.00764205	0	0.425072	0.391088	0.0339835	0	0	0	
509	0.0916216	0.087094	0.00451937	8.30722e-06	0.407434	0.3873	0.0200973	3.69415e-05	1.0156e-05	4.5163e-05	
510	0.131481	0.105193	0.0260561	0.000231112	0.584686	0.467789	0.115869	0.00102773	0.000302615	0.0013457	
511	0.0778874	0.0750687	0.0028068	1.18689e-05	0.346359	0.333824	0.0124816	5.27802e-05	1.23701e-05	5.50089e-05	
512	0.172624	0.0882365	0.0838437	0.00054466	0.767649	0.39238	0.372846	0.00242206	0.000926903	0.00412186	
513	0.111186	0.091039	0.0200832	6.43959e-05	0.494438	0.404843	0.0893085	0.000286363	9.25099e-05	0.000411384	
514	0.232486	0.128308	0.101494	0.00268234	1.03384	0.570579	0.451338	0.0119281	0.00374543	0.0166556	
515	0.0672502	0.0565295	0.0107171	3.66821e-06	0.299056	0.251382	0.0476581	1.63122e-05	1.477e-05	6.56813e-05	
516	0.109145	0.0883968	0.0204437	0.000304583	0.485359	0.393093	0.0909116	0.00135445	0.000313591	0.00139451	
517	0.0862161	0.0816276	0.00458845	7.68269e-08	0.383396	0.362991	0.0204044	3.41643e-07	8.33711e-08	3.70744e-07	
518	0.188789	0.155643	0.0331461	0	0.839531	0.692133	0.147398	0	0	0	
519	0.0709937	0.0420543	0.0289393	0	0.315703	0.187012	0.128691	0	0	0	
520	0.172612	0.122207	0.0485608	0.00184379	0.767593	0.543448	0.215946	0.00819918	0.00246743	0.0109724	
521	0.266972	0.109733	0.156564	0.000674643	1.1872	0.487975	0.69623	0.00300008	0.00105646	0.004698	
522	0.180048	0.0782519	0.101592	0.000204601	0.800662	0.34798	0.451772	0.000909847	0.000332961	0.00148065	
523	0.0929507	0.0761188	0.0168318	0	0.413344	0.338494	0.07485	0	0	0	
524	0.153952	0.105863	0.0476744	0.000413841	0.684613	0.470768	0.212004	0.00184032	0.000601006	0.00267262	
525	0.16768	0.0996674	0.0674736	0.0005391	0.74566	0.443213	0.30005	0.00239733	0.00175429	0.0078012	
526	0.117158	0.101369	0.0157601	2.80892e-05	0.520992	0.450783	0.0700839	0.00012491	4.33166e-05	0.000192625	
527	0.107678	0.0778839	0.0297706	2.40202e-05	0.478838	0.346343	0.132387	0.000106816	2.82597e-05	0.000125668	
528	0.0855712	0.0803484	0.00522179	9.85983e-07	0.380528	0.357303	0.0232209	4.38458e-06	2.54901e-06	1.13352e-05	
529	0.132899	0.0810143	0.0517306	0.000154458	0.590993	0.360264	0.230041	0.000686862	0.000344248	0.00153084	
530	0.0931525	0.0807814	0.0123544	1.66773e-05	0.414241	0.359228	0.0549391	7.41628e-05	3.62962e-05	0.000161406	
531	0.167239	0.104959	0.0618785	0.00040055	0.743698	0.466748	0.275168	0.00178121	0.000710947	0.00316152	
532	0.109268	0.0837257	0.025328	0.000214404	0.485906	0.372321	0.112631	0.000953437	0.000284522	0.00126524	
533	0.167818	0.117901	0.0497323	0.000184491	0.746276	0.5243	0.221155	0.000820419	0.000622974	0.00277031	
534	0.13722	0.1134	0.0232441	0.000575216	0.610206	0.504283	0.103364	0.00255793	0.000575399	0.00255875	
535	0.0890998	0.0776814	0.0113791	3.92548e-05	0.396219	0.345443	0.050602	0.000174562	4.46242e-05	0.00019844	
536	0.0689123	0.065889	0.0030233	4.86532e-08	0.306447	0.293003	0.0134443	2.16357e-07	1.90482e-07	8.47059e-07	
537	0.125116	0.0768214	0.0482268	6.78927e-05	0.556381	0.341618	0.214461	0.000301913	8.4029e-05	0.00037367	
538	0.137234	0.080477	0.0551754	0.00158157	0.610268	0.357874	0.24536	0.00703314	0.00304526	0.013542	
539	0.133105	0.0832341	0.0498615	1.02114e-05	0.591911	0.370135	0.22173	4.54092e-05	5.85171e-05	0.000260221	
540	0.0973261	0.0800071	0.0169853	0.000333636	0.432801	0.355785	0.0755325	0.00148365	0.000406219	0.00180642	
541	0.0918482	0.0822708	0.00956958	7.84037e-06	0.408441	0.365852	0.0425551	3.48655e-05	1.33959e-05	5.95708e-05	
542	0.183302	0.150125	0.0330251	0.000151345	0.81513	0.667597	0.146859	0.00067302	0.000199095	0.000885362	
543	0.124962	0.0894922	0.0354509	1.93985e-05	0.555698	0.397965	0.157647	8.62636e-05	2.15604e-05	9.58776e-05	
544	0.170221	0.126832	0.0433798	9.72337e-06	0.756963	0.564013	0.192906	4.3239e-05	7.82111e-05	0.000347798	
545	0.149689	0.0752706	0.0744053	1.37287e-05	0.665658	0.334722	0.330874	6.10506e-05	0.000124771	0.00055485	
546	0.139859	0.116695	0.0231625	1.43379e-06	0.621942	0.518933	0.103002	6.37597e-06	3.90067e-06	1.7346e-05	
547	0.0876375	0.0755726	0.0120648	0	0.389716	0.336065	0.0536516	0	0	0	
548	0.117667	0.110914	0.00675338	0	0.523259	0.493227	0.0300317	0	0	0	
549	0.150792	0.0850986	0.0647511	0.000942994	0.670563	0.378426	0.287943	0.00419342	0.00148046	0.00658348	
550	0.195536	0.119872	0.0718067	0.00385717	0.869535	0.533063	0.319319	0.0171525	0.00507566	0.022571	
551	0.097324	0.0966706	0.00065336	0	0.432792	0.429886	0.00290544	0	0	0	
552	0.0875984	0.0726806	0.0146484	0.000269416	0.389543	0.323204	0.0651404	0.00119807	0.000274239	0.00121951	
553	0.190633	0.183199	0.00742761	6.0494e-06	0.847731	0.814674	0.03303	2.69012e-05	7.67217e-06	3.41175e-05	
554	0.138465	0.102549	0.0352165	0.000699474	0.615745	0.456029	0.156605	0.0031105	0.00082764	0.00368044	
555	0.0979479	0.0752273	0.0226939	2.66536e-05	0.435566	0.33453	0.100918	0.000118526	4.1513e-05	0.000184605	
556	0.171317	0.149747	0.0213639	0.000206403	0.761836	0.665915	0.0950037	0.00091786	0.000206376	0.000917739	
557	0.0929504	0.0790411	0.0138601	4.921e-05	0.413343	0.351489	0.0616349	0.000218833	7.13741e-05	0.000317395	
558	0.109347	0.0975365	0.0118105	0	0.486257	0.433737	0.0525204	0	0	0	
559	0.104095	0.0791454	0.0247567	0.000193335	0.462904	0.351953	0.110091	0.000859748	0.000276262	0.00122851	
560	0.0949217	0.0849106	0.0100105	5.6251e-07	0.422109	0.37759	0.0445158	2.50144e-06	9.8344e-07	4.37328e-06	
561	0.125347	0.0931875	0.0316791	0.00048102	0.557411	0.414397	0.140874	0.00213906	0.000723891	0.00321908	
562	0.0702987	0.0498953	0.0204034	0	0.312612	0.22188	0.0907323	0	0	0	
563	0.112528	0.0789043	0.0333621	0.00026239	0.500406	0.350881	0.148358	0.00116682	0.000368858	0.00164028	
564	0.120471	0.0815542	0.038624	0.000292799	0.535725	0.362665	0.171758	0.00130205	0.00035057	0.00155895	
565	0.0978812	0.0850686	0.0127004	0.000112159	0.43527	0.378293	0.0564779	0.000498763	0.000151026	0.000671603	
566	0.125647	0.103868	0.0216988	7.94511e-05	0.558742	0.461896	0.096493	0.000353312	9.66276e-05	0.000429695	
567	0.20766	0.161029	0.0457676	0.000863602	0.923451	0.716085	0.203524	0.00384037	0.000891129	0.00396277	
568	0.145587	0.115391	0.0301689	2.69892e-05	0.647417	0.513138	0.134158	0.000120019	2.69621e-05	0.000119898	
569	0.0809082	0.0759563	0.0049519	0	0.359792	0.337771	0.0220207	0	0	0	
570	0.136135	0.1199	0.0161089	0.000125995	0.605381	0.533186	0.0716351	0.000560292	0.000220701	0.000981441	
571	0.102768	0.0916212	0.0111454	1.81086e-06	0.457003	0.407432	0.0495629	8.05276e-06	3.61407e-06	1.60714e-05	
572	0.116696	0.0977172	0.018824	0.000155315	0.51894	0.43454	0.083709	0.000690676	0.0003292	0.00146392	
573	0.0978289	0.0844697	0.0132914	6.77621e-05	0.435037	0.37563	0.059106	0.000301332	9.73943e-05	0.000433104	
574	0.142775	0.0799555	0.0621751	0.000644898	0.634911	0.355555	0.276487	0.00286781	0.000976162	0.00434091	
575	0.150893	0.0844097	0.065647	0.00083679	0.671011	0.375363	0.291927	0.00372113	0.00119975	0.00533521	
576	0.0709844	0.054554	0.0164303	0	0.315661	0.242597	0.0730643	0	0	0	
577	0.123773	0.113298	0.0104752	0	0.55041	0.503827	0.0465824	0	0	0	
578	0.0985847	0.0891349	0.00944972	7.70103e-08	0.438398	0.396375	0.0420221	3.42458e-07	6.76183e-07	3.00693e-06	
579	0.094126	0.0874115	0.00668001	3.44805e-05	0.41857	0.388712	0.0297054	0.000153332	4.12664e-05	0.000183508	
580	0.0902332	0.0668597	0.0233526	2.08539e-05	0.401259	0.29732	0.103847	9.2736e-05	5.30565e-05	0.000235938	
581	0.0806108	0.0753281	0.00528263	0	0.358469	0.334978	0.0234914	0	0	0	
582	0.0892426	0.0846021	0.00462499	1.55389e-05	0.396855	0.376219	0.0205669	6.91005e-05	1.55723e-05	6.92492e-05	
583	0.108735	0.093045	0.0156506	3.97041e-05	0.483537	0.413763	0.0695971	0.000176561	5.18279e-05	0.000230474	
584	0.160985	0.128343	0.03222	0.00042213	0.715889	0.570732	0.14328	0.00187717	0.000441969	0.0019654	
585	0.112406	0.0751266	0.0372617	1.79406e-05	0.499861	0.334082	0.165699	7.97807e-05	2.51725e-05	0.00011194	
586	0.115095	0.0846002	0.0302843	0.000211369	0.511822	0.37621	0.134672	0.000939941	0.000302289	0.00134425	
587	0.111808	0.0892338	0.0225441	3.03593e-05	0.497202	0.396815	0.100252	0.000135005	4.40453e-05	0.000195866	
588	0.0678367	0.0678367	0	0	0.301664	0.301664	0	0	0	0	
589	0.151486	0.1096	0.0409965	0.000889649	0.673648	0.487383	0.182308	0.0039562	0.00100443	0.00446664	
590	0.136379	0.107741	0.0284504	0.000187593	0.606469	0.479118	0.126517	0.000834211	0.000236765	0.00105287	
591	0.138595	0.0962661	0.0422436	8.59988e-05	0.616324	0.428087	0.187853	0.00038243	9.65404e-05	0.000429307	
592	0.107528	0.0860913	0.0214006	3.69744e-05	0.478172	0.382841	0.0951669	0.000164422	6.81669e-05	0.000303132	
593	0.101149	0.0943247	0.00682223	2.6846e-06	0.449804	0.419454	0.0303379	1.19382e-05	7.30328e-06	3.24771e-05	
594	0.0878121	0.0807976	0.00699535	1.91464e-05	0.390493	0.3593	0.0311078	8.51426e-05	3.16316e-05	0.000140663	
595	0.11315	0.0941701	0.0189332	4.72938e-05	0.503171	0.418767	0.0841945	0.000210311	6.10176e-05	0.00027134	
596	0.10988	0.0905743	0.0191518	0.000154067	0.488628	0.402776	0.0851665	0.000685125	0.000174008	0.000773802	
597	0.148775	0.141453	0.00730228	1.99704e-05	0.661592	0.629031	0.0324726	8.8807e-05	2.1142e-05	9.40168e-05	
598	0.113357	0.108594	0.00473903	2.38385e-05	0.504092	0.482912	0.021074	0.000106008	2.50002e-05	0.000111174	
599	0.106505	0.0937251	0.0127771	3.55235e-06	0.473622	0.416788	0.056819	1.5797e-05	9.14968e-06	4.06879e-05	
600	0.109441	0.108324	0.00111728	0	0.486678	0.48171	0.00496848	0	0	0	
601	0.24065	0.148564	0.091577	0.000509062	1.07015	0.660653	0.407235	0.00226376	0.000509426	0.00226537	
602	0.109829	0.102925	0.00688786	1.55718e-05	0.488402	0.457703	0.0306297	6.92467e-05	4.8568e-05	0.000215978	
603	0.117376	0.0521368	0.0652398	0	0.521964	0.231848	0.290116	0	0	0	
604	0.0874213	0.0812234	0.00619225	5.62333e-06	0.388755	0.361194	0.0275364	2.50065e-05	5.77908e-06	2.56991e-05	
605	0.122842	0.0497158	0.0731035	2.29266e-05	0.54627	0.221082	0.325085	0.000101953	0.000111264	0.000494785	
606	0.129081	0.0941008	0.0343566	0.000624385	0.574016	0.418458	0.152781	0.00277659	0.000913938	0.00406421	
607	0.0845246	0.0784379	0.00603829	4.84248e-05	0.375874	0.348807	0.0268517	0.000215341	4.95555e-05	0.000220369	
608	0.0853896	0.0790564	0.00633318	0	0.37972	0.351557	0.0281631	0	0	0	
609	0.0912918	0.0873886	0.00390318	0	0.405967	0.38861	0.0173571	0	0	0	
610	0.109054	0.0802773	0.0280049	0.00077196	0.484955	0.356987	0.124535	0.00343284	0.000960819	0.00427268	
611	0.065612	0.0578977	0.00762591	8.83686e-05	0.291771	0.257466	0.0339118	0.000392968	9.15189e-05	0.000406977	
612	0.0953786	0.0908937	0.00448276	2.13996e-06	0.424141	0.404197	0.0199344	9.51624e-06	4.37347e-06	1.94484e-05	
613	0.0928481	0.0768658	0.0159144	6.79245e-05	0.412888	0.341816	0.07077	0.000302055	8.00622e-05	0.00035603	
614	0.0987798	0.0838673	0.0148594	5.30238e-05	0.439266	0.372951	0.0660789	0.000235792	5.88784e-05	0.000261827	
615	0.0954008	0.0869957	0.00840085	4.29991e-06	0.424239	0.386862	0.0373579	1.91213e-05	4.28172e-06	1.90404e-05	
616	0.114006	0.0891986	0.024055	0.000752715	0.506977	0.396659	0.106971	0.00334726	0.000950302	0.00422592	
617	0.111005	0.0919009	0.0190561	4.80406e-05	0.493631	0.408676	0.0847413	0.000213632	5.54121e-05	0.000246413	
618	0.0626701	0.0560533	0.00658309	3.37555e-05	0.278689	0.249264	0.0292745	0.000150108	3.37307e-05	0.000149997	
619	0.140513	0.0990898	0.0413716	5.19718e-05	0.624852	0.440644	0.183976	0.000231114	5.211e-05	0.000231729	
620	0.100994	0.0879056	0.0130839	5.12958e-06	0.449115	0.390909	0.0581832	2.28108e-05	6.76808e-06	3.00971e-05	
621	0.360606	0.186526	0.171237	0.00284183	1.60358	0.829469	0.76148	0.0126374	0.00288563	0.0128321	
622	0.0349074	0.0305457	0.00436016	1.54453e-06	0.15523	0.135834	0.0193892	6.86841e-06	2.9546e-06	1.31389e-05	
623	0.0902365	0.071986	0.0181137	0.000136784	0.401274	0.320116	0.0805504	0.000608269	0.000159616	0.0007098	
624	0.120588	0.0828542	0.0377338	0	0.536245	0.368446	0.167799	0	0	0	
625	0.061259	0.0550814	0.00617762	0	0.272414	0.244942	0.0274713	0	0	0	
626	0.0709633	0.0639434	0.00701986	0	0.315568	0.284351	0.0312167	0	0	0	
627	0.100022	0.079253	0.0207697	0	0.444793	0.352431	0.0923612	0	0	0	
628	0.0602182	0.0602182	0	0	0.267785	0.267785	0	0	0	0	
629	0.234977	0.137863	0.0961089	0.00100472	1.04492	0.613069	0.427388	0.00446794	0.00133285	0.0059271	
630	0.162954	0.145841	0.017102	1.11506e-05	0.724646	0.648545	0.0760512	4.95859e-05	1.64917e-05	7.33374e-05	
631	0.10514	0.096014	0.00912685	0	0.467553	0.426966	0.0405864	0	0	0	
632	0.0433382	0.0433343	3.88308e-06	0	0.192721	0.192704	1.72677e-05	0	0	0	
633	0.0523747	0.045241	0.00709477	3.90115e-05	0.232906	0.201183	0.0315498	0.000173481	3.89851e-05	0.000173363	
634	0.0481278	0.0420475	0.00608026	0	0.21402	0.186982	0.0270384	0	0	0	
635	0.0697698	0.0656775	0.0040816	1.06421e-05	0.31026	0.292062	0.0181505	4.7325e-05	3.08192e-05	0.00013705	
636	0.0845322	0.0651251	0.0194013	5.6914e-06	0.375907	0.289606	0.0862764	2.53092e-05	6.28734e-06	2.79593e-05	
637	0.0768939	0.0737772	0.00311222	4.4649e-06	0.341941	0.328081	0.0138398	1.9855e-05	4.52059e-06	2.01027e-05	
638	0.142609	0.0817014	0.0609034	4.5132e-06	0.634172	0.363319	0.270832	2.00698e-05	1.50112e-05	6.67539e-05	
639	0.129955	0.0762823	0.0536729	0	0.5779	0.339221	0.238679	0	0	0	
640	0.086214	0.0806516	0.00549765	6.48212e-05	0.383386	0.358651	0.0244476	0.000288254	6.81785e-05	0.000303184	
641	0.0756096	0.0751838	0.000425746	0	0.336229	0.334336	0.00189326	0	0	0	
642	0.0633332	0.0632004	0.000132813	0	0.281637	0.281047	0.00059061	0	0	0	
643	0.167442	0.142216	0.0248972	0.000328221	0.744603	0.632427	0.110716	0.00145957	0.000391215	0.0017397	
644	0.108011	0.0825681	0.0254429	0	0.480316	0.367173	0.113142	0	0	0	
645	0.0808005	0.0805588	0.000241693	3.1308e-08	0.359313	0.358238	0.00107478	1.39224e-07	5.05483e-09	2.24784e-08	
646	0.120337	0.075145	0.0450505	0.000141549	0.535129	0.334163	0.200336	0.000629457	0.000235271	0.00104623	
647	0.174642	0.12409	0.0494406	0.00111138	0.776621	0.55182	0.219858	0.00494222	0.00151388	0.00673213	
648	0.146026	0.117527	0.028382	0.000116341	0.649367	0.522637	0.126212	0.000517362	0.000148941	0.000662329	
649	0.0644698	0.0644698	0	0	0.286692	0.286692	0	0	0	0	
650	0.0735802	0.0731319	0.000448368	0	0.327205	0.325211	0.00199386	0	0	0	
651	0.10329	0.101708	0.00158172	0	0.459322	0.452288	0.0070338	0	0	0	
652	0.0931486	0.0826371	0.0104263	8.52477e-05	0.414224	0.36748	0.0463649	0.000379089	9.31099e-05	0.000414052	
653	0.100242	0.0878412	0.0124013	0	0.445771	0.390623	0.055148	0	0	0	
654	0.12454	0.08844	0.0359497	0.000150537	0.55382	0.393285	0.159865	0.000669427	0.000251093	0.00111659	
655	0.130853	0.0812344	0.0486677	0.000951469	0.581895	0.361243	0.216421	0.0042311	0.00152463	0.00677993	
656	0.234312	0.118684	0.112009	0.00361933	1.04197	0.527778	0.498097	0.0160949	0.0062351	0.0277269	
657	0.112121	0.0802887	0.0318326	0	0.498595	0.357037	0.141557	0	0	0	
658	0.118504	0.0755281	0.0429765	0	0.526981	0.335867	0.191113	0	0	0	
659	0.126223	0.0960087	0.0300877	0.000127296	0.561307	0.426943	0.133797	0.000566078	0.000147602	0.000656376	
660	0.159766	0.100715	0.0583925	0.00065875	0.71047	0.447873	0.259667	0.00292941	0.00148517	0.00660443	
661	0.204792	0.0986331	0.102889	0.00327001	0.910697	0.438613	0.457542	0.0145415	0.00730207	0.0324717	
662	0.12083	0.0806946	0.0400887	4.74558e-05	0.537325	0.358842	0.178271	0.000211032	0.000133586	0.000594047	
663	0.0941234	0.0806128	0.0135041	6.4062e-06	0.418559	0.358478	0.0600518	2.84878e-05	7.04275e-06	3.13185e-05	
664	0.105724	0.0876067	0.0180952	2.23683e-05	0.470147	0.38958	0.0804682	9.94701e-05	2.66517e-05	0.000118518	
665	0.0994127	0.0875011	0.0119116	0	0.44208	0.38911	0.0529702	0	0	0	
666	0.0996224	0.0792112	0.020348	6.31804e-05	0.443013	0.352245	0.0904863	0.000280958	8.20626e-05	0.000364926	
667	0.148639	0.105174	0.0416675	0.0017971	0.660987	0.467704	0.185292	0.00799156	0.00222098	0.00987652	
668	0.100304	0.0833326	0.016971	4.07625e-07	0.446044	0.370573	0.0754688	1.81267e-06	1.10374e-06	4.90826e-06	
669	0.0438515	0.0436557	0.000195823	0	0.195004	0.194133	0.000870812	0	0	0	
670	0.0937011	0.0829076	0.0107491	4.43822e-05	0.416681	0.368683	0.0478006	0.000197364	4.46714e-05	0.00019865	
671	0.0512897	0.0508152	0.000474542	0	0.228081	0.225971	0.00211025	0	0	0	
672	0.155494	0.112349	0.0431324	1.19415e-05	0.691469	0.49961	0.191806	5.31032e-05	4.77253e-05	0.00021223	
673	0.151364	0.101809	0.0487028	0.000851592	0.673104	0.452739	0.216577	0.00378696	0.00111702	0.0049673	
674	0.137997	0.0956763	0.0421868	0.000134436	0.613664	0.425465	0.187601	0.000597827	0.000139656	0.00062104	
675	0.125126	0.0814692	0.0432846	0.000373081	0.556429	0.362287	0.192483	0.00165906	0.000448202	0.00199312	
676	0.159898	0.110162	0.0486515	0.00108426	0.711054	0.489883	0.216349	0.00482163	0.00173328	0.00770776	
677	0.105386	0.0937551	0.0115961	3.50221e-05	0.468644	0.416921	0.0515671	0.00015574	4.31347e-05	0.000191816	
678	0.110831	0.0805897	0.0302294	1.21172e-05	0.492857	0.358376	0.134427	5.38845e-05	1.57373e-05	6.99828e-05	
679	0.123574	0.0913085	0.032202	6.37389e-05	0.549525	0.406041	0.143199	0.000283441	6.88305e-05	0.000306083	
680	0.128169	0.110782	0.0173872	0	0.569961	0.492641	0.0773195	0	0	0	
681	0.112023	0.0980928	0.0139	3.10526e-05	0.498161	0.436211	0.0618122	0.000138088	6.74279e-05	0.000299846	
682	0.100303	0.0979925	0.00231126	0	0.446043	0.435765	0.010278	0	0	0	
683	0.0948819	0.09151	0.00337184	0	0.421932	0.406937	0.0149943	0	0	0	
684	0.108829	0.0946099	0.0141816	3.77782e-05	0.483955	0.420722	0.0630646	0.000167997	3.83914e-05	0.000170723	
685	0.176155	0.141253	0.034368	0.000533842	0.783348	0.628142	0.152831	0.00237395	0.000544518	0.00242143	
686	0.106092	0.0908478	0.0151745	7.02919e-05	0.471785	0.403992	0.06748	0.000312582	0.000108523	0.000482593	
687	0.0818168	0.0781124	0.00369623	8.15442e-06	0.363832	0.347359	0.0164368	3.6262e-05	8.61475e-06	3.83091e-05	
688	0.064842	0.0644771	0.000364865	0	0.288347	0.286724	0.00162252	0	0	0	
689	0.00769667	0.00717794	0.000518728	0	0.0342265	0.0319197	0.00230674	0	0	0	
690	0.0600539	0.0600539	0	0	0.267055	0.267055	0	0	0	0	
691	0.106154	0.0984807	0.00761891	5.48738e-05	0.47206	0.437935	0.0338807	0.000244019	7.26602e-05	0.000323114	
692	0.0731846	0.0731846	0	0	0.325446	0.325446	0	0	0	0	
693	0.0914284	0.0796224	0.0118046	1.42299e-06	0.406575	0.354074	0.0524944	6.32793e-06	2.33121e-06	1.03667e-05	
694	0.207889	0.154966	0.0520491	0.000873704	0.924465	0.689122	0.231458	0.00388529	0.00147328	0.00655157	
695	0.0947901	0.0796054	0.0151783	6.32232e-06	0.421523	0.353999	0.0674968	2.81148e-05	1.04809e-05	4.6608e-05	
696	0.24454	0.160325	0.0824809	0.00173338	1.08745	0.712955	0.366786	0.00770823	0.00207696	0.0092361	
697	0.15712	0.0830823	0.0733431	0.000695367	0.698703	0.36946	0.32615	0.00309224	0.00229574	0.010209	
698	0.243467	0.1965	0.0465486	0.000418539	1.08267	0.873819	0.206997	0.00186121	0.00048571	0.00215991	
699	0.322891	0.186008	0.132831	0.00405223	1.43587	0.827164	0.590689	0.0180199	0.00460084	0.0204596	
700	0.0828149	0.0828149	0	0	0.368271	0.368271	0	0	0	0	
701	0.0826708	0.0826708	0	0	0.36763	0.36763	0	0	0	0	
702	0.112777	0.10662	0.00615661	0	0.501511	0.474133	0.0273779	0	0	0	
703	0.0907469	0.087936	0.00279861	1.22623e-05	0.403544	0.391044	0.0124452	5.45296e-05	1.22361e-05	5.44133e-05	
704	0.0943634	0.0797077	0.0146507	5.03843e-06	0.419626	0.354453	0.0651507	2.24055e-05	1.1204e-05	4.98233e-05	
705	0.0980309	0.088363	0.00966788	0	0.435935	0.392943	0.0429922	0	0	0	
706	0.203078	0.158697	0.0442053	0.000175718	0.903075	0.705716	0.196577	0.000781407	0.000276954	0.00123159	
707	0.0871628	0.080516	0.00664678	0	0.387606	0.358048	0.0295576	0	0	0	
708	0.0801838	0.0801838	0	0	0.35657	0.35657	0	0	0	0	
709	0.122813	0.103687	0.0189353	0.000191445	0.546143	0.461088	0.084204	0.00085134	0.000199849	0.000888715	
710	0.197278	0.0962809	0.100896	0.000101075	0.877283	0.428153	0.448679	0.000449472	0.000154608	0.000687529	
711	0.0958463	0.0809113	0.0149349	0	0.42622	0.359806	0.0664146	0	0	0	
712	0.0771306	0.0767879	0.000342697	0	0.342993	0.341469	0.00152394	0	0	0	
713	0.089373	0.0786371	0.0107358	0	0.397434	0.349693	0.0477413	0	0	0	
714	0.0922453	0.0819073	0.0103252	1.27941e-05	0.410207	0.364235	0.0459156	5.68945e-05	1.27673e-05	5.67754e-05	
715	0.0722384	0.070252	0.00198641	0	0.321238	0.312405	0.00883342	0	0	0	
716	0.0807786	0.0751973	0.00555977	2.15825e-05	0.359216	0.334396	0.0247238	9.59758e-05	2.15769e-05	9.5951e-05	
717	0.0965977	0.0885366	0.00805488	6.28344e-06	0.429562	0.393715	0.0358194	2.79419e-05	6.25737e-06	2.7826e-05	
718	0.119344	0.108458	0.0108385	4.76665e-05	0.530714	0.482304	0.0481982	0.000211969	4.96664e-05	0.000220862	
719	0.0765557	0.0631061	0.0131458	0.000303748	0.340437	0.280628	0.0584586	0.00135074	0.000310729	0.00138179	
720	0.0624852	0.0622643	0.000220898	0	0.277866	0.276884	0.000982318	0	0	0	
721	0.127224	0.10663	0.0203501	0.000243276	0.565755	0.474178	0.0904957	0.00108183	0.000249237	0.00110834	
722	0.0813798	0.0810854	0.000294384	0	0.361889	0.36058	0.0013091	0	0	0	
723	0.112162	0.102337	0.00981741	7.55532e-06	0.498778	0.455088	0.0436572	3.35979e-05	7.52891e-06	3.34804e-05	
724	0.0809588	0.0807188	0.000240001	0	0.360017	0.35895	0.00106726	0	0	0	
725	0.0823129	0.0625656	0.0195357	0.000211619	0.366039	0.278224	0.0868739	0.000941054	0.000215519	0.000958399	
726	0.0457443	0.0426551	0.00308917	0	0.203421	0.189684	0.0137373	0	0	0	
727	0.0892138	0.0889942	0.000219542	0	0.396726	0.39575	0.000976288	0	0	0	
728	0.100894	0.0854497	0.015119	0.000325899	0.44867	0.379988	0.067233	0.00144924	0.000338921	0.00150715	
729	0.0984559	0.0776215	0.0208344	0	0.437825	0.345176	0.0926489	0	0	0	
730	0.111815	0.104915	0.00687986	2.00048e-05	0.497233	0.46655	0.0305942	8.89598e-05	2.6154e-05	0.000116304	
731	0.111271	0.0944651	0.0167571	4.94366e-05	0.494816	0.420079	0.0745175	0.00021984	5.52855e-05	0.00024585	
732	0.0822704	0.0773933	0.00487702	0	0.365849	0.344162	0.0216877	0	0	0	
733	0.101452	0.0919969	0.00945288	2.39152e-06	0.451149	0.409103	0.0420361	1.06349e-05	9.93438e-06	4.41774e-05	
734	0.114148	0.10687	0.00727772	0	0.507609	0.475246	0.0323634	0	0	0	
735	0.0707315	0.0657447	0.00498672	0	0.314537	0.292361	0.0221755	0	0	0	
736	0.0574417	0.055508	0.0019337	0	0.255439	0.246839	0.00859903	0	0	0	
737	0.089426	0.0796663	0.00975607	3.63172e-06	0.39767	0.35427	0.0433844	1.615e-05	2.42988e-05	0.000108055	
738	0.118636	0.113202	0.00542431	9.98063e-06	0.527567	0.503402	0.0241214	4.43831e-05	1.3002e-05	5.78188e-05	
739	0.0660191	0.0648453	0.00117375	0	0.293581	0.288362	0.0052196	0	0	0	
740	0.0367405	0.0367047	3.57995e-05	0	0.163382	0.163223	0.000159197	0	0	0	
741	0.0901937	0.0864138	0.00377575	4.1104e-06	0.401084	0.384275	0.0167904	1.82786e-05	4.39852e-06	1.95598e-05	
742	0.141409	0.122983	0.018403	2.26541e-05	0.628836	0.546899	0.0818368	0.000100741	2.26273e-05	0.000100622	
743	0.088502	0.0841996	0.00426134	4.10235e-05	0.393561	0.374429	0.0189498	0.000182428	4.09973e-05	0.000182312	
744	0.0559797	0.055365	0.000614697	0	0.248937	0.246204	0.00273351	0	0	0	
745	0.124607	0.101755	0.0227966	5.5143e-05	0.554118	0.452498	0.101374	0.000245216	5.5117e-05	0.000245101	
746	0.0795483	0.0751562	0.00439211	0	0.353745	0.334213	0.0195313	0	0	0	
747	0.0855525	0.0842581	0.0012944	0	0.380445	0.374689	0.00575611	0	0	0	
748	0.10163	0.0822382	0.0192516	0.000140668	0.451942	0.365707	0.0856103	0.000625543	0.000151978	0.000675834	
749	0.120122	0.112381	0.00774142	0	0.534176	0.49975	0.0344254	0	0	0	
750	0.0909591	0.0821383	0.00882084	0	0.404488	0.365262	0.0392256	0	0	0	
751	0.258694	0.151945	0.10107	0.0056777	1.15039	0.675689	0.449454	0.0252483	0.00732547	0.0325757	
752	0.0833477	0.0763773	0.00697041	0	0.37064	0.339644	0.0309968	0	0	0	
753	0.101332	0.0925115	0.00882084	0	0.450616	0.411391	0.0392256	0	0	0	
754	0.223841	0.176475	0.0470493	0.000317001	0.995406	0.784772	0.209224	0.00140968	0.000679131	0.00302004	
755	0.111041	0.0920382	0.01898	2.33433e-05	0.493793	0.409286	0.0844028	0.000103805	2.3768e-05	0.000105694	
756	0.198486	0.114031	0.0844407	1.44492e-05	0.882655	0.50709	0.375501	6.42546e-05	0.000169357	0.000753117	
757	0.122738	0.0775283	0.0423358	0.00287409	0.545807	0.344762	0.188263	0.0127808	0.00318644	0.0141698	
758	0.22135	0.127799	0.0935451	5.55229e-06	0.984327	0.568314	0.415987	2.46905e-05	8.16729e-06	3.63193e-05	
759	0.111619	0.0713121	0.04027	3.7198e-05	0.496362	0.317119	0.179077	0.000165416	7.4504e-05	0.000331313	
760	0.112567	0.0866879	0.0258795	0	0.500578	0.385494	0.115084	0	0	0	
761	0.123357	0.109843	0.0133483	0.000165142	0.54856	0.488467	0.0593588	0.000734377	0.000171711	0.000763589	
762	0.0506392	0.0506392	0	0	0.225188	0.225188	0	0	0	0	
763	0.0558222	0.0539221	0.00190003	0	0.248236	0.239787	0.00844928	0	0	0	
764	0.0772062	0.0766509	0.000555343	0	0.343329	0.34086	0.00246956	0	0	0	
765	0.0848067	0.0837449	0.00106178	0	0.377128	0.372406	0.00472166	0	0	0	
766	0.0476126	0.0444639	0.00312552	2.31713e-05	0.211729	0.197727	0.0138989	0.000103041	2.31451e-05	0.000102924	
767	0.0517952	0.0431106	0.00862446	6.0185e-05	0.230329	0.191709	0.0383523	0.000267638	6.01587e-05	0.000267521	
768	0.0453064	0.0452677	3.86864e-05	0	0.201474	0.201302	0.000172035	0	0	0	
769	0.0806915	0.0524219	0.0281427	0.000126906	0.358828	0.233116	0.125148	0.000564341	0.000359901	0.00160045	
770	0.0836345	0.0565109	0.0267958	0.000327858	0.371916	0.251299	0.119158	0.00145796	0.000338567	0.00150558	
771	0.109856	0.0781736	0.0316767	5.82134e-06	0.488521	0.347632	0.140863	2.5887e-05	9.19609e-06	4.08942e-05	
772	0.103465	0.103159	0.000305905	0	0.460101	0.458741	0.00136033	0	0	0	
773	0.117193	0.0904364	0.0267556	1.38372e-06	0.521149	0.402163	0.11898	6.15331e-06	1.59316e-05	7.08468e-05	
774	0.0779725	0.0775519	0.000420629	0	0.346737	0.344867	0.0018705	0	0	0	
775	0.0755738	0.0755738	0	0	0.33607	0.33607	0	0	0	0	
776	0.0648329	0.0648329	0	0	0.288306	0.288306	0	0	0	0	
777	0.0742481	0.0742481	0	0	0.330175	0.330175	0	0	0	0	
778	0.0921853	0.0921853	0	0	0.40994	0.40994	0	0	0	0	
779	0.13018	0.110634	0.0195455	0	0.578901	0.491984	0.0869173	0	0	0	
780	0.0506736	0.0434411	0.00723246	0	0.225341	0.193179	0.0321621	0	0	0	
781	0.0536467	0.0424428	0.0112038	0	0.238562	0.18874	0.0498226	0	0	0	
782	0.107416	0.0950753	0.0123411	0	0.477672	0.422792	0.05488	0	0	0	
783	0.198399	0.134774	0.0614343	0.00219068	0.882264	0.599329	0.273193	0.00974182	0.00297385	0.0132244	
784	0.0716928	0.0716928	0	0	0.318812	0.318812	0	0	0	0	
785	0.126571	0.0752929	0.0512788	0	0.562854	0.334821	0.228033	0	0	0	
786	0.11704	0.0948493	0.0220132	0.000177783	0.520469	0.421787	0.0978912	0.00079059	0.000362252	0.0016109	
787	0.171011	0.084007	0.0842978	0.00270664	0.760474	0.373572	0.374865	0.0120362	0.00370708	0.0164851	
788	0.160755	0.0915889	0.0690374	0.000128931	0.714865	0.407288	0.307003	0.000573346	0.000160178	0.000712298	
789	0.103161	0.10274	0.000420629	0	0.458748	0.456878	0.0018705	0	0	0	
790	0.116307	0.0845192	0.0317882	0	0.517209	0.37585	0.141359	0	0	0	
791	0.124048	0.0872927	0.0366508	0.000104718	0.551632	0.388183	0.162983	0.000465674	0.000706568	0.00314205	
792	0.0949124	0.0825713	0.0123411	0	0.422068	0.367188	0.05488	0	0	0	
793	0.215449	0.147597	0.0652836	0.00256841	0.958087	0.656354	0.290311	0.0114215	0.00314749	0.0139966	
794	0.0968236	0.0897687	0.00705295	1.95478e-06	0.430566	0.399194	0.0313639	8.69275e-06	2.18711e-06	9.72594e-06	
795	0.155035	0.105803	0.0488389	0.000393068	0.689431	0.4705	0.217182	0.00174794	0.000594761	0.00264485	
796	0.0949269	0.0940081	0.000918798	0	0.422132	0.418046	0.00408582	0	0	0	
797	0.0533842	0.0533842	0	0	0.237395	0.237395	0	0	0	0	
798	0.185172	0.104046	0.0809893	0.000136182	0.823445	0.462686	0.360153	0.000605592	0.000252837	0.00112434	
799	0.155395	0.129617	0.0257644	1.42449e-05	0.691032	0.576397	0.114572	6.33461e-05	1.92912e-05	8.57867e-05	
800	0.199819	0.159142	0.0404952	0.000180966	0.888579	0.707695	0.180078	0.000804745	0.000483824	0.00215152	
801	0.152958	0.0854805	0.0674643	1.33849e-05	0.680192	0.380124	0.300008	5.95217e-05	5.60931e-05	0.000249441	
802	0.132995	0.0865584	0.0464359	1.32412e-06	0.591421	0.384918	0.206497	5.88826e-06	5.52428e-06	2.4566e-05	
803	0.0835029	0.0835029	0	0	0.37133	0.37133	0	0	0	0	
804	0.18552	0.151397	0.0341101	1.31531e-05	0.824993	0.67325	0.151685	5.8491e-05	1.83134e-05	8.14384e-05	
805	0.180566	0.144257	0.0359931	0.000316216	0.802964	0.6415	0.160058	0.00140619	0.000444804	0.001978	
806	0.154196	0.107198	0.0443461	0.00265137	0.685699	0.476705	0.197203	0.0117904	0.00321476	0.0142958	
807	0.158986	0.119633	0.0390116	0.000341039	0.706999	0.532001	0.173481	0.00151657	0.000468733	0.00208442	
808	0.167945	0.152993	0.0149428	9.6999e-06	0.74684	0.680348	0.0664498	4.31347e-05	1.21011e-05	5.38128e-05	
809	0.171463	0.112479	0.0587981	0.000185973	0.762486	0.500189	0.26147	0.000827009	0.000620851	0.00276087	
810	0.078862	0.0781366	0.000725151	3.04857e-07	0.350693	0.347467	0.00322469	1.35567e-06	2.78624e-07	1.23902e-06	
811	0.131498	0.0973513	0.0341468	0	0.584761	0.432913	0.151848	0	0	0	
812	0.175139	0.112429	0.0623925	0.000317471	0.778831	0.499965	0.277454	0.00141176	0.000356286	0.00158437	
813	0.0641087	0.0641087	0	0	0.285086	0.285086	0	0	0	0	
814	0.0958712	0.0816698	0.0142012	1.89327e-07	0.426331	0.363179	0.0631519	8.41924e-07	7.99017e-07	3.55316e-06	
815	0.151537	0.132924	0.0184183	0.000193958	0.673874	0.591106	0.0819049	0.000862518	0.000193946	0.000862463	
816	0.186856	0.156141	0.0306523	6.19008e-05	0.830934	0.69435	0.136308	0.000275268	8.94609e-05	0.000397825	
817	0.159122	0.0973874	0.0610533	0.000681719	0.707605	0.433074	0.271499	0.00303155	0.00165968	0.00738047	
818	0.191516	0.124516	0.0661557	0.000843998	0.851657	0.553714	0.294189	0.00375319	0.00238347	0.0105991	
819	0.0670944	0.0670944	0	0	0.298363	0.298363	0	0	0	0	
820	0.0945566	0.0909379	0.00361676	2.00029e-06	0.420485	0.404393	0.0160834	8.89514e-06	2.04271e-06	9.0838e-06	
821	0.0278667	0.0276173	0.000249422	0	0.123921	0.122812	0.00110916	0	0	0	
822	0.0987796	0.0844321	0.0143273	2.01073e-05	0.439264	0.375463	0.0637126	8.94155e-05	2.3107e-05	0.000102755	
823	0.0637622	0.0591214	0.00464074	0	0.283545	0.262908	0.020637	0	0	0	
824	0.119823	0.119794	2.84721e-05	0	0.532845	0.532718	0.000126613	0	0	0	
825	0.0786714	0.0786714	0	0	0.349845	0.349845	0	0	0	0	
826	0.117412	0.106272	0.0111402	0	0.522123	0.472584	0.0495396	0	0	0	
827	0.0842568	0.0842284	2.84721e-05	0	0.374683	0.374556	0.000126613	0	0	0	
828	0.170523	0.103781	0.0664755	0.000266149	0.758302	0.461508	0.295611	0.00118354	0.0013885	0.00617456	
829	0.133989	0.101678	0.0323104	0	0.595838	0.452156	0.143682	0	0	0	
830	0.164277	0.134079	0.0301981	0	0.730527	0.596238	0.134288	0	0	0	
831	0.100893	0.100762	0.000131413	0	0.448666	0.448081	0.000584385	0	0	0	
832	0.086305	0.0839474	0.00235741	2.30439e-07	0.383791	0.373307	0.0104832	1.02474e-06	3.31115e-07	1.47244e-06	
833	0.0903344	0.0885124	0.0018198	2.28391e-06	0.40171	0.393607	0.00809251	1.01563e-05	3.23522e-06	1.43867e-05	
834	0.0983409	0.0980118	0.000328808	2.9256e-07	0.437314	0.43585	0.00146218	1.30099e-06	2.66313e-07	1.18427e-06	
835	0.0982038	0.096676	0.00152779	0	0.436704	0.42991	0.00679396	0	0	0	
836	0.142746	0.116283	0.0263924	7.07054e-05	0.63478	0.517101	0.117365	0.000314421	7.36986e-05	0.000327731	
837	0.127569	0.120227	0.00725257	8.91753e-05	0.56729	0.534642	0.0322516	0.000396555	9.17965e-05	0.000408211	
838	0.143828	0.0973526	0.0464061	6.9679e-05	0.639593	0.432919	0.206364	0.000309857	8.70157e-05	0.000386951	
839	0.200457	0.152395	0.0471412	0.000920781	0.891418	0.67769	0.209633	0.00409464	0.00107338	0.00477324	
840	0.100605	0.0766546	0.0239511	0	0.447385	0.340877	0.106508	0	0	0	
841	0.115598	0.0799071	0.0352366	0.000454835	0.514057	0.35534	0.156694	0.00202261	0.000610649	0.0027155	
842	0.107498	0.0978768	0.00962158	0	0.478036	0.43525	0.0427864	0	0	0	
843	0.138003	0.121336	0.0165053	0.000161097	0.613689	0.539575	0.0733978	0.000716388	0.000222037	0.00098738	
844	0.151719	0.109847	0.0418019	6.98553e-05	0.674683	0.488482	0.185889	0.000310641	7.06444e-05	0.00031415	
845	0.194875	0.134378	0.0584737	0.00202353	0.866594	0.597568	0.260027	0.00899849	0.00229656	0.0102126	
846	0.106445	0.0937754	0.0126655	4.08028e-06	0.473352	0.417011	0.0563227	1.81446e-05	5.12673e-06	2.27981e-05	
847	0.119131	0.0956198	0.0234794	3.19346e-05	0.529767	0.425213	0.104411	0.00014201	3.22262e-05	0.000143307	
848	0.104966	0.102488	0.00247895	4.57434e-08	0.466779	0.455755	0.0110237	2.03417e-07	1.53681e-07	6.83407e-07	
849	0.102391	0.0965684	0.00581806	4.58199e-06	0.455324	0.429432	0.0258724	2.03757e-05	4.88932e-06	2.17424e-05	
850	0.0800227	0.0799056	0.000117029	0	0.355854	0.355334	0.000520422	0	0	0	
851	0.0646066	0.0643807	0.000225957	0	0.2873	0.286295	0.00100481	0	0	0	
852	0.0932864	0.0845722	0.00870054	1.36322e-05	0.414837	0.376086	0.0386906	6.06215e-05	1.69448e-05	7.53524e-05	
853	0.108109	0.103167	0.00494183	0	0.480754	0.458778	0.0219759	0	0	0	
854	0.0995888	0.094254	0.00532669	8.17491e-06	0.442863	0.41914	0.0236873	3.63531e-05	9.51709e-06	4.23217e-05	
855	0.110138	0.0929549	0.016488	0.000695255	0.489775	0.413363	0.0733208	0.00309174	0.000695229	0.00309163	
856	0.115544	0.103331	0.0122112	1.75921e-06	0.513817	0.459507	0.0543023	7.82307e-06	1.73278e-06	7.70556e-06	
857	0.0631798	0.0631798	0	0	0.280955	0.280955	0	0	0	0	
858	0.100855	0.0851099	0.0157429	2.69663e-06	0.448496	0.378476	0.0700077	1.19917e-05	8.27199e-06	3.67848e-05	
859	0.126207	0.111547	0.0146568	3.27564e-06	0.561235	0.496043	0.0651776	1.45665e-05	4.00398e-06	1.78053e-05	
860	0.0957434	0.0838177	0.0119256	0	0.425763	0.37273	0.0530323	0	0	0	
861	0.0859667	0.0859667	0	0	0.382287	0.382287	0	0	0	0	
862	0.121018	0.078539	0.0423692	0.000110165	0.538159	0.349256	0.188412	0.000489896	0.000160282	0.000712762	
863	0.119401	0.114585	0.0048164	0	0.530968	0.50955	0.0214181	0	0	0	
864	0.102987	0.0947854	0.00820224	0	0.457978	0.421503	0.0364747	0	0	0	
865	0.116611	0.116131	0.00048069	0	0.518563	0.516426	0.00213759	0	0	0	
866	0.0763041	0.0754712	0.000832901	0	0.339318	0.335614	0.00370384	0	0	0	
867	0.0859993	0.0859993	0	0	0.382432	0.382432	0	0	0	0	
868	0.105005	0.0992854	0.00569028	2.9754e-05	0.46695	0.441514	0.0253042	0.000132313	2.97277e-05	0.000132196	
869	0.0968066	0.0939844	0.00281718	5.13281e-06	0.430491	0.417941	0.0125277	2.28251e-05	5.1562e-06	2.29292e-05	
870	0.129535	0.125393	0.00414196	0	0.576034	0.557615	0.0184189	0	0	0	
871	0.109352	0.0982407	0.0110649	4.7167e-05	0.486283	0.436868	0.0492047	0.000209747	4.72373e-05	0.00021006	
872	0.0416323	0.0416323	0	0	0.185135	0.185135	0	0	0	0	
873	0.100568	0.0993459	0.00122261	3.84255e-08	0.44722	0.441783	0.00543686	1.70875e-07	1.94182e-08	8.63515e-08	
874	0.105964	0.0903673	0.0155953	1.59857e-06	0.471214	0.401856	0.0693511	7.10873e-06	4.21959e-06	1.87641e-05	
875	0.0810426	0.0810426	0	0	0.36039	0.36039	0	0	0	0	
876	0.0442122	0.0442122	0	0	0.196608	0.196608	0	0	0	0	
877	0.103823	0.087154	0.0164505	0.000218605	0.461693	0.387567	0.0731543	0.000972119	0.000219139	0.000974497	
878	0.0998828	0.0988239	0.00105891	0	0.44417	0.439461	0.0047089	0	0	0	
879	0.0867674	0.0867674	0	0	0.385847	0.385847	0	0	0	0	
880	0.0920195	0.0872179	0.00480158	0	0.409203	0.387851	0.0213522	0	0	0	
881	0.0818628	0.0789117	0.00294213	8.98999e-06	0.364037	0.350914	0.0130834	3.99777e-05	9.02837e-06	4.01484e-05	
882	0.0913923	0.0889836	0.00240821	4.7031e-07	0.406414	0.395703	0.0107091	2.09143e-06	5.96657e-07	2.65328e-06	
883	0.0589566	0.0589566	0	0	0.262175	0.262175	0	0	0	0	
884	0.0784066	0.0784066	0	0	0.348668	0.348668	0	0	0	0	
885	0.0890681	0.0890681	0	0	0.396079	0.396079	0	0	0	0	
886	0.102591	0.101211	0.00137984	0	0.456215	0.450079	0.00613605	0	0	0	
887	0.0657812	0.0657812	0	0	0.292523	0.292523	0	0	0	0	
888	0.0963428	0.0963428	0	0	0.428429	0.428429	0	0	0	0	
889	0.0645397	0.0643016	0.000238086	0	0.287002	0.285944	0.00105875	0	0	0	
890	0.0942135	0.0911872	0.00302204	4.30929e-06	0.41896	0.405502	0.0134387	1.9163e-05	4.28309e-06	1.90465e-05	
891	0.0421397	0.0410695	0.00107018	0	0.187392	0.182633	0.00475904	0	0	0	
892	0.0582607	0.0582607	0	0	0.25908	0.25908	0	0	0	0	
893	0.0864693	0.0864693	0	0	0.384522	0.384522	0	0	0	0	
894	0.08388	0.0833665	0.000513464	0	0.373007	0.370724	0.00228333	0	0	0	
895	0.0796507	0.0796507	0	0	0.3542	0.3542	0	0	0	0	
896	0.0789629	0.0784494	0.000513464	0	0.351141	0.348858	0.00228333	0	0	0	
897	0.0785099	0.0713676	0.0071116	3.08047e-05	0.349127	0.317366	0.0316247	0.000136986	3.07785e-05	0.000136869	
898	0.0727996	0.0727996	0	0	0.323734	0.323734	0	0	0	0	
899	0.102156	0.0952531	0.00690309	0	0.45428	0.423582	0.0306974	0	0	0	
900	0.0814993	0.0814993	0	0	0.36242	0.36242	0	0	0	0	
901	0.178467	0.111899	0.0653294	0.00123827	0.793629	0.497607	0.290515	0.0055065	0.00145879	0.00648713	
902	0.076089	0.0748977	0.00119127	0	0.338361	0.333064	0.00529751	0	0	0	
903	0.202822	0.115756	0.0868598	0.000205822	0.901933	0.514759	0.386258	0.000915276	0.000755624	0.00336019	
904	0.0675856	0.0675856	0	0	0.300547	0.300547	0	0	0	0	
905	0.157216	0.0926066	0.0646098	0	0.699129	0.411814	0.287314	0	0	0	
906	0.195729	0.130307	0.064944	0.000477299	0.870392	0.579468	0.2888	0.00212251	0.000606179	0.00269563	
907	0.0804783	0.0801556	0.000322711	0	0.35788	0.356445	0.00143507	0	0	0	
908	0.113778	0.0990968	0.014586	9.60638e-05	0.505966	0.440675	0.0648631	0.000427188	0.000108094	0.000480686	
909	0.107744	0.105347	0.0023975	0	0.479132	0.46847	0.0106615	0	0	0	
910	0.11189	0.0900531	0.0218369	0	0.497566	0.400459	0.0971072	0	0	0	
911	0.126821	0.106492	0.0198499	0.000479322	0.563964	0.473562	0.0882709	0.0021315	0.000539601	0.00239956	
912	0.106922	0.0957896	0.0111223	1.09134e-05	0.475477	0.425968	0.04946	4.85311e-05	1.28269e-05	5.70406e-05	
913	0.115231	0.0986161	0.0164645	0.00015089	0.512425	0.438537	0.0732165	0.000670998	0.000159713	0.000710233	
914	0.076637	0.076637	0	0	0.340798	0.340798	0	0	0	0	
915	0.122479	0.0916504	0.0307948	3.3905e-05	0.544654	0.407562	0.136942	0.000150772	3.38797e-05	0.00015066	
916	0.106776	0.106776	0	0	0.474825	0.474825	0	0	0	0	
917	0.115109	0.0925162	0.0225937	0	0.511884	0.411412	0.100472	0	0	0	
918	0.126415	0.0888947	0.0371551	0.000365418	0.562158	0.395307	0.165225	0.00162498	0.000780667	0.00347156	
919	0.0925181	0.0861897	0.00632843	0	0.41142	0.383278	0.028142	0	0	0	
920	0.11739	0.0857556	0.0314872	0.000148012	0.522027	0.381348	0.140021	0.000658199	0.000151564	0.000673995	
921	0.0382917	0.0382917	0	0	0.17028	0.17028	0	0	0	0	
922	0.0192414	0.0191351	0.00010626	0	0.0855651	0.0850925	0.000472532	0	0	0	
923	0.0627371	0.0591718	0.0035497	1.56269e-05	0.278987	0.263132	0.0157852	6.94917e-05	1.56007e-05	6.93752e-05	
924	0.0639098	0.0516672	0.0119981	0.000244465	0.284201	0.22976	0.0533545	0.00108711	0.000247554	0.00110085	
925	0.0486886	0.0448214	0.00384273	2.45537e-05	0.216514	0.199317	0.0170883	0.000109188	2.45274e-05	0.000109071	
926	0.0681361	0.0588097	0.00932641	0	0.302996	0.261522	0.0414738	0	0	0	
927	0.0773632	0.0772761	8.7054e-05	0	0.344028	0.34364	0.000387122	0	0	0	
928	0.102787	0.0951265	0.00766121	0	0.457088	0.423019	0.0340687	0	0	0	
929	0.0452134	0.0429978	0.00220184	1.37982e-05	0.20106	0.191207	0.00979143	6.13597e-05	1.3772e-05	6.1243e-05	
930	0.0780123	0.0747671	0.00324519	0	0.346914	0.332483	0.0144311	0	0	0	
931	0.0934792	0.0825818	0.0108261	7.12735e-05	0.415694	0.367234	0.0481429	0.000316947	7.12469e-05	0.000316829	
932	0.0854055	0.0841434	0.00126209	0	0.379791	0.374179	0.00561241	0	0	0	
933	0.0477211	0.0477211	0	0	0.212212	0.212212	0	0	0	0	
934	0.0486407	0.0454678	0.00314885	2.41331e-05	0.216301	0.202191	0.0140026	0.000107318	2.41068e-05	0.000107201	
935	0.0929558	0.0777273	0.0152174	1.09932e-05	0.413367	0.345647	0.0676709	4.8886e-05	1.3374e-05	5.94734e-05	
936	0.0764629	0.0758278	0.000635061	0	0.340024	0.3372	0.00282406	0	0	0	
937	0.0619069	0.0619069	0	0	0.275295	0.275295	0	0	0	0	
938	0.0673465	0.0673465	0	0	0.299484	0.299484	0	0	0	0	
939	0.0729581	0.0729268	3.13037e-05	0	0.324439	0.324299	0.000139205	0	0	0	
940	0.075959	0.074512	0.00144694	0	0.337783	0.331349	0.00643442	0	0	0	
941	0.0687543	0.0687543	0	0	0.305744	0.305744	0	0	0	0	
942	0.0708653	0.0708653	0	0	0.315132	0.315132	0	0	0	0	
943	0.0802648	0.0802648	0	0	0.356931	0.356931	0	0	0	0	
944	0.0636432	0.0636432	0	0	0.283016	0.283016	0	0	0	0	
945	0.0642815	0.0633627	0.000918798	0	0.285854	0.281769	0.00408582	0	0	0	
946	0.0656611	0.0656611	0	0	0.291989	0.291989	0	0	0	0	
947	0.0958757	0.0958757	0	0	0.426351	0.426351	0	0	0	0	
948	0.0614908	0.0542946	0.00719612	0	0.273444	0.241444	0.0320005	0	0	0	
949	0.0647826	0.0647826	0	0	0.288083	0.288083	0	0	0	0	
950	0.0861824	0.0861824	0	0	0.383246	0.383246	0	0	0	0	
951	0.116176	0.116145	3.13037e-05	0	0.516627	0.516488	0.000139205	0	0	0	
952	0.0510117	0.0495648	0.00144694	0	0.226845	0.22041	0.00643442	0	0	0	
953	0.0533759	0.0533759	0	0	0.237358	0.237358	0	0	0	0	
954	0.0865225	0.0865225	0	0	0.384759	0.384759	0	0	0	0	
955	0.0892115	0.0892115	0	0	0.396716	0.396716	0	0	0	0	
956	0.0534582	0.0497703	0.00368783	0	0.237724	0.221324	0.0163995	0	0	0	
957	0.0790842	0.0790842	0	0	0.351681	0.351681	0	0	0	0	
958	0.0783705	0.0694078	0.00896271	0	0.348507	0.308651	0.0398564	0	0	0	
959	0.0910612	0.0910612	0	0	0.404941	0.404941	0	0	0	0	
960	0.0567374	0.0567374	0	0	0.252306	0.252306	0	0	0	0	
961	0.0762734	0.0750172	0.00125623	0	0.339181	0.333595	0.00558639	0	0	0	
962	0.0981693	0.0980732	9.60913e-05	0	0.436551	0.436123	0.00042731	0	0	0	
963	0.145996	0.14587	0.000126303	0	0.649234	0.648673	0.000561663	0	0	0	
964	0.104426	0.104426	0	0	0.464375	0.464375	0	0	0	0	
965	0.14261	0.0962829	0.0463235	4.27471e-06	0.634178	0.428162	0.205997	1.90092e-05	4.24606e-06	1.88819e-05	
966	0.148022	0.10172	0.0463018	0	0.658242	0.452342	0.2059	0	0	0	
967	0.0443586	0.0443586	0	0	0.197259	0.197259	0	0	0	0	
968	0.070704	0.070704	0	0	0.314415	0.314415	0	0	0	0	
969	0.195841	0.177959	0.0178488	3.31866e-05	0.87089	0.79137	0.0793725	0.000147578	3.31601e-05	0.00014746	
970	0.192005	0.173753	0.0182419	1.00703e-05	0.853834	0.772669	0.0811204	4.47818e-05	1.57748e-05	7.01496e-05	
