Node	dPC	dPCintra	dPCflux	dPCconnector	varPC	varPCintra	varPCflux	varPCconnector	dBC_PC	varBC_PC	
1	0.175174	0.167168	0.00800586	0	0.771907	0.736629	0.035278	0	0	0	
2	0.092103	0.0841512	0.00795183	0	0.405853	0.370813	0.0350399	0	0	0	
3	0.092049	0.0824396	0.0096014	8.07539e-06	0.405616	0.363271	0.0423087	3.55843e-05	9.50667e-06	4.18913e-05	
4	0.0578731	0.0578731	0	0	0.255019	0.255019	0	0	0	0	
5	0.108471	0.10709	0.00138124	0	0.477981	0.471894	0.00608649	0	0	0	
6	0.090748	0.0902009	0.000547103	0	0.399882	0.397471	0.00241082	0	0	0	
7	0.0868764	0.0868764	0	0	0.382822	0.382822	0	0	0	0	
8	0.121827	0.103822	0.0180051	0	0.536834	0.457494	0.0793401	0	0	0	
9	0.0889663	0.087309	0.00165732	0	0.392032	0.384729	0.00730303	0	0	0	
10	0.0609493	0.0598132	0.00113293	3.16186e-06	0.268574	0.263568	0.0049923	1.39328e-05	3.18495e-06	1.40345e-05	
11	0.0854437	0.0798364	0.00560732	0	0.376509	0.3518	0.0247087	0	0	0	
12	0.0976848	0.0953436	0.00233657	4.6192e-06	0.43045	0.420133	0.0102961	2.03546e-05	4.60738e-06	2.03025e-05	
13	0.104022	0.104022	0	0	0.458377	0.458377	0	0	0	0	
14	0.0842466	0.0842466	0	0	0.371234	0.371234	0	0	0	0	
15	0.0942056	0.0936585	0.000547103	0	0.415118	0.412708	0.00241082	0	0	0	
16	0.0740261	0.0740261	0	0	0.326197	0.326197	0	0	0	0	
17	0.0859611	0.0853493	0.000611835	0	0.378789	0.376093	0.00269606	0	0	0	
18	0.0736777	0.0728853	0.000792438	0	0.324662	0.32117	0.00349189	0	0	0	
19	0.086174	0.0851605	0.00101063	2.88416e-06	0.379727	0.375261	0.0044534	1.27091e-05	2.87229e-06	1.26568e-05	
20	0.0597233	0.0597233	0	0	0.263171	0.263171	0	0	0	0	
21	0.0839448	0.0825827	0.00136206	0	0.369904	0.363902	0.00600196	0	0	0	
22	0.089909	0.0884625	0.00144645	0	0.396185	0.389811	0.00637381	0	0	0	
23	0.0982386	0.095931	0.00229945	8.1346e-06	0.43289	0.422722	0.0101325	3.58453e-05	8.1228e-06	3.57933e-05	
24	0.0667087	0.065755	0.00095363	0	0.293953	0.289751	0.00420219	0	0	0	
25	0.124197	0.116711	0.00741717	6.91592e-05	0.54728	0.514291	0.0326839	0.000304751	6.91476e-05	0.0003047	
26	0.0865898	0.0851433	0.00144645	0	0.381559	0.375185	0.00637381	0	0	0	
27	0.0815868	0.0770134	0.00452443	4.89835e-05	0.359514	0.339361	0.019937	0.000215846	4.89718e-05	0.000215795	
28	0.0648556	0.0627488	0.0021067	0	0.285787	0.276504	0.00928325	0	0	0	
29	0.10347	0.102309	0.00116103	0	0.455946	0.450829	0.00511612	0	0	0	
30	0.167806	0.150366	0.0173758	6.44039e-05	0.739442	0.662592	0.076567	0.000283797	6.43923e-05	0.000283745	
31	0.140993	0.139832	0.00116103	0	0.621289	0.616173	0.00511612	0	0	0	
32	0.145749	0.1403	0.00544875	0	0.642246	0.618236	0.02401	0	0	0	
33	0.0777126	0.0774328	0.000279897	0	0.342442	0.341209	0.00123337	0	0	0	
34	0.106054	0.0981505	0.00790388	0	0.46733	0.432502	0.0348286	0	0	0	
35	0.0713004	0.0615898	0.00971046	1.12497e-07	0.314186	0.271396	0.0427893	4.95724e-07	7.02949e-07	3.09755e-06	
36	0.0820728	0.0819929	7.98956e-05	0	0.361655	0.361303	0.000352061	0	0	0	
37	0.170829	0.0959598	0.0748693	0	0.752761	0.422848	0.329912	0	0	0	
38	0.0798798	0.079222	0.000657748	9.87677e-08	0.351991	0.349093	0.00289838	4.35222e-07	8.69449e-08	3.83124e-07	
39	0.087558	0.0847637	0.00279035	3.9709e-06	0.385826	0.373513	0.0122957	1.74978e-05	3.95904e-06	1.74455e-05	
40	0.10199	0.10199	0	0	0.449424	0.449424	0	0	0	0	
41	0.0977702	0.0969139	0.000856357	0	0.430826	0.427053	0.00377355	0	0	0	
42	0.0749981	0.0746969	0.000301164	0	0.33048	0.329153	0.00132708	0	0	0	
43	0.0604848	0.0559001	0.00457867	6.0375e-06	0.266527	0.246325	0.020176	2.66043e-05	6.02583e-06	2.65529e-05	
44	0.0654707	0.0652652	0.000205426	0	0.288497	0.287592	0.000905215	0	0	0	
45	0.0574714	0.0526754	0.00479593	0	0.253248	0.232115	0.0211333	0	0	0	
46	0.0900832	0.0859995	0.00408362	0	0.396953	0.378958	0.0179945	0	0	0	
47	0.136917	0.136232	0.000684446	0	0.603328	0.600312	0.00301602	0	0	0	
48	0.1077	0.0859026	0.021798	0	0.474584	0.378531	0.0960533	0	0	0	
49	0.164196	0.159995	0.00419787	2.45618e-06	0.723533	0.705025	0.0184979	1.08232e-05	2.44424e-06	1.07706e-05	
50	0.0968553	0.0962487	0.000606535	0	0.426794	0.424122	0.00267271	0	0	0	
51	0.0856636	0.0855416	0.000121958	0	0.377478	0.376941	0.000537414	0	0	0	
52	0.0770228	0.0770228	0	0	0.339402	0.339402	0	0	0	0	
53	0.095947	0.095947	0	0	0.422792	0.422792	0	0	0	0	
54	0.0924932	0.0916945	0.000798632	0	0.407573	0.404053	0.00351919	0	0	0	
55	0.100302	0.0937249	0.00657716	3.91217e-07	0.441985	0.413	0.0289823	1.7239e-06	1.19999e-06	5.28781e-06	
56	0.117603	0.113213	0.00438937	0	0.518221	0.498879	0.0193418	0	0	0	
57	0.101829	0.101829	0	0	0.448712	0.448712	0	0	0	0	
58	0.121381	0.0923051	0.0290169	5.93651e-05	0.534869	0.406744	0.127863	0.000261593	0.000106236	0.000468134	
59	0.17486	0.113261	0.061593	6.59532e-06	0.770527	0.499087	0.27141	2.90624e-05	7.54271e-06	3.32371e-05	
60	0.0752822	0.0744002	0.000882034	0	0.331732	0.327845	0.0038867	0	0	0	
61	0.0884534	0.088084	0.000369395	0	0.389771	0.388143	0.00162774	0	0	0	
62	0.101308	0.094434	0.00687057	3.94882e-06	0.446418	0.416125	0.0302753	1.74005e-05	3.93708e-06	1.73488e-05	
63	0.112612	0.0949239	0.0176818	7.04627e-06	0.49623	0.418284	0.0779155	3.10495e-05	8.83427e-06	3.89284e-05	
64	0.0987661	0.0978608	0.000904377	9.79344e-07	0.435215	0.431225	0.00398515	4.31549e-06	9.67525e-07	4.26341e-06	
65	0.107778	0.103673	0.00410273	2.14704e-06	0.474925	0.456837	0.0180787	9.46099e-06	2.28052e-06	1.00491e-05	
66	0.110495	0.102008	0.00848344	3.61741e-06	0.486899	0.449501	0.0373824	1.59402e-05	4.8827e-06	2.15157e-05	
67	0.15383	0.138806	0.0149991	2.48648e-05	0.677858	0.611654	0.0660938	0.000109567	3.16638e-05	0.000139527	
68	0.106226	0.0807182	0.0255087	0	0.468091	0.355686	0.112404	0	0	0	
69	0.11573	0.114966	0.000763593	1.86943e-07	0.509969	0.506603	0.00336478	8.23768e-07	1.75094e-07	7.71558e-07	
70	0.0778926	0.077162	0.000730655	0	0.343235	0.340015	0.00321964	0	0	0	
71	0.0661053	0.0446556	0.0214198	2.9813e-05	0.291294	0.196775	0.094387	0.000131371	3.10656e-05	0.000136891	
72	0.153085	0.130846	0.0222143	2.46071e-05	0.674571	0.576575	0.0978879	0.000108432	5.42348e-05	0.000238987	
73	0.0716286	0.0602904	0.0113382	0	0.315632	0.265671	0.0499619	0	0	0	
74	0.138245	0.107107	0.0311001	3.79022e-05	0.609183	0.471973	0.137043	0.000167016	6.41248e-05	0.000282567	
75	0.16581	0.144315	0.0213117	0.000183872	0.730648	0.635927	0.0939107	0.000810238	0.000227406	0.00100207	
76	0.151968	0.141742	0.0101643	6.13052e-05	0.669652	0.624593	0.0447892	0.000270142	6.12933e-05	0.00027009	
77	0.0898787	0.0898787	0	0	0.396052	0.396052	0	0	0	0	
78	0.115455	0.0990081	0.0160173	0.000429907	0.508756	0.436281	0.0705805	0.00189439	0.000431346	0.00190073	
79	0.152207	0.137425	0.0146112	0.000171023	0.670706	0.605568	0.0643846	0.000753618	0.000206888	0.000911658	
80	0.136517	0.125505	0.0109888	2.26538e-05	0.601566	0.553044	0.0484223	9.98244e-05	2.38778e-05	0.000105218	
81	0.109866	0.106509	0.00335693	0	0.48413	0.469337	0.0147924	0	0	0	
82	0.21622	0.16155	0.0535764	0.00109392	0.952781	0.711875	0.236085	0.00482041	0.00118525	0.00522283	
83	0.15897	0.125498	0.0334324	3.93742e-05	0.700506	0.553012	0.14732	0.000173503	6.72405e-05	0.000296296	
84	0.0988241	0.0964188	0.00240499	3.1296e-07	0.43547	0.424871	0.0105976	1.37906e-06	3.01145e-07	1.327e-06	
85	0.115718	0.101351	0.0143667	0	0.509916	0.446609	0.0633075	0	0	0	
86	0.166639	0.146564	0.0199975	7.73261e-05	0.734299	0.645839	0.0881196	0.000340739	0.000205858	0.000907117	
87	0.0804307	0.0777943	0.00263637	0	0.354419	0.342802	0.0116172	0	0	0	
88	0.0821032	0.0818272	0.000276002	0	0.361789	0.360573	0.00121621	0	0	0	
89	0.0775022	0.0771411	0.000361096	0	0.341515	0.339923	0.00159118	0	0	0	
90	0.105765	0.0990407	0.00672091	3.98503e-06	0.466058	0.436425	0.0296158	1.75601e-05	3.97321e-06	1.7508e-05	
91	0.104485	0.102622	0.0018628	0	0.460415	0.452207	0.00820846	0	0	0	
92	0.0850377	0.0840678	0.000969931	0	0.37472	0.370446	0.00427402	0	0	0	
93	0.0953616	0.0904941	0.00486532	2.20278e-06	0.420212	0.398764	0.0214391	9.7066e-06	2.20244e-06	9.7051e-06	
94	0.090057	0.0859816	0.00407542	0	0.396838	0.378879	0.0179584	0	0	0	
95	0.150043	0.131827	0.018187	2.87338e-05	0.66117	0.580902	0.0801416	0.000126616	4.18929e-05	0.000184601	
96	0.193923	0.159997	0.0336448	0.000281479	0.854527	0.70503	0.148256	0.00124034	0.000501067	0.00220796	
97	0.11042	0.0949653	0.0154554	0	0.486571	0.418466	0.0681047	0	0	0	
98	0.106575	0.0898591	0.0167147	1.23611e-06	0.469625	0.395965	0.0736537	5.44694e-06	1.60232e-06	7.06068e-06	
99	0.103145	0.100747	0.0023981	0	0.454513	0.443946	0.0105672	0	0	0	
100	0.0940425	0.0926247	0.00141584	1.99776e-06	0.4144	0.408152	0.00623893	8.8032e-06	2.74903e-06	1.21136e-05	
101	0.146026	0.145316	0.000710352	0	0.643469	0.640339	0.00313018	0	0	0	
102	0.155581	0.108017	0.0475421	2.20608e-05	0.685574	0.475982	0.209495	9.72116e-05	2.24237e-05	9.88106e-05	
103	0.0769044	0.073838	0.00306639	0	0.33888	0.325368	0.0135121	0	0	0	
104	0.106142	0.08389	0.0222298	2.24582e-05	0.467717	0.369662	0.0979561	9.89626e-05	5.15954e-05	0.000227356	
105	0.093822	0.0868279	0.0068679	0.00012622	0.413428	0.382608	0.0302635	0.000556191	0.000126208	0.000556139	
106	0.140406	0.112319	0.0280479	3.92409e-05	0.618705	0.494938	0.123593	0.000172916	4.19445e-05	0.000184829	
107	0.160427	0.147726	0.0126533	4.78933e-05	0.706928	0.65096	0.0557571	0.000211043	5.0943e-05	0.000224481	
108	0.0997962	0.097597	0.00219555	3.70747e-06	0.439754	0.430063	0.00967476	1.6337e-05	3.70814e-06	1.634e-05	
109	0.126593	0.108862	0.0177072	2.42558e-05	0.557837	0.479703	0.0780272	0.000106884	4.08103e-05	0.000179831	
110	0.115276	0.109387	0.0058893	0	0.507969	0.482018	0.0259513	0	0	0	
111	0.100539	0.0969103	0.00362039	8.40983e-06	0.443027	0.427037	0.0159533	3.7058e-05	8.40374e-06	3.70312e-05	
112	0.100916	0.0954747	0.00543759	4.56765e-06	0.444692	0.420711	0.0239608	2.01274e-05	4.55561e-06	2.00743e-05	
113	0.0937647	0.0924214	0.00134334	2.73935e-08	0.413176	0.407256	0.00591949	1.2071e-07	4.87448e-07	2.14795e-06	
114	0.156323	0.125029	0.0309987	0.000294757	0.68884	0.550944	0.136596	0.00129885	0.000574857	0.00253311	
115	0.111987	0.107567	0.00441968	0	0.493474	0.473999	0.0194754	0	0	0	
116	0.117627	0.115167	0.00246011	0	0.518329	0.507489	0.0108405	0	0	0	
117	0.107873	0.0975387	0.0103352	0	0.475348	0.429806	0.0455422	0	0	0	
118	0.103102	0.102324	0.000777919	0	0.454323	0.450895	0.00342791	0	0	0	
119	0.117936	0.114358	0.00357828	0	0.51969	0.503922	0.0157677	0	0	0	
120	0.103943	0.0968056	0.00711011	2.79367e-05	0.45803	0.426576	0.0313308	0.000123103	3.33372e-05	0.000146901	
121	0.0872939	0.0849114	0.002377	5.54033e-06	0.384662	0.374163	0.0104743	2.44135e-05	5.7738e-06	2.54423e-05	
122	0.17129	0.158748	0.0124578	8.34742e-05	0.754793	0.69953	0.0548957	0.00036783	8.9758e-05	0.00039552	
123	0.110723	0.107703	0.00302051	0	0.487905	0.474595	0.0133099	0	0	0	
124	0.153838	0.0969989	0.0552395	0.00160041	0.677893	0.427427	0.243413	0.00705226	0.00339279	0.0149503	
125	0.107173	0.104088	0.00308506	0	0.472261	0.458667	0.0135944	0	0	0	
126	0.13008	0.105045	0.0246899	0.000344879	0.573202	0.462886	0.108796	0.00151971	0.000670133	0.00295295	
127	0.201576	0.192884	0.00863272	5.9124e-05	0.888249	0.849949	0.0380402	0.000260531	5.93439e-05	0.0002615	
128	0.131219	0.121456	0.00975702	6.37343e-06	0.578222	0.5352	0.0429944	2.80846e-05	7.12372e-06	3.13908e-05	
129	0.121923	0.118836	0.00308628	5.60408e-07	0.537258	0.523656	0.0135997	2.46945e-06	1.13507e-06	5.00175e-06	
130	0.0984593	0.0968821	0.00157721	0	0.433862	0.426912	0.00695003	0	0	0	
131	0.130585	0.125459	0.0051174	8.63482e-06	0.575428	0.55284	0.0225499	3.80494e-05	8.62311e-06	3.79979e-05	
132	0.12088	0.0857249	0.035156	0	0.532664	0.377748	0.154915	0	0	0	
133	0.130347	0.111548	0.0186972	0.000101678	0.574377	0.491539	0.0823898	0.000448047	0.000335285	0.00147744	
134	0.0964433	0.0962745	0.000168771	0	0.424979	0.424235	0.000743693	0	0	0	
135	0.0716506	0.0710243	0.000626269	0	0.315729	0.31297	0.00275966	0	0	0	
136	0.106388	0.104199	0.00218287	5.9045e-06	0.4688	0.459156	0.00961887	2.60182e-05	5.89267e-06	2.59661e-05	
137	0.104334	0.102796	0.00153405	3.95762e-06	0.459752	0.452975	0.00675982	1.74393e-05	3.94579e-06	1.73872e-05	
138	0.110732	0.105041	0.00569133	0	0.487944	0.462865	0.0250789	0	0	0	
139	0.110472	0.106915	0.00355012	6.85858e-06	0.486799	0.471125	0.0156436	3.02224e-05	6.84677e-06	3.01704e-05	
140	0.133794	0.121862	0.0119014	3.0486e-05	0.589567	0.536989	0.052444	0.000134337	3.71534e-05	0.000163717	
141	0.0970563	0.0936453	0.00339795	1.30221e-05	0.42768	0.41265	0.0149731	5.73822e-05	1.34207e-05	5.91386e-05	
142	0.0843035	0.0839882	0.000315275	0	0.371485	0.370095	0.00138926	0	0	0	
143	0.157121	0.155833	0.00128784	6.40782e-08	0.692358	0.686683	0.00567491	2.82361e-07	5.22873e-08	2.30404e-07	
144	0.100226	0.0994275	0.000798744	0	0.441648	0.438129	0.00351968	0	0	0	
145	0.0906085	0.0873533	0.00325518	0	0.399268	0.384924	0.014344	0	0	0	
146	0.0636093	0.0616053	0.00200395	0	0.280295	0.271465	0.00883046	0	0	0	
147	0.076185	0.0731998	0.00297987	5.37025e-06	0.335711	0.322556	0.0131308	2.36641e-05	5.35843e-06	2.3612e-05	
148	0.11227	0.108568	0.0037021	0	0.494722	0.478408	0.0163133	0	0	0	
149	0.109673	0.100617	0.00905389	1.94145e-06	0.483276	0.443371	0.0398961	8.55506e-06	1.92943e-06	8.5021e-06	
150	0.0906195	0.083189	0.00737948	5.09588e-05	0.399316	0.366574	0.0325178	0.000224551	5.12409e-05	0.000225794	
151	0.130625	0.125333	0.00527972	1.23188e-05	0.575603	0.552284	0.0232652	5.42833e-05	1.75387e-05	7.72847e-05	
152	0.091465	0.0853749	0.00608853	1.5621e-06	0.403042	0.376206	0.0268292	6.88344e-06	1.6544e-06	7.29018e-06	
153	0.139815	0.136601	0.0032146	0	0.6161	0.601934	0.0141652	0	0	0	
154	0.100441	0.098427	0.00201215	2.13414e-06	0.442596	0.43372	0.00886659	9.40416e-06	2.65211e-06	1.16866e-05	
155	0.112079	0.0925265	0.0195525	0	0.493878	0.407719	0.0861586	0	0	0	
156	0.102366	0.0954584	0.00690538	2.40135e-06	0.451078	0.420639	0.0304287	1.05816e-05	2.38942e-06	1.0529e-05	
157	0.0890159	0.0890159	0	0	0.39225	0.39225	0	0	0	0	
158	0.10648	0.104288	0.00218525	7.05905e-06	0.469209	0.459549	0.00962936	3.11058e-05	7.23148e-06	3.18656e-05	
159	0.100942	0.100028	0.000912766	1.11128e-06	0.444804	0.440777	0.00402212	4.89691e-06	1.3743e-06	6.0559e-06	
160	0.163934	0.157018	0.00685164	6.46577e-05	0.722381	0.691905	0.0301918	0.000284915	6.46462e-05	0.000284864	
161	0.187703	0.175329	0.0123699	4.4272e-06	0.827118	0.77259	0.0545083	1.95085e-05	5.18371e-06	2.28421e-05	
162	0.108069	0.0950335	0.0129702	6.58125e-05	0.47621	0.418767	0.0571535	0.000290004	6.9558e-05	0.000306509	
163	0.0821395	0.0792156	0.00290578	1.80836e-05	0.361949	0.349065	0.0128044	7.9686e-05	1.80719e-05	7.96345e-05	
164	0.121302	0.0905148	0.0307622	2.58628e-05	0.534523	0.398855	0.135554	0.000113964	3.61622e-05	0.000159349	
165	0.151657	0.116239	0.0351103	0.00030752	0.668282	0.512213	0.154714	0.00135509	0.000383374	0.00168934	
166	0.100751	0.0982925	0.00245871	0	0.443962	0.433127	0.0108343	0	0	0	
167	0.100712	0.0979862	0.00272003	6.60276e-06	0.443793	0.431778	0.0119858	2.90952e-05	9.66338e-06	4.25818e-05	
168	0.103325	0.0989401	0.00437354	1.13403e-05	0.455303	0.435981	0.0192721	4.99715e-05	1.13969e-05	5.02209e-05	
169	0.0969589	0.0956332	0.00132296	2.75347e-06	0.427251	0.421409	0.00582968	1.21332e-05	2.74168e-06	1.20812e-05	
170	0.128297	0.10966	0.0184587	0.000178276	0.565345	0.483221	0.0813386	0.000785578	0.0002582	0.00113776	
171	0.207547	0.197144	0.010392	1.08747e-05	0.914561	0.86872	0.0457925	4.79199e-05	4.34241e-05	0.000191349	
172	0.132732	0.123267	0.0094623	2.42989e-06	0.584888	0.543181	0.0416958	1.07073e-05	2.41822e-06	1.06559e-05	
173	0.165364	0.136946	0.0283106	0.000107077	0.728682	0.603459	0.124751	0.00047184	0.000107068	0.000471798	
174	0.121034	0.114309	0.00672497	0	0.53334	0.503706	0.0296337	0	0	0	
175	0.106778	0.0971622	0.00961651	0	0.470522	0.428147	0.0423753	0	0	0	
176	0.103739	0.0957363	0.00792365	7.96726e-05	0.45713	0.421864	0.0349157	0.000351078	7.99195e-05	0.000352166	
177	0.177313	0.143143	0.0340665	0.000103493	0.781336	0.630765	0.150114	0.000456045	0.000108665	0.000478834	
178	0.127471	0.107442	0.0199625	6.65235e-05	0.561705	0.473446	0.0879652	0.000293137	8.94011e-05	0.000393947	
179	0.156278	0.141768	0.0144041	0.00010548	0.688643	0.624706	0.063472	0.0004648	0.000106106	0.00046756	
180	0.111335	0.102404	0.00889304	3.77792e-05	0.490601	0.451247	0.0391873	0.000166474	4.01031e-05	0.000176715	
181	0.128002	0.126534	0.00146564	1.93948e-06	0.564045	0.557578	0.00645837	8.54638e-06	1.92768e-06	8.49437e-06	
182	0.101116	0.100377	0.000738286	1.11191e-06	0.445571	0.442313	0.00325327	4.89965e-06	1.30742e-06	5.76118e-06	
183	0.115589	0.112596	0.00299264	0	0.509345	0.496158	0.0131871	0	0	0	
184	0.0941022	0.0888725	0.0052163	1.33499e-05	0.414663	0.391618	0.0229857	5.88266e-05	1.33381e-05	5.87749e-05	
185	0.0909712	0.0833746	0.00759666	0	0.400866	0.367391	0.0334748	0	0	0	
186	0.130491	0.114901	0.0155901	0	0.575014	0.506316	0.0686981	0	0	0	
187	0.0891254	0.0891254	0	0	0.392732	0.392732	0	0	0	0	
188	0.0834006	0.0814543	0.00194638	0	0.367506	0.358929	0.00857676	0	0	0	
189	0.104763	0.103278	0.00148544	0	0.461643	0.455098	0.00654565	0	0	0	
190	0.0683946	0.0599498	0.00844475	0	0.301382	0.26417	0.0372119	0	0	0	
191	0.326515	0.215398	0.109748	0.00136893	1.43879	0.949155	0.483607	0.00603224	0.00157641	0.00694652	
192	0.0736937	0.0736937	0	0	0.324732	0.324732	0	0	0	0	
193	0.119551	0.119551	0	0	0.526805	0.526805	0	0	0	0	
194	0.148756	0.122242	0.0262332	0.0002807	0.655498	0.538664	0.115597	0.00123691	0.000296658	0.00130723	
195	0.0894738	0.0894738	0	0	0.394268	0.394268	0	0	0	0	
196	0.0902583	0.0902583	0	0	0.397725	0.397725	0	0	0	0	
197	0.0703466	0.0565658	0.013528	0.000252806	0.309983	0.249258	0.0596114	0.00111399	0.000252794	0.00111394	
198	0.131151	0.115405	0.0156618	8.34008e-05	0.577919	0.508538	0.069014	0.000367507	8.40224e-05	0.000370246	
199	0.137954	0.115443	0.0224985	1.24744e-05	0.607899	0.508704	0.0991403	5.49691e-05	1.6552e-05	7.2937e-05	
200	0.112062	0.0880563	0.0240059	0	0.493804	0.388022	0.105782	0	0	0	
201	0.146197	0.101558	0.0433949	0.00124368	0.644222	0.447521	0.19122	0.00548031	0.00146084	0.00643722	
202	0.106879	0.106879	0	0	0.470968	0.470968	0	0	0	0	
203	0.0954005	0.0954005	0	0	0.420384	0.420384	0	0	0	0	
204	0.162186	0.135055	0.0270737	5.73591e-05	0.714676	0.595122	0.119301	0.000252754	0.000113901	0.000501907	
205	0.107082	0.0907054	0.016343	3.35614e-05	0.471859	0.399695	0.0720161	0.000147889	3.35494e-05	0.000147836	
206	0.185705	0.15073	0.0348819	9.22629e-05	0.818313	0.664198	0.153708	0.000406558	0.000109678	0.000483298	
207	0.0616438	0.0523895	0.00925421	0	0.271634	0.230855	0.0407788	0	0	0	
208	0.101365	0.0991919	0.00217395	0	0.44667	0.437091	0.00957956	0	0	0	
209	0.149554	0.096079	0.0534752	0	0.659013	0.423374	0.235639	0	0	0	
210	0.116029	0.11471	0.00131916	0	0.511287	0.505474	0.00581293	0	0	0	
211	0.165869	0.10444	0.0614289	0	0.730907	0.460219	0.270687	0	0	0	
212	0.11739	0.11739	0	0	0.517285	0.517285	0	0	0	0	
213	0.238323	0.166087	0.0719392	0.000295863	1.05017	0.731869	0.317001	0.00130372	0.000313341	0.00138074	
214	0.120468	0.116829	0.00363796	8.13972e-07	0.530845	0.514811	0.0160307	3.58678e-06	1.02532e-05	4.5181e-05	
215	0.163473	0.163009	0.000464104	2.48249e-07	0.720349	0.718303	0.00204508	1.09391e-06	2.4899e-07	1.09718e-06	
216	0.0963144	0.0855464	0.010754	1.39602e-05	0.424411	0.376961	0.047388	6.15161e-05	1.40256e-05	6.1804e-05	
217	0.178243	0.142108	0.0357327	0.000402041	0.785433	0.626204	0.157457	0.0017716	0.000649138	0.00286043	
218	0.0980977	0.098002	9.5723e-05	0	0.432269	0.431847	0.000421805	0	0	0	
219	0.134657	0.134206	0.000451444	0	0.593372	0.591382	0.00198929	0	0	0	
220	0.0947584	0.0845419	0.0102164	0	0.417554	0.372535	0.045019	0	0	0	
221	0.108531	0.0946622	0.0137997	6.99653e-05	0.478247	0.41713	0.0608087	0.000308303	9.8586e-05	0.000434421	
222	0.0507179	0.0507065	1.13792e-05	0	0.223489	0.223439	5.01427e-05	0	0	0	
223	0.0976011	0.0976011	0	0	0.430081	0.430081	0	0	0	0	
224	0.15316	0.146481	0.00667832	0	0.674903	0.645474	0.0294281	0	0	0	
225	0.0805855	0.0789641	0.0016208	5.29709e-07	0.355101	0.347957	0.00714211	2.33417e-06	5.17847e-07	2.2819e-06	
226	0.231458	0.226936	0.00451712	5.23476e-06	1.01992	1	0.0199047	2.3067e-05	5.32659e-06	2.34717e-05	
227	0.0843102	0.0829486	0.00136155	0	0.371514	0.365514	0.00599971	0	0	0	
228	0.0897943	0.080003	0.00979132	0	0.39568	0.352534	0.0431456	0	0	0	
229	0.128062	0.12491	0.00315185	0	0.564309	0.55042	0.0138886	0	0	0	
230	0.107863	0.107455	0.000407852	2.37364e-07	0.475302	0.473504	0.00179721	1.04595e-06	2.26493e-07	9.98047e-07	
231	0.0929063	0.0927731	0.000133133	0	0.409393	0.408806	0.000586655	0	0	0	
232	0.0838742	0.0756913	0.00818288	0	0.369593	0.333535	0.036058	0	0	0	
233	0.0789012	0.0787611	0.000140164	0	0.347679	0.347062	0.000617635	0	0	0	
234	0.105146	0.105146	0	0	0.463329	0.463329	0	0	0	0	
235	0.137349	0.137349	0	0	0.605233	0.605233	0	0	0	0	
236	0.0670418	0.0667042	0.000337572	0	0.295421	0.293933	0.00148751	0	0	0	
237	0.0486477	0.0477528	0.000894875	0	0.214367	0.210423	0.00394328	0	0	0	
238	0.0902281	0.0902281	0	0	0.397592	0.397592	0	0	0	0	
239	0.140199	0.122972	0.0172273	0	0.617792	0.541879	0.0759125	0	0	0	
240	0.0949864	0.0914154	0.00357093	0	0.418559	0.402824	0.0157354	0	0	0	
241	0.140089	0.119567	0.0204879	3.42193e-05	0.617305	0.526874	0.0902803	0.000150788	3.50019e-05	0.000154236	
242	0.0864137	0.0862761	0.000137578	0	0.380783	0.380177	0.000606244	0	0	0	
243	0.0868467	0.0868467	0	0	0.382691	0.382691	0	0	0	0	
244	0.0895758	0.0895758	0	0	0.394717	0.394717	0	0	0	0	
245	0.1251	0.0960345	0.0287064	0.000359253	0.551256	0.423178	0.126495	0.00158305	0.000376871	0.00166069	
246	0.106645	0.0903876	0.0162582	0	0.469937	0.398294	0.0716424	0	0	0	
247	0.111194	0.108203	0.0029841	7.08059e-06	0.489982	0.476801	0.0131494	3.12007e-05	7.32118e-06	3.22609e-05	
248	0.0843917	0.0843917	0	0	0.371873	0.371873	0	0	0	0	
249	0.0713542	0.0706757	0.000678557	0	0.314424	0.311433	0.00299007	0	0	0	
250	0.0692171	0.0672878	0.00192142	7.92167e-06	0.305006	0.296504	0.00846679	3.4907e-05	7.90991e-06	3.48551e-05	
251	0.127019	0.110319	0.0166531	4.76958e-05	0.559715	0.486123	0.0733822	0.000210172	4.7684e-05	0.00021012	
252	0.0763122	0.0699406	0.00632484	4.68033e-05	0.336271	0.308194	0.0278705	0.000206239	4.92602e-05	0.000217066	
253	0.0991934	0.0987519	0.000441492	0	0.437097	0.435152	0.00194544	0	0	0	
254	0.0785218	0.0784121	0.000109733	0	0.346007	0.345524	0.000483543	0	0	0	
255	0.0876932	0.0875563	0.000136916	0	0.386422	0.385818	0.000603323	0	0	0	
256	0.100009	0.0976432	0.00236587	2.26813e-07	0.440693	0.430266	0.0104252	9.99456e-07	2.34301e-07	1.03245e-06	
257	0.090962	0.0896494	0.0013126	0	0.400825	0.395041	0.00578401	0	0	0	
258	0.10138	0.097115	0.004254	1.15526e-05	0.446735	0.427939	0.0187453	5.0907e-05	1.18275e-05	5.21184e-05	
259	0.0513073	0.045702	0.00558841	1.68719e-05	0.226086	0.201386	0.0246254	7.43466e-05	1.75454e-05	7.73142e-05	
260	0.0431929	0.0421446	0.00104823	0	0.19033	0.185711	0.00461908	0	0	0	
261	0.111402	0.110918	0.000484245	0	0.490896	0.488762	0.00213383	0	0	0	
262	0.115043	0.112165	0.00287742	2.7939e-07	0.506939	0.494259	0.0126794	1.23114e-06	4.81769e-07	2.12292e-06	
263	0.0606385	0.0441797	0.0163527	0.00010601	0.267204	0.194678	0.0720588	0.000467136	0.000262471	0.00115658	
264	0.199699	0.141303	0.0576051	0.000790843	0.87998	0.622657	0.253838	0.00348486	0.00150654	0.0066386	
265	0.0494785	0.0437728	0.00569723	8.43067e-06	0.218028	0.192885	0.0251049	3.71499e-05	9.44175e-06	4.16052e-05	
266	0.0858277	0.0842174	0.00160794	2.35472e-06	0.378201	0.371105	0.00708543	1.03761e-05	2.34293e-06	1.03241e-05	
267	0.0470395	0.0459913	0.00104823	0	0.20728	0.202661	0.00461908	0	0	0	
268	0.0859954	0.0859954	0	0	0.37894	0.37894	0	0	0	0	
269	0.207027	0.206756	0.000270785	7.69843e-08	0.912269	0.911075	0.00119322	3.39232e-07	6.56468e-08	2.89273e-07	
270	0.108466	0.108356	0.000109733	0	0.477958	0.477474	0.000483543	0	0	0	
271	0.0853861	0.0853861	0	0	0.376255	0.376255	0	0	0	0	
272	0.10461	0.10461	0	0	0.460969	0.460969	0	0	0	0	
273	0.112728	0.0924653	0.0201857	7.76657e-05	0.496741	0.40745	0.088949	0.000342235	0.000134566	0.000592968	
274	0.101904	0.0951291	0.00677523	2.28934e-08	0.449043	0.419188	0.0298551	1.0088e-07	1.07914e-07	4.75527e-07	
275	0.119686	0.112192	0.00742257	7.13457e-05	0.527402	0.49438	0.0327077	0.000314386	7.13384e-05	0.000314354	
276	0.0907726	0.0905726	0.000199935	0	0.399991	0.39911	0.000881018	0	0	0	
277	0.106143	0.10495	0.00119262	1.01593e-06	0.467725	0.462465	0.0052553	4.47672e-06	1.01543e-06	4.47452e-06	
278	0.178224	0.149253	0.028889	8.24581e-05	0.785349	0.657686	0.127299	0.000363353	0.000174589	0.000769331	
279	0.0786451	0.0776964	0.000948673	0	0.346551	0.34237	0.00418034	0	0	0	
280	0.138468	0.122411	0.0160537	2.69808e-06	0.610162	0.539409	0.0707413	1.18891e-05	2.82039e-06	1.24281e-05	
281	0.112012	0.0959275	0.0160718	1.26739e-05	0.493583	0.422706	0.0708209	5.58477e-05	1.35257e-05	5.96013e-05	
282	0.0850225	0.0819211	0.00310137	0	0.374653	0.360986	0.0136662	0	0	0	
283	0.0960325	0.091909	0.00410243	2.10144e-05	0.423169	0.404999	0.0180774	9.26006e-05	2.10027e-05	9.2549e-05	
284	0.137824	0.111554	0.0262682	1.98782e-06	0.607327	0.491567	0.115751	8.75936e-06	1.04127e-05	4.5884e-05	
285	0.0993409	0.0879714	0.0113694	0	0.437747	0.387648	0.0500995	0	0	0	
286	0.122735	0.0827728	0.0399416	2.08777e-05	0.540835	0.36474	0.176003	9.19982e-05	2.5319e-05	0.000111568	
287	0.0714504	0.0659373	0.00551305	0	0.314847	0.290554	0.0242933	0	0	0	
288	0.21463	0.14168	0.0713933	0.00155662	0.945772	0.624317	0.314596	0.00685928	0.00195564	0.00861759	
289	0.0661849	0.0661849	0	0	0.291645	0.291645	0	0	0	0	
290	0.0700082	0.0695714	0.000436776	0	0.308492	0.306568	0.00192466	0	0	0	
291	0.209138	0.138326	0.0689862	0.00182603	0.921573	0.609537	0.303989	0.00804647	0.00277309	0.0122196	
292	0.139512	0.117649	0.0218122	5.13121e-05	0.614765	0.518423	0.0961159	0.000226107	5.19548e-05	0.00022894	
293	0.0695366	0.0479704	0.0215651	1.02759e-06	0.306414	0.211382	0.0950272	4.52813e-06	1.01428e-06	4.46945e-06	
294	0.064879	0.0615084	0.00333297	3.7627e-05	0.28589	0.271038	0.0146868	0.000165804	3.81485e-05	0.000168102	
295	0.181247	0.153442	0.0276093	0.000195328	0.798669	0.676147	0.12166	0.000860718	0.00027043	0.00119165	
296	0.119297	0.119297	0	0	0.525688	0.525688	0	0	0	0	
297	0.173575	0.14782	0.0256887	6.57931e-05	0.764862	0.651374	0.113198	0.000289918	0.000112517	0.000495811	
298	0.108257	0.091603	0.0164395	0.000214643	0.477037	0.40365	0.0724409	0.00094583	0.000262058	0.00115476	
299	0.0978245	0.0800877	0.0177223	1.43611e-05	0.431065	0.352908	0.0780939	6.32828e-05	1.43499e-05	6.32331e-05	
300	0.0778303	0.0773935	0.000436776	0	0.34296	0.341036	0.00192466	0	0	0	
301	0.0635171	0.0627638	0.000753332	0	0.279889	0.27657	0.00331957	0	0	0	
302	0.0707977	0.0699343	0.000863044	3.18289e-07	0.311971	0.308167	0.00380302	1.40254e-06	5.51694e-07	2.43105e-06	
303	0.121955	0.106705	0.0152041	4.51719e-05	0.537398	0.470201	0.0669975	0.000199051	4.5354e-05	0.000199853	
304	0.0962555	0.0962555	0	0	0.424151	0.424151	0	0	0	0	
305	0.0542187	0.0416216	0.0125871	9.95916e-06	0.238915	0.183406	0.0554654	4.38852e-05	1.45739e-05	6.42202e-05	
306	0.0659858	0.0533817	0.0126041	0	0.290767	0.235227	0.0555404	0	0	0	
307	0.0918873	0.0880428	0.00384446	0	0.404903	0.387962	0.0169407	0	0	0	
308	0.0922534	0.0761665	0.016076	1.0857e-05	0.406516	0.335629	0.0708393	4.78418e-05	1.58254e-05	6.97353e-05	
309	0.119027	0.111706	0.00725533	6.53941e-05	0.524494	0.492235	0.0319707	0.00028816	6.53824e-05	0.000288109	
310	0.145769	0.144555	0.00121268	1.23539e-06	0.642334	0.636985	0.00534371	5.44376e-06	1.22589e-06	5.40193e-06	
311	0.0761827	0.0745721	0.00160497	5.60816e-06	0.3357	0.328603	0.00707234	2.47124e-05	5.59637e-06	2.46605e-05	
312	0.130291	0.0966554	0.0333156	0.000320747	0.574133	0.425913	0.146805	0.00141338	0.000341258	0.00150376	
313	0.10473	0.0942243	0.0104936	1.3037e-05	0.461499	0.415201	0.0462404	5.74478e-05	1.32924e-05	5.85734e-05	
314	0.0801521	0.0779352	0.00221695	0	0.353192	0.343423	0.00976904	0	0	0	
315	0.107328	0.095785	0.0114927	5.0503e-05	0.472944	0.422078	0.0506429	0.000222542	5.18516e-05	0.000228485	
316	0.0725108	0.0712054	0.00130539	0	0.31952	0.313767	0.00575226	0	0	0	
317	0.121135	0.0774196	0.0435299	0.000185873	0.533785	0.341151	0.191815	0.000819057	0.00020372	0.000897699	
318	0.176417	0.123319	0.0530982	0	0.777386	0.543408	0.233978	0	0	0	
319	0.235244	0.14481	0.0876439	0.00279075	1.03661	0.638109	0.386204	0.0122975	0.00320733	0.0141331	
320	0.0919947	0.0767441	0.0151687	8.17591e-05	0.405376	0.338174	0.0668414	0.000360273	0.000126409	0.000557026	
321	0.146079	0.0996566	0.045575	0.000847383	0.6437	0.439138	0.200827	0.00373401	0.000917249	0.00404187	
322	0.141002	0.0794794	0.0609281	0.000594995	0.62133	0.350227	0.268481	0.00262185	0.000809536	0.00356723	
323	0.0988883	0.0956801	0.00320818	0	0.435753	0.421616	0.0141369	0	0	0	
324	0.127395	0.126287	0.00110818	0	0.561371	0.556488	0.00488325	0	0	0	
325	0.091587	0.091015	0.000571999	0	0.40358	0.401059	0.00252052	0	0	0	
326	0.0717221	0.0716923	2.97369e-05	0	0.316044	0.315913	0.000131036	0	0	0	
327	0.0778937	0.0757963	0.00209744	0	0.34324	0.333998	0.00924242	0	0	0	
328	0.0915089	0.0915089	0	0	0.403235	0.403235	0	0	0	0	
329	0.096091	0.0922761	0.00378941	2.54132e-05	0.423426	0.406616	0.0166981	0.000111983	2.54014e-05	0.000111931	
330	0.143934	0.089056	0.0533839	0.0014947	0.634251	0.392427	0.235237	0.00658645	0.00185743	0.00818483	
331	0.127881	0.117886	0.00995573	4.00621e-05	0.563514	0.519467	0.0438701	0.000176534	4.7054e-05	0.000207344	
332	0.105724	0.0972114	0.00847152	4.1271e-05	0.465875	0.428364	0.0373299	0.000181861	5.24887e-05	0.000231292	
333	0.123359	0.0993087	0.0240506	0	0.543585	0.437605	0.105979	0	0	0	
334	0.138323	0.0891994	0.0490329	9.05687e-05	0.609522	0.393059	0.216064	0.000399092	0.000147635	0.000650558	
335	0.0834231	0.0811542	0.00226889	0	0.367605	0.357607	0.00999792	0	0	0	
336	0.104251	0.0902136	0.0140187	1.89886e-05	0.459385	0.397527	0.0617737	8.36738e-05	2.13686e-05	9.41612e-05	
337	0.11949	0.112792	0.00667756	1.99909e-05	0.526535	0.497022	0.0294247	8.80906e-05	2.43636e-05	0.000107358	
338	0.107817	0.102561	0.00523798	1.82709e-05	0.475101	0.451939	0.0230812	8.0511e-05	1.85219e-05	8.16175e-05	
339	0.0869729	0.0777069	0.00921639	4.95491e-05	0.383247	0.342417	0.0406122	0.000218339	5.36254e-05	0.000236301	
340	0.0994151	0.0842953	0.0150467	7.30489e-05	0.438074	0.371449	0.0663037	0.000321891	9.30549e-05	0.000410048	
341	0.106237	0.105233	0.00100424	0	0.468139	0.463714	0.00442521	0	0	0	
342	0.108061	0.0760504	0.0320107	0	0.476173	0.335117	0.141056	0	0	0	
343	0.143973	0.0890133	0.0533771	0.00158289	0.634421	0.392238	0.235207	0.00697507	0.00317672	0.0139982	
344	0.0832945	0.083214	8.04552e-05	0	0.367038	0.366684	0.000354527	0	0	0	
345	0.125844	0.0959331	0.0297323	0.000179006	0.554536	0.422731	0.131016	0.000788797	0.000498681	0.00219744	
346	0.144578	0.0991471	0.0446028	0.000828927	0.637089	0.436893	0.196543	0.00365268	0.00105025	0.00462794	
347	0.0955672	0.0761709	0.0193549	4.13343e-05	0.421118	0.335648	0.0852877	0.00018214	5.57594e-05	0.000245705	
348	0.0981204	0.0844903	0.0136266	3.49083e-06	0.432369	0.372308	0.0600459	1.53824e-05	5.55149e-06	2.44627e-05	
349	0.0817578	0.0728618	0.00889005	5.87478e-06	0.360267	0.321067	0.0391741	2.58873e-05	1.1696e-05	5.15388e-05	
350	0.133603	0.0767846	0.0564754	0.000343415	0.588726	0.338353	0.248859	0.00151326	0.00052045	0.00229337	
351	0.152824	0.0945554	0.0578203	0.000448445	0.673422	0.41666	0.254786	0.00197608	0.000554013	0.00244127	
352	0.128004	0.082488	0.0452791	0.000237462	0.564054	0.363485	0.199523	0.00104638	0.000350635	0.00154508	
353	0.0844606	0.0786735	0.00578076	6.31487e-06	0.372177	0.346676	0.025473	2.78266e-05	6.44529e-06	2.84013e-05	
354	0.0881078	0.0799015	0.00811798	8.82993e-05	0.388248	0.352087	0.035772	0.000389092	8.94213e-05	0.000394036	
355	0.0842434	0.0841968	4.66322e-05	0	0.37122	0.371014	0.000205485	0	0	0	
356	0.125357	0.109801	0.0155411	1.47005e-05	0.552391	0.483844	0.0684821	6.47784e-05	1.77909e-05	7.83961e-05	
357	0.209818	0.108988	0.0968806	0.00394921	0.924568	0.480259	0.426906	0.0174023	0.00521214	0.0229674	
358	0.168621	0.0987077	0.0684274	0.00148587	0.743032	0.434957	0.301526	0.00654755	0.00322308	0.0142025	
359	0.106366	0.0788707	0.0271177	0.00037818	0.468706	0.347545	0.119494	0.00166645	0.000487485	0.00214811	
360	0.101089	0.0974553	0.0036345	0	0.445454	0.429438	0.0160155	0	0	0	
361	0.0473958	0.0473957	0	0	0.20885	0.20885	0	0	0	0	
362	0.102878	0.0878084	0.0150655	4.12412e-06	0.453334	0.386929	0.0663866	1.8173e-05	1.50362e-05	6.62575e-05	
363	0.0495027	0.0495027	0	0	0.218134	0.218134	0	0	0	0	
364	0.129834	0.114358	0.0154392	3.61227e-05	0.572116	0.503923	0.0680334	0.000159175	4.01653e-05	0.000176989	
365	0.0798881	0.0798881	0	0	0.352028	0.352028	0	0	0	0	
366	0.110448	0.0922239	0.0181558	6.83156e-05	0.486691	0.406386	0.080004	0.000301034	7.88651e-05	0.00034752	
367	0.124761	0.105874	0.0187908	9.56188e-05	0.549762	0.466538	0.0828023	0.000421346	0.000145922	0.000643009	
368	0.0805575	0.0761852	0.00434195	3.0406e-05	0.354978	0.335711	0.0191328	0.000133984	3.03944e-05	0.000133933	
369	0.0845259	0.0807458	0.00377214	7.93711e-06	0.372465	0.355808	0.016622	3.4975e-05	1.1448e-05	5.04458e-05	
370	0.112294	0.0921399	0.0200652	8.96297e-05	0.494829	0.406016	0.0884177	0.000394955	0.000138395	0.000609842	
371	0.114489	0.079757	0.0345578	0.000174937	0.504501	0.35145	0.152279	0.000770865	0.000232137	0.00102291	
372	0.100217	0.0794772	0.0207401	0	0.441609	0.350217	0.0913917	0	0	0	
373	0.0852069	0.0796335	0.00556349	9.8938e-06	0.375465	0.350906	0.0245156	4.35972e-05	1.97643e-05	8.7092e-05	
374	0.201315	0.104495	0.0863962	0.0104243	0.887101	0.460459	0.380706	0.045935	0.0166969	0.0735755	
375	0.144948	0.127819	0.0170194	0.000109342	0.638716	0.563238	0.0749963	0.00048182	0.000111078	0.000489471	
376	0.100109	0.0994177	0.000692149	0	0.441136	0.438086	0.00304997	0	0	0	
377	0.10513	0.100607	0.00450764	1.51586e-05	0.46326	0.44333	0.019863	6.67967e-05	2.64061e-05	0.000116358	
378	0.117301	0.104246	0.013048	6.98173e-06	0.516892	0.459365	0.0574965	3.07651e-05	1.45556e-05	6.41397e-05	
379	0.0959569	0.0771167	0.018838	2.14888e-06	0.422836	0.339816	0.0830101	9.46911e-06	8.55082e-06	3.76793e-05	
380	0.109411	0.082838	0.0265683	4.76598e-06	0.482122	0.365027	0.117073	2.10013e-05	1.21762e-05	5.36549e-05	
381	0.101975	0.0802053	0.0216829	8.74553e-05	0.449358	0.353426	0.0955463	0.000385373	0.000134472	0.000592557	
382	0.106973	0.104566	0.00240637	0	0.47138	0.460776	0.0106037	0	0	0	
383	0.0796999	0.0763019	0.00339796	0	0.351199	0.336226	0.0149731	0	0	0	
384	0.0934427	0.090845	0.0025977	0	0.411757	0.40031	0.0114468	0	0	0	
385	0.130503	0.107864	0.0226283	1.10216e-05	0.575065	0.475305	0.0997123	4.85669e-05	1.11596e-05	4.91751e-05	
386	0.0988908	0.0800085	0.0185063	0.000375983	0.435764	0.352559	0.0815483	0.00165678	0.000453155	0.00199683	
387	0.0947964	0.084635	0.00994062	0.000220791	0.417722	0.372945	0.0438035	0.00097292	0.000239845	0.00105688	
388	0.0841452	0.0773516	0.00673499	5.85673e-05	0.370787	0.340851	0.0296778	0.000258077	5.85557e-05	0.000258027	
389	0.141964	0.111716	0.0302441	4.04457e-06	0.625571	0.492282	0.133271	1.78224e-05	4.20884e-06	1.85463e-05	
390	0.083621	0.0747255	0.0088398	5.57439e-05	0.368477	0.329279	0.0389527	0.000245636	5.5732e-05	0.000245584	
391	0.0955317	0.0917109	0.00382077	0	0.420962	0.404126	0.0168363	0	0	0	
392	0.101517	0.0500885	0.0507754	0.000653764	0.447339	0.220715	0.223742	0.00288082	0.000708125	0.00312036	
393	0.0862396	0.0813033	0.00493631	0	0.380016	0.358264	0.0217519	0	0	0	
394	0.0974022	0.0930931	0.00430915	0	0.429204	0.410216	0.0189883	0	0	0	
395	0.153025	0.138982	0.0140316	1.06664e-05	0.674307	0.61243	0.0618306	4.70017e-05	1.22524e-05	5.39906e-05	
396	0.11101	0.0594493	0.0509025	0.000659084	0.489171	0.261964	0.224302	0.00290426	0.000659325	0.00290533	
397	0.12613	0.101844	0.0240184	0.000267463	0.555795	0.448779	0.105837	0.00117858	0.000494339	0.00217831	
398	0.0919834	0.0916401	0.00034335	0	0.405326	0.403813	0.00151297	0	0	0	
399	0.0796017	0.0789354	0.000665923	3.83118e-07	0.350766	0.34783	0.0029344	1.68821e-06	7.64722e-07	3.36976e-06	
400	0.143714	0.129736	0.0139784	0	0.63328	0.571684	0.0615961	0	0	0	
401	0.1042	0.101161	0.00303836	0	0.45916	0.445771	0.0133886	0	0	0	
402	0.105104	0.0838428	0.0212298	3.21654e-05	0.463146	0.369455	0.0935497	0.000141737	4.13561e-05	0.000182236	
403	0.11482	0.0892887	0.0254028	0.00012895	0.505958	0.393452	0.111938	0.000568221	0.00014666	0.000646264	
404	0.109349	0.0993042	0.0100452	0	0.48185	0.437586	0.0442646	0	0	0	
405	0.108091	0.107775	0.000315291	0	0.476305	0.474916	0.00138933	0	0	0	
406	0.19709	0.177871	0.0192166	2.57162e-06	0.868483	0.783793	0.0846785	1.13319e-05	2.55998e-06	1.12806e-05	
407	0.121354	0.0859621	0.0351286	0.000263809	0.534751	0.378793	0.154794	0.00116248	0.000550849	0.00242732	
408	0.131323	0.128376	0.00294739	0	0.578681	0.565693	0.0129877	0	0	0	
409	0.0925635	0.0925107	5.28015e-05	0	0.407883	0.40765	0.000232671	0	0	0	
410	0.106259	0.0884442	0.0174806	0.00033508	0.468236	0.389731	0.0770288	0.00147653	0.000339568	0.00149631	
411	0.132335	0.118194	0.0141414	0	0.583139	0.520825	0.0623146	0	0	0	
412	0.155471	0.12313	0.0323082	3.2863e-05	0.685087	0.542575	0.142366	0.000144811	3.70021e-05	0.00016305	
413	0.095601	0.0922938	0.00330718	0	0.421267	0.406694	0.0145731	0	0	0	
414	0.148433	0.113483	0.034653	0.000296398	0.654073	0.500068	0.152699	0.00130608	0.000331807	0.00146211	
415	0.093004	0.0927235	0.000280538	0	0.409824	0.408587	0.00123619	0	0	0	
416	0.130752	0.106993	0.023747	1.29024e-05	0.576165	0.471466	0.104641	5.68548e-05	1.28905e-05	5.68025e-05	
417	0.106613	0.0965684	0.0100452	0	0.469795	0.42553	0.0442646	0	0	0	
418	0.0819935	0.0775738	0.00441968	0	0.361306	0.34183	0.0194754	0	0	0	
419	0.140149	0.102996	0.0371256	2.7573e-05	0.617572	0.453856	0.163594	0.000121501	3.66662e-05	0.00016157	
420	0.0844661	0.084466	0	0	0.372201	0.372201	0	0	0	0	
421	0.089468	0.0868848	0.00258312	0	0.394242	0.382859	0.0113825	0	0	0	
422	0.107316	0.0817332	0.0250948	0.000488859	0.472893	0.360158	0.11058	0.00215416	0.000488847	0.00215411	
423	0.0674246	0.0564986	0.010922	4.04591e-06	0.297108	0.248962	0.0481282	1.78283e-05	4.96829e-06	2.18928e-05	
424	0.111684	0.111571	0.000112005	0	0.492137	0.491644	0.000493553	0	0	0	
425	0.076869	0.0702062	0.00666273	0	0.338724	0.309365	0.0293594	0	0	0	
426	0.115498	0.11006	0.00543414	3.47267e-06	0.508944	0.484983	0.0239456	1.53024e-05	3.61508e-06	1.59299e-05	
427	0.0919404	0.0913244	0.00061599	0	0.405137	0.402422	0.00271437	0	0	0	
428	0.0955761	0.0949331	0.000642836	1.87109e-07	0.421158	0.418324	0.00283267	8.245e-07	1.7528e-07	7.72375e-07	
429	0.121461	0.0890541	0.0324073	0	0.535222	0.392418	0.142803	0	0	0	
430	0.221972	0.214377	0.00759548	6.29213e-08	0.978128	0.944658	0.0334696	2.77264e-07	5.12464e-08	2.25818e-07	
431	0.174244	0.167907	0.00633687	0	0.76781	0.739886	0.0279235	0	0	0	
432	0.13531	0.113239	0.0220521	1.87895e-05	0.596248	0.498992	0.0971731	8.27964e-05	2.91981e-05	0.000128662	
433	0.110119	0.0995058	0.0105415	7.20296e-05	0.485243	0.438474	0.0464516	0.000317399	8.70793e-05	0.000383716	
434	0.0840477	0.0813519	0.00269523	5.44828e-07	0.370357	0.358478	0.0118765	2.40079e-06	1.05409e-06	4.64488e-06	
435	0.215447	0.153547	0.0615724	0.000327702	0.949375	0.676611	0.27132	0.00144402	0.000415077	0.00182904	
436	0.126719	0.0869804	0.0393347	0.000404558	0.558392	0.38328	0.173329	0.00178269	0.000525142	0.00231405	
437	0.142517	0.0870302	0.0535901	0.0018973	0.628006	0.3835	0.236146	0.0083605	0.00234688	0.0103415	
438	0.171669	0.131712	0.0392865	0.000670981	0.756466	0.580392	0.173116	0.00295669	0.000729779	0.00321578	
439	0.138842	0.128352	0.0104481	4.17844e-05	0.611812	0.565588	0.0460399	0.000184123	5.47866e-05	0.000241418	
440	0.082644	0.0809603	0.00168103	2.71247e-06	0.364172	0.356753	0.00740751	1.19525e-05	2.70129e-06	1.19032e-05	
441	0.0700699	0.0683212	0.00174872	0	0.308764	0.301058	0.00770578	0	0	0	
442	0.147099	0.0958922	0.0489286	0.00227853	0.648196	0.42255	0.215604	0.0100404	0.00309471	0.0136369	
443	0.177842	0.139353	0.0381316	0.000357483	0.783665	0.614062	0.168027	0.00157525	0.000528561	0.00232911	
444	0.130218	0.109053	0.0211559	9.29527e-06	0.573811	0.480546	0.093224	4.09597e-05	2.33516e-05	0.000102899	
445	0.110625	0.0891144	0.0214559	5.51328e-05	0.487473	0.392684	0.0945462	0.000242943	6.93741e-05	0.000305698	
446	0.154188	0.0916332	0.0620716	0.000483262	0.679432	0.403783	0.273519	0.0021295	0.000732391	0.00322729	
447	0.163306	0.123222	0.0400831	0	0.719611	0.542984	0.176627	0	0	0	
448	0.0427631	0.0379375	0.00482564	0	0.188436	0.167172	0.0212642	0	0	0	
449	0.225877	0.155776	0.0699855	0.000115488	0.995332	0.686431	0.308392	0.000508903	0.000168026	0.00074041	
450	0.0885778	0.08024	0.00833784	0	0.39032	0.353579	0.0367408	0	0	0	
451	0.133073	0.121451	0.0116208	1.50944e-06	0.58639	0.535176	0.0512076	6.65138e-06	3.30081e-06	1.45451e-05	
452	0.184454	0.101072	0.0815651	0.00181722	0.812803	0.445377	0.359418	0.00800765	0.00359816	0.0158553	
453	0.103767	0.096549	0.00721673	1.72546e-06	0.457253	0.425444	0.0318006	7.6033e-06	1.75742e-06	7.74412e-06	
454	0.135451	0.0900748	0.0453442	3.22966e-05	0.596869	0.396916	0.19981	0.000142315	0.000111378	0.000490792	
455	0.158911	0.10614	0.0524791	0.000291492	0.700245	0.46771	0.23125	0.00128446	0.000439564	0.00193694	
456	0.147001	0.113031	0.0336724	0.000296822	0.647763	0.498076	0.148378	0.00130795	0.000458322	0.0020196	
457	0.123355	0.101581	0.0217694	4.44107e-06	0.543566	0.447619	0.0959274	1.95696e-05	1.12109e-05	4.94013e-05	
458	0.0946698	0.0797355	0.0149343	0	0.417164	0.351356	0.0658084	0	0	0	
459	0.103934	0.0898173	0.0141175	0	0.457991	0.395781	0.062209	0	0	0	
460	0.146662	0.0862359	0.0604264	0	0.64627	0.38	0.26627	0	0	0	
461	0.143342	0.0864099	0.0568563	7.60851e-05	0.63164	0.380766	0.250538	0.00033527	9.28419e-05	0.000409109	
462	0.11773	0.101025	0.0166296	7.44605e-05	0.518779	0.445172	0.0732788	0.000328111	0.000101118	0.000445582	
463	0.137851	0.120728	0.0171226	0	0.607443	0.531992	0.0754512	0	0	0	
464	0.0791987	0.0697007	0.00949768	3.08451e-07	0.34899	0.307137	0.0418517	1.35919e-06	1.0662e-06	4.69823e-06	
465	0.0847315	0.083535	0.00119655	0	0.373371	0.368098	0.00527265	0	0	0	
466	0.165191	0.111072	0.0539811	0.000137953	0.727918	0.489441	0.237868	0.000607894	0.000213616	0.000941303	
467	0.113598	0.0806023	0.0324738	0.000521985	0.500572	0.355175	0.143096	0.00230014	0.000657152	0.00289575	
468	0.106695	0.102598	0.00409704	2.71129e-07	0.470156	0.452101	0.0180537	1.19473e-06	2.15904e-06	9.51386e-06	
469	0.0775848	0.0775848	0	0	0.341879	0.341879	0	0	0	0	
470	0.106031	0.0959086	0.0101188	4.36746e-06	0.467231	0.422623	0.044589	1.92453e-05	7.43871e-06	3.27788e-05	
471	0.133614	0.0798523	0.0536266	0.00013529	0.588773	0.351871	0.236306	0.000596161	0.000322586	0.00142148	
472	0.128853	0.090109	0.0359187	0.00282611	0.567796	0.397067	0.158276	0.0124533	0.00287168	0.0126541	
473	0.172044	0.100229	0.068433	0.00338213	0.758118	0.441663	0.301551	0.0149034	0.00556316	0.0245141	
474	0.110066	0.0777562	0.0323106	0	0.485011	0.342634	0.142377	0	0	0	
475	0.121567	0.114447	0.00711842	1.06198e-06	0.535687	0.504315	0.0313674	4.67963e-06	4.90625e-06	2.16195e-05	
476	0.164635	0.11388	0.0507507	4.0165e-06	0.725468	0.501817	0.223633	1.76988e-05	1.14832e-05	5.06013e-05	
477	0.125042	0.0980215	0.0270022	1.87627e-05	0.551002	0.431933	0.118985	8.26785e-05	4.30779e-05	0.000189823	
478	0.0935302	0.0797222	0.0137597	4.8244e-05	0.412142	0.351297	0.0606326	0.000212588	6.15732e-05	0.000271323	
479	0.107101	0.0987147	0.00834022	4.6395e-05	0.471944	0.434988	0.0367513	0.00020444	4.6592e-05	0.000205308	
480	0.127601	0.0986105	0.0289883	2.57656e-06	0.562278	0.434529	0.127737	1.13536e-05	1.74783e-05	7.70187e-05	
481	0.0823659	0.076684	0.00568183	0	0.362947	0.337909	0.0250371	0	0	0	
482	0.141778	0.106878	0.0348669	3.36207e-05	0.624751	0.470961	0.153641	0.00014815	6.93429e-05	0.00030556	
483	0.106329	0.09343	0.0128992	0	0.468542	0.411701	0.0568405	0	0	0	
484	0.16858	0.117865	0.0495033	0.00121184	0.742853	0.519376	0.218137	0.00534001	0.00164275	0.00723884	
485	0.111593	0.0958316	0.0155752	0.000186484	0.491738	0.422283	0.0686324	0.000821745	0.000194881	0.000858747	
486	0.0845955	0.0807337	0.00386167	9.58927e-08	0.372771	0.355754	0.0170165	4.22553e-07	8.40001e-08	3.70148e-07	
487	0.105035	0.10071	0.00432545	0	0.462842	0.443782	0.0190601	0	0	0	
488	0.134593	0.0963704	0.0381928	3.03135e-05	0.593089	0.424658	0.168297	0.000133577	8.36965e-05	0.00036881	
489	0.147729	0.099052	0.0486329	4.40978e-05	0.650971	0.436474	0.214302	0.000194318	5.74091e-05	0.000252974	
490	0.0963776	0.0915773	0.00480034	0	0.42469	0.403537	0.0211528	0	0	0	
491	0.097887	0.0789749	0.0189083	3.81735e-06	0.431341	0.348004	0.0833199	1.68212e-05	1.776e-05	7.82601e-05	
492	0.142965	0.0978752	0.0445039	0.000586671	0.629981	0.431289	0.196107	0.00258517	0.00079335	0.00349591	
493	0.190548	0.112686	0.0778394	2.27798e-05	0.839655	0.496553	0.343	0.000100379	3.65609e-05	0.000161106	
494	0.190586	0.118133	0.0722564	0.00019661	0.839822	0.520556	0.318399	0.000866369	0.000251355	0.0011076	
495	0.0898661	0.0846561	0.00521003	0	0.395997	0.373038	0.0229581	0	0	0	
496	0.102847	0.0905021	0.012136	0.000208884	0.453197	0.398799	0.0534778	0.000920454	0.000208873	0.000920402	
497	0.111147	0.0782393	0.0327873	0.000121117	0.489774	0.344762	0.144478	0.000533706	0.0002147	0.000946081	
498	0.175697	0.134684	0.0408368	0.000175604	0.774212	0.59349	0.179948	0.000773803	0.000212846	0.000937909	
499	0.15943	0.159326	0.000103615	0	0.702533	0.702076	0.000456582	0	0	0	
500	0.145879	0.0814377	0.0642483	0.000192944	0.642818	0.358857	0.283111	0.000850214	0.000366524	0.00161509	
501	0.154157	0.109353	0.0447002	0.000103592	0.679295	0.481866	0.196972	0.00045648	0.000118434	0.000521884	
502	0.0925461	0.0917012	0.000844955	0	0.407806	0.404083	0.00372331	0	0	0	
503	0.114245	0.103863	0.0103816	0	0.503425	0.457678	0.0457469	0	0	0	
504	0.123321	0.120337	0.00298237	9.78434e-07	0.543416	0.53027	0.0131418	4.31149e-06	9.66676e-07	4.25967e-06	
505	0.0724608	0.0692344	0.00322642	0	0.319299	0.305082	0.0142173	0	0	0	
506	0.147985	0.098606	0.0483585	0.00102116	0.652102	0.434509	0.213093	0.0044998	0.00127771	0.00563029	
507	0.19505	0.159282	0.0356711	9.68408e-05	0.859495	0.701883	0.157185	0.000426731	9.68327e-05	0.000426695	
508	0.0932018	0.0887523	0.00444617	3.36835e-06	0.410695	0.391088	0.0195921	1.48426e-05	3.35652e-06	1.47905e-05	
509	0.095491	0.0878925	0.00756404	3.44577e-05	0.420783	0.3873	0.033331	0.000151838	4.05706e-05	0.000178775	
510	0.137032	0.106158	0.0306646	0.000209596	0.603837	0.467789	0.135124	0.000923592	0.000267413	0.00117836	
511	0.0775506	0.075757	0.00179025	3.35938e-06	0.341728	0.333824	0.00788877	1.48031e-05	3.52512e-06	1.55335e-05	
512	0.176919	0.0890455	0.0876471	0.000226983	0.779599	0.39238	0.386218	0.0010002	0.000444115	0.001957	
513	0.10726	0.0918737	0.0153745	1.23522e-05	0.472645	0.404843	0.0677482	5.44303e-05	1.89673e-05	8.35801e-05	
514	0.270919	0.129485	0.137881	0.00355241	1.19381	0.570579	0.607578	0.0156537	0.00504514	0.0222315	
515	0.0662122	0.0570478	0.00915707	7.3403e-06	0.291765	0.251382	0.0403508	3.23451e-05	1.27138e-05	5.60238e-05	
516	0.107629	0.0892072	0.0182314	0.000190905	0.474271	0.393093	0.0803372	0.000841226	0.000197807	0.00087164	
517	0.0861143	0.082376	0.00373837	0	0.379464	0.362991	0.0164732	0	0	0	
518	0.177754	0.15707	0.020684	0	0.783278	0.692133	0.0911447	0	0	0	
519	0.0711055	0.0424399	0.0286655	0	0.313327	0.187012	0.126315	0	0	0	
520	0.16113	0.123328	0.0374319	0.000370285	0.710024	0.543448	0.164944	0.00163166	0.000476321	0.00209891	
521	0.249852	0.110739	0.137933	0.00117952	1.10098	0.487975	0.607808	0.00519759	0.00260709	0.0114882	
522	0.182047	0.0789694	0.102586	0.000491098	0.802195	0.34798	0.452051	0.00216403	0.0013532	0.00596291	
523	0.0885271	0.0768167	0.0117104	0	0.390096	0.338494	0.0516021	0	0	0	
524	0.14193	0.106834	0.0349711	0.000124537	0.625418	0.470768	0.1541	0.000548775	0.000222993	0.000982626	
525	0.149319	0.100581	0.0483143	0.000424041	0.657979	0.443213	0.212898	0.00186854	0.000649135	0.00286042	
526	0.116992	0.102299	0.0146778	1.56004e-05	0.51553	0.450783	0.0646782	6.87437e-05	2.61893e-05	0.000115403	
527	0.110001	0.078598	0.0312898	0.000113759	0.484724	0.346343	0.137879	0.000501284	0.000168093	0.000740705	
528	0.0887546	0.0810851	0.00766948	0	0.391099	0.357303	0.0337957	0	0	0	
529	0.137856	0.0817571	0.0559946	0.000104842	0.607468	0.360264	0.246741	0.00046199	0.000253894	0.00111879	
530	0.0963898	0.081522	0.0148637	4.05113e-06	0.424743	0.359228	0.0654971	1.78514e-05	1.03438e-05	4.55804e-05	
531	0.171203	0.105922	0.0649685	0.000312341	0.75441	0.466748	0.286285	0.00137634	0.000584594	0.00257602	
532	0.097411	0.0844933	0.0129046	1.30683e-05	0.429243	0.372321	0.0568647	5.75858e-05	2.36635e-05	0.000104273	
533	0.162553	0.118982	0.0434923	7.8581e-05	0.716296	0.5243	0.191649	0.000346269	0.000183117	0.000806908	
534	0.123572	0.11444	0.00907316	5.93508e-05	0.544526	0.504283	0.039981	0.00026153	5.93392e-05	0.000261479	
535	0.0921756	0.0783936	0.0137819	0	0.406173	0.345443	0.0607305	0	0	0	
536	0.0677319	0.0664931	0.0012388	3.91331e-08	0.298462	0.293003	0.00545881	1.7244e-07	2.73264e-08	1.20414e-07	
537	0.119659	0.0775257	0.041982	0.000152184	0.527283	0.341618	0.184994	0.000670604	0.00020827	0.000917748	
538	0.124308	0.0812148	0.0427929	0.000301007	0.547768	0.357874	0.188567	0.00132639	0.000359487	0.00158408	
539	0.135228	0.0839972	0.0511483	8.30405e-05	0.595887	0.370135	0.225386	0.000365919	0.000202833	0.000893789	
540	0.0912134	0.0807406	0.010387	8.57357e-05	0.401933	0.355785	0.0457706	0.000377796	0.000108318	0.000477307	
541	0.0881953	0.0830251	0.00516915	9.79929e-07	0.388634	0.365852	0.0227779	4.31807e-06	3.40982e-06	1.50254e-05	
542	0.201456	0.151502	0.0496186	0.000335789	0.887723	0.667597	0.218645	0.00147966	0.000393226	0.00173276	
543	0.12902	0.0903128	0.0386974	1.0646e-05	0.568533	0.397965	0.170521	4.69119e-05	2.39416e-05	0.000105499	
544	0.173221	0.127995	0.0448839	0.000342341	0.763303	0.564013	0.197781	0.00150853	0.00061851	0.00272547	
545	0.157114	0.0759608	0.0811471	6.14806e-06	0.692326	0.334722	0.357576	2.70915e-05	2.17055e-05	9.56457e-05	
546	0.1354	0.117765	0.0176214	1.41904e-05	0.596645	0.518933	0.077649	6.25306e-05	2.43009e-05	0.000107082	
547	0.0882789	0.0762654	0.0120134	0	0.389002	0.336065	0.0529374	0	0	0	
548	0.119079	0.111931	0.0071476	0	0.524723	0.493227	0.031496	0	0	0	
549	0.147885	0.0858788	0.0612939	0.000712754	0.65166	0.378426	0.270092	0.00314076	0.000898398	0.00395881	
550	0.180936	0.120971	0.059379	0.000585581	0.797298	0.533063	0.261654	0.00258037	0.000855319	0.00376898	
551	0.0975569	0.0975569	0	0	0.429886	0.429886	0	0	0	0	
552	0.0817214	0.0733469	0.00834926	2.5225e-05	0.360107	0.323204	0.0367911	0.000111154	2.72314e-05	0.000119995	
553	0.185629	0.184879	0.000750167	1.17785e-07	0.817981	0.814674	0.00330562	5.19025e-07	1.05937e-07	4.66817e-07	
554	0.147152	0.103489	0.0430681	0.000594925	0.648431	0.456029	0.18978	0.00262154	0.000809449	0.00356685	
555	0.101276	0.075917	0.0253507	8.89928e-06	0.446277	0.33453	0.111708	3.92148e-05	1.77913e-05	7.83979e-05	
556	0.176704	0.15112	0.0255821	1.86662e-06	0.778651	0.665915	0.112728	8.22532e-06	1.85523e-06	8.17514e-06	
557	0.0946416	0.0797658	0.0147643	0.000111452	0.41704	0.351489	0.0650594	0.000491118	0.000140841	0.000620618	
558	0.105214	0.0984307	0.00678401	0	0.463631	0.433737	0.0298938	0	0	0	
559	0.0973095	0.079871	0.0170845	0.000353971	0.428796	0.351953	0.0752831	0.00155978	0.000394754	0.00173949	
560	0.0924987	0.0856891	0.00680954	0	0.407597	0.37759	0.0300063	0	0	0	
561	0.107451	0.0940419	0.0133229	8.63685e-05	0.473485	0.414397	0.0587078	0.000380584	0.000105783	0.000466136	
562	0.0750416	0.0503527	0.0246888	0	0.330672	0.22188	0.108792	0	0	0	
563	0.100381	0.0796277	0.0206929	6.03137e-05	0.44233	0.350881	0.0911839	0.000265773	0.000112568	0.000496034	
564	0.119161	0.0823019	0.0363933	0.000466733	0.525089	0.362665	0.160367	0.00205666	0.000664104	0.00292638	
565	0.103033	0.0858486	0.0171832	1.65488e-06	0.454019	0.378293	0.0757185	7.29226e-06	1.75808e-05	7.74705e-05	
566	0.128578	0.104821	0.0237375	1.95158e-05	0.566582	0.461896	0.104599	8.5997e-05	3.77811e-05	0.000166483	
567	0.207568	0.162506	0.0445739	0.000488878	0.914655	0.716085	0.196415	0.00215425	0.000592836	0.00261234	
568	0.157328	0.116449	0.0408789	0	0.693272	0.513138	0.180133	0	0	0	
569	0.0775203	0.0766527	0.000867596	0	0.341594	0.337771	0.00382307	0	0	0	
570	0.140723	0.120999	0.0195614	0.00016236	0.620099	0.533186	0.0861978	0.000715442	0.000198028	0.000872617	
571	0.107976	0.0924612	0.0155131	1.89586e-06	0.475799	0.407432	0.0683589	8.35416e-06	4.03912e-06	1.77984e-05	
572	0.108751	0.0986131	0.0100707	6.73132e-05	0.479214	0.43454	0.0443768	0.000296617	8.13524e-05	0.00035848	
573	0.0986254	0.0852441	0.0133747	6.51987e-06	0.434594	0.37563	0.0589359	2.87299e-05	2.19888e-05	9.68943e-05	
574	0.127217	0.0806886	0.0462126	0.000316534	0.560587	0.355555	0.203636	0.00139481	0.000574651	0.00253221	
575	0.140242	0.0851836	0.0541026	0.000956196	0.617981	0.375363	0.238404	0.00421349	0.0016365	0.00721129	
576	0.0631999	0.0550542	0.00814568	0	0.278491	0.242597	0.0358941	0	0	0	
577	0.126786	0.114336	0.0124492	0	0.558685	0.503827	0.0548578	0	0	0	
578	0.0971701	0.0899521	0.00721795	0	0.428182	0.396375	0.031806	0	0	0	
579	0.0929749	0.0882129	0.00474943	1.25668e-05	0.409695	0.388712	0.0209284	5.53759e-05	1.25552e-05	5.5325e-05	
580	0.0768993	0.0674727	0.00940081	2.5788e-05	0.338858	0.29732	0.0414248	0.000113635	4.38703e-05	0.000193315	
581	0.0835034	0.0760188	0.00748458	0	0.367959	0.334978	0.0329809	0	0	0	
582	0.0883975	0.0853778	0.00301341	6.26576e-06	0.389525	0.376219	0.0132786	2.76102e-05	8.8116e-06	3.88285e-05	
583	0.114921	0.0938981	0.0210162	7.53727e-06	0.506405	0.413763	0.0926084	3.32131e-05	7.52556e-06	3.31615e-05	
584	0.20613	0.129519	0.0761379	0.000472751	0.908318	0.570732	0.335503	0.00208318	0.000568149	0.00250355	
585	0.117444	0.0758154	0.0416289	0	0.51752	0.334082	0.183438	0	0	0	
586	0.13877	0.0853758	0.0533239	7.02683e-05	0.611493	0.37621	0.234973	0.000309638	9.06137e-05	0.000399291	
587	0.107169	0.0900519	0.0170816	3.58713e-05	0.472244	0.396815	0.0752706	0.000158067	4.07602e-05	0.00017961	
588	0.0692479	0.0684586	0.000787393	1.85512e-06	0.305142	0.301664	0.00346966	8.17466e-06	1.84334e-06	8.12272e-06	
589	0.150663	0.110605	0.0392488	0.000809437	0.663901	0.487383	0.172951	0.0035668	0.000971361	0.00428032	
590	0.133	0.108729	0.0242446	2.59771e-05	0.586067	0.479118	0.106834	0.000114468	3.29915e-05	0.000145378	
591	0.127976	0.0971487	0.030736	9.12899e-05	0.563929	0.428087	0.135438	0.00040227	0.000110722	0.000487902	
592	0.108254	0.0868806	0.0213568	1.69577e-05	0.477025	0.382841	0.0941093	7.47247e-05	2.16786e-05	9.55275e-05	
593	0.101377	0.0951895	0.00617235	1.53848e-05	0.44672	0.419454	0.0271985	6.77936e-05	1.56347e-05	6.8895e-05	
594	0.0911476	0.0815384	0.00959352	1.56043e-05	0.401643	0.3593	0.042274	6.8761e-05	1.95463e-05	8.61313e-05	
595	0.109507	0.0950335	0.014427	4.74119e-05	0.482548	0.418767	0.0635728	0.000208921	5.49234e-05	0.000242021	
596	0.104419	0.0914047	0.0130146	0	0.460125	0.402776	0.0573491	0	0	0	
597	0.153029	0.14275	0.0102399	3.99119e-05	0.674329	0.629031	0.0451225	0.000175872	4.53299e-05	0.000199747	
598	0.120889	0.10959	0.0112305	6.80277e-05	0.5327	0.482912	0.0494875	0.000299765	6.80163e-05	0.000299715	
599	0.10857	0.0945844	0.0139857	0	0.478416	0.416788	0.0616286	0	0	0	
600	0.110239	0.109317	0.000922119	0	0.485773	0.48171	0.00406333	0	0	0	
601	0.33575	0.149926	0.183948	0.00187519	1.47949	0.660653	0.810573	0.00826307	0.00187693	0.00827073	
602	0.105664	0.103869	0.00179339	1.07482e-06	0.46561	0.457703	0.00790261	4.73624e-06	1.16454e-06	5.1316e-06	
603	0.128402	0.0526149	0.0757674	2.03595e-05	0.565809	0.231848	0.33387	8.97147e-05	5.66018e-05	0.000249416	
604	0.0883488	0.0819681	0.00638066	0	0.38931	0.361194	0.0281165	0	0	0	
605	0.142473	0.0501716	0.0923022	0	0.627814	0.221082	0.406731	0	0	0	
606	0.145101	0.0949635	0.049498	0.000639883	0.639392	0.418458	0.218114	0.00281965	0.00164404	0.00724452	
607	0.0899383	0.079157	0.0106452	0.000136007	0.396315	0.348807	0.0469085	0.000599319	0.00022277	0.00098164	
608	0.0904904	0.0797812	0.010674	3.51716e-05	0.398748	0.351557	0.0470355	0.000154984	4.49502e-05	0.000198074	
609	0.0927533	0.0881898	0.00456347	0	0.408719	0.38861	0.020109	0	0	0	
610	0.0911276	0.0810134	0.0100501	6.40287e-05	0.401555	0.356987	0.0442863	0.000282143	7.4512e-05	0.000328338	
611	0.0635267	0.0584285	0.00509813	0	0.279931	0.257466	0.022465	0	0	0	
612	0.0957831	0.0917271	0.00404784	8.16092e-06	0.42207	0.404197	0.0178368	3.59612e-05	9.14476e-06	4.02965e-05	
613	0.0908824	0.0775705	0.0132451	6.68069e-05	0.400475	0.341816	0.0583649	0.000294386	8.06388e-05	0.000355336	
614	0.0898729	0.0846363	0.00522618	1.04478e-05	0.396026	0.372951	0.0230292	4.60385e-05	1.55943e-05	6.8717e-05	
615	0.0907414	0.0877933	0.00294813	0	0.399854	0.386862	0.012991	0	0	0	
616	0.0983636	0.0900164	0.00822099	0.0001263	0.433441	0.396659	0.0362259	0.000556544	0.000126288	0.000556492	
617	0.123979	0.0927435	0.0312358	4.53306e-07	0.546319	0.408676	0.137641	1.9975e-06	1.61514e-06	7.11718e-06	
618	0.0620278	0.0565672	0.00546057	0	0.273326	0.249264	0.0240621	0	0	0	
619	0.13864	0.0999983	0.0386249	1.7181e-05	0.610921	0.440644	0.170201	7.57084e-05	1.71758e-05	7.56856e-05	
620	0.112446	0.0887116	0.0237343	5.48555e-07	0.495497	0.390909	0.104585	2.41722e-06	2.57858e-06	1.13625e-05	
621	0.369973	0.188236	0.179283	0.00245313	1.63029	0.829469	0.790015	0.0108098	0.00245952	0.0108379	
622	0.0380659	0.0308257	0.00718775	5.24477e-05	0.167738	0.135834	0.0316729	0.000231112	5.27004e-05	0.000232225	
623	0.0749384	0.072646	0.00228833	4.08194e-06	0.330217	0.320116	0.0100835	1.79871e-05	4.76296e-06	2.09881e-05	
624	0.111593	0.0836138	0.0279715	8.11591e-06	0.491738	0.368446	0.123257	3.57629e-05	1.08383e-05	4.77593e-05	
625	0.0717412	0.0555864	0.0161548	0	0.316129	0.244942	0.0711867	0	0	0	
626	0.0721053	0.0645297	0.00757568	0	0.317733	0.284351	0.0333824	0	0	0	
627	0.0933641	0.0799796	0.0133844	1.05963e-07	0.41141	0.352431	0.0589786	4.66928e-07	1.21293e-06	5.34481e-06	
628	0.0607933	0.0607703	2.29983e-05	0	0.267886	0.267785	0.000101342	0	0	0	
629	0.231123	0.139127	0.0912051	0.000790702	1.01845	0.613069	0.401897	0.00348424	0.000949919	0.00418583	
630	0.179929	0.147178	0.0327494	1.37349e-06	0.792862	0.648545	0.144311	6.05233e-06	1.36097e-06	5.99716e-06	
631	0.114642	0.0968943	0.017748	0	0.505174	0.426966	0.0782072	0	0	0	
632	0.0437316	0.0437316	0	0	0.192704	0.192704	0	0	0	0	
633	0.0617018	0.0456558	0.0160459	0	0.27189	0.201183	0.0707069	0	0	0	
634	0.0424446	0.042433	1.15306e-05	0	0.187033	0.186982	5.08101e-05	0	0	0	
635	0.0719662	0.0662797	0.00568644	0	0.31712	0.292062	0.0250574	0	0	0	
636	0.0925489	0.0657222	0.0268267	0	0.407818	0.289606	0.118212	0	0	0	
637	0.0757391	0.0744537	0.00128544	0	0.333745	0.328081	0.00566432	0	0	0	
638	0.131907	0.0824505	0.049457	0	0.581253	0.363319	0.217933	0	0	0	
639	0.129085	0.0769816	0.0521034	0	0.568816	0.339221	0.229594	0	0	0	
640	0.0861838	0.081391	0.00477863	1.41097e-05	0.37977	0.358651	0.0210571	6.2175e-05	1.41082e-05	6.21684e-05	
641	0.0758731	0.0758731	0	0	0.334336	0.334336	0	0	0	0	
642	0.0637798	0.0637798	0	0	0.281047	0.281047	0	0	0	0	
643	0.172888	0.14352	0.0289593	0.000408305	0.761836	0.632427	0.127609	0.0017992	0.000686117	0.00302339	
644	0.107673	0.0833251	0.0243488	0	0.474467	0.367173	0.107293	0	0	0	
645	0.0827526	0.0812973	0.0014533	1.98443e-06	0.364651	0.358238	0.00640401	8.74447e-06	1.97266e-06	8.69257e-06	
646	0.127723	0.0758339	0.0518899	0	0.562817	0.334163	0.228653	0	0	0	
647	0.171189	0.125228	0.0454404	0.000520449	0.754348	0.55182	0.200234	0.00229337	0.000914777	0.00403098	
648	0.148928	0.118605	0.0302696	5.34172e-05	0.656256	0.522637	0.133383	0.000235384	5.77623e-05	0.00025453	
649	0.0650609	0.0650609	0	0	0.286692	0.286692	0	0	0	0	
650	0.0740111	0.0738024	0.000208747	0	0.326131	0.325211	0.000919847	0	0	0	
651	0.104089	0.10264	0.00144835	0	0.45867	0.452288	0.00638219	0	0	0	
652	0.115312	0.0833947	0.0315087	0.000408705	0.508125	0.36748	0.138843	0.00180096	0.000490964	0.00216344	
653	0.104723	0.0886466	0.0160746	1.99554e-06	0.461464	0.390623	0.070833	8.79338e-06	1.20241e-05	5.29845e-05	
654	0.113401	0.0892509	0.0241317	1.84843e-05	0.499704	0.393285	0.106336	8.14517e-05	0.000106023	0.000467196	
655	0.127093	0.0819792	0.0444698	0.000644727	0.560041	0.361243	0.195957	0.002841	0.00166511	0.00733734	
656	0.204014	0.119772	0.0818618	0.00238044	0.898993	0.527778	0.360725	0.0104894	0.00362537	0.0159752	
657	0.128145	0.0810248	0.0471206	0	0.564675	0.357037	0.207638	0	0	0	
658	0.101441	0.0762206	0.0252208	0	0.447003	0.335867	0.111135	0	0	0	
659	0.132992	0.096889	0.0354574	0.000646253	0.586034	0.426943	0.156243	0.00284772	0.00116387	0.00512864	
660	0.150367	0.101638	0.0486087	0.000120003	0.662598	0.447873	0.214195	0.000528797	0.000165727	0.000730282	
661	0.173478	0.0995374	0.0728371	0.00110363	0.764434	0.438613	0.320958	0.00486319	0.00316418	0.013943	
662	0.115039	0.0814344	0.0333445	0.000260865	0.506925	0.358842	0.146933	0.0011495	0.000384888	0.00169602	
663	0.105839	0.0813519	0.0243645	0.000123352	0.466385	0.358478	0.107363	0.000543555	0.000162701	0.000716948	
664	0.0978529	0.0884099	0.00944302	0	0.43119	0.38958	0.0416108	0	0	0	
665	0.109617	0.0883033	0.0212951	1.90016e-05	0.483031	0.38911	0.0938376	8.3731e-05	3.6222e-05	0.000159613	
666	0.104275	0.0799374	0.024265	7.25367e-05	0.459489	0.352245	0.106924	0.000319634	8.85021e-05	0.000389986	
667	0.17013	0.106139	0.0589808	0.00501057	0.749683	0.467704	0.2599	0.0220791	0.00556887	0.0245393	
668	0.104077	0.0840966	0.01998	1.19443e-06	0.458621	0.370573	0.0880426	5.26329e-06	1.21659e-05	5.36096e-05	
669	0.0440559	0.0440559	0	0	0.194133	0.194133	0	0	0	0	
670	0.0910135	0.0836677	0.00732226	2.35111e-05	0.401052	0.368683	0.0322656	0.000103602	2.71615e-05	0.000119687	
671	0.0577262	0.0512811	0.00644513	0	0.254371	0.225971	0.0284006	0	0	0	
672	0.148001	0.113379	0.0346205	1.2724e-06	0.652172	0.49961	0.152556	5.60689e-06	5.4409e-06	2.39754e-05	
673	0.132114	0.102743	0.0292049	0.000166654	0.582166	0.452739	0.128692	0.000734366	0.000262061	0.00115478	
674	0.130655	0.0965535	0.0339157	0.000186421	0.575737	0.425465	0.14945	0.000821471	0.000596532	0.00262863	
675	0.110526	0.0822162	0.0282823	2.75298e-05	0.487035	0.362287	0.124626	0.00012131	2.87531e-05	0.000126701	
676	0.138181	0.111172	0.0265419	0.000467234	0.608899	0.489883	0.116957	0.00205887	0.00054189	0.00238784	
677	0.0990142	0.0946147	0.00438677	1.27276e-05	0.436307	0.416921	0.0193304	5.60844e-05	1.37671e-05	6.0665e-05	
678	0.0974172	0.0813286	0.0158786	0.000210078	0.429271	0.358376	0.0699694	0.000925714	0.000245112	0.00108009	
679	0.135538	0.0921457	0.0433925	0	0.597251	0.406041	0.191209	0	0	0	
680	0.124401	0.111798	0.0126032	0	0.548178	0.492641	0.0555366	0	0	0	
681	0.110543	0.0989922	0.0115511	0	0.487111	0.436211	0.0509003	0	0	0	
682	0.103291	0.098891	0.00440093	0	0.455158	0.435765	0.0193928	0	0	0	
683	0.101352	0.092349	0.00900315	0	0.44661	0.406937	0.0396725	0	0	0	
684	0.117659	0.0954774	0.0221824	0	0.51847	0.420722	0.0977474	0	0	0	
685	0.188452	0.142548	0.0453655	0.000538177	0.830418	0.628142	0.199904	0.00237149	0.000538791	0.00237419	
686	0.111733	0.0916807	0.0196937	0.000359076	0.492356	0.403992	0.086781	0.00158227	0.000787596	0.00347056	
687	0.0819031	0.0788286	0.00307131	3.19349e-06	0.360907	0.347359	0.0135337	1.40722e-05	3.57693e-06	1.57618e-05	
688	0.0650682	0.0650683	0	0	0.286724	0.286724	0	0	0	0	
689	0.00809912	0.00724375	0.000855362	0	0.0356889	0.0319197	0.00376916	0	0	0	
690	0.0606161	0.0606045	1.15985e-05	0	0.267106	0.267055	5.1109e-05	0	0	0	
691	0.106791	0.0993836	0.00739187	1.63273e-05	0.47058	0.437935	0.0325724	7.19468e-05	2.41953e-05	0.000106617	
692	0.0738555	0.0738555	0	0	0.325446	0.325446	0	0	0	0	
693	0.0877076	0.0803524	0.00735522	0	0.386485	0.354074	0.0324109	0	0	0	
694	0.210823	0.156387	0.0531058	0.00133017	0.928995	0.689122	0.234011	0.00586145	0.00160534	0.00707396	
695	0.0935806	0.0803353	0.0132282	1.71117e-05	0.412364	0.353999	0.0582905	7.54034e-05	4.1437e-05	0.000182593	
696	0.21594	0.161795	0.0533056	0.000839398	0.951547	0.712955	0.234892	0.00369882	0.000990606	0.00436512	
697	0.152824	0.083844	0.0678312	0.00114917	0.673424	0.36946	0.298899	0.00506384	0.00136584	0.00601863	
698	0.251569	0.198301	0.0522238	0.00104363	1.10854	0.873819	0.230125	0.00459878	0.0010697	0.00471367	
699	0.32278	0.187713	0.12948	0.0055854	1.42233	0.827164	0.570559	0.0246121	0.00581376	0.0256184	
700	0.0835742	0.0835742	0	0	0.368271	0.368271	0	0	0	0	
701	0.0834288	0.0834288	0	0	0.36763	0.36763	0	0	0	0	
702	0.109214	0.107598	0.00161679	0	0.481257	0.474133	0.00712443	0	0	0	
703	0.0927335	0.0887423	0.00394785	4.33996e-05	0.408632	0.391044	0.0173963	0.000191241	4.33876e-05	0.000191188	
704	0.0953647	0.0804385	0.0149262	0	0.420226	0.354453	0.0657728	0	0	0	
705	0.103196	0.0891732	0.0140182	4.74166e-06	0.454735	0.392943	0.0617715	2.08942e-05	4.72933e-06	2.08398e-05	
706	0.218586	0.160152	0.058277	0.000156528	0.963204	0.705716	0.256798	0.000689745	0.000360701	0.00158943	
707	0.0901159	0.0812542	0.00886163	0	0.397097	0.358048	0.0390489	0	0	0	
708	0.0809189	0.0809189	0	0	0.35657	0.35657	0	0	0	0	
709	0.126547	0.104637	0.0215647	0.000344844	0.557633	0.461088	0.0950256	0.00151956	0.000345077	0.00152059	
710	0.165069	0.0971637	0.0678537	5.20495e-05	0.727381	0.428153	0.298998	0.000229357	6.44447e-05	0.000283976	
711	0.0960852	0.0816531	0.014432	0	0.423401	0.359806	0.0635953	0	0	0	
712	0.0774919	0.0774919	0	0	0.341469	0.341469	0	0	0	0	
713	0.0917061	0.0793581	0.012348	0	0.404105	0.349693	0.0544117	0	0	0	
714	0.0952005	0.0826583	0.0125422	0	0.419503	0.364235	0.0552677	0	0	0	
715	0.0718752	0.0708961	0.00097916	0	0.316719	0.312405	0.00431468	0	0	0	
716	0.0831706	0.0758867	0.0072839	0	0.366493	0.334396	0.0320966	0	0	0	
717	0.100031	0.0893483	0.0106355	4.78482e-05	0.440791	0.393715	0.0468656	0.000210844	4.78364e-05	0.000210792	
718	0.122082	0.109452	0.0124286	0.000201217	0.537957	0.482304	0.054767	0.000886666	0.000202259	0.000891261	
719	0.0717238	0.0636847	0.00800895	3.01114e-05	0.316052	0.280628	0.0352916	0.000132686	3.05129e-05	0.000134456	
720	0.0629054	0.0628352	7.01983e-05	0	0.277193	0.276884	0.00030933	0	0	0	
721	0.12677	0.107608	0.0188922	0.000269515	0.558614	0.474178	0.0832492	0.00118762	0.000269605	0.00118802	
722	0.0820718	0.0818288	0.000242987	0	0.361651	0.36058	0.00107072	0	0	0	
723	0.117277	0.103276	0.0139978	3.63563e-06	0.516785	0.455088	0.0616816	1.60204e-05	3.62329e-06	1.59661e-05	
724	0.0817018	0.0814588	0.000242987	0	0.36002	0.35895	0.00107072	0	0	0	
725	0.0890593	0.0631392	0.02592	0	0.392441	0.278224	0.114217	0	0	0	
726	0.045273	0.0430462	0.00222682	0	0.199496	0.189684	0.00981254	0	0	0	
727	0.0900315	0.0898102	0.000221352	0	0.396725	0.39575	0.000975392	0	0	0	
728	0.102015	0.0862331	0.0156333	0.000149102	0.449533	0.379988	0.0688885	0.000657025	0.000166571	0.000733999	
729	0.10651	0.0783332	0.0279975	0.000179361	0.469338	0.345176	0.123371	0.000790361	0.00131303	0.00578591	
730	0.111478	0.105877	0.00560073	0	0.49123	0.46655	0.0246797	0	0	0	
731	0.131503	0.0953312	0.0355374	0.000634843	0.579473	0.420079	0.156596	0.00279744	0.00118428	0.00521856	
732	0.0855496	0.0781029	0.0074467	0	0.376976	0.344162	0.032814	0	0	0	
733	0.104417	0.0928404	0.0114677	0.000109612	0.460118	0.409103	0.0505326	0.00048301	0.000114491	0.000504507	
734	0.114387	0.10785	0.00653165	5.50638e-06	0.504052	0.475246	0.0287818	2.4264e-05	6.59466e-06	2.90595e-05	
735	0.0685592	0.0663475	0.00221166	0	0.302107	0.292361	0.00974576	0	0	0	
736	0.0575035	0.056017	0.00148655	0	0.25339	0.246839	0.00655051	0	0	0	
737	0.104845	0.0803968	0.0244484	0	0.462002	0.35427	0.107732	0	0	0	
738	0.118887	0.11424	0.00463472	1.24446e-05	0.523879	0.503402	0.020423	5.48375e-05	1.34857e-05	5.94251e-05	
739	0.0654398	0.0654398	0	0	0.288362	0.288362	0	0	0	0	
740	0.0370413	0.0370413	0	0	0.163223	0.163223	0	0	0	0	
741	0.0899369	0.0872061	0.00273078	3.14772e-08	0.396308	0.384275	0.0120332	1.38704e-07	3.02327e-07	1.33221e-06	
742	0.1416	0.124111	0.0174844	4.90058e-06	0.623966	0.546899	0.0770455	2.15945e-05	4.88795e-06	2.15388e-05	
743	0.0889216	0.0849716	0.00391948	3.04901e-05	0.391834	0.374429	0.0172712	0.000134355	3.04783e-05	0.000134303	
744	0.0576907	0.0558727	0.00181806	0	0.254215	0.246204	0.00801132	0	0	0	
745	0.123294	0.102688	0.020523	8.26578e-05	0.543297	0.452498	0.0904351	0.000364233	8.30378e-05	0.000365907	
746	0.0800425	0.0758452	0.00419045	6.79763e-06	0.352708	0.334213	0.0184653	2.99539e-05	8.47051e-06	3.73254e-05	
747	0.0869332	0.0850306	0.00190252	0	0.383072	0.374689	0.00838352	0	0	0	
748	0.0994275	0.0829922	0.016338	9.71998e-05	0.438129	0.365707	0.0719941	0.000428313	9.71882e-05	0.000428261	
749	0.119583	0.113411	0.00616619	5.30718e-06	0.526945	0.49975	0.0271714	2.33862e-05	5.29531e-06	2.33339e-05	
750	0.0920549	0.0828913	0.00916353	0	0.405641	0.365262	0.0403793	0	0	0	
751	0.293075	0.153338	0.124656	0.0150808	1.29144	0.675689	0.5493	0.0664539	0.0173671	0.0765288	
752	0.0905782	0.0770776	0.0135006	0	0.399134	0.339644	0.0594908	0	0	0	
753	0.102523	0.0933597	0.00916353	0	0.45177	0.411391	0.0403793	0	0	0	
754	0.224536	0.178093	0.0464434	0	0.989426	0.784772	0.204653	0	0	0	
755	0.110504	0.092882	0.0176223	0	0.486939	0.409286	0.0776532	0	0	0	
756	0.204829	0.115077	0.0897451	7.22853e-06	0.902585	0.50709	0.395463	3.18526e-05	7.34745e-05	0.000323767	
757	0.121891	0.0782391	0.0407854	0.00286721	0.537118	0.344762	0.179721	0.0126344	0.00338725	0.0149259	
758	0.240418	0.128971	0.111447	0	1.0594	0.568314	0.491093	0	0	0	
759	0.113156	0.071966	0.0407008	0.000489464	0.498625	0.317119	0.179349	0.00215683	0.00191747	0.00844938	
760	0.112833	0.0874827	0.0253511	0	0.497204	0.385494	0.11171	0	0	0	
761	0.122546	0.110851	0.0115615	0.00013356	0.540001	0.488467	0.0509463	0.000588536	0.000141061	0.000621588	
762	0.0511035	0.0511035	0	0	0.225188	0.225188	0	0	0	0	
763	0.0559272	0.0544165	0.00151069	0	0.246444	0.239787	0.00665692	0	0	0	
764	0.0790333	0.0773536	0.00167965	0	0.348261	0.34086	0.00740143	0	0	0	
765	0.0845127	0.0845127	0	0	0.372406	0.372406	0	0	0	0	
766	0.0483779	0.0448716	0.00346319	4.31367e-05	0.213178	0.197727	0.0152606	0.000190082	4.31249e-05	0.00019003	
767	0.0489649	0.0435058	0.00544033	1.87405e-05	0.215764	0.191709	0.0239729	8.25807e-05	3.39514e-05	0.000149607	
768	0.045795	0.0456827	0.000112285	0	0.201796	0.201302	0.000494787	0	0	0	
769	0.074717	0.0529026	0.0213779	0.000436492	0.329242	0.233116	0.0942024	0.00192341	0.000501809	0.00221123	
770	0.0764937	0.057029	0.0194647	0	0.337071	0.251299	0.0857717	0	0	0	
771	0.10225	0.0788904	0.0233605	0	0.45057	0.347632	0.102938	0	0	0	
772	0.104156	0.104105	5.13113e-05	0	0.458967	0.458741	0.000226104	0	0	0	
773	0.107459	0.0912656	0.0161563	3.76183e-05	0.473522	0.402163	0.0711934	0.000165765	7.35665e-05	0.000324172	
774	0.0782629	0.0782629	0	0	0.344867	0.344867	0	0	0	0	
775	0.0762667	0.0762667	0	0	0.33607	0.33607	0	0	0	0	
776	0.0654273	0.0654273	0	0	0.288306	0.288306	0	0	0	0	
777	0.0749288	0.0749288	0	0	0.330175	0.330175	0	0	0	0	
778	0.0930304	0.0930304	0	0	0.40994	0.40994	0	0	0	0	
779	0.151146	0.111649	0.0394967	0	0.666027	0.491984	0.174043	0	0	0	
780	0.050045	0.0438394	0.00620556	0	0.220524	0.193179	0.0273449	0	0	0	
781	0.0541206	0.042832	0.0112886	0	0.238483	0.18874	0.0497436	0	0	0	
782	0.107017	0.095947	0.0110704	0	0.471574	0.422792	0.0487822	0	0	0	
783	0.242187	0.136009	0.0964291	0.00974895	1.0672	0.599329	0.424916	0.0429589	0.0123049	0.0542219	
784	0.0723502	0.0723502	0	0	0.318812	0.318812	0	0	0	0	
785	0.116715	0.0759832	0.0407318	0	0.514307	0.334821	0.179485	0	0	0	
786	0.137509	0.0957189	0.0410536	0.000736663	0.605936	0.421787	0.180903	0.00324612	0.00143369	0.0063176	
787	0.182305	0.0847772	0.0964464	0.00108134	0.80333	0.373572	0.424993	0.00476495	0.00376343	0.0165836	
788	0.138576	0.0924286	0.0461464	1.89191e-06	0.610642	0.407288	0.203345	8.33677e-06	2.09654e-05	9.23847e-05	
789	0.103682	0.103682	0	0	0.456878	0.456878	0	0	0	0	
790	0.12581	0.0852941	0.0405164	0	0.554386	0.37585	0.178536	0	0	0	
791	0.129833	0.088093	0.0411564	0.000583774	0.572112	0.388183	0.181356	0.00257241	0.00146282	0.00644594	
792	0.0943988	0.0833284	0.0110704	0	0.41597	0.367188	0.0487822	0	0	0	
793	0.239289	0.14895	0.085685	0.00465379	1.05443	0.656354	0.377572	0.020507	0.00509961	0.0224715	
794	0.104092	0.0905917	0.0135006	0	0.458685	0.399194	0.0594908	0	0	0	
795	0.12534	0.106773	0.0185324	3.47121e-05	0.552317	0.4705	0.0816636	0.000152959	0.000105823	0.000466315	
796	0.0958139	0.09487	0.000943889	0	0.422205	0.418046	0.00415926	0	0	0	
797	0.0559774	0.0538736	0.00210377	0	0.246665	0.237395	0.00927034	0	0	0	
798	0.172665	0.105	0.0669563	0.000709007	0.760855	0.462686	0.295044	0.00312425	0.00124772	0.00549813	
799	0.157644	0.130805	0.026839	0	0.694663	0.576397	0.118266	0	0	0	
800	0.194438	0.160602	0.0337414	9.52623e-05	0.856798	0.707695	0.148682	0.000419775	0.000104224	0.000459267	
801	0.15004	0.0862642	0.0637455	3.0687e-05	0.661156	0.380124	0.280896	0.000135223	0.000102254	0.000450585	
802	0.112378	0.087352	0.0250136	1.29499e-05	0.495198	0.384918	0.110222	5.70644e-05	1.7762e-05	7.82687e-05	
803	0.0842684	0.0842684	0	0	0.37133	0.37133	0	0	0	0	
804	0.182717	0.152785	0.0299224	9.69458e-06	0.805147	0.67325	0.131853	4.27193e-05	9.68228e-06	4.26651e-05	
805	0.176662	0.145579	0.0310375	4.53455e-05	0.778467	0.6415	0.136767	0.000199816	4.53342e-05	0.000199766	
806	0.14219	0.108181	0.0337702	0.00023891	0.626567	0.476705	0.148809	0.00105276	0.000269377	0.00118701	
807	0.127254	0.12073	0.0064617	6.26616e-05	0.560751	0.532001	0.0284736	0.000276119	6.59927e-05	0.000290798	
808	0.167977	0.154395	0.0135557	2.55875e-05	0.740194	0.680348	0.0597336	0.000112752	2.55752e-05	0.000112697	
809	0.16654	0.113511	0.0529518	7.76879e-05	0.733864	0.500189	0.233333	0.000342333	0.000156674	0.00069039	
810	0.078853	0.078853	0	0	0.347467	0.347467	0	0	0	0	
811	0.128325	0.0982438	0.0300607	2.10334e-05	0.565469	0.432913	0.132463	9.26845e-05	2.65275e-05	0.000116893	
812	0.155364	0.11346	0.0414611	0.000442993	0.684616	0.499965	0.182699	0.00195205	0.0010161	0.00447748	
813	0.0646964	0.0646964	0	0	0.285086	0.285086	0	0	0	0	
814	0.0861749	0.0824186	0.00375634	0	0.379731	0.363179	0.0165524	0	0	0	
815	0.144223	0.134143	0.00999911	8.05379e-05	0.635522	0.591106	0.0440612	0.000354891	8.05257e-05	0.000354838	
816	0.214177	0.157573	0.0562886	0.000315427	0.943777	0.69435	0.248036	0.00138993	0.000567604	0.00250116	
817	0.146112	0.0982803	0.047495	0.000337012	0.643847	0.433074	0.209287	0.00148505	0.00104176	0.00459055	
818	0.179144	0.125658	0.0529292	0.000556928	0.789402	0.553714	0.233233	0.00245411	0.00112423	0.00495395	
819	0.0677095	0.0677095	0	0	0.298363	0.298363	0	0	0	0	
820	0.0949165	0.0917716	0.00314488	0	0.418251	0.404393	0.013858	0	0	0	
821	0.0278743	0.0278705	3.76613e-06	0	0.122828	0.122812	1.65955e-05	0	0	0	
822	0.0920211	0.0852062	0.00681486	0	0.405492	0.375463	0.0300298	0	0	0	
823	0.0640941	0.0596635	0.00435166	7.89785e-05	0.282432	0.262908	0.0191756	0.00034802	7.89667e-05	0.000347968	
824	0.120922	0.120893	2.87992e-05	0	0.532845	0.532718	0.000126904	0	0	0	
825	0.0798328	0.0793927	0.000440149	0	0.351785	0.349845	0.00193952	0	0	0	
826	0.120223	0.107246	0.0129768	0	0.529766	0.472584	0.0571825	0	0	0	
827	0.0854695	0.0850006	0.000468816	7.79476e-08	0.376623	0.374556	0.00206584	3.43478e-07	6.6117e-08	2.91346e-07	
828	0.146335	0.104733	0.0415766	2.58966e-05	0.64483	0.461508	0.183208	0.000114114	3.51445e-05	0.000154864	
829	0.134833	0.10261	0.0322211	1.51068e-06	0.594146	0.452156	0.141983	6.65686e-06	3.47758e-06	1.5324e-05	
830	0.155789	0.135308	0.0204809	0	0.686488	0.596238	0.0902497	0	0	0	
831	0.101686	0.101686	0	0	0.448081	0.448081	0	0	0	0	
832	0.0857281	0.084717	0.00101105	6.3939e-08	0.377762	0.373307	0.00445523	2.81748e-07	3.64957e-07	1.60819e-06	
833	0.0904023	0.0893239	0.00107828	8.3427e-08	0.398359	0.393607	0.00475147	3.67622e-07	7.23965e-08	3.19016e-07	
834	0.0994485	0.0989104	0.000538098	0	0.438221	0.43585	0.00237114	0	0	0	
835	0.0989607	0.0975623	0.00139835	0	0.436072	0.42991	0.00616188	0	0	0	
836	0.140642	0.117349	0.0232082	8.49873e-05	0.619743	0.517101	0.102267	0.000374498	8.79732e-05	0.000387655	
837	0.125783	0.121329	0.00442267	3.14489e-05	0.554269	0.534642	0.0194885	0.00013858	3.15572e-05	0.000139057	
838	0.120476	0.0982452	0.0222006	3.05637e-05	0.530881	0.432919	0.0978275	0.000134679	4.60842e-05	0.000203071	
839	0.204568	0.153792	0.0500944	0.000681777	0.901436	0.67769	0.220742	0.00300426	0.000756882	0.00333521	
840	0.105802	0.0773574	0.0284448	0	0.466219	0.340877	0.125342	0	0	0	
841	0.111896	0.0806398	0.0310064	0.000250201	0.493073	0.35534	0.13663	0.00110251	0.000260836	0.00114938	
842	0.10758	0.0987742	0.00880608	0	0.474054	0.43525	0.0388041	0	0	0	
843	0.13944	0.122449	0.0167814	0.000210128	0.614449	0.539575	0.0739476	0.000925933	0.00021394	0.000942734	
844	0.137275	0.110854	0.0264003	2.04977e-05	0.604906	0.488482	0.116333	9.03238e-05	2.04865e-05	9.02742e-05	
845	0.174635	0.13561	0.0377279	0.00129733	0.769533	0.597568	0.166249	0.00571672	0.00130017	0.00572922	
846	0.101881	0.0946352	0.00724586	0	0.44894	0.417011	0.031929	0	0	0	
847	0.117649	0.0964965	0.0211378	1.49381e-05	0.518423	0.425213	0.0931442	6.58251e-05	1.55675e-05	6.85986e-05	
848	0.106862	0.103427	0.00343498	0	0.470892	0.455755	0.0151363	0	0	0	
849	0.100662	0.0974538	0.00320867	0	0.443571	0.429432	0.014139	0	0	0	
850	0.080676	0.0806383	3.77947e-05	0	0.3555	0.355334	0.000166543	0	0	0	
851	0.0649709	0.0649709	0	0	0.286295	0.286295	0	0	0	0	
852	0.0919645	0.0853476	0.00660361	1.32629e-05	0.405243	0.376086	0.0290989	5.84433e-05	1.54279e-05	6.79836e-05	
853	0.107559	0.104113	0.00344563	0	0.473961	0.458778	0.0151832	0	0	0	
854	0.10087	0.0951181	0.00575057	1.55531e-06	0.444486	0.41914	0.02534	6.85353e-06	2.49487e-06	1.09937e-05	
855	0.112826	0.0938071	0.0181562	0.000863599	0.497174	0.413363	0.0800058	0.00380546	0.000863588	0.00380541	
856	0.114956	0.104279	0.0106775	0	0.506558	0.459507	0.0470509	0	0	0	
857	0.0637591	0.0637591	0	0	0.280955	0.280955	0	0	0	0	
858	0.103421	0.0858902	0.0175308	0	0.455726	0.378476	0.0772499	0	0	0	
859	0.128145	0.11257	0.0155755	0	0.564677	0.496043	0.0686339	0	0	0	
860	0.0952638	0.0845862	0.0106775	0	0.419781	0.37273	0.0470509	0	0	0	
861	0.0870403	0.0867549	0.000285419	0	0.383544	0.382287	0.0012577	0	0	0	
862	0.115805	0.0792591	0.0364702	7.651e-05	0.5103	0.349256	0.160707	0.000337142	0.000102625	0.000452223	
863	0.119958	0.115635	0.00432245	0	0.528597	0.50955	0.0190469	0	0	0	
864	0.10678	0.0956544	0.0111256	0	0.470528	0.421503	0.0490251	0	0	0	
865	0.117535	0.117195	0.000339813	0	0.517923	0.516426	0.00149739	0	0	0	
866	0.0766825	0.0761632	0.000519292	0	0.337902	0.335614	0.00228827	0	0	0	
867	0.0867877	0.0867877	0	0	0.382432	0.382432	0	0	0	0	
868	0.105392	0.100195	0.0051886	7.8032e-06	0.464412	0.441514	0.0228636	3.43849e-05	8.2021e-06	3.61427e-05	
869	0.0953892	0.094846	0.000542912	2.90726e-07	0.420334	0.417941	0.00239235	1.28109e-06	2.78899e-07	1.22897e-06	
870	0.132051	0.126543	0.00550787	8.02796e-07	0.581889	0.557615	0.0242705	3.53753e-06	7.90812e-07	3.48473e-06	
871	0.108096	0.0991414	0.00893478	2.03895e-05	0.476329	0.436868	0.0393712	8.9847e-05	2.03775e-05	8.97941e-05	
872	0.042014	0.042014	0	0	0.185135	0.185135	0	0	0	0	
873	0.100256	0.100256	0	0	0.441783	0.441783	0	0	0	0	
874	0.105785	0.0911958	0.0145892	0	0.466144	0.401856	0.0642878	0	0	0	
875	0.0818693	0.0817856	8.36222e-05	0	0.360758	0.36039	0.000368482	0	0	0	
876	0.0446176	0.0446176	0	0	0.196608	0.196608	0	0	0	0	
877	0.100188	0.0879531	0.0122163	1.87582e-05	0.441481	0.387567	0.0538316	8.26587e-05	1.87467e-05	8.2608e-05	
878	0.100426	0.0997299	0.000696379	0	0.44253	0.439461	0.0030686	0	0	0	
879	0.0875629	0.0875629	0	0	0.385847	0.385847	0	0	0	0	
880	0.0931081	0.0880175	0.0050905	0	0.410282	0.387851	0.0224314	0	0	0	
881	0.0807361	0.0796352	0.00109822	2.70655e-06	0.355765	0.350914	0.00483936	1.19264e-05	2.69473e-06	1.18743e-05	
882	0.0924424	0.0897995	0.00264022	2.72517e-06	0.407349	0.395703	0.0116342	1.20085e-05	2.78944e-06	1.22917e-05	
883	0.0594972	0.0594972	0	0	0.262175	0.262175	0	0	0	0	
884	0.0791255	0.0791255	0	0	0.348668	0.348668	0	0	0	0	
885	0.0898847	0.0898847	0	0	0.396079	0.396079	0	0	0	0	
886	0.102599	0.102139	0.000459632	0	0.452105	0.450079	0.00202538	0	0	0	
887	0.0663843	0.0663843	0	0	0.292523	0.292523	0	0	0	0	
888	0.0972261	0.0972261	0	0	0.428429	0.428429	0	0	0	0	
889	0.0649418	0.0648911	5.07007e-05	0	0.286167	0.285944	0.000223413	0	0	0	
890	0.0944028	0.0920232	0.00237686	2.72658e-06	0.415987	0.405502	0.0104737	1.20147e-05	2.71483e-06	1.19629e-05	
891	0.041844	0.0414461	0.000397875	0	0.184386	0.182633	0.00175324	0	0	0	
892	0.0587948	0.0587948	0	0	0.25908	0.25908	0	0	0	0	
893	0.0872621	0.0872621	0	0	0.384522	0.384522	0	0	0	0	
894	0.0847786	0.0841309	0.000647715	0	0.373578	0.370724	0.00285416	0	0	0	
895	0.080381	0.080381	0	0	0.3542	0.3542	0	0	0	0	
896	0.0798164	0.0791686	0.000647715	0	0.351712	0.348858	0.00285416	0	0	0	
897	0.0744914	0.0720219	0.00246936	1.40224e-07	0.328247	0.317366	0.0108812	6.17901e-07	1.28547e-07	5.66444e-07	
898	0.0734671	0.0734671	0	0	0.323734	0.323734	0	0	0	0	
899	0.0988682	0.0961264	0.00274181	0	0.435664	0.423582	0.0120818	0	0	0	
900	0.0822465	0.0822465	0	0	0.36242	0.36242	0	0	0	0	
901	0.19795	0.112925	0.0841033	0.000922027	0.872273	0.497607	0.370603	0.00406293	0.0010886	0.00479697	
902	0.0764547	0.0755844	0.000870295	0	0.336899	0.333064	0.00383497	0	0	0	
903	0.219394	0.116817	0.102506	7.01838e-05	0.966765	0.514759	0.451696	0.000309266	0.00044288	0.00195155	
904	0.0682052	0.0682052	0	0	0.300547	0.300547	0	0	0	0	
905	0.166934	0.0934557	0.0734784	0	0.735598	0.411814	0.323783	0	0	0	
906	0.20103	0.131502	0.0689961	0.000531787	0.885845	0.579468	0.304032	0.00234333	0.00138669	0.00611048	
907	0.0808905	0.0808905	0	0	0.356445	0.356445	0	0	0	0	
908	0.10958	0.100005	0.00957348	1.81622e-06	0.482869	0.440675	0.0421857	8.00324e-06	3.65516e-06	1.61065e-05	
909	0.108213	0.106313	0.00190068	0	0.476846	0.46847	0.00837541	0	0	0	
910	0.115389	0.0908788	0.0245035	6.6114e-06	0.508463	0.400459	0.107975	2.91332e-05	6.66326e-06	2.93618e-05	
911	0.124191	0.107468	0.0164208	0.000302548	0.547254	0.473562	0.0723586	0.00133318	0.000302536	0.00133313	
912	0.109203	0.0966679	0.0125346	8.26473e-07	0.481206	0.425968	0.0552341	3.64187e-06	1.06602e-06	4.69744e-06	
913	0.114569	0.0995202	0.0149807	6.89943e-05	0.504854	0.438537	0.0660128	0.000304024	0.000130817	0.000576449	
914	0.0773396	0.0773396	0	0	0.340798	0.340798	0	0	0	0	
915	0.124694	0.0924907	0.0321711	3.28351e-05	0.549469	0.407562	0.141762	0.000144688	3.48921e-05	0.000153752	
916	0.107755	0.107755	0	0	0.474825	0.474825	0	0	0	0	
917	0.118823	0.0933644	0.0254424	1.68281e-05	0.523599	0.411412	0.112112	7.41537e-05	5.11997e-05	0.000225612	
918	0.1259	0.0897097	0.0358712	0.000319183	0.554781	0.395307	0.158067	0.00140648	0.000732758	0.00322891	
919	0.095303	0.0869799	0.00830472	1.83575e-05	0.419954	0.383278	0.0365949	8.0893e-05	1.83457e-05	8.0841e-05	
920	0.113554	0.0865418	0.0268531	0.000159194	0.500378	0.381348	0.118328	0.000701493	0.000209195	0.000921825	
921	0.0386428	0.0386428	0	0	0.17028	0.17028	0	0	0	0	
922	0.0193669	0.0193106	5.63686e-05	0	0.0853409	0.0850925	0.000248389	0	0	0	
923	0.0609657	0.0597143	0.00124924	2.14166e-06	0.268646	0.263132	0.0055048	9.43726e-06	2.12986e-06	9.38528e-06	
924	0.0648506	0.0521409	0.0126972	1.24606e-05	0.285765	0.22976	0.0559505	5.49078e-05	1.29894e-05	5.72384e-05	
925	0.0517412	0.0452323	0.00650731	1.62225e-06	0.227998	0.199317	0.0286746	7.14851e-06	1.93255e-05	8.51582e-05	
926	0.0703273	0.0593489	0.0109587	1.96022e-05	0.309898	0.261522	0.0482901	8.63778e-05	1.959e-05	8.63238e-05	
927	0.0799913	0.0779846	0.0019972	9.51117e-06	0.352483	0.34364	0.00880071	4.19111e-05	9.49939e-06	4.18592e-05	
928	0.105443	0.0959986	0.00944488	0	0.464639	0.423019	0.041619	0	0	0	
929	0.0444598	0.043392	0.00106781	0	0.195913	0.191207	0.00470532	0	0	0	
930	0.076392	0.0754526	0.000939371	0	0.336622	0.332483	0.00413935	0	0	0	
931	0.0924406	0.0833389	0.00905302	4.861e-05	0.407341	0.367234	0.0398923	0.0002142	4.85984e-05	0.00021415	
932	0.0853363	0.0849149	0.000421381	0	0.376036	0.374179	0.00185682	0	0	0	
933	0.0481587	0.0481587	0	0	0.212212	0.212212	0	0	0	0	
934	0.0478864	0.0458846	0.00199636	5.41793e-06	0.211012	0.202191	0.00879703	2.38742e-05	5.4062e-06	2.38225e-05	
935	0.0936371	0.0784399	0.0151971	0	0.412613	0.345647	0.0669666	0	0	0	
936	0.076932	0.076523	0.000408995	0	0.339002	0.3372	0.00180224	0	0	0	
937	0.0624745	0.0624745	0	0	0.275295	0.275295	0	0	0	0	
938	0.067964	0.067964	0	0	0.299484	0.299484	0	0	0	0	
939	0.0740047	0.0735955	0.000409236	0	0.326103	0.324299	0.0018033	0	0	0	
940	0.0774137	0.0751952	0.00220867	9.82026e-06	0.341125	0.331349	0.00973257	4.32731e-05	9.80852e-06	4.32214e-05	
941	0.0693847	0.0693846	0	0	0.305744	0.305744	0	0	0	0	
942	0.071515	0.071515	0	0	0.315132	0.315132	0	0	0	0	
943	0.0810007	0.0810007	0	0	0.356931	0.356931	0	0	0	0	
944	0.064636	0.0642267	0.000409236	0	0.284819	0.283016	0.0018033	0	0	0	
945	0.0639436	0.0639436	0	0	0.281769	0.281769	0	0	0	0	
946	0.067207	0.0662631	0.000943889	0	0.296149	0.291989	0.00415926	0	0	0	
947	0.0967547	0.0967547	0	0	0.426351	0.426351	0	0	0	0	
948	0.06438	0.0547924	0.00958761	0	0.283692	0.241444	0.042248	0	0	0	
949	0.0653766	0.0653766	0	0	0.288083	0.288083	0	0	0	0	
950	0.0869726	0.0869726	0	0	0.383246	0.383246	0	0	0	0	
951	0.11721	0.11721	0	0	0.516488	0.516488	0	0	0	0	
952	0.0517326	0.0500192	0.00171338	0	0.22796	0.22041	0.00755005	0	0	0	
953	0.0543802	0.0538653	0.000514911	0	0.239627	0.237358	0.00226896	0	0	0	
954	0.0883943	0.0873158	0.00107852	0	0.389511	0.384759	0.00475254	0	0	0	
955	0.0900295	0.0900295	0	0	0.396716	0.396716	0	0	0	0	
956	0.0543305	0.0502266	0.00410389	0	0.239408	0.221324	0.0180838	0	0	0	
957	0.0798093	0.0798093	0	0	0.351681	0.351681	0	0	0	0	
958	0.081333	0.0700442	0.0112888	0	0.358395	0.308651	0.0497443	0	0	0	
959	0.0918961	0.0918961	0	0	0.404941	0.404941	0	0	0	0	
960	0.0572576	0.0572576	0	0	0.252306	0.252306	0	0	0	0	
961	0.0786856	0.075705	0.00298063	0	0.346729	0.333595	0.0131342	0	0	0	
962	0.0990076	0.0989724	3.52626e-05	0	0.436279	0.436123	0.000155385	0	0	0	
963	0.147254	0.147207	4.68751e-05	0	0.648879	0.648673	0.000206556	0	0	0	
964	0.106462	0.105383	0.00107852	0	0.469127	0.464375	0.00475254	0	0	0	
965	0.151175	0.0971657	0.0540097	0	0.666157	0.428162	0.237994	0	0	0	
966	0.156671	0.102652	0.054016	2.64772e-06	0.690376	0.452342	0.238022	1.16672e-05	2.63431e-06	1.16081e-05	
967	0.0447653	0.0447653	0	0	0.197259	0.197259	0	0	0	0	
968	0.0713523	0.0713523	0	0	0.314415	0.314415	0	0	0	0	
969	0.193603	0.17959	0.014013	0	0.853118	0.79137	0.0617488	0	0	0	
970	0.188005	0.175346	0.0126251	3.37273e-05	0.82845	0.772669	0.0556328	0.00014862	3.78414e-05	0.000166749	
