Node	dPC	dPCintra	dPCflux	dPCconnector	varPC	varPCintra	varPCflux	varPCconnector	dBC_PC	varBC_PC	
1	0.171565	0.165844	0.00571441	6.44292e-06	0.76204	0.736629	0.0253816	2.86174e-05	6.42186e-06	2.85238e-05	
2	0.0881318	0.0834849	0.00464649	4.20129e-07	0.391454	0.370813	0.0206382	1.86608e-06	3.99224e-07	1.77322e-06	
3	0.0927341	0.0817869	0.0109461	1.04401e-06	0.411895	0.363271	0.0486192	4.63717e-06	3.75229e-06	1.66665e-05	
4	0.0574149	0.0574149	0	0	0.255019	0.255019	0	0	0	0	
5	0.116647	0.106242	0.0104003	4.56082e-06	0.51811	0.471894	0.0461951	2.02577e-05	7.39923e-06	3.2865e-05	
6	0.0913768	0.0894867	0.00188448	5.59671e-06	0.405867	0.397471	0.00837028	2.48588e-05	5.57596e-06	2.47666e-05	
7	0.0899093	0.0861886	0.00372036	3.44331e-07	0.399348	0.382822	0.0165246	1.52941e-06	3.23672e-07	1.43765e-06	
8	0.125927	0.103	0.0229274	0	0.559331	0.457494	0.101836	0	0	0	
9	0.0905601	0.0866178	0.00394232	0	0.402239	0.384729	0.0175105	0	0	0	
10	0.0602878	0.0593397	0.000948161	0	0.267779	0.263568	0.00421143	0	0	0	
11	0.0846815	0.0792043	0.00546777	9.48088e-06	0.376128	0.3518	0.0242861	4.2111e-05	9.45995e-06	4.20181e-05	
12	0.0994949	0.0945888	0.00489982	6.35246e-06	0.441925	0.420133	0.0217634	2.82156e-05	6.33305e-06	2.81294e-05	
13	0.103198	0.103198	0	0	0.458377	0.458377	0	0	0	0	
14	0.0835834	0.0835796	3.84444e-06	0	0.371251	0.371234	1.70758e-05	0	0	0	
15	0.0973548	0.092917	0.00442939	8.45348e-06	0.432419	0.412708	0.0196739	3.75477e-05	8.43281e-06	3.74559e-05	
16	0.07344	0.07344	0	0	0.326197	0.326197	0	0	0	0	
17	0.08704	0.0846736	0.00236643	0	0.386604	0.376093	0.0105109	0	0	0	
18	0.0735402	0.0723082	0.00122906	2.89831e-06	0.326642	0.32117	0.00545911	1.28733e-05	2.87755e-06	1.27811e-05	
19	0.0886734	0.0844863	0.00418706	0	0.393859	0.375261	0.0185976	0	0	0	
20	0.0592504	0.0592504	0	0	0.263171	0.263171	0	0	0	0	
21	0.0856357	0.0819289	0.00368755	1.93134e-05	0.380367	0.363902	0.0163789	8.57843e-05	2.27421e-05	0.000101013	
22	0.0899225	0.0877621	0.00215984	5.34104e-07	0.399407	0.389811	0.00959335	2.37232e-06	5.13309e-07	2.27995e-06	
23	0.0986854	0.0951715	0.00349558	1.82747e-05	0.438329	0.422722	0.0155262	8.11705e-05	2.03357e-05	9.03248e-05	
24	0.0670992	0.0652344	0.00186478	0	0.298033	0.289751	0.00828279	0	0	0	
25	0.122247	0.115787	0.00639636	6.31107e-05	0.542982	0.514291	0.0284106	0.000280318	6.3093e-05	0.000280239	
26	0.0859209	0.0844692	0.00145164	0	0.381633	0.375185	0.00644775	0	0	0	
27	0.0820732	0.0764037	0.00564824	2.1228e-05	0.364543	0.339361	0.0250877	9.42882e-05	2.81081e-05	0.000124847	
28	0.0632914	0.0622521	0.00103929	0	0.28112	0.276504	0.00461623	0	0	0	
29	0.10876	0.101499	0.00726108	0	0.483081	0.450829	0.0322514	0	0	0	
30	0.173432	0.149175	0.0240831	0.000173681	0.770333	0.662592	0.106969	0.000771439	0.000266361	0.00118309	
31	0.145601	0.138725	0.00687482	1.4351e-06	0.646715	0.616173	0.0305358	6.37426e-06	1.41433e-06	6.28202e-06	
32	0.143569	0.139189	0.00437988	0	0.63769	0.618236	0.019454	0	0	0	
33	0.0805392	0.0768197	0.00371951	0	0.35773	0.341209	0.0165209	0	0	0	
34	0.108071	0.0973734	0.0106747	2.35729e-05	0.48002	0.432502	0.0474139	0.000104703	2.81434e-05	0.000125004	
35	0.0739708	0.0611022	0.0126152	0.000253363	0.328554	0.271396	0.0560328	0.00112536	0.000257289	0.00114279	
36	0.0845419	0.0813438	0.00319808	0	0.375508	0.361303	0.0142048	0	0	0	
37	0.174675	0.0952001	0.0786455	0.000829701	0.775852	0.422848	0.349318	0.00368527	0.00605413	0.0268905	
38	0.0797742	0.0785947	0.00117949	0	0.354332	0.349093	0.00523892	0	0	0	
39	0.0912391	0.0840926	0.00714249	3.96412e-06	0.405255	0.373513	0.0317247	1.76074e-05	8.36445e-06	3.71522e-05	
40	0.104243	0.101183	0.00305287	7.35408e-06	0.463016	0.449424	0.0135599	3.26645e-05	7.51468e-06	3.33778e-05	
41	0.10109	0.0961466	0.00491932	2.41649e-05	0.44901	0.427053	0.02185	0.000107332	2.41442e-05	0.000107241	
42	0.0762755	0.0741055	0.00216995	0	0.338791	0.329153	0.00963824	0	0	0	
43	0.0565345	0.0554575	0.00107694	0	0.251108	0.246325	0.00478345	0	0	0	
44	0.0650435	0.0647485	0.000294972	0	0.288902	0.287592	0.00131017	0	0	0	
45	0.0570374	0.0522584	0.00477898	0	0.253342	0.232115	0.0212267	0	0	0	
46	0.0923113	0.0853187	0.00699265	0	0.410017	0.378958	0.0310591	0	0	0	
47	0.136336	0.135154	0.00118221	0	0.605563	0.600312	0.00525101	0	0	0	
48	0.101778	0.0852225	0.0165563	0	0.452069	0.378531	0.0735382	0	0	0	
49	0.165777	0.158729	0.0070428	5.99564e-06	0.736333	0.705025	0.0312818	2.66307e-05	1.0492e-05	4.66024e-05	
50	0.104119	0.0954867	0.00862827	4.61957e-06	0.462466	0.424122	0.038324	2.05187e-05	4.61744e-06	2.05092e-05	
51	0.085332	0.0848644	0.000467588	0	0.379017	0.376941	0.00207687	0	0	0	
52	0.0788974	0.076413	0.00248447	0	0.350437	0.339402	0.0110352	0	0	0	
53	0.0980461	0.0951874	0.00285117	7.57784e-06	0.435489	0.422792	0.012664	3.36584e-05	8.96638e-06	3.98258e-05	
54	0.0969456	0.0909686	0.00596861	8.43793e-06	0.430602	0.404053	0.0265107	3.74786e-05	1.11321e-05	4.94453e-05	
55	0.100511	0.0929829	0.00751431	1.4508e-05	0.446441	0.413	0.0333762	6.44399e-05	1.80893e-05	8.0347e-05	
56	0.118161	0.112317	0.00584304	4.71098e-07	0.524834	0.498879	0.0259529	2.09247e-06	1.25674e-06	5.58208e-06	
57	0.102084	0.101023	0.00106014	7.98153e-07	0.453425	0.448712	0.00470882	3.54514e-06	7.99637e-07	3.55173e-06	
58	0.124441	0.0915743	0.0327891	7.8514e-05	0.552732	0.406744	0.145638	0.000348734	0.000150149	0.000666914	
59	0.17885	0.112364	0.0664737	1.17356e-05	0.794395	0.499087	0.295255	5.21261e-05	1.42958e-05	6.34975e-05	
60	0.0755594	0.0738111	0.00174827	0	0.335611	0.327845	0.00776529	0	0	0	
61	0.0875699	0.0873866	0.000183265	0	0.388957	0.388143	0.000814009	0	0	0	
62	0.101607	0.0936864	0.0078889	3.22468e-05	0.451308	0.416125	0.03504	0.00014323	3.70794e-05	0.000164695	
63	0.133069	0.0941724	0.038748	0.0001491	0.591053	0.418284	0.172106	0.000662256	0.00017163	0.000762329	
64	0.0978254	0.097086	0.000738824	5.31183e-07	0.434509	0.431225	0.00328162	2.35934e-06	5.10417e-07	2.26711e-06	
65	0.111202	0.102852	0.00831748	3.27752e-05	0.493926	0.456837	0.0369436	0.000145577	3.69062e-05	0.000163926	
66	0.114676	0.1012	0.0134755	0	0.509355	0.449501	0.059854	0	0	0	
67	0.162914	0.137707	0.0250886	0.000118277	0.723616	0.611654	0.111436	0.00052535	0.000162828	0.000723231	
68	0.110405	0.0800791	0.0303158	1.00337e-05	0.490384	0.355686	0.134653	4.45666e-05	1.58397e-05	7.03549e-05	
69	0.1184	0.114056	0.00433599	7.60306e-06	0.525896	0.506603	0.0192591	3.37704e-05	1.37243e-05	6.09592e-05	
70	0.0821407	0.0765511	0.00556418	2.55039e-05	0.364843	0.340015	0.0247143	0.00011328	2.88605e-05	0.000128189	
71	0.0665982	0.0443021	0.022296	0	0.295808	0.196775	0.0990322	0	0	0	
72	0.16984	0.12981	0.0399296	0.000100922	0.754378	0.576575	0.177354	0.000448267	0.000138145	0.000613598	
73	0.0757434	0.0598131	0.015926	4.33875e-06	0.336428	0.265671	0.0707383	1.92713e-05	7.19666e-06	3.19653e-05	
74	0.146076	0.106259	0.039636	0.000180698	0.648826	0.471973	0.17605	0.000802605	0.000209866	0.000932159	
75	0.181559	0.143172	0.0380928	0.00029365	0.806428	0.635927	0.169196	0.0013043	0.000338734	0.00150454	
76	0.162488	0.14062	0.0216528	0.000214657	0.721721	0.624593	0.0961752	0.000953441	0.000240609	0.00106871	
77	0.0894366	0.0891671	0.000269546	0	0.397249	0.396052	0.00119724	0	0	0	
78	0.156813	0.0982242	0.0585643	2.46559e-05	0.696514	0.436281	0.260124	0.000109513	3.48034e-05	0.000154585	
79	0.155593	0.136337	0.0191037	0.000152522	0.691098	0.605568	0.0848527	0.000677456	0.000180374	0.000801168	
80	0.139565	0.124512	0.0150188	3.46071e-05	0.619906	0.553044	0.0667089	0.000153714	4.01721e-05	0.000178431	
81	0.109407	0.105666	0.00374117	0	0.485954	0.469337	0.0166171	0	0	0	
82	0.272889	0.160271	0.111479	0.00113908	1.21208	0.711875	0.495154	0.00505945	0.00163264	0.00725171	
83	0.163599	0.124505	0.0390469	4.7793e-05	0.726659	0.553012	0.173434	0.000212281	4.95568e-05	0.000220115	
84	0.125145	0.0956554	0.029485	5.07618e-06	0.555857	0.424871	0.130963	2.25467e-05	8.88085e-06	3.94459e-05	
85	0.15509	0.100549	0.0545413	0	0.688864	0.446609	0.242255	0	0	0	
86	0.167901	0.145404	0.0223728	0.000124669	0.745766	0.645839	0.0993732	0.000553741	0.000220988	0.00098156	
87	0.0833643	0.0771784	0.00618594	0	0.370278	0.342802	0.027476	0	0	0	
88	0.0844209	0.0811793	0.00324153	0	0.37497	0.360573	0.0143978	0	0	0	
89	0.0773269	0.0765304	0.000796524	0	0.343461	0.339923	0.00353791	0	0	0	
90	0.106363	0.0982566	0.00808091	2.55456e-05	0.472431	0.436425	0.0358928	0.000113465	2.6157e-05	0.000116181	
91	0.107955	0.101809	0.00614614	0	0.479506	0.452207	0.0272992	0	0	0	
92	0.0854788	0.0834022	0.00207659	0	0.379669	0.370446	0.00922359	0	0	0	
93	0.0977727	0.0897776	0.00799511	0	0.434275	0.398764	0.0355117	0	0	0	
94	0.0940338	0.0853009	0.00873296	0	0.417668	0.378879	0.038789	0	0	0	
95	0.152253	0.130784	0.021468	1.12179e-06	0.676261	0.580902	0.0953541	4.98267e-06	1.41973e-06	6.30599e-06	
96	0.210883	0.15873	0.052096	5.69221e-05	0.936677	0.70503	0.231394	0.00025283	8.26118e-05	0.000366935	
97	0.11138	0.0942135	0.0171606	6.80576e-06	0.494719	0.418466	0.0762222	3.0229e-05	7.94831e-06	3.53038e-05	
98	0.106644	0.0891477	0.0174947	2.31217e-06	0.473682	0.395965	0.077706	1.02699e-05	2.48031e-06	1.10167e-05	
99	0.106956	0.0999499	0.00700621	2.77569e-07	0.475066	0.443946	0.0311193	1.23287e-06	5.13762e-07	2.28196e-06	
100	0.0989746	0.0918914	0.00707679	6.51504e-06	0.439614	0.408152	0.0314328	2.89377e-05	9.91805e-06	4.40528e-05	
101	0.147351	0.144165	0.00318574	0	0.654489	0.640339	0.01415	0	0	0	
102	0.147576	0.107162	0.0403914	2.21218e-05	0.655486	0.475982	0.179405	9.82582e-05	2.47081e-05	0.000109745	
103	0.0772359	0.0732534	0.00398249	0	0.343057	0.325368	0.017689	0	0	0	
104	0.104955	0.0832258	0.0217137	1.58852e-05	0.466178	0.369662	0.0964455	7.05571e-05	2.18873e-05	9.72166e-05	
105	0.0951438	0.0861404	0.00881112	0.00019231	0.422599	0.382608	0.0391362	0.000854183	0.000194541	0.000864091	
106	0.133763	0.11143	0.0223231	1.03719e-05	0.594136	0.494938	0.0991524	4.60688e-05	1.36128e-05	6.0464e-05	
107	0.246075	0.146557	0.0991855	0.000333305	1.09299	0.65096	0.44055	0.00148043	0.000465264	0.00206655	
108	0.105233	0.0968243	0.00838486	2.43497e-05	0.467414	0.430063	0.0372429	0.000108154	3.14047e-05	0.000139489	
109	0.132167	0.108	0.0238936	0.000273925	0.587047	0.479703	0.106128	0.00121669	0.000284306	0.00126279	
110	0.117601	0.108521	0.00907968	4.71495e-07	0.522349	0.482018	0.040329	2.09423e-06	4.8329e-07	2.14662e-06	
111	0.102552	0.0961431	0.00640897	6.47714e-08	0.455504	0.427037	0.0284666	2.87694e-07	9.27819e-07	4.12108e-06	
112	0.101858	0.0947189	0.00713894	3.80211e-07	0.452421	0.420711	0.0317089	1.68877e-06	1.57251e-06	6.9846e-06	
113	0.0964029	0.0916897	0.00471207	1.20809e-06	0.428191	0.407256	0.0209295	5.36596e-06	1.733e-06	7.69743e-06	
114	0.151151	0.124039	0.0269467	0.000165187	0.671367	0.550944	0.119688	0.000733711	0.000181114	0.000804453	
115	0.113996	0.106716	0.00726552	1.4569e-05	0.506335	0.473999	0.0322711	6.47109e-05	1.47087e-05	6.53317e-05	
116	0.123896	0.114256	0.0096376	2.54686e-06	0.550307	0.507489	0.0428071	1.13123e-05	3.52716e-06	1.56665e-05	
117	0.106431	0.0967665	0.00966503	0	0.472735	0.429806	0.042929	0	0	0	
118	0.103648	0.101514	0.00213284	1.32353e-06	0.460374	0.450895	0.00947342	5.87873e-06	1.61126e-06	7.15672e-06	
119	0.115955	0.113453	0.00250188	9.58056e-07	0.515039	0.503922	0.0111125	4.25538e-06	9.40187e-07	4.17601e-06	
120	0.106591	0.0960392	0.0105253	2.6986e-05	0.473446	0.426576	0.0467501	0.000119863	4.45039e-05	0.000197672	
121	0.0930147	0.0842391	0.00870522	7.03638e-05	0.413142	0.374163	0.0386658	0.000312533	8.97099e-05	0.000398463	
122	0.176744	0.157492	0.0191851	6.74096e-05	0.785044	0.69953	0.0852144	0.000299412	8.22773e-05	0.00036545	
123	0.110856	0.10685	0.00400591	5.74045e-07	0.492391	0.474595	0.017793	2.54972e-06	5.77876e-07	2.56674e-06	
124	0.146201	0.0962309	0.0493748	0.000596062	0.649382	0.427427	0.219307	0.00264752	0.00224498	0.00997153	
125	0.107323	0.103264	0.00405939	0	0.476697	0.458667	0.0180305	0	0	0	
126	0.135945	0.104214	0.0315436	0.000187653	0.603826	0.462886	0.140106	0.000833495	0.000649422	0.00288452	
127	0.206692	0.191357	0.0153013	3.38928e-05	0.918063	0.849949	0.0679638	0.000150541	3.9668e-05	0.000176192	
128	0.139343	0.120494	0.0188435	5.53204e-06	0.618921	0.5352	0.0836973	2.45715e-05	7.37652e-06	3.27641e-05	
129	0.12286	0.117895	0.00496288	1.78325e-06	0.545707	0.523656	0.0220435	7.92065e-06	6.29759e-06	2.79719e-05	
130	0.0973696	0.0961151	0.00125432	1.83093e-07	0.432485	0.426912	0.00557132	8.13243e-07	1.64619e-07	7.31186e-07	
131	0.129863	0.124466	0.0053841	1.25155e-05	0.57681	0.55284	0.0239144	5.55902e-05	1.27235e-05	5.65139e-05	
132	0.108105	0.0850462	0.0230597	0	0.480172	0.377748	0.102424	0	0	0	
133	0.135574	0.110665	0.0245895	0.000320306	0.60218	0.491539	0.109218	0.0014227	0.000361707	0.00160658	
134	0.0962895	0.0955123	0.000777216	0	0.427687	0.424235	0.00345215	0	0	0	
135	0.0728013	0.070462	0.00233925	0	0.32336	0.31297	0.0103902	0	0	0	
136	0.105496	0.103374	0.0021171	5.24964e-06	0.468582	0.459156	0.00940352	2.33172e-05	6.44714e-06	2.86361e-05	
137	0.113268	0.101982	0.0112356	5.03822e-05	0.503104	0.452975	0.0499053	0.000223781	7.12382e-05	0.000316417	
138	0.113845	0.104209	0.00963424	1.73227e-06	0.505665	0.462865	0.0427922	7.6942e-06	5.03203e-06	2.23506e-05	
139	0.109231	0.106069	0.00316236	2.14152e-07	0.485172	0.471125	0.0140462	9.51196e-07	3.66663e-07	1.6286e-06	
140	0.136547	0.120897	0.0156072	4.22602e-05	0.606498	0.536989	0.0693222	0.000187706	5.73849e-05	0.000254885	
141	0.0996144	0.0929039	0.00670773	2.79368e-06	0.442456	0.41265	0.0297936	1.24086e-05	4.0697e-06	1.80763e-05	
142	0.0882543	0.0833233	0.00493102	0	0.391997	0.370095	0.021902	0	0	0	
143	0.155715	0.154599	0.00111538	0	0.691637	0.686683	0.0049542	0	0	0	
144	0.100171	0.0986403	0.00153079	0	0.444928	0.438129	0.0067993	0	0	0	
145	0.0919096	0.0866617	0.00524784	0	0.408233	0.384924	0.0233092	0	0	0	
146	0.0649027	0.0611176	0.00378504	9.23609e-08	0.288277	0.271465	0.0168119	4.10237e-07	7.17283e-08	3.18594e-07	
147	0.0745467	0.0726203	0.00192639	0	0.331113	0.322556	0.00855643	0	0	0	
148	0.113261	0.107708	0.00555257	1.47175e-07	0.503072	0.478408	0.0246627	6.53708e-07	1.63878e-07	7.27898e-07	
149	0.114579	0.0998205	0.0147273	3.16127e-05	0.508925	0.443371	0.065414	0.000140414	4.23009e-05	0.000187887	
150	0.090777	0.0825304	0.00824655	0	0.403202	0.366574	0.0366285	0	0	0	
151	0.135477	0.124341	0.0110686	6.76575e-05	0.601747	0.552284	0.0491632	0.000300513	7.84393e-05	0.000348402	
152	0.0945253	0.084699	0.00982343	2.88692e-06	0.419851	0.376206	0.0436325	1.28227e-05	8.08106e-06	3.58935e-05	
153	0.139991	0.135519	0.00447157	0	0.621796	0.601934	0.0198613	0	0	0	
154	0.104469	0.0976477	0.00681955	2.37504e-06	0.464021	0.43372	0.0302902	1.05491e-05	4.04255e-06	1.79557e-05	
155	0.113299	0.091794	0.0214988	6.1905e-06	0.503238	0.407719	0.0954912	2.74962e-05	9.85214e-06	4.37601e-05	
156	0.103853	0.0947026	0.00914484	5.71493e-06	0.461283	0.420639	0.0406185	2.53839e-05	5.69393e-06	2.52906e-05	
157	0.0895889	0.0883111	0.00127776	0	0.397925	0.39225	0.00567544	0	0	0	
158	0.112861	0.103462	0.00936565	3.35013e-05	0.501296	0.459549	0.0415992	0.000148802	3.55496e-05	0.0001579	
159	0.101655	0.0992365	0.00241842	7.70666e-08	0.451519	0.440777	0.0107418	3.42305e-07	2.08878e-07	9.2777e-07	
160	0.180619	0.155775	0.0248436	0	0.802252	0.691905	0.110347	0	0	0	
161	0.226349	0.17394	0.0521967	0.000212309	1.00537	0.77259	0.231841	0.000943009	0.000289321	0.00128507	
162	0.130233	0.0942811	0.0358692	8.27804e-05	0.578454	0.418767	0.159319	0.000367684	0.000124373	0.000552429	
163	0.0952183	0.0785885	0.0165942	3.56754e-05	0.42293	0.349065	0.0737063	0.000158459	4.10125e-05	0.000182164	
164	0.125786	0.0897982	0.0359623	2.59145e-05	0.558703	0.398855	0.159733	0.000115104	0.000118761	0.000527499	
165	0.155321	0.115319	0.0397752	0.000226161	0.689886	0.512213	0.176669	0.00100453	0.000274731	0.00122026	
166	0.105283	0.0975143	0.00776942	0	0.467637	0.433127	0.0345093	0	0	0	
167	0.107742	0.0972104	0.0105149	1.68284e-05	0.478556	0.431778	0.0467041	7.47464e-05	2.52806e-05	0.000112288	
168	0.108394	0.0981568	0.0102315	5.69349e-06	0.481452	0.435981	0.0454454	2.52887e-05	1.5303e-05	6.79714e-05	
169	0.097509	0.0948761	0.00263227	6.79366e-07	0.433104	0.421409	0.0116917	3.01753e-06	6.58694e-07	2.92571e-06	
170	0.145606	0.108792	0.0361156	0.000698511	0.646738	0.483221	0.160414	0.00310256	0.000882346	0.0039191	
171	0.224816	0.195583	0.0292059	2.68603e-05	0.998563	0.86872	0.129723	0.000119305	3.23296e-05	0.000143598	
172	0.134378	0.122291	0.0120865	0	0.596866	0.543181	0.0536844	0	0	0	
173	0.194228	0.135862	0.0579329	0.000433184	0.862703	0.603459	0.257319	0.00192406	0.000542402	0.00240917	
174	0.119628	0.113404	0.00622236	1.58112e-06	0.531351	0.503706	0.0276377	7.02285e-06	1.74595e-06	7.75496e-06	
175	0.104411	0.096393	0.0080181	0	0.463761	0.428147	0.0356138	0	0	0	
176	0.111335	0.0949784	0.0161946	0.000162535	0.494517	0.421864	0.0719314	0.000721929	0.000197285	0.000876278	
177	0.184751	0.14201	0.0425409	0.000199782	0.820606	0.630765	0.188953	0.000887372	0.000202274	0.000898439	
178	0.138075	0.106591	0.031425	5.91139e-05	0.613289	0.473446	0.13958	0.000262565	0.000104452	0.000463944	
179	0.186058	0.140646	0.0450286	0.000383041	0.826411	0.624706	0.200003	0.00170134	0.000524882	0.00233136	
180	0.118804	0.101593	0.0172029	7.38559e-06	0.52769	0.451247	0.0764099	3.28044e-05	7.36491e-06	3.27126e-05	
181	0.129229	0.125533	0.00369663	0	0.573997	0.557578	0.0164192	0	0	0	
182	0.101221	0.0995823	0.00163934	1.17141e-07	0.449595	0.442313	0.00728146	5.20304e-07	1.3863e-07	6.15754e-07	
183	0.116766	0.111705	0.00506136	0	0.518639	0.496158	0.0224809	0	0	0	
184	0.0961055	0.0881689	0.00792924	7.36372e-06	0.42687	0.391618	0.0352191	3.27073e-05	1.17976e-05	5.24013e-05	
185	0.0982841	0.0827145	0.0155696	0	0.436547	0.367391	0.0691555	0	0	0	
186	0.132274	0.113992	0.0182824	0	0.587521	0.506316	0.0812048	0	0	0	
187	0.0891722	0.0884198	0.000752433	0	0.396074	0.392732	0.00334207	0	0	0	
188	0.0859224	0.0808094	0.00510682	6.18838e-06	0.38164	0.358929	0.0226829	2.74868e-05	1.10474e-05	4.90692e-05	
189	0.113075	0.10246	0.0105774	3.70929e-05	0.502244	0.455098	0.0469817	0.000164755	4.25375e-05	0.000188938	
190	0.0808858	0.0594752	0.0214054	5.21834e-06	0.359269	0.26417	0.0950761	2.31782e-05	8.26924e-06	3.67293e-05	
191	0.320602	0.213692	0.104812	0.00209758	1.42401	0.949155	0.465543	0.00931681	0.00255763	0.0113601	
192	0.0731102	0.0731102	0	0	0.324732	0.324732	0	0	0	0	
193	0.118604	0.118604	0	0	0.526805	0.526805	0	0	0	0	
194	0.154554	0.121274	0.0331294	0.00015073	0.686484	0.538664	0.14715	0.000669496	0.00042621	0.00189309	
195	0.08922	0.0887655	0.000454555	0	0.396287	0.394268	0.00201899	0	0	0	
196	0.0895437	0.0895437	0	0	0.397725	0.397725	0	0	0	0	
197	0.0797816	0.056118	0.023633	3.05778e-05	0.354364	0.249258	0.10497	0.000135817	3.54637e-05	0.000157518	
198	0.147864	0.114492	0.0326154	0.000756755	0.656766	0.508538	0.144867	0.00336126	0.00107608	0.00477962	
199	0.134375	0.114529	0.0198456	0	0.596853	0.508704	0.0881482	0	0	0	
200	0.108493	0.0873592	0.0211218	1.22959e-05	0.481893	0.388022	0.0938165	5.46145e-05	3.25343e-05	0.000144507	
201	0.141539	0.100754	0.0403753	0.000409706	0.628675	0.447521	0.179334	0.00181978	0.000552324	0.00245325	
202	0.106033	0.106033	0	0	0.470968	0.470968	0	0	0	0	
203	0.0961085	0.0946452	0.00146325	0	0.426883	0.420384	0.00649932	0	0	0	
204	0.162915	0.133985	0.0288921	3.76916e-05	0.72362	0.595122	0.128329	0.000167414	4.85956e-05	0.000215846	
205	0.111925	0.0899873	0.0218864	5.19649e-05	0.497138	0.399695	0.0972126	0.000230811	5.80627e-05	0.000257896	
206	0.186313	0.149537	0.0366294	0.00014649	0.827545	0.664198	0.162696	0.000650665	0.000242792	0.0010784	
207	0.0633955	0.0519748	0.0114207	2.05957e-08	0.281583	0.230855	0.0507273	9.14797e-08	7.00502e-07	3.11141e-06	
208	0.102942	0.0984066	0.00453603	0	0.457238	0.437091	0.0201476	0	0	0	
209	0.148414	0.0953183	0.0530959	0	0.659209	0.423374	0.235835	0	0	0	
210	0.11445	0.113802	0.000648057	0	0.508353	0.505474	0.00287846	0	0	0	
211	0.159555	0.103613	0.0559415	0	0.708693	0.460219	0.248474	0	0	0	
212	0.116587	0.116461	0.000126419	0	0.517847	0.517285	0.000561514	0	0	0	
213	0.235535	0.164773	0.0700892	0.000673398	1.04617	0.731869	0.311314	0.00299102	0.00216916	0.00963475	
214	0.118925	0.115904	0.00301299	8.30508e-06	0.52823	0.514811	0.0133827	3.68885e-05	8.39705e-06	3.7297e-05	
215	0.185073	0.161718	0.0233231	3.14323e-05	0.822036	0.718303	0.103593	0.000139612	3.42942e-05	0.000152324	
216	0.101558	0.0848691	0.0166894	0	0.451091	0.376961	0.0741292	0	0	0	
217	0.190174	0.140983	0.0485956	0.000594852	0.844692	0.626204	0.215846	0.00264214	0.000643009	0.00285604	
218	0.0977367	0.0972261	0.000510608	0	0.434115	0.431847	0.00226796	0	0	0	
219	0.13359	0.133143	0.000446364	0	0.593365	0.591382	0.00198261	0	0	0	
220	0.097616	0.0838726	0.0137434	0	0.433579	0.372535	0.0610439	0	0	0	
221	0.106096	0.0939127	0.0121587	2.50806e-05	0.471247	0.41713	0.0540055	0.0001114	2.76173e-05	0.000122667	
222	0.0504282	0.0503051	0.000123101	0	0.223986	0.223439	0.00054678	0	0	0	
223	0.0969548	0.0968284	0.000126419	0	0.430642	0.430081	0.000561514	0	0	0	
224	0.154054	0.145322	0.00873217	3.41438e-07	0.684261	0.645474	0.0387855	1.51655e-06	4.49591e-07	1.99694e-06	
225	0.082412	0.078339	0.00404027	3.27793e-05	0.366048	0.347957	0.0179456	0.000145595	3.37496e-05	0.000149905	
226	0.227713	0.225139	0.00257169	1.78822e-06	1.01143	1	0.0114226	7.94272e-06	1.77004e-06	7.86198e-06	
227	0.0845107	0.0822919	0.00221514	3.69684e-06	0.37537	0.365514	0.00983898	1.64202e-05	3.67621e-06	1.63285e-05	
228	0.0886824	0.0793696	0.00914567	0.000167114	0.393899	0.352534	0.0406221	0.000742272	0.000167094	0.000742181	
229	0.128074	0.123921	0.00415259	0	0.568865	0.55042	0.0184445	0	0	0	
230	0.107409	0.106604	0.000804582	2.00465e-07	0.477079	0.473504	0.00357369	8.90405e-07	1.8264e-07	8.11233e-07	
231	0.0925446	0.0920386	0.000505426	6.00278e-07	0.411054	0.408806	0.00224494	2.66624e-06	5.7951e-07	2.574e-06	
232	0.0805172	0.0750921	0.00542296	2.16802e-06	0.357632	0.333535	0.0240871	9.62967e-06	2.14734e-06	9.53784e-06	
233	0.0795487	0.0781375	0.00141123	0	0.35333	0.347062	0.00626824	0	0	0	
234	0.104313	0.104313	0	0	0.463329	0.463329	0	0	0	0	
235	0.136262	0.136262	0	0	0.605233	0.605233	0	0	0	0	
236	0.0688842	0.0661761	0.00270808	0	0.305962	0.293933	0.0120284	0	0	0	
237	0.0473748	0.0473748	0	0	0.210423	0.210423	0	0	0	0	
238	0.0896893	0.0895138	0.000175505	0	0.398371	0.397592	0.00077954	0	0	0	
239	0.145392	0.121998	0.0233914	2.25187e-06	0.645786	0.541879	0.103897	1.00021e-05	3.35043e-06	1.48815e-05	
240	0.0921978	0.0906917	0.00150608	0	0.409513	0.402824	0.00668957	0	0	0	
241	0.141877	0.11862	0.0232396	1.70434e-05	0.630173	0.526874	0.103223	7.57015e-05	1.8056e-05	8.01991e-05	
242	0.0858151	0.0855931	0.000221961	0	0.381163	0.380177	0.000985883	0	0	0	
243	0.0861591	0.0861591	0	0	0.382691	0.382691	0	0	0	0	
244	0.088952	0.0888666	8.5423e-05	0	0.395097	0.394717	0.000379422	0	0	0	
245	0.123385	0.0952742	0.0272442	0.000866658	0.548038	0.423178	0.12101	0.00384942	0.000989158	0.00439353	
246	0.102744	0.089672	0.0130725	0	0.456359	0.398294	0.0580642	0	0	0	
247	0.112094	0.107346	0.00471526	3.19529e-05	0.497886	0.476801	0.0209436	0.000141924	3.3836e-05	0.000150288	
248	0.0837235	0.0837235	0	0	0.371873	0.371873	0	0	0	0	
249	0.0717937	0.0701161	0.00167756	0	0.318885	0.311433	0.00745119	0	0	0	
250	0.0673823	0.066755	0.000627298	0	0.299291	0.296504	0.00278626	0	0	0	
251	0.122518	0.109445	0.0130725	0	0.544187	0.486123	0.0580642	0	0	0	
252	0.0746458	0.0693868	0.00521786	4.11348e-05	0.331553	0.308194	0.0231761	0.000182707	4.28669e-05	0.000190401	
253	0.0982392	0.09797	0.000269186	0	0.436347	0.435152	0.00119564	0	0	0	
254	0.078009	0.0777913	0.000217729	0	0.346491	0.345524	0.000967086	0	0	0	
255	0.0869424	0.0868631	7.92399e-05	0	0.38617	0.385818	0.000351958	0	0	0	
256	0.0998013	0.0968702	0.00292835	2.73462e-06	0.443285	0.430266	0.0130068	1.21463e-05	3.31385e-06	1.47191e-05	
257	0.0889396	0.0889396	0	0	0.395041	0.395041	0	0	0	0	
258	0.102413	0.0963461	0.00605125	1.65445e-05	0.45489	0.427939	0.0268777	7.34856e-05	2.27141e-05	0.000100888	
259	0.053801	0.0453402	0.00836285	9.7958e-05	0.238967	0.201386	0.0371451	0.000435098	0.000115452	0.000512804	
260	0.0438909	0.041811	0.00207987	0	0.194949	0.185711	0.00923816	0	0	0	
261	0.110276	0.110039	0.000236211	0	0.489811	0.488762	0.00104917	0	0	0	
262	0.114315	0.111277	0.00303779	0	0.507752	0.494259	0.0134929	0	0	0	
263	0.0609132	0.0438299	0.0170831	1.2781e-07	0.270557	0.194678	0.0758779	5.67692e-07	5.53286e-06	2.45752e-05	
264	0.18384	0.140184	0.0433699	0.000285228	0.816559	0.622657	0.192635	0.00126689	0.000949377	0.00421683	
265	0.0527112	0.0434263	0.00926825	1.66736e-05	0.234126	0.192885	0.0411666	7.40589e-05	2.35552e-05	0.000104624	
266	0.0835506	0.0835506	0	0	0.371105	0.371105	0	0	0	0	
267	0.047707	0.0456272	0.00207987	0	0.211899	0.202661	0.00923816	0	0	0	
268	0.0857194	0.0853145	0.000404818	0	0.380738	0.37894	0.00179807	0	0	0	
269	0.206092	0.205119	0.00097277	2.62883e-08	0.915396	0.911075	0.00432074	1.16764e-07	5.5007e-09	2.44323e-08	
270	0.107716	0.107498	0.000217729	0	0.478441	0.477474	0.000967086	0	0	0	
271	0.0851149	0.0847101	0.000404818	0	0.378053	0.376255	0.00179807	0	0	0	
272	0.104765	0.103782	0.000982735	0	0.465334	0.460969	0.004365	0	0	0	
273	0.109178	0.0917332	0.0173327	0.000112581	0.484936	0.40745	0.0769864	0.000500049	0.000149834	0.000665518	
274	0.100906	0.0943759	0.00653034	0	0.448194	0.419188	0.0290057	0	0	0	
275	0.121243	0.111304	0.00983609	0.000102803	0.538525	0.49438	0.0436888	0.000456621	0.000107546	0.000477686	
276	0.0917566	0.0898556	0.00190103	0	0.407554	0.39911	0.00844379	0	0	0	
277	0.104264	0.104119	0.000145083	0	0.46311	0.462465	0.000644415	0	0	0	
278	0.176701	0.148071	0.0284376	0.000192091	0.78485	0.657686	0.12631	0.000853211	0.00028345	0.00125899	
279	0.0771766	0.0770813	9.5335e-05	0	0.342794	0.34237	0.000423448	0	0	0	
280	0.1367	0.121442	0.0152581	2.12152e-07	0.607181	0.539409	0.0677718	9.42315e-07	1.65099e-06	7.33318e-06	
281	0.118021	0.095168	0.0228215	3.1651e-05	0.524212	0.422706	0.101365	0.000140584	3.87382e-05	0.000172063	
282	0.0837616	0.0812725	0.00248911	0	0.372042	0.360986	0.0110558	0	0	0	
283	0.105284	0.0911814	0.014073	2.96456e-05	0.467638	0.404999	0.062508	0.000131676	5.41704e-05	0.000240608	
284	0.133845	0.110671	0.0231372	3.67661e-05	0.594498	0.491567	0.102768	0.000163303	4.41943e-05	0.000196297	
285	0.0983239	0.087275	0.0110489	5.44103e-08	0.436724	0.387648	0.0490758	2.41673e-07	3.37955e-08	1.50109e-07	
286	0.119057	0.0821175	0.0369398	0	0.528815	0.36474	0.164075	0	0	0	
287	0.0747227	0.0654153	0.00930738	0	0.331894	0.290554	0.0413404	0	0	0	
288	0.207032	0.140558	0.0653398	0.00113375	0.919571	0.624317	0.290218	0.00503576	0.00141113	0.0062678	
289	0.0666436	0.0656609	0.000982735	0	0.29601	0.291645	0.004365	0	0	0	
290	0.0710428	0.0690206	0.00202215	0	0.315549	0.306568	0.00898175	0	0	0	
291	0.176812	0.137231	0.0393443	0.000237297	0.785346	0.609537	0.174755	0.001054	0.000576095	0.00255883	
292	0.146121	0.116717	0.0293306	7.33508e-05	0.649026	0.518423	0.130277	0.000325801	0.000107026	0.000475375	
293	0.075866	0.0475906	0.0282618	1.35706e-05	0.336973	0.211382	0.12553	6.02766e-05	1.58166e-05	7.02527e-05	
294	0.0679137	0.0610215	0.00682846	6.37534e-05	0.301651	0.271038	0.0303298	0.000283172	7.88448e-05	0.000350203	
295	0.171649	0.152227	0.0192871	0.000134198	0.762411	0.676147	0.0856674	0.000596067	0.000190685	0.000846965	
296	0.118353	0.118353	0	0	0.525688	0.525688	0	0	0	0	
297	0.167215	0.14665	0.0205389	2.59018e-05	0.742717	0.651374	0.0912275	0.000115047	2.83394e-05	0.000125874	
298	0.109712	0.0908777	0.0188083	2.69146e-05	0.48731	0.40365	0.0835405	0.000119546	4.56338e-05	0.000202691	
299	0.0978167	0.0794537	0.0183432	1.97938e-05	0.43447	0.352908	0.0814747	8.7918e-05	1.98931e-05	8.83588e-05	
300	0.0788029	0.0767808	0.00202215	0	0.350017	0.341036	0.00898175	0	0	0	
301	0.0633859	0.0622669	0.00111897	0	0.28154	0.27657	0.00497012	0	0	0	
302	0.0716006	0.0693807	0.00221991	0	0.318027	0.308167	0.00986014	0	0	0	
303	0.132158	0.105861	0.0261999	9.74809e-05	0.587006	0.470201	0.116371	0.000432979	0.000162997	0.000723982	
304	0.0954934	0.0954934	0	0	0.424151	0.424151	0	0	0	0	
305	0.0532378	0.0412921	0.0119457	0	0.236465	0.183406	0.053059	0	0	0	
306	0.0697836	0.052959	0.0168244	6.60796e-08	0.309956	0.235227	0.0747289	2.93504e-07	4.92917e-08	2.18938e-07	
307	0.0902446	0.0873458	0.0028988	0	0.400838	0.387962	0.0128755	0	0	0	
308	0.095074	0.0755635	0.0195022	8.26925e-06	0.422288	0.335629	0.0866229	3.67294e-05	2.29422e-05	0.000101902	
309	0.114769	0.110821	0.00394324	4.59715e-06	0.50977	0.492235	0.0175146	2.04191e-05	4.6848e-06	2.08084e-05	
310	0.151755	0.14341	0.00834394	7.8116e-07	0.674049	0.636985	0.0370611	3.46966e-06	2.51405e-06	1.11666e-05	
311	0.0789458	0.0739817	0.00492356	4.05139e-05	0.350652	0.328603	0.0218689	0.00017995	4.05599e-05	0.000180154	
312	0.142579	0.0958902	0.0463678	0.000321518	0.633293	0.425913	0.205951	0.00142808	0.000391189	0.00173753	
313	0.101352	0.0934783	0.00787462	0	0.450177	0.415201	0.0349765	0	0	0	
314	0.0787511	0.0773182	0.00143293	0	0.349787	0.343423	0.00636466	0	0	0	
315	0.106009	0.0950267	0.010959	2.4228e-05	0.470862	0.422078	0.0486765	0.000107613	4.51988e-05	0.000200759	
316	0.0739817	0.0706416	0.00333932	7.24396e-07	0.328603	0.313767	0.0148322	3.21754e-06	7.03772e-07	3.12593e-06	
317	0.119852	0.0768066	0.0427655	0.000279994	0.532345	0.341151	0.18995	0.00124364	0.000344176	0.00152872	
318	0.185818	0.122342	0.0634751	9.58795e-07	0.825349	0.543408	0.281936	4.25866e-06	9.4164e-07	4.18246e-06	
319	0.243127	0.143663	0.095338	0.00412564	1.07989	0.638109	0.423461	0.0183247	0.00468087	0.0207909	
320	0.0833347	0.0761365	0.00719651	1.66655e-06	0.370146	0.338174	0.0319646	7.40233e-06	4.3783e-06	1.9447e-05	
321	0.12995	0.0988676	0.0306868	0.000395945	0.577198	0.439138	0.136301	0.00175866	0.000397458	0.00176538	
322	0.140729	0.0788501	0.0604348	0.00144488	0.625077	0.350227	0.268432	0.0064177	0.00270336	0.0120074	
323	0.0954474	0.0949226	0.000524814	0	0.423947	0.421616	0.00233105	0	0	0	
324	0.126685	0.125287	0.00139803	0	0.562698	0.556488	0.00620962	0	0	0	
325	0.0912518	0.0902945	0.000957357	0	0.405311	0.401059	0.00425227	0	0	0	
326	0.0740391	0.0711248	0.00291439	0	0.328858	0.315913	0.0129448	0	0	0	
327	0.0780073	0.0751962	0.00281113	0	0.346484	0.333998	0.0124861	0	0	0	
328	0.0912439	0.0907844	0.000459522	0	0.405276	0.403235	0.00204105	0	0	0	
329	0.0967388	0.0915456	0.0051722	2.09996e-05	0.429683	0.406616	0.0229733	9.32738e-05	2.77202e-05	0.000123124	
330	0.151066	0.0883509	0.0609958	0.00171991	0.67099	0.392427	0.270924	0.0076393	0.0019948	0.00886027	
331	0.124465	0.116952	0.00749531	1.70786e-05	0.552835	0.519467	0.0332918	7.58578e-05	1.97283e-05	8.7627e-05	
332	0.109214	0.0964418	0.0127598	1.33051e-05	0.485098	0.428364	0.0566751	5.9097e-05	3.03653e-05	0.000134873	
333	0.120598	0.0985225	0.0220757	5.88795e-08	0.535659	0.437605	0.0980535	2.61524e-07	5.18984e-07	2.30516e-06	
334	0.137482	0.0884932	0.0487507	0.000237945	0.610651	0.393059	0.216535	0.00105688	0.000289943	0.00128783	
335	0.0825196	0.0805117	0.00200794	0	0.366526	0.357607	0.00891863	0	0	0	
336	0.108876	0.0894993	0.0192663	0.000111115	0.483596	0.397527	0.0855752	0.000493538	0.000211001	0.000937203	
337	0.115763	0.111899	0.00386143	2.50309e-06	0.514185	0.497022	0.0171512	1.11179e-05	2.53887e-06	1.12768e-05	
338	0.116547	0.101749	0.0147486	4.87757e-05	0.517665	0.451939	0.0655087	0.000216646	7.35372e-05	0.000326629	
339	0.083406	0.0770917	0.00630191	1.2336e-05	0.370463	0.342417	0.0279911	5.47928e-05	1.8581e-05	8.25309e-05	
340	0.111801	0.083628	0.0281224	5.14631e-05	0.496588	0.371449	0.12491	0.000228583	9.00002e-05	0.000399752	
341	0.107949	0.1044	0.0035483	1.20225e-06	0.479479	0.463714	0.0157604	5.34001e-06	1.18156e-06	5.24813e-06	
342	0.113297	0.0754483	0.0378488	0	0.50323	0.335117	0.168112	0	0	0	
343	0.149519	0.0883086	0.0584292	0.00278186	0.664119	0.392238	0.259524	0.0123561	0.00492226	0.0218631	
344	0.0835274	0.0825552	0.000972185	2.81638e-08	0.371002	0.366684	0.00431813	1.25094e-07	1.25464e-08	5.57272e-08	
345	0.128047	0.0951736	0.0324237	0.000450593	0.568748	0.422731	0.144016	0.00200139	0.000822614	0.00365379	
346	0.135797	0.0983622	0.0368173	0.000618319	0.603171	0.436893	0.163531	0.00274638	0.000754545	0.00335145	
347	0.0949464	0.0755679	0.0193076	7.08948e-05	0.421722	0.335648	0.0857586	0.000314892	0.000100793	0.00044769	
348	0.0994367	0.0838214	0.0155506	6.46973e-05	0.441666	0.372308	0.0690712	0.000287365	7.95856e-05	0.000353494	
349	0.0856355	0.072285	0.0132956	5.49025e-05	0.380365	0.321067	0.0590549	0.000243859	5.92632e-05	0.000263228	
350	0.125704	0.0761767	0.0490654	0.000461764	0.558337	0.338353	0.217933	0.00205101	0.000589536	0.00261853	
351	0.145605	0.0938068	0.0512998	0.000499089	0.646734	0.41666	0.227857	0.00221679	0.000611625	0.00271664	
352	0.142023	0.081835	0.0600511	0.000137098	0.630822	0.363485	0.266728	0.000608949	0.000228181	0.0010135	
353	0.0875937	0.0780506	0.00952398	1.91077e-05	0.389063	0.346676	0.0423025	8.48705e-05	2.57158e-05	0.000114221	
354	0.086299	0.0792689	0.00701483	1.53489e-05	0.383313	0.352087	0.0311576	6.81753e-05	1.94519e-05	8.63992e-05	
355	0.0837741	0.0835302	0.000243897	0	0.372098	0.371014	0.00108331	0	0	0	
356	0.1236	0.108932	0.0146039	6.36294e-05	0.548992	0.483844	0.0648659	0.000282622	6.94584e-05	0.000308512	
357	0.214718	0.108125	0.0989374	0.0076556	0.953712	0.480259	0.439448	0.0340037	0.00894338	0.0397236	
358	0.158708	0.0979262	0.060199	0.000583515	0.704934	0.434957	0.267385	0.00259179	0.00164353	0.00730004	
359	0.102465	0.0782463	0.0238318	0.00038769	0.455121	0.347545	0.105853	0.001722	0.000967478	0.00429723	
360	0.101	0.0966837	0.00431711	0	0.448613	0.429438	0.0191752	0	0	0	
361	0.0470205	0.0470205	0	0	0.20885	0.20885	0	0	0	0	
362	0.103086	0.0871132	0.01583	0.000143453	0.457878	0.386929	0.0703122	0.000637175	0.000160683	0.000713706	
363	0.0491277	0.0491107	1.69583e-05	0	0.218209	0.218134	7.53236e-05	0	0	0	
364	0.124859	0.113453	0.0113344	7.15665e-05	0.554585	0.503923	0.0503439	0.000317875	8.5652e-05	0.000380439	
365	0.082921	0.0792556	0.00366544	3.40959e-08	0.368309	0.352028	0.0162807	1.51443e-07	1.34592e-08	5.97818e-08	
366	0.107286	0.0914937	0.0156837	0.000108995	0.476532	0.406386	0.0696624	0.000484122	0.00013884	0.000616685	
367	0.126065	0.105036	0.0209851	4.42993e-05	0.559944	0.466538	0.0932092	0.000196763	6.4445e-05	0.000286244	
368	0.0784695	0.075582	0.00288749	0	0.348537	0.335711	0.0128253	0	0	0	
369	0.0828876	0.0801065	0.00277864	2.41753e-06	0.36816	0.355808	0.0123418	1.07379e-05	2.40807e-06	1.06959e-05	
370	0.114578	0.0914105	0.0229666	0.000200926	0.508919	0.406016	0.10201	0.000892449	0.000281825	0.00125177	
371	0.1214	0.0791256	0.0420542	0.000220195	0.53922	0.35145	0.186791	0.000978038	0.000226295	0.00100513	
372	0.10419	0.078848	0.0253219	2.1035e-05	0.462783	0.350217	0.112472	9.3431e-05	3.59626e-05	0.000159734	
373	0.0833278	0.079003	0.00431405	1.07838e-05	0.370116	0.350906	0.0191616	4.78982e-05	1.11635e-05	4.9585e-05	
374	0.213824	0.103667	0.102137	0.00801956	0.949741	0.460459	0.453661	0.0356203	0.0222293	0.0987356	
375	0.139392	0.126807	0.0124666	0.000118818	0.619138	0.563238	0.055373	0.000527752	0.000126978	0.000564	
376	0.0991813	0.0986306	0.000550144	5.60035e-07	0.440532	0.438086	0.00244356	2.4875e-06	5.3941e-07	2.39589e-06	
377	0.106977	0.0998114	0.00714144	2.45522e-05	0.475159	0.44333	0.03172	0.000109053	2.79081e-05	0.000123959	
378	0.118735	0.103421	0.0153091	5.05114e-06	0.527386	0.459365	0.0679983	2.24355e-05	1.5349e-05	6.81754e-05	
379	0.10235	0.0765062	0.0257215	0.000122892	0.454609	0.339816	0.114247	0.00054585	0.000136723	0.000607281	
380	0.111522	0.0821822	0.029307	3.36318e-05	0.495349	0.365027	0.130172	0.000149382	3.56928e-05	0.000158536	
381	0.101139	0.0795703	0.0214924	7.63393e-05	0.449228	0.353426	0.0954626	0.000339075	0.000125025	0.000555325	
382	0.105476	0.103739	0.00173457	2.44062e-06	0.468491	0.460776	0.00770443	1.08404e-05	2.41993e-06	1.07485e-05	
383	0.0776817	0.0756979	0.00198385	0	0.345037	0.336226	0.00881164	0	0	0	
384	0.0952478	0.0901258	0.00512203	0	0.42306	0.40031	0.0227504	0	0	0	
385	0.124103	0.10701	0.0170705	2.31013e-05	0.551229	0.475305	0.0758217	0.000102608	3.74855e-05	0.000166499	
386	0.0995815	0.0793751	0.0201206	8.58325e-05	0.442309	0.352559	0.0893694	0.000381241	0.000173173	0.000769181	
387	0.0933637	0.0839649	0.0093005	9.82627e-05	0.414692	0.372945	0.0413098	0.000436451	0.000108672	0.00048269	
388	0.0813358	0.0767392	0.00454671	4.98557e-05	0.361267	0.340851	0.020195	0.000221443	4.9848e-05	0.000221409	
389	0.130214	0.110832	0.0193087	7.38312e-05	0.578373	0.492282	0.0857632	0.000327934	8.32416e-05	0.000369733	
390	0.0845864	0.0741339	0.0104468	5.77345e-06	0.375706	0.329279	0.0464014	2.56438e-05	3.31136e-05	0.00014708	
391	0.0963899	0.0909848	0.00540423	8.51598e-07	0.428133	0.404126	0.0240039	3.78253e-06	8.50484e-07	3.77758e-06	
392	0.100317	0.0496919	0.0496801	0.00094559	0.445579	0.220715	0.220663	0.00420001	0.00127239	0.00565156	
393	0.0834412	0.0806596	0.00278158	0	0.370619	0.358264	0.0123549	0	0	0	
394	0.0973979	0.0923561	0.00504186	0	0.43261	0.410216	0.0223943	0	0	0	
395	0.152662	0.137882	0.014774	5.72867e-06	0.678077	0.61243	0.0656215	2.54449e-05	3.34665e-05	0.000148647	
396	0.108587	0.0589786	0.0496085	0	0.48231	0.261964	0.220345	0	0	0	
397	0.126178	0.101038	0.0250248	0.000115908	0.560446	0.448779	0.111152	0.00051483	0.00015221	0.000676069	
398	0.0913149	0.0909146	0.000400358	0	0.405592	0.403813	0.00177826	0	0	0	
399	0.0789696	0.0783105	0.000659131	0	0.350758	0.34783	0.00292765	0	0	0	
400	0.144457	0.128708	0.0157415	7.32024e-06	0.641636	0.571684	0.0699191	3.25142e-05	9.35931e-06	4.15711e-05	
401	0.104049	0.100361	0.00368861	0	0.462155	0.445771	0.0163836	0	0	0	
402	0.104251	0.083179	0.0210403	3.25399e-05	0.463054	0.369455	0.0934547	0.000144532	3.95126e-05	0.000175502	
403	0.110568	0.0885818	0.0217578	0.00022927	0.491112	0.393452	0.0966415	0.00101834	0.000229783	0.00102062	
404	0.108118	0.098518	0.00960022	0	0.480227	0.437586	0.0426411	0	0	0	
405	0.106922	0.106922	0	0	0.474916	0.474916	0	0	0	0	
406	0.189341	0.176463	0.012875	3.48971e-06	0.840996	0.783793	0.0571871	1.55002e-05	3.72479e-06	1.65443e-05	
407	0.120062	0.0852816	0.034108	0.00067291	0.53328	0.378793	0.151497	0.00298885	0.000698993	0.0031047	
408	0.130068	0.12736	0.00270845	0	0.577723	0.565693	0.01203	0	0	0	
409	0.0938926	0.0917783	0.00211424	0	0.417041	0.40765	0.0093908	0	0	0	
410	0.109792	0.0877439	0.0217298	0.000318983	0.487664	0.389731	0.096517	0.00141682	0.000321785	0.00142927	
411	0.137746	0.117258	0.0204874	8.57884e-08	0.611824	0.520825	0.0909988	3.81045e-07	7.90966e-08	3.51322e-07	
412	0.149803	0.122155	0.0276458	2.47927e-06	0.66538	0.542575	0.122794	1.10121e-05	1.36936e-05	6.08226e-05	
413	0.0943928	0.0915631	0.00282973	0	0.419263	0.406694	0.0125687	0	0	0	
414	0.146978	0.112585	0.0342971	9.60802e-05	0.652832	0.500068	0.152336	0.000426757	9.9242e-05	0.000440801	
415	0.0952337	0.0919894	0.00324431	0	0.422998	0.408587	0.0144102	0	0	0	
416	0.124998	0.106145	0.0188525	0	0.555203	0.471466	0.0837372	0	0	0	
417	0.105419	0.0958039	0.00961526	7.43567e-07	0.468241	0.42553	0.0427079	3.30268e-06	7.23226e-07	3.21234e-06	
418	0.080354	0.0769597	0.0033943	0	0.356907	0.34183	0.0150764	0	0	0	
419	0.138022	0.102181	0.0358102	3.13175e-05	0.613053	0.453856	0.159057	0.000139102	3.48967e-05	0.000155	
420	0.0837973	0.0837973	0	0	0.372201	0.372201	0	0	0	0	
421	0.089336	0.086197	0.003139	0	0.396802	0.382859	0.0139424	0	0	0	
422	0.101592	0.0810861	0.0202339	0.000272078	0.45124	0.360158	0.0898729	0.00120848	0.000272153	0.00120881	
423	0.0643821	0.0560512	0.00829712	3.37246e-05	0.285965	0.248962	0.0368532	0.000149794	3.5674e-05	0.000158452	
424	0.110688	0.110688	0	0	0.491644	0.491644	0	0	0	0	
425	0.0766691	0.0696504	0.00693649	8.22221e-05	0.34054	0.309365	0.0308097	0.000365204	8.26387e-05	0.000367055	
426	0.111891	0.109189	0.00270018	2.5787e-06	0.496988	0.484983	0.0119933	1.14537e-05	2.55958e-06	1.13688e-05	
427	0.0950847	0.0906014	0.00448332	0	0.422336	0.402422	0.0199135	0	0	0	
428	0.0963064	0.0941815	0.00212467	2.83876e-07	0.427763	0.418324	0.00943712	1.26088e-06	3.20129e-07	1.42191e-06	
429	0.120717	0.0883491	0.0323641	4.50802e-06	0.53619	0.392418	0.143751	2.00232e-05	4.6064e-06	2.04601e-05	
430	0.223292	0.21268	0.0106121	6.15001e-07	0.991796	0.944658	0.0471357	2.73164e-06	5.94713e-07	2.64152e-06	
431	0.171853	0.166577	0.00527516	0	0.763317	0.739886	0.0234306	0	0	0	
432	0.130074	0.112343	0.0177246	7.04501e-06	0.577751	0.498992	0.0787274	3.12917e-05	8.05566e-06	3.57807e-05	
433	0.107338	0.098718	0.00857887	4.17906e-05	0.476764	0.438474	0.0381046	0.00018562	4.20159e-05	0.000186621	
434	0.0853656	0.0807079	0.00465041	7.3635e-06	0.379167	0.358478	0.0206556	3.27063e-05	1.00333e-05	4.45647e-05	
435	0.195106	0.152332	0.0425949	0.000179701	0.866602	0.676611	0.189193	0.000798178	0.000424688	0.00188633	
436	0.117132	0.0862917	0.0307154	0.000125588	0.520266	0.38328	0.136428	0.000557826	0.000167574	0.000744314	
437	0.141557	0.0863412	0.0534503	0.00176611	0.628754	0.3835	0.237409	0.00784451	0.00290874	0.0129197	
438	0.175907	0.130669	0.0447647	0.00047315	0.781325	0.580392	0.198831	0.00210158	0.000536258	0.00238189	
439	0.136546	0.127336	0.00919079	1.93133e-05	0.606496	0.565588	0.0408226	8.57839e-05	2.56019e-05	0.000113715	
440	0.0826342	0.0803193	0.00230675	8.17231e-06	0.367035	0.356753	0.0102458	3.62988e-05	8.44327e-06	3.75023e-05	
441	0.0690817	0.0677803	0.00129786	3.57249e-06	0.306839	0.301058	0.00576471	1.58678e-05	3.61847e-06	1.60721e-05	
442	0.143476	0.095133	0.0459643	0.00237931	0.637278	0.42255	0.204159	0.0105681	0.0030918	0.0137328	
443	0.168416	0.13825	0.0299789	0.00018716	0.74805	0.614062	0.133156	0.000831308	0.000273095	0.001213	
444	0.129921	0.10819	0.0217061	2.53986e-05	0.577071	0.480546	0.0964116	0.000112812	3.65211e-05	0.000162215	
445	0.107805	0.0884089	0.0192736	0.000122965	0.478837	0.392684	0.0856073	0.000546173	0.000154354	0.000685591	
446	0.150009	0.0909077	0.0589193	0.000182597	0.666295	0.403783	0.261701	0.00081104	0.000230975	0.00102591	
447	0.153692	0.122247	0.0314451	9.45677e-08	0.682653	0.542984	0.139669	4.2004e-07	2.06804e-06	9.18559e-06	
448	0.0432951	0.0376371	0.00565796	0	0.192303	0.167172	0.0251308	0	0	0	
449	0.261109	0.154542	0.106339	0.00022657	1.15976	0.686431	0.472326	0.00100635	0.000542143	0.00240803	
450	0.0857683	0.0796047	0.00616362	0	0.380956	0.353579	0.0273768	0	0	0	
451	0.134336	0.120489	0.0138181	2.90041e-05	0.59668	0.535176	0.0613758	0.000128827	4.24219e-05	0.000188425	
452	0.168713	0.100272	0.0672937	0.00114771	0.749372	0.445377	0.298897	0.0050978	0.00153754	0.00682927	
453	0.108668	0.0957846	0.012847	3.69882e-05	0.482671	0.425444	0.0570624	0.000164289	4.05769e-05	0.00018023	
454	0.126021	0.0893616	0.0366595	0	0.559746	0.396916	0.16283	0	0	0	
455	0.157755	0.1053	0.0521616	0.000293188	0.700698	0.46771	0.231685	0.00130225	0.000544305	0.00241763	
456	0.145422	0.112136	0.0328628	0.000422818	0.645921	0.498076	0.145966	0.00187802	0.000465546	0.0020678	
457	0.122888	0.100776	0.0220756	3.57151e-05	0.545831	0.447619	0.0980531	0.000158635	4.54097e-05	0.000201695	
458	0.0951675	0.0791042	0.0160633	0	0.422704	0.351356	0.0713483	0	0	0	
459	0.100621	0.0891062	0.0115156	0	0.44693	0.395781	0.0511488	0	0	0	
460	0.156187	0.0855531	0.0706344	0	0.693736	0.38	0.313736	0	0	0	
461	0.157631	0.0857257	0.0718572	4.87899e-05	0.70015	0.380766	0.319167	0.000216709	6.88446e-05	0.000305786	
462	0.116242	0.100226	0.0159958	2.02815e-05	0.516311	0.445172	0.0710486	9.00843e-05	4.21233e-05	0.000187098	
463	0.126576	0.119772	0.00680361	0	0.562211	0.531992	0.0302195	0	0	0	
464	0.0825471	0.0691489	0.0133927	5.59154e-06	0.366648	0.307137	0.0594861	2.48358e-05	1.01911e-05	4.52656e-05	
465	0.0881216	0.0828736	0.00524795	0	0.391408	0.368098	0.0233097	0	0	0	
466	0.174067	0.110192	0.0627859	0.00108854	0.773151	0.489441	0.278875	0.00483496	0.00129858	0.0057679	
467	0.102846	0.0799641	0.0227652	0.000117539	0.456813	0.355175	0.101116	0.000522074	0.000329102	0.00146176	
468	0.107039	0.101785	0.00525345	0	0.475435	0.452101	0.0233342	0	0	0	
469	0.0769705	0.0769705	0	0	0.341879	0.341879	0	0	0	0	
470	0.1025	0.0951492	0.00734	1.09854e-05	0.455273	0.422623	0.0326019	4.87939e-05	1.36364e-05	6.05686e-05	
471	0.11529	0.0792201	0.0360702	0	0.512083	0.351871	0.160212	0	0	0	
472	0.12766	0.0893956	0.0364855	0.00177937	0.567027	0.397067	0.162057	0.0079034	0.00288256	0.0128034	
473	0.161651	0.099436	0.0592467	0.00296866	0.718004	0.441663	0.263155	0.0131858	0.00365808	0.016248	
474	0.106044	0.0771406	0.0289043	0	0.471018	0.342634	0.128383	0	0	0	
475	0.12248	0.113541	0.00893854	4.22266e-07	0.544019	0.504315	0.0397021	1.87557e-06	6.9728e-07	3.09709e-06	
476	0.16189	0.112979	0.048911	0	0.719064	0.501817	0.217247	0	0	0	
477	0.126635	0.0972455	0.0293598	3.03345e-05	0.562475	0.431933	0.130407	0.000134736	3.9878e-05	0.000177125	
478	0.093788	0.079091	0.0146825	1.45043e-05	0.416577	0.351297	0.065215	6.44237e-05	1.98974e-05	8.83783e-05	
479	0.10488	0.0979332	0.00690128	4.64908e-05	0.465848	0.434988	0.0306533	0.000206497	4.81727e-05	0.000213968	
480	0.131411	0.0978298	0.03344	0.000141696	0.583688	0.434529	0.14853	0.000629371	0.000238309	0.00105849	
481	0.0819643	0.0760769	0.00588737	0	0.364059	0.337909	0.0261498	0	0	0	
482	0.138339	0.106032	0.0322715	3.57194e-05	0.61446	0.470961	0.143339	0.000158654	4.88904e-05	0.000217156	
483	0.102677	0.0926903	0.00998752	0	0.456062	0.411701	0.0443614	0	0	0	
484	0.182701	0.116932	0.0653812	0.000387917	0.811502	0.519376	0.290402	0.001723	0.000486035	0.00215881	
485	0.110173	0.0950729	0.0150012	9.89635e-05	0.489354	0.422283	0.0666309	0.000439564	0.000115272	0.000512005	
486	0.0830734	0.0800946	0.00297831	5.43839e-07	0.368986	0.355754	0.0132287	2.41556e-06	6.50388e-07	2.88882e-06	
487	0.104013	0.099913	0.00410062	0	0.461996	0.443782	0.0182137	0	0	0	
488	0.134186	0.0956074	0.0382206	0.000358431	0.596014	0.424658	0.169763	0.00159203	0.000559247	0.002484	
489	0.146714	0.0982678	0.0483528	9.34115e-05	0.651657	0.436474	0.214767	0.000414904	9.58308e-05	0.00042565	
490	0.0944239	0.0908522	0.00356798	3.67933e-06	0.419401	0.403537	0.0158478	1.63424e-05	4.56493e-06	2.0276e-05	
491	0.0931163	0.0783496	0.0147504	1.61687e-05	0.413593	0.348004	0.0655169	7.18166e-05	3.75869e-05	0.000166949	
492	0.142083	0.0971003	0.0443595	0.000623341	0.631088	0.431289	0.19703	0.00276868	0.000815709	0.00362312	
493	0.189041	0.111794	0.0772124	3.49843e-05	0.839662	0.496553	0.342953	0.000155389	9.03842e-05	0.000401458	
494	0.202564	0.117197	0.0852804	8.65813e-05	0.899729	0.520556	0.378788	0.000384567	0.000112148	0.000498129	
495	0.0876925	0.0839859	0.00370663	0	0.389502	0.373038	0.0164637	0	0	0	
496	0.0995488	0.0897856	0.0096399	0.000123345	0.442164	0.398799	0.0428173	0.000547863	0.000123324	0.000547769	
497	0.120401	0.0776198	0.0426835	9.77062e-05	0.534783	0.344762	0.189586	0.00043398	0.000305668	0.00135768	
498	0.166197	0.133618	0.0323926	0.000186312	0.738196	0.59349	0.143878	0.000827541	0.000217304	0.000965199	
499	0.158194	0.158065	0.000129157	2.66614e-08	0.70265	0.702076	0.000573676	1.18421e-07	5.88381e-09	2.6134e-08	
500	0.159708	0.080793	0.0781777	0.000738209	0.709376	0.358857	0.34724	0.00327889	0.00144999	0.00644044	
501	0.167868	0.108487	0.0593621	1.86099e-05	0.745617	0.481866	0.263667	8.26593e-05	4.11697e-05	0.000182863	
502	0.0929423	0.0909752	0.00196719	0	0.41282	0.404083	0.00873764	0	0	0	
503	0.112172	0.103041	0.0091139	1.66081e-05	0.498233	0.457678	0.040481	7.3768e-05	1.6587e-05	7.36742e-05	
504	0.121259	0.119385	0.00187422	6.99592e-07	0.538598	0.53027	0.00832472	3.10736e-06	6.82686e-07	3.03227e-06	
505	0.0697152	0.0686862	0.00102894	0	0.309652	0.305082	0.00457024	0	0	0	
506	0.15183	0.0978253	0.0522941	0.00171145	0.674385	0.434509	0.232274	0.00760172	0.00194457	0.0086372	
507	0.184122	0.158021	0.025986	0.000114606	0.817814	0.701883	0.115421	0.000509044	0.000129225	0.000573978	
508	0.092501	0.0880496	0.00444986	1.49539e-06	0.41086	0.391088	0.0197649	6.64206e-06	1.47482e-06	6.55071e-06	
509	0.0931503	0.0871966	0.00594612	7.52074e-06	0.413744	0.3873	0.0264107	3.34047e-05	8.98402e-06	3.99042e-05	
510	0.136632	0.105317	0.0308592	0.000455678	0.60688	0.467789	0.137067	0.00202397	0.000509795	0.00226435	
511	0.0811636	0.0751572	0.00600488	1.52944e-06	0.360503	0.333824	0.0266717	6.7933e-06	1.90365e-06	8.45544e-06	
512	0.180619	0.0883405	0.0917841	0.000494817	0.802254	0.39238	0.407676	0.00219782	0.000606468	0.00269373	
513	0.110674	0.0911463	0.0195112	1.6393e-05	0.491578	0.404843	0.0866629	7.28125e-05	1.95168e-05	8.66874e-05	
514	0.23104	0.12846	0.10001	0.00257047	1.02621	0.570579	0.444214	0.0114172	0.00344501	0.0153016	
515	0.0686887	0.0565961	0.0120466	4.59459e-05	0.305093	0.251382	0.0535073	0.000204077	5.69087e-05	0.00025277	
516	0.102613	0.0885009	0.0140534	5.92374e-05	0.455777	0.393093	0.0624209	0.000263113	6.36958e-05	0.000282916	
517	0.0852248	0.0817238	0.00350096	0	0.378541	0.362991	0.0155501	0	0	0	
518	0.176394	0.155826	0.0205672	0	0.783486	0.692133	0.0913532	0	0	0	
519	0.0780687	0.0421039	0.0359647	0	0.346756	0.187012	0.159744	0	0	0	
520	0.151215	0.122351	0.0285076	0.000355701	0.67165	0.543448	0.126622	0.00157991	0.000392859	0.00174495	
521	0.270207	0.109862	0.158833	0.00151118	1.20017	0.487975	0.705489	0.00671219	0.00274526	0.0121936	
522	0.18552	0.0783442	0.106402	0.000773434	0.824021	0.34798	0.472606	0.00343534	0.00101388	0.00450333	
523	0.0896911	0.0762085	0.013469	1.35771e-05	0.398379	0.338494	0.059825	6.03052e-05	2.40049e-05	0.000106622	
524	0.142133	0.105988	0.0359492	0.000195785	0.631313	0.470768	0.159675	0.000869617	0.000254914	0.00113225	
525	0.143005	0.0997849	0.0429518	0.000268388	0.635183	0.443213	0.190778	0.00119209	0.000826117	0.00366935	
526	0.115177	0.101489	0.0136801	7.83659e-06	0.511581	0.450783	0.0607629	3.48076e-05	1.06317e-05	4.7223e-05	
527	0.108768	0.0779757	0.0306034	0.000188919	0.483113	0.346343	0.13593	0.00083912	0.000231665	0.00102898	
528	0.0912635	0.0804432	0.0108076	1.26305e-05	0.405363	0.357303	0.0480043	5.61009e-05	1.76463e-05	7.83797e-05	
529	0.138943	0.0811098	0.0572612	0.000572742	0.617144	0.360264	0.254336	0.00254394	0.000851884	0.0037838	
530	0.0943955	0.0808766	0.0134892	2.97468e-05	0.419275	0.359228	0.0599148	0.000132126	5.1965e-05	0.000230812	
531	0.179017	0.105083	0.0738006	0.000132714	0.795137	0.466748	0.327799	0.000589475	0.000456247	0.0020265	
532	0.109669	0.0838244	0.0254857	0.000359557	0.487118	0.372321	0.113199	0.00159704	0.000545555	0.00242318	
533	0.174418	0.11804	0.0553356	0.00104186	0.774711	0.5243	0.245783	0.00462761	0.00131758	0.00585228	
534	0.120625	0.113534	0.00704453	4.68316e-05	0.535781	0.504283	0.0312896	0.000208011	4.68167e-05	0.000207945	
535	0.0852483	0.077773	0.00741452	6.08332e-05	0.378646	0.345443	0.0329329	0.000270202	6.09488e-05	0.000270715	
536	0.0674988	0.0659667	0.00153211	0	0.299808	0.293003	0.00680517	0	0	0	
537	0.123985	0.0769119	0.0470344	3.87928e-05	0.550702	0.341618	0.208911	0.000172305	0.000125798	0.000558755	
538	0.130833	0.0805718	0.0497357	0.000526176	0.581122	0.357874	0.22091	0.00233711	0.000692131	0.00307422	
539	0.126899	0.0833322	0.0430951	0.000471867	0.563646	0.370135	0.191414	0.00209588	0.000683	0.00303367	
540	0.0960331	0.0801014	0.0156131	0.000318595	0.426549	0.355785	0.0693487	0.0014151	0.000352936	0.00156763	
541	0.0912626	0.0823678	0.00888417	1.06702e-05	0.40536	0.365852	0.0394607	4.73939e-05	1.63606e-05	7.26688e-05	
542	0.205624	0.150302	0.0549855	0.00033614	0.913319	0.667597	0.244228	0.00149303	0.000462284	0.00205332	
543	0.130467	0.0895977	0.0407691	0.000100787	0.579496	0.397965	0.181083	0.000447668	0.000257036	0.00114167	
544	0.159702	0.126981	0.0325414	0.000178794	0.709346	0.564013	0.144539	0.00079415	0.000187765	0.000833993	
545	0.148166	0.0753594	0.0726005	0.000206865	0.65811	0.334722	0.322468	0.00091883	0.00038818	0.00172417	
546	0.134609	0.116832	0.0177502	2.70947e-05	0.597895	0.518933	0.0788409	0.000120346	3.23389e-05	0.000143639	
547	0.0865298	0.0756616	0.010854	1.41168e-05	0.384338	0.336065	0.0482101	6.27027e-05	1.53588e-05	6.8219e-05	
548	0.11899	0.111045	0.0079455	0	0.528519	0.493227	0.0352914	0	0	0	
549	0.139006	0.0851989	0.0529638	0.000843792	0.617423	0.378426	0.235248	0.00374785	0.00147654	0.00655835	
550	0.17673	0.120013	0.0562095	0.000506809	0.784979	0.533063	0.249664	0.00225108	0.000845628	0.00375601	
551	0.0972979	0.0967846	0.000513362	0	0.432166	0.429886	0.00228019	0	0	0	
552	0.085768	0.0727662	0.0128981	0.000103616	0.380954	0.323204	0.0572894	0.000460231	0.000121623	0.000540213	
553	0.188608	0.183415	0.00518452	8.28629e-06	0.837739	0.814674	0.023028	3.6805e-05	1.00144e-05	4.44809e-05	
554	0.13676	0.10267	0.0331618	0.000928349	0.607447	0.456029	0.147294	0.00412343	0.00103432	0.00459415	
555	0.0987751	0.075316	0.0234335	2.5578e-05	0.438728	0.33453	0.104084	0.000113609	6.01947e-05	0.000267366	
556	0.168283	0.149924	0.0183554	4.09006e-06	0.747462	0.665915	0.0815292	1.81667e-05	4.06787e-06	1.80681e-05	
557	0.0916755	0.0791343	0.0124735	6.7806e-05	0.407193	0.351489	0.0554033	0.000301173	0.000101222	0.000449597	
558	0.102564	0.0976515	0.0049049	7.69539e-06	0.455557	0.433737	0.021786	3.41804e-05	7.67458e-06	3.4088e-05	
559	0.101553	0.0792387	0.0220311	0.000284011	0.45107	0.351953	0.0978554	0.00126149	0.000422592	0.00187702	
560	0.0954973	0.0850107	0.0104865	0	0.424169	0.37759	0.046578	0	0	0	
561	0.114664	0.0932973	0.021249	0.000117858	0.509302	0.414397	0.0943816	0.000523489	0.000230537	0.00102397	
562	0.068368	0.0499541	0.0184139	0	0.303669	0.22188	0.0817887	0	0	0	
563	0.0876137	0.0789973	0.00858116	3.52696e-05	0.389152	0.350881	0.0381148	0.000156656	4.43637e-05	0.000197049	
564	0.107695	0.0816503	0.0258294	0.000215684	0.478349	0.362665	0.114726	0.000958	0.000289194	0.0012845	
565	0.0975041	0.0851689	0.0122316	0.000103534	0.433082	0.378293	0.0543292	0.000459867	0.000154483	0.000686167	
566	0.119053	0.103991	0.0150111	5.07003e-05	0.528796	0.461896	0.0666747	0.000225194	5.5577e-05	0.000246855	
567	0.20229	0.161219	0.0405177	0.000553233	0.89851	0.716085	0.179967	0.00245728	0.000567456	0.00252046	
568	0.178767	0.115527	0.063236	3.16607e-06	0.794027	0.513138	0.280874	1.40627e-05	4.23983e-06	1.8832e-05	
569	0.0760459	0.0760459	0	0	0.337771	0.337771	0	0	0	0	
570	0.129056	0.120041	0.00898723	2.7429e-05	0.573226	0.533186	0.0399184	0.000121831	4.25937e-05	0.000189187	
571	0.105269	0.0917292	0.0135344	5.9961e-06	0.467574	0.407432	0.0601158	2.66328e-05	1.11047e-05	4.93239e-05	
572	0.118874	0.0978324	0.0210003	4.22146e-05	0.528004	0.43454	0.0932767	0.000187504	6.18419e-05	0.000274682	
573	0.0993024	0.0845693	0.0146795	5.36321e-05	0.44107	0.37563	0.0652019	0.000238216	6.44665e-05	0.00028634	
574	0.13273	0.0800497	0.0520235	0.000656747	0.589545	0.355555	0.231072	0.00291706	0.000957957	0.00425494	
575	0.133496	0.0845092	0.0483203	0.000667183	0.59295	0.375363	0.214623	0.00296342	0.00123604	0.00549011	
576	0.0616752	0.0546183	0.0070568	0	0.273941	0.242597	0.0313441	0	0	0	
577	0.127183	0.113431	0.0137513	0	0.564907	0.503827	0.0610791	0	0	0	
578	0.0966125	0.08924	0.00737254	0	0.429122	0.396375	0.0327465	0	0	0	
579	0.0921579	0.0875145	0.00462999	1.33732e-05	0.409336	0.388712	0.0205649	5.93997e-05	1.49571e-05	6.64348e-05	
580	0.0813061	0.0669385	0.0143244	4.31158e-05	0.361136	0.29732	0.0636246	0.000191507	6.92151e-05	0.000307431	
581	0.0860636	0.0754169	0.0106466	5.48027e-08	0.382267	0.334978	0.0472889	2.43416e-07	6.81437e-08	3.02673e-07	
582	0.0904375	0.0847019	0.00570528	3.04284e-05	0.401695	0.376219	0.025341	0.000135153	3.67614e-05	0.000163282	
583	0.116616	0.0931547	0.0233304	0.000131297	0.517973	0.413763	0.103626	0.000583183	0.000164284	0.000729699	
584	0.20615	0.128494	0.0774603	0.00019519	0.915653	0.570732	0.344054	0.000866975	0.000249941	0.00111016	
585	0.124208	0.0752151	0.0489704	2.30318e-05	0.551695	0.334082	0.217511	0.0001023	2.31361e-05	0.000102763	
586	0.138172	0.0846999	0.0533111	0.000160957	0.613716	0.37621	0.236791	0.000714924	0.000221721	0.000984814	
587	0.104945	0.0893389	0.0155312	7.47912e-05	0.466132	0.396815	0.0689848	0.000332198	9.97811e-05	0.000443196	
588	0.0682863	0.0679166	0.000369684	0	0.303306	0.301664	0.00164202	0	0	0	
589	0.156061	0.109729	0.0456848	0.000647457	0.693177	0.487383	0.202917	0.0028758	0.000864277	0.00383884	
590	0.133166	0.107868	0.0252828	1.45464e-05	0.591481	0.479118	0.112298	6.46108e-05	3.77468e-05	0.000167659	
591	0.12569	0.0963796	0.0293045	6.56815e-06	0.558278	0.428087	0.130161	2.91736e-05	1.24245e-05	5.51859e-05	
592	0.114017	0.0861927	0.0277538	7.05348e-05	0.506428	0.382841	0.123273	0.000313293	0.000116685	0.000518279	
593	0.103341	0.0944359	0.0088691	3.66811e-05	0.459011	0.419454	0.0393937	0.000162925	4.4328e-05	0.000196891	
594	0.089327	0.0808929	0.00842651	7.64095e-06	0.396762	0.3593	0.0374279	3.39387e-05	1.25834e-05	5.58916e-05	
595	0.109441	0.0942811	0.0150865	7.37851e-05	0.486104	0.418767	0.0670097	0.00032773	8.29338e-05	0.000368366	
596	0.10854	0.090681	0.0176689	0.000190623	0.482103	0.402776	0.0784801	0.000846691	0.000229921	0.00102124	
597	0.147283	0.141619	0.00565332	1.00203e-05	0.654185	0.629031	0.0251102	4.45072e-05	1.11974e-05	4.97353e-05	
598	0.11283	0.108722	0.00409202	1.5903e-05	0.501159	0.482912	0.0181754	7.06365e-05	1.58824e-05	7.05449e-05	
599	0.104494	0.0938356	0.0106592	0	0.464133	0.416788	0.0473451	0	0	0	
600	0.109415	0.108452	0.000963404	0	0.485989	0.48171	0.00427913	0	0	0	
601	0.376706	0.148739	0.22083	0.00713685	1.67321	0.660653	0.980859	0.0316996	0.00715296	0.0317711	
602	0.104563	0.103047	0.00151594	2.15671e-07	0.464437	0.457703	0.00673334	9.57945e-07	2.25985e-07	1.00375e-06	
603	0.142286	0.0521983	0.0900885	0	0.631993	0.231848	0.400144	0	0	0	
604	0.0887387	0.0813192	0.0074186	9.55841e-07	0.394149	0.361194	0.032951	4.24554e-06	9.3468e-07	4.15155e-06	
605	0.141019	0.0497744	0.0912455	0	0.626366	0.221082	0.405283	0	0	0	
606	0.145766	0.0942117	0.0505982	0.000956528	0.647448	0.418458	0.224741	0.00424859	0.00152884	0.00679065	
607	0.0877307	0.0785304	0.00919717	3.19911e-06	0.389672	0.348807	0.0408509	1.42094e-05	5.03944e-06	2.23836e-05	
608	0.0862216	0.0791496	0.00707201	0	0.382969	0.351557	0.0314116	0	0	0	
609	0.0892728	0.0874916	0.00178117	0	0.396521	0.38861	0.00791141	0	0	0	
610	0.0965915	0.080372	0.0161286	9.09749e-05	0.429029	0.356987	0.0716382	0.000404081	0.00012316	0.000547039	
611	0.0630651	0.0579659	0.00509915	0	0.280115	0.257466	0.0226488	0	0	0	
612	0.0958836	0.0910008	0.00487071	1.20315e-05	0.425884	0.404197	0.0216341	5.34404e-05	1.32076e-05	5.86642e-05	
613	0.0879804	0.0769564	0.0109599	6.4081e-05	0.390781	0.341816	0.0486805	0.000284627	7.80826e-05	0.000346818	
614	0.0922171	0.0839662	0.00821365	3.73036e-05	0.409599	0.372951	0.0364824	0.000165691	4.1173e-05	0.000182877	
615	0.0921161	0.0870982	0.00499545	2.24878e-05	0.409151	0.386862	0.0221882	9.98841e-05	2.87226e-05	0.000127576	
616	0.100198	0.0893037	0.0107164	0.000178788	0.445052	0.396659	0.047599	0.000794124	0.000188852	0.000838821	
617	0.122873	0.0920093	0.030771	9.2787e-05	0.545763	0.408676	0.136675	0.00041213	0.000104829	0.000465618	
618	0.0611335	0.0561194	0.00501417	0	0.271536	0.249264	0.0222713	0	0	0	
619	0.13517	0.0992066	0.0358464	0.000117795	0.600386	0.440644	0.159218	0.000523211	0.000142486	0.000632878	
620	0.110458	0.0880092	0.0224467	2.8825e-06	0.490623	0.390909	0.0997012	1.28031e-05	4.68217e-06	2.07967e-05	
621	0.315086	0.186746	0.123687	0.0046531	1.39951	0.829469	0.54938	0.0206676	0.00478879	0.0212703	
622	0.0423881	0.0305817	0.0117587	4.77594e-05	0.188274	0.135834	0.0522284	0.000212132	5.5215e-05	0.000245247	
623	0.0823752	0.0720708	0.0102813	2.30188e-05	0.365885	0.320116	0.0456667	0.000102242	2.76073e-05	0.000122623	
624	0.105488	0.0829519	0.0224413	9.51792e-05	0.468546	0.368446	0.0996773	0.000422755	0.000111828	0.000496706	
625	0.0666642	0.0551463	0.0115178	0	0.296101	0.244942	0.0511588	0	0	0	
626	0.0678994	0.0640188	0.00388061	0	0.301587	0.284351	0.0172364	0	0	0	
627	0.0874882	0.0793464	0.00813696	4.8666e-06	0.388595	0.352431	0.0361418	2.16159e-05	1.64692e-05	7.31511e-05	
628	0.0606093	0.0602892	0.000320097	0	0.269207	0.267785	0.00142177	0	0	0	
629	0.221505	0.138026	0.0826816	0.000797771	0.983858	0.613069	0.367245	0.00354344	0.000962081	0.00427326	
630	0.187989	0.146013	0.041947	2.90716e-05	0.83499	0.648545	0.186315	0.000129127	6.12368e-05	0.000271994	
631	0.114115	0.0961272	0.0179883	2.26308e-07	0.506866	0.426966	0.0798984	1.00519e-06	2.21148e-07	9.8227e-07	
632	0.0433854	0.0433854	0	0	0.192704	0.192704	0	0	0	0	
633	0.0576902	0.0452943	0.0123568	3.9067e-05	0.256242	0.201183	0.0548853	0.000173523	3.90463e-05	0.000173431	
634	0.0422894	0.0420971	0.000192263	0	0.187836	0.186982	0.000853973	0	0	0	
635	0.0697587	0.065755	0.00399278	1.09328e-05	0.309846	0.292062	0.0177346	4.85604e-05	1.28706e-05	5.71674e-05	
636	0.0839184	0.0652019	0.0187085	7.96783e-06	0.372739	0.289606	0.0830975	3.53905e-05	9.78116e-05	0.000434448	
637	0.0843	0.0738642	0.0104014	3.43567e-05	0.374434	0.328081	0.0462001	0.000152601	5.06706e-05	0.000225063	
638	0.14036	0.0817977	0.0585613	1.41627e-06	0.623437	0.363319	0.260111	6.29062e-06	3.86458e-06	1.71652e-05	
639	0.142418	0.0763722	0.0659987	4.71574e-05	0.632576	0.339221	0.293145	0.000209458	5.24705e-05	0.000233057	
640	0.0870132	0.0807466	0.00623612	3.04243e-05	0.386485	0.358651	0.0276988	0.000135135	3.79643e-05	0.000168625	
641	0.07529	0.0752725	1.75334e-05	0	0.334414	0.334336	7.78778e-05	0	0	0	
642	0.0636454	0.0632749	0.000370519	0	0.282692	0.281047	0.00164573	0	0	0	
643	0.18611	0.142384	0.0432684	0.000457406	0.826644	0.632427	0.192184	0.00203165	0.000584034	0.00259409	
644	0.0984004	0.0826654	0.0157349	0	0.437063	0.367173	0.0698898	0	0	0	
645	0.0833037	0.0806537	0.00264187	8.08411e-06	0.370008	0.358238	0.0117343	3.5907e-05	1.24372e-05	5.52424e-05	
646	0.119458	0.0752336	0.0440415	0.000183711	0.530598	0.334163	0.195618	0.000815986	0.000187628	0.000833388	
647	0.181148	0.124236	0.0548828	0.00202892	0.804604	0.55182	0.243772	0.00901186	0.00461598	0.0205027	
648	0.143981	0.117666	0.0261121	0.000202907	0.639519	0.522637	0.115981	0.000901251	0.00024899	0.00110593	
649	0.0645458	0.0645458	0	0	0.286692	0.286692	0	0	0	0	
650	0.0732424	0.0732181	2.43013e-05	0	0.325319	0.325211	0.000107939	0	0	0	
651	0.103756	0.101828	0.00192856	0	0.460854	0.452288	0.00856607	0	0	0	
652	0.111264	0.0827345	0.0281438	0.000386629	0.494203	0.36748	0.125006	0.00171728	0.000551987	0.00245175	
653	0.10465	0.0879448	0.0167052	0	0.464822	0.390623	0.0741994	0	0	0	
654	0.114559	0.0885443	0.0258818	0.000133565	0.508838	0.393285	0.114959	0.000593257	0.000230438	0.00102353	
655	0.131332	0.0813302	0.0477143	0.00228755	0.583335	0.361243	0.211931	0.0101606	0.00261658	0.011622	
656	0.219047	0.118823	0.0978127	0.00241108	0.97294	0.527778	0.434453	0.0107092	0.00392303	0.0174248	
657	0.130137	0.0803833	0.0497545	0	0.578031	0.357037	0.220993	0	0	0	
658	0.106817	0.0756171	0.0311884	1.2074e-05	0.47445	0.335867	0.138529	5.36289e-05	2.52765e-05	0.00011227	
659	0.130903	0.0961219	0.0340863	0.000695409	0.581432	0.426943	0.1514	0.00308878	0.000853196	0.00378962	
660	0.161963	0.100834	0.0608114	0.000317392	0.719388	0.447873	0.270105	0.00140975	0.000468616	0.00208144	
661	0.177416	0.0987494	0.0775353	0.0011318	0.788028	0.438613	0.344387	0.00502713	0.00215758	0.00958332	
662	0.116953	0.0807897	0.0358322	0.000331242	0.519469	0.358842	0.159155	0.00147127	0.000439154	0.00195058	
663	0.112968	0.0807078	0.0319507	0.000309428	0.501768	0.358478	0.141914	0.00137438	0.000467525	0.0020766	
664	0.0981925	0.0877099	0.0104814	1.05017e-06	0.43614	0.38958	0.0465554	4.66452e-06	2.46436e-06	1.09459e-05	
665	0.107496	0.0876042	0.0198448	4.7862e-05	0.477467	0.38911	0.0881446	0.000212588	6.64097e-05	0.000294971	
666	0.111645	0.0793045	0.0320939	0.00024722	0.495894	0.352245	0.14255	0.00109807	0.000322108	0.0014307	
667	0.168057	0.105298	0.060233	0.00252535	0.746457	0.467704	0.267536	0.0112168	0.00533549	0.0236985	
668	0.104166	0.0834308	0.0207186	1.65935e-05	0.462672	0.370573	0.0920256	7.37033e-05	5.62946e-05	0.000250043	
669	0.0463383	0.0437071	0.00262981	1.42099e-06	0.20582	0.194133	0.0116808	6.31162e-06	1.51043e-06	6.70887e-06	
670	0.0892611	0.0830053	0.00622875	2.70594e-05	0.396469	0.368683	0.0276661	0.000120189	3.57255e-05	0.000158681	
671	0.0563834	0.0508751	0.00550817	1.74683e-07	0.250437	0.225971	0.0244655	7.7589e-07	2.30968e-06	1.02588e-05	
672	0.150735	0.112482	0.0382082	4.5265e-05	0.66952	0.49961	0.169709	0.000201053	5.89052e-05	0.000261638	
673	0.148594	0.101929	0.0460852	0.000579131	0.660008	0.452739	0.204696	0.00257232	0.00109084	0.00484519	
674	0.130187	0.0957891	0.0342175	0.000180918	0.578252	0.425465	0.151983	0.000803581	0.000262192	0.00116457	
675	0.113581	0.0815652	0.0318963	0.000120341	0.504495	0.362287	0.141673	0.00053452	0.000132561	0.000588794	
676	0.144014	0.110292	0.0333268	0.000395021	0.639664	0.489883	0.148027	0.00175456	0.000496597	0.00220572	
677	0.102343	0.0938656	0.00841611	6.12731e-05	0.454575	0.416921	0.0373817	0.000272155	7.1731e-05	0.000318606	
678	0.101534	0.0806847	0.0207226	0.000127177	0.450984	0.358376	0.0920435	0.000564883	0.000199568	0.000886421	
679	0.132221	0.0914162	0.0408057	0	0.587288	0.406041	0.181246	0	0	0	
680	0.126242	0.110913	0.0153291	0	0.560729	0.492641	0.0680873	0	0	0	
681	0.108462	0.0982085	0.0102427	1.11588e-05	0.481755	0.436211	0.0454951	4.95641e-05	2.22094e-05	9.86472e-05	
682	0.100136	0.0981081	0.00202855	0	0.444775	0.435765	0.00901022	0	0	0	
683	0.0985225	0.0916179	0.00690457	0	0.437605	0.406937	0.0306679	0	0	0	
684	0.122464	0.0947215	0.0276867	5.62985e-05	0.543948	0.420722	0.122975	0.00025006	5.72919e-05	0.000254472	
685	0.185539	0.141419	0.0436075	0.000512254	0.824109	0.628142	0.193691	0.00227527	0.000518728	0.00230402	
686	0.107943	0.0909548	0.0164203	0.000567892	0.479449	0.403992	0.0729338	0.00252239	0.000580923	0.00258027	
687	0.0835809	0.0782045	0.00536115	1.52937e-05	0.37124	0.347359	0.0238125	6.79299e-05	1.90998e-05	8.48353e-05	
688	0.0650865	0.0645531	0.000533447	0	0.289094	0.286724	0.0023694	0	0	0	
689	0.00738868	0.00718641	0.000202275	0	0.0328182	0.0319197	0.000898442	0	0	0	
690	0.0607535	0.0601247	0.000628773	0	0.269848	0.267055	0.00279281	0	0	0	
691	0.118367	0.0985968	0.0193096	0.000461455	0.525752	0.437935	0.0857675	0.00204963	0.000496862	0.0022069	
692	0.0732708	0.0732708	0	0	0.325446	0.325446	0	0	0	0	
693	0.0916551	0.0797162	0.0119105	2.83083e-05	0.407103	0.354074	0.0529029	0.000125736	4.0179e-05	0.000178462	
694	0.212082	0.155148	0.0558256	0.00110765	0.942001	0.689122	0.247959	0.00491986	0.00139712	0.00620559	
695	0.0914166	0.0796992	0.0117086	8.68394e-06	0.406043	0.353999	0.0520062	3.85713e-05	1.3081e-05	5.81019e-05	
696	0.213563	0.160514	0.0522128	0.000836396	0.948583	0.712955	0.231912	0.00371501	0.000958737	0.0042584	
697	0.147575	0.0831802	0.0632955	0.00110003	0.655485	0.36946	0.281138	0.00488599	0.00211174	0.00937969	
698	0.256497	0.196731	0.0591036	0.000662251	1.13928	0.873819	0.262519	0.00294151	0.00135055	0.00599871	
699	0.294876	0.186227	0.106384	0.00226467	1.30974	0.827164	0.472526	0.0100589	0.00287316	0.0127617	
700	0.0829126	0.0829126	0	0	0.368271	0.368271	0	0	0	0	
701	0.0828103	0.0827683	4.19848e-05	0	0.367817	0.36763	0.000186483	0	0	0	
702	0.11321	0.106746	0.0064638	0	0.502843	0.474133	0.0287101	0	0	0	
703	0.0926236	0.0880397	0.00457403	9.87988e-06	0.411404	0.391044	0.0203163	4.38833e-05	9.85933e-06	4.3792e-05	
704	0.0948138	0.0798016	0.0149918	2.04288e-05	0.421133	0.354453	0.0665889	9.07384e-05	2.53552e-05	0.000112619	
705	0.097161	0.0884672	0.00869376	0	0.431558	0.392943	0.0386149	0	0	0	
706	0.242359	0.158884	0.0833737	0.000101109	1.07648	0.705716	0.370319	0.000449095	0.000165053	0.000733113	
707	0.0878193	0.0806109	0.00720833	0	0.390065	0.358048	0.0320171	0	0	0	
708	0.0802783	0.0802783	0	0	0.35657	0.35657	0	0	0	0	
709	0.129051	0.103809	0.0248957	0.000346675	0.573207	0.461088	0.110579	0.00153982	0.00035513	0.00157737	
710	0.149756	0.0963944	0.0533148	4.68574e-05	0.665169	0.428153	0.236807	0.000208126	6.97501e-05	0.000309808	
711	0.0994946	0.0810066	0.0184879	0	0.441923	0.359806	0.0821178	0	0	0	
712	0.0769315	0.0768784	5.31057e-05	0	0.341705	0.341469	0.000235878	0	0	0	
713	0.0912513	0.0787298	0.0125214	0	0.405309	0.349693	0.0556161	0	0	0	
714	0.0937286	0.0820038	0.0117247	0	0.416313	0.364235	0.0520777	0	0	0	
715	0.0750237	0.0703348	0.00468895	0	0.333231	0.312405	0.0208268	0	0	0	
716	0.0838093	0.0752859	0.00849245	3.09631e-05	0.372254	0.334396	0.0377207	0.000137528	3.12017e-05	0.000138588	
717	0.0974205	0.088641	0.00877428	5.28681e-06	0.432711	0.393715	0.0389726	2.34823e-05	5.2661e-06	2.33903e-05	
718	0.116429	0.108585	0.00779307	5.06833e-05	0.517143	0.482304	0.0346143	0.000225119	5.22481e-05	0.000232069	
719	0.0704388	0.0631805	0.00717998	7.83643e-05	0.312867	0.280628	0.0318912	0.000348069	7.90704e-05	0.000351205	
720	0.0626561	0.0623377	0.000318426	0	0.278298	0.276884	0.00141434	0	0	0	
721	0.125787	0.106756	0.0189152	0.000116114	0.558709	0.474178	0.0840156	0.000515744	0.000126618	0.000562398	
722	0.081422	0.0811809	0.000241063	0	0.361651	0.36058	0.00107072	0	0	0	
723	0.111319	0.102458	0.00885666	4.33668e-06	0.494445	0.455088	0.0393384	1.92621e-05	4.31589e-06	1.91698e-05	
724	0.081055	0.0808139	0.000241063	0	0.36002	0.35895	0.00107072	0	0	0	
725	0.0849983	0.0626393	0.022359	0	0.377535	0.278224	0.0993116	0	0	0	
726	0.0438189	0.0427054	0.0011135	0	0.194629	0.189684	0.00494585	0	0	0	
727	0.0896744	0.0890991	0.000575253	0	0.398305	0.39575	0.00255509	0	0	0	
728	0.0988691	0.0855504	0.0131547	0.000163881	0.439145	0.379988	0.0584294	0.000727909	0.000169022	0.000750745	
729	0.105971	0.077713	0.0274659	0.000792328	0.470691	0.345176	0.121995	0.00351927	0.00134652	0.00598082	
730	0.11284	0.105039	0.00776726	3.46271e-05	0.501203	0.46655	0.0344997	0.000153802	3.74497e-05	0.000166339	
731	0.117126	0.0945765	0.0220607	0.000489389	0.520239	0.420079	0.0979867	0.00217371	0.00051089	0.00226921	
732	0.0826016	0.0774846	0.00511699	0	0.36689	0.344162	0.022728	0	0	0	
733	0.105182	0.0921053	0.0129195	0.000157684	0.467187	0.409103	0.0573845	0.000700384	0.000183873	0.000816709	
734	0.113684	0.106996	0.00668766	4.32458e-07	0.504952	0.475246	0.0297044	1.92084e-06	8.05318e-07	3.57696e-06	
735	0.0675283	0.0658222	0.00170602	0	0.299939	0.292361	0.00757763	0	0	0	
736	0.05582	0.0555735	0.00024651	0	0.247934	0.246839	0.00109492	0	0	0	
737	0.0921838	0.0797603	0.0124222	1.37932e-06	0.409451	0.35427	0.0551755	6.12652e-06	1.4768e-06	6.55949e-06	
738	0.119887	0.113335	0.00650069	5.08758e-05	0.532501	0.503402	0.028874	0.000225974	5.56821e-05	0.000247322	
739	0.0662939	0.0649217	0.00136878	3.35415e-06	0.294456	0.288362	0.00607972	1.4898e-05	4.33302e-06	1.92459e-05	
740	0.036804	0.036748	5.59509e-05	0	0.163471	0.163223	0.000248516	0	0	0	
741	0.0907144	0.0865157	0.00419783	9.24562e-07	0.402925	0.384275	0.0186454	4.10661e-06	1.20128e-06	5.33573e-06	
742	0.146633	0.123128	0.0234803	2.42837e-05	0.651299	0.546899	0.104292	0.00010786	2.42629e-05	0.000107768	
743	0.0880471	0.0842989	0.00371595	3.23181e-05	0.391077	0.374429	0.0165051	0.000143547	3.22975e-05	0.000143455	
744	0.0576942	0.0554303	0.0022615	2.36722e-06	0.256259	0.246204	0.0100448	1.05144e-05	2.7442e-06	1.21888e-05	
745	0.122508	0.101875	0.020621	1.23663e-05	0.544145	0.452498	0.091592	5.49275e-05	3.3539e-05	0.000148969	
746	0.0816308	0.0752448	0.0063503	3.57735e-05	0.362578	0.334213	0.028206	0.000158894	4.01812e-05	0.000178472	
747	0.0853936	0.0843574	0.0010362	0	0.379291	0.374689	0.00460249	0	0	0	
748	0.100461	0.0823352	0.0181258	0	0.446216	0.365707	0.0805093	0	0	0	
749	0.12062	0.112513	0.00808751	1.91416e-05	0.535757	0.49975	0.0359221	8.5021e-05	1.91208e-05	8.49287e-05	
750	0.0918456	0.0822351	0.00961047	0	0.407949	0.365262	0.0426866	0	0	0	
751	0.301878	0.152124	0.129755	0.019998	1.34084	0.675689	0.576332	0.0888252	0.0219375	0.0974396	
752	0.0880564	0.0764674	0.011572	1.70549e-05	0.391119	0.339644	0.0513994	7.57528e-05	2.49412e-05	0.000110781	
753	0.102231	0.0926205	0.00961047	0	0.454078	0.411391	0.0426866	0	0	0	
754	0.23285	0.176683	0.0561515	1.59535e-05	1.03425	0.784772	0.249407	7.08607e-05	1.62358e-05	7.21146e-05	
755	0.112415	0.0921467	0.0202519	1.64049e-05	0.499312	0.409286	0.0899526	7.28656e-05	1.64664e-05	7.31388e-05	
756	0.217183	0.114166	0.103017	0	0.964659	0.50709	0.457569	0	0	0	
757	0.123292	0.0776197	0.0424758	0.0031972	0.547627	0.344762	0.188664	0.0142009	0.00326026	0.014481	
758	0.203548	0.12795	0.0755122	8.60814e-05	0.904098	0.568314	0.335401	0.000382346	0.000109771	0.000487569	
759	0.111326	0.0713962	0.0396727	0.00025731	0.494476	0.317119	0.176213	0.00114289	0.000271648	0.00120657	
760	0.113254	0.0867901	0.02643	3.46686e-05	0.503042	0.385494	0.117393	0.000153987	0.000158495	0.000703988	
761	0.121164	0.109973	0.01108	0.000111287	0.538175	0.488467	0.0492139	0.000494304	0.000112951	0.000501693	
762	0.0506989	0.0506989	0	0	0.225188	0.225188	0	0	0	0	
763	0.0554395	0.0539857	0.00145377	0	0.246244	0.239787	0.00645718	0	0	0	
764	0.0797865	0.0767412	0.00304531	0	0.354386	0.34086	0.0135263	0	0	0	
765	0.0852209	0.0838436	0.00137728	0	0.378524	0.372406	0.00611748	0	0	0	
766	0.0515419	0.0445164	0.00692288	0.000102696	0.228933	0.197727	0.0307492	0.000456143	0.000102675	0.000456051	
767	0.0484514	0.0431614	0.00529006	0	0.215206	0.191709	0.0234968	0	0	0	
768	0.045331	0.0453211	9.91759e-06	0	0.201346	0.201302	4.40508e-05	0	0	0	
769	0.0734594	0.0524837	0.0208291	0.000146477	0.326283	0.233116	0.0925166	0.000650604	0.000213274	0.000947297	
770	0.076901	0.0565775	0.0203234	0	0.34157	0.251299	0.0902705	0	0	0	
771	0.0983003	0.0782658	0.0200269	7.54559e-06	0.436618	0.347632	0.0889535	3.35151e-05	1.07371e-05	4.76908e-05	
772	0.103357	0.10328	7.62866e-05	0	0.45908	0.458741	0.000338841	0	0	0	
773	0.102992	0.090543	0.0124422	6.84946e-06	0.457458	0.402163	0.0552644	3.04231e-05	1.31148e-05	5.8252e-05	
774	0.0778428	0.0776433	0.00019948	0	0.345753	0.344867	0.000886029	0	0	0	
775	0.0756629	0.0756629	0	0	0.33607	0.33607	0	0	0	0	
776	0.0649093	0.0649093	0	0	0.288306	0.288306	0	0	0	0	
777	0.0743356	0.0743356	0	0	0.330175	0.330175	0	0	0	0	
778	0.0922939	0.0922939	0	0	0.40994	0.40994	0	0	0	0	
779	0.153764	0.110765	0.0429989	0	0.682972	0.491984	0.190987	0	0	0	
780	0.0488641	0.0434923	0.00537173	0	0.217038	0.193179	0.0238595	0	0	0	
781	0.0615505	0.0424929	0.0190572	4.23065e-07	0.273388	0.18874	0.0846462	1.87912e-06	4.02359e-07	1.78715e-06	
782	0.10409	0.0951874	0.00890202	1.54768e-06	0.462339	0.422792	0.03954	6.87433e-06	1.52702e-06	6.78255e-06	
783	0.260412	0.134932	0.112344	0.0131348	1.15667	0.599329	0.499	0.0583409	0.0155632	0.069127	
784	0.0717773	0.0717773	0	0	0.318812	0.318812	0	0	0	0	
785	0.134126	0.0753817	0.0587129	3.16488e-05	0.595746	0.334821	0.260784	0.000140574	4.09681e-05	0.000181967	
786	0.135718	0.0949611	0.0407453	1.17291e-05	0.602817	0.421787	0.180978	5.20972e-05	1.1707e-05	5.19988e-05	
787	0.179862	0.084106	0.0955238	0.000232862	0.798893	0.373572	0.424286	0.0010343	0.000245174	0.00108898	
788	0.143699	0.0916968	0.0519847	1.76208e-05	0.638266	0.407288	0.230899	7.8266e-05	4.00174e-05	0.000177745	
789	0.10306	0.102861	0.00019948	0	0.457764	0.456878	0.000886029	0	0	0	
790	0.120984	0.0846188	0.0363654	0	0.537373	0.37585	0.161523	0	0	0	
791	0.129797	0.0873956	0.042402	0	0.57652	0.388183	0.188336	0	0	0	
792	0.0915409	0.0826686	0.00887227	0	0.406596	0.367188	0.0394078	0	0	0	
793	0.270528	0.147771	0.114058	0.00869795	1.2016	0.656354	0.506612	0.0386335	0.0128499	0.0570754	
794	0.100836	0.0898745	0.0109362	2.56174e-05	0.447883	0.399194	0.0485754	0.000113784	2.84876e-05	0.000126533	
795	0.124186	0.105928	0.0182577	0	0.551595	0.4705	0.081095	0	0	0	
796	0.0941189	0.0941189	0	0	0.418046	0.418046	0	0	0	0	
797	0.0534471	0.0534471	0	0	0.237395	0.237395	0	0	0	0	
798	0.197179	0.104169	0.0913093	0.00170057	0.875807	0.462686	0.405567	0.00755342	0.00276819	0.0122954	
799	0.172526	0.129769	0.0426991	5.70895e-05	0.766306	0.576397	0.189656	0.000253573	6.05689e-05	0.000269028	
800	0.210413	0.15933	0.0510828	2.65891e-08	0.934589	0.707695	0.226893	1.181e-07	1.00496e-07	4.46373e-07	
801	0.159816	0.0855812	0.0742035	3.16979e-05	0.709854	0.380124	0.329588	0.000140792	0.000207863	0.000923265	
802	0.110898	0.0866604	0.024196	4.23307e-05	0.492577	0.384918	0.10747	0.000188019	5.94868e-05	0.000264222	
803	0.0836013	0.0836013	0	0	0.37133	0.37133	0	0	0	0	
804	0.189192	0.151575	0.0368297	0.000787189	0.840333	0.67325	0.163586	0.00349644	0.000806124	0.00358054	
805	0.206739	0.144427	0.0621117	0.000200819	0.918273	0.6415	0.27588	0.000891976	0.000806101	0.00358044	
806	0.141061	0.107325	0.0333261	0.000410181	0.626551	0.476705	0.148024	0.00182189	0.000460166	0.00204391	
807	0.160805	0.119774	0.040927	0.000103501	0.714246	0.532001	0.181784	0.000459721	0.000131854	0.000585654	
808	0.17025	0.153173	0.0170668	1.00843e-05	0.756198	0.680348	0.0758056	4.47915e-05	1.36001e-05	6.04077e-05	
809	0.184596	0.112612	0.0717182	0.000265376	0.819917	0.500189	0.318549	0.00117872	0.000357403	0.00158747	
810	0.0783229	0.0782287	9.41949e-05	0	0.347885	0.347467	0.000418384	0	0	0	
811	0.12266	0.097466	0.0250834	0.000111193	0.54482	0.432913	0.111412	0.000493886	0.000123889	0.000550276	
812	0.18282	0.112562	0.0685116	0.00174714	0.812032	0.499965	0.304307	0.00776028	0.00290026	0.012882	
813	0.064917	0.0641842	0.000732752	0	0.28834	0.285086	0.00325465	0	0	0	
814	0.0988662	0.081766	0.0170984	1.78754e-06	0.439132	0.363179	0.0759457	7.93972e-06	2.50293e-06	1.11172e-05	
815	0.144975	0.133081	0.0118305	6.29335e-05	0.643933	0.591106	0.0525477	0.00027953	6.3245e-05	0.000280914	
816	0.236405	0.156325	0.0797404	0.000338774	1.05003	0.69435	0.354181	0.00150473	0.000604514	0.00268506	
817	0.149011	0.0975022	0.0512938	0.000214887	0.661859	0.433074	0.227831	0.000954461	0.000515423	0.00228935	
818	0.184887	0.124663	0.0599863	0.00023769	0.821211	0.553714	0.26644	0.00105574	0.000346169	0.00153757	
819	0.0671735	0.0671735	0	0	0.298363	0.298363	0	0	0	0	
820	0.0951062	0.0910451	0.00405768	3.4792e-06	0.422431	0.404393	0.0180229	1.54535e-05	6.21216e-06	2.75924e-05	
821	0.0276885	0.0276498	3.86385e-05	0	0.122983	0.122812	0.00017162	0	0	0	
822	0.0932594	0.0845316	0.00872707	7.27811e-07	0.414229	0.375463	0.0387628	3.2327e-06	9.46116e-07	4.20235e-06	
823	0.0660506	0.0591911	0.00685946	0	0.293375	0.262908	0.0304675	0	0	0	
824	0.119964	0.119936	2.85712e-05	0	0.532845	0.532718	0.000126904	0	0	0	
825	0.0792008	0.0787641	0.000436664	0	0.351785	0.349845	0.00193952	0	0	0	
826	0.117912	0.106397	0.011515	0	0.52373	0.472584	0.0511463	0	0	0	
827	0.0847928	0.0843276	0.000465104	8.63594e-08	0.376623	0.374556	0.00206584	3.83581e-07	6.55936e-08	2.91346e-07	
828	0.17402	0.103903	0.0697702	0.000346344	0.772943	0.461508	0.309897	0.00153835	0.000641443	0.00284909	
829	0.133014	0.101798	0.0312162	0	0.590809	0.452156	0.138652	0	0	0	
830	0.159367	0.134237	0.0251302	1.07754e-07	0.707859	0.596238	0.11162	4.78612e-07	4.16659e-06	1.85067e-05	
831	0.101011	0.100881	0.000130157	0	0.448659	0.448081	0.000578117	0	0	0	
832	0.0870206	0.0840463	0.00297296	1.34078e-06	0.386518	0.373307	0.0132049	5.95535e-06	1.77452e-06	7.88188e-06	
833	0.0896731	0.0886167	0.00105638	0	0.398299	0.393607	0.00469212	0	0	0	
834	0.0985043	0.0981273	0.000376864	1.16872e-07	0.437525	0.43585	0.00167391	5.19111e-07	2.17497e-07	9.66055e-07	
835	0.0982936	0.0967899	0.00150368	0	0.436589	0.42991	0.00667888	0	0	0	
836	0.147664	0.11642	0.0312304	1.35075e-05	0.655877	0.517101	0.138715	5.99964e-05	1.42683e-05	6.33754e-05	
837	0.129264	0.120369	0.00881372	8.15853e-05	0.574152	0.534642	0.0391477	0.000362376	8.37668e-05	0.000372065	
838	0.144535	0.0974673	0.0467797	0.000288629	0.641982	0.432919	0.20778	0.001282	0.000373106	0.00165722	
839	0.200182	0.152575	0.0469324	0.000674508	0.889145	0.67769	0.208458	0.00299595	0.000788317	0.00350145	
840	0.108825	0.076745	0.0320809	0	0.48337	0.340877	0.142493	0	0	0	
841	0.111853	0.0800013	0.031849	3.53296e-06	0.496819	0.35534	0.141463	1.56923e-05	1.67396e-05	7.43523e-05	
842	0.100898	0.0979922	0.00290631	0	0.448159	0.43525	0.0129089	0	0	0	
843	0.139346	0.12148	0.0176788	0.000187679	0.618933	0.539575	0.0785239	0.000833612	0.000203565	0.000904171	
844	0.115111	0.109976	0.0051319	2.19749e-06	0.511286	0.488482	0.0227942	9.76058e-06	2.17679e-06	9.66865e-06	
845	0.197507	0.134536	0.0614175	0.00155378	0.877266	0.597568	0.272797	0.00690141	0.00183591	0.00815454	
846	0.103378	0.0938859	0.00949301	0	0.459176	0.417011	0.0421649	0	0	0	
847	0.12554	0.0957325	0.0297905	1.69392e-05	0.557609	0.425213	0.13232	7.5239e-05	1.72925e-05	7.68079e-05	
848	0.105798	0.102608	0.00318869	6.35582e-07	0.469921	0.455755	0.0141631	2.82305e-06	8.92212e-07	3.96292e-06	
849	0.101339	0.0966822	0.00465508	2.00764e-06	0.450117	0.429432	0.0206764	8.9173e-06	3.82786e-06	1.70021e-05	
850	0.0800205	0.0799998	2.06857e-05	0	0.355426	0.355334	9.18794e-05	0	0	0	
851	0.0646307	0.0644565	0.000174109	0	0.287069	0.286295	0.000773339	0	0	0	
852	0.0962762	0.0846719	0.0115294	7.48028e-05	0.427628	0.376086	0.0512103	0.00033225	8.52441e-05	0.000378627	
853	0.10522	0.103289	0.00193096	0	0.467355	0.458778	0.00857671	0	0	0	
854	0.0987858	0.0943651	0.00441795	2.82312e-06	0.438775	0.41914	0.0196231	1.25394e-05	7.28635e-06	3.23636e-05	
855	0.106052	0.0930644	0.0127971	0.000190494	0.47105	0.413363	0.0568409	0.000846116	0.000190473	0.000846022	
856	0.113755	0.103453	0.0103018	0	0.505265	0.459507	0.0457576	0	0	0	
857	0.0632543	0.0632543	0	0	0.280955	0.280955	0	0	0	0	
858	0.10381	0.0852102	0.0185959	4.12459e-06	0.461092	0.378476	0.0825974	1.83201e-05	5.48385e-06	2.43575e-05	
859	0.126132	0.111679	0.0144532	0	0.56024	0.496043	0.0641968	0	0	0	
860	0.0942184	0.0839165	0.0103018	0	0.418488	0.37273	0.0457576	0	0	0	
861	0.0861288	0.086068	6.07421e-05	0	0.382556	0.382287	0.000269797	0	0	0	
862	0.0868906	0.0786316	0.00824224	1.68526e-05	0.38594	0.349256	0.0366094	7.4854e-05	1.76856e-05	7.85542e-05	
863	0.119463	0.11472	0.00474335	0	0.530619	0.50955	0.0210684	0	0	0	
864	0.105168	0.0948971	0.0102718	0	0.467127	0.421503	0.045624	0	0	0	
865	0.117971	0.116268	0.0017035	0	0.523992	0.516426	0.00756641	0	0	0	
866	0.0773308	0.0755602	0.00177064	0	0.343479	0.335614	0.00786466	0	0	0	
867	0.0861006	0.0861006	0	0	0.382432	0.382432	0	0	0	0	
868	0.103536	0.0994024	0.00411505	1.91328e-05	0.459876	0.441514	0.0182777	8.49819e-05	1.94984e-05	8.66058e-05	
869	0.0966414	0.0940951	0.0025375	8.78735e-06	0.42925	0.417941	0.0112708	3.90306e-05	9.22816e-06	4.09885e-05	
870	0.127111	0.125541	0.00157053	0	0.564591	0.557615	0.00697583	0	0	0	
871	0.102672	0.0983565	0.00431083	5.20416e-06	0.456039	0.436868	0.0191473	2.31152e-05	5.18342e-06	2.30231e-05	
872	0.0424517	0.0416814	0.000770292	0	0.188557	0.185135	0.00342139	0	0	0	
873	0.101197	0.099463	0.00173021	3.79357e-06	0.449485	0.441783	0.00768508	1.68498e-05	3.77283e-06	1.67577e-05	
874	0.0969595	0.0904738	0.00648462	1.11453e-06	0.430663	0.401856	0.0288026	4.95042e-06	1.39251e-06	6.18512e-06	
875	0.0811381	0.0811381	0	0	0.36039	0.36039	0	0	0	0	
876	0.0442643	0.0442643	0	0	0.196608	0.196608	0	0	0	0	
877	0.0942943	0.0872568	0.00702183	1.57151e-05	0.418825	0.387567	0.0311887	6.98017e-05	1.59909e-05	7.10267e-05	
878	0.0989403	0.0989403	0	0	0.439461	0.439461	0	0	0	0	
879	0.0868697	0.0868697	0	0	0.385847	0.385847	0	0	0	0	
880	0.0886808	0.0873207	0.00136007	0	0.393892	0.387851	0.00604102	0	0	0	
881	0.0794502	0.0790047	0.000445424	0	0.352892	0.350914	0.00197843	0	0	0	
882	0.0910557	0.0890885	0.00196701	1.73664e-07	0.40444	0.395703	0.00873684	7.71362e-07	4.82514e-07	2.14317e-06	
883	0.0597589	0.0590261	0.000732752	0	0.26543	0.262175	0.00325465	0	0	0	
884	0.0784991	0.0784991	0	0	0.348668	0.348668	0	0	0	0	
885	0.0891731	0.0891731	0	0	0.396079	0.396079	0	0	0	0	
886	0.102423	0.10133	0.00109284	0	0.454934	0.450079	0.00485407	0	0	0	
887	0.0658761	0.0658587	1.73666e-05	0	0.2926	0.292523	7.71369e-05	0	0	0	
888	0.0964564	0.0964564	0	0	0.428429	0.428429	0	0	0	0	
889	0.0643774	0.0643774	0	0	0.285944	0.285944	0	0	0	0	
890	0.0962208	0.0912947	0.00491406	1.2112e-05	0.427382	0.405502	0.0218267	5.37979e-05	1.20912e-05	5.37056e-05	
891	0.0411179	0.0411179	0	0	0.182633	0.182633	0	0	0	0	
892	0.0583293	0.0583293	0	0	0.25908	0.25908	0	0	0	0	
893	0.0865712	0.0865712	0	0	0.384522	0.384522	0	0	0	0	
894	0.0837861	0.0834648	0.000321293	0	0.372151	0.370724	0.00142708	0	0	0	
895	0.0798758	0.0797446	0.000131201	0	0.354783	0.3542	0.000582756	0	0	0	
896	0.0788632	0.0785419	0.000321293	0	0.350285	0.348858	0.00142708	0	0	0	
897	0.072394	0.0714517	0.000942274	0	0.321551	0.317366	0.00418528	0	0	0	
898	0.0728854	0.0728854	0	0	0.323734	0.323734	0	0	0	0	
899	0.0986805	0.0953653	0.00331516	0	0.438307	0.423582	0.0147249	0	0	0	
900	0.0815953	0.0815953	0	0	0.36242	0.36242	0	0	0	0	
901	0.169542	0.112031	0.0566484	0.000862767	0.753054	0.497607	0.251614	0.00383213	0.00115448	0.00512784	
902	0.0750714	0.074986	8.54643e-05	0	0.333443	0.333064	0.000379605	0	0	0	
903	0.199074	0.115892	0.0786668	0.00451491	0.884226	0.514759	0.349413	0.0200538	0.00531523	0.0236085	
904	0.0676652	0.0676652	0	0	0.300547	0.300547	0	0	0	0	
905	0.153073	0.0927158	0.0603573	0	0.679902	0.411814	0.268088	0	0	0	
906	0.180249	0.130461	0.0493497	0.000438433	0.800612	0.579468	0.219196	0.00194738	0.000464611	0.00206365	
907	0.0802721	0.0802501	2.20215e-05	0	0.356543	0.356445	9.78127e-05	0	0	0	
908	0.115404	0.0992136	0.0161733	1.75553e-05	0.51259	0.440675	0.071837	7.79751e-05	2.32578e-05	0.000103303	
909	0.106005	0.105471	0.000534139	0	0.470843	0.46847	0.00237248	0	0	0	
910	0.116308	0.0901593	0.0261363	1.32355e-05	0.516607	0.400459	0.116089	5.87883e-05	1.32148e-05	5.86961e-05	
911	0.117653	0.106617	0.0108935	0.000142431	0.52258	0.473562	0.0483858	0.000632634	0.000152988	0.000679525	
912	0.103138	0.0959025	0.00721964	1.62417e-05	0.458108	0.425968	0.0320673	7.21405e-05	2.3935e-05	0.000106312	
913	0.117087	0.0987323	0.0182909	6.379e-05	0.520063	0.438537	0.0812428	0.000283335	6.73714e-05	0.000299242	
914	0.0767273	0.0767273	0	0	0.340798	0.340798	0	0	0	0	
915	0.100684	0.0917584	0.00892581	0	0.447207	0.407562	0.0396456	0	0	0	
916	0.106902	0.106902	0	0	0.474825	0.474825	0	0	0	0	
917	0.11742	0.0926252	0.0247948	4.29156e-07	0.521544	0.411412	0.11013	1.90617e-06	2.86502e-06	1.27255e-05	
918	0.124496	0.0889995	0.0352825	0.0002149	0.552975	0.395307	0.156713	0.000954518	0.000666452	0.00296017	
919	0.0906946	0.0862913	0.00440332	0	0.402836	0.383278	0.0195581	0	0	0	
920	0.118257	0.0858567	0.0323115	8.97029e-05	0.525264	0.381348	0.143517	0.000398432	0.000196198	0.000871449	
921	0.0383369	0.0383369	0	0	0.17028	0.17028	0	0	0	0	
922	0.019215	0.0191577	5.73153e-05	0	0.0853471	0.0850925	0.000254576	0	0	0	
923	0.0611469	0.0592415	0.00190351	1.85468e-06	0.271595	0.263132	0.00845479	8.2379e-06	1.92381e-06	8.54498e-06	
924	0.0568905	0.0517281	0.00516233	0	0.252689	0.22976	0.0229294	0	0	0	
925	0.0470708	0.0448742	0.00219659	0	0.209073	0.199317	0.0097566	0	0	0	
926	0.0631385	0.058879	0.00425949	0	0.280441	0.261522	0.0189193	0	0	0	
927	0.0790692	0.0773672	0.00170202	0	0.3512	0.34364	0.00755985	0	0	0	
928	0.100675	0.0952386	0.00543675	0	0.447168	0.423019	0.0241483	0	0	0	
929	0.0432737	0.0430485	0.000225262	0	0.192208	0.191207	0.00100054	0	0	0	
930	0.0750805	0.0748552	0.000225262	0	0.333484	0.332483	0.00100054	0	0	0	
931	0.0913665	0.0826791	0.0086003	8.70478e-05	0.405821	0.367234	0.0381998	0.000386638	8.70268e-05	0.000386545	
932	0.0863167	0.0842426	0.0020741	0	0.383391	0.374179	0.00921251	0	0	0	
933	0.0477774	0.0477774	0	0	0.212212	0.212212	0	0	0	0	
934	0.0455214	0.0455214	0	0	0.202191	0.202191	0	0	0	0	
935	0.0885942	0.0778189	0.0107651	1.01435e-05	0.393507	0.345647	0.0478154	4.50544e-05	1.20508e-05	5.35261e-05	
936	0.0766151	0.0759172	0.000697953	0	0.3403	0.3372	0.00310009	0	0	0	
937	0.0619799	0.0619799	0	0	0.275295	0.275295	0	0	0	0	
938	0.0674259	0.0674259	0	0	0.299484	0.299484	0	0	0	0	
939	0.0743733	0.0730128	0.00136045	0	0.330342	0.324299	0.00604271	0	0	0	
940	0.0753242	0.0745999	0.000724323	0	0.334566	0.331349	0.00321721	0	0	0	
941	0.0688353	0.0688353	0	0	0.305744	0.305744	0	0	0	0	
942	0.0709489	0.0709489	0	0	0.315132	0.315132	0	0	0	0	
943	0.0803594	0.0803594	0	0	0.356931	0.356931	0	0	0	0	
944	0.0645302	0.0637182	0.000811993	0	0.286623	0.283016	0.00360661	0	0	0	
945	0.0634374	0.0634374	0	0	0.281769	0.281769	0	0	0	0	
946	0.0657385	0.0657385	0	0	0.291989	0.291989	0	0	0	0	
947	0.0959887	0.0959887	0	0	0.426351	0.426351	0	0	0	0	
948	0.066797	0.0543586	0.0124383	0	0.296691	0.241444	0.0552473	0	0	0	
949	0.064859	0.064859	0	0	0.288083	0.288083	0	0	0	0	
950	0.086284	0.086284	0	0	0.383246	0.383246	0	0	0	0	
951	0.11683	0.116282	0.000548462	0	0.518924	0.516488	0.00243609	0	0	0	
952	0.0503475	0.0496232	0.000724323	0	0.223627	0.22041	0.00321721	0	0	0	
953	0.0534389	0.0534389	0	0	0.237358	0.237358	0	0	0	0	
954	0.0872539	0.0866245	0.000629403	0	0.387554	0.384759	0.00279561	0	0	0	
955	0.0893167	0.0893167	0	0	0.396716	0.396716	0	0	0	0	
956	0.0527143	0.049829	0.00288536	0	0.23414	0.221324	0.0128158	0	0	0	
957	0.0791774	0.0791774	0	0	0.351681	0.351681	0	0	0	0	
958	0.0829152	0.0694896	0.0134255	0	0.368283	0.308651	0.0596322	0	0	0	
959	0.0911685	0.0911685	0	0	0.404941	0.404941	0	0	0	0	
960	0.0568043	0.0568043	0	0	0.252306	0.252306	0	0	0	0	
961	0.0775771	0.0751056	0.00247151	0	0.344573	0.333595	0.0109777	0	0	0	
962	0.098215	0.0981888	2.62376e-05	0	0.43624	0.436123	0.000116539	0	0	0	
963	0.146079	0.146042	3.75655e-05	0	0.648839	0.648673	0.000166854	0	0	0	
964	0.105178	0.104549	0.000629403	0	0.46717	0.464375	0.00279561	0	0	0	
965	0.150457	0.0963964	0.0540608	0	0.668283	0.428162	0.240121	0	0	0	
966	0.15591	0.10184	0.0540673	2.44403e-06	0.692503	0.452342	0.24015	1.08556e-05	2.42088e-06	1.07528e-05	
967	0.0447446	0.0444108	0.000333744	0	0.198741	0.197259	0.00148238	0	0	0	
968	0.0711211	0.0707874	0.000333744	0	0.315897	0.314415	0.00148238	0	0	0	
969	0.195792	0.178168	0.0176169	6.8013e-06	0.869649	0.79137	0.0782489	3.02092e-05	1.45046e-05	6.44251e-05	
970	0.225581	0.173958	0.0506815	0.000941667	1.00196	0.772669	0.225111	0.00418258	0.00116788	0.00518739	
