Node	dPC	dPCintra	dPCflux	dPCconnector	varPC	varPCintra	varPCflux	varPCconnector	dBC_PC	varBC_PC	
1	0.17486	0.165149	0.00970321	7.52567e-06	0.779943	0.736629	0.04328	3.35673e-05	7.63263e-06	3.40444e-05	
2	0.0928976	0.083135	0.00970512	5.75618e-05	0.414359	0.370813	0.0432885	0.000256748	7.34738e-05	0.000327721	
3	0.0938819	0.081444	0.0124202	1.76952e-05	0.418749	0.363271	0.0553989	7.89277e-05	2.64425e-05	0.000117943	
4	0.0571742	0.0571742	0	0	0.255019	0.255019	0	0	0	0	
5	0.111369	0.105796	0.00557203	2.25218e-07	0.496748	0.471894	0.0248534	1.00455e-06	2.0092e-07	8.96182e-07	
6	0.0948144	0.0891116	0.00566532	3.75096e-05	0.422908	0.397471	0.0252694	0.000167307	4.1995e-05	0.000187314	
7	0.0874552	0.0858273	0.00162789	0	0.390083	0.382822	0.00726105	0	0	0	
8	0.119977	0.102568	0.0174084	5.05494e-07	0.535145	0.457494	0.0776482	2.25469e-06	5.59032e-07	2.49349e-06	
9	0.087377	0.0862547	0.00112008	2.23047e-06	0.389734	0.384729	0.00499599	9.94877e-06	2.19852e-06	9.80627e-06	
10	0.0593082	0.0590909	0.000217257	0	0.264537	0.263568	0.00096905	0	0	0	
11	0.0844089	0.0788723	0.00553663	0	0.376496	0.3518	0.0246954	0	0	0	
12	0.0959492	0.0941922	0.00175624	7.74511e-07	0.42797	0.420133	0.00783353	3.45461e-06	2.77557e-06	1.23801e-05	
13	0.102766	0.102766	0	0	0.458377	0.458377	0	0	0	0	
14	0.0835798	0.0832292	0.000350562	0	0.372797	0.371234	0.00156364	0	0	0	
15	0.0967049	0.0925275	0.00417743	0	0.431341	0.412708	0.0186329	0	0	0	
16	0.0731322	0.0731322	0	0	0.326197	0.326197	0	0	0	0	
17	0.0865395	0.0843186	0.00221926	1.67783e-06	0.385999	0.376093	0.00989875	7.48378e-06	1.6459e-06	7.34134e-06	
18	0.0731465	0.0720051	0.00114137	0	0.326261	0.32117	0.00509097	0	0	0	
19	0.0879472	0.0841321	0.00380257	1.2527e-05	0.392278	0.375261	0.0169609	5.58753e-05	1.2962e-05	5.78157e-05	
20	0.0590021	0.0590021	0	0	0.263171	0.263171	0	0	0	0	
21	0.0847526	0.0815854	0.00316439	2.81188e-06	0.378029	0.363902	0.0141144	1.2542e-05	2.78002e-06	1.23999e-05	
22	0.0901798	0.0873942	0.00278116	4.46717e-06	0.402236	0.389811	0.012405	1.99253e-05	5.24509e-06	2.33951e-05	
23	0.0987414	0.0947726	0.00396497	3.9299e-06	0.440424	0.422722	0.0176853	1.75288e-05	4.27776e-06	1.90804e-05	
24	0.0658304	0.064961	0.000869449	0	0.293629	0.289751	0.00387807	0	0	0	
25	0.121277	0.115302	0.00597115	4.64147e-06	0.540946	0.514291	0.0266336	2.07027e-05	5.12316e-06	2.28512e-05	
26	0.0857395	0.0841151	0.00162435	0	0.382431	0.375185	0.00724525	0	0	0	
27	0.0791884	0.0760834	0.00310494	0	0.35321	0.339361	0.0138492	0	0	0	
28	0.0619911	0.0619911	0	0	0.276504	0.276504	0	0	0	0	
29	0.104032	0.101074	0.00295832	0	0.464025	0.450829	0.0131952	0	0	0	
30	0.164406	0.14855	0.0157975	5.83042e-05	0.733314	0.662592	0.0704629	0.000260059	6.1623e-05	0.000274862	
31	0.140898	0.138143	0.00275094	3.50748e-06	0.628459	0.616173	0.0122702	1.56447e-05	3.47567e-06	1.55028e-05	
32	0.144697	0.138606	0.00608684	4.91971e-06	0.645408	0.618236	0.0271496	2.19438e-05	5.37937e-06	2.3994e-05	
33	0.0777755	0.0764977	0.00127745	4.00437e-07	0.346908	0.341209	0.00569792	1.7861e-06	1.73462e-06	7.73708e-06	
34	0.101045	0.0969652	0.00407992	0	0.4507	0.432502	0.018198	0	0	0	
35	0.0637109	0.060846	0.00286197	2.90361e-06	0.284175	0.271396	0.0127654	1.29512e-05	2.89119e-06	1.28958e-05	
36	0.0813885	0.0810028	0.000385671	0	0.363023	0.361303	0.00172024	0	0	0	
37	0.178634	0.094801	0.0834328	0.000400561	0.796777	0.422848	0.372142	0.00178665	0.00607194	0.0270832	
38	0.0800295	0.0782653	0.00176427	0	0.356962	0.349093	0.00786935	0	0	0	
39	0.0898393	0.0837401	0.00607177	2.74351e-05	0.400717	0.373513	0.0270824	0.000122371	2.84969e-05	0.000127107	
40	0.104023	0.100759	0.00326329	7.54748e-07	0.463982	0.449424	0.0145555	3.36646e-06	7.91567e-07	3.53069e-06	
41	0.0984471	0.0957435	0.00270351	0	0.439111	0.427053	0.0120587	0	0	0	
42	0.0748851	0.0737949	0.00109022	0	0.334016	0.329153	0.00486283	0	0	0	
43	0.0618033	0.0552251	0.00657788	3.65529e-07	0.275666	0.246325	0.0293398	1.6304e-06	2.00074e-06	8.9241e-06	
44	0.0650207	0.0644771	0.000543554	0	0.290017	0.287592	0.00242446	0	0	0	
45	0.0574135	0.0520393	0.00537416	0	0.256086	0.232115	0.0239708	0	0	0	
46	0.0923672	0.084961	0.00738964	1.66101e-05	0.411993	0.378958	0.0329606	7.40875e-05	2.38308e-05	0.000106294	
47	0.135905	0.134587	0.00131779	0	0.60619	0.600312	0.00587785	0	0	0	
48	0.107615	0.0848652	0.0226117	0.000138015	0.480004	0.378531	0.100857	0.000615601	0.000169857	0.000757629	
49	0.166135	0.158063	0.00806528	6.74284e-06	0.741029	0.705025	0.0359742	3.00756e-05	6.7107e-06	2.99323e-05	
50	0.100051	0.0950864	0.00495642	8.35139e-06	0.446266	0.424122	0.0221075	3.72504e-05	9.1009e-06	4.05935e-05	
51	0.0845086	0.0845086	0	0	0.376941	0.376941	0	0	0	0	
52	0.0797511	0.0760926	0.00365518	3.26961e-06	0.35572	0.339402	0.0163035	1.45837e-05	4.37269e-06	1.95038e-05	
53	0.097876	0.0947883	0.00308765	0	0.436564	0.422792	0.0137721	0	0	0	
54	0.0924432	0.0905872	0.0018544	1.5978e-06	0.412332	0.404053	0.00827137	7.12684e-06	1.57088e-06	7.00674e-06	
55	0.0998112	0.0925931	0.00720475	1.33391e-05	0.445196	0.413	0.0321359	5.94978e-05	1.46954e-05	6.55472e-05	
56	0.119026	0.111846	0.00717995	1.32736e-07	0.530905	0.498879	0.0320253	5.92057e-07	2.26844e-06	1.01181e-05	
57	0.101423	0.100599	0.000823416	0	0.452385	0.448712	0.00367275	0	0	0	
58	0.121299	0.0911905	0.0300542	5.46684e-05	0.541041	0.406744	0.134053	0.000243842	0.000105546	0.000470779	
59	0.183585	0.111893	0.0716194	7.21158e-05	0.818859	0.499087	0.31945	0.000321664	8.97257e-05	0.000400211	
60	0.0751747	0.0735017	0.00167297	0	0.335308	0.327845	0.00746209	0	0	0	
61	0.0879494	0.0870203	0.000929107	0	0.392288	0.388143	0.00414417	0	0	0	
62	0.101283	0.0932936	0.00797399	1.57591e-05	0.451762	0.416125	0.035567	7.02919e-05	2.08699e-05	9.30878e-05	
63	0.124673	0.0937776	0.0307501	0.000146059	0.556092	0.418284	0.137157	0.000651483	0.000198023	0.00088326	
64	0.0982884	0.096679	0.00160895	4.15733e-07	0.438403	0.431225	0.00717654	1.85432e-06	3.83798e-07	1.71188e-06	
65	0.109044	0.102421	0.00661241	1.04156e-05	0.486378	0.456837	0.0294939	4.64576e-05	1.04535e-05	4.6627e-05	
66	0.113281	0.100776	0.0124965	8.80968e-06	0.505279	0.449501	0.0557392	3.92945e-05	8.92335e-06	3.98015e-05	
67	0.180384	0.13713	0.0432307	2.28289e-05	0.804582	0.611654	0.192825	0.000101825	3.85874e-05	0.000172114	
68	0.0956353	0.0797434	0.0158912	6.36333e-07	0.42657	0.355686	0.0708808	2.83829e-06	1.92591e-06	8.59033e-06	
69	0.117389	0.113578	0.00379922	1.15311e-05	0.5236	0.506603	0.016946	5.14333e-05	1.7253e-05	7.69552e-05	
70	0.078157	0.0762302	0.00191712	9.78012e-06	0.34861	0.340015	0.00855111	4.36231e-05	9.84042e-06	4.3892e-05	
71	0.0617689	0.0441163	0.0176525	0	0.275512	0.196775	0.078737	0	0	0	
72	0.180055	0.129265	0.0506613	0.000128018	0.803115	0.576575	0.225968	0.000571012	0.000180481	0.000805017	
73	0.0795463	0.0595623	0.0199839	0	0.354807	0.265671	0.0891361	0	0	0	
74	0.124825	0.105814	0.0188857	0.000125295	0.556769	0.471973	0.0842377	0.000558864	0.000152847	0.000681758	
75	0.182551	0.142572	0.0395646	0.000413976	0.814247	0.635927	0.176473	0.00184649	0.000566702	0.0025277	
76	0.151726	0.140031	0.0115773	0.000117621	0.676757	0.624593	0.0516395	0.000524638	0.000124089	0.000553486	
77	0.0887933	0.0887933	0	0	0.396052	0.396052	0	0	0	0	
78	0.141438	0.0978125	0.0435728	5.31419e-05	0.630869	0.436281	0.194351	0.000237033	6.65035e-05	0.000296631	
79	0.157772	0.135766	0.021851	0.000155305	0.703725	0.605568	0.0974641	0.000692723	0.000276315	0.00123247	
80	0.135814	0.12399	0.0118172	7.15596e-06	0.605785	0.553044	0.0527092	3.19183e-05	1.02064e-05	4.55245e-05	
81	0.10858	0.105223	0.00335725	0	0.484312	0.469337	0.0149746	0	0	0	
82	0.251833	0.159599	0.0908535	0.00138023	1.12327	0.711875	0.405241	0.00615638	0.00182173	0.00812562	
83	0.154029	0.123983	0.029963	8.36801e-05	0.687032	0.553012	0.133646	0.000373245	9.7222e-05	0.000433647	
84	0.116936	0.0952544	0.0216799	2.23796e-06	0.521581	0.424871	0.0967006	9.98218e-06	3.57986e-06	1.59675e-05	
85	0.150499	0.100127	0.0503716	0	0.671285	0.446609	0.224676	0	0	0	
86	0.16604	0.144794	0.0211237	0.000122049	0.740603	0.645839	0.0942199	0.000544388	0.00015407	0.000687215	
87	0.0801074	0.0768548	0.0032526	0	0.35731	0.342802	0.0145078	0	0	0	
88	0.0823694	0.080839	0.00152972	7.04114e-07	0.367399	0.360573	0.00682317	3.14062e-06	6.72197e-07	2.99825e-06	
89	0.0788895	0.0762095	0.00267179	8.18807e-06	0.351877	0.339923	0.0119172	3.65219e-05	9.53766e-06	4.25416e-05	
90	0.105865	0.0978447	0.00802033	0	0.472198	0.436425	0.0357737	0	0	0	
91	0.104144	0.101383	0.00276141	5.20157e-07	0.464526	0.452207	0.0123169	2.3201e-06	6.29709e-07	2.80874e-06	
92	0.0854951	0.0830526	0.00243671	5.84536e-06	0.38134	0.370446	0.0108686	2.60725e-05	6.44447e-06	2.87448e-05	
93	0.0959065	0.0894013	0.0064981	7.16357e-06	0.427779	0.398764	0.028984	3.19522e-05	9.27794e-06	4.13831e-05	
94	0.088958	0.0849433	0.00401475	0	0.396787	0.378879	0.0179073	0	0	0	
95	0.151047	0.130236	0.0207969	1.49157e-05	0.673731	0.580902	0.0927624	6.65299e-05	4.11182e-05	0.000183403	
96	0.201533	0.158065	0.0433784	9.0501e-05	0.898918	0.70503	0.193484	0.000403669	0.000104081	0.000464241	
97	0.108461	0.0938185	0.0145971	4.5814e-05	0.483779	0.418466	0.0651087	0.000204348	5.56774e-05	0.000248342	
98	0.108658	0.0887739	0.019884	0	0.484656	0.395965	0.0886904	0	0	0	
99	0.10677	0.099531	0.00723819	1.49096e-06	0.476237	0.443946	0.0322851	6.65028e-06	2.4345e-06	1.08588e-05	
100	0.0958559	0.0915061	0.00432919	2.06072e-05	0.427554	0.408152	0.0193098	9.19163e-05	2.12112e-05	9.46101e-05	
101	0.145502	0.143561	0.00194113	0	0.648997	0.640339	0.00865821	0	0	0	
102	0.161846	0.106713	0.0550996	3.36325e-05	0.721897	0.475982	0.245765	0.000150013	0.000158141	0.000705371	
103	0.0776959	0.0729463	0.00474959	0	0.346553	0.325368	0.0211849	0	0	0	
104	0.107194	0.0828769	0.0242788	3.85265e-05	0.478127	0.369662	0.108293	0.000171842	4.10706e-05	0.00018319	
105	0.0937823	0.0857793	0.00794535	5.76859e-05	0.418305	0.382608	0.0354393	0.000257301	7.39332e-05	0.00032977	
106	0.145087	0.110963	0.0340918	3.27743e-05	0.647147	0.494938	0.152062	0.000146186	4.79669e-05	0.00021395	
107	0.21534	0.145942	0.0691242	0.000273045	0.960498	0.65096	0.30832	0.00121788	0.000338905	0.00151164	
108	0.10294	0.0964184	0.00650294	1.87611e-05	0.459152	0.430063	0.0290056	8.36816e-05	2.00771e-05	8.95518e-05	
109	0.127323	0.107547	0.0196768	9.94236e-05	0.567912	0.479703	0.0877663	0.000443467	0.000132768	0.0005922	
110	0.117152	0.108066	0.00908562	0	0.522543	0.482018	0.0405253	0	0	0	
111	0.101639	0.09574	0.00589475	5.1408e-06	0.453353	0.427037	0.0262928	2.29299e-05	6.33924e-06	2.82754e-05	
112	0.10347	0.0943218	0.00914787	6.893e-07	0.461517	0.420711	0.040803	3.07454e-06	1.68383e-06	7.51053e-06	
113	0.0981283	0.0913053	0.00682304	0	0.43769	0.407256	0.0304333	0	0	0	
114	0.161251	0.123519	0.0370969	0.00063459	0.719242	0.550944	0.165466	0.00283051	0.00080272	0.00358043	
115	0.115746	0.106268	0.00945062	2.76383e-05	0.516275	0.473999	0.0421534	0.000123277	3.35323e-05	0.000149566	
116	0.121986	0.113777	0.00820592	4.03941e-06	0.544108	0.507489	0.0366015	1.80173e-05	4.64226e-06	2.07062e-05	
117	0.111085	0.0963608	0.0147219	2.31963e-06	0.495482	0.429806	0.0656655	1.03464e-05	3.29151e-06	1.46814e-05	
118	0.103888	0.101088	0.0027996	0	0.463382	0.450895	0.0124872	0	0	0	
119	0.118085	0.112977	0.00510749	0	0.526704	0.503922	0.0227813	0	0	0	
120	0.110765	0.0956366	0.0150464	8.28893e-05	0.494058	0.426576	0.0671128	0.000369718	0.000103836	0.000463149	
121	0.0893786	0.083886	0.00549246	1.47507e-07	0.398662	0.374163	0.0244984	6.57941e-07	2.67722e-07	1.19414e-06	
122	0.178522	0.156831	0.0216062	8.49039e-05	0.79628	0.69953	0.0963719	0.000378704	0.000121292	0.000541009	
123	0.110824	0.106402	0.0044214	9.23346e-07	0.494321	0.474595	0.0197211	4.11848e-06	2.00207e-06	8.93002e-06	
124	0.163066	0.0958275	0.0646901	0.00254835	0.727337	0.427427	0.288542	0.0113666	0.00614006	0.027387	
125	0.107357	0.102831	0.00452637	0	0.478856	0.458667	0.0201893	0	0	0	
126	0.13842	0.103777	0.0339451	0.000698343	0.617409	0.462886	0.151408	0.00311488	0.000744126	0.00331908	
127	0.202338	0.190555	0.0117562	2.69787e-05	0.902507	0.849949	0.0524375	0.000120335	2.73679e-05	0.000122071	
128	0.128076	0.119989	0.00808703	0	0.571271	0.5352	0.0360712	0	0	0	
129	0.123904	0.117401	0.00650019	2.1717e-06	0.552659	0.523656	0.0289933	9.68661e-06	4.68744e-06	2.09077e-05	
130	0.0996949	0.0957121	0.00398023	2.59269e-06	0.444677	0.426912	0.0177533	1.15644e-05	2.98624e-06	1.33197e-05	
131	0.131924	0.123944	0.00797738	1.98442e-06	0.588431	0.55284	0.0355821	8.85128e-06	3.27208e-06	1.45947e-05	
132	0.100999	0.0846896	0.0163098	0	0.450496	0.377748	0.0727482	0	0	0	
133	0.150155	0.110201	0.0392086	0.000745483	0.669749	0.491539	0.174885	0.00332514	0.00088667	0.00395488	
134	0.0962579	0.0951119	0.00114599	0	0.429347	0.424235	0.00511156	0	0	0	
135	0.0701666	0.0701666	0	0	0.31297	0.31297	0	0	0	0	
136	0.11099	0.10294	0.00802425	2.48704e-05	0.495058	0.459156	0.0357912	0.000110931	3.08486e-05	0.000137596	
137	0.114188	0.101555	0.012568	6.56597e-05	0.509325	0.452975	0.0560581	0.000292867	0.000114696	0.00051159	
138	0.113494	0.103772	0.00972202	0	0.506229	0.462865	0.0433639	0	0	0	
139	0.108873	0.105624	0.00324866	3.18482e-08	0.485615	0.471125	0.0144902	1.42055e-07	1.85609e-07	8.2789e-07	
140	0.144509	0.12039	0.0241142	4.54e-06	0.644568	0.536989	0.107558	2.02501e-05	7.17283e-06	3.19935e-05	
141	0.0950198	0.0925145	0.00250536	0	0.423825	0.41265	0.0111748	0	0	0	
142	0.0834604	0.082974	0.000486396	0	0.372265	0.370095	0.00216951	0	0	0	
143	0.155884	0.153951	0.00193255	0	0.695302	0.686683	0.00861992	0	0	0	
144	0.101055	0.0982268	0.00282832	1.61409e-07	0.450745	0.438129	0.0126154	7.19946e-07	1.7946e-07	8.00464e-07	
145	0.0900483	0.0862984	0.00374917	7.73546e-07	0.40165	0.384924	0.0167227	3.45031e-06	1.29415e-06	5.77242e-06	
146	0.0624716	0.0608614	0.00160931	9.42392e-07	0.278647	0.271465	0.00717817	4.20343e-06	2.73145e-06	1.21833e-05	
147	0.0746492	0.0723159	0.00232578	7.54443e-06	0.332963	0.322556	0.0103738	3.3651e-05	7.51256e-06	3.35088e-05	
148	0.109209	0.107257	0.00195169	4.03342e-07	0.487115	0.478408	0.00870531	1.79906e-06	6.97633e-07	3.11171e-06	
149	0.115	0.0994021	0.0155842	1.43154e-05	0.512946	0.443371	0.0695115	6.38521e-05	1.81978e-05	8.11692e-05	
150	0.0856538	0.0821845	0.00346203	7.30537e-06	0.382048	0.366574	0.0154419	3.25847e-05	9.35159e-06	4.17116e-05	
151	0.14078	0.123819	0.0169563	4.37631e-06	0.627935	0.552284	0.0756317	1.952e-05	5.60284e-06	2.49908e-05	
152	0.102195	0.084344	0.0178224	2.86653e-05	0.455828	0.376206	0.0794947	0.000127858	4.74925e-05	0.000211835	
153	0.139798	0.134951	0.00484749	0	0.623556	0.601934	0.0216216	0	0	0	
154	0.0985208	0.0972384	0.00128202	4.41086e-07	0.43944	0.43372	0.00571833	1.96741e-06	4.09532e-07	1.82666e-06	
155	0.0971781	0.0914092	0.0057684	5.46484e-07	0.433451	0.407719	0.0257293	2.43752e-06	7.73351e-07	3.44944e-06	
156	0.0975158	0.0943056	0.00321018	0	0.434958	0.420639	0.0143186	0	0	0	
157	0.0896856	0.0879409	0.00174468	0	0.400032	0.39225	0.00778197	0	0	0	
158	0.11925	0.103029	0.0161918	2.97326e-05	0.531903	0.459549	0.0722218	0.000132618	4.15928e-05	0.000185519	
159	0.10819	0.0988205	0.00936033	9.92844e-06	0.482572	0.440777	0.0417506	4.42846e-05	1.49589e-05	6.67228e-05	
160	0.170821	0.155122	0.0156942	4.9083e-06	0.761929	0.691905	0.0700021	2.18928e-05	5.20022e-06	2.31949e-05	
161	0.211208	0.173211	0.0378988	9.74317e-05	0.942068	0.77259	0.169043	0.000434582	0.000150949	0.00067329	
162	0.110843	0.0938859	0.016931	2.64736e-05	0.494404	0.418767	0.0755189	0.000118082	3.03577e-05	0.000135407	
163	0.0896902	0.078259	0.0113945	3.66461e-05	0.400052	0.349065	0.050824	0.000163455	5.40075e-05	0.000240894	
164	0.120201	0.0894217	0.0306853	9.45846e-05	0.536145	0.398855	0.136868	0.000421883	0.000184852	0.000824512	
165	0.155431	0.114836	0.0400553	0.00054009	0.693284	0.512213	0.178662	0.00240901	0.000672037	0.00299754	
166	0.0992567	0.0971055	0.00215088	2.99098e-07	0.442722	0.433127	0.00959374	1.33409e-06	2.68188e-07	1.19622e-06	
167	0.101811	0.0968029	0.00500848	0	0.454117	0.431778	0.0223397	0	0	0	
168	0.113252	0.0977453	0.0155066	1.39174e-07	0.505147	0.435981	0.0691657	6.20771e-07	1.62309e-07	7.23962e-07	
169	0.101115	0.0944784	0.00662316	1.34722e-05	0.451011	0.421409	0.0295418	6.00914e-05	1.37632e-05	6.13894e-05	
170	0.14568	0.108336	0.0371326	0.000211742	0.649791	0.483221	0.165625	0.000944451	0.000286302	0.00127701	
171	0.220753	0.194763	0.0259774	1.24596e-05	0.984645	0.86872	0.115869	5.55748e-05	2.58697e-05	0.000115389	
172	0.136601	0.121779	0.014822	0	0.609293	0.543181	0.0661121	0	0	0	
173	0.181467	0.135293	0.0455713	0.000602512	0.809412	0.603459	0.203265	0.00268743	0.000793139	0.0035377	
174	0.129317	0.112928	0.016388	0	0.576803	0.503706	0.0730969	0	0	0	
175	0.104187	0.0959889	0.00819822	0	0.464714	0.428147	0.0365671	0	0	0	
176	0.112623	0.0945802	0.0179526	9.08245e-05	0.502344	0.421864	0.0800757	0.000405112	0.000103925	0.000463547	
177	0.18858	0.141415	0.0463237	0.000841141	0.841139	0.630765	0.206621	0.00375181	0.000969134	0.00432271	
178	0.140467	0.106144	0.0342979	2.45815e-05	0.626538	0.473446	0.152981	0.000109642	3.44557e-05	0.000153685	
179	0.198554	0.140056	0.0568785	0.00161959	0.885631	0.624706	0.2537	0.00722402	0.00211994	0.00945578	
180	0.116744	0.101167	0.0153723	0.000204273	0.520725	0.451247	0.0685667	0.000911138	0.000244398	0.00109011	
181	0.135543	0.125006	0.0105367	6.03855e-08	0.604576	0.557578	0.0469979	2.69342e-07	2.62798e-07	1.17218e-06	
182	0.103014	0.0991648	0.00384978	0	0.459484	0.442313	0.0171715	0	0	0	
183	0.116215	0.111236	0.00497818	0	0.518363	0.496158	0.0222046	0	0	0	
184	0.0993893	0.0877993	0.0115658	2.42016e-05	0.443314	0.391618	0.0515881	0.000107948	3.62229e-05	0.000161568	
185	0.0951596	0.0823677	0.012791	8.37109e-07	0.424448	0.367391	0.057053	3.73382e-06	3.41361e-06	1.5226e-05	
186	0.131901	0.113514	0.0183857	1.55494e-06	0.58833	0.506316	0.0820073	6.93562e-06	1.97207e-06	8.79619e-06	
187	0.0926534	0.0880491	0.00460424	0	0.413269	0.392732	0.0205366	0	0	0	
188	0.0843529	0.0804706	0.00387834	3.93631e-06	0.376246	0.358929	0.0172989	1.75574e-05	8.1752e-06	3.64645e-05	
189	0.106881	0.102031	0.00484594	4.84128e-06	0.476734	0.455098	0.0216147	2.15939e-05	5.05384e-06	2.2542e-05	
190	0.0769103	0.0592259	0.0176844	0	0.343049	0.26417	0.0788793	0	0	0	
191	0.339832	0.212796	0.124413	0.00262255	1.51578	0.949155	0.55493	0.0116975	0.00297889	0.013287	
192	0.0728335	0.0728037	2.97109e-05	0	0.324865	0.324732	0.000132522	0	0	0	
193	0.118107	0.118107	0	0	0.526805	0.526805	0	0	0	0	
194	0.165002	0.120766	0.043867	0.000369327	0.735975	0.538664	0.195663	0.00164734	0.000388551	0.00173308	
195	0.0900763	0.0883934	0.00168294	0	0.401774	0.394268	0.00750659	0	0	0	
196	0.0891684	0.0891684	0	0	0.397725	0.397725	0	0	0	0	
197	0.073188	0.0558827	0.0173052	0	0.326446	0.249258	0.0771881	0	0	0	
198	0.162482	0.114012	0.0461367	0.00233361	0.724734	0.508538	0.205787	0.0104088	0.00308182	0.0137461	
199	0.152112	0.114049	0.0380386	2.46925e-05	0.678481	0.508704	0.169666	0.000110138	5.59657e-05	0.000249628	
200	0.107424	0.086993	0.0204311	0	0.479153	0.388022	0.0911309	0	0	0	
201	0.155747	0.100332	0.0553081	0.000106566	0.694691	0.447521	0.246695	0.000475328	0.000312116	0.00139215	
202	0.105589	0.105589	0	0	0.470968	0.470968	0	0	0	0	
203	0.101693	0.0942485	0.00744488	3.20772e-08	0.453591	0.420384	0.033207	1.43076e-07	1.10313e-09	4.92038e-09	
204	0.167254	0.133424	0.0337517	7.87103e-05	0.746019	0.595122	0.150545	0.000351078	8.2646e-05	0.000368633	
205	0.115801	0.0896101	0.0261415	5.00605e-05	0.51652	0.399695	0.116601	0.000223289	7.34219e-05	0.000327489	
206	0.188996	0.14891	0.0400103	7.57097e-05	0.842997	0.664198	0.178461	0.000337694	0.000185608	0.000827885	
207	0.0689906	0.0517569	0.0172307	3.05692e-06	0.307724	0.230855	0.0768556	1.3635e-05	9.42463e-06	4.20374e-05	
208	0.105023	0.097994	0.00702962	0	0.468445	0.437091	0.0313548	0	0	0	
209	0.146326	0.0949187	0.0514077	0	0.652672	0.423374	0.229298	0	0	0	
210	0.113691	0.113325	0.000366136	0	0.507107	0.505474	0.0016331	0	0	0	
211	0.165726	0.103179	0.0625467	0	0.739201	0.460219	0.278982	0	0	0	
212	0.117657	0.115973	0.00168454	0	0.524799	0.517285	0.0075137	0	0	0	
213	0.240171	0.164082	0.0751557	0.000933028	1.07125	0.731869	0.335223	0.00416166	0.00162383	0.00724292	
214	0.116924	0.115418	0.00150326	2.58134e-06	0.521527	0.514811	0.00670514	1.15137e-05	2.65767e-06	1.18542e-05	
215	0.178839	0.16104	0.0177708	2.8383e-05	0.797694	0.718303	0.0792647	0.000126599	4.80353e-05	0.000214256	
216	0.0993231	0.0845133	0.0148097	0	0.443019	0.376961	0.0660571	0	0	0	
217	0.210472	0.140392	0.0687289	0.00135153	0.938789	0.626204	0.306557	0.00602834	0.00170796	0.00761818	
218	0.0971039	0.0968185	0.000285421	0	0.43312	0.431847	0.00127309	0	0	0	
219	0.132954	0.132585	0.000368751	0	0.593027	0.591382	0.00164477	0	0	0	
220	0.0950883	0.083521	0.0115673	0	0.42413	0.372535	0.0515947	0	0	0	
221	0.121432	0.093519	0.0278595	5.43293e-05	0.541637	0.41713	0.124264	0.000242329	6.63448e-05	0.000295923	
222	0.0502775	0.0500942	0.000183275	0	0.224256	0.223439	0.000817479	0	0	0	
223	0.0970703	0.0964225	0.000647797	0	0.43297	0.430081	0.00288942	0	0	0	
224	0.176264	0.144712	0.0315466	4.89487e-06	0.786206	0.645474	0.140709	2.1833e-05	4.89261e-06	2.18229e-05	
225	0.0819118	0.0780106	0.00390052	7.8092e-07	0.365358	0.347957	0.0173978	3.4832e-06	1.49791e-06	6.68129e-06	
226	0.248795	0.224196	0.0245774	2.21942e-05	1.10972	1	0.109624	9.89947e-05	2.49501e-05	0.000111287	
227	0.0843631	0.081947	0.00241437	1.7572e-06	0.376291	0.365514	0.010769	7.83779e-06	1.74571e-06	7.78654e-06	
228	0.0879513	0.0790369	0.00889919	1.52982e-05	0.392296	0.352534	0.0396938	6.82361e-05	1.52663e-05	6.80938e-05	
229	0.126526	0.123402	0.00312449	0	0.564357	0.55042	0.0139364	0	0	0	
230	0.107762	0.106157	0.00160507	0	0.480663	0.473504	0.00715922	0	0	0	
231	0.093074	0.0916528	0.00142116	0	0.415145	0.408806	0.00633893	0	0	0	
232	0.0809701	0.0747773	0.00619279	0	0.361157	0.333535	0.0276222	0	0	0	
233	0.0812146	0.07781	0.00337882	2.58556e-05	0.362248	0.347062	0.0150708	0.000115326	2.74424e-05	0.000122403	
234	0.104632	0.103876	0.000755542	0	0.466699	0.463329	0.00337	0	0	0	
235	0.135697	0.13569	6.05194e-06	0	0.60526	0.605233	2.69939e-05	0	0	0	
236	0.0700408	0.0658987	0.00411162	3.0459e-05	0.312408	0.293933	0.0183394	0.000135858	3.44334e-05	0.000153586	
237	0.0481186	0.0471762	0.000942465	0	0.214627	0.210423	0.00420375	0	0	0	
238	0.0891385	0.0891385	0	0	0.397592	0.397592	0	0	0	0	
239	0.142816	0.121487	0.0213192	9.65426e-06	0.637014	0.541879	0.0950919	4.30616e-05	1.17878e-05	5.25784e-05	
240	0.0934178	0.0903115	0.00310625	0	0.416679	0.402824	0.013855	0	0	0	
241	0.140603	0.118123	0.0222999	0.000179853	0.627143	0.526874	0.0994665	0.000802215	0.000183558	0.00081874	
242	0.086818	0.0852343	0.00157988	3.88227e-06	0.387241	0.380177	0.0070469	1.73164e-05	3.85033e-06	1.71739e-05	
243	0.0873115	0.0857979	0.00151359	0	0.389442	0.382691	0.00675122	0	0	0	
244	0.0889325	0.0884941	0.000438146	2.79933e-07	0.396673	0.394717	0.0019543	1.24861e-06	2.47988e-07	1.10612e-06	
245	0.124753	0.0948748	0.0291873	0.000691294	0.556448	0.423178	0.130186	0.00308343	0.000878007	0.00391624	
246	0.107779	0.0892961	0.0184831	0	0.480736	0.398294	0.082442	0	0	0	
247	0.113141	0.106896	0.00623225	1.27555e-05	0.504656	0.476801	0.0277982	5.68944e-05	1.33757e-05	5.96608e-05	
248	0.0833726	0.0833726	0	0	0.371873	0.371873	0	0	0	0	
249	0.0742228	0.0698222	0.00440054	0	0.331062	0.311433	0.0196281	0	0	0	
250	0.0701311	0.0664752	0.00361022	4.56598e-05	0.312811	0.296504	0.0161029	0.00020366	4.57002e-05	0.00020384	
251	0.129455	0.108986	0.0202961	0.000172261	0.577419	0.486123	0.0905286	0.000768351	0.000172229	0.000768209	
252	0.0791111	0.069096	0.0099898	2.53518e-05	0.352865	0.308194	0.0445583	0.000113078	2.55417e-05	0.000113925	
253	0.0994652	0.0975593	0.00190588	0	0.443653	0.435152	0.00850095	0	0	0	
254	0.0779029	0.0774652	0.000437719	0	0.347476	0.345524	0.00195239	0	0	0	
255	0.0873839	0.086499	0.000884437	4.63274e-07	0.389765	0.385818	0.00394492	2.06638e-06	4.31272e-07	1.92363e-06	
256	0.103112	0.0964641	0.00664677	1.87059e-06	0.459922	0.430266	0.0296471	8.34357e-06	3.07326e-06	1.37079e-05	
257	0.0992351	0.0885668	0.0106683	0	0.442626	0.395041	0.0475849	0	0	0	
258	0.100322	0.0959423	0.00435917	2.08181e-05	0.447475	0.427939	0.0194435	9.28569e-05	2.43805e-05	0.000108746	
259	0.0500611	0.0451501	0.00489025	2.0798e-05	0.223292	0.201386	0.0218124	9.2767e-05	3.50213e-05	0.000156208	
260	0.0470838	0.0416357	0.00537708	7.10071e-05	0.210011	0.185711	0.0239838	0.000316719	7.09766e-05	0.000316583	
261	0.109829	0.109578	0.000251285	0	0.489883	0.488762	0.00112082	0	0	0	
262	0.115577	0.11081	0.00476622	0	0.515518	0.494259	0.0212591	0	0	0	
263	0.0583792	0.0436462	0.0147269	6.09477e-06	0.260393	0.194678	0.0656876	2.7185e-05	0.000133377	0.000594913	
264	0.205764	0.139597	0.0656245	0.000542983	0.917789	0.622657	0.29271	0.00242191	0.00100306	0.00447404	
265	0.0484573	0.0432442	0.00519625	1.68513e-05	0.216138	0.192885	0.0231772	7.51636e-05	1.98259e-05	8.84313e-05	
266	0.0952879	0.0832004	0.0120466	4.08928e-05	0.42502	0.371105	0.0537324	0.000182397	4.08606e-05	0.000182254	
267	0.0502183	0.0454359	0.004778	4.38591e-06	0.223992	0.202661	0.0213117	1.95628e-05	4.35547e-06	1.9427e-05	
268	0.0851601	0.0849569	0.000203169	0	0.379846	0.37894	0.000906212	0	0	0	
269	0.222674	0.204259	0.0183831	3.17753e-05	0.993213	0.911075	0.081996	0.00014173	3.61382e-05	0.00016119	
270	0.108494	0.107047	0.00144229	4.11786e-06	0.483926	0.477474	0.00643319	1.83672e-05	4.08593e-06	1.82248e-05	
271	0.084355	0.084355	0	0	0.376255	0.376255	0	0	0	0	
272	0.106095	0.103347	0.0027479	4.55799e-07	0.473228	0.460969	0.0122567	2.03304e-06	4.23913e-07	1.89081e-06	
273	0.110462	0.0913487	0.0190728	4.08208e-05	0.492704	0.40745	0.0850722	0.000182076	8.55171e-05	0.000381439	
274	0.103844	0.0939803	0.00986405	2.93788e-07	0.463186	0.419188	0.0439974	1.3104e-06	4.60295e-07	2.05309e-06	
275	0.118421	0.110838	0.00751409	6.97242e-05	0.528207	0.49438	0.0335157	0.000310996	7.17913e-05	0.000320216	
276	0.0920916	0.0894789	0.00261273	0	0.410764	0.39911	0.0116537	0	0	0	
277	0.113589	0.103682	0.00983867	6.77759e-05	0.506652	0.462465	0.0438842	0.000302306	8.21384e-05	0.000366369	
278	0.178001	0.14745	0.0304661	8.47691e-05	0.793954	0.657686	0.13589	0.000378102	0.000103854	0.000463232	
279	0.0785566	0.0767582	0.00179847	0	0.350392	0.34237	0.00802189	0	0	0	
280	0.145666	0.120933	0.0247095	2.3439e-05	0.649727	0.539409	0.110213	0.000104546	3.33348e-05	0.000148686	
281	0.11928	0.0947691	0.0244583	5.34333e-05	0.532038	0.422706	0.109093	0.000238333	6.75108e-05	0.000301124	
282	0.0848014	0.0809318	0.00386958	0	0.378246	0.360986	0.0172598	0	0	0	
283	0.10496	0.0907992	0.0141254	3.56655e-05	0.468163	0.404999	0.063005	0.000159081	5.90824e-05	0.00026353	
284	0.158868	0.110207	0.0485409	0.000120187	0.708614	0.491567	0.216511	0.00053608	0.000323639	0.00144355	
285	0.100998	0.0869091	0.0140893	1.4155e-07	0.450492	0.387648	0.0628441	6.31368e-07	2.25078e-07	1.00393e-06	
286	0.126326	0.0817733	0.0445166	3.65939e-05	0.563464	0.36474	0.198561	0.000163223	5.09211e-05	0.000227127	
287	0.08151	0.0651411	0.0162458	0.000123166	0.363566	0.290554	0.0724626	0.000549369	0.00013195	0.000588551	
288	0.236926	0.139969	0.0936418	0.00331544	1.05678	0.624317	0.417678	0.0147881	0.00447484	0.0199595	
289	0.0692113	0.0653856	0.00378982	3.58438e-05	0.308708	0.291645	0.016904	0.000159877	3.58119e-05	0.000159735	
290	0.0687313	0.0687313	0	0	0.306568	0.306568	0	0	0	0	
291	0.215624	0.136655	0.0773092	0.00165974	0.961769	0.609537	0.344828	0.00740309	0.00264317	0.0117895	
292	0.123262	0.116228	0.00702706	7.05793e-06	0.549798	0.518423	0.0313433	3.1481e-05	9.29498e-06	4.14591e-05	
293	0.0565949	0.0473911	0.00920372	0	0.252434	0.211382	0.0410521	0	0	0	
294	0.0740377	0.0607657	0.012998	0.000273938	0.330236	0.271038	0.0579764	0.00122187	0.000353275	0.00157574	
295	0.203503	0.151589	0.05137	0.000543649	0.907702	0.676147	0.22913	0.00242488	0.000784366	0.00349857	
296	0.117857	0.117857	0	0	0.525688	0.525688	0	0	0	0	
297	0.177292	0.146035	0.0312259	3.05187e-05	0.79079	0.651374	0.139279	0.000136125	7.03905e-05	0.000313968	
298	0.111148	0.0904968	0.0202977	0.000353694	0.495763	0.40365	0.0905355	0.00157761	0.000353663	0.00157747	
299	0.101216	0.0791206	0.0220347	6.07761e-05	0.451462	0.352908	0.0982834	0.000271084	6.89485e-05	0.000307536	
300	0.0771648	0.0764589	0.000705918	0	0.344184	0.341036	0.00314866	0	0	0	
301	0.0732682	0.0620059	0.0112398	2.25041e-05	0.326804	0.27657	0.0501341	0.000100377	2.81831e-05	0.000125707	
302	0.0731034	0.0690898	0.0040116	2.00157e-06	0.326069	0.308167	0.0178932	8.92779e-06	2.20108e-06	9.81768e-06	
303	0.127634	0.105417	0.0219436	0.000272992	0.569296	0.470201	0.097877	0.00121765	0.000281818	0.00125702	
304	0.0950931	0.0950931	0	0	0.424151	0.424151	0	0	0	0	
305	0.0515533	0.041119	0.0104342	0	0.229947	0.183406	0.0465408	0	0	0	
306	0.0640631	0.052737	0.011326	0	0.285746	0.235227	0.0505184	0	0	0	
307	0.0912908	0.0869796	0.00431119	0	0.407192	0.387962	0.0192295	0	0	0	
308	0.0945092	0.0752467	0.0192538	8.74344e-06	0.421547	0.335629	0.0858793	3.89991e-05	2.33957e-05	0.000104354	
309	0.122428	0.110357	0.0119918	7.89413e-05	0.546076	0.492235	0.0534882	0.000352108	8.48984e-05	0.000378679	
310	0.145479	0.142809	0.00266987	4.84959e-07	0.648895	0.636985	0.0119086	2.1631e-06	2.95094e-06	1.31623e-05	
311	0.0811617	0.0736716	0.0074145	7.56323e-05	0.362012	0.328603	0.0330715	0.000337349	9.25738e-05	0.000412914	
312	0.153344	0.0954882	0.0572229	0.000633332	0.683975	0.425913	0.255236	0.0028249	0.000743314	0.00331546	
313	0.104262	0.0930864	0.0111266	4.9748e-05	0.465052	0.415201	0.0496291	0.000221895	6.59627e-05	0.000294218	
314	0.0795748	0.076994	0.00258069	4.2375e-08	0.354934	0.343423	0.0115108	1.89009e-07	2.41755e-08	1.07832e-07	
315	0.110253	0.0946283	0.0155735	5.16168e-05	0.491772	0.422078	0.0694641	0.00023023	5.58319e-05	0.000249031	
316	0.0759664	0.0703455	0.00561827	2.656e-06	0.338839	0.313767	0.0250596	1.18468e-05	4.62716e-06	2.06389e-05	
317	0.123554	0.0764847	0.0463506	0.000719613	0.551102	0.341151	0.206741	0.00320975	0.00106456	0.00474837	
318	0.149467	0.12183	0.0276377	0	0.666683	0.543408	0.123274	0	0	0	
319	0.23723	0.143061	0.0917576	0.00241129	1.05813	0.638109	0.409274	0.0107553	0.00280514	0.0125119	
320	0.0972493	0.0758174	0.0214125	1.93645e-05	0.433769	0.338174	0.0955082	8.63731e-05	3.00481e-05	0.000134026	
321	0.151642	0.0984532	0.0516699	0.00151963	0.676384	0.439138	0.230467	0.00677813	0.00169445	0.00755793	
322	0.143491	0.0785196	0.0640286	0.000943351	0.640027	0.350227	0.285592	0.0042077	0.00128109	0.00571418	
323	0.0994081	0.0945246	0.00488344	0	0.443398	0.421616	0.021782	0	0	0	
324	0.125848	0.124762	0.001086	0	0.561332	0.556488	0.004844	0	0	0	
325	0.0912717	0.0899159	0.00135579	0	0.407107	0.401059	0.00604736	0	0	0	
326	0.0715734	0.0708266	0.000746845	0	0.319245	0.315913	0.00333121	0	0	0	
327	0.0798064	0.074881	0.00492537	0	0.355967	0.333998	0.021969	0	0	0	
328	0.0905865	0.0904038	0.000182702	0	0.40405	0.403235	0.000814922	0	0	0	
329	0.0973275	0.0911618	0.00615097	1.47705e-05	0.434118	0.406616	0.0274357	6.58822e-05	1.5511e-05	6.91854e-05	
330	0.150194	0.0879806	0.0604411	0.00177245	0.669923	0.392427	0.26959	0.00790583	0.00221616	0.00988494	
331	0.133749	0.116462	0.0172457	4.10273e-05	0.596573	0.519467	0.0769226	0.000182997	5.60577e-05	0.000250039	
332	0.111727	0.0960375	0.0155865	0.000103112	0.498345	0.428364	0.069522	0.000459922	0.00012743	0.00056839	
333	0.124117	0.0981095	0.0260042	3.55164e-06	0.55361	0.437605	0.115988	1.58416e-05	4.09965e-06	1.8286e-05	
334	0.139412	0.0881223	0.0510888	0.000201299	0.621832	0.393059	0.227875	0.00089787	0.000299036	0.00133381	
335	0.085886	0.0801741	0.00571188	0	0.383084	0.357607	0.0254771	0	0	0	
336	0.113876	0.0891241	0.0246482	0.000103548	0.50793	0.397527	0.10994	0.000461866	0.000227482	0.00101466	
337	0.120538	0.11143	0.00907203	3.61383e-05	0.537648	0.497022	0.0404647	0.00016119	4.0928e-05	0.000182554	
338	0.114592	0.101323	0.0132164	5.27262e-05	0.511125	0.451939	0.0589502	0.000235179	8.61827e-05	0.000384408	
339	0.0908342	0.0767685	0.0139954	7.02602e-05	0.405155	0.342417	0.062425	0.000313387	0.000104854	0.00046769	
340	0.110165	0.0832774	0.0266344	0.000253417	0.491378	0.371449	0.118799	0.00113034	0.000377806	0.00168516	
341	0.106221	0.103962	0.00225825	0	0.473786	0.463714	0.0100726	0	0	0	
342	0.102982	0.0751321	0.02785	0	0.459339	0.335117	0.124221	0	0	0	
343	0.138083	0.0879384	0.0495046	0.000640709	0.615906	0.392238	0.220809	0.0028578	0.00106029	0.0047293	
344	0.0876145	0.0822091	0.00539123	1.41827e-05	0.390794	0.366684	0.0240469	6.32603e-05	2.45847e-05	0.000109657	
345	0.125061	0.0947746	0.0301777	0.000109599	0.557824	0.422731	0.134604	0.000488856	0.000197587	0.000881315	
346	0.151783	0.0979498	0.0529109	0.000922314	0.67701	0.436893	0.236002	0.00411387	0.0014276	0.00636765	
347	0.0923908	0.0752511	0.0171011	3.85779e-05	0.412098	0.335648	0.0762777	0.000172072	5.28504e-05	0.000235733	
348	0.100978	0.08347	0.0174725	3.58349e-05	0.450402	0.372308	0.0779343	0.000159837	4.6324e-05	0.000206622	
349	0.0848812	0.071982	0.0128709	2.83167e-05	0.378602	0.321067	0.0574094	0.000126303	4.61775e-05	0.000205969	
350	0.138345	0.0758574	0.0617455	0.000742605	0.617073	0.338353	0.275408	0.0033123	0.00103009	0.00459461	
351	0.154908	0.0934135	0.061218	0.000276831	0.69095	0.41666	0.273055	0.00123477	0.000635172	0.00283311	
352	0.129446	0.0814919	0.0478282	0.000126424	0.577381	0.363485	0.213332	0.0005639	0.000278274	0.00124121	
353	0.0853918	0.0777235	0.00765598	1.23787e-05	0.38088	0.346676	0.0341486	5.52141e-05	1.78541e-05	7.96361e-05	
354	0.0869837	0.0789366	0.00801877	2.83651e-05	0.38798	0.352087	0.0357667	0.000126519	3.02531e-05	0.00013494	
355	0.0831818	0.08318	1.72154e-06	0	0.371022	0.371014	7.67874e-06	0	0	0	
356	0.124044	0.108475	0.0154775	9.07082e-05	0.553284	0.483844	0.0690358	0.000404593	0.000104188	0.000464719	
357	0.210235	0.107672	0.0999869	0.00257609	0.937729	0.480259	0.445979	0.0114903	0.00319253	0.0142399	
358	0.174165	0.0975157	0.0747288	0.0019211	0.776845	0.434957	0.333319	0.00856884	0.00402821	0.0179673	
359	0.115196	0.0779182	0.0370258	0.000252627	0.513821	0.347545	0.165149	0.00112681	0.000320717	0.00143052	
360	0.100766	0.0962784	0.00448794	0	0.449456	0.429438	0.0200179	0	0	0	
361	0.0468234	0.0468234	0	0	0.20885	0.20885	0	0	0	0	
362	0.10354	0.086748	0.0166903	0.000102451	0.461831	0.386929	0.0744451	0.000456971	0.000134731	0.000600953	
363	0.0493079	0.0489049	0.000403007	0	0.219932	0.218134	0.00179756	0	0	0	
364	0.133111	0.112977	0.0201313	2.73354e-06	0.593729	0.503923	0.0897933	1.21926e-05	5.00419e-06	2.23206e-05	
365	0.0856502	0.0789233	0.0066842	4.26536e-05	0.382032	0.352028	0.0298141	0.000190251	4.48941e-05	0.000200245	
366	0.116793	0.0911102	0.0255833	9.94264e-05	0.520941	0.406386	0.114111	0.000443479	0.000189392	0.00084476	
367	0.12552	0.104596	0.0208104	0.000114325	0.55987	0.466538	0.0928224	0.000509934	0.000211792	0.000944673	
368	0.0790765	0.0752652	0.00380448	6.82827e-06	0.352711	0.335711	0.0169694	3.04567e-05	7.60317e-06	3.3913e-05	
369	0.0843412	0.0797707	0.00455883	1.16724e-05	0.376194	0.355808	0.0203341	5.20637e-05	1.92652e-05	8.59301e-05	
370	0.113367	0.0910273	0.0222288	0.000111049	0.505661	0.406016	0.0991492	0.000495321	0.000166895	0.000744417	
371	0.113886	0.0787939	0.0347927	0.000299631	0.507975	0.35145	0.155188	0.00133647	0.000385579	0.00171983	
372	0.0998357	0.0785174	0.0211325	0.000185848	0.445305	0.350217	0.094259	0.000828955	0.000205056	0.000914629	
373	0.0849675	0.0786718	0.00628167	1.40564e-05	0.378987	0.350906	0.0280186	6.26971e-05	1.46352e-05	6.52789e-05	
374	0.170168	0.103233	0.0614671	0.00546808	0.759016	0.460459	0.274166	0.0243897	0.00669969	0.0298832	
375	0.143228	0.126275	0.0167809	0.000171514	0.638852	0.563238	0.0748494	0.000765022	0.000173628	0.00077445	
376	0.101687	0.0982171	0.00346885	1.63597e-06	0.453565	0.438086	0.0154724	7.29706e-06	2.24314e-06	1.00053e-05	
377	0.109821	0.0993929	0.0103166	0.000111517	0.489844	0.44333	0.0460163	0.000497409	0.000130606	0.000582554	
378	0.122659	0.102987	0.0196625	9.07256e-06	0.547107	0.459365	0.0877022	4.04671e-05	1.47877e-05	6.59588e-05	
379	0.0914454	0.0761855	0.0151918	6.80673e-05	0.407881	0.339816	0.0677614	0.000303606	9.87056e-05	0.000440265	
380	0.107165	0.0818377	0.0251407	0.000187455	0.478	0.365027	0.112137	0.000836123	0.000257371	0.00114797	
381	0.11181	0.0792368	0.0321537	0.000420334	0.498719	0.353426	0.143417	0.00187485	0.00067434	0.00300781	
382	0.105911	0.103304	0.00260419	3.53537e-06	0.472407	0.460776	0.0116157	1.57691e-05	3.70669e-06	1.65332e-05	
383	0.0816725	0.0753805	0.00629192	0	0.36429	0.336226	0.0280643	0	0	0	
384	0.0965811	0.089748	0.00683308	0	0.430788	0.40031	0.0304781	0	0	0	
385	0.141338	0.106561	0.0341356	0.000641508	0.630424	0.475305	0.152258	0.00286137	0.000737605	0.00329	
386	0.101091	0.0790424	0.0217136	0.000335381	0.450906	0.352559	0.096851	0.00149593	0.000447943	0.001998	
387	0.0955503	0.0836129	0.0117717	0.000165666	0.426191	0.372945	0.0525065	0.000738936	0.000233822	0.00104293	
388	0.0854872	0.0764175	0.00896269	0.000107044	0.381305	0.340851	0.039977	0.000477459	0.000107012	0.000477315	
389	0.131884	0.110367	0.0215092	7.49965e-06	0.588255	0.492282	0.0959396	3.34513e-05	1.30672e-05	5.82849e-05	
390	0.0875587	0.0738231	0.0137169	1.87415e-05	0.390545	0.329279	0.0611827	8.35944e-05	5.03647e-05	0.000224645	
391	0.0981638	0.0906034	0.00756035	0	0.437848	0.404126	0.033722	0	0	0	
392	0.0959849	0.0494836	0.0464185	8.27379e-05	0.428129	0.220715	0.207044	0.000369043	8.27071e-05	0.000368905	
393	0.0872682	0.0803215	0.00694667	0	0.389249	0.358264	0.0309848	0	0	0	
394	0.097484	0.0919689	0.00551512	0	0.434816	0.410216	0.0245995	0	0	0	
395	0.147933	0.137304	0.0106278	1.17568e-06	0.659839	0.61243	0.0474044	5.24399e-06	2.1014e-06	9.37305e-06	
396	0.10438	0.0587314	0.0456491	0	0.465577	0.261964	0.203612	0	0	0	
397	0.132992	0.100614	0.0322004	0.000177406	0.593196	0.448779	0.143626	0.000791301	0.00032159	0.00143441	
398	0.090882	0.0905334	0.00034855	0	0.405368	0.403813	0.00155466	0	0	0	
399	0.0792331	0.0779822	0.00125036	5.32131e-07	0.35341	0.34783	0.00557708	2.3735e-06	6.92318e-07	3.088e-06	
400	0.144764	0.128169	0.0165954	0	0.645706	0.571684	0.0740222	0	0	0	
401	0.100193	0.0999402	0.00025366	0	0.446903	0.445771	0.00113142	0	0	0	
402	0.109169	0.0828303	0.02629	4.86575e-05	0.486935	0.369455	0.117263	0.000217031	6.42633e-05	0.000286639	
403	0.11351	0.0882104	0.0252341	6.55853e-05	0.506298	0.393452	0.112554	0.000292535	0.000292852	0.00130623	
404	0.10799	0.098105	0.00988557	0	0.481679	0.437586	0.0440934	0	0	0	
405	0.107085	0.106474	0.000610618	3.2423e-08	0.47764	0.474916	0.00272359	1.44619e-07	4.92245e-10	2.1956e-09	
406	0.202005	0.175723	0.0261439	0.000138175	0.901021	0.783793	0.116611	0.000616316	0.000144452	0.000644311	
407	0.126688	0.0849241	0.0415114	0.00025313	0.565079	0.378793	0.185157	0.00112906	0.00029468	0.00131438	
408	0.130218	0.126826	0.00339233	0	0.580824	0.565693	0.0151311	0	0	0	
409	0.0927967	0.0913936	0.00140314	0	0.413909	0.40765	0.00625855	0	0	0	
410	0.108019	0.0873761	0.0205764	6.67229e-05	0.481807	0.389731	0.0917788	0.00029761	7.51466e-05	0.000335182	
411	0.130045	0.116766	0.0132723	5.98286e-06	0.580051	0.520825	0.0591995	2.66858e-05	5.95422e-06	2.65581e-05	
412	0.157751	0.121643	0.0360664	4.18933e-05	0.703632	0.542575	0.160869	0.00018686	5.06456e-05	0.000225898	
413	0.0960877	0.0911792	0.00490451	4.01992e-06	0.428588	0.406694	0.0218759	1.79304e-05	6.01073e-06	2.68101e-05	
414	0.149088	0.112113	0.0369064	6.90591e-05	0.664992	0.500068	0.164616	0.00030803	6.95655e-05	0.000310288	
415	0.0926613	0.0916037	0.00105756	0	0.413305	0.408587	0.00471715	0	0	0	
416	0.131213	0.1057	0.0255003	1.23107e-05	0.585262	0.471466	0.113741	5.49106e-05	1.2279e-05	5.47693e-05	
417	0.105287	0.0954023	0.00988557	0	0.469624	0.42553	0.0440934	0	0	0	
418	0.0808783	0.0766371	0.0042394	1.86377e-06	0.360748	0.34183	0.0189093	8.31314e-06	3.20896e-06	1.43132e-05	
419	0.136873	0.101752	0.0350843	3.59323e-05	0.610506	0.453856	0.156489	0.000160272	6.51713e-05	0.000290689	
420	0.0834461	0.083446	0	0	0.372201	0.372201	0	0	0	0	
421	0.0899817	0.0858356	0.00414611	0	0.401353	0.382859	0.0184932	0	0	0	
422	0.106936	0.0807462	0.0259802	0.000209861	0.476976	0.360158	0.115881	0.000936062	0.000209829	0.000935921	
423	0.0651661	0.0558163	0.00930749	4.23936e-05	0.290666	0.248962	0.0415149	0.000189091	5.03697e-05	0.000224668	
424	0.1104	0.110224	0.000175637	0	0.492427	0.491644	0.000783411	0	0	0	
425	0.0769296	0.0693584	0.00749532	7.5906e-05	0.343135	0.309365	0.033432	0.00033857	8.10273e-05	0.000361413	
426	0.112247	0.108731	0.00351235	3.81852e-06	0.500666	0.484983	0.0156664	1.7032e-05	4.17413e-06	1.86182e-05	
427	0.0966744	0.0902216	0.00641536	3.75369e-05	0.431205	0.402422	0.0286149	0.000167429	5.06719e-05	0.000226016	
428	0.0956542	0.0937867	0.00186742	1.04041e-07	0.426654	0.418324	0.00832941	4.64063e-07	8.00257e-08	3.56945e-07	
429	0.123235	0.0879787	0.0352497	6.50221e-06	0.549675	0.392418	0.157227	2.90023e-05	6.5349e-06	2.91481e-05	
430	0.222631	0.211788	0.0108349	8.24708e-06	0.993022	0.944658	0.0483278	3.67851e-05	8.9275e-06	3.982e-05	
431	0.180609	0.165879	0.01473	0	0.805588	0.739886	0.0657017	0	0	0	
432	0.132206	0.111872	0.0203172	1.69085e-05	0.58969	0.498992	0.0906226	7.54186e-05	3.32886e-05	0.00014848	
433	0.114979	0.0983042	0.0164513	0.000224204	0.512853	0.438474	0.0733793	0.00100003	0.0002491	0.00111108	
434	0.0937843	0.0803695	0.0133336	8.11763e-05	0.418314	0.358478	0.0594733	0.000362077	8.12454e-05	0.000362385	
435	0.216827	0.151693	0.0650404	9.37142e-05	0.967134	0.676611	0.290105	0.000418001	0.000285371	0.00127286	
436	0.11894	0.08593	0.0326686	0.000341581	0.530519	0.38328	0.145714	0.00152358	0.000422129	0.00188285	
437	0.141179	0.0859792	0.0540094	0.00119031	0.629712	0.3835	0.240902	0.00530927	0.00198652	0.00886064	
438	0.178361	0.130121	0.0474712	0.000768913	0.795562	0.580392	0.211739	0.00342964	0.000885781	0.00395092	
439	0.155331	0.126802	0.028506	2.24975e-05	0.692836	0.565588	0.127147	0.000100347	2.98459e-05	0.000133124	
440	0.0873066	0.0799826	0.00729215	3.18364e-05	0.38942	0.356753	0.0325257	0.000142002	3.83858e-05	0.000171215	
441	0.0682323	0.0674961	0.000736194	0	0.304342	0.301058	0.00328371	0	0	0	
442	0.137661	0.0947342	0.0411746	0.00175313	0.614024	0.42255	0.183654	0.00781965	0.00221485	0.00987911	
443	0.171474	0.13767	0.0334929	0.000311343	0.764842	0.614062	0.149391	0.00138871	0.000414917	0.00185069	
444	0.134085	0.107736	0.0263311	1.77669e-05	0.598072	0.480546	0.117446	7.92473e-05	2.8762e-05	0.000128289	
445	0.109648	0.0880382	0.0214891	0.000121601	0.489076	0.392684	0.0958496	0.000542389	0.000164602	0.000734191	
446	0.15501	0.0905266	0.0641557	0.00032843	0.691407	0.403783	0.286159	0.00146492	0.000566203	0.00252548	
447	0.164848	0.121734	0.0431139	0	0.735288	0.542984	0.192304	0	0	0	
448	0.049036	0.0374794	0.0115554	1.23179e-06	0.218719	0.167172	0.0515416	5.49427e-06	1.20352e-06	5.36815e-06	
449	0.236685	0.153895	0.0824678	0.000322912	1.0557	0.686431	0.367838	0.00144031	0.000529968	0.00236386	
450	0.0863292	0.079271	0.0070582	0	0.385061	0.353579	0.0314822	0	0	0	
451	0.130734	0.119984	0.0107463	4.00494e-06	0.583126	0.535176	0.0479328	1.78635e-05	7.98956e-06	3.56365e-05	
452	0.179883	0.0998517	0.0784831	0.00154865	0.802349	0.445377	0.350064	0.00690758	0.0025222	0.0112499	
453	0.116535	0.095383	0.0211035	4.87014e-05	0.519792	0.425444	0.0941299	0.000217227	7.75275e-05	0.000345802	
454	0.142724	0.088987	0.0536891	4.81584e-05	0.636605	0.396916	0.239474	0.000214804	0.000262525	0.00117096	
455	0.167551	0.104858	0.0619241	0.000768125	0.747342	0.46771	0.276205	0.00342613	0.00103702	0.00462553	
456	0.148447	0.111666	0.0363996	0.000381323	0.662133	0.498076	0.162356	0.00170084	0.000525435	0.00234364	
457	0.123007	0.100354	0.0226483	5.12291e-06	0.548662	0.447619	0.10102	2.28501e-05	6.45801e-06	2.88052e-05	
458	0.0940828	0.0787726	0.0153099	2.53741e-07	0.419645	0.351356	0.0682883	1.13178e-06	9.5048e-07	4.2395e-06	
459	0.102619	0.0887327	0.0138573	2.89966e-05	0.45772	0.395781	0.061809	0.000129336	4.3177e-05	0.000192586	
460	0.128749	0.0851945	0.0435516	3.17863e-06	0.574271	0.38	0.194257	1.41779e-05	9.08399e-06	4.0518e-05	
461	0.135636	0.0853664	0.0502132	5.73832e-05	0.604992	0.380766	0.22397	0.000255951	0.000103645	0.000462299	
462	0.119467	0.0998059	0.0195941	6.77591e-05	0.532872	0.445172	0.0873973	0.000302231	9.18365e-05	0.000409626	
463	0.131173	0.11927	0.0119025	0	0.585082	0.531992	0.0530899	0	0	0	
464	0.0827256	0.068859	0.013833	3.35273e-05	0.368987	0.307137	0.0617007	0.000149544	5.64074e-05	0.000251598	
465	0.0838748	0.0825262	0.00134864	0	0.374114	0.368098	0.00601547	0	0	0	
466	0.175671	0.10973	0.0644827	0.00145806	0.783562	0.489441	0.287617	0.00650354	0.00187218	0.00835067	
467	0.124194	0.0796289	0.0439538	0.000612128	0.553956	0.355175	0.196051	0.00273032	0.00123904	0.00552661	
468	0.106697	0.101359	0.0053381	3.56502e-07	0.475912	0.452101	0.0238099	1.59013e-06	5.28664e-07	2.35804e-06	
469	0.0766479	0.0766479	0	0	0.341879	0.341879	0	0	0	0	
470	0.10642	0.0947504	0.0116601	9.51086e-06	0.474673	0.422623	0.0520086	4.2422e-05	1.31063e-05	5.84591e-05	
471	0.126288	0.0788881	0.0474002	0	0.563294	0.351871	0.211423	0	0	0	
472	0.125152	0.0890208	0.0338264	0.00230485	0.558226	0.397067	0.150878	0.0102805	0.00233019	0.0103935	
473	0.161742	0.0990192	0.0602711	0.00245197	0.721432	0.441663	0.268832	0.0109367	0.00301863	0.0134642	
474	0.105749	0.0768172	0.0289324	0	0.471683	0.342634	0.129049	0	0	0	
475	0.121547	0.113065	0.00847935	2.58581e-06	0.542147	0.504315	0.0378211	1.15337e-05	4.17938e-06	1.86416e-05	
476	0.1567	0.112505	0.0441275	6.73098e-05	0.698943	0.501817	0.196825	0.000300227	0.00019746	0.000880751	
477	0.122239	0.0968378	0.0253515	5.02415e-05	0.545235	0.431933	0.113077	0.000224096	8.79113e-05	0.000392118	
478	0.0949896	0.0787595	0.0161717	5.83838e-05	0.42369	0.351297	0.0721323	0.000260414	8.63492e-05	0.00038515	
479	0.10729	0.0975226	0.00970379	6.37101e-05	0.478555	0.434988	0.0432826	0.000284171	6.36783e-05	0.000284029	
480	0.122859	0.0974197	0.0253942	4.58554e-05	0.548001	0.434529	0.113268	0.000204532	6.93161e-05	0.000309176	
481	0.0814101	0.075758	0.00565212	0	0.36312	0.337909	0.0252106	0	0	0	
482	0.135625	0.105587	0.0300366	1.21747e-06	0.604941	0.470961	0.133974	5.43038e-06	1.18915e-06	5.30409e-06	
483	0.0993761	0.0923018	0.00706787	6.44528e-06	0.443255	0.411701	0.0315254	2.87484e-05	8.28321e-06	3.69463e-05	
484	0.163346	0.116442	0.0456584	0.00124556	0.728586	0.519376	0.203653	0.00555569	0.00188244	0.00839644	
485	0.105557	0.0946743	0.0108268	5.60531e-05	0.470825	0.422283	0.0482919	0.000250018	6.58111e-05	0.000293542	
486	0.083093	0.0797588	0.00332966	4.52863e-06	0.370626	0.355754	0.0148515	2.01994e-05	7.02827e-06	3.13488e-05	
487	0.103947	0.0994942	0.00445337	0	0.463646	0.443782	0.0198637	0	0	0	
488	0.141672	0.0952067	0.0461455	0.000320362	0.631914	0.424658	0.205826	0.00142893	0.000371933	0.00165896	
489	0.149178	0.0978558	0.051313	9.89611e-06	0.665394	0.436474	0.228876	4.41404e-05	1.73458e-05	7.73692e-05	
490	0.0928494	0.0904714	0.00237801	0	0.414144	0.403537	0.0106068	0	0	0	
491	0.100006	0.0780212	0.0219345	5.12345e-05	0.446069	0.348004	0.0978363	0.000228525	5.92744e-05	0.000264386	
492	0.146386	0.0966932	0.0485568	0.00113644	0.652939	0.431289	0.216581	0.00506896	0.00141368	0.00630556	
493	0.199282	0.111325	0.0879014	5.58181e-05	0.888876	0.496553	0.392073	0.00024897	8.97359e-05	0.000400256	
494	0.205162	0.116706	0.0879525	0.000503163	0.915102	0.520556	0.392302	0.00224429	0.000536842	0.00239452	
495	0.0922346	0.0836338	0.00860083	0	0.411401	0.373038	0.0383629	0	0	0	
496	0.110514	0.0894092	0.020212	0.000893692	0.492938	0.398799	0.0901532	0.0039862	0.000894966	0.00399189	
497	0.113555	0.0772944	0.0360878	0.000172967	0.506499	0.344762	0.160965	0.000771501	0.000230161	0.00102661	
498	0.170748	0.133058	0.0376483	4.15668e-05	0.761602	0.59349	0.167925	0.000185403	5.78988e-05	0.000258251	
499	0.161368	0.157402	0.00396589	2.87388e-07	0.719767	0.702076	0.0176893	1.28186e-06	2.79977e-07	1.2488e-06	
500	0.144789	0.0804543	0.064183	0.000151878	0.645815	0.358857	0.28628	0.000677438	0.000431009	0.00192246	
501	0.132224	0.108032	0.0241254	6.6715e-05	0.589773	0.481866	0.107608	0.000297574	8.50195e-05	0.000379219	
502	0.0938953	0.0905938	0.00330149	0	0.418809	0.404083	0.0147259	0	0	0	
503	0.116497	0.102609	0.0138726	1.51959e-05	0.519623	0.457678	0.0618771	6.77795e-05	1.5164e-05	6.76373e-05	
504	0.132496	0.118884	0.0135533	5.86828e-05	0.590985	0.53027	0.0604532	0.000261747	6.13934e-05	0.000273838	
505	0.0739551	0.0683983	0.00554194	1.48865e-05	0.329868	0.305082	0.0247191	6.63996e-05	1.73584e-05	7.74252e-05	
506	0.155218	0.0974152	0.0562238	0.00157944	0.692334	0.434509	0.250779	0.00704494	0.00192543	0.00858817	
507	0.204127	0.157359	0.0459646	0.000803831	0.910488	0.701883	0.205019	0.00358539	0.000862531	0.00384722	
508	0.0952995	0.0876805	0.00761898	0	0.425072	0.391088	0.0339835	0	0	0	
509	0.0917683	0.0868311	0.00492612	1.11187e-05	0.409321	0.3873	0.0219724	4.95937e-05	1.45035e-05	6.46912e-05	
510	0.132062	0.104876	0.0269078	0.000278641	0.589051	0.467789	0.120019	0.00124284	0.000353807	0.00157811	
511	0.0777035	0.0748421	0.00284944	1.19128e-05	0.346587	0.333824	0.0127096	5.31357e-05	1.24086e-05	5.53474e-05	
512	0.172436	0.0879702	0.0841609	0.000305143	0.769131	0.39238	0.375389	0.00136105	0.000514897	0.00229664	
513	0.111251	0.0907642	0.0204424	4.52965e-05	0.496226	0.404843	0.091181	0.000202039	6.83235e-05	0.000304749	
514	0.233523	0.127921	0.102839	0.00276201	1.0416	0.570579	0.458704	0.0123196	0.00397897	0.0177477	
515	0.0681935	0.0563589	0.0118184	1.62346e-05	0.304169	0.251382	0.0527146	7.24125e-05	3.30803e-05	0.000147551	
516	0.108873	0.08813	0.0204402	0.000303643	0.485618	0.393093	0.0911712	0.00135436	0.000312576	0.00139421	
517	0.0859635	0.0813812	0.00458227	8.23764e-08	0.38343	0.362991	0.0204387	3.6743e-07	8.31215e-08	3.70753e-07	
518	0.188553	0.155173	0.0333798	0	0.84102	0.692133	0.148886	0	0	0	
519	0.0708073	0.0419274	0.0288798	0	0.315827	0.187012	0.128815	0	0	0	
520	0.172085	0.121839	0.0484409	0.00180549	0.767566	0.543448	0.216065	0.00805319	0.00238008	0.010616	
521	0.266827	0.109402	0.156672	0.000752624	1.19015	0.487975	0.698817	0.00335699	0.00112882	0.005035	
522	0.179718	0.0780158	0.10148	0.000222455	0.801612	0.34798	0.452639	0.000992235	0.000356451	0.00158991	
523	0.0926731	0.0758891	0.016784	0	0.413357	0.338494	0.0748632	0	0	0	
524	0.153512	0.105544	0.0475553	0.000413045	0.684725	0.470768	0.212114	0.00184234	0.000600339	0.00267774	
525	0.167214	0.0993666	0.0673108	0.000537375	0.745842	0.443213	0.300232	0.00239689	0.00174784	0.00779607	
526	0.117569	0.101063	0.0164735	3.1841e-05	0.524403	0.450783	0.0734781	0.000142023	4.9077e-05	0.000218902	
527	0.107956	0.0776488	0.0302495	5.81434e-05	0.481527	0.346343	0.134924	0.000259342	6.84375e-05	0.000305257	
528	0.085686	0.0801059	0.00557741	2.70521e-06	0.382192	0.357303	0.0248773	1.20662e-05	4.45882e-06	1.9888e-05	
529	0.132562	0.0807698	0.0516391	0.000153776	0.59128	0.360264	0.23033	0.0006859	0.000341826	0.00152467	
530	0.0946766	0.0805376	0.0140575	8.15749e-05	0.422294	0.359228	0.0627019	0.000363855	0.000114259	0.000509642	
531	0.166887	0.104643	0.0618392	0.000405192	0.744382	0.466748	0.275826	0.00180731	0.000715612	0.0031919	
532	0.110986	0.083473	0.0271525	0.000361397	0.495043	0.372321	0.12111	0.00161197	0.000457514	0.00204068	
533	0.168182	0.117546	0.0504391	0.000197259	0.750158	0.5243	0.224977	0.000879854	0.000658942	0.00293913	
534	0.138777	0.113058	0.0249703	0.000748482	0.618999	0.504283	0.111377	0.00333851	0.000757741	0.00337981	
535	0.0936357	0.077447	0.0161186	7.00473e-05	0.417651	0.345443	0.0718955	0.000312438	8.41771e-05	0.000375462	
536	0.0715854	0.0656901	0.00589526	0	0.319298	0.293003	0.0262951	0	0	0	
537	0.125132	0.0765895	0.0484757	6.76936e-05	0.55814	0.341618	0.21622	0.000301939	8.37754e-05	0.00037367	
538	0.136937	0.0802341	0.0551412	0.00156174	0.610791	0.357874	0.245951	0.00696599	0.00303705	0.0135464	
539	0.133042	0.0829828	0.0500277	3.17671e-05	0.593419	0.370135	0.223143	0.000141693	8.10167e-05	0.000361365	
540	0.0978864	0.0797656	0.0177463	0.000374499	0.436611	0.355785	0.0791555	0.00167041	0.000442671	0.00197448	
541	0.0916192	0.0820225	0.00958885	7.8452e-06	0.408656	0.365852	0.0427699	3.49926e-05	1.33944e-05	5.97444e-05	
542	0.18397	0.149672	0.0341224	0.000175481	0.820579	0.667597	0.152199	0.000782715	0.000254748	0.00113627	
543	0.124602	0.0892221	0.035362	1.86859e-05	0.555776	0.397965	0.157728	8.33464e-05	2.14548e-05	9.56966e-05	
544	0.169827	0.126449	0.0433681	9.70496e-06	0.757494	0.564013	0.193438	4.32878e-05	7.80165e-05	0.000347983	
545	0.149314	0.0750435	0.0742577	1.31102e-05	0.665999	0.334722	0.331218	5.84765e-05	0.00012506	0.000557819	
546	0.139683	0.116342	0.0233322	8.81592e-06	0.623043	0.518933	0.10407	3.93224e-05	1.0775e-05	4.8061e-05	
547	0.0873848	0.0753445	0.0120403	0	0.389769	0.336065	0.0537043	0	0	0	
548	0.117373	0.110579	0.0067942	0	0.523532	0.493227	0.0303047	0	0	0	
549	0.151423	0.0848417	0.065493	0.0010884	0.675405	0.378426	0.292124	0.00485472	0.0016659	0.00743056	
550	0.196957	0.11951	0.0734219	0.00402486	0.878506	0.533063	0.32749	0.0179524	0.00541027	0.0241318	
551	0.0970306	0.0963788	0.000651784	0	0.432793	0.429886	0.0029072	0	0	0	
552	0.0879961	0.0724612	0.0152189	0.000316022	0.392496	0.323204	0.0678821	0.00140958	0.000320961	0.00143161	
553	0.192211	0.182646	0.00955828	6.20927e-06	0.857336	0.814674	0.0426335	2.76957e-05	6.94568e-06	3.09803e-05	
554	0.142265	0.10224	0.0389978	0.00102754	0.634557	0.456029	0.173945	0.00458322	0.00119913	0.00534858	
555	0.0987319	0.0750003	0.0237025	2.91069e-05	0.440382	0.33453	0.105722	0.000129827	4.76037e-05	0.00021233	
556	0.171879	0.149295	0.0223013	0.000282376	0.766647	0.665915	0.0994725	0.0012595	0.000284187	0.00126758	
557	0.0947271	0.0788025	0.0158293	9.52662e-05	0.422519	0.351489	0.0706051	0.000424924	0.000124386	0.00055481	
558	0.109043	0.0972421	0.0118011	0	0.486374	0.433737	0.0526374	0	0	0	
559	0.10388	0.0789065	0.0247801	0.000193635	0.463346	0.351953	0.110529	0.000863686	0.000275677	0.00122962	
560	0.0946439	0.0846543	0.00998906	5.66965e-07	0.422148	0.37759	0.044555	2.52888e-06	9.81396e-07	4.3774e-06	
561	0.125531	0.0929062	0.0321191	0.000505748	0.559916	0.414397	0.143263	0.00225583	0.000764484	0.00340989	
562	0.0701333	0.0497447	0.0203886	0	0.312821	0.22188	0.0909411	0	0	0	
563	0.112889	0.0786661	0.03396	0.000263014	0.503529	0.350881	0.151474	0.00117314	0.000371647	0.00165769	
564	0.120661	0.081308	0.0389754	0.000377752	0.538195	0.362665	0.173845	0.00168492	0.000443646	0.00197883	
565	0.0989431	0.0848119	0.0140012	0.000129988	0.441324	0.378293	0.0624508	0.000579797	0.000166053	0.000740659	
566	0.125586	0.103555	0.0219411	9.05117e-05	0.560165	0.461896	0.0978658	0.000403716	0.000109118	0.000486712	
567	0.21184	0.160543	0.0503043	0.000992788	0.94489	0.716085	0.224376	0.00442821	0.00102926	0.00459091	
568	0.145163	0.115043	0.0300928	2.69335e-05	0.647484	0.513138	0.134225	0.000120133	2.69006e-05	0.000119987	
569	0.0806645	0.0757271	0.00493742	0	0.359794	0.337771	0.0220227	0	0	0	
570	0.136084	0.119538	0.0164199	0.000126602	0.60699	0.533186	0.0732394	0.000564695	0.000225037	0.00100375	
571	0.102892	0.0913447	0.0115459	1.64636e-06	0.458939	0.407432	0.0514995	7.34341e-06	3.60316e-06	1.60714e-05	
572	0.116425	0.0974222	0.0188455	0.000158161	0.519304	0.43454	0.0840582	0.000705459	0.000331515	0.00147868	
573	0.0991676	0.0842147	0.0148308	0.000122107	0.442325	0.37563	0.066151	0.000544647	0.000171521	0.000765049	
574	0.143178	0.0797142	0.0627928	0.000671399	0.63863	0.355555	0.28008	0.00299469	0.00102938	0.00459144	
575	0.15101	0.084155	0.0660447	0.000810932	0.673565	0.375363	0.294584	0.00361706	0.00117366	0.00523501	
576	0.0708011	0.0543894	0.0164117	0	0.3158	0.242597	0.0732026	0	0	0	
577	0.123469	0.112956	0.0105131	0	0.55072	0.503827	0.0468927	0	0	0	
578	0.0985224	0.0888659	0.00965658	0	0.439447	0.396375	0.043072	0	0	0	
579	0.0949069	0.0871477	0.00772284	3.64232e-05	0.423321	0.388712	0.0344468	0.000162461	5.17941e-05	0.000231021	
580	0.0900207	0.0666579	0.0233444	1.84025e-05	0.401527	0.29732	0.104125	8.20823e-05	5.28755e-05	0.000235845	
581	0.0804272	0.0751008	0.00532638	0	0.358736	0.334978	0.0237577	0	0	0	
582	0.0907659	0.0843468	0.00638485	3.4302e-05	0.40485	0.376219	0.0284788	0.000153	4.15492e-05	0.000185325	
583	0.110484	0.0927642	0.017616	0.000103857	0.492801	0.413763	0.0785741	0.000463243	0.000134038	0.000597861	
584	0.167653	0.127955	0.0387852	0.000912512	0.747799	0.570732	0.172996	0.00407015	0.000968159	0.00431835	
585	0.112929	0.0748998	0.0380115	1.82e-05	0.503709	0.334082	0.169545	8.11791e-05	3.18413e-05	0.000142024	
586	0.115777	0.0843448	0.0311736	0.000259202	0.516412	0.37621	0.139046	0.00115614	0.000361408	0.00161201	
587	0.113831	0.0889644	0.0247258	0.000140984	0.507731	0.396815	0.110286	0.000628846	0.000167582	0.000747483	
588	0.0676319	0.0676319	0	0	0.301664	0.301664	0	0	0	0	
589	0.151729	0.109269	0.0415695	0.000890376	0.676771	0.487383	0.185416	0.00397141	0.00107579	0.00479845	
590	0.136134	0.107416	0.0285237	0.000193765	0.607209	0.479118	0.127226	0.000864269	0.000243896	0.00108787	
591	0.139162	0.0959755	0.0431011	8.54571e-05	0.620716	0.428087	0.192247	0.000381171	9.62452e-05	0.00042929	
592	0.107533	0.0858314	0.0216745	2.76531e-05	0.47964	0.382841	0.0966766	0.000123343	4.804e-05	0.000214277	
593	0.102571	0.09404	0.00846397	6.74296e-05	0.457507	0.419454	0.0377525	0.000300761	7.542e-05	0.000336402	
594	0.0875979	0.0805538	0.00702506	1.90862e-05	0.39072	0.3593	0.0313344	8.51318e-05	3.1541e-05	0.000140685	
595	0.112822	0.0938859	0.0188898	4.7174e-05	0.503233	0.418767	0.0842557	0.000210414	6.08614e-05	0.000271465	
596	0.110306	0.0903009	0.0198642	0.000141572	0.49201	0.402776	0.0886023	0.000631466	0.000167348	0.000746437	
597	0.148373	0.141026	0.0073267	2.06074e-05	0.661802	0.629031	0.0326799	9.19172e-05	2.17765e-05	9.71317e-05	
598	0.113101	0.108267	0.00481015	2.37845e-05	0.504474	0.482912	0.0214551	0.000106088	2.49377e-05	0.000111231	
599	0.106196	0.0934422	0.0127511	3.54741e-06	0.473678	0.416788	0.0568747	1.58228e-05	9.12206e-06	4.06879e-05	
600	0.109114	0.107997	0.00111653	0	0.48669	0.48171	0.00498015	0	0	0	
601	0.241252	0.148115	0.0925246	0.000612237	1.07607	0.660653	0.412695	0.00273081	0.000613141	0.00273484	
602	0.110383	0.102615	0.00774925	1.86778e-05	0.492351	0.457703	0.0345646	8.33103e-05	5.18482e-05	0.000231263	
603	0.117059	0.0519795	0.0650795	0	0.522128	0.231848	0.290279	0	0	0	
604	0.0871591	0.0809783	0.00617521	5.62158e-06	0.388763	0.361194	0.0275438	2.50744e-05	5.7737e-06	2.57529e-05	
605	0.12252	0.0495658	0.0729322	2.29349e-05	0.54649	0.221082	0.325305	0.000102298	0.000111373	0.000496769	
606	0.130383	0.0938168	0.0357821	0.00078453	0.58156	0.418458	0.159602	0.0034993	0.00112029	0.00499694	
607	0.0842749	0.0782012	0.00602544	4.82934e-05	0.375898	0.348807	0.0268757	0.000215407	4.94988e-05	0.000220783	
608	0.0851322	0.0788178	0.00631441	0	0.379722	0.351557	0.0281647	0	0	0	
609	0.0910257	0.0871249	0.00390089	0	0.406009	0.38861	0.0173994	0	0	0	
610	0.112638	0.080035	0.031557	0.00104689	0.502412	0.356987	0.140756	0.00466954	0.00127289	0.0056776	
611	0.06548	0.0577229	0.00766676	9.03756e-05	0.292066	0.257466	0.0341967	0.000403109	9.42333e-05	0.000420316	
612	0.0954519	0.0906194	0.00482273	9.78566e-06	0.425751	0.404197	0.0215112	4.36477e-05	1.23956e-05	5.52891e-05	
613	0.0931496	0.0766338	0.0164412	7.45692e-05	0.415482	0.341816	0.0733343	0.000332607	8.77061e-05	0.000391203	
614	0.0988811	0.0836142	0.0152128	5.40981e-05	0.441047	0.372951	0.0678552	0.000241298	6.09695e-05	0.000271947	
615	0.0952005	0.0867331	0.00846312	4.28457e-06	0.42463	0.386862	0.0377487	1.91108e-05	4.26701e-06	1.90325e-05	
616	0.114916	0.0889293	0.0251451	0.000842192	0.512572	0.396659	0.112156	0.0037565	0.00104102	0.00464336	
617	0.111523	0.0916236	0.0197753	0.000124241	0.497435	0.408676	0.0882054	0.000554164	0.000148882	0.000664073	
618	0.062484	0.0558841	0.00656622	3.36587e-05	0.278702	0.249264	0.0292878	0.000150131	3.36275e-05	0.000149991	
619	0.140818	0.0987907	0.041924	0.000103651	0.628104	0.440644	0.186997	0.000462324	0.000111232	0.00049614	
620	0.101072	0.0876403	0.0134264	6.07641e-06	0.450823	0.390909	0.0598871	2.71031e-05	7.69797e-06	3.43358e-05	
621	0.36339	0.185963	0.174907	0.00251961	1.62086	0.829469	0.780153	0.0112384	0.00258418	0.0115264	
622	0.0356271	0.0304535	0.00516667	6.96902e-06	0.15891	0.135834	0.0230453	3.10845e-05	9.68815e-06	4.32128e-05	
623	0.0918625	0.0717687	0.0198904	0.000203396	0.409742	0.320116	0.088719	0.000907224	0.000237109	0.00105759	
624	0.121065	0.0826041	0.0384381	2.35895e-05	0.539999	0.368446	0.171448	0.000105218	2.73233e-05	0.000121872	
625	0.0614769	0.0549151	0.00654963	1.21464e-05	0.27421	0.244942	0.0292138	5.4178e-05	1.21327e-05	5.41167e-05	
626	0.0707631	0.0637504	0.00701266	0	0.31563	0.284351	0.0312791	0	0	0	
627	0.0997522	0.0790138	0.0207384	0	0.444933	0.352431	0.0925015	0	0	0	
628	0.0600411	0.0600364	4.66535e-06	0	0.267806	0.267785	2.08092e-05	0	0	0	
629	0.239116	0.137447	0.100459	0.00120935	1.06655	0.613069	0.448086	0.00539419	0.00159684	0.00712254	
630	0.167803	0.145401	0.0222956	0.000106606	0.748468	0.648545	0.0994471	0.000475507	0.000123479	0.000550764	
631	0.104844	0.0957242	0.0091205	0	0.467647	0.426966	0.0406809	0	0	0	
632	0.0432075	0.0432035	3.95764e-06	0	0.192722	0.192704	1.76526e-05	0	0	0	
633	0.0522393	0.0451044	0.0070959	3.89766e-05	0.233007	0.201183	0.0316504	0.00017385	3.89444e-05	0.000173707	
634	0.0481534	0.0419206	0.00622683	5.91222e-06	0.214782	0.186982	0.027774	2.63707e-05	5.99672e-06	2.67476e-05	
635	0.0696241	0.0654793	0.00413549	9.31625e-06	0.31055	0.292062	0.0184458	4.1554e-05	3.00335e-05	0.000133961	
636	0.0847243	0.0649285	0.0197929	2.83535e-06	0.377903	0.289606	0.0882842	1.26467e-05	5.02137e-06	2.23972e-05	
637	0.0792544	0.0735546	0.00569279	7.0441e-06	0.353504	0.328081	0.025392	3.14193e-05	1.08894e-05	4.85712e-05	
638	0.142365	0.0814548	0.0609066	4.49737e-06	0.635006	0.363319	0.271666	2.006e-05	1.49384e-05	6.66313e-05	
639	0.130673	0.076052	0.054597	2.49194e-05	0.582855	0.339221	0.243523	0.00011115	4.6469e-05	0.000207269	
640	0.0859568	0.0804081	0.00548409	6.45917e-05	0.3834	0.358651	0.0244611	0.000288104	6.79569e-05	0.000303114	
641	0.0753822	0.0749569	0.000425301	0	0.336233	0.334336	0.001897	0	0	0	
642	0.0632876	0.0630096	0.000277966	0	0.282287	0.281047	0.00123983	0	0	0	
643	0.169493	0.141787	0.0272919	0.000414259	0.756007	0.632427	0.121732	0.00184775	0.000483718	0.00215757	
644	0.107784	0.0823188	0.0254653	1.14402e-07	0.480759	0.367173	0.113585	5.10276e-07	1.04535e-07	4.66268e-07	
645	0.0809873	0.0803156	0.000671194	5.39452e-07	0.361234	0.358238	0.00299378	2.40616e-06	6.44518e-07	2.87479e-06	
646	0.120155	0.0749182	0.0450803	0.000156705	0.535938	0.334163	0.201075	0.000698964	0.000255837	0.00114113	
647	0.175166	0.123716	0.0502384	0.00121245	0.781311	0.55182	0.224082	0.00540801	0.00165135	0.00736567	
648	0.146277	0.117173	0.0289379	0.000166088	0.652452	0.522637	0.129074	0.000740819	0.000210395	0.000938443	
649	0.0642752	0.0642752	0	0	0.286692	0.286692	0	0	0	0	
650	0.0733806	0.0729111	0.00046946	0	0.327305	0.325211	0.00209397	0	0	0	
651	0.102989	0.101401	0.00158822	0	0.459372	0.452288	0.0070841	0	0	0	
652	0.0965391	0.0823877	0.0139089	0.000242598	0.430601	0.36748	0.0620391	0.00108208	0.00028785	0.00128392	
653	0.0999652	0.0875761	0.0123891	0	0.445883	0.390623	0.0552601	0	0	0	
654	0.124935	0.0881731	0.0365318	0.000230456	0.557259	0.393285	0.162946	0.00102792	0.000378837	0.00168975	
655	0.133859	0.0809893	0.0509521	0.00191793	0.597063	0.361243	0.227266	0.00855473	0.00261861	0.01168	
656	0.234534	0.118325	0.112423	0.00378568	1.04611	0.527778	0.501451	0.0168856	0.00646735	0.0288468	
657	0.111851	0.0800464	0.0318048	0	0.498899	0.357037	0.141861	0	0	0	
658	0.119766	0.0753002	0.0444586	7.51847e-06	0.534203	0.335867	0.198302	3.35352e-05	7.98415e-06	3.56123e-05	
659	0.129028	0.095719	0.0326236	0.000685731	0.575515	0.426943	0.145513	0.00305862	0.000739377	0.0032979	
660	0.160271	0.100411	0.0590659	0.00079379	0.71487	0.447873	0.263456	0.00354061	0.00164753	0.00734861	
661	0.20469	0.0983354	0.103052	0.0033026	0.912997	0.438613	0.459653	0.0147308	0.00735313	0.0327977	
662	0.121862	0.080451	0.0413296	8.18739e-05	0.543553	0.358842	0.184346	0.000365189	0.000184494	0.000822915	
663	0.0971998	0.0803695	0.0166086	0.000221668	0.433548	0.358478	0.074081	0.000988725	0.000265103	0.00118246	
664	0.105489	0.0873423	0.0181254	2.22738e-05	0.470525	0.38958	0.0808462	9.93497e-05	2.64829e-05	0.000118124	
665	0.0995929	0.087237	0.0123559	3.1441e-08	0.444222	0.38911	0.0551121	1.40239e-07	2.52863e-07	1.12786e-06	
666	0.102597	0.0789721	0.0232454	0.000379828	0.457623	0.352245	0.103683	0.00169417	0.000459715	0.0020505	
667	0.148489	0.104857	0.0417901	0.00184248	0.662322	0.467704	0.1864	0.00821817	0.00226795	0.0101159	
668	0.101177	0.0830811	0.0180838	1.22234e-05	0.451288	0.370573	0.080661	5.4521e-05	1.72544e-05	7.69612e-05	
669	0.0455105	0.0435239	0.00198657	0	0.202994	0.194133	0.00886089	0	0	0	
670	0.0939227	0.0826574	0.0112043	6.10607e-05	0.418931	0.368683	0.0499756	0.000272354	6.5902e-05	0.000293948	
671	0.0511354	0.0506618	0.000473573	0	0.228083	0.225971	0.00211231	0	0	0	
672	0.155795	0.11201	0.0437223	6.24392e-05	0.694907	0.49961	0.195018	0.000278502	0.000102783	0.000458451	
673	0.15158	0.101502	0.0491623	0.00091587	0.676107	0.452739	0.219282	0.00408513	0.00120087	0.00535634	
674	0.137724	0.0953876	0.0422026	0.000134686	0.614305	0.425465	0.188239	0.000600752	0.00014013	0.000625037	
675	0.125261	0.0812233	0.0435408	0.000497107	0.558713	0.362287	0.194208	0.00221728	0.000567331	0.00253051	
676	0.160218	0.109829	0.0492738	0.0011146	0.714634	0.489883	0.21978	0.00497155	0.00177792	0.0079302	
677	0.105476	0.0934721	0.0119682	3.65653e-05	0.470467	0.416921	0.053383	0.000163095	4.46988e-05	0.000199373	
678	0.110585	0.0803464	0.0302267	1.19735e-05	0.493251	0.358376	0.134822	5.34066e-05	1.57183e-05	7.011e-05	
679	0.123253	0.091033	0.0321572	6.35527e-05	0.549758	0.406041	0.143433	0.000283469	6.86231e-05	0.000306085	
680	0.127808	0.110448	0.0173605	0	0.570076	0.492641	0.0774345	0	0	0	
681	0.111836	0.0977968	0.0140081	3.16115e-05	0.498833	0.436211	0.0624815	0.000140999	6.78083e-05	0.00030245	
682	0.10001	0.0976968	0.00231394	0	0.446086	0.435765	0.010321	0	0	0	
683	0.094596	0.0912338	0.00336214	0	0.421934	0.406937	0.0149964	0	0	0	
684	0.10861	0.0943244	0.0142384	4.79566e-05	0.484445	0.420722	0.0635087	0.000213904	4.87212e-05	0.000217315	
685	0.17617	0.140827	0.0347363	0.00060699	0.785787	0.628142	0.154937	0.00270741	0.000621012	0.00276995	
686	0.106109	0.0905736	0.0154392	9.67806e-05	0.473289	0.403992	0.068865	0.000431678	0.000136656	0.000609542	
687	0.082054	0.0778767	0.00416745	9.95262e-06	0.365992	0.347359	0.0185884	4.43925e-05	1.21051e-05	5.39937e-05	
688	0.0646463	0.0642825	0.000363829	0	0.288347	0.286724	0.00162282	0	0	0	
689	0.00767344	0.00715628	0.000517162	0	0.0342265	0.0319197	0.00230674	0	0	0	
690	0.0602863	0.0598727	0.000413588	0	0.2689	0.267055	0.00184476	0	0	0	
691	0.106288	0.0981834	0.0080388	6.63947e-05	0.474088	0.437935	0.0358561	0.000296145	8.59287e-05	0.000383275	
692	0.0729637	0.0729637	0	0	0.325446	0.325446	0	0	0	0	
693	0.0913931	0.0793821	0.0120103	7.12631e-07	0.407648	0.354074	0.0535709	3.1786e-06	2.32577e-06	1.03738e-05	
694	0.207341	0.154498	0.0519828	0.000860179	0.924822	0.689122	0.231863	0.00383673	0.00147016	0.00655748	
695	0.0947518	0.0793651	0.0153804	6.20188e-06	0.422629	0.353999	0.0686027	2.76627e-05	1.04493e-05	4.6608e-05	
696	0.243974	0.159841	0.0824044	0.00172838	1.08822	0.712955	0.367555	0.00770925	0.00207519	0.00925616	
697	0.15695	0.0828315	0.0734746	0.000644737	0.700061	0.36946	0.327725	0.00287577	0.00231243	0.0103143	
698	0.249977	0.195906	0.0536742	0.000396434	1.11499	0.873819	0.239407	0.00176824	0.000549126	0.00244931	
699	0.331499	0.185447	0.142607	0.00344509	1.47861	0.827164	0.636083	0.0153664	0.00448108	0.0199873	
700	0.082565	0.082565	0	0	0.368271	0.368271	0	0	0	0	
701	0.0824213	0.0824213	0	0	0.36763	0.36763	0	0	0	0	
702	0.112444	0.106298	0.00614564	0	0.501545	0.474133	0.0274119	0	0	0	
703	0.0904736	0.0876706	0.0027908	1.22457e-05	0.403547	0.391044	0.012448	5.46205e-05	1.22138e-05	5.44784e-05	
704	0.0940787	0.0794671	0.0146066	5.02901e-06	0.419627	0.354453	0.0651511	2.24313e-05	1.11702e-05	4.98233e-05	
705	0.097735	0.0880963	0.0096387	0	0.435935	0.392943	0.0429922	0	0	0	
706	0.202906	0.158218	0.0445206	0.000166738	0.905038	0.705716	0.198578	0.000743717	0.000278899	0.00124399	
707	0.0868998	0.080273	0.00662674	0	0.387606	0.358048	0.0295578	0	0	0	
708	0.0799417	0.0799417	0	0	0.35657	0.35657	0	0	0	0	
709	0.122824	0.103374	0.0192184	0.000232331	0.547846	0.461088	0.0857217	0.00103628	0.000241292	0.00107625	
710	0.199316	0.0959903	0.102345	0.000980766	0.889028	0.428153	0.4565	0.00437459	0.00108689	0.00484795	
711	0.0955962	0.0806671	0.014929	0	0.426395	0.359806	0.0665894	0	0	0	
712	0.0768979	0.0765561	0.000341807	0	0.342994	0.341469	0.00152459	0	0	0	
713	0.0891032	0.0783998	0.0107034	0	0.397434	0.349693	0.0477413	0	0	0	
714	0.0919669	0.0816601	0.0102941	1.27613e-05	0.410207	0.364235	0.0459157	5.69202e-05	1.27288e-05	5.67754e-05	
715	0.0720276	0.0700399	0.00198764	0	0.32127	0.312405	0.00886566	0	0	0	
716	0.0812792	0.0749703	0.00626803	4.08922e-05	0.362536	0.334396	0.0279578	0.000182395	4.48767e-05	0.000200167	
717	0.0963348	0.0882694	0.00805916	6.31237e-06	0.42969	0.393715	0.0359469	2.81556e-05	6.28061e-06	2.80139e-05	
718	0.120073	0.10813	0.0118728	6.95254e-05	0.535571	0.482304	0.0529574	0.00031011	7.4355e-05	0.000331651	
719	0.0788278	0.0629156	0.0154574	0.000454717	0.351602	0.280628	0.0689462	0.00202821	0.000463899	0.00206916	
720	0.0622967	0.0620764	0.000220296	0	0.277867	0.276884	0.000982604	0	0	0	
721	0.126855	0.106308	0.0203033	0.000243309	0.565824	0.474178	0.0905608	0.00108525	0.000249247	0.00111173	
722	0.0811341	0.0808406	0.000293496	0	0.361889	0.36058	0.0013091	0	0	0	
723	0.111824	0.102028	0.00978782	7.54022e-06	0.498778	0.455088	0.0436574	3.36322e-05	7.50811e-06	3.3489e-05	
724	0.0807148	0.0804752	0.000239684	0	0.360019	0.35895	0.00106908	0	0	0	
725	0.0821132	0.0623767	0.0195257	0.000210731	0.366256	0.278224	0.0870921	0.00093994	0.000214792	0.000958055	
726	0.0467132	0.0425264	0.00418684	0	0.208359	0.189684	0.0186749	0	0	0	
727	0.089123	0.0887256	0.000397392	0	0.397522	0.39575	0.00177252	0	0	0	
728	0.101374	0.0851918	0.0158111	0.000371727	0.452169	0.379988	0.0705238	0.00165804	0.000387229	0.00172719	
729	0.0981591	0.0773872	0.0207718	0	0.437827	0.345176	0.0926504	0	0	0	
730	0.11148	0.104598	0.00686806	1.37935e-05	0.497245	0.46655	0.0306342	6.15247e-05	2.60751e-05	0.000116304	
731	0.111423	0.09418	0.0171817	6.18697e-05	0.496991	0.420079	0.076637	0.000275962	6.96464e-05	0.000310649	
732	0.0831092	0.0771597	0.00591948	3.00405e-05	0.370699	0.344162	0.0264031	0.000133992	3.00848e-05	0.000134189	
733	0.101146	0.0917192	0.00942466	2.39008e-06	0.451151	0.409103	0.0420375	1.06607e-05	9.9044e-06	4.41774e-05	
734	0.114179	0.106548	0.00763095	0	0.509283	0.475246	0.0340369	0	0	0	
735	0.0706037	0.0655463	0.00505738	0	0.314919	0.292361	0.0225578	0	0	0	
736	0.0572684	0.0553405	0.00192787	0	0.255439	0.246839	0.00859904	0	0	0	
737	0.0891919	0.0794259	0.00976239	3.62955e-06	0.39783	0.35427	0.043544	1.61891e-05	2.42463e-05	0.000108148	
738	0.118904	0.11286	0.00603004	1.37185e-05	0.530359	0.503402	0.0268962	6.11899e-05	1.76203e-05	7.85937e-05	
739	0.0658722	0.0646496	0.00122251	1.5813e-07	0.293815	0.288362	0.00545287	7.05324e-07	1.32073e-07	5.891e-07	
740	0.0366296	0.036594	3.56918e-05	0	0.163382	0.163223	0.000159199	0	0	0	
741	0.0899215	0.086153	0.00376436	4.10394e-06	0.401084	0.384275	0.0167904	1.83051e-05	4.38543e-06	1.95606e-05	
742	0.141306	0.122612	0.0186702	2.3244e-05	0.630279	0.546899	0.0832764	0.000103677	2.32115e-05	0.000103532	
743	0.0882348	0.0839455	0.00424848	4.09055e-05	0.393561	0.374429	0.0189498	0.000182454	4.08736e-05	0.000182312	
744	0.0558109	0.0551979	0.000612914	0	0.248937	0.246204	0.00273383	0	0	0	
745	0.124231	0.101448	0.0227281	5.50149e-05	0.554119	0.452498	0.101376	0.000245387	5.49832e-05	0.000245246	
746	0.0793102	0.0749293	0.00438082	0	0.353753	0.334213	0.0195401	0	0	0	
747	0.0852943	0.0840038	0.00129049	0	0.380445	0.374689	0.00575611	0	0	0	
748	0.101323	0.08199	0.0191935	0.00014025	0.451942	0.365707	0.0856104	0.00062557	0.000151519	0.000675836	
749	0.11976	0.112042	0.00771805	0	0.534176	0.49975	0.0344254	0	0	0	
750	0.0906852	0.0818903	0.00879486	0	0.40449	0.365262	0.0392284	0	0	0	
751	0.260816	0.151486	0.103382	0.00594724	1.16334	0.675689	0.461125	0.0265269	0.00788324	0.0351622	
752	0.0832071	0.0761468	0.00705743	2.86005e-06	0.371135	0.339644	0.0314788	1.27569e-05	3.28585e-06	1.46561e-05	
753	0.101037	0.0922323	0.00880461	6.72919e-07	0.450666	0.411391	0.0392719	3.00147e-06	6.40712e-07	2.85782e-06	
754	0.223616	0.175942	0.0473527	0.000320751	0.997413	0.784772	0.211211	0.00143067	0.000682407	0.00304379	
755	0.110771	0.0917604	0.0189826	2.87726e-05	0.494084	0.409286	0.0846697	0.000128337	2.96334e-05	0.000132176	
756	0.198485	0.113687	0.0847809	1.71984e-05	0.885322	0.50709	0.378155	7.67116e-05	0.000176084	0.000785405	
757	0.122369	0.0772943	0.04221	0.00286552	0.545816	0.344762	0.188273	0.0127813	0.003177	0.0141706	
758	0.228495	0.127413	0.101071	9.47702e-06	1.01917	0.568314	0.450818	4.22711e-05	1.83084e-05	8.16628e-05	
759	0.111293	0.0710969	0.0401597	3.70742e-05	0.496412	0.317119	0.179127	0.000165365	7.42002e-05	0.000330961	
760	0.112232	0.0864262	0.0258057	0	0.500597	0.385494	0.115103	0	0	0	
761	0.123263	0.109512	0.0135727	0.000177987	0.5498	0.488467	0.0605397	0.000793892	0.000185285	0.000826446	
762	0.0504863	0.0504863	0	0	0.225188	0.225188	0	0	0	0	
763	0.0556539	0.0537594	0.00189448	0	0.248237	0.239787	0.00845013	0	0	0	
764	0.0769732	0.0764195	0.000553667	0	0.343329	0.34086	0.00246956	0	0	0	
765	0.0845507	0.0834921	0.00105857	0	0.377128	0.372406	0.00472166	0	0	0	
766	0.0474689	0.0443297	0.00311609	2.31072e-05	0.211729	0.197727	0.0138989	0.000103067	2.30752e-05	0.000102924	
767	0.0516389	0.0429804	0.00859844	6.00092e-05	0.230329	0.191709	0.0383523	0.000267664	5.99772e-05	0.000267521	
768	0.0451696	0.0451311	3.85735e-05	0	0.201474	0.201302	0.000172052	0	0	0	
769	0.080448	0.0522637	0.0280577	0.000126529	0.358828	0.233116	0.125148	0.000564367	0.000358815	0.00160045	
770	0.0833821	0.0563403	0.0267149	0.000326874	0.371916	0.251299	0.119158	0.00145798	0.000337545	0.00150558	
771	0.11121	0.0779377	0.0332683	4.22342e-06	0.49604	0.347632	0.148389	1.88381e-05	8.04911e-06	3.59021e-05	
772	0.103153	0.102847	0.000305776	0	0.460105	0.458741	0.00136387	0	0	0	
773	0.120954	0.0901635	0.0307583	3.277e-05	0.539503	0.402163	0.137194	0.000146166	7.90678e-05	0.000352673	
774	0.0777372	0.0773178	0.00041936	0	0.346737	0.344867	0.0018705	0	0	0	
775	0.0753457	0.0753457	0	0	0.33607	0.33607	0	0	0	0	
776	0.0646372	0.0646372	0	0	0.288306	0.288306	0	0	0	0	
777	0.074024	0.074024	0	0	0.330175	0.330175	0	0	0	0	
778	0.091907	0.091907	0	0	0.40994	0.40994	0	0	0	0	
779	0.131256	0.1103	0.0209554	2.01167e-07	0.585454	0.491984	0.0934691	8.97284e-07	1.87442e-07	8.36065e-07	
780	0.0505213	0.04331	0.00721128	0	0.225344	0.193179	0.032165	0	0	0	
781	0.0534848	0.0423147	0.01117	0	0.238562	0.18874	0.0498226	0	0	0	
782	0.107212	0.0947883	0.0124211	3.50162e-06	0.47821	0.422792	0.0554029	1.56185e-05	3.77098e-06	1.682e-05	
783	0.198413	0.134367	0.0618415	0.00220456	0.884999	0.599329	0.275836	0.00983318	0.00299967	0.0133796	
784	0.0714765	0.0714765	0	0	0.318812	0.318812	0	0	0	0	
785	0.12863	0.0750657	0.0533911	0.000173258	0.573739	0.334821	0.238144	0.000772797	0.000195951	0.000874019	
786	0.11699	0.094563	0.0222546	0.000173014	0.521822	0.421787	0.0992641	0.000771709	0.000360164	0.00160647	
787	0.172055	0.0837534	0.0854148	0.00288702	0.767432	0.373572	0.380982	0.0128772	0.00390755	0.0174291	
788	0.163108	0.0913124	0.0715716	0.00022401	0.727524	0.407288	0.319236	0.00099917	0.000304217	0.00135692	
789	0.102849	0.10243	0.00041936	0	0.458748	0.456878	0.0018705	0	0	0	
790	0.116188	0.084264	0.0318935	3.11459e-05	0.518246	0.37585	0.142257	0.000138922	3.18479e-05	0.000142054	
791	0.123811	0.0870292	0.0366766	0.000105784	0.552247	0.388183	0.163592	0.000471839	0.000713065	0.00318054	
792	0.0949555	0.0823221	0.0126091	2.43066e-05	0.423537	0.367188	0.0562414	0.000108417	2.42835e-05	0.000108314	
793	0.215238	0.147152	0.0655285	0.0025581	0.960046	0.656354	0.292282	0.0114101	0.00314448	0.0140256	
794	0.0966612	0.0894978	0.00716012	3.37842e-06	0.431146	0.399194	0.0319368	1.5069e-05	5.13609e-06	2.29089e-05	
795	0.158617	0.105484	0.0527134	0.000419256	0.707492	0.4705	0.235122	0.00187004	0.000661021	0.0029484	
796	0.0946404	0.0937243	0.000916025	0	0.422132	0.418046	0.00408582	0	0	0	
797	0.0532231	0.0532231	0	0	0.237395	0.237395	0	0	0	0	
798	0.188047	0.103732	0.0840043	0.000310944	0.838765	0.462686	0.374691	0.00138692	0.000431368	0.00192406	
799	0.156917	0.129225	0.0276406	5.10634e-05	0.699912	0.576397	0.123287	0.000227762	6.19853e-05	0.000276478	
800	0.200593	0.158662	0.0417489	0.000181723	0.894722	0.707695	0.186216	0.000810554	0.000516503	0.0023038	
801	0.156454	0.0852225	0.0709988	0.000233066	0.697846	0.380124	0.316682	0.00103956	0.000398391	0.00177697	
802	0.135369	0.0862972	0.0490468	2.58966e-05	0.603801	0.384918	0.218767	0.000115508	3.05851e-05	0.000136421	
803	0.0832508	0.0832508	0	0	0.37133	0.37133	0	0	0	0	
804	0.186361	0.15094	0.0354117	1.00606e-05	0.831245	0.67325	0.157949	4.48744e-05	1.88321e-05	8.39984e-05	
805	0.183887	0.143821	0.0400062	5.94041e-05	0.820208	0.6415	0.178443	0.000264965	0.000245167	0.00109353	
806	0.155643	0.106875	0.0460351	0.0027325	0.694227	0.476705	0.205334	0.012188	0.00330058	0.0147218	
807	0.171287	0.119272	0.0513998	0.000615505	0.764009	0.532001	0.229262	0.00274538	0.000855244	0.00381471	
808	0.169428	0.152531	0.0168833	1.38052e-05	0.755715	0.680348	0.0753062	6.15764e-05	1.79291e-05	7.99707e-05	
809	0.175485	0.11214	0.062797	0.000548036	0.782732	0.500189	0.280098	0.00244445	0.00103725	0.00462655	
810	0.078624	0.0779008	0.000722962	3.09715e-07	0.350693	0.347467	0.00322469	1.38145e-06	2.77783e-07	1.23902e-06	
811	0.131311	0.0970575	0.0342522	2.12748e-06	0.585701	0.432913	0.152778	9.4894e-06	2.93347e-06	1.30844e-05	
812	0.175817	0.11209	0.0633984	0.000328571	0.784212	0.499965	0.282781	0.00146555	0.000376434	0.00167904	
813	0.0639152	0.0639152	0	0	0.285086	0.285086	0	0	0	0	
814	0.0956605	0.0814233	0.014237	1.94519e-07	0.426682	0.363179	0.0635025	8.67632e-07	7.96605e-07	3.55316e-06	
815	0.151323	0.132523	0.0185836	0.00021581	0.674959	0.591106	0.0828903	0.000962598	0.000215843	0.000962743	
816	0.189504	0.15567	0.0337613	7.21765e-05	0.84526	0.69435	0.150588	0.000321934	0.000113104	0.000504487	
817	0.159271	0.0970935	0.0614921	0.000685992	0.710412	0.433074	0.274278	0.00305978	0.00167178	0.0074568	
818	0.19122	0.12414	0.0662392	0.000840396	0.852915	0.553714	0.295452	0.00374849	0.00237659	0.0106005	
819	0.0668919	0.0668919	0	0	0.298363	0.298363	0	0	0	0	
820	0.0942775	0.0906634	0.00361211	2.00393e-06	0.420513	0.404393	0.0161114	8.93829e-06	2.04044e-06	9.10117e-06	
821	0.0277866	0.0275339	0.000252666	0	0.123939	0.122812	0.00112698	0	0	0	
822	0.0985036	0.0841773	0.0143063	2.00523e-05	0.439364	0.375463	0.0638117	8.94413e-05	2.30372e-05	0.000102755	
823	0.0636124	0.058943	0.00466941	0	0.283735	0.262908	0.0208273	0	0	0	
824	0.119461	0.119433	2.83861e-05	0	0.532845	0.532718	0.000126613	0	0	0	
825	0.078434	0.078434	0	0	0.349845	0.349845	0	0	0	0	
826	0.117063	0.105951	0.0111115	0	0.522145	0.472584	0.0495618	0	0	0	
827	0.0840025	0.0839741	2.83861e-05	0	0.374683	0.374556	0.000126613	0	0	0	
828	0.170611	0.103468	0.0668399	0.000303284	0.760992	0.461508	0.298131	0.00135276	0.00143574	0.00640398	
829	0.133598	0.101371	0.0322269	0	0.595901	0.452156	0.143744	0	0	0	
830	0.16406	0.133674	0.0303839	2.56761e-06	0.731773	0.596238	0.135523	1.14525e-05	4.92957e-06	2.19877e-05	
831	0.100589	0.100458	0.000131325	0	0.448667	0.448081	0.000585761	0	0	0	
832	0.0870474	0.083694	0.00335323	2.35506e-07	0.388265	0.373307	0.0149567	1.05044e-06	3.30118e-07	1.47245e-06	
833	0.0910862	0.0882452	0.00283659	4.41761e-06	0.406279	0.393607	0.0126523	1.97042e-05	5.36028e-06	2.39089e-05	
834	0.0980462	0.097716	0.000329954	2.97456e-07	0.437323	0.43585	0.00147172	1.32677e-06	2.65509e-07	1.18427e-06	
835	0.0985198	0.0963842	0.00213565	0	0.439436	0.42991	0.00952585	0	0	0	
836	0.142415	0.115932	0.0263996	8.33175e-05	0.635225	0.517101	0.117752	0.000371628	8.68566e-05	0.000387414	
837	0.129004	0.119864	0.00900709	0.000132864	0.575409	0.534642	0.040175	0.000592628	0.000138096	0.000615963	
838	0.144066	0.0970588	0.0469323	7.562e-05	0.642592	0.432919	0.209336	0.000337294	9.29042e-05	0.000414388	
839	0.201431	0.151935	0.0486044	0.000891654	0.898461	0.67769	0.216794	0.00397712	0.00101943	0.00454708	
840	0.101875	0.0764232	0.0254522	0	0.454403	0.340877	0.113526	0	0	0	
841	0.115268	0.0796659	0.0351488	0.000453809	0.514141	0.35534	0.156777	0.00202416	0.000609147	0.00271702	
842	0.107174	0.0975814	0.00959255	0	0.478036	0.43525	0.0427864	0	0	0	
843	0.137653	0.12097	0.0165206	0.000162051	0.613987	0.539575	0.0736885	0.000722813	0.000222991	0.000994628	
844	0.151261	0.109515	0.0416757	6.96503e-05	0.674683	0.488482	0.185889	0.000310667	7.04312e-05	0.00031415	
845	0.19479	0.133972	0.0587938	0.00202425	0.868839	0.597568	0.262242	0.00902894	0.00230679	0.0102891	
846	0.106211	0.0934924	0.0127152	4.13382e-06	0.473744	0.417011	0.0567147	1.84384e-05	5.19017e-06	2.31501e-05	
847	0.118784	0.0953312	0.023421	3.1844e-05	0.529822	0.425213	0.104466	0.000142036	3.21289e-05	0.000143307	
848	0.104892	0.102178	0.00271344	5.1393e-08	0.467859	0.455755	0.0121029	2.29232e-07	1.53217e-07	6.83407e-07	
849	0.102211	0.0962769	0.0059295	4.58237e-06	0.4559	0.429432	0.0264478	2.04391e-05	4.88342e-06	2.17819e-05	
850	0.0797812	0.0796645	0.000116717	0	0.355854	0.355334	0.000520604	0	0	0	
851	0.0644116	0.0641863	0.000225287	0	0.2873	0.286295	0.00100486	0	0	0	
852	0.0944602	0.0843169	0.0101293	1.39361e-05	0.421328	0.376086	0.0451808	6.21606e-05	1.97209e-05	8.79627e-05	
853	0.107783	0.102856	0.00492693	0	0.480754	0.458778	0.021976	0	0	0	
854	0.0992883	0.0939695	0.00531064	8.15601e-06	0.442863	0.41914	0.0236875	3.63789e-05	9.48837e-06	4.23217e-05	
855	0.109805	0.0926743	0.0164382	0.000693166	0.489775	0.413363	0.0733209	0.00309178	0.000693134	0.00309164	
856	0.115195	0.103019	0.0121743	1.75977e-06	0.513817	0.459507	0.0543023	7.84926e-06	1.72764e-06	7.70597e-06	
857	0.0629891	0.0629891	0	0	0.280955	0.280955	0	0	0	0	
858	0.100551	0.084853	0.0156962	2.69427e-06	0.4485	0.378476	0.0700113	1.20175e-05	8.24702e-06	3.67848e-05	
859	0.125827	0.11121	0.0146134	3.27153e-06	0.561239	0.496043	0.0651815	1.45922e-05	3.99189e-06	1.78053e-05	
860	0.0954544	0.0835648	0.0118896	0	0.425763	0.37273	0.0530323	0	0	0	
861	0.0857072	0.0857072	0	0	0.382287	0.382287	0	0	0	0	
862	0.120653	0.0783019	0.0422413	0.000109838	0.538159	0.349256	0.188412	0.000489922	0.000159798	0.000712762	
863	0.119041	0.114239	0.0048019	0	0.530968	0.50955	0.0214183	0	0	0	
864	0.102676	0.0944993	0.00817748	0	0.457978	0.421503	0.0364747	0	0	0	
865	0.116259	0.11578	0.00047927	0	0.518563	0.516426	0.00213772	0	0	0	
866	0.0760738	0.0752434	0.000830387	0	0.339318	0.335614	0.00370384	0	0	0	
867	0.0857397	0.0857397	0	0	0.382432	0.382432	0	0	0	0	
868	0.10469	0.0989857	0.00567494	2.96899e-05	0.466959	0.441514	0.0253124	0.000132428	2.96579e-05	0.000132285	
869	0.0965154	0.0937007	0.00280955	5.13106e-06	0.430495	0.417941	0.0125317	2.28865e-05	5.1488e-06	2.29656e-05	
870	0.129144	0.125015	0.00412946	0	0.576034	0.557615	0.0184189	0	0	0	
871	0.109022	0.0979442	0.0110315	4.70304e-05	0.486283	0.436868	0.0492047	0.000209773	4.70947e-05	0.00021006	
872	0.0415067	0.0415067	0	0	0.185135	0.185135	0	0	0	0	
873	0.100422	0.0990461	0.00137614	4.40869e-08	0.447921	0.441783	0.00613812	1.96644e-07	1.93598e-08	8.63521e-08	
874	0.105644	0.0900945	0.0155482	1.59952e-06	0.471214	0.401856	0.0693511	7.1345e-06	4.20685e-06	1.87641e-05	
875	0.080798	0.080798	0	0	0.36039	0.36039	0	0	0	0	
876	0.0440788	0.0440788	0	0	0.196608	0.196608	0	0	0	0	
877	0.103509	0.086891	0.0164009	0.000217951	0.461693	0.387567	0.0731543	0.000972147	0.000218479	0.000974499	
878	0.0995813	0.0985256	0.00105571	0	0.44417	0.439461	0.0047089	0	0	0	
879	0.0865055	0.0865055	0	0	0.385847	0.385847	0	0	0	0	
880	0.0917417	0.0869546	0.00478709	0	0.409203	0.387851	0.0213522	0	0	0	
881	0.0816158	0.0786736	0.00293327	8.96883e-06	0.364037	0.350914	0.0130835	4.00044e-05	9.00132e-06	4.01493e-05	
882	0.0913159	0.0887151	0.0026004	4.6473e-07	0.407304	0.395703	0.0115988	2.07287e-06	5.87126e-07	2.6188e-06	
883	0.0587787	0.0587787	0	0	0.262175	0.262175	0	0	0	0	
884	0.07817	0.07817	0	0	0.348668	0.348668	0	0	0	0	
885	0.0887993	0.0887993	0	0	0.396079	0.396079	0	0	0	0	
886	0.102281	0.100906	0.00137567	0	0.456215	0.450079	0.00613605	0	0	0	
887	0.0655826	0.0655826	0	0	0.292523	0.292523	0	0	0	0	
888	0.096052	0.096052	0	0	0.428429	0.428429	0	0	0	0	
889	0.0643449	0.0641075	0.000237368	0	0.287002	0.285944	0.00105875	0	0	0	
890	0.0939292	0.090912	0.00301292	4.30206e-06	0.41896	0.405502	0.0134387	1.91888e-05	4.27016e-06	1.90465e-05	
891	0.0420125	0.0409456	0.00106695	0	0.187392	0.182633	0.00475904	0	0	0	
892	0.0580848	0.0580848	0	0	0.25908	0.25908	0	0	0	0	
893	0.0862083	0.0862083	0	0	0.384522	0.384522	0	0	0	0	
894	0.0836268	0.0831149	0.000511914	0	0.373007	0.370724	0.00228333	0	0	0	
895	0.0794103	0.0794103	0	0	0.3542	0.3542	0	0	0	0	
896	0.0787245	0.0782126	0.000511914	0	0.351141	0.348858	0.00228333	0	0	0	
897	0.078273	0.0711522	0.00709013	3.07175e-05	0.349127	0.317366	0.0316247	0.000137012	3.06856e-05	0.000136869	
898	0.0725799	0.0725799	0	0	0.323734	0.323734	0	0	0	0	
899	0.101847	0.0949656	0.00688225	0	0.45428	0.423582	0.0306974	0	0	0	
900	0.0812533	0.0812533	0	0	0.36242	0.36242	0	0	0	0	
901	0.177928	0.111561	0.0651323	0.00123454	0.793629	0.497607	0.290515	0.00550653	0.00145439	0.00648713	
902	0.0758593	0.0746716	0.00118768	0	0.338361	0.333064	0.00529751	0	0	0	
903	0.202209	0.115407	0.0865977	0.000205207	0.901933	0.514759	0.386258	0.000915301	0.000753343	0.00336019	
904	0.0673816	0.0673816	0	0	0.300547	0.300547	0	0	0	0	
905	0.156741	0.0923271	0.0644148	0	0.699129	0.411814	0.287314	0	0	0	
906	0.195138	0.129914	0.064748	0.000475864	0.870392	0.579468	0.2888	0.00212253	0.00060435	0.00269563	
907	0.0802354	0.0799137	0.000321737	0	0.35788	0.356445	0.00143507	0	0	0	
908	0.113435	0.0987977	0.014542	9.57796e-05	0.505966	0.440675	0.0648631	0.000427214	0.000107767	0.000480686	
909	0.107419	0.105029	0.00239027	0	0.479132	0.46847	0.0106615	0	0	0	
910	0.111552	0.0897813	0.021771	0	0.497566	0.400459	0.0971072	0	0	0	
911	0.126438	0.10617	0.0197899	0.000477881	0.563964	0.473562	0.0882709	0.00213153	0.000537972	0.00239956	
912	0.1066	0.0955005	0.0110887	1.08862e-05	0.475477	0.425968	0.04946	4.85569e-05	1.27882e-05	5.70406e-05	
913	0.114883	0.0983184	0.0164148	0.00015044	0.512425	0.438537	0.0732165	0.000671024	0.000159231	0.000710233	
914	0.0764057	0.0764057	0	0	0.340798	0.340798	0	0	0	0	
915	0.122109	0.0913738	0.0307018	3.38084e-05	0.544654	0.407562	0.136942	0.000150798	3.37775e-05	0.00015066	
916	0.106453	0.106453	0	0	0.474825	0.474825	0	0	0	0	
917	0.114762	0.092237	0.0225255	0	0.511884	0.411412	0.100472	0	0	0	
918	0.126033	0.0886264	0.0370429	0.000364321	0.562158	0.395307	0.165225	0.00162501	0.000778311	0.00347156	
919	0.0922389	0.0859295	0.00630933	0	0.41142	0.383278	0.028142	0	0	0	
920	0.117036	0.0854967	0.0313922	0.000147571	0.522027	0.381348	0.140021	0.000658224	0.000151107	0.000673995	
921	0.0381762	0.0381762	0	0	0.17028	0.17028	0	0	0	0	
922	0.0191833	0.0190774	0.000105939	0	0.0855651	0.0850925	0.000472532	0	0	0	
923	0.0625477	0.0589932	0.00353898	1.55855e-05	0.278987	0.263132	0.0157852	6.95175e-05	1.55536e-05	6.93752e-05	
924	0.0637169	0.0515113	0.0119618	0.000243733	0.284201	0.22976	0.0533545	0.00108714	0.000246806	0.00110085	
925	0.0485417	0.0446861	0.00383113	2.44853e-05	0.216514	0.199317	0.0170883	0.000109214	2.44534e-05	0.000109071	
926	0.0679305	0.0586322	0.00929826	0	0.302996	0.261522	0.0414738	0	0	0	
927	0.0771297	0.0770429	8.67912e-05	0	0.344028	0.34364	0.000387122	0	0	0	
928	0.102477	0.0948394	0.00763808	0	0.457088	0.423019	0.0340687	0	0	0	
929	0.0450769	0.042868	0.0021952	1.37623e-05	0.20106	0.191207	0.00979143	6.13855e-05	1.37304e-05	6.1243e-05	
930	0.0777768	0.0745414	0.0032354	0	0.346914	0.332483	0.0144311	0	0	0	
931	0.093197	0.0823325	0.0107934	7.10641e-05	0.415694	0.367234	0.0481429	0.000316973	7.10319e-05	0.000316829	
932	0.0851478	0.0838895	0.00125828	0	0.379791	0.374179	0.00561241	0	0	0	
933	0.0475771	0.0475771	0	0	0.212212	0.212212	0	0	0	0	
934	0.0484939	0.0453305	0.00313934	2.4066e-05	0.216301	0.202191	0.0140026	0.000107343	2.40341e-05	0.000107201	
935	0.0926752	0.0774927	0.0151715	1.09658e-05	0.413367	0.345647	0.0676709	4.89118e-05	1.33337e-05	5.94734e-05	
936	0.0762321	0.075599	0.000633145	0	0.340024	0.3372	0.00282406	0	0	0	
937	0.0617201	0.0617201	0	0	0.275295	0.275295	0	0	0	0	
938	0.0671433	0.0671433	0	0	0.299484	0.299484	0	0	0	0	
939	0.0727379	0.0727067	3.12093e-05	0	0.324439	0.324299	0.000139205	0	0	0	
940	0.0757297	0.0742871	0.00144257	0	0.337783	0.331349	0.00643442	0	0	0	
941	0.0685468	0.0685468	0	0	0.305744	0.305744	0	0	0	0	
942	0.0706514	0.0706514	0	0	0.315132	0.315132	0	0	0	0	
943	0.0800225	0.0800225	0	0	0.356931	0.356931	0	0	0	0	
944	0.0634511	0.0634511	0	0	0.283016	0.283016	0	0	0	0	
945	0.0640875	0.0631714	0.000916025	0	0.285854	0.281769	0.00408582	0	0	0	
946	0.0654629	0.0654629	0	0	0.291989	0.291989	0	0	0	0	
947	0.0955863	0.0955863	0	0	0.426351	0.426351	0	0	0	0	
948	0.0613052	0.0541308	0.0071744	0	0.273444	0.241444	0.0320005	0	0	0	
949	0.0645871	0.0645871	0	0	0.288083	0.288083	0	0	0	0	
950	0.0859223	0.0859223	0	0	0.383246	0.383246	0	0	0	0	
951	0.115825	0.115794	3.12093e-05	0	0.516627	0.516488	0.000139205	0	0	0	
952	0.0508577	0.0494152	0.00144257	0	0.226845	0.22041	0.00643442	0	0	0	
953	0.0532148	0.0532148	0	0	0.237358	0.237358	0	0	0	0	
954	0.0862614	0.0862614	0	0	0.384759	0.384759	0	0	0	0	
955	0.0889423	0.0889423	0	0	0.396716	0.396716	0	0	0	0	
956	0.0532968	0.0496201	0.0036767	0	0.237724	0.221324	0.0163995	0	0	0	
957	0.0788455	0.0788455	0	0	0.351681	0.351681	0	0	0	0	
958	0.078134	0.0691983	0.00893565	0	0.348507	0.308651	0.0398564	0	0	0	
959	0.0907863	0.0907863	0	0	0.404941	0.404941	0	0	0	0	
960	0.0565662	0.0565662	0	0	0.252306	0.252306	0	0	0	0	
961	0.0760432	0.0747908	0.00125244	0	0.339181	0.333595	0.00558639	0	0	0	
962	0.097873	0.0977772	9.58013e-05	0	0.436551	0.436123	0.00042731	0	0	0	
963	0.145555	0.145429	0.000125922	0	0.649234	0.648673	0.000561663	0	0	0	
964	0.104111	0.104111	0	0	0.464375	0.464375	0	0	0	0	
965	0.14218	0.0959923	0.0461837	4.26758e-06	0.634178	0.428162	0.205997	1.9035e-05	4.23325e-06	1.88819e-05	
966	0.147575	0.101413	0.046162	0	0.658242	0.452342	0.2059	0	0	0	
967	0.0442247	0.0442247	0	0	0.197259	0.197259	0	0	0	0	
968	0.0704906	0.0704906	0	0	0.314415	0.314415	0	0	0	0	
969	0.19758	0.177422	0.0201235	3.53724e-05	0.881286	0.79137	0.0897586	0.000157774	3.67569e-05	0.000163949	
970	0.197787	0.173229	0.024522	3.63933e-05	0.882209	0.772669	0.109377	0.000162328	9.25888e-05	0.000412981	
