Node	dPC	dPCintra	dPCflux	dPCconnector	varPC	varPCintra	varPCflux	varPCconnector	dBC_PC	varBC_PC	
1	0.174755	0.167319	0.00743047	5.17052e-06	0.769365	0.736629	0.0327128	2.27633e-05	5.1435e-06	2.26444e-05	
2	0.0926949	0.0842274	0.00846745	0	0.408092	0.370813	0.0372781	0	0	0	
3	0.093393	0.0825143	0.0108727	5.97323e-06	0.411165	0.363271	0.0478675	2.62973e-05	1.13896e-05	5.01432e-05	
4	0.0579256	0.0579256	0	0	0.255019	0.255019	0	0	0	0	
5	0.107193	0.107187	6.54134e-06	0	0.471923	0.471894	2.87984e-05	0	0	0	
6	0.0909671	0.0902826	0.000684499	0	0.400485	0.397471	0.00301352	0	0	0	
7	0.0869551	0.0869551	0	0	0.382822	0.382822	0	0	0	0	
8	0.122282	0.103916	0.0183662	0	0.538352	0.457494	0.0808579	0	0	0	
9	0.0882705	0.0873882	0.000882313	0	0.388613	0.384729	0.00388441	0	0	0	
10	0.0603522	0.0598674	0.000484751	0	0.265702	0.263568	0.00213413	0	0	0	
11	0.0866996	0.0799087	0.00679082	0	0.381697	0.3518	0.0298968	0	0	0	
12	0.0959876	0.09543	0.000556842	7.75073e-07	0.422588	0.420133	0.00245151	3.41228e-06	7.54385e-07	3.3212e-06	
13	0.104116	0.104116	0	0	0.458377	0.458377	0	0	0	0	
14	0.0843229	0.0843229	0	0	0.371234	0.371234	0	0	0	0	
15	0.0944279	0.0937434	0.000684499	0	0.415721	0.412708	0.00301352	0	0	0	
16	0.0740932	0.0740932	0	0	0.326197	0.326197	0	0	0	0	
17	0.0872767	0.0854266	0.00185006	0	0.384238	0.376093	0.00814498	0	0	0	
18	0.0732868	0.0729513	0.000335488	0	0.322647	0.32117	0.00147699	0	0	0	
19	0.0872731	0.0852377	0.00203537	0	0.384222	0.375261	0.00896081	0	0	0	
20	0.0597774	0.0597774	0	0	0.263171	0.263171	0	0	0	0	
21	0.0856034	0.0826575	0.00294027	5.66002e-06	0.376871	0.363902	0.0129446	2.49184e-05	5.63312e-06	2.47999e-05	
22	0.0894044	0.0885427	0.000861763	0	0.393605	0.389811	0.00379393	0	0	0	
23	0.0980858	0.096018	0.00206784	0	0.431825	0.422722	0.00910376	0	0	0	
24	0.0666983	0.0658146	0.000883691	0	0.293641	0.289751	0.00389047	0	0	0	
25	0.124043	0.116817	0.00722584	7.05847e-07	0.546106	0.514291	0.031812	3.10751e-06	6.78799e-07	2.98843e-06	
26	0.0860953	0.0852205	0.000874785	0	0.379037	0.375185	0.00385126	0	0	0	
27	0.0808861	0.0770832	0.00378881	1.41063e-05	0.356103	0.339361	0.0166803	6.21035e-05	1.40803e-05	6.19891e-05	
28	0.0628057	0.0628057	0	0	0.276504	0.276504	0	0	0	0	
29	0.102792	0.102402	0.000390306	0	0.452548	0.450829	0.00171833	0	0	0	
30	0.169138	0.150502	0.0185907	4.532e-05	0.744637	0.662592	0.0818462	0.000199522	4.52926e-05	0.000199402	
31	0.140362	0.139959	0.000403287	4.72805e-08	0.617949	0.616173	0.00177548	2.08154e-07	2.03683e-08	8.96721e-08	
32	0.147489	0.140427	0.0070614	0	0.649324	0.618236	0.031088	0	0	0	
33	0.0780819	0.0775029	0.000578937	0	0.343757	0.341209	0.00254878	0	0	0	
34	0.101672	0.0982394	0.00343344	0	0.447617	0.432502	0.0151158	0	0	0	
35	0.0635872	0.0616456	0.00194157	0	0.279944	0.271396	0.00854784	0	0	0	
36	0.0821459	0.0820673	7.86481e-05	0	0.361649	0.361303	0.00034625	0	0	0	
37	0.173782	0.0960468	0.0776952	4.05099e-05	0.765082	0.422848	0.342055	0.000178346	6.9388e-05	0.000305482	
38	0.0792938	0.0792938	0	0	0.349093	0.349093	0	0	0	0	
39	0.0893022	0.0848405	0.00444809	1.36183e-05	0.393155	0.373513	0.0195828	5.99552e-05	1.35916e-05	5.98374e-05	
40	0.10274	0.102083	0.000657458	0	0.452318	0.449424	0.00289448	0	0	0	
41	0.0976169	0.0970017	0.000614672	5.74119e-07	0.429761	0.427053	0.00270611	2.52757e-06	5.47231e-07	2.4092e-06	
42	0.0748147	0.0747646	5.00772e-05	0	0.329374	0.329153	0.000220466	0	0	0	
43	0.0596387	0.0559508	0.00367947	8.49695e-06	0.262561	0.246325	0.0161989	3.7408e-05	8.47634e-06	3.73173e-05	
44	0.0657301	0.0653244	0.000405679	0	0.289378	0.287592	0.00178601	0	0	0	
45	0.0564478	0.0527232	0.00372153	3.13258e-06	0.248513	0.232115	0.0163841	1.37912e-05	3.10658e-06	1.36768e-05	
46	0.0925275	0.0860775	0.00644922	8.37435e-07	0.407355	0.378958	0.0283929	3.68683e-06	8.16322e-07	3.59388e-06	
47	0.136795	0.136356	0.000439126	0	0.602245	0.600312	0.00193326	0	0	0	
48	0.103189	0.0859804	0.0172087	0	0.454293	0.378531	0.0757622	0	0	0	
49	0.166571	0.16014	0.00643029	5.87226e-07	0.733337	0.705025	0.0283095	2.58528e-06	5.80729e-07	2.55667e-06	
50	0.0976023	0.096336	0.00126256	3.79831e-06	0.429697	0.424122	0.00555847	1.67222e-05	3.77144e-06	1.66038e-05	
51	0.0856192	0.0856192	0	0	0.376941	0.376941	0	0	0	0	
52	0.0771309	0.0770926	3.8337e-05	0	0.339571	0.339402	0.000168779	0	0	0	
53	0.0970748	0.0960339	0.00103828	2.64156e-06	0.427374	0.422792	0.00457109	1.16295e-05	2.61465e-06	1.15111e-05	
54	0.0923939	0.0917776	0.00061621	0	0.406766	0.404053	0.00271288	0	0	0	
55	0.0981812	0.0938099	0.00437	1.29176e-06	0.432245	0.413	0.019239	5.68704e-06	1.26491e-06	5.56882e-06	
56	0.117665	0.113316	0.00434839	8.89509e-07	0.518027	0.498879	0.0191439	3.91609e-06	1.43021e-06	6.29658e-06	
57	0.102073	0.101921	0.000151715	0	0.44938	0.448712	0.000667933	0	0	0	
58	0.12101	0.0923888	0.0285875	3.42681e-05	0.532752	0.406744	0.125857	0.000150866	4.49575e-05	0.000197926	
59	0.180942	0.113363	0.0675782	4.43507e-07	0.796604	0.499087	0.297515	1.95255e-06	8.05632e-07	3.54681e-06	
60	0.0744676	0.0744676	0	0	0.327845	0.327845	0	0	0	0	
61	0.0883489	0.0881638	0.000185102	0	0.388958	0.388143	0.000814919	0	0	0	
62	0.0986144	0.0945196	0.0040891	5.68487e-06	0.434152	0.416125	0.0180023	2.50278e-05	5.65803e-06	2.49096e-05	
63	0.115578	0.09501	0.0205617	6.44248e-06	0.508836	0.418284	0.0905238	2.83632e-05	1.8395e-05	8.09849e-05	
64	0.0985413	0.0979495	0.000591093	7.48509e-07	0.433831	0.431225	0.0026023	3.29533e-06	7.21612e-07	3.17692e-06	
65	0.10417	0.103767	0.000402936	2.04362e-07	0.458612	0.456837	0.00177393	8.99712e-07	1.77466e-07	7.813e-07	
66	0.113499	0.1021	0.0113989	0	0.499685	0.449501	0.050184	0	0	0	
67	0.160895	0.138932	0.0219165	4.59152e-05	0.708345	0.611654	0.0964884	0.000202143	5.03321e-05	0.000221588	
68	0.0920177	0.0807913	0.0112263	0	0.40511	0.355686	0.0494242	0	0	0	
69	0.116667	0.115071	0.00159616	0	0.51363	0.506603	0.00702714	0	0	0	
70	0.0772319	0.0772319	0	0	0.340015	0.340015	0	0	0	0	
71	0.0641121	0.0446961	0.019416	0	0.282255	0.196775	0.0854797	0	0	0	
72	0.158039	0.130964	0.0270504	2.41265e-05	0.695772	0.576575	0.11909	0.000106217	2.94845e-05	0.000129806	
73	0.0779808	0.060345	0.0176358	0	0.343313	0.265671	0.0776421	0	0	0	
74	0.120669	0.107205	0.013437	2.77775e-05	0.531252	0.471973	0.059157	0.000122291	2.77504e-05	0.000122172	
75	0.169825	0.144445	0.0251159	0.000263843	0.747662	0.635927	0.110573	0.00116157	0.000328048	0.00144424	
76	0.144404	0.141871	0.00253059	2.03361e-06	0.635742	0.624593	0.011141	8.95304e-06	2.00676e-06	8.83483e-06	
77	0.0899601	0.0899601	0	0	0.396052	0.396052	0	0	0	0	
78	0.115	0.0990978	0.0157958	0.000107314	0.506295	0.436281	0.0695416	0.000472454	0.000229187	0.001009	
79	0.152871	0.13755	0.0151219	0.000199036	0.673019	0.605568	0.066575	0.000876265	0.00019901	0.000876148	
80	0.135609	0.125619	0.00996259	2.74083e-05	0.597025	0.553044	0.0438605	0.000120665	6.80814e-05	0.00029973	
81	0.110089	0.106606	0.00348307	0	0.484671	0.469337	0.0153343	0	0	0	
82	0.211755	0.161697	0.0493194	0.000739278	0.93226	0.711875	0.21713	0.00325469	0.000960249	0.00422752	
83	0.154843	0.125612	0.0291823	4.87951e-05	0.681703	0.553012	0.128476	0.000214821	6.15352e-05	0.00027091	
84	0.10192	0.0965062	0.0054124	2.15701e-06	0.448709	0.424871	0.0238282	9.49633e-06	2.20992e-06	9.72925e-06	
85	0.117644	0.101443	0.0162009	0	0.517934	0.446609	0.0713251	0	0	0	
86	0.167729	0.146697	0.0208451	0.000186833	0.738433	0.645839	0.0917712	0.00082254	0.000188034	0.000827828	
87	0.0801099	0.0778648	0.00224508	0	0.352686	0.342802	0.00988405	0	0	0	
88	0.0822424	0.0819013	0.00034077	3.09551e-07	0.362074	0.360573	0.00150025	1.3628e-06	2.82665e-07	1.24444e-06	
89	0.0774188	0.077211	0.000207802	0	0.340838	0.339923	0.000914854	0	0	0	
90	0.105145	0.0991305	0.00601523	0	0.462907	0.436425	0.0264822	0	0	0	
91	0.102715	0.102715	0	0	0.452207	0.452207	0	0	0	0	
92	0.0857797	0.0841439	0.0016357	0	0.377647	0.370446	0.00720125	0	0	0	
93	0.0919333	0.0905761	0.00135539	1.86894e-06	0.404739	0.398764	0.00596715	8.22808e-06	1.84206e-06	8.10973e-06	
94	0.0874729	0.0860595	0.00141333	0	0.385102	0.378879	0.00622225	0	0	0	
95	0.150899	0.131947	0.0188941	5.83204e-05	0.664341	0.580902	0.0831819	0.000256757	5.86009e-05	0.000257992	
96	0.183237	0.160142	0.0228931	0.000202578	0.80671	0.70503	0.100787	0.000891859	0.000203129	0.000894284	
97	0.109376	0.0950514	0.0143112	1.39396e-05	0.481533	0.418466	0.0630055	6.13696e-05	2.6693e-05	0.000117517	
98	0.108668	0.0899405	0.0187283	0	0.478418	0.395965	0.0824521	0	0	0	
99	0.10325	0.100838	0.00241194	0	0.454564	0.443946	0.0106186	0	0	0	
100	0.0933082	0.0927086	0.000599526	0	0.410792	0.408152	0.00263943	0	0	0	
101	0.145739	0.145448	0.000290978	0	0.64162	0.640339	0.00128104	0	0	0	
102	0.160587	0.108115	0.0524709	5.83749e-07	0.70699	0.475982	0.231005	2.56997e-06	5.5664e-07	2.45062e-06	
103	0.0812163	0.0739049	0.00731134	0	0.357557	0.325368	0.0321884	0	0	0	
104	0.105153	0.083966	0.0211874	0	0.462941	0.369662	0.0932781	0	0	0	
105	0.0974967	0.0869066	0.010511	7.91566e-05	0.429232	0.382608	0.046275	0.000348489	9.04006e-05	0.000397991	
106	0.133645	0.112421	0.0212243	0	0.588379	0.494938	0.0934409	0	0	0	
107	0.158937	0.14786	0.0110481	2.91597e-05	0.699728	0.65096	0.0486397	0.000128376	3.00043e-05	0.000132094	
108	0.0998953	0.0976854	0.00220917	7.06715e-07	0.439792	0.430063	0.00972597	3.11133e-06	6.79733e-07	2.99254e-06	
109	0.12936	0.10896	0.0203463	5.35544e-05	0.569514	0.479703	0.0895753	0.000235774	0.000156285	0.000688053	
110	0.117192	0.109486	0.00770542	0	0.515941	0.482018	0.0339233	0	0	0	
111	0.100892	0.0969982	0.00389117	2.9703e-06	0.444181	0.427037	0.017131	1.30768e-05	2.94338e-06	1.29583e-05	
112	0.101188	0.0955613	0.00562681	8.65324e-07	0.445487	0.420711	0.0247722	3.80961e-06	2.26642e-06	9.97801e-06	
113	0.0955641	0.0925051	0.00305894	0	0.420723	0.407256	0.013467	0	0	0	
114	0.160153	0.125142	0.0344577	0.00055319	0.705081	0.550944	0.151701	0.00243543	0.000907686	0.00399611	
115	0.116301	0.107665	0.00863424	2.08079e-06	0.51202	0.473999	0.0380125	9.16077e-06	2.05366e-06	9.0413e-06	
116	0.116501	0.115272	0.00122935	0	0.512901	0.507489	0.00541227	0	0	0	
117	0.108609	0.0976271	0.0109825	0	0.478157	0.429806	0.0483509	0	0	0	
118	0.102905	0.102417	0.000487486	4.0595e-07	0.453043	0.450895	0.00214617	1.7872e-06	3.79039e-07	1.66873e-06	
119	0.119703	0.114462	0.00524119	0	0.526997	0.503922	0.0230745	0	0	0	
120	0.112472	0.0968934	0.0154737	0.000104903	0.495161	0.426576	0.0681237	0.00046184	0.000129209	0.000568849	
121	0.0911743	0.0849884	0.00618594	0	0.401397	0.374163	0.0272337	0	0	0	
122	0.170944	0.158892	0.0119663	8.54236e-05	0.752588	0.69953	0.052682	0.00037608	8.59061e-05	0.000378204	
123	0.11137	0.1078	0.00356987	0	0.490312	0.474595	0.0157164	0	0	0	
124	0.156609	0.0970868	0.0575613	0.00196154	0.689478	0.427427	0.253415	0.00863575	0.0032798	0.0144394	
125	0.108172	0.104182	0.00398946	0	0.47623	0.458667	0.0175637	0	0	0	
126	0.130402	0.105141	0.024753	0.000508003	0.574098	0.462886	0.108976	0.0022365	0.00079873	0.00351643	
127	0.196215	0.193059	0.00315035	5.61441e-06	0.863843	0.849949	0.0138695	2.47176e-05	5.67036e-06	2.49639e-05	
128	0.128421	0.121566	0.00684316	1.19454e-05	0.565379	0.5352	0.0301272	5.25903e-05	1.22477e-05	5.39212e-05	
129	0.122401	0.118944	0.00345632	2.82875e-07	0.538874	0.523656	0.0152165	1.24536e-06	4.37004e-07	1.92392e-06	
130	0.0971528	0.0969699	0.000182899	0	0.427718	0.426912	0.000805222	0	0	0	
131	0.13028	0.125573	0.00469087	1.66337e-05	0.573565	0.55284	0.0206517	7.32306e-05	1.66068e-05	7.31122e-05	
132	0.110401	0.0858025	0.0245984	0	0.486043	0.377748	0.108295	0	0	0	
133	0.13122	0.111649	0.0191709	0.00040012	0.577701	0.491539	0.0844005	0.00176154	0.000421271	0.00185465	
134	0.0964722	0.0963618	0.000110441	0	0.424721	0.424235	0.00048622	0	0	0	
135	0.0710887	0.0710887	0	0	0.31297	0.31297	0	0	0	0	
136	0.107763	0.104293	0.0034558	1.37957e-05	0.474431	0.459156	0.0152142	6.07361e-05	1.37697e-05	6.06215e-05	
137	0.107834	0.102889	0.00493098	1.35776e-05	0.474743	0.452975	0.0217087	5.97759e-05	1.42984e-05	6.29491e-05	
138	0.111688	0.105136	0.00655199	3.21532e-08	0.49171	0.462865	0.0288453	1.41555e-07	5.82964e-07	2.56651e-06	
139	0.108645	0.107012	0.00163128	2.20445e-06	0.478316	0.471125	0.00718176	9.70516e-06	2.32341e-06	1.02289e-05	
140	0.135751	0.121972	0.0137786	0	0.597649	0.536989	0.0606609	0	0	0	
141	0.0942234	0.0937302	0.000493222	0	0.414821	0.41265	0.00217142	0	0	0	
142	0.0853849	0.0840643	0.00132057	0	0.375909	0.370095	0.00581384	0	0	0	
143	0.156895	0.155974	0.000920955	0	0.690737	0.686683	0.00405453	0	0	0	
144	0.10051	0.0995176	0.000992609	0	0.442499	0.438129	0.00436999	0	0	0	
145	0.0892229	0.0874325	0.00178666	3.78999e-06	0.392806	0.384924	0.00786585	1.66855e-05	4.06663e-06	1.79034e-05	
146	0.0643768	0.0616612	0.00271558	0	0.28342	0.271465	0.0119554	0	0	0	
147	0.0766784	0.0732662	0.00341226	0	0.337579	0.322556	0.0150226	0	0	0	
148	0.109252	0.108666	0.000585902	0	0.480988	0.478408	0.00257945	0	0	0	
149	0.11116	0.100708	0.0104451	7.27117e-06	0.489388	0.443371	0.0459851	3.20115e-05	1.33484e-05	5.87668e-05	
150	0.0865768	0.0832644	0.00331168	7.33516e-07	0.381157	0.366574	0.0145797	3.22932e-06	7.06657e-07	3.11108e-06	
151	0.127896	0.125447	0.0024477	1.60924e-06	0.563067	0.552284	0.0107761	7.08475e-06	1.58967e-06	6.99859e-06	
152	0.0942129	0.0854523	0.00875923	1.36548e-06	0.414775	0.376206	0.0385627	6.01157e-06	1.64232e-06	7.23039e-06	
153	0.138321	0.136724	0.00159641	0	0.608963	0.601934	0.00702824	0	0	0	
154	0.099154	0.0985162	0.000637437	4.2089e-07	0.436528	0.43372	0.00280633	1.85298e-06	3.93987e-07	1.73454e-06	
155	0.0977021	0.0926104	0.00508546	6.34983e-06	0.430136	0.407719	0.0223889	2.79553e-05	6.32283e-06	2.78364e-05	
156	0.0990539	0.0955449	0.003509	0	0.436087	0.420639	0.0154484	0	0	0	
157	0.0890992	0.0890965	2.6625e-06	0	0.392261	0.39225	1.17217e-05	0	0	0	
158	0.110598	0.104382	0.00619593	1.95632e-05	0.486912	0.459549	0.0272777	8.61277e-05	4.68288e-05	0.000206165	
159	0.100945	0.100119	0.000826208	0	0.444414	0.440777	0.0036374	0	0	0	
160	0.167607	0.15716	0.0104469	3.02346e-08	0.737898	0.691905	0.0459931	1.33108e-07	3.33774e-09	1.46945e-08	
161	0.196169	0.175487	0.0206382	4.29673e-05	0.86364	0.77259	0.0908606	0.000189165	6.14499e-05	0.000270535	
162	0.11118	0.0951196	0.0160512	1.01228e-05	0.489477	0.418767	0.0706659	4.4566e-05	1.00964e-05	4.44497e-05	
163	0.0881489	0.0792874	0.00886145	0	0.388078	0.349065	0.0390128	0	0	0	
164	0.123253	0.0905968	0.0326566	5.05814e-08	0.542627	0.398855	0.143771	2.22686e-07	3.25963e-08	1.43506e-07	
165	0.156199	0.116345	0.039521	0.000333405	0.687673	0.512213	0.173992	0.00146782	0.0004795	0.00211101	
166	0.0992983	0.0983816	0.000916683	0	0.437163	0.433127	0.00403572	0	0	0	
167	0.100681	0.098075	0.00259553	1.07893e-05	0.443252	0.431778	0.0114269	4.75002e-05	1.07624e-05	4.73821e-05	
168	0.104534	0.0990298	0.00550391	2.77504e-07	0.460213	0.435981	0.0242311	1.22172e-06	1.12134e-06	4.93673e-06	
169	0.0977768	0.0957199	0.00205687	8.03375e-08	0.430465	0.421409	0.00905544	3.53688e-07	5.34496e-08	2.35313e-07	
170	0.132455	0.109759	0.0226451	5.07737e-05	0.58314	0.483221	0.099696	0.000223532	5.07469e-05	0.000223414	
171	0.207921	0.197323	0.0105598	3.8419e-05	0.91538	0.86872	0.0464901	0.00016914	3.85702e-05	0.000169806	
172	0.135006	0.123379	0.0116268	0	0.594369	0.543181	0.0511874	0	0	0	
173	0.155488	0.137071	0.0183617	5.61118e-05	0.684544	0.603459	0.0808379	0.000247034	5.6085e-05	0.000246915	
174	0.122396	0.114412	0.00798377	0	0.538855	0.503706	0.0351488	0	0	0	
175	0.102165	0.0972503	0.0049154	0	0.449787	0.428147	0.0216402	0	0	0	
176	0.104921	0.0958231	0.00899344	0.000104665	0.461918	0.421864	0.0395938	0.000460791	0.000104638	0.000460673	
177	0.170398	0.143273	0.0265313	0.000593381	0.750183	0.630765	0.116805	0.00261237	0.000595432	0.0026214	
178	0.125831	0.107539	0.018292	0	0.553977	0.473446	0.0805311	0	0	0	
179	0.151382	0.141897	0.00945493	3.00384e-05	0.666464	0.624706	0.0416256	0.000132244	4.22796e-05	0.000186137	
180	0.108957	0.102497	0.00643561	2.45894e-05	0.479688	0.451247	0.0283329	0.000108255	2.45628e-05	0.000108138	
181	0.127434	0.126649	0.000784967	0	0.561034	0.557578	0.00345584	0	0	0	
182	0.100506	0.100468	3.80062e-05	0	0.44248	0.442313	0.000167323	0	0	0	
183	0.115695	0.112698	0.00299685	0	0.509352	0.496158	0.0131937	0	0	0	
184	0.0939397	0.0889531	0.00498665	0	0.413572	0.391618	0.0219538	0	0	0	
185	0.0890584	0.0834501	0.00560824	0	0.392082	0.367391	0.0246904	0	0	0	
186	0.131079	0.115005	0.0160661	7.49254e-06	0.577081	0.506316	0.0707316	3.29861e-05	8.3798e-06	3.68923e-05	
187	0.0893283	0.0892062	0.000122148	0	0.39327	0.392732	0.000537763	0	0	0	
188	0.0852832	0.0815281	0.00375508	0	0.375461	0.358929	0.0165318	0	0	0	
189	0.105437	0.103371	0.00206563	0	0.464192	0.455098	0.009094	0	0	0	
190	0.0772816	0.0600042	0.0172774	0	0.340234	0.26417	0.0760644	0	0	0	
191	0.338934	0.215593	0.121048	0.00229259	1.49216	0.949155	0.532921	0.0100931	0.00269092	0.0118468	
192	0.0737741	0.0737605	1.36042e-05	0	0.324792	0.324732	5.98929e-05	0	0	0	
193	0.119659	0.119659	0	0	0.526805	0.526805	0	0	0	0	
194	0.16472	0.122353	0.0421166	0.000250367	0.725186	0.538664	0.185419	0.00110225	0.000366964	0.00161557	
195	0.0895549	0.0895549	0	0	0.394268	0.394268	0	0	0	0	
196	0.0903401	0.0903401	0	0	0.397725	0.397725	0	0	0	0	
197	0.0783023	0.0566171	0.0215659	0.000119202	0.344728	0.249258	0.0949448	0.000524792	0.000128827	0.000567166	
198	0.130217	0.11551	0.0146995	7.09601e-06	0.573284	0.508538	0.064715	3.12404e-05	7.06915e-06	3.11221e-05	
199	0.147712	0.115548	0.0321611	3.20178e-06	0.650309	0.508704	0.14159	1.40959e-05	6.61884e-06	2.91396e-05	
200	0.107579	0.0881361	0.0194431	0	0.47362	0.388022	0.0855988	0	0	0	
201	0.150115	0.10165	0.047634	0.000831026	0.660889	0.447521	0.20971	0.00365861	0.00229198	0.0100905	
202	0.107008	0.106976	3.20863e-05	0	0.471109	0.470968	0.000141261	0	0	0	
203	0.0956621	0.095487	0.000175045	9.46133e-08	0.421155	0.420384	0.000770642	4.16538e-07	6.77154e-08	2.98119e-07	
204	0.162279	0.135177	0.0269543	0.000147428	0.714439	0.595122	0.118667	0.000649057	0.00019169	0.00084392	
205	0.106145	0.0907877	0.0152497	0.000108452	0.46731	0.399695	0.0671373	0.000477467	0.000116266	0.000511868	
206	0.196989	0.150867	0.0459912	0.000130617	0.867251	0.664198	0.202477	0.000575045	0.000202591	0.000891916	
207	0.0664603	0.052437	0.0140222	1.09032e-06	0.292593	0.230855	0.0617333	4.80019e-06	1.79284e-06	7.89306e-06	
208	0.101987	0.0992818	0.00270542	0	0.449001	0.437091	0.0119107	0	0	0	
209	0.153716	0.0961661	0.0575276	2.32517e-05	0.676743	0.423374	0.253267	0.000102366	0.000101764	0.00044802	
210	0.115373	0.114814	0.000559385	0	0.507937	0.505474	0.0024627	0	0	0	
211	0.170379	0.104535	0.0658439	0	0.750099	0.460219	0.289879	0	0	0	
212	0.117946	0.117497	0.00044914	0	0.519262	0.517285	0.00197735	0	0	0	
213	0.243208	0.166238	0.0760132	0.000956554	1.07073	0.731869	0.33465	0.00421125	0.00145819	0.00641973	
214	0.119132	0.116935	0.0021904	6.4458e-06	0.524482	0.514811	0.00964332	2.83778e-05	6.46695e-06	2.84709e-05	
215	0.170274	0.163156	0.00709352	2.35869e-05	0.749636	0.718303	0.0312294	0.000103842	2.40218e-05	0.000105756	
216	0.0994413	0.0856239	0.0138173	0	0.437793	0.376961	0.0608313	0	0	0	
217	0.190949	0.142237	0.0481011	0.000611001	0.840661	0.626204	0.211766	0.00268995	0.000747802	0.00329222	
218	0.0982411	0.0980908	0.000150277	0	0.432509	0.431847	0.000661601	0	0	0	
219	0.134688	0.134327	0.000360176	0	0.592968	0.591382	0.00158568	0	0	0	
220	0.0924156	0.0846185	0.00779707	0	0.406862	0.372535	0.0343268	0	0	0	
221	0.113605	0.094748	0.0188575	0	0.500151	0.41713	0.0830207	0	0	0	
222	0.0508293	0.0507525	7.67952e-05	0	0.223777	0.223439	0.000338093	0	0	0	
223	0.0978345	0.0976896	0.00014494	0	0.430719	0.430081	0.000638102	0	0	0	
224	0.183484	0.146614	0.0368288	4.0818e-05	0.807794	0.645474	0.162139	0.000179702	6.35117e-05	0.000279612	
225	0.0810335	0.0790357	0.00199566	2.12485e-06	0.356752	0.347957	0.00878596	9.35473e-06	2.09801e-06	9.23655e-06	
226	0.250542	0.227142	0.0233635	3.72602e-05	1.10302	1	0.102858	0.000164039	3.76105e-05	0.000165581	
227	0.0848324	0.0830238	0.00180861	0	0.373477	0.365514	0.00796248	0	0	0	
228	0.0918197	0.0800755	0.0117442	0	0.404239	0.352534	0.0517042	0	0	0	
229	0.128601	0.125023	0.00357747	0	0.56617	0.55042	0.0157499	0	0	0	
230	0.108303	0.107552	0.00075045	0	0.476808	0.473504	0.00330387	0	0	0	
231	0.0935553	0.0928572	0.000698087	0	0.41188	0.408806	0.00307335	0	0	0	
232	0.0855213	0.0757599	0.00975983	1.60245e-06	0.37651	0.333535	0.0429679	7.05486e-06	1.57559e-06	6.93661e-06	
233	0.0801384	0.0788325	0.0013034	2.55267e-06	0.352811	0.347062	0.00573829	1.12382e-05	2.6263e-06	1.15623e-05	
234	0.105241	0.105241	0	0	0.463329	0.463329	0	0	0	0	
235	0.137474	0.137474	0	0	0.605233	0.605233	0	0	0	0	
236	0.068083	0.0667647	0.00131829	0	0.299737	0.293933	0.00580382	0	0	0	
237	0.0477961	0.0477961	0	0	0.210423	0.210423	0	0	0	0	
238	0.0903099	0.0903099	0	0	0.397592	0.397592	0	0	0	0	
239	0.138102	0.123083	0.015004	1.48421e-05	0.608	0.541879	0.0660555	6.53431e-05	1.4934e-05	6.57477e-05	
240	0.0943889	0.0914983	0.00289058	0	0.415549	0.402824	0.0127259	0	0	0	
241	0.135735	0.119675	0.0160036	5.68067e-05	0.597581	0.526874	0.0704563	0.000250093	5.87863e-05	0.000258808	
242	0.0867212	0.0863543	0.000366869	0	0.381792	0.380177	0.00161515	0	0	0	
243	0.0869347	0.0869254	9.26343e-06	0	0.382732	0.382691	4.07825e-05	0	0	0	
244	0.0897153	0.089657	5.8327e-05	0	0.394974	0.394717	0.000256786	0	0	0	
245	0.124184	0.0961216	0.0277757	0.000287313	0.546726	0.423178	0.122283	0.0012649	0.000341868	0.00150508	
246	0.108966	0.0904695	0.0184964	0	0.479726	0.398294	0.0814312	0	0	0	
247	0.111464	0.108301	0.0031547	7.96889e-06	0.490725	0.476801	0.0138886	3.50832e-05	7.94462e-06	3.49764e-05	
248	0.0844682	0.0844682	0	0	0.371873	0.371873	0	0	0	0	
249	0.0762063	0.0707397	0.00546659	0	0.3355	0.311433	0.0240668	0	0	0	
250	0.0679996	0.0673487	0.000650863	0	0.29937	0.296504	0.00286544	0	0	0	
251	0.130101	0.110419	0.0195813	0.000100893	0.572774	0.486123	0.0862073	0.000444185	0.000100866	0.000444066	
252	0.0748561	0.070004	0.00484936	2.76893e-06	0.329556	0.308194	0.0213494	1.21903e-05	4.58998e-06	2.02075e-05	
253	0.0996557	0.0988414	0.000814333	0	0.438737	0.435152	0.00358512	0	0	0	
254	0.0788675	0.0784831	0.000384415	0	0.347216	0.345524	0.0016924	0	0	0	
255	0.0876357	0.0876357	0	0	0.385818	0.385818	0	0	0	0	
256	0.0983907	0.0977317	0.000658633	3.88695e-07	0.433168	0.430266	0.00289965	1.71124e-06	4.99869e-07	2.20068e-06	
257	0.0995469	0.0897306	0.00981627	0	0.438258	0.395041	0.0432164	0	0	0	
258	0.101887	0.097203	0.0046816	2.9416e-06	0.448563	0.427939	0.0206109	1.29504e-05	5.48151e-06	2.41325e-05	
259	0.0522172	0.0457434	0.00641665	5.70934e-05	0.229887	0.201386	0.0282495	0.000251355	6.57032e-05	0.00028926	
260	0.0448058	0.0421828	0.00262297	0	0.197259	0.185711	0.0115477	0	0	0	
261	0.112414	0.111018	0.00139452	1.00285e-06	0.494906	0.488762	0.00613945	4.41509e-06	9.75982e-07	4.29679e-06	
262	0.116409	0.112267	0.0041412	1.02237e-06	0.512495	0.494259	0.0182317	4.50102e-06	1.00341e-06	4.41756e-06	
263	0.060269	0.0442198	0.0159868	6.24574e-05	0.265336	0.194678	0.0703824	0.00027497	7.94477e-05	0.000349771	
264	0.20245	0.141431	0.0604766	0.000541792	0.891292	0.622657	0.26625	0.00238525	0.00069493	0.00305945	
265	0.0491229	0.0438125	0.00530513	5.351e-06	0.216265	0.192885	0.023356	2.35579e-05	7.25218e-06	3.19279e-05	
266	0.096777	0.0842937	0.0123121	0.000171097	0.426063	0.371105	0.0542047	0.000753259	0.00017107	0.000753141	
267	0.0486559	0.046033	0.00262297	0	0.214209	0.202661	0.0115477	0	0	0	
268	0.0867215	0.0860733	0.000647686	5.62756e-07	0.381794	0.37894	0.00285145	2.47754e-06	5.35868e-07	2.35917e-06	
269	0.212589	0.206943	0.00564408	2.03069e-06	0.935932	0.911075	0.0248482	8.94021e-06	2.11344e-06	9.30451e-06	
270	0.108839	0.108454	0.000384415	0	0.479167	0.477474	0.0016924	0	0	0	
271	0.0856682	0.0854635	0.00020472	0	0.377156	0.376255	0.000901289	0	0	0	
272	0.105355	0.104705	0.000648947	7.09828e-07	0.463829	0.460969	0.00285701	3.12503e-06	6.82913e-07	3.00654e-06	
273	0.112133	0.0925491	0.0195614	2.32321e-05	0.493672	0.40745	0.08612	0.00010228	4.93458e-05	0.000217246	
274	0.103684	0.0952153	0.00846791	1.21544e-06	0.456473	0.419188	0.0372802	5.35102e-06	2.27403e-06	1.00114e-05	
275	0.117634	0.112294	0.00530829	3.14381e-05	0.517888	0.49438	0.0233699	0.000138407	3.1411e-05	0.000138288	
276	0.0913488	0.0906547	0.000694088	0	0.402166	0.39911	0.00305574	0	0	0	
277	0.114843	0.105045	0.00972553	7.23291e-05	0.5056	0.462465	0.0428169	0.000318431	8.52402e-05	0.000375272	
278	0.183734	0.149388	0.0342725	7.39199e-05	0.808897	0.657686	0.150885	0.000325434	0.000114868	0.000505713	
279	0.0788458	0.0777668	0.00107899	0	0.347121	0.34237	0.00475029	0	0	0	
280	0.148227	0.122522	0.025688	1.65573e-05	0.652574	0.539409	0.113092	7.2894e-05	4.81966e-05	0.000212187	
281	0.113765	0.0960144	0.0177207	3.07707e-05	0.500857	0.422706	0.0780159	0.000135469	3.39384e-05	0.000149414	
282	0.084121	0.0819953	0.00212569	0	0.370345	0.360986	0.00935845	0	0	0	
283	0.098491	0.0919924	0.00649686	1.77044e-06	0.433609	0.404999	0.0286026	7.79445e-06	4.00107e-06	1.76148e-05	
284	0.150606	0.111655	0.038874	7.66609e-05	0.663048	0.491567	0.171144	0.000337501	0.000124578	0.000548462	
285	0.10349	0.0880512	0.0154347	4.99748e-06	0.455621	0.387648	0.067952	2.20015e-05	6.87573e-06	3.02706e-05	
286	0.126248	0.0828478	0.0433765	2.37442e-05	0.555811	0.36474	0.190966	0.000104534	4.00183e-05	0.000176181	
287	0.0761217	0.0659971	0.00998821	0.000136447	0.335128	0.290554	0.0439733	0.000600716	0.000136421	0.000600598	
288	0.225674	0.141808	0.0812739	0.00259165	0.993537	0.624317	0.35781	0.0114098	0.00336971	0.0148352	
289	0.0675975	0.0662449	0.00134833	4.32575e-06	0.2976	0.291645	0.0059361	1.90442e-05	4.29888e-06	1.89259e-05	
290	0.0701434	0.0696345	0.000508945	0	0.308808	0.306568	0.00224064	0	0	0	
291	0.204829	0.138451	0.0661217	0.000255692	0.901766	0.609537	0.291103	0.00112569	0.00133065	0.00585826	
292	0.137216	0.117755	0.0194228	3.80234e-05	0.6041	0.518423	0.0855095	0.000167399	3.82311e-05	0.000168313	
293	0.0670035	0.0480139	0.0189895	0	0.294984	0.211382	0.083602	0	0	0	
294	0.0693108	0.0615642	0.00766898	7.76602e-05	0.305143	0.271038	0.0337629	0.000341901	0.00012431	0.000547278	
295	0.197273	0.153581	0.0433196	0.000372431	0.868503	0.676147	0.190716	0.00163964	0.000496538	0.00218602	
296	0.119406	0.119406	0	0	0.525688	0.525688	0	0	0	0	
297	0.177449	0.147954	0.0294584	3.6725e-05	0.781227	0.651374	0.129691	0.000161683	6.0502e-05	0.000266362	
298	0.109059	0.091686	0.0171807	0.000193073	0.480139	0.40365	0.0756387	0.000850009	0.000193046	0.000849891	
299	0.0986678	0.0801603	0.0185074	0	0.434387	0.352908	0.0814796	0	0	0	
300	0.0777522	0.0774637	0.000288564	0	0.342306	0.341036	0.00127041	0	0	0	
301	0.0712953	0.0628207	0.0084734	1.27938e-06	0.313879	0.27657	0.0373044	5.63253e-06	1.31826e-06	5.80369e-06	
302	0.0723914	0.0699977	0.00239365	5.00333e-08	0.318705	0.308167	0.0105381	2.20273e-07	3.54911e-08	1.5625e-07	
303	0.121977	0.106802	0.0151651	9.43853e-06	0.537008	0.470201	0.0667649	4.15534e-05	1.07768e-05	4.74455e-05	
304	0.0963427	0.0963427	0	0	0.424151	0.424151	0	0	0	0	
305	0.0516458	0.0416593	0.00998648	0	0.227372	0.183406	0.0439657	0	0	0	
306	0.0626422	0.0534301	0.00921213	0	0.275784	0.235227	0.0405567	0	0	0	
307	0.0952566	0.0881226	0.00713397	0	0.41937	0.387962	0.0314075	0	0	0	
308	0.0912302	0.0762355	0.0149946	0	0.401643	0.335629	0.0660145	0	0	0	
309	0.1227	0.111807	0.0108135	7.92063e-05	0.540191	0.492235	0.047607	0.000348708	7.92832e-05	0.000349046	
310	0.145915	0.144686	0.00122739	1.82131e-06	0.642396	0.636985	0.00540365	8.01839e-06	1.79443e-06	7.90004e-06	
311	0.0815706	0.0746397	0.00687665	5.42704e-05	0.359117	0.328603	0.0302746	0.000238927	5.99062e-05	0.000263738	
312	0.141153	0.096743	0.0441551	0.000255762	0.621434	0.425913	0.194394	0.00112599	0.000330516	0.00145511	
313	0.108379	0.0943097	0.0140698	0	0.477144	0.415201	0.061943	0	0	0	
314	0.0809677	0.0780058	0.00296126	6.35908e-07	0.356462	0.343423	0.013037	2.7996e-06	7.57121e-07	3.33324e-06	
315	0.103739	0.0958718	0.00783783	2.9678e-05	0.456715	0.422078	0.0345062	0.000130658	3.34576e-05	0.000147298	
316	0.0729405	0.0712699	0.00167062	0	0.321122	0.313767	0.00735495	0	0	0	
317	0.12385	0.0774898	0.046081	0.000279279	0.545253	0.341151	0.202873	0.00122953	0.000450637	0.00198394	
318	0.150094	0.12343	0.0266639	0	0.660797	0.543408	0.117388	0	0	0	
319	0.223886	0.144941	0.0776331	0.00131217	0.985668	0.638109	0.341782	0.00577686	0.00149009	0.0065602	
320	0.0974054	0.0768137	0.0205654	2.62469e-05	0.42883	0.338174	0.09054	0.000115553	4.81888e-05	0.000212152	
321	0.156319	0.0997469	0.0550576	0.00151472	0.6882	0.439138	0.242392	0.00666859	0.00185646	0.00817314	
322	0.137253	0.0795514	0.0571644	0.000537928	0.604263	0.350227	0.251668	0.00236824	0.00084934	0.00373924	
323	0.104429	0.0957668	0.00866243	0	0.459752	0.421616	0.0381366	0	0	0	
324	0.128798	0.126402	0.00239673	0	0.56704	0.556488	0.0105517	0	0	0	
325	0.0913655	0.0910975	0.00026796	0	0.402239	0.401059	0.0011797	0	0	0	
326	0.0717782	0.0717573	2.08235e-05	0	0.316005	0.315913	9.16762e-05	0	0	0	
327	0.0779586	0.075865	0.00209364	0	0.343215	0.333998	0.00921733	0	0	0	
328	0.0915949	0.0915918	3.13681e-06	0	0.403249	0.403235	1.38098e-05	0	0	0	
329	0.0946699	0.0923598	0.00230702	3.11453e-06	0.416787	0.406616	0.0101567	1.37118e-05	3.0877e-06	1.35937e-05	
330	0.149083	0.0891367	0.0586691	0.00127737	0.656343	0.392427	0.258292	0.00562366	0.00171529	0.00755161	
331	0.131597	0.117993	0.0135618	4.26692e-05	0.579361	0.519467	0.0597065	0.000187852	5.41082e-05	0.000238213	
332	0.107877	0.0972995	0.0105118	6.64904e-05	0.474935	0.428364	0.0462787	0.000292726	8.11094e-05	0.000357086	
333	0.123915	0.0993987	0.0245169	0	0.545542	0.437605	0.107936	0	0	0	
334	0.144735	0.0892803	0.0547371	0.000718018	0.637202	0.393059	0.240982	0.00316109	0.00103885	0.00457358	
335	0.0880018	0.0812277	0.00677404	0	0.38743	0.357607	0.0298229	0	0	0	
336	0.103095	0.0902953	0.0127313	6.88147e-05	0.453881	0.397527	0.0560503	0.000302958	7.8282e-05	0.000344638	
337	0.120716	0.112894	0.00781961	1.70735e-06	0.531456	0.497022	0.034426	7.51666e-06	3.57796e-06	1.57521e-05	
338	0.113713	0.102654	0.0109812	7.73563e-05	0.500625	0.451939	0.0483454	0.000340563	8.00457e-05	0.000352403	
339	0.0889802	0.0777774	0.0111475	5.53365e-05	0.391738	0.342417	0.0490774	0.00024362	6.15951e-05	0.000271174	
340	0.10896	0.0843717	0.0244169	0.00017215	0.479703	0.371449	0.107496	0.000757897	0.000278112	0.00122439	
341	0.108857	0.105329	0.00352878	4.39399e-08	0.479249	0.463714	0.0155355	1.93447e-07	2.93812e-08	1.29351e-07	
342	0.110623	0.0761194	0.0342613	0.000242462	0.487021	0.335117	0.150836	0.00106744	0.000258288	0.00113712	
343	0.143266	0.089094	0.0533314	0.000840958	0.630734	0.392238	0.234793	0.00370234	0.00147468	0.00649232	
344	0.0843031	0.0832894	0.0010137	0	0.371147	0.366684	0.00446286	0	0	0	
345	0.122887	0.09602	0.0268047	6.26722e-05	0.541015	0.422731	0.118008	0.000275916	7.51885e-05	0.000331019	
346	0.145018	0.099237	0.044944	0.000837887	0.638449	0.436893	0.197867	0.00368882	0.00131616	0.00579444	
347	0.0938876	0.07624	0.0176053	4.2364e-05	0.413343	0.335648	0.077508	0.000186508	5.85439e-05	0.000257741	
348	0.0993722	0.0845669	0.0147876	1.7661e-05	0.437489	0.372308	0.0651031	7.77531e-05	3.64481e-05	0.000160463	
349	0.0821361	0.0729279	0.00916589	4.2375e-05	0.361606	0.321067	0.0403531	0.000186557	6.69514e-05	0.000294755	
350	0.138302	0.0768542	0.0605766	0.000871912	0.608882	0.338353	0.26669	0.00383861	0.00141328	0.00622203	
351	0.150946	0.0946411	0.0561395	0.000165642	0.664545	0.41666	0.247156	0.000729247	0.000313101	0.00137844	
352	0.126601	0.0825628	0.0440186	2.02124e-05	0.557367	0.363485	0.193793	8.89859e-05	3.48649e-05	0.000153494	
353	0.0850034	0.0787448	0.00624629	1.23257e-05	0.37423	0.346676	0.0274994	5.42645e-05	1.72533e-05	7.59585e-05	
354	0.0888187	0.0799739	0.00880647	3.83234e-05	0.391026	0.352087	0.0387707	0.00016872	4.16561e-05	0.000183392	
355	0.0851038	0.0842731	0.00083074	0	0.374672	0.371014	0.00365735	0	0	0	
356	0.125062	0.109901	0.0150866	7.45106e-05	0.550591	0.483844	0.0664191	0.000328035	8.10986e-05	0.000357038	
357	0.214203	0.109087	0.102219	0.00289655	0.943036	0.480259	0.450024	0.0127521	0.0062075	0.0273287	
358	0.175435	0.0987972	0.0756973	0.000940623	0.772358	0.434957	0.333259	0.00414112	0.00369959	0.0162875	
359	0.109985	0.0789422	0.0305822	0.000461572	0.484216	0.347545	0.134639	0.00203208	0.000893994	0.00393583	
360	0.100941	0.0975436	0.00339655	9.76166e-07	0.444396	0.429438	0.0149534	4.2976e-06	4.5506e-06	2.00341e-05	
361	0.0474387	0.0474387	0	0	0.20885	0.20885	0	0	0	0	
362	0.103546	0.0878879	0.0155841	7.49075e-05	0.455868	0.386929	0.0686095	0.000329782	8.19147e-05	0.000360631	
363	0.0497512	0.0495475	0.000203708	0	0.219031	0.218134	0.000896833	0	0	0	
364	0.135994	0.114462	0.0215048	2.77426e-05	0.598721	0.503923	0.0946756	0.000122137	3.23921e-05	0.000142607	
365	0.0836965	0.0799605	0.00371882	1.72577e-05	0.368476	0.352028	0.0163722	7.59777e-05	1.80147e-05	7.93106e-05	
366	0.11329	0.0923075	0.0207411	0.000241602	0.498763	0.406386	0.0913134	0.00106366	0.000291811	0.0012847	
367	0.126224	0.10597	0.0201987	5.50264e-05	0.555706	0.466538	0.0889254	0.000242255	0.000108032	0.000475616	
368	0.080401	0.0762543	0.00410809	3.86312e-05	0.353967	0.335711	0.018086	0.000170074	3.86042e-05	0.000169956	
369	0.0860061	0.080819	0.00517375	1.33695e-05	0.378644	0.355808	0.0227776	5.88596e-05	1.48868e-05	6.55395e-05	
370	0.11483	0.0922235	0.0224611	0.000145891	0.505544	0.406016	0.0988858	0.000642292	0.000226363	0.000996572	
371	0.112865	0.0798293	0.0328662	0.000170241	0.496894	0.35145	0.144694	0.000749492	0.000184586	0.000812645	
372	0.0986433	0.0795492	0.0190762	1.78483e-05	0.43428	0.350217	0.0839836	7.85777e-05	1.89665e-05	8.35006e-05	
373	0.0844666	0.0797057	0.00475537	5.60615e-06	0.371866	0.350906	0.0209356	2.46812e-05	8.76939e-06	3.86075e-05	
374	0.162957	0.104589	0.0541552	0.00421249	0.717425	0.460459	0.23842	0.0185456	0.00508506	0.0223871	
375	0.145921	0.127935	0.0177417	0.000244714	0.642424	0.563238	0.0781086	0.00107736	0.00024577	0.00108201	
376	0.100258	0.0995078	0.000750535	6.30488e-07	0.441393	0.438086	0.00330425	2.77574e-06	6.03608e-07	2.6574e-06	
377	0.101654	0.100699	0.000953642	1.29654e-06	0.447534	0.44333	0.00419843	5.70809e-06	1.27207e-06	5.60033e-06	
378	0.116015	0.104341	0.0116631	1.1346e-05	0.510762	0.459365	0.0513474	4.99513e-05	1.13729e-05	5.00699e-05	
379	0.0934501	0.0771866	0.016217	4.6444e-05	0.411416	0.339816	0.0713958	0.000204471	5.6698e-05	0.000249614	
380	0.105685	0.0829131	0.0227633	9.39597e-06	0.465285	0.365027	0.100216	4.1366e-05	2.0495e-05	9.02302e-05	
381	0.107014	0.080278	0.0264386	0.000298202	0.471135	0.353426	0.116396	0.00131284	0.000464087	0.00204316	
382	0.106484	0.104661	0.00182008	2.4649e-06	0.4688	0.460776	0.00801299	1.08518e-05	2.49017e-06	1.0963e-05	
383	0.0816187	0.0763711	0.00524761	0	0.359328	0.336226	0.0231027	0	0	0	
384	0.0998587	0.0909273	0.0089314	0	0.439631	0.40031	0.0393207	0	0	0	
385	0.146984	0.107961	0.0380971	0.000925287	0.647102	0.475305	0.167723	0.0040736	0.00110319	0.00485683	
386	0.0974519	0.0800811	0.017215	0.000155822	0.429035	0.352559	0.0757898	0.000686013	0.000243732	0.00107303	
387	0.0949051	0.0847117	0.0101403	5.30242e-05	0.417822	0.372945	0.0446432	0.00023344	7.31971e-05	0.000322252	
388	0.090698	0.0774217	0.0130336	0.000242655	0.3993	0.340851	0.0573809	0.00106829	0.000242628	0.00106817	
389	0.134746	0.111818	0.0229281	0	0.593224	0.492282	0.100941	0	0	0	
390	0.0821513	0.0747932	0.00730317	5.48785e-05	0.361673	0.329279	0.0321524	0.000241604	6.00093e-05	0.000264192	
391	0.101898	0.091794	0.0101048	0	0.448613	0.404126	0.044487	0	0	0	
392	0.0907177	0.0501338	0.0403149	0.000268945	0.399387	0.220715	0.177487	0.00118403	0.000291667	0.00128407	
393	0.0918565	0.081377	0.0104794	0	0.4044	0.358264	0.046136	0	0	0	
394	0.0976256	0.0931775	0.00444816	0	0.429799	0.410216	0.0195831	0	0	0	
395	0.149351	0.139108	0.0102424	7.41605e-07	0.657526	0.61243	0.0450928	3.26494e-06	3.22104e-06	1.41807e-05	
396	0.0982266	0.0595032	0.0387234	0	0.432445	0.261964	0.170481	0	0	0	
397	0.129424	0.101936	0.0271208	0.000367087	0.569795	0.448779	0.1194	0.00161611	0.000886316	0.00390203	
398	0.0919859	0.0917231	0.000262708	7.80729e-08	0.40497	0.403813	0.00115658	3.43718e-07	1.70538e-07	7.50802e-07	
399	0.0798868	0.079007	0.000879587	2.28703e-07	0.351704	0.34783	0.0038724	1.00687e-06	2.89385e-07	1.27402e-06	
400	0.146732	0.129853	0.016879	0	0.645994	0.571684	0.0743104	0	0	0	
401	0.101964	0.101253	0.000710457	0	0.448899	0.445771	0.0031278	0	0	0	
402	0.112738	0.0839188	0.0288192	0	0.496332	0.369455	0.126877	0	0	0	
403	0.117642	0.0893696	0.0281095	0.000163212	0.517923	0.393452	0.123752	0.000718547	0.000564893	0.00248695	
404	0.109424	0.0993942	0.0100246	5.92194e-06	0.481745	0.437586	0.0441338	2.60715e-05	5.89501e-06	2.59529e-05	
405	0.107873	0.107873	0	0	0.474916	0.474916	0	0	0	0	
406	0.197297	0.178032	0.0192483	1.62404e-05	0.868606	0.783793	0.0847414	7.1499e-05	1.62133e-05	7.13798e-05	
407	0.132879	0.08604	0.0465445	0.000294736	0.585005	0.378793	0.204913	0.00129758	0.000319624	0.00140715	
408	0.131592	0.128492	0.00309993	0	0.57934	0.565693	0.0136475	0	0	0	
409	0.092652	0.0925946	5.73904e-05	0	0.407903	0.40765	0.000252663	0	0	0	
410	0.114412	0.0885243	0.0255408	0.000347328	0.503704	0.389731	0.112444	0.00152912	0.000347625	0.00153043	
411	0.138446	0.118301	0.0201405	4.95658e-06	0.609516	0.520825	0.0886692	2.18214e-05	5.00423e-06	2.20312e-05	
412	0.155549	0.123241	0.0322831	2.42228e-05	0.684809	0.542575	0.142127	0.000106641	3.27278e-05	0.000144085	
413	0.0945666	0.0923774	0.00218846	7.48723e-07	0.416332	0.406694	0.00963477	3.29627e-06	7.48887e-07	3.29699e-06	
414	0.151069	0.113586	0.0374475	3.58149e-05	0.665089	0.500068	0.164863	0.000157676	3.82923e-05	0.000168583	
415	0.0930861	0.0928075	0.000278633	0	0.409814	0.408587	0.00122669	0	0	0	
416	0.130005	0.107089	0.0229049	1.09215e-05	0.572354	0.471466	0.100839	4.80826e-05	1.08945e-05	4.79637e-05	
417	0.10656	0.096656	0.00990469	0	0.469136	0.42553	0.0436056	0	0	0	
418	0.0811477	0.0776441	0.00350353	0	0.357255	0.34183	0.0154244	0	0	0	
419	0.13969	0.103089	0.0364486	0.000152307	0.614992	0.453856	0.160466	0.000670537	0.000198293	0.000872992	
420	0.0845426	0.0845426	0	0	0.372201	0.372201	0	0	0	0	
421	0.0889771	0.0869636	0.00201347	0	0.391724	0.382859	0.00886439	0	0	0	
422	0.105672	0.0818073	0.0236113	0.000253391	0.465223	0.360158	0.103949	0.00111556	0.000253364	0.00111544	
423	0.0680406	0.0565498	0.0114269	6.38534e-05	0.29955	0.248962	0.0503076	0.000281116	9.69834e-05	0.000426972	
424	0.111785	0.111673	0.00011194	0	0.492136	0.491644	0.000492819	0	0	0	
425	0.0756449	0.0702698	0.00537509	0	0.333029	0.309365	0.0236639	0	0	0	
426	0.114655	0.11016	0.00448881	6.42167e-06	0.504773	0.484983	0.0197621	2.82716e-05	7.4976e-06	3.30084e-05	
427	0.0934561	0.0914072	0.00204228	6.70497e-06	0.411443	0.402422	0.0089912	2.95188e-05	6.67812e-06	2.94006e-05	
428	0.0962762	0.0950191	0.0012568	3.01689e-07	0.423859	0.418324	0.00553313	1.32819e-06	2.7486e-07	1.21007e-06	
429	0.126353	0.0891349	0.037219	0	0.556277	0.392418	0.163858	0	0	0	
430	0.224314	0.214571	0.00974159	1.28233e-06	0.987551	0.944658	0.0428876	5.64553e-06	1.25554e-06	5.52758e-06	
431	0.180768	0.168059	0.0126964	1.23856e-05	0.795837	0.739886	0.0558964	5.45281e-05	1.23592e-05	5.44119e-05	
432	0.134986	0.113342	0.0215761	6.85192e-05	0.594283	0.498992	0.0949894	0.000301658	8.63089e-05	0.000379977	
433	0.113072	0.099596	0.0131629	0.000313629	0.497805	0.438474	0.0579501	0.00138076	0.0003549	0.00156245	
434	0.0891231	0.0814257	0.00769745	0	0.392367	0.358478	0.0338882	0	0	0	
435	0.202885	0.153686	0.0491654	3.26469e-05	0.893207	0.676611	0.216452	0.000143729	4.67789e-05	0.000205945	
436	0.124917	0.0870592	0.0374511	0.000407271	0.549953	0.38328	0.164879	0.00179302	0.000591381	0.00260357	
437	0.134856	0.0871091	0.046695	0.00105259	0.59371	0.3835	0.205576	0.00463405	0.00150276	0.00661594	
438	0.176186	0.131831	0.0434961	0.00085872	0.775666	0.580392	0.191493	0.00378054	0.000913253	0.00402062	
439	0.140776	0.128468	0.0122849	2.26675e-05	0.619772	0.565588	0.0540847	9.97946e-05	4.06623e-05	0.000179017	
440	0.0848253	0.0810336	0.00378222	9.42681e-06	0.373445	0.356753	0.0166513	4.15018e-05	1.13722e-05	5.00666e-05	
441	0.0690445	0.0683831	0.000661379	0	0.30397	0.301058	0.00291174	0	0	0	
442	0.139159	0.0959791	0.0416835	0.00149686	0.612653	0.42255	0.183513	0.00658997	0.00216863	0.00954747	
443	0.172184	0.139479	0.0324073	0.000297638	0.758047	0.614062	0.142674	0.00131036	0.000402555	0.00177226	
444	0.135021	0.109152	0.0258655	4.04036e-06	0.594438	0.480546	0.113873	1.77878e-05	1.40236e-05	6.17394e-05	
445	0.11468	0.0891951	0.0254084	7.70018e-05	0.504884	0.392684	0.111861	0.000339003	0.000144112	0.000634457	
446	0.149582	0.0917162	0.0574798	0.000386198	0.65854	0.403783	0.253056	0.00170025	0.00066869	0.00294393	
447	0.160849	0.123334	0.0375146	0	0.708143	0.542984	0.165159	0	0	0	
448	0.0432901	0.0379719	0.00531823	0	0.190586	0.167172	0.0234136	0	0	0	
449	0.228495	0.155917	0.0724843	9.4001e-05	1.00595	0.686431	0.319114	0.000413842	0.000178087	0.000784033	
450	0.0888647	0.0803127	0.00855202	0	0.391229	0.353579	0.0376505	0	0	0	
451	0.136583	0.121561	0.0150137	8.73599e-06	0.601313	0.535176	0.0660986	3.84604e-05	9.30818e-06	4.09795e-05	
452	0.173265	0.101163	0.070487	0.00161463	0.762806	0.445377	0.310321	0.00710847	0.00283875	0.0124976	
453	0.10411	0.0966365	0.00746826	5.84829e-06	0.458349	0.425444	0.0328792	2.57472e-05	6.46333e-06	2.8455e-05	
454	0.142544	0.0901564	0.052301	8.69609e-05	0.627555	0.396916	0.230256	0.000382847	0.0002545	0.00112044	
455	0.159752	0.106236	0.0531589	0.000356331	0.703313	0.46771	0.234033	0.00156875	0.000519766	0.00228828	
456	0.145821	0.113134	0.0324635	0.000224002	0.641984	0.498076	0.142921	0.000986178	0.0003679	0.00161969	
457	0.127265	0.101673	0.0255858	6.01134e-06	0.560287	0.447619	0.112642	2.64651e-05	6.23652e-06	2.74564e-05	
458	0.0958872	0.0798077	0.0160794	0	0.422146	0.351356	0.0707904	0	0	0	
459	0.103362	0.0898987	0.013464	0	0.455058	0.395781	0.059276	0	0	0	
460	0.126282	0.086314	0.0399666	1.29251e-06	0.55596	0.38	0.175954	5.69034e-06	4.85234e-06	2.13625e-05	
461	0.130324	0.0864882	0.0438135	2.3247e-05	0.573759	0.380766	0.19289	0.000102345	3.47785e-05	0.000153113	
462	0.122798	0.101117	0.0215071	0.000173672	0.540623	0.445172	0.0946859	0.000764596	0.000216551	0.000953373	
463	0.137954	0.120837	0.0171167	1.08753e-07	0.607349	0.531992	0.0753568	4.78791e-07	2.82149e-07	1.24217e-06	
464	0.0862057	0.0697639	0.0164355	6.34293e-06	0.379523	0.307137	0.0723578	2.79249e-05	2.23761e-05	9.85116e-05	
465	0.0848109	0.0836107	0.00120025	0	0.373382	0.368098	0.00528416	0	0	0	
466	0.162731	0.111172	0.0512045	0.000353828	0.716428	0.489441	0.225429	0.00155774	0.000418728	0.00184346	
467	0.121377	0.0806753	0.0395627	0.00113967	0.534368	0.355175	0.174176	0.00501745	0.0015634	0.00688293	
468	0.108385	0.102691	0.0056943	0	0.47717	0.452101	0.0250693	0	0	0	
469	0.0778417	0.0776551	0.000186637	0	0.3427	0.341879	0.000821677	0	0	0	
470	0.107153	0.0959955	0.0111579	0	0.471746	0.422623	0.0491233	0	0	0	
471	0.133477	0.0799247	0.0535531	0	0.58764	0.351871	0.235769	0	0	0	
472	0.123706	0.0901906	0.0321738	0.00134244	0.544623	0.397067	0.141646	0.00591013	0.00147072	0.00647492	
473	0.17277	0.10032	0.069839	0.00261076	0.760625	0.441663	0.307468	0.0114939	0.00303694	0.0133702	
474	0.107384	0.0778267	0.0295574	0	0.472761	0.342634	0.130127	0	0	0	
475	0.123504	0.114551	0.00893197	2.15191e-05	0.543733	0.504315	0.0393232	9.47388e-05	2.20341e-05	9.70058e-05	
476	0.164852	0.113983	0.0508445	2.36229e-05	0.725765	0.501817	0.223844	0.000104	0.000228518	0.00100605	
477	0.125857	0.0981104	0.027632	0.000114754	0.55409	0.431933	0.121651	0.000505211	0.000128572	0.000566046	
478	0.0956828	0.0797945	0.0158883	0	0.421246	0.351297	0.069949	0	0	0	
479	0.104517	0.0988042	0.0056806	3.26109e-05	0.46014	0.434988	0.025009	0.00014357	3.25842e-05	0.000143452	
480	0.129117	0.0986999	0.030342	7.55321e-05	0.568443	0.434529	0.133581	0.000332532	0.000118975	0.000523794	
481	0.0851045	0.0767536	0.00835096	0	0.374675	0.337909	0.0367653	0	0	0	
482	0.136151	0.106975	0.0291721	3.84341e-06	0.59941	0.470961	0.128431	1.69207e-05	4.86594e-06	2.14224e-05	
483	0.104447	0.0935147	0.0109329	0	0.459834	0.411701	0.0481327	0	0	0	
484	0.154697	0.117972	0.0360305	0.000694833	0.681061	0.519376	0.158625	0.00305902	0.000782345	0.00344429	
485	0.112045	0.0959185	0.0158422	0.000284439	0.493282	0.422283	0.0697461	0.00125225	0.000287725	0.00126671	
486	0.0826422	0.0808069	0.00183485	4.59082e-07	0.363834	0.355754	0.00807799	2.02112e-06	4.32188e-07	1.90272e-06	
487	0.105006	0.100801	0.00420449	0	0.462292	0.443782	0.0185104	0	0	0	
488	0.14128	0.0964578	0.044765	5.7874e-05	0.621992	0.424658	0.197079	0.000254792	0.000172696	0.000760302	
489	0.154812	0.0991418	0.0556647	5.60102e-06	0.681564	0.436474	0.245065	2.46586e-05	1.59509e-05	7.02246e-05	
490	0.0948303	0.0916603	0.00317005	0	0.417493	0.403537	0.0139562	0	0	0	
491	0.0987881	0.0790465	0.0197416	0	0.434917	0.348004	0.0869132	0	0	0	
492	0.147394	0.0979639	0.0489378	0.000493201	0.64891	0.431289	0.21545	0.00217133	0.000646541	0.00284641	
493	0.202054	0.112788	0.0892496	1.63399e-05	0.889549	0.496553	0.392924	7.19373e-05	2.14113e-05	9.42642e-05	
494	0.184021	0.11824	0.065659	0.000121692	0.810157	0.520556	0.289065	0.000535754	0.000215924	0.000950612	
495	0.0892232	0.0847328	0.00449039	0	0.392807	0.373038	0.0197691	0	0	0	
496	0.104646	0.0905842	0.013634	0.000427781	0.460707	0.398799	0.0600244	0.00188332	0.000427754	0.0018832	
497	0.120969	0.0783102	0.0425566	0.00010254	0.532571	0.344762	0.187356	0.000451439	0.000125185	0.00055113	
498	0.169545	0.134806	0.0346434	9.49763e-05	0.746427	0.59349	0.152518	0.000418136	0.000146867	0.000646589	
499	0.16036	0.159471	0.000888602	3.14248e-07	0.70599	0.702076	0.00391209	1.38348e-06	2.87315e-07	1.26491e-06	
500	0.145234	0.0815115	0.0630415	0.000681678	0.6394	0.358857	0.277542	0.0030011	0.00107572	0.00473589	
501	0.13162	0.109452	0.022133	3.48478e-05	0.579461	0.481866	0.0974412	0.000153418	7.16664e-05	0.000315513	
502	0.0936367	0.0917843	0.00185167	7.90717e-07	0.412238	0.404083	0.00815205	3.48115e-06	7.63859e-07	3.36291e-06	
503	0.114045	0.103958	0.0100794	7.56415e-06	0.502086	0.457678	0.044375	3.33013e-05	8.72675e-06	3.84198e-05	
504	0.127482	0.120446	0.00703589	0	0.561246	0.53027	0.0309757	0	0	0	
505	0.0740738	0.0692971	0.00477672	0	0.326112	0.305082	0.0210296	0	0	0	
506	0.150333	0.0986954	0.0512835	0.000354825	0.661848	0.434509	0.225777	0.00156212	0.000410715	0.00180818	
507	0.202998	0.159427	0.0430303	0.00054088	0.893707	0.701883	0.189442	0.00238124	0.000739279	0.0032547	
508	0.0953056	0.0888328	0.00647287	0	0.419585	0.391088	0.028497	0	0	0	
509	0.0928056	0.0879722	0.00482983	3.66627e-06	0.408579	0.3873	0.0212634	1.61408e-05	5.10024e-06	2.24539e-05	
510	0.125641	0.106254	0.0192138	0.000172938	0.553139	0.467789	0.0845893	0.000761367	0.000181186	0.000797678	
511	0.0771189	0.0758256	0.00129219	1.08973e-06	0.339518	0.333824	0.00568891	4.79759e-06	1.13167e-06	4.98224e-06	
512	0.172943	0.0891262	0.0836994	0.000117956	0.761389	0.39238	0.368489	0.000519304	0.000184197	0.000810936	
513	0.109263	0.091957	0.0172564	4.95651e-05	0.481033	0.404843	0.075972	0.000218212	6.73766e-05	0.000296627	
514	0.246992	0.129602	0.114292	0.00309685	1.08739	0.570579	0.503177	0.0136339	0.00432064	0.0190217	
515	0.0635109	0.0570995	0.00639465	1.67824e-05	0.279608	0.251382	0.0281526	7.38852e-05	3.22176e-05	0.000141839	
516	0.112383	0.0892881	0.0227574	0.000337638	0.49477	0.393093	0.10019	0.00148646	0.000382605	0.00168443	
517	0.085199	0.0824506	0.0027484	0	0.375091	0.362991	0.0120999	0	0	0	
518	0.191818	0.157212	0.034606	0	0.844487	0.692133	0.152354	0	0	0	
519	0.0692022	0.0424784	0.0267234	4.88968e-07	0.304665	0.187012	0.11765	2.15269e-06	1.85109e-06	8.1495e-06	
520	0.162556	0.12344	0.0382978	0.000818484	0.715659	0.543448	0.168607	0.0036034	0.00121116	0.00533219	
521	0.269237	0.110839	0.15736	0.00103635	1.18532	0.487975	0.692785	0.00456258	0.00208579	0.00918277	
522	0.184181	0.079041	0.104349	0.00079058	0.810863	0.34798	0.459402	0.00348055	0.00094761	0.00417188	
523	0.0928163	0.0768863	0.0159068	2.31315e-05	0.408626	0.338494	0.0700304	0.000101837	3.93181e-05	0.000173099	
524	0.155569	0.106931	0.0481881	0.000449601	0.684897	0.470768	0.212149	0.00197938	0.000570019	0.00250952	
525	0.157986	0.100672	0.0571493	0.000164654	0.695539	0.443213	0.251601	0.000724897	0.000351055	0.00154553	
526	0.112083	0.102392	0.00968209	9.68621e-06	0.493451	0.450783	0.0426257	4.26438e-05	1.30001e-05	5.72335e-05	
527	0.0999631	0.0786692	0.0212938	0	0.44009	0.346343	0.0937468	0	0	0	
528	0.0857622	0.0811586	0.00460356	0	0.37757	0.357303	0.0202673	0	0	0	
529	0.138095	0.0818312	0.0559619	0.00030251	0.60797	0.360264	0.246374	0.00133181	0.000601653	0.00264879	
530	0.094728	0.0815959	0.0131004	3.15842e-05	0.417042	0.359228	0.0576752	0.00013905	4.9736e-05	0.000218964	
531	0.163731	0.106018	0.0575713	0.000142228	0.720834	0.466748	0.253459	0.000626164	0.000291065	0.00128142	
532	0.113233	0.0845699	0.0283096	0.000353727	0.498512	0.372321	0.124634	0.00155729	0.000366989	0.00161568	
533	0.163568	0.11909	0.0442928	0.000184416	0.720113	0.5243	0.195	0.000811899	0.000311471	0.00137126	
534	0.133664	0.114544	0.0189355	0.00018528	0.588463	0.504283	0.0833641	0.0008157	0.000228761	0.00100712	
535	0.0931181	0.0784647	0.0141135	0.000539902	0.409955	0.345443	0.0621353	0.00237693	0.000539876	0.00237682	
536	0.0722816	0.0665534	0.00572819	0	0.318221	0.293003	0.0252185	0	0	0	
537	0.128753	0.077596	0.0511111	4.6284e-05	0.56684	0.341618	0.225018	0.000203766	0.000383262	0.00168732	
538	0.138747	0.0812884	0.056461	0.000997985	0.610839	0.357874	0.248571	0.00439366	0.00109277	0.00481095	
539	0.136886	0.0840733	0.0528107	2.24698e-06	0.602645	0.370135	0.2325	9.89242e-06	1.08392e-05	4.77201e-05	
540	0.0964786	0.0808138	0.0153641	0.000300765	0.42475	0.355785	0.0676409	0.00132412	0.000348011	0.00153212	
541	0.0891629	0.0831004	0.00605794	4.57395e-06	0.392542	0.365852	0.0266702	2.01369e-05	1.17724e-05	5.18284e-05	
542	0.185578	0.151639	0.0336948	0.000244072	0.817014	0.667597	0.148342	0.00107453	0.000271615	0.00119579	
543	0.127591	0.0903946	0.0371934	3.44975e-06	0.561725	0.397965	0.163745	1.51876e-05	8.34707e-06	3.67482e-05	
544	0.162801	0.128111	0.0346847	5.60931e-06	0.716738	0.564013	0.1527	2.46951e-05	7.47812e-05	0.000329226	
545	0.158624	0.0760296	0.0825011	9.41791e-05	0.69835	0.334722	0.363213	0.000414626	0.000174802	0.000769571	
546	0.136618	0.117871	0.0187161	3.06354e-05	0.601467	0.518933	0.0823983	0.000134873	5.25308e-05	0.000231268	
547	0.0868103	0.0763346	0.0104756	0	0.382184	0.336065	0.0461195	0	0	0	
548	0.117736	0.112032	0.00570356	0	0.518337	0.493227	0.02511	0	0	0	
549	0.146119	0.0859566	0.0598109	0.000352094	0.643296	0.378426	0.263319	0.0015501	0.000693883	0.00305484	
550	0.174621	0.121081	0.0526634	0.00087712	0.768777	0.533063	0.231852	0.00386154	0.00124213	0.00546852	
551	0.097752	0.0976453	0.000106626	0	0.430356	0.429886	0.000469427	0	0	0	
552	0.0863945	0.0734134	0.0128628	0.000118246	0.380354	0.323204	0.0566292	0.000520583	0.000142526	0.000627474	
553	0.191893	0.185047	0.00683607	1.07496e-05	0.844818	0.814674	0.030096	4.73257e-05	1.0723e-05	4.72085e-05	
554	0.143899	0.103583	0.0394517	0.000863983	0.63352	0.456029	0.173687	0.00380371	0.000957793	0.00421671	
555	0.102715	0.0759859	0.0267048	2.49127e-05	0.452208	0.33453	0.117568	0.000109679	2.59743e-05	0.000114352	
556	0.176511	0.151257	0.0251949	5.92442e-05	0.777097	0.665915	0.110921	0.000260824	5.92178e-05	0.000260708	
557	0.0898756	0.0798381	0.0100324	5.10279e-06	0.39568	0.351489	0.0441681	2.24651e-05	7.83455e-06	3.44918e-05	
558	0.106439	0.09852	0.0079195	5.04289e-07	0.468605	0.433737	0.0348658	2.22014e-06	4.7776e-07	2.10335e-06	
559	0.100401	0.0799434	0.0200992	0.000359308	0.442022	0.351953	0.0884874	0.00158186	0.000489276	0.00215405	
560	0.0941881	0.0857668	0.00842133	0	0.414666	0.37759	0.0370751	0	0	0	
561	0.111642	0.0941271	0.0173769	0.000138209	0.491508	0.414397	0.0765023	0.000608469	0.000199095	0.000876525	
562	0.0720368	0.0503984	0.0216384	0	0.317144	0.22188	0.0952638	0	0	0	
563	0.0970134	0.0796999	0.0171163	0.000197144	0.427104	0.350881	0.0753553	0.000867932	0.000354077	0.00155883	
564	0.111597	0.0823765	0.0291	0.000120745	0.49131	0.362665	0.128113	0.000531587	0.000206897	0.000910872	
565	0.0974045	0.0859264	0.0114075	7.05592e-05	0.428826	0.378293	0.0502221	0.000310639	9.08678e-05	0.000400048	
566	0.120469	0.104916	0.0154214	0.000131575	0.530368	0.461896	0.0678932	0.000579263	0.00014076	0.0006197	
567	0.211982	0.162653	0.0486604	0.000668301	0.933257	0.716085	0.214229	0.00294221	0.000725619	0.00319456	
568	0.143506	0.116555	0.0269508	0	0.63179	0.513138	0.118651	0	0	0	
569	0.0790269	0.0767222	0.00230467	0	0.347918	0.337771	0.0101464	0	0	0	
570	0.129489	0.121109	0.00829341	8.73193e-05	0.570082	0.533186	0.036512	0.000384425	9.07673e-05	0.000399606	
571	0.0995392	0.092545	0.00699417	0	0.438224	0.407432	0.030792	0	0	0	
572	0.111464	0.0987025	0.0125925	0.000169753	0.490726	0.43454	0.055439	0.000747342	0.000183556	0.000808112	
573	0.0999663	0.0853214	0.0146203	2.4527e-05	0.440104	0.37563	0.0643665	0.00010798	5.76508e-05	0.000253809	
574	0.134121	0.0807617	0.0529205	0.000438889	0.590472	0.355555	0.232984	0.00193222	0.000715633	0.00315059	
575	0.13267	0.0852608	0.0471242	0.00028549	0.584086	0.375363	0.207465	0.00125687	0.000471253	0.0020747	
576	0.063289	0.0551041	0.00818485	0	0.278631	0.242597	0.036034	0	0	0	
577	0.126463	0.11444	0.0120228	0	0.556758	0.503827	0.0529307	0	0	0	
578	0.0989821	0.0900337	0.00894802	4.44354e-07	0.435771	0.396375	0.0393939	1.95628e-06	9.61354e-07	4.23238e-06	
579	0.0931758	0.0882929	0.00488003	2.87915e-06	0.410209	0.388712	0.0214844	1.26755e-05	6.08456e-06	2.67874e-05	
580	0.080615	0.0675339	0.0130807	3.99052e-07	0.354909	0.29732	0.0575882	1.75683e-06	8.61383e-06	3.79226e-05	
581	0.0798402	0.0760877	0.00375257	0	0.351499	0.334978	0.0165208	0	0	0	
582	0.0871246	0.0854552	0.00166917	2.69722e-07	0.383568	0.376219	0.00734857	1.18746e-06	2.42845e-07	1.06913e-06	
583	0.109507	0.0939832	0.0155023	2.20202e-05	0.48211	0.413763	0.0682494	9.69445e-05	2.82765e-05	0.000124488	
584	0.169801	0.129637	0.0396778	0.000486248	0.747555	0.570732	0.174682	0.00214072	0.000559219	0.00246198	
585	0.108213	0.0758841	0.0323277	1.35942e-06	0.476411	0.334082	0.142323	5.98489e-06	3.49024e-06	1.53659e-05	
586	0.116905	0.0854532	0.0313964	5.61093e-05	0.514681	0.37621	0.138223	0.000247022	7.17874e-05	0.000316046	
587	0.10618	0.0901335	0.0160245	2.2282e-05	0.467462	0.396815	0.0705485	9.80974e-05	2.57393e-05	0.000113318	
588	0.0690601	0.0685207	0.000539449	0	0.304039	0.301664	0.00237494	0	0	0	
589	0.150606	0.110705	0.0390757	0.000825647	0.66305	0.487383	0.172032	0.00363493	0.00105917	0.00466306	
590	0.145875	0.108828	0.0366426	0.000405157	0.642222	0.479118	0.16132	0.00178371	0.00146214	0.00643714	
591	0.134271	0.0972368	0.0370136	2.08457e-05	0.591133	0.428087	0.162953	9.17741e-05	4.24644e-05	0.00018695	
592	0.106321	0.0869593	0.019336	2.61954e-05	0.468083	0.382841	0.0851275	0.000115326	2.75901e-05	0.000121466	
593	0.101365	0.0952758	0.00608567	4.45982e-06	0.446266	0.419454	0.0267923	1.96344e-05	5.40597e-06	2.37999e-05	
594	0.0894111	0.0816123	0.00779427	4.55861e-06	0.393635	0.3593	0.0343145	2.00694e-05	7.54497e-06	3.32169e-05	
595	0.121076	0.0951197	0.025821	0.000135919	0.533043	0.418767	0.113678	0.000598387	0.00015042	0.000662231	
596	0.111424	0.0914875	0.0199312	5.90462e-06	0.49055	0.402776	0.087748	2.59952e-05	2.05335e-05	9.03995e-05	
597	0.150208	0.142879	0.00731686	1.24053e-05	0.661298	0.629031	0.0322126	5.4615e-05	1.47297e-05	6.4848e-05	
598	0.113894	0.109689	0.00419919	5.58749e-06	0.501424	0.482912	0.018487	2.4599e-05	6.1557e-06	2.71006e-05	
599	0.104768	0.0946701	0.0100978	0	0.461244	0.416788	0.0444558	0	0	0	
600	0.110329	0.109416	0.000912733	0	0.485728	0.48171	0.00401833	0	0	0	
601	0.232404	0.150062	0.081952	0.000390553	1.02316	0.660653	0.360796	0.00171942	0.000390815	0.00172057	
602	0.110451	0.103963	0.00645742	3.03697e-05	0.486266	0.457703	0.0284289	0.000133703	3.03612e-05	0.000133666	
603	0.113975	0.0526625	0.0613089	3.91768e-06	0.50178	0.231848	0.269914	1.72476e-05	1.46989e-05	6.47124e-05	
604	0.0863831	0.0820424	0.00434062	0	0.380304	0.361194	0.0191097	0	0	0	
605	0.115797	0.0502171	0.06558	0	0.5098	0.221082	0.288718	0	0	0	
606	0.124027	0.0950496	0.0286597	0.000318583	0.546036	0.418458	0.126175	0.00140257	0.000455082	0.00200351	
607	0.0841217	0.0792288	0.00488623	6.69728e-06	0.370348	0.348807	0.0215117	2.94849e-05	1.00232e-05	4.41275e-05	
608	0.0861539	0.0798535	0.0063004	0	0.379295	0.351557	0.0277377	0	0	0	
609	0.0911075	0.0882698	0.00283775	0	0.401103	0.38861	0.0124932	0	0	0	
610	0.104039	0.0810868	0.0226254	0.000326977	0.458035	0.356987	0.099609	0.00143952	0.000394391	0.00173632	
611	0.0643034	0.0584815	0.00577147	5.05146e-05	0.283097	0.257466	0.025409	0.000222392	5.96734e-05	0.000262714	
612	0.0956564	0.0918102	0.00384619	4.35523e-08	0.42113	0.404197	0.016933	1.9174e-07	8.90159e-07	3.91895e-06	
613	0.0936433	0.0776408	0.0158868	0.000115686	0.412267	0.341816	0.0699421	0.000509313	0.000132803	0.000584672	
614	0.0954111	0.084713	0.0106635	3.45685e-05	0.42005	0.372951	0.0469466	0.000152188	3.45852e-05	0.000152262	
615	0.0979884	0.0878729	0.0101154	0	0.431396	0.386862	0.0445337	0	0	0	
616	0.1123	0.090098	0.0210868	0.00111524	0.494404	0.396659	0.0928356	0.00490991	0.00111561	0.00491153	
617	0.109501	0.0928276	0.016654	1.96529e-05	0.482082	0.408676	0.0733199	8.65227e-05	2.52996e-05	0.000111382	
618	0.0621773	0.0566185	0.00553609	2.27288e-05	0.273737	0.249264	0.0243728	0.000100064	2.2702e-05	9.99462e-05	
619	0.130778	0.100088	0.0306479	4.20043e-05	0.575758	0.440644	0.134928	0.000184925	4.21922e-05	0.000185752	
620	0.100264	0.088792	0.0114723	0	0.441416	0.390909	0.0505072	0	0	0	
621	0.322131	0.188407	0.13168	0.00204312	1.41819	0.829469	0.579728	0.0089949	0.00204971	0.00902392	
622	0.0337932	0.0308537	0.0029395	0	0.148775	0.135834	0.0129412	0	0	0	
623	0.0899375	0.0727118	0.0169562	0.000269403	0.395952	0.320116	0.0746503	0.00118605	0.000296895	0.00130708	
624	0.112744	0.0836896	0.0290544	0	0.496359	0.368446	0.127913	0	0	0	
625	0.0683452	0.0556368	0.0127084	0	0.300891	0.244942	0.0559492	0	0	0	
626	0.0706197	0.0645881	0.00603157	0	0.310905	0.284351	0.0265541	0	0	0	
627	0.103761	0.0800521	0.0237096	0	0.456814	0.352431	0.104382	0	0	0	
628	0.0608254	0.0608254	0	0	0.267785	0.267785	0	0	0	0	
629	0.200388	0.139253	0.060876	0.000258075	0.882214	0.613069	0.268008	0.00113618	0.000306611	0.00134986	
630	0.170261	0.147312	0.0229301	1.88421e-05	0.749579	0.648545	0.10095	8.29529e-05	2.78317e-05	0.000122529	
631	0.107671	0.0969821	0.0106897	0	0.474028	0.426966	0.0470617	0	0	0	
632	0.0440157	0.0437713	0.000244379	0	0.19378	0.192704	0.00107588	0	0	0	
633	0.0590814	0.0456971	0.0133317	5.24838e-05	0.260107	0.201183	0.0586935	0.000231061	5.24569e-05	0.000230943	
634	0.0461875	0.0424715	0.00371598	0	0.203341	0.186982	0.0163597	0	0	0	
635	0.0742426	0.0663398	0.00789573	7.08605e-06	0.326855	0.292062	0.0347611	3.11965e-05	1.12539e-05	4.9546e-05	
636	0.0940165	0.0657818	0.0282346	0	0.41391	0.289606	0.124304	0	0	0	
637	0.0782964	0.0745211	0.0037753	0	0.344702	0.328081	0.0166208	0	0	0	
638	0.12061	0.0825252	0.0380841	1.00508e-06	0.53099	0.363319	0.167666	4.42493e-06	2.7651e-06	1.21734e-05	
639	0.116343	0.0770514	0.0392859	6.22535e-06	0.512205	0.339221	0.172957	2.74073e-05	6.20554e-06	2.732e-05	
640	0.0855568	0.0814648	0.00407523	1.68161e-05	0.376666	0.358651	0.0179413	7.40334e-05	1.67891e-05	7.39148e-05	
641	0.0759419	0.0759419	0	0	0.334336	0.334336	0	0	0	0	
642	0.0638376	0.0638376	0	0	0.281047	0.281047	0	0	0	0	
643	0.167324	0.14365	0.0229422	0.000731281	0.73665	0.632427	0.101003	0.00321948	0.000755968	0.00332817	
644	0.103403	0.0834006	0.0200024	0	0.455235	0.367173	0.0880615	0	0	0	
645	0.0829052	0.081371	0.00152904	5.18337e-06	0.364992	0.358238	0.00673164	2.28199e-05	5.4909e-06	2.41738e-05	
646	0.113286	0.0759027	0.0371311	0.000252286	0.498745	0.334163	0.16347	0.00111069	0.000276653	0.00121797	
647	0.15666	0.125341	0.0309681	0.00035039	0.689701	0.55182	0.136338	0.0015426	0.000375934	0.00165506	
648	0.145915	0.118712	0.027077	0.000125803	0.642398	0.522637	0.119207	0.000553853	0.000134698	0.000593015	
649	0.0651199	0.0651199	0	0	0.286692	0.286692	0	0	0	0	
650	0.0741783	0.0738693	0.000309055	0	0.326572	0.325211	0.00136062	0	0	0	
651	0.103481	0.102733	0.000747445	0	0.455579	0.452288	0.00329065	0	0	0	
652	0.097331	0.0834703	0.0137524	0.000108319	0.428502	0.36748	0.0605454	0.000476878	0.000160031	0.000704541	
653	0.100206	0.0887269	0.011477	2.0176e-06	0.441159	0.390623	0.0505281	8.88256e-06	3.07297e-06	1.35288e-05	
654	0.119247	0.0893318	0.0299074	8.24157e-06	0.52499	0.393285	0.131668	3.62837e-05	1.07141e-05	4.71693e-05	
655	0.135338	0.0820535	0.0528408	0.000444577	0.595833	0.361243	0.232633	0.00195726	0.000511237	0.00225073	
656	0.215054	0.11988	0.0918786	0.00329549	0.946785	0.527778	0.404498	0.0145084	0.00492018	0.0216612	
657	0.0995718	0.0810983	0.0184735	0	0.438368	0.357037	0.0813304	0	0	0	
658	0.11546	0.0762897	0.0391712	0	0.50832	0.335867	0.172452	0	0	0	
659	0.122669	0.0969768	0.0256106	8.21853e-05	0.540056	0.426943	0.112751	0.000361823	0.000147085	0.000647547	
660	0.160568	0.101731	0.0579289	0.000908479	0.706906	0.447873	0.255033	0.0039996	0.00115237	0.00507334	
661	0.189019	0.0996276	0.0883724	0.0010192	0.832162	0.438613	0.389062	0.00448707	0.00559286	0.0246227	
662	0.113937	0.0815082	0.0322065	0.000222338	0.501611	0.358842	0.14179	0.000978853	0.000337211	0.00148458	
663	0.0951021	0.0814256	0.0136764	0	0.418689	0.358478	0.0602109	0	0	0	
664	0.106175	0.08849	0.0176491	3.64007e-05	0.46744	0.38958	0.0777006	0.000160255	3.85433e-05	0.000169688	
665	0.103219	0.0883833	0.0148328	3.43012e-06	0.454427	0.38911	0.0653021	1.51012e-05	3.51375e-06	1.54693e-05	
666	0.100443	0.0800099	0.020434	0	0.442207	0.352245	0.0899614	0	0	0	
667	0.159303	0.106235	0.0503213	0.00274705	0.701339	0.467704	0.221541	0.0120939	0.0037289	0.0164166	
668	0.102773	0.0841728	0.0186001	3.88989e-07	0.452462	0.370573	0.0818878	1.71253e-06	5.98164e-07	2.63343e-06	
669	0.0440958	0.0440958	0	0	0.194133	0.194133	0	0	0	0	
670	0.0894766	0.0837436	0.00572704	6.05673e-06	0.393923	0.368683	0.0252134	2.66649e-05	6.03303e-06	2.65606e-05	
671	0.0516017	0.0513276	0.000274128	0	0.227178	0.225971	0.00120685	0	0	0	
672	0.151935	0.113482	0.0384354	1.75295e-05	0.6689	0.49961	0.169213	7.71741e-05	1.77913e-05	7.8327e-05	
673	0.146004	0.102836	0.0425237	0.000644027	0.642786	0.452739	0.187211	0.00283534	0.00116167	0.00511429	
674	0.13171	0.096641	0.0350435	2.55608e-05	0.579857	0.425465	0.15428	0.000112532	3.15303e-05	0.000138813	
675	0.121491	0.0822907	0.0390674	0.000133068	0.534868	0.362287	0.171995	0.000585836	0.000175364	0.000772045	
676	0.145104	0.111273	0.0327406	0.00109034	0.638825	0.489883	0.144141	0.00480027	0.00117515	0.00517367	
677	0.102414	0.0947004	0.00768594	2.85552e-05	0.450884	0.416921	0.0338375	0.000125715	3.95195e-05	0.000173985	
678	0.103102	0.0814023	0.0216977	1.97097e-06	0.453909	0.358376	0.095525	8.67726e-06	9.90725e-06	4.36169e-05	
679	0.130523	0.0922292	0.0382943	0	0.574634	0.406041	0.168592	0	0	0	
680	0.134624	0.111899	0.0227243	0	0.592686	0.492641	0.100044	0	0	0	
681	0.110426	0.0990819	0.0112929	5.12608e-05	0.486154	0.436211	0.0497174	0.000225677	6.10308e-05	0.000268689	
682	0.101418	0.0989806	0.002438	0	0.446498	0.435765	0.0107333	0	0	0	
683	0.0948315	0.0924327	0.0023988	0	0.417498	0.406937	0.0105607	0	0	0	
684	0.114267	0.0955639	0.0186894	1.38495e-05	0.503064	0.420722	0.0822808	6.09728e-05	1.38222e-05	6.08528e-05	
685	0.1805	0.142677	0.0372204	0.000602403	0.794658	0.628142	0.163863	0.00265209	0.00060251	0.00265257	
686	0.103213	0.0917638	0.0112416	0.000207652	0.454398	0.403992	0.0494917	0.000914195	0.000209697	0.000923201	
687	0.0821657	0.0789	0.00326561	0	0.361736	0.347359	0.0143769	0	0	0	
688	0.0651272	0.0651272	0	0	0.286724	0.286724	0	0	0	0	
689	0.00735131	0.00725032	0.000100985	0	0.0323643	0.0319197	0.00044459	0	0	0	
690	0.0606595	0.0606595	0	0	0.267055	0.267055	0	0	0	0	
691	0.107255	0.0994737	0.00765377	0.000127532	0.472193	0.437935	0.0336959	0.000561464	0.000127605	0.000561788	
692	0.0739225	0.0739225	0	0	0.325446	0.325446	0	0	0	0	
693	0.0904078	0.0804252	0.00996575	1.68833e-05	0.398023	0.354074	0.0438745	7.43295e-05	1.73832e-05	7.65304e-05	
694	0.181971	0.156528	0.0252682	0.000174385	0.801134	0.689122	0.111244	0.000767737	0.00024244	0.00106735	
695	0.0941279	0.0804081	0.0136696	5.01848e-05	0.4144	0.353999	0.0601809	0.00022094	8.79521e-05	0.000387211	
696	0.274698	0.161942	0.109034	0.00372105	1.20936	0.712955	0.480028	0.016382	0.00421085	0.0185384	
697	0.171281	0.08392	0.0861972	0.00116408	0.754071	0.36946	0.379485	0.0051249	0.00165665	0.00729347	
698	0.231023	0.198481	0.0321306	0.000411063	1.01708	0.873819	0.141456	0.00180971	0.000417995	0.00184023	
699	0.284824	0.187883	0.0953443	0.00159618	1.25394	0.827164	0.419756	0.00702726	0.00171176	0.00753609	
700	0.08365	0.08365	0	0	0.368271	0.368271	0	0	0	0	
701	0.0835044	0.0835044	0	0	0.36763	0.36763	0	0	0	0	
702	0.110353	0.107695	0.00265823	3.64148e-08	0.485836	0.474133	0.0117029	1.60317e-07	9.16132e-07	4.0333e-06	
703	0.092132	0.0888227	0.00329558	1.37459e-05	0.405613	0.391044	0.0145089	6.05169e-05	1.3719e-05	6.03983e-05	
704	0.0961552	0.0805114	0.0156438	0	0.423326	0.354453	0.0688725	0	0	0	
705	0.0979856	0.089254	0.00872368	7.97742e-06	0.431384	0.392943	0.0384062	3.51208e-05	7.95066e-06	3.5003e-05	
706	0.194757	0.160297	0.0342756	0.000183819	0.857424	0.705716	0.150899	0.000809272	0.000273096	0.00120231	
707	0.0864873	0.0813279	0.00515941	0	0.380763	0.358048	0.0227144	0	0	0	
708	0.0809923	0.0809923	0	0	0.35657	0.35657	0	0	0	0	
709	0.13124	0.104732	0.0261199	0.000388348	0.577791	0.461088	0.114993	0.00170971	0.000401645	0.00176825	
710	0.186906	0.0972517	0.089631	2.35823e-05	0.82286	0.428153	0.394603	0.000103821	4.27607e-05	0.000188255	
711	0.100758	0.0817271	0.0190309	0	0.44359	0.359806	0.0837843	0	0	0	
712	0.0781838	0.0775621	0.00062164	0	0.344206	0.341469	0.00273678	0	0	0	
713	0.0903574	0.0794301	0.0109101	1.72835e-05	0.397801	0.349693	0.0480321	7.60912e-05	1.72569e-05	7.59741e-05	
714	0.0935182	0.0827332	0.0107849	0	0.411716	0.364235	0.0474811	0	0	0	
715	0.0709603	0.0709603	0	0	0.312405	0.312405	0	0	0	0	
716	0.0799235	0.0759555	0.003945	2.30189e-05	0.351865	0.334396	0.0173679	0.000101341	2.31581e-05	0.000101954	
717	0.0958651	0.0894293	0.00642072	1.50435e-05	0.422048	0.393715	0.0282674	6.62296e-05	1.50166e-05	6.6111e-05	
718	0.122367	0.109551	0.0127331	8.26146e-05	0.538725	0.482304	0.056058	0.000363713	0.000154544	0.000680388	
719	0.076153	0.0637424	0.012206	0.000204575	0.335266	0.280628	0.0537375	0.000900651	0.000209829	0.000923781	
720	0.0629294	0.0628921	3.72638e-05	0	0.277048	0.276884	0.000164055	0	0	0	
721	0.126976	0.107705	0.0191793	9.12878e-05	0.559017	0.474178	0.0844377	0.000401897	0.000105758	0.000465603	
722	0.0821462	0.081903	0.000243207	0	0.361651	0.36058	0.00107072	0	0	0	
723	0.112095	0.103369	0.00871898	6.66082e-06	0.493502	0.455088	0.0383855	2.93244e-05	6.63405e-06	2.92066e-05	
724	0.0817759	0.0815327	0.000243207	0	0.36002	0.35895	0.00107072	0	0	0	
725	0.0861102	0.0631964	0.0229137	0	0.379102	0.278224	0.100878	0	0	0	
726	0.046018	0.0430852	0.00293276	0	0.202595	0.189684	0.0129115	0	0	0	
727	0.0902041	0.0898916	0.000312527	0	0.397126	0.39575	0.00137591	0	0	0	
728	0.0965037	0.0863113	0.0101518	4.05128e-05	0.42486	0.379988	0.0446939	0.000178359	4.14219e-05	0.000182361	
729	0.102485	0.0784042	0.0240809	0	0.451194	0.345176	0.106017	0	0	0	
730	0.121234	0.105973	0.0152257	3.60373e-05	0.53374	0.46655	0.0670317	0.000158655	3.89477e-05	0.000171468	
731	0.109401	0.0954176	0.0138495	0.000134499	0.481644	0.420079	0.060973	0.000592139	0.000137228	0.00060415	
732	0.0832394	0.0781737	0.00506572	0	0.366464	0.344162	0.0223019	0	0	0	
733	0.1059	0.0929245	0.0128877	8.83627e-05	0.46623	0.409103	0.0567385	0.000389019	0.000155705	0.000685497	
734	0.124202	0.107948	0.0162519	2.18205e-06	0.546805	0.475246	0.0715496	9.60655e-06	2.3887e-06	1.05163e-05	
735	0.068958	0.0664077	0.00255039	0	0.303589	0.292361	0.0112282	0	0	0	
736	0.0575927	0.0560677	0.00152501	0	0.253553	0.246839	0.00671391	0	0	0	
737	0.0881734	0.0804696	0.00768628	1.7478e-05	0.388185	0.35427	0.033839	7.69475e-05	1.77028e-05	7.7937e-05	
738	0.122828	0.114343	0.00837407	0.000110171	0.540754	0.503402	0.036867	0.000485031	0.000112286	0.000494343	
739	0.0673334	0.0654991	0.00183426	0	0.296437	0.288362	0.0080754	0	0	0	
740	0.0371321	0.0370748	5.72215e-05	0	0.163475	0.163223	0.000251919	0	0	0	
741	0.0898548	0.0872852	0.00256741	2.26283e-06	0.395588	0.384275	0.0113031	9.96221e-06	2.55108e-06	1.12312e-05	
742	0.140251	0.124223	0.0160033	2.41124e-05	0.61746	0.546899	0.070455	0.000106155	2.40855e-05	0.000106037	
743	0.0874065	0.0850486	0.00234374	1.41757e-05	0.384809	0.374429	0.0103183	6.24091e-05	1.41488e-05	6.22905e-05	
744	0.056129	0.0559233	0.000205741	0	0.247109	0.246204	0.000905783	0	0	0	
745	0.12446	0.102781	0.0216768	1.99857e-06	0.54794	0.452498	0.095433	8.79879e-06	3.35403e-06	1.47662e-05	
746	0.0791294	0.075914	0.00321545	0	0.348369	0.334213	0.0141561	0	0	0	
747	0.0858815	0.0851077	0.000773775	0	0.378095	0.374689	0.00340656	0	0	0	
748	0.102829	0.0830674	0.0197597	2.22952e-06	0.452709	0.365707	0.0869927	9.81556e-06	5.30663e-06	2.33626e-05	
749	0.121665	0.113514	0.00814224	8.53453e-06	0.535634	0.49975	0.0358464	3.75735e-05	8.50782e-06	3.74559e-05	
750	0.0899109	0.0829665	0.00694439	0	0.395835	0.365262	0.0305729	0	0	0	
751	0.260952	0.153477	0.102978	0.00449654	1.14884	0.675689	0.453364	0.0197961	0.00607738	0.0267558	
752	0.0822207	0.0771474	0.00507326	0	0.361979	0.339644	0.0223351	0	0	0	
753	0.100388	0.0934443	0.00694439	0	0.441964	0.411391	0.0305729	0	0	0	
754	0.242162	0.178254	0.0624385	0.00146902	1.06612	0.784772	0.274887	0.00646741	0.00223243	0.00982836	
755	0.115531	0.0929662	0.0225653	0	0.508631	0.409286	0.0993446	0	0	0	
756	0.177976	0.115181	0.0627952	0	0.783547	0.50709	0.276457	0	0	0	
757	0.132713	0.07831	0.0506664	0.00373735	0.584276	0.344762	0.22306	0.0164538	0.00513054	0.0225873	
758	0.207289	0.129088	0.0782014	0	0.912598	0.568314	0.344284	0	0	0	
759	0.125025	0.0720312	0.0529804	1.37902e-05	0.550428	0.317119	0.233247	6.07121e-05	0.0030966	0.0136329	
760	0.119565	0.087562	0.031988	1.5706e-05	0.526391	0.385494	0.140828	6.91462e-05	0.000266543	0.00117346	
761	0.12572	0.110951	0.0145726	0.00019644	0.553488	0.488467	0.0641563	0.000864835	0.000197478	0.000869405	
762	0.0511498	0.0511498	0	0	0.225188	0.225188	0	0	0	0	
763	0.0564556	0.0544658	0.00198976	0	0.248547	0.239787	0.00876	0	0	0	
764	0.0788652	0.0774237	0.00143847	3.00595e-06	0.347206	0.34086	0.00633293	1.32337e-05	2.98101e-06	1.31239e-05	
765	0.0856226	0.0845893	0.00103326	0	0.376955	0.372406	0.00454896	0	0	0	
766	0.0494672	0.0449123	0.00452632	2.85839e-05	0.21778	0.197727	0.0199272	0.000125841	3.0033e-05	0.000132221	
767	0.0523432	0.0435452	0.0087713	2.66206e-05	0.230442	0.191709	0.0386159	0.000117197	2.65936e-05	0.000117079	
768	0.0457241	0.0457241	0	0	0.201302	0.201302	0	0	0	0	
769	0.0737645	0.0529505	0.0207771	3.69035e-05	0.32475	0.233116	0.0914718	0.000162468	3.68765e-05	0.000162349	
770	0.0768348	0.0570807	0.0197541	0	0.338267	0.251299	0.086968	0	0	0	
771	0.113382	0.0789619	0.0343976	2.25555e-05	0.499167	0.347632	0.151436	9.93016e-05	2.25291e-05	9.91853e-05	
772	0.104199	0.104199	0	0	0.458741	0.458741	0	0	0	0	
773	0.119784	0.0913483	0.0283287	0.000107772	0.527356	0.402163	0.124718	0.000474469	0.00018715	0.000823936	
774	0.0783339	0.0783339	0	0	0.344867	0.344867	0	0	0	0	
775	0.0763358	0.0763358	0	0	0.33607	0.33607	0	0	0	0	
776	0.0654866	0.0654866	0	0	0.288306	0.288306	0	0	0	0	
777	0.0749967	0.0749967	0	0	0.330175	0.330175	0	0	0	0	
778	0.0931148	0.0931148	0	0	0.40994	0.40994	0	0	0	0	
779	0.131475	0.11175	0.0197253	0	0.578825	0.491984	0.0868412	0	0	0	
780	0.0494458	0.0438791	0.0055667	0	0.217686	0.193179	0.0245075	0	0	0	
781	0.0533556	0.0428708	0.0104847	0	0.234899	0.18874	0.0461595	0	0	0	
782	0.106794	0.0960339	0.0107608	0	0.470167	0.422792	0.047375	0	0	0	
783	0.210747	0.136133	0.0740804	0.000533573	0.927819	0.599329	0.326141	0.00234907	0.00204552	0.00900547	
784	0.0724157	0.0724157	0	0	0.318812	0.318812	0	0	0	0	
785	0.13317	0.0760521	0.0571181	0	0.586286	0.334821	0.251464	0	0	0	
786	0.125992	0.0958056	0.0301779	9.06337e-06	0.554686	0.421787	0.132859	3.99017e-05	9.03661e-06	3.97839e-05	
787	0.155174	0.084854	0.0701719	0.000148946	0.683162	0.373572	0.308934	0.00065574	0.00241441	0.0106295	
788	0.158252	0.0925124	0.0653419	0.000398157	0.696711	0.407288	0.287669	0.0017529	0.000398132	0.00175278	
789	0.103776	0.103776	0	0	0.456878	0.456878	0	0	0	0	
790	0.117092	0.0853714	0.0317206	0	0.515501	0.37585	0.139651	0	0	0	
791	0.120755	0.0881729	0.0325593	2.32684e-05	0.531629	0.388183	0.143343	0.000102439	2.32414e-05	0.000102321	
792	0.0941648	0.0834039	0.0107608	0	0.414563	0.367188	0.047375	0	0	0	
793	0.222794	0.149085	0.0717345	0.00197433	0.980859	0.656354	0.315813	0.00869205	0.00272168	0.0119822	
794	0.0957471	0.0906739	0.00507326	0	0.421529	0.399194	0.0223351	0	0	0	
795	0.138194	0.10687	0.0313199	4.46227e-06	0.608407	0.4705	0.137887	1.96452e-05	1.45301e-05	6.39695e-05	
796	0.095884	0.094956	0.000928063	0	0.422132	0.418046	0.00408582	0	0	0	
797	0.0546096	0.0539225	0.000687135	0	0.24042	0.237395	0.00302513	0	0	0	
798	0.201239	0.105095	0.0959457	0.000198397	0.885964	0.462686	0.422404	0.00087345	0.000649268	0.00285842	
799	0.15393	0.130924	0.023006	0	0.677682	0.576397	0.101284	0	0	0	
800	0.211359	0.160747	0.0500956	0.000515918	0.930514	0.707695	0.220547	0.00227134	0.000581331	0.00255932	
801	0.168519	0.0863424	0.0818591	0.000317785	0.741911	0.380124	0.360387	0.00139905	0.000391838	0.00172508	
802	0.127452	0.0874312	0.0399573	6.4398e-05	0.561115	0.384918	0.175913	0.000283514	0.000121278	0.000533931	
803	0.0843448	0.0843448	0	0	0.37133	0.37133	0	0	0	0	
804	0.183759	0.152923	0.0305108	0.000324837	0.809005	0.67325	0.134324	0.0014301	0.000412888	0.00181775	
805	0.186136	0.145711	0.0402572	0.000167384	0.81947	0.6415	0.177233	0.000736915	0.000268359	0.00118146	
806	0.149566	0.108279	0.0403125	0.000973736	0.658469	0.476705	0.177477	0.0042869	0.00148436	0.00653496	
807	0.134311	0.12084	0.01344	3.1146e-05	0.591308	0.532001	0.0591701	0.000137121	8.98739e-05	0.000395672	
808	0.167618	0.154535	0.0130783	4.40347e-06	0.737945	0.680348	0.0575779	1.93864e-05	4.37618e-06	1.92662e-05	
809	0.16323	0.113614	0.0492746	0.000341852	0.718626	0.500189	0.216932	0.00150501	0.000435725	0.00191829	
810	0.0791237	0.0789245	0.000199253	0	0.348344	0.347467	0.00087722	0	0	0	
811	0.128394	0.0983329	0.0300612	0	0.565259	0.432913	0.132345	0	0	0	
812	0.167647	0.113563	0.0540789	5.05809e-06	0.738071	0.499965	0.238083	2.22684e-05	3.00406e-05	0.000132254	
813	0.0647551	0.0647551	0	0	0.285086	0.285086	0	0	0	0	
814	0.0962865	0.0824933	0.0137932	0	0.423904	0.363179	0.0607252	0	0	0	
815	0.146325	0.134265	0.0119944	6.59442e-05	0.644202	0.591106	0.052806	0.000290321	6.63173e-05	0.000291963	
816	0.18216	0.157716	0.0244121	3.1833e-05	0.801965	0.69435	0.107475	0.000140146	0.000127292	0.00056041	
817	0.163951	0.0983694	0.062992	0.00258952	0.721799	0.433074	0.277324	0.0114004	0.0033658	0.014818	
818	0.178905	0.125772	0.0524732	0.000660125	0.787636	0.553714	0.231015	0.00290622	0.00163356	0.00719181	
819	0.0677709	0.0677709	0	0	0.298363	0.298363	0	0	0	0	
820	0.0939252	0.0918548	0.00207043	0	0.413508	0.404393	0.00911514	0	0	0	
821	0.027981	0.0278958	8.52863e-05	0	0.123187	0.122812	0.000375475	0	0	0	
822	0.0943301	0.0852835	0.00904666	0	0.415291	0.375463	0.0398281	0	0	0	
823	0.0614877	0.0597175	0.00175854	1.16128e-05	0.270701	0.262908	0.00774204	5.1126e-05	1.1586e-05	5.10079e-05	
824	0.121089	0.121002	8.66747e-05	0	0.5331	0.532718	0.000381587	0	0	0	
825	0.0798566	0.0794647	0.000391936	0	0.351571	0.349845	0.00172551	0	0	0	
826	0.120029	0.107343	0.0126854	0	0.528432	0.472584	0.055848	0	0	0	
827	0.0855559	0.0850776	0.000477817	4.23957e-07	0.376662	0.374556	0.0021036	1.86648e-06	3.97062e-07	1.74807e-06	
828	0.16711	0.104827	0.0617262	0.000556164	0.735707	0.461508	0.271751	0.00244852	0.00111818	0.00492285	
829	0.131958	0.102703	0.0292545	0	0.580951	0.452156	0.128794	0	0	0	
830	0.155081	0.13543	0.0196503	0	0.68275	0.596238	0.0865112	0	0	0	
831	0.101863	0.101778	8.53567e-05	0	0.448457	0.448081	0.000375785	0	0	0	
832	0.0850392	0.0847938	0.000245343	0	0.374387	0.373307	0.00108013	0	0	0	
833	0.0900512	0.0894049	0.000645574	8.16638e-07	0.396453	0.393607	0.00284216	3.59527e-06	7.89735e-07	3.47683e-06	
834	0.0990854	0.0990001	8.53567e-05	0	0.436226	0.43585	0.000375785	0	0	0	
835	0.10034	0.0976508	0.0026893	0	0.44175	0.42991	0.0118397	0	0	0	
836	0.148062	0.117455	0.0304393	0.000167752	0.65185	0.517101	0.13401	0.000738535	0.00027791	0.0012235	
837	0.135316	0.121439	0.0137608	0.000116291	0.595736	0.534642	0.0605823	0.000511976	0.000116368	0.000512314	
838	0.137254	0.0983342	0.0387503	0.000169842	0.604266	0.432919	0.170599	0.000747737	0.000191623	0.000843626	
839	0.191722	0.153932	0.0369849	0.000805024	0.844061	0.67769	0.162827	0.00354414	0.000925853	0.00407609	
840	0.102253	0.0774275	0.0248257	0	0.450173	0.340877	0.109295	0	0	0	
841	0.111182	0.0807128	0.0304692	0	0.489482	0.35534	0.134141	0	0	0	
842	0.105184	0.0988637	0.00632039	0	0.463076	0.43525	0.0278257	0	0	0	
843	0.136997	0.12256	0.0143382	9.92552e-05	0.603137	0.539575	0.0631246	0.000436973	0.000116686	0.000513714	
844	0.136672	0.110955	0.0256983	1.95772e-05	0.601706	0.488482	0.113137	8.61892e-05	1.95514e-05	8.60756e-05	
845	0.190098	0.135732	0.0525732	0.00179278	0.836916	0.597568	0.231455	0.00789279	0.00180441	0.00794397	
846	0.105485	0.0947209	0.0107649	0	0.464404	0.417011	0.0473929	0	0	0	
847	0.123238	0.096584	0.0265729	8.13585e-05	0.54256	0.425213	0.116988	0.000358183	8.15702e-05	0.000359115	
848	0.104693	0.103521	0.001172	0	0.460915	0.455755	0.00515978	0	0	0	
849	0.110867	0.0975421	0.0133086	1.69504e-05	0.488098	0.429432	0.0585915	7.4625e-05	1.69231e-05	7.45047e-05	
850	0.0807113	0.0807113	0	0	0.355334	0.355334	0	0	0	0	
851	0.0650298	0.0650298	0	0	0.286295	0.286295	0	0	0	0	
852	0.0915577	0.085425	0.00610974	2.29908e-05	0.403085	0.376086	0.0268983	0.000101217	2.71715e-05	0.000119623	
853	0.109099	0.104207	0.0048916	0	0.480314	0.458778	0.0215354	0	0	0	
854	0.0991902	0.0952044	0.00397738	8.52456e-06	0.436688	0.41914	0.0175105	3.75296e-05	9.25171e-06	4.07309e-05	
855	0.107433	0.0938921	0.0131989	0.000342282	0.472978	0.413363	0.0581088	0.0015069	0.000458076	0.00201669	
856	0.114839	0.104373	0.0104658	0	0.505583	0.459507	0.046076	0	0	0	
857	0.0646094	0.0638169	0.000792532	0	0.284444	0.280955	0.00348914	0	0	0	
858	0.100037	0.085968	0.0140585	1.06405e-05	0.440416	0.378476	0.0618931	4.68451e-05	1.24201e-05	5.46802e-05	
859	0.125619	0.112672	0.0129468	0	0.553041	0.496043	0.0569986	0	0	0	
860	0.0953686	0.0846629	0.0107033	2.40502e-06	0.419863	0.37273	0.0471216	1.05882e-05	2.37812e-06	1.04697e-05	
861	0.0868931	0.0868335	5.95652e-05	0	0.382549	0.382287	0.000262237	0	0	0	
862	0.113986	0.0793309	0.0346517	3.55316e-06	0.501827	0.349256	0.152555	1.56429e-05	3.52723e-06	1.55287e-05	
863	0.118806	0.11574	0.00306561	0	0.523046	0.50955	0.0134964	0	0	0	
864	0.103535	0.0957411	0.00779473	0	0.455819	0.421503	0.0343165	0	0	0	
865	0.118101	0.117302	0.00079888	0	0.519943	0.516426	0.00351709	0	0	0	
866	0.0775208	0.0762322	0.00128858	0	0.341287	0.335614	0.00567302	0	0	0	
867	0.0868664	0.0868664	0	0	0.382432	0.382432	0	0	0	0	
868	0.105663	0.100286	0.00535379	2.36065e-05	0.465188	0.441514	0.0235702	0.000103928	2.35798e-05	0.00010381	
869	0.0967573	0.094932	0.00182196	3.36266e-06	0.425977	0.417941	0.00802124	1.48042e-05	3.33585e-06	1.46862e-05	
870	0.13207	0.126657	0.00541259	0	0.581444	0.557615	0.0238291	0	0	0	
871	0.108752	0.0992313	0.0094089	0.00011201	0.478784	0.436868	0.0414229	0.000493127	0.000111983	0.000493009	
872	0.0420521	0.0420521	0	0	0.185135	0.185135	0	0	0	0	
873	0.101248	0.100347	0.000900343	0	0.445747	0.441783	0.00396378	0	0	0	
874	0.105357	0.0912784	0.0140794	0	0.463841	0.401856	0.0619851	0	0	0	
875	0.0822633	0.0818598	0.000403504	0	0.362166	0.36039	0.00177644	0	0	0	
876	0.044658	0.044658	0	0	0.196608	0.196608	0	0	0	0	
877	0.101706	0.0880328	0.0135939	8.00399e-05	0.447767	0.387567	0.0598476	0.000352378	8.00131e-05	0.00035226	
878	0.101139	0.0998203	0.00131899	0	0.445268	0.439461	0.00580691	0	0	0	
879	0.0876423	0.0876423	0	0	0.385847	0.385847	0	0	0	0	
880	0.0941136	0.0880973	0.00601627	0	0.414337	0.387851	0.0264868	0	0	0	
881	0.0823305	0.0797074	0.00261109	1.20789e-05	0.362462	0.350914	0.0114954	5.3178e-05	1.20521e-05	5.30598e-05	
882	0.0911076	0.0898809	0.00122438	2.36506e-06	0.401104	0.395703	0.00539038	1.04122e-05	2.33817e-06	1.02938e-05	
883	0.0595511	0.0595511	0	0	0.262175	0.262175	0	0	0	0	
884	0.0791972	0.0791972	0	0	0.348668	0.348668	0	0	0	0	
885	0.0899662	0.0899662	0	0	0.396079	0.396079	0	0	0	0	
886	0.103451	0.102232	0.00121924	0	0.455447	0.450079	0.00536777	0	0	0	
887	0.0664444	0.0664444	0	0	0.292523	0.292523	0	0	0	0	
888	0.0973143	0.0973143	0	0	0.428429	0.428429	0	0	0	0	
889	0.0661391	0.0649499	0.00118915	0	0.291179	0.285944	0.00523529	0	0	0	
890	0.0953195	0.0921066	0.00321284	0	0.419646	0.405502	0.0141446	0	0	0	
891	0.0416131	0.0414836	0.000129445	0	0.183203	0.182633	0.000569886	0	0	0	
892	0.0588481	0.0588481	0	0	0.25908	0.25908	0	0	0	0	
893	0.0873412	0.0873412	0	0	0.384522	0.384522	0	0	0	0	
894	0.0845313	0.0842071	0.000324151	0	0.372151	0.370724	0.00142708	0	0	0	
895	0.0804538	0.0804538	0	0	0.3542	0.3542	0	0	0	0	
896	0.0795646	0.0792404	0.000324151	0	0.350285	0.348858	0.00142708	0	0	0	
897	0.0759466	0.0720872	0.00385941	0	0.334357	0.317366	0.0169911	0	0	0	
898	0.0735337	0.0735337	0	0	0.323734	0.323734	0	0	0	0	
899	0.105552	0.0962135	0.00933759	1.05516e-06	0.464696	0.423582	0.041109	4.64539e-06	1.02792e-06	4.52547e-06	
900	0.082321	0.082321	0	0	0.36242	0.36242	0	0	0	0	
901	0.173213	0.113027	0.0580704	0.00211545	0.762577	0.497607	0.255656	0.00931333	0.00247651	0.0109029	
902	0.0760235	0.0756529	0.000370634	0	0.334695	0.333064	0.00163172	0	0	0	
903	0.197416	0.116923	0.0790843	0.00140879	0.869132	0.514759	0.348171	0.00620227	0.00280983	0.0123703	
904	0.068267	0.068267	0	0	0.300547	0.300547	0	0	0	0	
905	0.15591	0.0935404	0.0623699	0	0.686399	0.411814	0.274585	0	0	0	
906	0.192131	0.131621	0.0600565	0.00045361	0.845866	0.579468	0.2644	0.00199703	0.000453583	0.00199691	
907	0.0809638	0.0809638	0	0	0.356445	0.356445	0	0	0	0	
908	0.112479	0.100096	0.0123206	6.27299e-05	0.495193	0.440675	0.054242	0.00027617	6.2703e-05	0.000276051	
909	0.109697	0.106409	0.00328082	7.33255e-06	0.482946	0.46847	0.0144439	3.22817e-05	7.36221e-06	3.24123e-05	
910	0.111901	0.0909611	0.0209406	0	0.49265	0.400459	0.0921916	0	0	0	
911	0.121254	0.107565	0.0134619	0.000226466	0.533825	0.473562	0.0592667	0.000997027	0.00022644	0.000996908	
912	0.1062	0.0967555	0.00944462	0	0.467549	0.425968	0.0415802	0	0	0	
913	0.115574	0.0996104	0.0158133	0.000150615	0.508819	0.438537	0.0696188	0.000663087	0.000150644	0.000663214	
914	0.0774097	0.0774097	0	0	0.340798	0.340798	0	0	0	0	
915	0.119788	0.0925745	0.0271774	3.64051e-05	0.527371	0.407562	0.119649	0.000160274	3.63772e-05	0.000160151	
916	0.107852	0.107852	0	0	0.474825	0.474825	0	0	0	0	
917	0.120912	0.093449	0.0274638	0	0.532322	0.411412	0.12091	0	0	0	
918	0.130254	0.089791	0.0395362	0.000927606	0.57345	0.395307	0.174059	0.00408381	0.00134154	0.00590618	
919	0.0936611	0.0870587	0.00660235	0	0.412345	0.383278	0.029067	0	0	0	
920	0.119238	0.0866203	0.0325138	0.0001048	0.524952	0.381348	0.143143	0.000461387	0.000183713	0.000808804	
921	0.0386778	0.0386778	0	0	0.17028	0.17028	0	0	0	0	
922	0.0194903	0.0193281	0.00016227	0	0.0858069	0.0850925	0.000714399	0	0	0	
923	0.0640337	0.0597684	0.00422996	3.53168e-05	0.28191	0.263132	0.0186225	0.000155483	3.52928e-05	0.000155377	
924	0.0588962	0.0521882	0.00670804	2.6803e-08	0.259292	0.22976	0.0295323	1.18001e-07	1.44663e-06	6.36884e-06	
925	0.0542941	0.0452733	0.00893796	8.29196e-05	0.239031	0.199317	0.0393496	0.000365056	0.000100689	0.000443286	
926	0.0671689	0.0594027	0.00776619	2.67463e-08	0.295713	0.261522	0.0341908	1.17751e-07	1.44663e-06	6.36884e-06	
927	0.0809593	0.0780553	0.00289115	1.28784e-05	0.356425	0.34364	0.0127284	5.66979e-05	1.28544e-05	5.65919e-05	
928	0.103646	0.0960856	0.00756071	0	0.456306	0.423019	0.0332862	0	0	0	
929	0.0441131	0.0434313	0.000681799	0	0.194209	0.191207	0.00300164	0	0	0	
930	0.0762028	0.075521	0.000681799	0	0.335485	0.332483	0.00300164	0	0	0	
931	0.0924479	0.0834145	0.00901275	2.07245e-05	0.407004	0.367234	0.0396789	9.12405e-05	2.06972e-05	9.11203e-05	
932	0.0854135	0.0849919	0.000421647	0	0.376035	0.374179	0.00185631	0	0	0	
933	0.0482911	0.0482023	8.87592e-05	0	0.212603	0.212212	0.000390765	0	0	0	
934	0.0466957	0.0459262	0.000769448	0	0.205579	0.202191	0.00338751	0	0	0	
935	0.093992	0.078511	0.0154097	7.12501e-05	0.413802	0.345647	0.0678419	0.000313681	0.000284893	0.00125425	
936	0.0765924	0.0765924	0	0	0.3372	0.3372	0	0	0	0	
937	0.0625311	0.0625311	0	0	0.275295	0.275295	0	0	0	0	
938	0.0680256	0.0680256	0	0	0.299484	0.299484	0	0	0	0	
939	0.0736622	0.0736622	0	0	0.324299	0.324299	0	0	0	0	
940	0.0772261	0.0752633	0.00195789	4.93552e-06	0.33999	0.331349	0.0086197	2.17288e-05	4.9087e-06	2.16107e-05	
941	0.0702401	0.0694475	0.000792532	0	0.309234	0.305744	0.00348914	0	0	0	
942	0.0715799	0.0715799	0	0	0.315132	0.315132	0	0	0	0	
943	0.0810741	0.0810741	0	0	0.356931	0.356931	0	0	0	0	
944	0.0642849	0.0642849	0	0	0.283016	0.283016	0	0	0	0	
945	0.0649296	0.0640016	0.000928063	0	0.285854	0.281769	0.00408582	0	0	0	
946	0.0663231	0.0663231	0	0	0.291989	0.291989	0	0	0	0	
947	0.0968424	0.0968424	0	0	0.426351	0.426351	0	0	0	0	
948	0.061744	0.0548421	0.00690188	0	0.271829	0.241444	0.0303857	0	0	0	
949	0.0654358	0.0654358	0	0	0.288083	0.288083	0	0	0	0	
950	0.0870514	0.0870514	0	0	0.383246	0.383246	0	0	0	0	
951	0.117316	0.117316	0	0	0.516488	0.516488	0	0	0	0	
952	0.0517746	0.0500645	0.00171002	0	0.227939	0.22041	0.00752844	0	0	0	
953	0.0541718	0.0539141	0.000257688	0	0.238493	0.237358	0.00113448	0	0	0	
954	0.0874585	0.087395	6.35001e-05	0	0.385038	0.384759	0.000279561	0	0	0	
955	0.0901111	0.0901111	0	0	0.396716	0.396716	0	0	0	0	
956	0.0534026	0.0502722	0.00313041	0	0.235106	0.221324	0.0137817	0	0	0	
957	0.0798816	0.0798816	0	0	0.351681	0.351681	0	0	0	0	
958	0.0787432	0.0701076	0.00863555	0	0.346669	0.308651	0.0380182	0	0	0	
959	0.0919793	0.0919793	0	0	0.404941	0.404941	0	0	0	0	
960	0.0573095	0.0573095	0	0	0.252306	0.252306	0	0	0	0	
961	0.0783248	0.0757736	0.00254869	2.50731e-06	0.344827	0.333595	0.0112207	1.10385e-05	2.48051e-06	1.09205e-05	
962	0.0990974	0.0990621	3.52946e-05	0	0.436279	0.436123	0.000155385	0	0	0	
963	0.147397	0.147341	5.66119e-05	0	0.648922	0.648673	0.000249235	0	0	0	
964	0.105542	0.105479	6.35001e-05	0	0.464654	0.464375	0.000279561	0	0	0	
965	0.146909	0.0972537	0.0496523	3.85692e-06	0.646775	0.428162	0.218596	1.69802e-05	3.83178e-06	1.68695e-05	
966	0.152384	0.102745	0.0496387	0	0.670878	0.452342	0.218535	0	0	0	
967	0.0448058	0.0448058	0	0	0.197259	0.197259	0	0	0	0	
968	0.0714169	0.0714169	0	0	0.314415	0.314415	0	0	0	0	
969	0.196383	0.179753	0.0166292	3.16046e-07	0.864582	0.79137	0.0732106	1.3914e-06	3.65523e-07	1.60922e-06	
970	0.188358	0.175505	0.0128245	2.80191e-05	0.829252	0.772669	0.0564603	0.000123355	4.12027e-05	0.000181396	
