Node	dPC	dPCintra	dPCflux	dPCconnector	varPC	varPCintra	varPCflux	varPCconnector	dBC_PC	varBC_PC	
1	0.17204	0.166379	0.00565556	5.13167e-06	0.761691	0.736629	0.0250394	2.27199e-05	5.10193e-06	2.25882e-05	
2	0.0883924	0.0837543	0.00463783	2.69928e-07	0.391348	0.370813	0.0205335	1.19508e-06	2.40307e-07	1.06393e-06	
3	0.0926796	0.0820508	0.0106282	6.68252e-07	0.410329	0.363271	0.0470553	2.95862e-06	3.01012e-06	1.3327e-05	
4	0.0576002	0.0576002	0	0	0.255019	0.255019	0	0	0	0	
5	0.114933	0.106585	0.00834625	1.87698e-06	0.508855	0.471894	0.0369521	8.31018e-06	4.20834e-06	1.8632e-05	
6	0.0913297	0.0897754	0.00155046	3.821e-06	0.404353	0.397471	0.00686454	1.69171e-05	3.79125e-06	1.67853e-05	
7	0.0899844	0.0864666	0.00351743	2.89462e-07	0.398396	0.382822	0.0155731	1.28156e-06	2.59582e-07	1.14927e-06	
8	0.126077	0.103332	0.0227451	0	0.558196	0.457494	0.100701	0	0	0	
9	0.0905962	0.0868972	0.00369894	0	0.401105	0.384729	0.0163766	0	0	0	
10	0.0603016	0.0595311	0.000770515	0	0.266979	0.263568	0.00341137	0	0	0	
11	0.0849508	0.0794598	0.00548146	9.51706e-06	0.376111	0.3518	0.0242686	4.21358e-05	9.48716e-06	4.20034e-05	
12	0.0994633	0.0948939	0.00456464	4.75503e-06	0.440364	0.420133	0.0202095	2.10524e-05	4.7256e-06	2.09221e-05	
13	0.103531	0.103531	0	0	0.458377	0.458377	0	0	0	0	
14	0.0838523	0.0838492	3.08475e-06	0	0.371247	0.371234	1.36574e-05	0	0	0	
15	0.0973106	0.0932167	0.00408764	6.2745e-06	0.430833	0.412708	0.0180976	2.77797e-05	6.24462e-06	2.76474e-05	
16	0.073677	0.073677	0	0	0.326197	0.326197	0	0	0	0	
17	0.0870095	0.0849467	0.00206275	0	0.385226	0.376093	0.00913264	0	0	0	
18	0.0736614	0.0725415	0.00111736	2.56407e-06	0.326128	0.32117	0.00494703	1.13521e-05	2.53429e-06	1.12203e-05	
19	0.0885716	0.0847589	0.00381272	0	0.392142	0.375261	0.0168804	0	0	0	
20	0.0594416	0.0594416	0	0	0.263171	0.263171	0	0	0	0	
21	0.0857921	0.0821932	0.00357897	1.99868e-05	0.379836	0.363902	0.0158455	8.84897e-05	2.2171e-05	9.81601e-05	
22	0.0899712	0.0880453	0.00192552	4.41601e-07	0.398338	0.389811	0.00852504	1.95514e-06	4.11822e-07	1.8233e-06	
23	0.0985964	0.0954786	0.00310489	1.30064e-05	0.436526	0.422722	0.0137466	5.75849e-05	1.44563e-05	6.40041e-05	
24	0.0671193	0.0654449	0.00167442	0	0.297164	0.289751	0.00741333	0	0	0	
25	0.122037	0.116161	0.00582702	4.89328e-05	0.540307	0.514291	0.0257985	0.000216645	4.89044e-05	0.000216519	
26	0.0861536	0.0847418	0.00141185	0	0.381436	0.375185	0.00625085	0	0	0	
27	0.0821772	0.0766502	0.00550626	2.07906e-05	0.363831	0.339361	0.0243784	9.20487e-05	2.59971e-05	0.000115099	
28	0.0632862	0.0624529	0.000833344	0	0.280193	0.276504	0.00368955	0	0	0	
29	0.107569	0.101827	0.00574206	0	0.476252	0.450829	0.0254224	0	0	0	
30	0.173158	0.149657	0.0233571	0.000144104	0.766641	0.662592	0.103411	0.000638008	0.000233154	0.00103227	
31	0.144655	0.139172	0.0054816	9.98912e-07	0.640447	0.616173	0.0242692	4.42258e-06	9.69269e-07	4.29134e-06	
32	0.143815	0.139638	0.00417713	0	0.63673	0.618236	0.0184938	0	0	0	
33	0.08012	0.0770675	0.00305247	0	0.354723	0.341209	0.0135145	0	0	0	
34	0.107804	0.0976876	0.010099	1.79764e-05	0.477294	0.432502	0.0447125	7.95889e-05	2.12959e-05	9.42858e-05	
35	0.073335	0.0612993	0.0118172	0.000218514	0.324683	0.271396	0.0523195	0.000967451	0.000220811	0.000977619	
36	0.0843742	0.0816062	0.00276799	0	0.373558	0.361303	0.012255	0	0	0	
37	0.175169	0.0955072	0.0788343	0.000828292	0.775546	0.422848	0.349031	0.00366718	0.00606672	0.0268598	
38	0.0798581	0.0788483	0.00100982	0	0.353564	0.349093	0.00447092	0	0	0	
39	0.0908018	0.0843639	0.00643584	2.06078e-06	0.402016	0.373513	0.028494	9.12393e-06	5.76592e-06	2.5528e-05	
40	0.103949	0.101509	0.00243569	4.58453e-06	0.460228	0.449424	0.0107838	2.02975e-05	4.68026e-06	2.07214e-05	
41	0.100989	0.0964568	0.00451253	2.05699e-05	0.447122	0.427053	0.0199787	9.10713e-05	2.05402e-05	9.09398e-05	
42	0.0762589	0.0743446	0.00191427	0	0.337628	0.329153	0.00847525	0	0	0	
43	0.0567098	0.0556364	0.0010733	0	0.251076	0.246325	0.00475194	0	0	0	
44	0.0652295	0.0649574	0.000272091	0	0.288797	0.287592	0.00120465	0	0	0	
45	0.0569733	0.052427	0.00454626	0	0.252243	0.232115	0.0201281	0	0	0	
46	0.0920595	0.0855939	0.00646559	0	0.407584	0.378958	0.0286257	0	0	0	
47	0.136694	0.13559	0.00110443	0	0.605202	0.600312	0.00488976	0	0	0	
48	0.101563	0.0854974	0.0160655	0	0.44966	0.378531	0.0711288	0	0	0	
49	0.165735	0.159241	0.00648978	4.48337e-06	0.733777	0.705025	0.0287328	1.98497e-05	8.9851e-06	3.97806e-05	
50	0.10193	0.0957948	0.00613291	2.83341e-06	0.451287	0.424122	0.0271528	1.25446e-05	2.8143e-06	1.246e-05	
51	0.0856073	0.0851382	0.000469078	0	0.379017	0.376941	0.00207679	0	0	0	
52	0.0785588	0.0766595	0.00189932	0	0.347811	0.339402	0.00840907	0	0	0	
53	0.0977423	0.0954945	0.0022431	4.81031e-06	0.432744	0.422792	0.00993111	2.12972e-05	5.69337e-06	2.52068e-05	
54	0.0956776	0.0912621	0.00441054	5.02823e-06	0.423603	0.404053	0.0195272	2.2262e-05	6.66249e-06	2.94975e-05	
55	0.0995648	0.0932829	0.00627132	1.06234e-05	0.440813	0.413	0.0277656	4.70341e-05	1.26864e-05	5.61679e-05	
56	0.118092	0.11268	0.00541185	4.23876e-07	0.522841	0.498879	0.0239604	1.87667e-06	8.68613e-07	3.84569e-06	
57	0.102067	0.101349	0.000718119	5.34807e-07	0.451894	0.448712	0.0031794	2.3678e-06	5.11423e-07	2.26427e-06	
58	0.12481	0.0918698	0.032862	7.87613e-05	0.552586	0.406744	0.145493	0.000348707	0.000150616	0.000666837	
59	0.179194	0.112727	0.0664559	1.17686e-05	0.793367	0.499087	0.294227	5.21045e-05	1.42435e-05	6.30619e-05	
60	0.0756323	0.0740493	0.00158303	0	0.334854	0.327845	0.0070087	0	0	0	
61	0.0878524	0.0876685	0.000183849	0	0.388957	0.388143	0.000813973	0	0	0	
62	0.100715	0.0939886	0.00670711	2.01366e-05	0.445909	0.416125	0.029695	8.91528e-05	2.23997e-05	9.91726e-05	
63	0.129316	0.0944762	0.0347484	9.21469e-05	0.572537	0.418284	0.153845	0.000407971	0.000108494	0.000480347	
64	0.0981031	0.0973992	0.000703314	5.33685e-07	0.434341	0.431225	0.00311385	2.36283e-06	5.03908e-07	2.231e-06	
65	0.11054	0.103184	0.00733353	2.2804e-05	0.489407	0.456837	0.0324684	0.000100962	2.77199e-05	0.000122727	
66	0.113082	0.101527	0.0115553	0	0.500661	0.449501	0.0511601	0	0	0	
67	0.16141	0.138152	0.0231514	0.000106648	0.714627	0.611654	0.1025	0.000472175	0.00014808	0.000655613	
68	0.110002	0.0803375	0.0296575	6.91915e-06	0.487022	0.355686	0.131306	3.06338e-05	9.08056e-06	4.02032e-05	
69	0.118199	0.114424	0.00376882	5.97714e-06	0.523315	0.506603	0.016686	2.64632e-05	1.03464e-05	4.5808e-05	
70	0.0812495	0.076798	0.00443729	1.41695e-05	0.359724	0.340015	0.0196456	6.2734e-05	1.63916e-05	7.25725e-05	
71	0.0654702	0.044445	0.0210252	0	0.289862	0.196775	0.093087	0	0	0	
72	0.16656	0.130228	0.0362667	6.52254e-05	0.737431	0.576575	0.160567	0.000288779	8.64612e-05	0.000382798	
73	0.0748835	0.060006	0.014873	4.45118e-06	0.331539	0.265671	0.0658489	1.97071e-05	7.21702e-06	3.19526e-05	
74	0.145534	0.106602	0.038776	0.000155726	0.644339	0.471973	0.171677	0.000689461	0.00017817	0.000788831	
75	0.178752	0.143634	0.0348854	0.000232461	0.791408	0.635927	0.154451	0.0010292	0.000264174	0.0011696	
76	0.15961	0.141074	0.0183743	0.000161361	0.706658	0.624593	0.0813507	0.000714412	0.000174864	0.000774195	
77	0.0896162	0.0894548	0.000161402	0	0.396766	0.396052	0.000714593	0	0	0	
78	0.149407	0.0985411	0.0508476	1.88627e-05	0.661487	0.436281	0.225122	8.35127e-05	2.63756e-05	0.000116775	
79	0.154872	0.136777	0.0179522	0.000142601	0.685681	0.605568	0.0794818	0.000631352	0.000164548	0.00072852	
80	0.139067	0.124914	0.0141245	2.90356e-05	0.615707	0.553044	0.0625349	0.000128552	3.27561e-05	0.000145024	
81	0.109745	0.106007	0.00373832	0	0.485888	0.469337	0.016551	0	0	0	
82	0.262454	0.160788	0.100714	0.000951032	1.16198	0.711875	0.445903	0.0042106	0.00136224	0.00603118	
83	0.163389	0.124906	0.0384361	4.69374e-05	0.723392	0.553012	0.170172	0.00020781	4.83288e-05	0.000213971	
84	0.120303	0.095964	0.0243374	2.2517e-06	0.532632	0.424871	0.107751	9.9692e-06	4.14922e-06	1.83702e-05	
85	0.146588	0.100873	0.045715	0	0.649007	0.446609	0.202398	0	0	0	
86	0.168181	0.145873	0.0221849	0.000123422	0.744607	0.645839	0.0982215	0.000546441	0.00021954	0.000971995	
87	0.0826509	0.0774274	0.00522357	0	0.365929	0.342802	0.0231268	0	0	0	
88	0.0843257	0.0814412	0.00288448	0	0.373343	0.360573	0.0127707	0	0	0	
89	0.0774233	0.0767773	0.000645989	0	0.342783	0.339923	0.00286005	0	0	0	
90	0.105914	0.0985736	0.00732098	1.95363e-05	0.468924	0.436425	0.0324129	8.64954e-05	1.9942e-05	8.82916e-05	
91	0.107344	0.102138	0.00520662	0	0.475258	0.452207	0.0230518	0	0	0	
92	0.0855107	0.0836713	0.00183939	0	0.37859	0.370446	0.00814374	0	0	0	
93	0.0974128	0.0900673	0.00734555	0	0.431285	0.398764	0.0325217	0	0	0	
94	0.0934954	0.0855761	0.00791931	0	0.413941	0.378879	0.0350619	0	0	0	
95	0.152402	0.131206	0.0211951	1.20736e-06	0.674747	0.580902	0.0938393	5.3455e-06	1.40881e-06	6.2374e-06	
96	0.203549	0.159242	0.0442633	4.40104e-05	0.901196	0.70503	0.195971	0.000194851	5.90149e-05	0.000261282	
97	0.111569	0.0945174	0.0170468	5.25906e-06	0.493963	0.418466	0.0754733	2.32839e-05	6.37795e-06	2.82377e-05	
98	0.106137	0.0894353	0.0167004	1.62206e-06	0.469912	0.395965	0.0739395	7.18151e-06	1.7127e-06	7.58285e-06	
99	0.106527	0.100272	0.00625436	2.49887e-07	0.471637	0.443946	0.0276905	1.10635e-06	3.71047e-07	1.64277e-06	
100	0.097947	0.0921878	0.00575369	5.49002e-06	0.43365	0.408152	0.0254738	2.43065e-05	1.06965e-05	4.7358e-05	
101	0.147263	0.14463	0.0026325	0	0.651994	0.640339	0.0116551	0	0	0	
102	0.147324	0.107508	0.0398029	1.33195e-05	0.652264	0.475982	0.176223	5.89711e-05	1.50249e-05	6.65215e-05	
103	0.07747	0.0734898	0.0039802	0	0.34299	0.325368	0.0176219	0	0	0	
104	0.105144	0.0834943	0.021637	1.27587e-05	0.465515	0.369662	0.095796	5.64879e-05	1.81045e-05	8.01562e-05	
105	0.0950205	0.0864183	0.00842326	0.000178909	0.420693	0.382608	0.0372931	0.000792102	0.000180358	0.000798519	
106	0.133135	0.111789	0.0213363	9.07722e-06	0.589442	0.494938	0.0944643	4.01884e-05	1.08261e-05	4.79317e-05	
107	0.226545	0.147029	0.0792872	0.000228818	1.003	0.65096	0.351036	0.00101307	0.000360681	0.00159687	
108	0.103992	0.0971367	0.00683779	1.82388e-05	0.460417	0.430063	0.0302736	8.07507e-05	2.35169e-05	0.000104119	
109	0.132345	0.108348	0.0237308	0.000265897	0.585946	0.479703	0.105066	0.00117723	0.000275708	0.00122067	
110	0.11785	0.108871	0.00897888	3.85542e-07	0.521773	0.482018	0.0397531	1.70694e-06	3.76797e-07	1.66823e-06	
111	0.102571	0.0964533	0.00611783	1.36091e-07	0.454123	0.427037	0.027086	6.02531e-07	7.4465e-07	3.29686e-06	
112	0.10206	0.0950245	0.00703522	3.71355e-07	0.45186	0.420711	0.0311477	1.64413e-06	1.69415e-06	7.50071e-06	
113	0.0962753	0.0919855	0.00428886	9.62388e-07	0.426249	0.407256	0.0189885	4.26087e-06	1.33729e-06	5.92074e-06	
114	0.151339	0.124439	0.0267389	0.000161128	0.670042	0.550944	0.118384	0.000713379	0.00017938	0.000794188	
115	0.113844	0.10706	0.00677254	1.12971e-05	0.504033	0.473999	0.0299847	5.00169e-05	1.13794e-05	5.03811e-05	
116	0.12268	0.114624	0.00805416	1.82615e-06	0.543156	0.507489	0.035659	8.08514e-06	2.03651e-06	9.01647e-06	
117	0.106683	0.0970787	0.00960437	0	0.472328	0.429806	0.0425223	0	0	0	
118	0.103711	0.101842	0.00186805	1.307e-06	0.459171	0.450895	0.00827062	5.78664e-06	1.45864e-06	6.45799e-06	
119	0.116263	0.113819	0.00244326	7.69808e-07	0.514743	0.503922	0.0108173	3.40824e-06	7.42065e-07	3.28542e-06	
120	0.106296	0.0963491	0.00992522	2.20672e-05	0.470616	0.426576	0.0439429	9.77006e-05	3.06012e-05	0.000135484	
121	0.092354	0.0845109	0.00779477	4.83075e-05	0.408888	0.374163	0.0345105	0.000213876	6.47214e-05	0.000286547	
122	0.174743	0.158	0.0166866	5.65841e-05	0.773658	0.69953	0.0738783	0.00025052	6.99634e-05	0.000309756	
123	0.110832	0.107195	0.00363727	3.39025e-07	0.4907	0.474595	0.0161036	1.501e-06	3.30121e-07	1.46157e-06	
124	0.144989	0.0965414	0.0479697	0.000478746	0.641928	0.427427	0.212381	0.0021196	0.00205358	0.00909206	
125	0.10698	0.103597	0.00338325	0	0.473646	0.458667	0.014979	0	0	0	
126	0.134232	0.10455	0.0295146	0.000167575	0.594301	0.462886	0.130673	0.000741925	0.000611097	0.00270557	
127	0.205302	0.191974	0.0133012	2.66592e-05	0.908957	0.849949	0.0588901	0.000118031	3.03137e-05	0.000134211	
128	0.137746	0.120883	0.0168578	4.61759e-06	0.609857	0.5352	0.0746365	2.04439e-05	5.81042e-06	2.5725e-05	
129	0.122814	0.118276	0.0045375	1.02649e-06	0.54375	0.523656	0.0200893	4.54468e-06	1.75224e-06	7.7579e-06	
130	0.0973921	0.0964252	0.000966876	1.20556e-07	0.431194	0.426912	0.00428074	5.33749e-07	9.24053e-08	4.09115e-07	
131	0.129922	0.124868	0.00504332	1.07764e-05	0.575217	0.55284	0.0223288	4.77116e-05	1.09097e-05	4.83016e-05	
132	0.108338	0.0853205	0.0230179	0	0.479658	0.377748	0.101909	0	0	0	
133	0.133728	0.111022	0.0224216	0.000284384	0.592067	0.491539	0.0992696	0.00125908	0.000310578	0.00137505	
134	0.0964184	0.0958204	0.000598022	0	0.426883	0.424235	0.00264768	0	0	0	
135	0.0724019	0.0706893	0.00171255	0	0.320552	0.31297	0.00758217	0	0	0	
136	0.105527	0.103707	0.00181619	3.91221e-06	0.467214	0.459156	0.00804103	1.73209e-05	4.80007e-06	2.12518e-05	
137	0.111214	0.102311	0.00886748	3.50541e-05	0.49239	0.452975	0.0392599	0.000155198	4.34825e-05	0.000192514	
138	0.113395	0.104545	0.00884826	1.13502e-06	0.502045	0.462865	0.0391747	5.02521e-06	3.10823e-06	1.37613e-05	
139	0.109306	0.106411	0.00289538	2.21638e-07	0.483945	0.471125	0.012819	9.81283e-07	2.77123e-07	1.22693e-06	
140	0.135652	0.121287	0.0143341	3.08394e-05	0.600588	0.536989	0.0634631	0.000136538	5.03769e-05	0.000223038	
141	0.0991549	0.0932037	0.00594946	1.78039e-06	0.438998	0.41265	0.0263406	7.88252e-06	2.74719e-06	1.21629e-05	
142	0.0882477	0.0835921	0.00465557	0	0.390707	0.370095	0.0206121	0	0	0	
143	0.156217	0.155098	0.00111894	0	0.691637	0.686683	0.004954	0	0	0	
144	0.100255	0.0989585	0.00129725	0	0.443872	0.438129	0.00574346	0	0	0	
145	0.0917666	0.0869413	0.00482529	0	0.406287	0.384924	0.0213635	0	0	0	
146	0.0646564	0.0613148	0.00334156	8.44381e-08	0.286259	0.271465	0.0147944	3.73841e-07	5.47237e-08	2.42283e-07	
147	0.0746969	0.0728546	0.00184234	0	0.330713	0.322556	0.00815678	0	0	0	
148	0.113129	0.108056	0.0050732	1.24424e-07	0.50087	0.478408	0.0224611	5.50878e-07	1.19066e-07	5.27154e-07	
149	0.113741	0.100142	0.0135783	2.05279e-05	0.503579	0.443371	0.0601168	9.08853e-05	2.76245e-05	0.000122305	
150	0.0910228	0.0827967	0.00822613	0	0.402994	0.366574	0.0364203	0	0	0	
151	0.134859	0.124742	0.0100571	6.05205e-05	0.597078	0.552284	0.044527	0.000267948	6.8528e-05	0.000303401	
152	0.0936003	0.0849723	0.00862624	1.82739e-06	0.414406	0.376206	0.0381918	8.09059e-06	5.98516e-06	2.64987e-05	
153	0.139934	0.135956	0.00397759	0	0.619545	0.601934	0.0176104	0	0	0	
154	0.103826	0.0979628	0.00586204	1.565e-06	0.459681	0.43372	0.0259536	6.9289e-06	2.88789e-06	1.27858e-05	
155	0.112128	0.0920901	0.0200321	5.74267e-06	0.496435	0.407719	0.0886905	2.54251e-05	8.16432e-06	3.61467e-05	
156	0.103999	0.0950082	0.00898684	4.94499e-06	0.460449	0.420639	0.0397883	2.18934e-05	4.91498e-06	2.17605e-05	
157	0.0895528	0.088596	0.000956828	0	0.396486	0.39225	0.00423626	0	0	0	
158	0.111211	0.103796	0.00738752	2.77264e-05	0.492379	0.459549	0.0327075	0.000122756	2.89305e-05	0.000128086	
159	0.101239	0.0995566	0.00168315	7.2959e-08	0.448229	0.440777	0.00745198	3.23018e-07	1.00584e-07	4.45329e-07	
160	0.178713	0.156277	0.0224353	0	0.791235	0.691905	0.0993302	0	0	0	
161	0.213784	0.174502	0.0391688	0.000114036	0.946511	0.77259	0.173416	0.000504887	0.000148992	0.000659649	
162	0.124865	0.0945853	0.0302157	6.39986e-05	0.552827	0.418767	0.133777	0.000283347	8.61401e-05	0.000381376	
163	0.0937669	0.078842	0.0148886	3.62877e-05	0.415143	0.349065	0.0659179	0.00016066	3.91851e-05	0.000173488	
164	0.124848	0.0900879	0.0347343	2.65162e-05	0.552755	0.398855	0.153783	0.000117398	0.000106321	0.000470729	
165	0.153616	0.115691	0.0377319	0.000193131	0.680122	0.512213	0.167054	0.000855069	0.000234868	0.00103985	
166	0.104823	0.0978289	0.00699418	0	0.464093	0.433127	0.030966	0	0	0	
167	0.106554	0.097524	0.00901392	1.61036e-05	0.471757	0.431778	0.0399082	7.12973e-05	2.09873e-05	9.29192e-05	
168	0.107202	0.0984735	0.00872537	3.29823e-06	0.474626	0.435981	0.0386307	1.46026e-05	9.58784e-06	4.24492e-05	
169	0.0974078	0.0951822	0.00222503	6.44113e-07	0.431263	0.421409	0.00985113	2.85174e-06	6.14416e-07	2.72026e-06	
170	0.142103	0.109143	0.0323988	0.000561273	0.629148	0.483221	0.143442	0.00248498	0.000699485	0.0030969	
171	0.219397	0.196214	0.0231713	1.19189e-05	0.971362	0.86872	0.102588	5.27699e-05	1.47001e-05	6.50834e-05	
172	0.134384	0.122686	0.0116978	0	0.594972	0.543181	0.051791	0	0	0	
173	0.184827	0.136301	0.0482211	0.000305173	0.818304	0.603459	0.213494	0.00135112	0.000410417	0.00181708	
174	0.119645	0.11377	0.00587406	1.28019e-06	0.529718	0.503706	0.0260068	5.66794e-06	1.40126e-06	6.20397e-06	
175	0.104437	0.096704	0.00773367	0	0.462387	0.428147	0.03424	0	0	0	
176	0.109339	0.0952848	0.0139306	0.000123738	0.484088	0.421864	0.0616766	0.000547841	0.000146902	0.000650394	
177	0.182104	0.142468	0.0394685	0.000166899	0.806247	0.630765	0.174742	0.00073893	0.000167923	0.000743466	
178	0.136059	0.106935	0.029073	5.04314e-05	0.602388	0.473446	0.128718	0.00022328	9.56837e-05	0.00042363	
179	0.177196	0.1411	0.0358693	0.000226626	0.784518	0.624706	0.158807	0.00100336	0.000315379	0.00139631	
180	0.116855	0.101921	0.0149279	6.2464e-06	0.517366	0.451247	0.0660918	2.76553e-05	6.21661e-06	2.75234e-05	
181	0.129043	0.125938	0.00310531	0	0.571327	0.557578	0.0137484	0	0	0	
182	0.100996	0.0999036	0.00109285	7.22431e-08	0.447151	0.442313	0.0048385	3.19849e-07	6.43763e-08	2.85019e-07	
183	0.11678	0.112065	0.00471516	0	0.517034	0.496158	0.0208759	0	0	0	
184	0.0955074	0.0884534	0.00704879	5.31284e-06	0.422849	0.391618	0.0312078	2.35221e-05	7.47168e-06	3.30801e-05	
185	0.0956912	0.0829813	0.0127098	0	0.423663	0.367391	0.0562715	0	0	0	
186	0.131512	0.114359	0.0171524	0	0.582257	0.506316	0.0759407	0	0	0	
187	0.0892542	0.088705	0.000549189	0	0.395164	0.392732	0.00243148	0	0	0	
188	0.0854444	0.0810701	0.00437153	2.83599e-06	0.378296	0.358929	0.0193545	1.2556e-05	4.27908e-06	1.89452e-05	
189	0.111435	0.102791	0.00862406	2.06625e-05	0.493371	0.455098	0.0381821	9.14812e-05	2.50115e-05	0.000110736	
190	0.0810904	0.0596671	0.0214192	4.09851e-06	0.35902	0.26417	0.0948317	1.81457e-05	6.63673e-06	2.93834e-05	
191	0.319332	0.214382	0.102985	0.00196518	1.41381	0.949155	0.455958	0.00870067	0.00240299	0.010639	
192	0.0733461	0.0733461	0	0	0.324732	0.324732	0	0	0	0	
193	0.118987	0.118987	0	0	0.526805	0.526805	0	0	0	0	
194	0.152965	0.121666	0.0311658	0.000133468	0.677238	0.538664	0.137983	0.000590917	0.000401953	0.0017796	
195	0.0892791	0.0890518	0.00022725	0	0.395274	0.394268	0.00100613	0	0	0	
196	0.0898326	0.0898326	0	0	0.397725	0.397725	0	0	0	0	
197	0.0800142	0.056299	0.0236843	3.08359e-05	0.354255	0.249258	0.10486	0.000136523	3.51402e-05	0.00015558	
198	0.142177	0.114861	0.0268411	0.000475216	0.629478	0.508538	0.118836	0.00210397	0.000672799	0.00297875	
199	0.134308	0.114899	0.0194091	0	0.594636	0.508704	0.0859319	0	0	0	
200	0.108151	0.087641	0.0205041	6.28504e-06	0.478829	0.388022	0.0907799	2.78264e-05	2.25365e-05	9.97781e-05	
201	0.140082	0.101079	0.0385977	0.000405216	0.620203	0.447521	0.170887	0.00179405	0.000527513	0.00233551	
202	0.106375	0.106375	0	0	0.470968	0.470968	0	0	0	0	
203	0.0959627	0.0949506	0.00101207	0	0.424865	0.420384	0.00448087	0	0	0	
204	0.161669	0.134418	0.0272222	2.95809e-05	0.715777	0.595122	0.120523	0.000130966	3.82098e-05	0.00016917	
205	0.109879	0.0902776	0.0195642	3.75882e-05	0.48648	0.399695	0.0866187	0.000166418	4.27934e-05	0.000189463	
206	0.186889	0.15002	0.0367226	0.000146968	0.827435	0.664198	0.162585	0.000650689	0.000243551	0.0010783	
207	0.061955	0.0521424	0.0098126	0	0.2743	0.230855	0.0434443	0	0	0	
208	0.102616	0.098724	0.00389247	0	0.454324	0.437091	0.0172335	0	0	0	
209	0.148839	0.0956258	0.0532124	1.71209e-06	0.658974	0.423374	0.235592	7.58013e-06	1.91924e-05	8.49727e-05	
210	0.114818	0.114169	0.00064903	0	0.508348	0.505474	0.00287351	0	0	0	
211	0.160008	0.103947	0.0560604	0	0.708421	0.460219	0.248202	0	0	0	
212	0.116964	0.116837	0.000126827	0	0.517847	0.517285	0.000561514	0	0	0	
213	0.236266	0.165304	0.0702872	0.000674731	1.04604	0.731869	0.311189	0.0029873	0.00217531	0.00963099	
214	0.119308	0.116278	0.00302202	8.34343e-06	0.528227	0.514811	0.0133797	3.69397e-05	8.42059e-06	3.72813e-05	
215	0.178583	0.16224	0.016323	1.991e-05	0.790659	0.718303	0.0722684	8.81497e-05	2.08777e-05	9.2434e-05	
216	0.100663	0.0851429	0.0155202	0	0.445676	0.376961	0.0687142	0	0	0	
217	0.187494	0.141438	0.045548	0.000508198	0.830113	0.626204	0.201659	0.00224999	0.000546962	0.00242162	
218	0.0979029	0.0975397	0.000363128	0	0.433455	0.431847	0.00160771	0	0	0	
219	0.134018	0.133573	0.000445373	0	0.593354	0.591382	0.00197184	0	0	0	
220	0.0976795	0.0841432	0.0135362	0	0.432466	0.372535	0.0599305	0	0	0	
221	0.105896	0.0942157	0.0116576	2.26863e-05	0.468844	0.41713	0.0516132	0.000100441	2.41287e-05	0.000106827	
222	0.0505683	0.0504674	0.000100946	0	0.223886	0.223439	0.000446932	0	0	0	
223	0.0972676	0.0971408	0.000126827	0	0.430642	0.430081	0.000561514	0	0	0	
224	0.154108	0.14579	0.00831768	3.02106e-07	0.682301	0.645474	0.0368257	1.33754e-06	3.75711e-07	1.66342e-06	
225	0.082272	0.0785917	0.00365437	2.59273e-05	0.364251	0.347957	0.0161793	0.00011479	2.61092e-05	0.000115596	
226	0.228326	0.225866	0.00245879	1.51803e-06	1.01089	1	0.010886	6.72095e-06	1.49035e-06	6.59839e-06	
227	0.0845649	0.0825574	0.00200455	2.93369e-06	0.374402	0.365514	0.00887498	1.29886e-05	2.90398e-06	1.28571e-05	
228	0.0888859	0.0796257	0.00909599	0.00016431	0.393533	0.352534	0.0402716	0.000727467	0.000164281	0.000727337	
229	0.1284	0.124321	0.00407866	0	0.568478	0.55042	0.0180578	0	0	0	
230	0.107596	0.106948	0.000647624	1.48259e-07	0.476372	0.473504	0.00286729	6.56405e-07	1.20965e-07	5.35563e-07	
231	0.0927951	0.0923356	0.000459046	4.94876e-07	0.410841	0.408806	0.00203238	2.19101e-06	4.65103e-07	2.0592e-06	
232	0.0807686	0.0753343	0.0054323	1.96853e-06	0.357595	0.333535	0.024051	8.71548e-06	1.93884e-06	8.58405e-06	
233	0.079683	0.0783896	0.00129335	0	0.352788	0.347062	0.00572622	0	0	0	
234	0.10465	0.10465	0	0	0.463329	0.463329	0	0	0	0	
235	0.136701	0.136701	0	0	0.605233	0.605233	0	0	0	0	
236	0.068613	0.0663896	0.00222337	0	0.303777	0.293933	0.00984378	0	0	0	
237	0.0475276	0.0475276	0	0	0.210423	0.210423	0	0	0	0	
238	0.0899433	0.0898026	0.000140721	0	0.398215	0.397592	0.000623032	0	0	0	
239	0.14569	0.122392	0.0232963	1.8976e-06	0.64503	0.541879	0.103142	8.40146e-06	2.73636e-06	1.21149e-05	
240	0.0924932	0.0909843	0.00150888	0	0.409504	0.402824	0.00668042	0	0	0	
241	0.142071	0.119003	0.023053	1.49927e-05	0.629006	0.526874	0.102064	6.63789e-05	1.58275e-05	7.00746e-05	
242	0.086049	0.0858692	0.000179778	0	0.380973	0.380177	0.000795949	0	0	0	
243	0.0864371	0.0864371	0	0	0.382691	0.382691	0	0	0	0	
244	0.0892218	0.0891533	6.85036e-05	0	0.39502	0.394717	0.000303293	0	0	0	
245	0.12219	0.0955816	0.0259151	0.00069367	0.540986	0.423178	0.114736	0.00307115	0.000811689	0.00359367	
246	0.103076	0.0899613	0.0131147	0	0.456359	0.398294	0.0580642	0	0	0	
247	0.112094	0.107693	0.00437465	2.62926e-05	0.496286	0.476801	0.0193683	0.000116408	2.74848e-05	0.000121686	
248	0.0839936	0.0839936	0	0	0.371873	0.371873	0	0	0	0	
249	0.0720215	0.0703423	0.00167911	0	0.318868	0.311433	0.00743409	0	0	0	
250	0.067599	0.0669704	0.000628586	0	0.299287	0.296504	0.002783	0	0	0	
251	0.122913	0.109798	0.0131147	0	0.544187	0.486123	0.0580642	0	0	0	
252	0.0746958	0.0696107	0.00504656	3.85848e-05	0.330708	0.308194	0.0223431	0.00017083	4.01025e-05	0.000177549	
253	0.0985365	0.0982861	0.000250423	0	0.43626	0.435152	0.00110872	0	0	0	
254	0.0782607	0.0780422	0.000218432	0	0.346491	0.345524	0.000967086	0	0	0	
255	0.0872148	0.0871434	7.14537e-05	0	0.386135	0.385818	0.000316354	0	0	0	
256	0.0997709	0.0971827	0.00258584	2.37698e-06	0.441725	0.430266	0.0114485	1.05238e-05	3.17599e-06	1.40613e-05	
257	0.0892265	0.0892265	0	0	0.395041	0.395041	0	0	0	0	
258	0.102532	0.096657	0.0058591	1.62371e-05	0.453951	0.427939	0.0259406	7.18885e-05	2.1746e-05	9.62783e-05	
259	0.0537119	0.0454865	0.00813264	9.28274e-05	0.237804	0.201386	0.0360064	0.000410984	0.000109673	0.000485568	
260	0.0440325	0.0419459	0.00208658	0	0.194949	0.185711	0.00923816	0	0	0	
261	0.110631	0.110394	0.000236848	0	0.489811	0.488762	0.00104862	0	0	0	
262	0.114525	0.111636	0.00288885	0	0.507049	0.494259	0.0127901	0	0	0	
263	0.0609352	0.0439713	0.0169635	3.10518e-07	0.269784	0.194678	0.0751045	1.37479e-06	1.40552e-06	6.22282e-06	
264	0.183562	0.140637	0.042646	0.000279164	0.812704	0.622657	0.18881	0.00123597	0.000929043	0.00411324	
265	0.0524584	0.0435664	0.00887494	1.70988e-05	0.232254	0.192885	0.0392929	7.57032e-05	2.26671e-05	0.000100356	
266	0.0838202	0.0838202	0	0	0.371105	0.371105	0	0	0	0	
267	0.047861	0.0457744	0.00208658	0	0.211899	0.202661	0.00923816	0	0	0	
268	0.0859553	0.0855898	0.000365511	0	0.380558	0.37894	0.00161826	0	0	0	
269	0.206515	0.205781	0.000734719	3.43628e-08	0.914328	0.911075	0.00325289	1.52137e-07	4.5704e-09	2.0235e-08	
270	0.108063	0.107845	0.000218432	0	0.478441	0.477474	0.000967086	0	0	0	
271	0.0853489	0.0849834	0.000365511	0	0.377873	0.376255	0.00161826	0	0	0	
272	0.105103	0.104117	0.000985906	0	0.465334	0.460969	0.004365	0	0	0	
273	0.108499	0.0920292	0.0163698	0.000100455	0.48037	0.40745	0.0724758	0.000444758	0.000136383	0.000603825	
274	0.100585	0.0946804	0.00590525	0	0.445333	0.419188	0.0261449	0	0	0	
275	0.121104	0.111663	0.00934776	9.32323e-05	0.536179	0.49438	0.0413863	0.000412777	9.78449e-05	0.000433198	
276	0.0917477	0.0901455	0.00160226	0	0.406204	0.39911	0.00709385	0	0	0	
277	0.104581	0.104455	0.000126417	0	0.463025	0.462465	0.000559702	0	0	0	
278	0.176846	0.148549	0.0281128	0.000184806	0.782971	0.657686	0.124466	0.000818213	0.000273561	0.00121116	
279	0.0774061	0.07733	7.60822e-05	0	0.342707	0.34237	0.000336846	0	0	0	
280	0.137061	0.121834	0.0152269	5.6132e-08	0.606824	0.539409	0.0674157	2.48519e-07	1.49018e-06	6.59766e-06	
281	0.117076	0.095475	0.0215769	2.44197e-05	0.518344	0.422706	0.0955296	0.000108116	2.79961e-05	0.000123949	
282	0.0840259	0.0815347	0.0024912	0	0.372016	0.360986	0.0110295	0	0	0	
283	0.104445	0.0914756	0.0129405	2.96992e-05	0.462423	0.404999	0.057293	0.00013149	7.75297e-05	0.000343255	
284	0.133076	0.111028	0.0220189	2.95677e-05	0.589184	0.491567	0.0974868	0.000130908	3.58121e-05	0.000158554	
285	0.0981717	0.0875565	0.0106151	4.98017e-08	0.434645	0.387648	0.0469973	2.20492e-07	2.02816e-08	8.97949e-08	
286	0.118816	0.0823824	0.0364339	0	0.526047	0.36474	0.161307	0	0	0	
287	0.0740175	0.0656263	0.00839113	0	0.327705	0.290554	0.0371509	0	0	0	
288	0.206549	0.141012	0.0644369	0.00110043	0.914477	0.624317	0.285287	0.00487207	0.00136487	0.00604284	
289	0.0668586	0.0658727	0.000985906	0	0.29601	0.291645	0.004365	0	0	0	
290	0.0709242	0.0692433	0.0016809	0	0.31401	0.306568	0.00744202	0	0	0	
291	0.176683	0.137673	0.0387451	0.000264168	0.782247	0.609537	0.17154	0.00116958	0.000559144	0.00247555	
292	0.1456	0.117094	0.0284504	5.58921e-05	0.644632	0.518423	0.125961	0.000247457	8.3272e-05	0.000368678	
293	0.0753268	0.0477442	0.0275717	1.09023e-05	0.333502	0.211382	0.122071	4.82691e-05	1.26903e-05	5.61854e-05	
294	0.0675799	0.0612183	0.00631008	5.14841e-05	0.299203	0.271038	0.0279372	0.00022794	6.29777e-05	0.000278827	
295	0.171516	0.152718	0.0186769	0.000120428	0.759371	0.676147	0.0826903	0.000533185	0.000162995	0.000721644	
296	0.118735	0.118735	0	0	0.525688	0.525688	0	0	0	0	
297	0.167652	0.147123	0.0205029	2.57492e-05	0.742263	0.651374	0.0907748	0.000114002	2.80289e-05	0.000124095	
298	0.11004	0.0911709	0.018844	2.57472e-05	0.487194	0.40365	0.0834303	0.000113993	4.45046e-05	0.000197039	
299	0.0980677	0.07971	0.0183422	1.55142e-05	0.434185	0.352908	0.0812084	6.86876e-05	1.55566e-05	6.88755e-05	
300	0.0787094	0.0770285	0.0016809	0	0.348478	0.341036	0.00744202	0	0	0	
301	0.0633649	0.0624678	0.000897141	0	0.280542	0.27657	0.003972	0	0	0	
302	0.0717311	0.0696045	0.00212663	0	0.317582	0.308167	0.00941544	0	0	0	
303	0.130484	0.106202	0.0241943	8.74389e-05	0.577707	0.470201	0.107118	0.000387127	0.000116508	0.000515829	
304	0.0958015	0.0958015	0	0	0.424151	0.424151	0	0	0	0	
305	0.0533874	0.0414253	0.011962	0	0.236367	0.183406	0.0529609	0	0	0	
306	0.0700078	0.0531299	0.0168778	5.70126e-08	0.309952	0.235227	0.0747249	2.52417e-07	2.96388e-08	1.31222e-07	
307	0.0905357	0.0876276	0.00290812	0	0.400838	0.387962	0.0128754	0	0	0	
308	0.0951842	0.0758072	0.0193736	3.40729e-06	0.421418	0.335629	0.0857747	1.50854e-05	4.81377e-06	2.13125e-05	
309	0.114427	0.111179	0.00324507	2.91852e-06	0.506615	0.492235	0.0143672	1.29214e-05	2.95045e-06	1.30628e-05	
310	0.150668	0.143873	0.00679493	6.00832e-07	0.667071	0.636985	0.0300838	2.66012e-06	1.86283e-06	8.24751e-06	
311	0.0782869	0.0742204	0.00403442	3.21229e-05	0.346607	0.328603	0.017862	0.000142221	3.21226e-05	0.000142219	
312	0.141409	0.0961995	0.0449259	0.000284273	0.626077	0.425913	0.198905	0.00125859	0.000346596	0.00153452	
313	0.101275	0.0937799	0.00749526	0	0.448385	0.415201	0.0331845	0	0	0	
314	0.0788293	0.0775676	0.00126171	0	0.349009	0.343423	0.00558611	0	0	0	
315	0.106176	0.0953332	0.0108199	2.30962e-05	0.470084	0.422078	0.0479042	0.000102256	4.20718e-05	0.000186268	
316	0.0740147	0.0708695	0.00314447	7.15856e-07	0.327692	0.313767	0.0139218	3.16938e-06	6.86137e-07	3.0378e-06	
317	0.120021	0.0770545	0.042699	0.000267766	0.531382	0.341151	0.189045	0.0011855	0.000327537	0.00145013	
318	0.18617	0.122737	0.0634321	9.70914e-07	0.824252	0.543408	0.280839	4.29862e-06	9.44677e-07	4.18246e-06	
319	0.242445	0.144127	0.0944851	0.00383344	1.0734	0.638109	0.418323	0.0169721	0.00437211	0.019357	
320	0.0835242	0.0763822	0.00713986	2.19814e-06	0.369795	0.338174	0.031611	9.73207e-06	5.80296e-06	2.5692e-05	
321	0.129515	0.0991866	0.0299427	0.000386573	0.573419	0.439138	0.132568	0.00171151	0.000388171	0.00171859	
322	0.140123	0.0791045	0.0596939	0.00132488	0.620382	0.350227	0.264288	0.00586579	0.00256662	0.0113634	
323	0.0957531	0.0952288	0.000524322	0	0.423937	0.421616	0.00232138	0	0	0	
324	0.127092	0.125691	0.0014008	0	0.56269	0.556488	0.00620193	0	0	0	
325	0.091484	0.0905858	0.000898264	0	0.405036	0.401059	0.00397697	0	0	0	
326	0.0735957	0.0713542	0.00224148	0	0.325837	0.315913	0.00992395	0	0	0	
327	0.0781854	0.0754388	0.00274656	0	0.346158	0.333998	0.0121601	0	0	0	
328	0.0914273	0.0910773	0.000350041	0	0.404785	0.403235	0.00154977	0	0	0	
329	0.0965463	0.0918409	0.0046877	1.76819e-05	0.427449	0.406616	0.0207543	7.8285e-05	2.28612e-05	0.000101215	
330	0.150694	0.088636	0.0604444	0.00161437	0.667186	0.392427	0.267611	0.00714749	0.00192286	0.00851328	
331	0.124761	0.11733	0.00741471	1.64202e-05	0.552368	0.519467	0.0328279	7.26991e-05	1.88966e-05	8.3663e-05	
332	0.109049	0.0967529	0.0122844	1.2474e-05	0.482807	0.428364	0.054388	5.52277e-05	2.62997e-05	0.000116439	
333	0.1209	0.0988403	0.0220605	6.79938e-08	0.535276	0.437605	0.0976706	3.01036e-07	5.20658e-07	2.30516e-06	
334	0.137617	0.0887787	0.0486003	0.000238265	0.609287	0.393059	0.215173	0.00105489	0.000289561	0.001282	
335	0.082779	0.0807714	0.00200762	0	0.366496	0.357607	0.00888856	0	0	0	
336	0.107918	0.0897881	0.0180374	9.31507e-05	0.477799	0.397527	0.0798591	0.000412415	0.000171367	0.000758712	
337	0.115945	0.11226	0.00368262	2.0206e-06	0.513336	0.497022	0.0163044	8.94604e-06	2.03962e-06	9.03023e-06	
338	0.115194	0.102077	0.0130804	3.57825e-05	0.51001	0.451939	0.0579122	0.000158423	4.90545e-05	0.000217184	
339	0.0834875	0.0773404	0.00613681	1.0238e-05	0.369632	0.342417	0.0271701	4.53278e-05	1.60562e-05	7.10873e-05	
340	0.111394	0.0838978	0.0274506	4.58458e-05	0.493186	0.371449	0.121534	0.000202977	0.000135655	0.0006006	
341	0.108134	0.104737	0.00339557	1.21465e-06	0.478752	0.463714	0.0150335	5.37775e-06	1.18494e-06	5.24621e-06	
342	0.113606	0.0756917	0.0379149	0	0.502982	0.335117	0.167864	0	0	0	
343	0.149731	0.0885935	0.0584169	0.0027209	0.66292	0.392238	0.258635	0.0120465	0.00486268	0.021529	
344	0.083289	0.0828215	0.000467454	3.15111e-08	0.368753	0.366684	0.00206961	1.39512e-07	2.93477e-09	1.29934e-08	
345	0.128075	0.0954806	0.03211	0.000485292	0.567043	0.422731	0.142163	0.00214858	0.000787705	0.00348748	
346	0.135141	0.0986795	0.0358992	0.000563212	0.598327	0.436893	0.15894	0.00249356	0.000687266	0.0030428	
347	0.0948518	0.0758117	0.0189832	5.6902e-05	0.419946	0.335648	0.0840462	0.000251928	9.59622e-05	0.000424863	
348	0.0996017	0.0840918	0.0154488	6.10896e-05	0.440976	0.372308	0.0683984	0.000270468	7.46744e-05	0.000330613	
349	0.0853656	0.0725182	0.0127946	5.28274e-05	0.377947	0.321067	0.0566469	0.000233888	5.628e-05	0.000249174	
350	0.125922	0.0764225	0.04906	0.000439724	0.557508	0.338353	0.217208	0.00194683	0.000561505	0.002486	
351	0.145812	0.0941094	0.0512348	0.000468269	0.64557	0.41666	0.226837	0.00207321	0.000573049	0.00253712	
352	0.142283	0.082099	0.0600693	0.000114814	0.629944	0.363485	0.265951	0.00050833	0.000198277	0.000877851	
353	0.0866615	0.0783025	0.00834338	1.57202e-05	0.383685	0.346676	0.0369394	6.95999e-05	1.94209e-05	8.59844e-05	
354	0.0864189	0.0795246	0.00687902	1.52542e-05	0.382611	0.352087	0.0304561	6.75367e-05	1.90076e-05	8.41545e-05	
355	0.0839988	0.0837997	0.00019916	0	0.371896	0.371014	0.000881762	0	0	0	
356	0.122245	0.109284	0.0129088	5.21948e-05	0.541227	0.483844	0.0571526	0.000231087	5.60004e-05	0.000247936	
357	0.214968	0.108474	0.0988538	0.00763983	0.951749	0.480259	0.437665	0.0338246	0.00889664	0.039389	
358	0.159033	0.0982422	0.0602185	0.000572833	0.704105	0.434957	0.266611	0.00253616	0.00163262	0.00722828	
359	0.102531	0.0784987	0.0236611	0.00037194	0.453949	0.347545	0.104757	0.00164672	0.000952043	0.00421507	
360	0.101121	0.0969956	0.00412572	0	0.447704	0.429438	0.0182662	0	0	0	
361	0.0471722	0.0471722	0	0	0.20885	0.20885	0	0	0	0	
362	0.103259	0.0873942	0.0157217	0.000143679	0.457171	0.386929	0.0696065	0.000636128	0.000160264	0.000709556	
363	0.0492862	0.0492692	1.69951e-05	0	0.218209	0.218134	7.52441e-05	0	0	0	
364	0.124769	0.113819	0.010882	6.83749e-05	0.552405	0.503923	0.0481792	0.000302723	8.05029e-05	0.000356418	
365	0.0818427	0.0795113	0.00233145	3.30423e-08	0.36235	0.352028	0.0103222	1.46291e-07	3.23311e-09	1.43142e-08	
366	0.107491	0.0917889	0.0155961	0.000106661	0.475908	0.406386	0.0690503	0.000472233	0.00013395	0.000593051	
367	0.12594	0.105375	0.0205202	4.51323e-05	0.557589	0.466538	0.0908512	0.000199818	6.34586e-05	0.000280956	
368	0.0787206	0.0758259	0.0028947	0	0.348527	0.335711	0.012816	0	0	0	
369	0.0831543	0.080365	0.0027869	2.43881e-06	0.368157	0.355808	0.0123387	1.07975e-05	2.4216e-06	1.07214e-05	
370	0.11438	0.0917054	0.0224874	0.000187173	0.506406	0.406016	0.0995609	0.000828689	0.000264545	0.00117125	
371	0.121027	0.0793808	0.0414849	0.000161342	0.535835	0.35145	0.18367	0.000714325	0.000166435	0.000736878	
372	0.104061	0.0791023	0.0249525	6.95973e-06	0.460723	0.350217	0.110474	3.08135e-05	1.44232e-05	6.38575e-05	
373	0.0835944	0.0792579	0.00432553	1.09863e-05	0.370106	0.350906	0.0191508	4.8641e-05	1.29124e-05	5.71686e-05	
374	0.213992	0.104002	0.101957	0.0080334	0.947432	0.460459	0.451405	0.035567	0.0222664	0.0985823	
375	0.13964	0.127216	0.012309	0.000115471	0.618246	0.563238	0.0544969	0.000511238	0.000121381	0.000537406	
376	0.0994454	0.0989488	0.000496203	4.62413e-07	0.440284	0.438086	0.00219689	2.04729e-06	4.32736e-07	1.91589e-06	
377	0.105749	0.100133	0.0056005	1.59749e-05	0.468196	0.44333	0.0247956	7.07276e-05	1.80868e-05	8.00778e-05	
378	0.117648	0.103755	0.0138903	2.72386e-06	0.520875	0.459365	0.0614979	1.20596e-05	9.42823e-06	4.17425e-05	
379	0.102284	0.076753	0.0254486	8.23842e-05	0.452852	0.339816	0.112671	0.000364748	9.4738e-05	0.000419443	
380	0.111697	0.0824473	0.0292236	2.66251e-05	0.49453	0.365027	0.129384	0.00011788	2.81465e-05	0.000124616	
381	0.100901	0.079827	0.021008	6.67325e-05	0.446732	0.353426	0.0930111	0.000295451	0.000105147	0.00046553	
382	0.105655	0.104073	0.00157932	2.23313e-06	0.467778	0.460776	0.00699231	9.88698e-06	2.2034e-06	9.75534e-06	
383	0.0779314	0.0759421	0.00198935	0	0.345033	0.336226	0.00880765	0	0	0	
384	0.0955221	0.0904165	0.00510554	0	0.422914	0.40031	0.0226043	0	0	0	
385	0.123522	0.107355	0.0161562	1.09216e-05	0.546883	0.475305	0.0715302	4.83544e-05	1.56391e-05	6.92407e-05	
386	0.0992415	0.0796312	0.0195248	8.54907e-05	0.439381	0.352559	0.0864441	0.000378501	0.000166526	0.000737281	
387	0.0936008	0.0842358	0.00926585	9.92064e-05	0.414408	0.372945	0.0410236	0.000439226	0.000108497	0.00048036	
388	0.0815975	0.0769868	0.00456072	5.00087e-05	0.361264	0.340851	0.0201921	0.000221408	4.99878e-05	0.000221315	
389	0.130021	0.111189	0.0187602	7.13448e-05	0.575657	0.492282	0.083059	0.000315872	7.93004e-05	0.000351094	
390	0.0847641	0.0743731	0.0103872	3.8655e-06	0.375284	0.329279	0.0459884	1.71141e-05	3.12698e-05	0.000138444	
391	0.0966659	0.0912784	0.00538682	6.92884e-07	0.427978	0.404126	0.0238496	3.06767e-06	6.82035e-07	3.01964e-06	
392	0.100641	0.0498522	0.0498403	0.000948642	0.445579	0.220715	0.220663	0.00420002	0.00127649	0.00565153	
393	0.0837104	0.0809198	0.00279055	0	0.370619	0.358264	0.0123548	0	0	0	
394	0.0976863	0.092654	0.00503231	0	0.432496	0.410216	0.02228	0	0	0	
395	0.152592	0.138327	0.0142593	5.69727e-06	0.675587	0.61243	0.063132	2.52241e-05	3.3515e-05	0.000148384	
396	0.108937	0.0591689	0.0497686	0	0.48231	0.261964	0.220345	0	0	0	
397	0.125577	0.101364	0.0241248	8.89122e-05	0.555982	0.448779	0.10681	0.00039365	0.000119442	0.00052882	
398	0.0915347	0.0912079	0.000326843	0	0.405261	0.403813	0.00144706	0	0	0	
399	0.0791525	0.0785631	0.000589358	0	0.35044	0.34783	0.00260932	0	0	0	
400	0.144598	0.129124	0.0154685	6.02909e-06	0.640196	0.571684	0.0684852	2.66932e-05	7.18192e-06	3.17972e-05	
401	0.104385	0.100684	0.00370051	0	0.462155	0.445771	0.0163836	0	0	0	
402	0.104564	0.0834474	0.021084	3.26538e-05	0.462947	0.369455	0.0933475	0.000144571	3.964e-05	0.000175502	
403	0.110806	0.0888676	0.0217131	0.000225544	0.490583	0.393452	0.0961326	0.000998576	0.000226048	0.0010008	
404	0.108467	0.0988359	0.00963119	0	0.480227	0.437586	0.0426411	0	0	0	
405	0.107267	0.107267	0	0	0.474916	0.474916	0	0	0	0	
406	0.189037	0.177032	0.0120028	2.4359e-06	0.836945	0.783793	0.0531412	1.07847e-05	5.96212e-06	2.63967e-05	
407	0.120123	0.0855567	0.0339403	0.000626737	0.531836	0.378793	0.150267	0.00277481	0.00065239	0.00288839	
408	0.130469	0.12777	0.00269896	0	0.577642	0.565693	0.0119494	0	0	0	
409	0.0938619	0.0920744	0.00178748	0	0.415564	0.40765	0.00791389	0	0	0	
410	0.110148	0.088027	0.0217991	0.000322152	0.48767	0.389731	0.0965134	0.00142629	0.000333561	0.00147681	
411	0.13817	0.117636	0.0205331	9.45976e-08	0.611733	0.520825	0.0909083	4.18821e-07	7.87744e-08	3.48766e-07	
412	0.148555	0.122549	0.0260039	1.93916e-06	0.657714	0.542575	0.115129	8.58547e-06	2.3803e-06	1.05385e-05	
413	0.0946429	0.0918585	0.00278437	0	0.419022	0.406694	0.0123275	0	0	0	
414	0.147316	0.112948	0.0342721	9.5348e-05	0.652227	0.500068	0.151736	0.000422144	9.80385e-05	0.000434055	
415	0.0947364	0.0922861	0.00245022	0	0.419436	0.408587	0.0108481	0	0	0	
416	0.125396	0.106488	0.0189084	0	0.555182	0.471466	0.0837153	0	0	0	
417	0.10576	0.096113	0.00964625	7.53768e-07	0.468241	0.42553	0.0427078	3.33723e-06	7.24424e-07	3.20731e-06	
418	0.0805596	0.077208	0.00335159	0	0.356669	0.34183	0.0148388	0	0	0	
419	0.138326	0.10251	0.0357897	2.64234e-05	0.612428	0.453856	0.158455	0.000116987	2.92712e-05	0.000129595	
420	0.0840677	0.0840677	0	0	0.372201	0.372201	0	0	0	0	
421	0.0895653	0.086475	0.00309028	0	0.396541	0.382859	0.0136819	0	0	0	
422	0.101891	0.0813477	0.0202758	0.000267966	0.451114	0.360158	0.0897694	0.00118639	0.000267984	0.00118647	
423	0.0644326	0.0562321	0.00816987	3.06899e-05	0.285269	0.248962	0.0361713	0.000135876	3.33025e-05	0.000147443	
424	0.111045	0.111045	0	0	0.491644	0.491644	0	0	0	0	
425	0.0768015	0.0698751	0.00685277	7.37114e-05	0.340031	0.309365	0.0303399	0.000326349	7.39563e-05	0.000327434	
426	0.112196	0.109541	0.00265263	2.51473e-06	0.496738	0.484983	0.0117442	1.11337e-05	2.48643e-06	1.10084e-05	
427	0.0931636	0.0908937	0.00226988	0	0.412472	0.402422	0.0100496	0	0	0	
428	0.0956006	0.0944854	0.00111518	9.25681e-08	0.423262	0.418324	0.00493736	4.09836e-07	8.56384e-08	3.79155e-07	
429	0.121066	0.0886341	0.0324273	4.53467e-06	0.536007	0.392418	0.143568	2.00768e-05	4.62126e-06	2.04601e-05	
430	0.223171	0.213366	0.0098044	3.30987e-07	0.988067	0.944658	0.043408	1.46541e-06	3.01041e-07	1.33283e-06	
431	0.172397	0.167115	0.00528202	0	0.763272	0.739886	0.0233856	0	0	0	
432	0.130249	0.112705	0.0175386	5.24855e-06	0.576666	0.498992	0.0776508	2.32374e-05	5.64366e-06	2.49867e-05	
433	0.107497	0.0990365	0.00841971	4.15104e-05	0.475935	0.438474	0.0372774	0.000183783	4.17045e-05	0.000184642	
434	0.0855817	0.0809682	0.004607	6.52588e-06	0.378904	0.358478	0.020397	2.88927e-05	9.13034e-06	4.04236e-05	
435	0.195729	0.152823	0.0427256	0.00018026	0.866572	0.676611	0.189163	0.000798086	0.000425986	0.00188601	
436	0.117248	0.0865701	0.0305527	0.000125227	0.519104	0.38328	0.135269	0.000554432	0.000164567	0.000728605	
437	0.141235	0.0866197	0.052912	0.0017034	0.625304	0.3835	0.234262	0.00754164	0.00283465	0.0125501	
438	0.176147	0.131091	0.0445937	0.000462864	0.779876	0.580392	0.197434	0.00204928	0.000525585	0.00232697	
439	0.136815	0.127747	0.00904989	1.86134e-05	0.605737	0.565588	0.0400675	8.2409e-05	2.46332e-05	0.000109061	
440	0.0826595	0.0805784	0.00207486	6.22334e-06	0.365966	0.356753	0.00918627	2.75532e-05	6.39088e-06	2.82949e-05	
441	0.0692733	0.067999	0.00127074	3.57346e-06	0.3067	0.301058	0.00562611	1.58211e-05	3.59721e-06	1.59263e-05	
442	0.143316	0.0954399	0.0455496	0.00232735	0.634521	0.42255	0.201666	0.0103041	0.00291046	0.0128858	
443	0.168625	0.138696	0.0297476	0.000181896	0.746572	0.614062	0.131704	0.00080533	0.000264787	0.00117231	
444	0.130187	0.108539	0.0216224	2.53941e-05	0.57639	0.480546	0.095731	0.000112429	3.6281e-05	0.00016063	
445	0.108092	0.0886941	0.0192739	0.000124778	0.47857	0.392684	0.0853335	0.000552445	0.000156164	0.000691402	
446	0.150149	0.091201	0.0587802	0.000167897	0.66477	0.403783	0.260243	0.00074335	0.00021514	0.000952514	
447	0.154188	0.122641	0.0315465	1.0381e-07	0.682653	0.542984	0.139669	4.59608e-07	2.07471e-06	9.18559e-06	
448	0.0434348	0.0377586	0.00567621	0	0.192303	0.167172	0.0251308	0	0	0	
449	0.260752	0.155041	0.105491	0.000219113	1.15445	0.686431	0.467053	0.000970104	0.000526545	0.00233122	
450	0.0860208	0.0798615	0.00615927	0	0.380848	0.353579	0.0272695	0	0	0	
451	0.134649	0.120878	0.0137428	2.83653e-05	0.596146	0.535176	0.0608448	0.000125584	4.10581e-05	0.00018178	
452	0.1691	0.100595	0.0673589	0.00114576	0.748674	0.445377	0.298224	0.00507278	0.00153347	0.00678928	
453	0.10759	0.0960936	0.0114655	3.09362e-05	0.476344	0.425444	0.0507625	0.000136967	3.38829e-05	0.000150013	
454	0.126427	0.0896499	0.0367777	0	0.559746	0.396916	0.162829	0	0	0	
455	0.157773	0.10564	0.051857	0.000276498	0.698526	0.46771	0.229592	0.00122417	0.000524625	0.00232272	
456	0.145854	0.112498	0.0329326	0.000423618	0.645758	0.498076	0.145806	0.00187552	0.000465566	0.00206124	
457	0.123276	0.101102	0.0221384	3.62329e-05	0.545795	0.447619	0.0980159	0.000160417	4.55562e-05	0.000201695	
458	0.0954673	0.0793594	0.0161079	0	0.422672	0.351356	0.0713163	0	0	0	
459	0.100867	0.0893937	0.0114738	0	0.446581	0.395781	0.0507994	0	0	0	
460	0.15637	0.0858291	0.0705409	0	0.692313	0.38	0.312313	0	0	0	
461	0.157796	0.0860023	0.0717498	4.45674e-05	0.698629	0.380766	0.317665	0.000197318	6.34434e-05	0.000280889	
462	0.116158	0.100549	0.0155901	1.93985e-05	0.514282	0.445172	0.0690237	8.5885e-05	3.91942e-05	0.000173528	
463	0.126951	0.120159	0.00679222	0	0.562064	0.531992	0.0300719	0	0	0	
464	0.0826865	0.069372	0.013309	5.53281e-06	0.366086	0.307137	0.0589244	2.44959e-05	9.29156e-06	4.11374e-05	
465	0.088391	0.083141	0.00525005	0	0.391342	0.368098	0.023244	0	0	0	
466	0.172305	0.110548	0.0609514	0.000805424	0.762863	0.489441	0.269856	0.00356593	0.000986311	0.00436679	
467	0.103177	0.0802221	0.0228376	0.000117966	0.456809	0.355175	0.101111	0.000522285	0.000330113	0.00146154	
468	0.107287	0.102114	0.00517289	0	0.475003	0.452101	0.0229024	0	0	0	
469	0.0772189	0.0772189	0	0	0.341879	0.341879	0	0	0	0	
470	0.102825	0.0954562	0.00735803	1.10757e-05	0.455248	0.422623	0.0325769	4.90369e-05	1.36769e-05	6.05533e-05	
471	0.115653	0.0794757	0.0361775	0	0.512043	0.351871	0.160172	0	0	0	
472	0.128001	0.089684	0.0365419	0.00177504	0.566711	0.397067	0.161785	0.00785882	0.00287899	0.0127464	
473	0.162169	0.0997568	0.0594343	0.00297796	0.717987	0.441663	0.263139	0.0131846	0.00366953	0.0162465	
474	0.106386	0.0773895	0.0289972	0	0.471016	0.342634	0.128382	0	0	0	
475	0.12194	0.113907	0.00803223	3.12298e-07	0.539878	0.504315	0.0355619	1.38267e-06	5.59623e-07	2.47767e-06	
476	0.162411	0.113343	0.0490683	0	0.719062	0.501817	0.217245	0	0	0	
477	0.126925	0.0975592	0.0293361	3.01621e-05	0.56195	0.431933	0.129882	0.000133539	3.90031e-05	0.000172682	
478	0.0940151	0.0793462	0.0146544	1.44081e-05	0.416242	0.351297	0.0648812	6.37905e-05	1.97741e-05	8.7548e-05	
479	0.10492	0.0982491	0.00663003	4.12183e-05	0.464524	0.434988	0.0293538	0.00018249	4.2555e-05	0.000188408	
480	0.131436	0.0981454	0.0331659	0.000125485	0.581923	0.434529	0.146838	0.000555573	0.000219788	0.000973093	
481	0.0817492	0.0763224	0.00542679	0	0.361936	0.337909	0.0240265	0	0	0	
482	0.137665	0.106374	0.0312546	3.61146e-05	0.609498	0.470961	0.138376	0.000159894	4.90719e-05	0.000217261	
483	0.102477	0.0929894	0.00948846	0	0.45371	0.411701	0.0420092	0	0	0	
484	0.180252	0.117309	0.0625636	0.000379491	0.79805	0.519376	0.276994	0.00168015	0.000462941	0.00204962	
485	0.109343	0.0953796	0.0138702	9.32059e-05	0.484105	0.422283	0.0614091	0.000412659	0.000104389	0.000462171	
486	0.0831965	0.080353	0.0028431	4.24026e-07	0.368344	0.355754	0.0125875	1.87733e-06	5.21989e-07	2.31105e-06	
487	0.104349	0.100235	0.00411385	0	0.461996	0.443782	0.0182136	0	0	0	
488	0.134293	0.0959159	0.0380306	0.000347362	0.594572	0.424658	0.168376	0.00153791	0.000541806	0.00239879	
489	0.147086	0.0985848	0.0484272	7.44938e-05	0.65121	0.436474	0.214406	0.000329814	7.6912e-05	0.00034052	
490	0.0945647	0.0911454	0.00341772	1.60838e-06	0.418675	0.403537	0.0151316	7.12095e-06	1.83188e-06	8.1105e-06	
491	0.0932399	0.0786024	0.0146192	1.83221e-05	0.41281	0.348004	0.0647252	8.11194e-05	3.01777e-05	0.000133609	
492	0.140923	0.0974136	0.0430534	0.000456863	0.623926	0.431289	0.190614	0.00202271	0.000619768	0.00274396	
493	0.189236	0.112154	0.077048	3.33154e-05	0.837823	0.496553	0.341122	0.000147501	8.81778e-05	0.000390398	
494	0.200046	0.117576	0.0823882	8.264e-05	0.885687	0.520556	0.364765	0.00036588	0.000109615	0.00048531	
495	0.0879754	0.0842568	0.00371858	0	0.389502	0.373038	0.0164636	0	0	0	
496	0.0998696	0.0900753	0.00967056	0.000123736	0.442162	0.398799	0.0428154	0.000547831	0.000123706	0.000547698	
497	0.120553	0.0778702	0.0425865	9.70017e-05	0.53374	0.344762	0.188547	0.000429465	0.000300045	0.00132842	
498	0.166513	0.134049	0.032282	0.00018233	0.737223	0.59349	0.142925	0.000807252	0.000215464	0.000953948	
499	0.158658	0.158575	8.30205e-05	3.23661e-08	0.702444	0.702076	0.000367565	1.43297e-07	2.60538e-09	1.1535e-08	
500	0.158411	0.0810536	0.0767427	0.000615279	0.701351	0.358857	0.33977	0.00272408	0.00118563	0.0052493	
501	0.166231	0.108837	0.0573832	1.05119e-05	0.735971	0.481866	0.254058	4.65405e-05	2.39616e-05	0.000106087	
502	0.0931444	0.0912687	0.00187574	0	0.412387	0.404083	0.00830465	0	0	0	
503	0.112437	0.103374	0.0090475	1.63024e-05	0.497807	0.457678	0.0400569	7.21774e-05	1.62722e-05	7.20437e-05	
504	0.121501	0.11977	0.00173072	5.00147e-07	0.537935	0.53027	0.0076626	2.21435e-06	4.72166e-07	2.09047e-06	
505	0.0699146	0.0689078	0.0010068	0	0.30954	0.305082	0.00445753	0	0	0	
506	0.150634	0.0981409	0.0511511	0.0013419	0.666917	0.434509	0.226466	0.00594114	0.00155342	0.00687763	
507	0.184352	0.158531	0.0257173	0.000103422	0.816202	0.701883	0.11386	0.000457894	0.000114565	0.000507226	
508	0.0927994	0.0883337	0.00446422	1.50915e-06	0.41086	0.391088	0.0197648	6.68163e-06	1.47958e-06	6.55071e-06	
509	0.0928769	0.087478	0.00539546	3.55418e-06	0.411203	0.3873	0.0238878	1.57357e-05	4.23648e-06	1.87565e-05	
510	0.136018	0.105657	0.0299597	0.000400641	0.602206	0.467789	0.132643	0.00177379	0.000442647	0.00195977	
511	0.0808694	0.0753997	0.0054683	1.47658e-06	0.358041	0.333824	0.0242103	6.53741e-06	4.21148e-06	1.86459e-05	
512	0.179942	0.0886255	0.0908819	0.000434776	0.796676	0.39238	0.40237	0.00192492	0.000532599	0.00235803	
513	0.109435	0.0914404	0.0179827	1.24015e-05	0.484515	0.404843	0.0796169	5.49065e-05	1.74824e-05	7.7402e-05	
514	0.230248	0.128874	0.0989157	0.00245822	1.0194	0.570579	0.437939	0.0108835	0.00329764	0.0146	
515	0.0676919	0.0567787	0.0108856	2.75585e-05	0.299699	0.251382	0.0481952	0.000122012	3.32134e-05	0.000147049	
516	0.101913	0.0887865	0.0130712	5.61154e-05	0.451213	0.393093	0.0578714	0.000248445	5.96355e-05	0.00026403	
517	0.0853513	0.0819875	0.00336387	0	0.377884	0.362991	0.0148932	0	0	0	
518	0.176916	0.156329	0.0205866	0	0.783278	0.692133	0.0911453	0	0	0	
519	0.0781602	0.0422398	0.0359204	0	0.346046	0.187012	0.159034	0	0	0	
520	0.151377	0.122746	0.0282814	0.000349208	0.670207	0.543448	0.125213	0.00154608	0.000384396	0.00170187	
521	0.268681	0.110217	0.15698	0.00148364	1.18956	0.487975	0.695015	0.00656869	0.0026883	0.0119022	
522	0.185227	0.0785969	0.105864	0.000766725	0.820078	0.34798	0.468703	0.0033946	0.000992488	0.00439414	
523	0.0899728	0.0764544	0.0135048	1.36261e-05	0.398345	0.338494	0.0597913	6.03284e-05	2.40769e-05	0.000106598	
524	0.142415	0.10633	0.0358989	0.00018589	0.63053	0.470768	0.158939	0.000823013	0.000243799	0.00107939	
525	0.143386	0.100106	0.0430056	0.000274212	0.63483	0.443213	0.190403	0.00121404	0.000826057	0.00365728	
526	0.114914	0.101816	0.0130851	1.27847e-05	0.508773	0.450783	0.0579334	5.66032e-05	2.23534e-05	9.89676e-05	
527	0.108428	0.0782273	0.030076	0.000124873	0.480055	0.346343	0.133158	0.000552863	0.00015124	0.000669603	
528	0.0909455	0.0807027	0.0102356	7.1754e-06	0.402652	0.357303	0.0453174	3.17684e-05	1.18549e-05	5.24865e-05	
529	0.138923	0.0813715	0.056999	0.00055331	0.615071	0.360264	0.252357	0.00244972	0.000825508	0.00365485	
530	0.0938642	0.0811375	0.0127066	2.0019e-05	0.415574	0.359228	0.0562573	8.86323e-05	3.58301e-05	0.000158634	
531	0.179066	0.105422	0.0735181	0.0001259	0.7928	0.466748	0.325494	0.000557413	0.000443559	0.00196381	
532	0.105225	0.0840948	0.0208925	0.000237682	0.465873	0.372321	0.0924995	0.00105231	0.000385645	0.0017074	
533	0.172766	0.118421	0.0533847	0.000960266	0.764907	0.5243	0.236355	0.00425148	0.00121274	0.0053693	
534	0.120857	0.1139	0.00691212	4.4687e-05	0.535084	0.504283	0.0306027	0.000197847	4.46615e-05	0.000197734	
535	0.0846405	0.0780239	0.00656529	5.13943e-05	0.374737	0.345443	0.0290671	0.000227543	5.14575e-05	0.000227823	
536	0.0676955	0.0661795	0.00151603	0	0.299715	0.293003	0.00671211	0	0	0	
537	0.122978	0.0771601	0.0457966	2.19431e-05	0.544475	0.341618	0.20276	9.71511e-05	7.52954e-05	0.000333363	
538	0.129599	0.0808318	0.0483494	0.000418166	0.573788	0.357874	0.214062	0.00185139	0.000550608	0.00243776	
539	0.127117	0.083601	0.0430492	0.000467311	0.5628	0.370135	0.190596	0.00206897	0.000666723	0.00295184	
540	0.0958958	0.0803598	0.015239	0.000296887	0.424569	0.355785	0.0674695	0.00131444	0.000328575	0.00145473	
541	0.0914683	0.0826336	0.00882561	9.21126e-06	0.404967	0.365852	0.0390745	4.07819e-05	1.45638e-05	6.44797e-05	
542	0.200495	0.150787	0.049447	0.000260861	0.887674	0.667597	0.218922	0.00115493	0.000341351	0.0015113	
543	0.130356	0.0898868	0.040379	9.05478e-05	0.577139	0.397965	0.178774	0.000400891	0.000189719	0.000839962	
544	0.159284	0.127391	0.0317173	0.00017597	0.705217	0.564013	0.140425	0.00077909	0.000183803	0.000813772	
545	0.148463	0.0756025	0.0726566	0.00020428	0.657307	0.334722	0.32168	0.000904432	0.00038472	0.0017033	
546	0.134954	0.117209	0.0177178	2.73222e-05	0.597498	0.518933	0.0784438	0.000120966	3.23933e-05	0.000143418	
547	0.0861928	0.0759057	0.0102731	1.39317e-05	0.38161	0.336065	0.0454835	6.16816e-05	1.51063e-05	6.68817e-05	
548	0.118995	0.111403	0.0075921	0	0.526841	0.493227	0.0336132	0	0	0	
549	0.139096	0.0854737	0.0528063	0.000816411	0.615836	0.378426	0.233794	0.00361458	0.00144453	0.00639553	
550	0.172671	0.120401	0.0518009	0.000469785	0.764487	0.533063	0.229343	0.00207992	0.000746833	0.00330653	
551	0.0976109	0.0970968	0.000514064	0	0.432162	0.429886	0.00227596	0	0	0	
552	0.0855578	0.073001	0.0124767	8.00566e-05	0.378798	0.323204	0.0552395	0.000354442	9.68626e-05	0.000428849	
553	0.187869	0.184007	0.003858	4.02817e-06	0.831773	0.814674	0.0170809	1.78343e-05	4.89748e-06	2.16831e-05	
554	0.134623	0.103001	0.0308498	0.000772191	0.596032	0.456029	0.136584	0.0034188	0.000838689	0.00371321	
555	0.0978411	0.075559	0.0222597	2.23687e-05	0.433181	0.33453	0.0985528	9.90353e-05	4.39813e-05	0.000194722	
556	0.168759	0.150407	0.0183485	3.17757e-06	0.747165	0.665915	0.0812365	1.40683e-05	3.14639e-06	1.39303e-05	
557	0.0902285	0.0793896	0.0107885	5.0399e-05	0.399477	0.351489	0.0477654	0.000223136	7.60698e-05	0.000336791	
558	0.102863	0.0979665	0.00488938	7.67092e-06	0.455418	0.433737	0.0216472	3.39622e-05	7.6411e-06	3.38302e-05	
559	0.0996466	0.0794943	0.0199178	0.000234439	0.441175	0.351953	0.0881843	0.00103795	0.00034384	0.00152231	
560	0.0951227	0.085285	0.00983776	0	0.421146	0.37759	0.0435557	0	0	0	
561	0.112606	0.0935983	0.0189087	9.93276e-05	0.498553	0.414397	0.0837163	0.000439763	0.000190682	0.000844227	
562	0.0685878	0.0501152	0.0184725	0	0.303665	0.22188	0.0817855	0	0	0	
563	0.0872093	0.0792522	0.00792892	2.82688e-05	0.38611	0.350881	0.0351045	0.000125157	3.66137e-05	0.000162103	
564	0.10689	0.0819137	0.02477	0.000206547	0.473246	0.362665	0.109666	0.000914466	0.000277837	0.00123009	
565	0.0963851	0.0854437	0.0108772	6.42473e-05	0.426735	0.378293	0.0481577	0.000284448	9.83857e-05	0.000435593	
566	0.119144	0.104326	0.014774	4.32373e-05	0.527498	0.461896	0.0654106	0.000191429	4.76622e-05	0.000211019	
567	0.20115	0.161739	0.0389177	0.000493511	0.890575	0.716085	0.172304	0.00218497	0.000508214	0.00225006	
568	0.179222	0.1159	0.0633189	3.18047e-06	0.79349	0.513138	0.280338	1.40812e-05	4.24711e-06	1.88036e-05	
569	0.0762912	0.0762912	0	0	0.337771	0.337771	0	0	0	0	
570	0.128769	0.120428	0.00831883	2.24083e-05	0.570116	0.533186	0.0368308	9.92106e-05	3.75431e-05	0.000166218	
571	0.103598	0.0920251	0.0115696	3.91695e-06	0.458672	0.407432	0.0512233	1.73419e-05	7.00941e-06	3.10334e-05	
572	0.116714	0.098148	0.0185319	3.48607e-05	0.516743	0.43454	0.0820483	0.000154342	5.01975e-05	0.000222244	
573	0.0974653	0.0848421	0.012592	3.11385e-05	0.431517	0.37563	0.0557501	0.000137862	3.63303e-05	0.000160849	
574	0.129673	0.080308	0.0488255	0.000539866	0.574116	0.355555	0.21617	0.0023902	0.000780728	0.00345659	
575	0.127558	0.0847819	0.0423056	0.000470542	0.56475	0.375363	0.187304	0.00208327	0.000879849	0.00389544	
576	0.0618728	0.0547946	0.00707822	0	0.273935	0.242597	0.0313381	0	0	0	
577	0.12712	0.113797	0.0133222	0	0.562811	0.503827	0.0589831	0	0	0	
578	0.0964406	0.0895279	0.00691275	0	0.426981	0.396375	0.0306055	0	0	0	
579	0.0916958	0.0877969	0.00388995	8.98995e-06	0.405974	0.388712	0.0172223	3.98021e-05	1.01319e-05	4.48582e-05	
580	0.0803591	0.0671545	0.0131674	3.71569e-05	0.355781	0.29732	0.0582975	0.000164508	5.68444e-05	0.000251673	
581	0.0856649	0.0756602	0.0100046	5.6087e-08	0.379272	0.334978	0.0442943	2.48319e-07	4.88796e-08	2.16409e-07	
582	0.08953	0.0849751	0.00453866	1.62675e-05	0.396385	0.376219	0.0200944	7.2023e-05	1.93823e-05	8.58132e-05	
583	0.115635	0.0934552	0.0221024	7.75929e-05	0.511963	0.413763	0.0978563	0.000343534	9.79225e-05	0.000433542	
584	0.205211	0.128909	0.0761389	0.00016349	0.908553	0.570732	0.337097	0.00072384	0.000209614	0.000928048	
585	0.124431	0.0754578	0.0489598	1.38795e-05	0.550908	0.334082	0.216764	6.14503e-05	1.38982e-05	6.15329e-05	
586	0.13836	0.0849731	0.0532741	0.000112879	0.612576	0.37621	0.235866	0.000499761	0.000172416	0.000763354	
587	0.103392	0.0896272	0.0137332	3.22675e-05	0.45776	0.396815	0.0608025	0.000142861	4.5368e-05	0.000200862	
588	0.0684308	0.0681357	0.000295068	0	0.30297	0.301664	0.00130638	0	0	0	
589	0.154681	0.110083	0.0440049	0.000592925	0.684836	0.487383	0.194827	0.00262512	0.000751752	0.0033283	
590	0.133124	0.108216	0.0248945	1.27418e-05	0.589393	0.479118	0.110218	5.64131e-05	3.29183e-05	0.000145742	
591	0.124602	0.0966905	0.0279071	4.83334e-06	0.551665	0.428087	0.123556	2.13991e-05	1.26058e-05	5.58111e-05	
592	0.113259	0.0864708	0.026741	4.7473e-05	0.501444	0.382841	0.118393	0.000210182	7.96989e-05	0.000352859	
593	0.102595	0.0947406	0.00783088	2.42882e-05	0.454232	0.419454	0.0346704	0.000107533	2.96165e-05	0.000131124	
594	0.0895998	0.0811539	0.0084382	7.73644e-06	0.396694	0.3593	0.0373593	3.42523e-05	1.2603e-05	5.57985e-05	
595	0.109623	0.0945853	0.0149644	7.34947e-05	0.485345	0.418767	0.0662535	0.00032539	8.23115e-05	0.000364426	
596	0.107048	0.0909736	0.0159514	0.000123034	0.473944	0.402776	0.0706232	0.000544724	0.000144848	0.0006413	
597	0.147656	0.142076	0.0055698	9.79838e-06	0.653734	0.629031	0.0246597	4.33813e-05	1.09138e-05	4.83197e-05	
598	0.113135	0.109073	0.00404643	1.513e-05	0.500895	0.482912	0.0179151	6.69866e-05	1.51003e-05	6.68554e-05	
599	0.104744	0.0941383	0.0106063	0	0.463746	0.416788	0.0469584	0	0	0	
600	0.109768	0.108802	0.000965983	0	0.485987	0.48171	0.00427679	0	0	0	
601	0.376811	0.149219	0.22095	0.00664208	1.66829	0.660653	0.978236	0.0294071	0.00665748	0.0294753	
602	0.104496	0.103379	0.00111694	1.01971e-07	0.462648	0.457703	0.00494514	4.51469e-07	8.67731e-08	3.84179e-07	
603	0.142544	0.0523667	0.0901776	0	0.631101	0.231848	0.399252	0	0	0	
604	0.0890225	0.0815815	0.00744023	7.79892e-07	0.394138	0.361194	0.0329409	3.45289e-06	7.49724e-07	3.31933e-06	
605	0.141283	0.049935	0.091348	0	0.625516	0.221082	0.404434	0	0	0	
606	0.145626	0.0945157	0.0502151	0.00089574	0.644747	0.418458	0.222322	0.0039658	0.00146141	0.00647028	
607	0.0878149	0.0787837	0.00902858	2.58402e-06	0.388791	0.348807	0.0399731	1.14404e-05	4.37364e-06	1.93638e-05	
608	0.0864916	0.0794049	0.00708664	0	0.382932	0.351557	0.0313754	0	0	0	
609	0.0895376	0.0877739	0.00176375	0	0.396419	0.38861	0.00780885	0	0	0	
610	0.0955962	0.0806313	0.014892	7.29069e-05	0.423242	0.356987	0.0659331	0.000322788	9.43726e-05	0.000417825	
611	0.0632672	0.0581529	0.00511423	0	0.280109	0.257466	0.0226427	0	0	0	
612	0.0959843	0.0912944	0.00468256	7.28659e-06	0.42496	0.404197	0.0207315	3.22606e-05	7.90126e-06	3.4982e-05	
613	0.0870682	0.0772046	0.00981581	4.78149e-05	0.385486	0.341816	0.0434585	0.000211695	5.45118e-05	0.000241345	
614	0.0919604	0.0842371	0.0076993	2.40264e-05	0.407145	0.372951	0.0340879	0.000106374	2.72372e-05	0.00012059	
615	0.092017	0.0873792	0.00462508	1.274e-05	0.407396	0.386862	0.0204771	5.64051e-05	1.67934e-05	7.43513e-05	
616	0.0998071	0.0895918	0.0100535	0.000161734	0.441886	0.396659	0.044511	0.000716062	0.000168808	0.000747383	
617	0.122866	0.0923061	0.0305049	5.57296e-05	0.54398	0.408676	0.135057	0.000246737	6.64696e-05	0.000294287	
618	0.0613303	0.0563004	0.00502988	0	0.271533	0.249264	0.0222693	0	0	0	
619	0.134946	0.0995267	0.0353424	7.78274e-05	0.597464	0.440644	0.156475	0.000344573	9.10672e-05	0.000403191	
620	0.110428	0.0882932	0.0221329	2.09151e-06	0.488909	0.390909	0.0979913	9.25999e-06	3.15354e-06	1.3962e-05	
621	0.311002	0.187349	0.119743	0.0039099	1.37693	0.829469	0.530154	0.0173106	0.00400233	0.0177199	
622	0.0411214	0.0306804	0.0104188	2.21846e-05	0.18206	0.135834	0.0461284	9.82202e-05	2.62018e-05	0.000116005	
623	0.0821846	0.0723034	0.00986669	1.45636e-05	0.363864	0.320116	0.0436838	6.44789e-05	1.74514e-05	7.72645e-05	
624	0.105362	0.0832195	0.0220809	6.24915e-05	0.466483	0.368446	0.097761	0.000276675	7.39605e-05	0.000327452	
625	0.0668765	0.0553242	0.0115522	0	0.296089	0.244942	0.0511465	0	0	0	
626	0.0680734	0.0642253	0.00384813	0	0.301388	0.284351	0.0170372	0	0	0	
627	0.087633	0.0796024	0.00802568	4.93596e-06	0.387986	0.352431	0.0355329	2.18535e-05	1.6518e-05	7.31318e-05	
628	0.0606762	0.0604837	0.000192541	0	0.268638	0.267785	0.000852456	0	0	0	
629	0.220136	0.138471	0.0809689	0.000696259	0.974633	0.613069	0.358481	0.00308261	0.000795333	0.00352125	
630	0.187761	0.146484	0.0412521	2.43713e-05	0.831293	0.648545	0.182639	0.000107901	4.62704e-05	0.000204857	
631	0.114357	0.0964373	0.0179196	1.42617e-07	0.506304	0.426966	0.0793374	6.31426e-07	1.17646e-07	5.20867e-07	
632	0.0435254	0.0435254	0	0	0.192704	0.192704	0	0	0	0	
633	0.0578735	0.0454404	0.0123939	3.91078e-05	0.256229	0.201183	0.0548729	0.000173146	3.9078e-05	0.000173014	
634	0.0423554	0.0422329	0.000122459	0	0.187524	0.186982	0.000542178	0	0	0	
635	0.0690729	0.0659671	0.00310021	5.64106e-06	0.305813	0.292062	0.0137259	2.49752e-05	6.57464e-06	2.91085e-05	
636	0.0835507	0.0654122	0.0181221	1.63098e-05	0.369912	0.289606	0.0802341	7.221e-05	8.33565e-05	0.000369052	
637	0.081104	0.0741025	0.00698594	1.55627e-05	0.35908	0.328081	0.0309295	6.89023e-05	2.0295e-05	8.98541e-05	
638	0.140639	0.0820616	0.0585767	9.61782e-07	0.622666	0.363319	0.259342	4.25819e-06	2.44019e-06	1.08037e-05	
639	0.142102	0.0766186	0.0654554	2.8781e-05	0.629146	0.339221	0.289797	0.000127425	3.15423e-05	0.00013965	
640	0.0869163	0.0810071	0.00588675	2.2396e-05	0.384813	0.358651	0.026063	9.91562e-05	2.79205e-05	0.000123615	
641	0.0755223	0.0755153	7.03155e-06	0	0.334367	0.334336	3.11314e-05	0	0	0	
642	0.0638322	0.063479	0.000353212	0	0.282611	0.281047	0.00156381	0	0	0	
643	0.183302	0.142844	0.0400271	0.000431774	0.811555	0.632427	0.177216	0.00191163	0.000517744	0.00229226	
644	0.0986331	0.0829321	0.015701	0	0.436688	0.367173	0.0695149	0	0	0	
645	0.0834857	0.0809139	0.00256344	8.33508e-06	0.369624	0.358238	0.0113494	3.69027e-05	1.19388e-05	5.28578e-05	
646	0.119047	0.0754763	0.0433935	0.000177729	0.527071	0.334163	0.19212	0.000786878	0.000180067	0.000797232	
647	0.180348	0.124637	0.0535366	0.0021742	0.798474	0.55182	0.237028	0.00962606	0.00449832	0.0199158	
648	0.144309	0.118046	0.0260678	0.000195813	0.638916	0.522637	0.115412	0.000866946	0.000240493	0.00106476	
649	0.064754	0.064754	0	0	0.286692	0.286692	0	0	0	0	
650	0.0734666	0.0734543	1.22836e-05	0	0.325266	0.325211	5.43844e-05	0	0	0	
651	0.104087	0.102156	0.00193106	0	0.460838	0.452288	0.00854961	0	0	0	
652	0.110399	0.0830014	0.027103	0.000294639	0.48878	0.36748	0.119995	0.00130448	0.000453888	0.00200954	
653	0.104751	0.0882285	0.0165225	0	0.463774	0.390623	0.0731517	0	0	0	
654	0.114355	0.08883	0.0254371	8.87578e-05	0.506299	0.393285	0.11262	0.000392966	0.000176191	0.000780069	
655	0.131368	0.0815926	0.0475491	0.00222652	0.58162	0.361243	0.210519	0.00985773	0.00254677	0.0112755	
656	0.218774	0.119207	0.0972691	0.00229855	0.968604	0.527778	0.430649	0.0101766	0.00376747	0.01668	
657	0.129926	0.0806427	0.0492837	0	0.575236	0.357037	0.218198	0	0	0	
658	0.106833	0.0758611	0.0309608	1.12641e-05	0.472993	0.335867	0.137076	4.98708e-05	2.08614e-05	9.2362e-05	
659	0.129627	0.096432	0.0326682	0.000527296	0.573912	0.426943	0.144635	0.00233455	0.000658632	0.00291603	
660	0.161953	0.101159	0.0605202	0.000273933	0.717033	0.447873	0.267947	0.00121281	0.000409928	0.00181491	
661	0.17744	0.099068	0.0772864	0.00108564	0.785598	0.438613	0.342177	0.00480657	0.00210782	0.00933217	
662	0.116371	0.0810503	0.0350257	0.00029552	0.515223	0.358842	0.155073	0.00130838	0.000396791	0.00175675	
663	0.112564	0.0809682	0.0313968	0.000199135	0.498367	0.358478	0.139006	0.000881654	0.000331222	0.00146645	
664	0.0983852	0.0879929	0.0103919	3.05489e-07	0.43559	0.38958	0.0460094	1.35252e-06	4.649e-07	2.0583e-06	
665	0.107386	0.0878868	0.0194729	2.63266e-05	0.475441	0.38911	0.0862144	0.000116558	4.10853e-05	0.000181901	
666	0.111398	0.0795604	0.0316684	0.000169434	0.493204	0.352245	0.140208	0.000750156	0.00023071	0.00102144	
667	0.168112	0.105638	0.0599982	0.00247572	0.744301	0.467704	0.265636	0.010961	0.00528673	0.0234065	
668	0.104346	0.0837	0.0206332	1.31843e-05	0.461983	0.370573	0.0913514	5.83725e-05	4.9075e-05	0.000217274	
669	0.0459138	0.0438481	0.00206499	6.99055e-07	0.203278	0.194133	0.00914256	3.09499e-06	7.14991e-07	3.16555e-06	
670	0.0890283	0.0832731	0.00573464	2.05478e-05	0.394164	0.368683	0.0253895	9.09733e-05	2.77954e-05	0.000123061	
671	0.0562239	0.0510392	0.00518453	1.83715e-07	0.248925	0.225971	0.022954	8.13381e-07	2.30967e-06	1.02258e-05	
672	0.150677	0.112845	0.0377919	4.01109e-05	0.667107	0.49961	0.167319	0.000177587	5.30692e-05	0.000234958	
673	0.148204	0.102258	0.0453572	0.000588588	0.65616	0.452739	0.200814	0.00260591	0.00102415	0.00453434	
674	0.130303	0.0960981	0.0340323	0.000172574	0.576903	0.425465	0.150674	0.000764057	0.000249448	0.00110441	
675	0.11364	0.0818284	0.0316973	0.000115254	0.503134	0.362287	0.140336	0.000510276	0.000127181	0.000563083	
676	0.143689	0.110648	0.0326655	0.000375759	0.63617	0.489883	0.144623	0.00166363	0.00046923	0.00207747	
677	0.101964	0.0941684	0.00774696	4.92458e-05	0.451438	0.416921	0.0342989	0.00021803	5.67084e-05	0.000251071	
678	0.101018	0.080945	0.0199659	0.000108079	0.447251	0.358376	0.088397	0.000478513	0.000171302	0.000758424	
679	0.132585	0.0917111	0.0408744	0	0.587009	0.406041	0.180967	0	0	0	
680	0.126502	0.111271	0.0152315	0	0.560077	0.492641	0.0674361	0	0	0	
681	0.108606	0.0985253	0.010072	8.93668e-06	0.480843	0.436211	0.0445929	3.95662e-05	1.96863e-05	8.71594e-05	
682	0.10042	0.0984246	0.00199596	0	0.444602	0.435765	0.00883692	0	0	0	
683	0.0988322	0.0919135	0.00691869	0	0.437569	0.406937	0.0306318	0	0	0	
684	0.122684	0.095027	0.0276085	4.83784e-05	0.543171	0.420722	0.122234	0.00021419	4.89501e-05	0.000216722	
685	0.185383	0.141876	0.0430618	0.000445571	0.820767	0.628142	0.190652	0.00197272	0.000450349	0.00199387	
686	0.107923	0.0912483	0.0161252	0.000549503	0.477818	0.403992	0.0713927	0.00243287	0.000559748	0.00247823	
687	0.0833988	0.0784568	0.0049302	1.17949e-05	0.369239	0.347359	0.0218279	5.22209e-05	1.49551e-05	6.62122e-05	
688	0.0652956	0.0647614	0.000534277	0	0.28909	0.286724	0.00236545	0	0	0	
689	0.00741252	0.00720959	0.000202924	0	0.0328181	0.0319197	0.000898426	0	0	0	
690	0.0608255	0.0603187	0.000506782	0	0.269299	0.267055	0.00224372	0	0	0	
691	0.117313	0.0989149	0.0180028	0.000395635	0.519393	0.437935	0.0797058	0.00175163	0.00043021	0.00190471	
692	0.0735072	0.0735072	0	0	0.325446	0.325446	0	0	0	0	
693	0.0917234	0.0799734	0.0117242	2.57835e-05	0.406096	0.354074	0.0519079	0.000114154	3.62203e-05	0.000160361	
694	0.212057	0.155649	0.0553122	0.00109612	0.938864	0.689122	0.244889	0.004853	0.001381	0.00611427	
695	0.0913144	0.0799564	0.011351	7.02717e-06	0.404285	0.353999	0.0502554	3.11121e-05	1.15858e-05	5.12953e-05	
696	0.213779	0.161032	0.0519119	0.000835284	0.946488	0.712955	0.229834	0.00369813	0.000954287	0.00422501	
697	0.146716	0.0834486	0.0622055	0.00106204	0.649571	0.36946	0.275408	0.00470212	0.00205282	0.00908866	
698	0.255083	0.197366	0.0570622	0.000655388	1.12935	0.873819	0.252637	0.00290166	0.0011874	0.00525713	
699	0.293118	0.186828	0.104094	0.0021954	1.29775	0.827164	0.460868	0.00971994	0.00276115	0.0122247	
700	0.0831801	0.0831801	0	0	0.368271	0.368271	0	0	0	0	
701	0.0830606	0.0830353	2.526e-05	0	0.367742	0.36763	0.000111836	0	0	0	
702	0.113434	0.10709	0.00634383	0	0.502219	0.474133	0.0280866	0	0	0	
703	0.0928852	0.0883237	0.00455211	9.43482e-06	0.41124	0.391044	0.020154	4.17717e-05	9.40526e-06	4.16408e-05	
704	0.095111	0.0800591	0.0150314	2.04882e-05	0.421094	0.354453	0.06655	9.07095e-05	2.54136e-05	0.000112516	
705	0.0974744	0.0887526	0.00872181	0	0.431558	0.392943	0.0386149	0	0	0	
706	0.241387	0.159397	0.0818928	9.69809e-05	1.06871	0.705716	0.362572	0.000429373	0.000159855	0.000707746	
707	0.0881021	0.080871	0.00723107	0	0.390063	0.358048	0.0320148	0	0	0	
708	0.0805373	0.0805373	0	0	0.35657	0.35657	0	0	0	0	
709	0.129367	0.104144	0.0248782	0.000345	0.572761	0.461088	0.110145	0.00152745	0.000352945	0.00156263	
710	0.14556	0.0967054	0.048815	4.00611e-05	0.644454	0.428153	0.216123	0.000177366	7.08655e-05	0.00031375	
711	0.0997887	0.081268	0.0185207	0	0.441804	0.359806	0.0819986	0	0	0	
712	0.0771689	0.0771264	4.24444e-05	0	0.341657	0.341469	0.000187918	0	0	0	
713	0.0915454	0.0789838	0.0125615	0	0.405308	0.349693	0.0556149	0	0	0	
714	0.0940308	0.0822684	0.0117623	0	0.416312	0.364235	0.0520767	0	0	0	
715	0.0744179	0.0705617	0.00385616	0	0.329477	0.312405	0.0170727	0	0	0	
716	0.0838511	0.0755288	0.00829357	2.87899e-05	0.371242	0.334396	0.0367189	0.000127464	2.88378e-05	0.000127676	
717	0.0977247	0.0889269	0.00879249	5.29435e-06	0.432666	0.393715	0.0389278	2.34402e-05	5.26464e-06	2.33086e-05	
718	0.116549	0.108936	0.00756562	4.81472e-05	0.516013	0.482304	0.033496	0.000213167	4.92355e-05	0.000217985	
719	0.0703888	0.0633843	0.00693172	7.27499e-05	0.311639	0.280628	0.0306895	0.000322093	7.33553e-05	0.000324773	
720	0.0628131	0.0625388	0.000274297	0	0.278098	0.276884	0.00121442	0	0	0	
721	0.126077	0.1071	0.0188656	0.000111321	0.558196	0.474178	0.0835256	0.000492866	0.000119374	0.000528518	
722	0.0816847	0.0814429	0.000241841	0	0.361651	0.36058	0.00107072	0	0	0	
723	0.111678	0.102788	0.00888521	4.35914e-06	0.494445	0.455088	0.0393384	1.92996e-05	4.32935e-06	1.91678e-05	
724	0.0813165	0.0810746	0.000241841	0	0.36002	0.35895	0.00107072	0	0	0	
725	0.0851784	0.0628414	0.0223369	0	0.377119	0.278224	0.0988947	0	0	0	
726	0.0435517	0.0428432	0.00070856	0	0.192821	0.189684	0.00313707	0	0	0	
727	0.0899631	0.0893866	0.000576492	0	0.398302	0.39575	0.00255236	0	0	0	
728	0.0988428	0.0858264	0.0128799	0.000136421	0.437616	0.379988	0.0570247	0.000603991	0.000140538	0.00062222	
729	0.10622	0.0779637	0.0274709	0.000785523	0.470279	0.345176	0.121625	0.00347782	0.00134109	0.00593755	
730	0.112704	0.105377	0.00730086	2.59068e-05	0.498988	0.46655	0.0323238	0.0001147	2.84449e-05	0.000125937	
731	0.116865	0.0948816	0.021534	0.000450025	0.517411	0.420079	0.0953398	0.00199244	0.000469027	0.00207657	
732	0.0828405	0.0777345	0.00510598	0	0.366768	0.344162	0.0226062	0	0	0	
733	0.105504	0.0924025	0.0129441	0.000157727	0.46711	0.409103	0.0573089	0.000698322	0.000184296	0.000815954	
734	0.11377	0.107342	0.00642798	7.10207e-07	0.503708	0.475246	0.0284592	3.14437e-06	9.10497e-07	4.03113e-06	
735	0.0677405	0.0660346	0.00170586	0	0.299914	0.292361	0.00755253	0	0	0	
736	0.0559865	0.0557528	0.000233735	0	0.247874	0.246839	0.00103483	0	0	0	
737	0.0923427	0.0800176	0.0123245	5.71668e-07	0.408838	0.35427	0.0545657	2.531e-06	5.91491e-07	2.61877e-06	
738	0.120084	0.113701	0.00633427	4.92235e-05	0.531664	0.503402	0.0280443	0.000217932	5.30161e-05	0.000234723	
739	0.0662715	0.0651312	0.00113786	2.50181e-06	0.29341	0.288362	0.0050378	1.10765e-05	3.43503e-06	1.52082e-05	
740	0.0369227	0.0368666	5.61044e-05	0	0.163471	0.163223	0.000248396	0	0	0	
741	0.0910011	0.0867948	0.00420546	8.07317e-07	0.402898	0.384275	0.0186192	3.57431e-06	1.04364e-06	4.62063e-06	
742	0.147099	0.123526	0.0235505	2.33198e-05	0.651269	0.546899	0.104267	0.000103246	2.32899e-05	0.000103114	
743	0.088331	0.0845708	0.00372773	3.24288e-05	0.391076	0.374429	0.0165041	0.000143575	3.23992e-05	0.000143444	
744	0.0578755	0.0556091	0.00226402	2.3838e-06	0.256238	0.246204	0.0100237	1.0554e-05	2.75305e-06	1.21888e-05	
745	0.122904	0.102204	0.0206875	1.24152e-05	0.544145	0.452498	0.091592	5.49671e-05	3.36472e-05	0.000148969	
746	0.0815074	0.0754875	0.0059928	2.71512e-05	0.360866	0.334213	0.0265325	0.000120209	3.08402e-05	0.000136542	
747	0.0856691	0.0846296	0.00103954	0	0.379291	0.374689	0.00460248	0	0	0	
748	0.100785	0.0826008	0.0181843	0	0.446216	0.365707	0.0805093	0	0	0	
749	0.121009	0.112876	0.00811355	1.92094e-05	0.535757	0.49975	0.0359219	8.50477e-05	1.91796e-05	8.49158e-05	
750	0.0921419	0.0825004	0.00964148	0	0.407949	0.365262	0.0426866	0	0	0	
751	0.300679	0.152615	0.128495	0.0195688	1.33122	0.675689	0.568899	0.0866391	0.0214415	0.0949304	
752	0.0878596	0.0767141	0.0111252	2.03061e-05	0.388989	0.339644	0.0492561	8.99033e-05	2.50211e-05	0.000110778	
753	0.10256	0.0929193	0.00964148	0	0.454078	0.411391	0.0426866	0	0	0	
754	0.233328	0.177253	0.0560593	1.58823e-05	1.03303	0.784772	0.248197	7.03176e-05	1.62989e-05	7.21618e-05	
755	0.112742	0.0924439	0.020285	1.31604e-05	0.499154	0.409286	0.0898101	5.82667e-05	1.32036e-05	5.84577e-05	
756	0.216316	0.114534	0.101782	0	0.957721	0.50709	0.45063	0	0	0	
757	0.123689	0.0778701	0.0426123	0.00320752	0.547625	0.344762	0.188661	0.014201	0.00327077	0.014481	
758	0.202378	0.128363	0.0739805	3.49596e-05	0.89601	0.568314	0.327541	0.00015478	4.26623e-05	0.000188883	
759	0.111681	0.0716265	0.039797	0.000258324	0.49446	0.317119	0.176197	0.0011437	0.000272489	0.00120641	
760	0.113619	0.0870701	0.0265146	3.47796e-05	0.503039	0.385494	0.117391	0.000153983	0.000158962	0.000703789	
761	0.121481	0.110328	0.0110444	0.000108605	0.537846	0.488467	0.0488982	0.000480839	0.000110217	0.000487977	
762	0.0508624	0.0508624	0	0	0.225188	0.225188	0	0	0	0	
763	0.0556178	0.0541599	0.00145797	0	0.246242	0.239787	0.00645502	0	0	0	
764	0.0800439	0.0769888	0.00305514	0	0.354386	0.34086	0.0135263	0	0	0	
765	0.0854958	0.0841141	0.00138173	0	0.378524	0.372406	0.00611748	0	0	0	
766	0.0517082	0.04466	0.00694522	0.000103036	0.228933	0.197727	0.0307492	0.000456182	0.000103006	0.000456051	
767	0.0486078	0.0433006	0.00530713	0	0.215206	0.191709	0.0234968	0	0	0	
768	0.0454752	0.0454673	7.94053e-06	0	0.201337	0.201302	3.51559e-05	0	0	0	
769	0.0736964	0.0526531	0.0208963	0.000146958	0.326283	0.233116	0.0925166	0.000650644	0.000213962	0.000947297	
770	0.0771491	0.05676	0.020389	0	0.34157	0.251299	0.0902705	0	0	0	
771	0.0978301	0.0785183	0.0193037	8.09068e-06	0.433133	0.347632	0.0854655	3.58207e-05	1.01169e-05	4.47915e-05	
772	0.103684	0.103614	7.05835e-05	0	0.459053	0.458741	0.000312501	0	0	0	
773	0.102262	0.0908352	0.0114221	4.95499e-06	0.452756	0.402163	0.0505706	2.19377e-05	9.20908e-06	4.07723e-05	
774	0.0780672	0.0778938	0.00017344	0	0.345635	0.344867	0.000767892	0	0	0	
775	0.075907	0.075907	0	0	0.33607	0.33607	0	0	0	0	
776	0.0651187	0.0651187	0	0	0.288306	0.288306	0	0	0	0	
777	0.0745754	0.0745754	0	0	0.330175	0.330175	0	0	0	0	
778	0.0925917	0.0925917	0	0	0.40994	0.40994	0	0	0	0	
779	0.153015	0.111122	0.041893	0	0.677461	0.491984	0.185477	0	0	0	
780	0.0490215	0.0436326	0.00538882	0	0.217037	0.193179	0.0238584	0	0	0	
781	0.0615589	0.04263	0.0189286	3.51739e-07	0.272546	0.18874	0.0838046	1.55729e-06	3.22049e-07	1.42584e-06	
782	0.10442	0.0954945	0.00892447	1.25522e-06	0.46231	0.422792	0.0395122	5.55738e-06	1.22556e-06	5.42604e-06	
783	0.260734	0.135368	0.112228	0.0131384	1.15437	0.599329	0.496878	0.0581691	0.0155496	0.0688447	
784	0.0720089	0.0720089	0	0	0.318812	0.318812	0	0	0	0	
785	0.133065	0.0756249	0.0574277	1.27094e-05	0.589133	0.334821	0.254255	5.62696e-05	1.64198e-05	7.26973e-05	
786	0.135905	0.0952674	0.0406265	1.17745e-05	0.601709	0.421787	0.17987	5.21307e-05	1.17436e-05	5.19939e-05	
787	0.179129	0.0843773	0.0946562	9.5979e-05	0.793078	0.373572	0.419081	0.000424937	0.000101407	0.00044897	
788	0.142245	0.0919927	0.0502384	1.4352e-05	0.629777	0.407288	0.222425	6.3542e-05	3.32323e-05	0.000147132	
789	0.103366	0.103193	0.00017344	0	0.457646	0.456878	0.000767892	0	0	0	
790	0.121339	0.0848918	0.0364473	0	0.537217	0.37585	0.161366	0	0	0	
791	0.130103	0.0876775	0.0424262	0	0.576021	0.388183	0.187837	0	0	0	
792	0.0918359	0.0829353	0.00890059	0	0.406594	0.367188	0.0394064	0	0	0	
793	0.27122	0.148248	0.114097	0.00887422	1.2008	0.656354	0.505156	0.0392897	0.0129311	0.0572512	
794	0.100647	0.0901645	0.0104674	1.51889e-05	0.445604	0.399194	0.0463434	6.72475e-05	1.61273e-05	7.14023e-05	
795	0.122412	0.10627	0.0161419	0	0.541967	0.4705	0.0714669	0	0	0	
796	0.0944225	0.0944225	0	0	0.418046	0.418046	0	0	0	0	
797	0.0536196	0.0536196	0	0	0.237395	0.237395	0	0	0	0	
798	0.195509	0.104505	0.0893809	0.00162305	0.865597	0.462686	0.395725	0.00718591	0.00264298	0.0117015	
799	0.171068	0.130188	0.0408393	4.09837e-05	0.75739	0.576397	0.180811	0.000181451	4.25711e-05	0.000188479	
800	0.210874	0.159844	0.05103	7.26573e-08	0.933626	0.707695	0.22593	3.21683e-07	8.06566e-08	3.57099e-07	
801	0.158605	0.0858573	0.0727272	2.12861e-05	0.702211	0.380124	0.321992	9.42422e-05	0.00018633	0.000824959	
802	0.107847	0.08694	0.0208851	2.26271e-05	0.477485	0.384918	0.0924668	0.000100179	2.58502e-05	0.000114449	
803	0.083871	0.083871	0	0	0.37133	0.37133	0	0	0	0	
804	0.189302	0.152064	0.0364491	0.000788651	0.838116	0.67325	0.161374	0.00349167	0.000805824	0.0035677	
805	0.204495	0.144893	0.0594097	0.000192179	0.905381	0.6415	0.26303	0.000850854	0.000586868	0.0025983	
806	0.138854	0.107671	0.030872	0.000311019	0.614764	0.476705	0.136682	0.001377	0.000343848	0.00152235	
807	0.145003	0.120161	0.0247948	4.79668e-05	0.64199	0.532001	0.109776	0.000212368	6.02518e-05	0.000266758	
808	0.170146	0.153667	0.0164708	7.80764e-06	0.753305	0.680348	0.0729228	3.45675e-05	9.97257e-06	4.41525e-05	
809	0.182483	0.112975	0.0692542	0.000253182	0.807926	0.500189	0.306616	0.00112094	0.000330179	0.00146183	
810	0.0785756	0.0784811	9.44988e-05	0	0.347885	0.347467	0.000418384	0	0	0	
811	0.121606	0.0977805	0.0237481	7.7739e-05	0.5384	0.432913	0.105142	0.000344181	8.69837e-05	0.000385111	
812	0.178173	0.112925	0.0641441	0.001104	0.788844	0.499965	0.283991	0.00488787	0.00202006	0.00894362	
813	0.0651264	0.0643913	0.000735116	0	0.28834	0.285086	0.00325465	0	0	0	
814	0.0986709	0.0820298	0.0166397	1.24969e-06	0.436855	0.363179	0.073671	5.53288e-06	1.7577e-06	7.78207e-06	
815	0.145219	0.133511	0.0116545	5.43825e-05	0.642946	0.591106	0.0515993	0.000240773	5.46746e-05	0.000242066	
816	0.234381	0.15683	0.0772664	0.000284417	1.03769	0.69435	0.342089	0.00125923	0.000509299	0.00225487	
817	0.148504	0.0978168	0.0504829	0.000204751	0.657489	0.433074	0.223508	0.000906518	0.000501376	0.00221979	
818	0.184892	0.125065	0.0595875	0.000239079	0.818591	0.553714	0.263818	0.0010585	0.000346656	0.00153478	
819	0.0673902	0.0673902	0	0	0.298363	0.298363	0	0	0	0	
820	0.0953974	0.0913388	0.00405493	3.70152e-06	0.422362	0.404393	0.0179528	1.63881e-05	6.23221e-06	2.75924e-05	
821	0.0277719	0.027739	3.28723e-05	0	0.122957	0.122812	0.000145539	0	0	0	
822	0.0935455	0.0848044	0.00874052	6.31472e-07	0.414163	0.375463	0.0386978	2.79577e-06	7.54797e-07	3.34178e-06	
823	0.0658519	0.0593821	0.00646983	0	0.291552	0.262908	0.0286445	0	0	0	
824	0.120351	0.120323	2.86634e-05	0	0.532845	0.532718	0.000126904	0	0	0	
825	0.0794563	0.0790183	0.000438073	0	0.351785	0.349845	0.00193952	0	0	0	
826	0.118256	0.10674	0.0115156	0	0.523568	0.472584	0.0509844	0	0	0	
827	0.0850664	0.0845997	0.000466605	9.55752e-08	0.376623	0.374556	0.00206584	4.23149e-07	6.58052e-08	2.91346e-07	
828	0.171865	0.104239	0.067338	0.000288698	0.760918	0.461508	0.298132	0.00127818	0.000551831	0.00244317	
829	0.13339	0.102126	0.0312631	0	0.590571	0.452156	0.138414	0	0	0	
830	0.159069	0.13467	0.0243997	0	0.704266	0.596238	0.108027	0	0	0	
831	0.101337	0.101206	0.000130511	0	0.448659	0.448081	0.000577824	0	0	0	
832	0.0871024	0.0843175	0.00278368	1.29845e-06	0.385637	0.373307	0.0123244	5.74877e-06	1.66979e-06	7.39284e-06	
833	0.0898818	0.0889026	0.000979181	0	0.397942	0.393607	0.00433522	0	0	0	
834	0.098822	0.0984439	0.000377953	1.38365e-07	0.437524	0.43585	0.00167335	6.126e-07	2.18199e-07	9.66055e-07	
835	0.0985833	0.0971022	0.00148108	0	0.436467	0.42991	0.00655737	0	0	0	
836	0.148019	0.116795	0.0312109	1.32693e-05	0.655343	0.517101	0.138183	5.87486e-05	1.40066e-05	6.20131e-05	
837	0.128738	0.120757	0.00791509	6.59027e-05	0.569977	0.534642	0.0350432	0.000291777	6.83e-05	0.000302391	
838	0.142876	0.0977818	0.0449356	0.000158749	0.63257	0.432919	0.198948	0.000702849	0.000205319	0.000909032	
839	0.199685	0.153067	0.0459632	0.000655027	0.884087	0.67769	0.203497	0.00290006	0.000743988	0.00329393	
840	0.108919	0.0769926	0.0319266	0	0.482229	0.340877	0.141352	0	0	0	
841	0.111942	0.0802594	0.0316821	8.84145e-07	0.495614	0.35534	0.140269	3.91446e-06	1.00742e-05	4.46026e-05	
842	0.101224	0.0983083	0.00291569	0	0.448159	0.43525	0.0129089	0	0	0	
843	0.139236	0.121871	0.0171855	0.000179545	0.616457	0.539575	0.0760872	0.00079492	0.000194253	0.000860036	
844	0.115482	0.110331	0.00514846	2.21352e-06	0.511286	0.488482	0.0227942	9.80015e-06	2.18382e-06	9.66865e-06	
845	0.195765	0.13497	0.0592887	0.00150658	0.866733	0.597568	0.262495	0.00667024	0.00173071	0.00766255	
846	0.103613	0.0941888	0.00942449	0	0.458737	0.417011	0.041726	0	0	0	
847	0.125932	0.0960414	0.0298743	1.6938e-05	0.557554	0.425213	0.132265	7.49915e-05	1.72831e-05	7.65194e-05	
848	0.10603	0.102939	0.00309001	6.2168e-07	0.469439	0.455755	0.0136807	2.75242e-06	7.40221e-07	3.27725e-06	
849	0.101262	0.0969941	0.00426633	1.8193e-06	0.448328	0.429432	0.0188887	8.05479e-06	3.19188e-06	1.41317e-05	
850	0.0802773	0.0802579	1.93759e-05	0	0.355419	0.355334	8.57853e-05	0	0	0	
851	0.0648042	0.0646645	0.000139655	0	0.286914	0.286295	0.000618311	0	0	0	
852	0.0957833	0.0849451	0.010769	6.92775e-05	0.424071	0.376086	0.0476787	0.000306719	7.79678e-05	0.000345194	
853	0.105558	0.103622	0.00193638	0	0.467351	0.458778	0.00857315	0	0	0	
854	0.0990588	0.0946695	0.00438614	3.14105e-06	0.438573	0.41914	0.0194192	1.39067e-05	7.30986e-06	3.23636e-05	
855	0.106394	0.0933647	0.0128384	0.000191117	0.47105	0.413363	0.0568409	0.000846155	0.000191087	0.000846022	
856	0.114122	0.103787	0.0103351	0	0.505265	0.459507	0.0457576	0	0	0	
857	0.0634584	0.0634584	0	0	0.280955	0.280955	0	0	0	0	
858	0.104133	0.0854851	0.0186441	4.23916e-06	0.46104	0.378476	0.082545	1.87684e-05	5.50154e-06	2.43575e-05	
859	0.126533	0.112039	0.0144943	0	0.560215	0.496043	0.0641723	0	0	0	
860	0.0945224	0.0841873	0.0103351	0	0.418488	0.37273	0.0457576	0	0	0	
861	0.0864066	0.0863457	6.0938e-05	0	0.382556	0.382287	0.000269797	0	0	0	
862	0.087171	0.0788852	0.00826883	1.69159e-05	0.38594	0.349256	0.0366094	7.48936e-05	1.77427e-05	7.85542e-05	
863	0.119572	0.11509	0.00448235	0	0.529395	0.50955	0.0198451	0	0	0	
864	0.105508	0.0952033	0.0103049	0	0.467127	0.421503	0.045624	0	0	0	
865	0.118351	0.116643	0.0017087	0	0.523991	0.516426	0.0075651	0	0	0	
866	0.0775803	0.075804	0.00177629	0	0.343479	0.335614	0.00786437	0	0	0	
867	0.0863784	0.0863784	0	0	0.382432	0.382432	0	0	0	0	
868	0.103501	0.0997231	0.0037608	1.79994e-05	0.458244	0.441514	0.0166505	7.96907e-05	1.82502e-05	8.0801e-05	
869	0.0966261	0.0943987	0.00222047	6.89596e-06	0.427802	0.417941	0.00983092	3.05311e-05	7.17694e-06	3.17752e-05	
870	0.127517	0.125946	0.00157102	0	0.564571	0.557615	0.00695556	0	0	0	
871	0.102984	0.0986738	0.00430583	5.22997e-06	0.455955	0.436868	0.0190636	2.31551e-05	5.20014e-06	2.30231e-05	
872	0.0422792	0.0418159	0.000463305	0	0.187187	0.185135	0.00205123	0	0	0	
873	0.101083	0.0997839	0.00129737	1.9396e-06	0.447536	0.441783	0.00574401	8.58742e-06	1.9098e-06	8.45547e-06	
874	0.0972434	0.0907657	0.00647731	4.0701e-07	0.430535	0.401856	0.0286776	1.80199e-06	5.58802e-07	2.47404e-06	
875	0.0813999	0.0813999	0	0	0.36039	0.36039	0	0	0	0	
876	0.0444071	0.0444071	0	0	0.196608	0.196608	0	0	0	0	
877	0.0945784	0.0875383	0.00702501	1.51726e-05	0.418736	0.387567	0.0311025	6.71752e-05	1.54397e-05	6.83579e-05	
878	0.0992596	0.0992596	0	0	0.439461	0.439461	0	0	0	0	
879	0.08715	0.08715	0	0	0.385847	0.385847	0	0	0	0	
880	0.0889668	0.0876024	0.00136438	0	0.393891	0.387851	0.00604067	0	0	0	
881	0.0796902	0.0792596	0.000430615	0	0.35282	0.350914	0.0019065	0	0	0	
882	0.0911788	0.089376	0.00180271	1.51056e-07	0.403685	0.395703	0.00798133	6.68787e-07	3.77883e-07	1.67304e-06	
883	0.0599517	0.0592166	0.000735116	0	0.26543	0.262175	0.00325465	0	0	0	
884	0.0787523	0.0787523	0	0	0.348668	0.348668	0	0	0	0	
885	0.0894608	0.0894608	0	0	0.396079	0.396079	0	0	0	0	
886	0.102754	0.101657	0.00109637	0	0.454934	0.450079	0.00485407	0	0	0	
887	0.0660815	0.0660712	1.03404e-05	0	0.292569	0.292523	4.57815e-05	0	0	0	
888	0.0967676	0.0967676	0	0	0.428429	0.428429	0	0	0	0	
889	0.0645851	0.0645851	0	0	0.285944	0.285944	0	0	0	0	
890	0.0964635	0.0915892	0.00486344	1.09099e-05	0.427082	0.405502	0.0215324	4.83027e-05	1.08801e-05	4.81707e-05	
891	0.0412506	0.0412506	0	0	0.182633	0.182633	0	0	0	0	
892	0.0585175	0.0585175	0	0	0.25908	0.25908	0	0	0	0	
893	0.0868505	0.0868505	0	0	0.384522	0.384522	0	0	0	0	
894	0.0840564	0.0837341	0.00032233	0	0.372151	0.370724	0.00142708	0	0	0	
895	0.0801334	0.0800019	0.000131533	0	0.354782	0.3542	0.000582353	0	0	0	
896	0.0791176	0.0787953	0.00032233	0	0.350285	0.348858	0.00142708	0	0	0	
897	0.0726275	0.0716822	0.000945314	0	0.321551	0.317366	0.00418528	0	0	0	
898	0.0731206	0.0731206	0	0	0.323734	0.323734	0	0	0	0	
899	0.0989984	0.095673	0.00332539	0	0.438305	0.423582	0.0147228	0	0	0	
900	0.0818586	0.0818586	0	0	0.36242	0.36242	0	0	0	0	
901	0.170007	0.112392	0.0567507	0.000864348	0.752692	0.497607	0.251258	0.00382681	0.00115699	0.00512249	
902	0.0753136	0.0752279	8.57401e-05	0	0.333443	0.333064	0.000379605	0	0	0	
903	0.199704	0.116266	0.0789001	0.0045378	0.884172	0.514759	0.349322	0.0200906	0.00533238	0.0236085	
904	0.0678835	0.0678835	0	0	0.300547	0.300547	0	0	0	0	
905	0.153557	0.0930149	0.0605429	0	0.679862	0.411814	0.268047	0	0	0	
906	0.180802	0.130882	0.0494764	0.000443357	0.800483	0.579468	0.219052	0.00196291	0.000466105	0.00206363	
907	0.0805311	0.080509	2.20884e-05	0	0.356543	0.356445	9.77943e-05	0	0	0	
908	0.115776	0.0995337	0.0162255	1.76196e-05	0.51259	0.440675	0.0718369	7.80093e-05	2.33316e-05	0.000103298	
909	0.106347	0.105811	0.000535863	0	0.470843	0.46847	0.00237248	0	0	0	
910	0.116684	0.0904501	0.0262206	1.32872e-05	0.516607	0.400459	0.116089	5.88278e-05	1.32574e-05	5.86961e-05	
911	0.118033	0.106961	0.0109287	0.000142899	0.52258	0.473562	0.0483858	0.000632674	0.000153481	0.000679525	
912	0.103452	0.0962119	0.00722436	1.62814e-05	0.458026	0.425968	0.0319851	7.20842e-05	2.39906e-05	0.000106216	
913	0.117464	0.0990508	0.01835	6.40047e-05	0.520063	0.438537	0.0812428	0.000283374	6.75888e-05	0.000299242	
914	0.0769749	0.0769749	0	0	0.340798	0.340798	0	0	0	0	
915	0.100985	0.0920545	0.00893112	0	0.447103	0.407562	0.0395416	0	0	0	
916	0.107246	0.107246	0	0	0.474825	0.474825	0	0	0	0	
917	0.117799	0.0929241	0.0248748	4.39477e-07	0.521544	0.411412	0.11013	1.94574e-06	2.87426e-06	1.27255e-05	
918	0.124898	0.0892866	0.0353963	0.000215602	0.552975	0.395307	0.156713	0.000954557	0.000668602	0.00296017	
919	0.0909872	0.0865697	0.00441753	0	0.402836	0.383278	0.0195581	0	0	0	
920	0.118639	0.0861337	0.0324157	9.00012e-05	0.525264	0.381348	0.143517	0.000398471	0.00019683	0.000871449	
921	0.0384606	0.0384606	0	0	0.17028	0.17028	0	0	0	0	
922	0.019277	0.0192195	5.75002e-05	0	0.0853471	0.0850925	0.000254576	0	0	0	
923	0.0613442	0.0594327	0.00190965	1.8696e-06	0.271595	0.263132	0.00845479	8.27747e-06	1.93002e-06	8.54498e-06	
924	0.057074	0.051895	0.00517899	0	0.252689	0.22976	0.0229294	0	0	0	
925	0.0472226	0.045019	0.00220368	0	0.209073	0.199317	0.0097566	0	0	0	
926	0.0633422	0.059069	0.00427323	0	0.280441	0.261522	0.0189193	0	0	0	
927	0.0793243	0.0776168	0.00170751	0	0.3512	0.34364	0.00755985	0	0	0	
928	0.101	0.0955459	0.00545429	0	0.447168	0.423019	0.0241483	0	0	0	
929	0.0434133	0.0431873	0.000225989	0	0.192208	0.191207	0.00100054	0	0	0	
930	0.0753227	0.0750967	0.000225989	0	0.333484	0.332483	0.00100054	0	0	0	
931	0.0916612	0.0829459	0.00862805	8.73375e-05	0.405821	0.367234	0.0381998	0.000386678	8.73076e-05	0.000386545	
932	0.0865952	0.0845144	0.00208079	0	0.383391	0.374179	0.00921251	0	0	0	
933	0.0479315	0.0479315	0	0	0.212212	0.212212	0	0	0	0	
934	0.0456682	0.0456682	0	0	0.202191	0.202191	0	0	0	0	
935	0.08888	0.07807	0.0107998	1.01852e-05	0.393507	0.345647	0.0478154	4.5094e-05	1.20897e-05	5.35261e-05	
936	0.0768623	0.0761621	0.000700205	0	0.3403	0.3372	0.00310009	0	0	0	
937	0.0621799	0.0621799	0	0	0.275295	0.275295	0	0	0	0	
938	0.0676434	0.0676434	0	0	0.299484	0.299484	0	0	0	0	
939	0.0745317	0.0732484	0.00128338	0	0.329982	0.324299	0.00568205	0	0	0	
940	0.0755672	0.0748405	0.00072666	0	0.334566	0.331349	0.00321721	0	0	0	
941	0.0690574	0.0690574	0	0	0.305744	0.305744	0	0	0	0	
942	0.0711778	0.0711778	0	0	0.315132	0.315132	0	0	0	0	
943	0.0806187	0.0806187	0	0	0.356931	0.356931	0	0	0	0	
944	0.064657	0.0639238	0.000733151	0	0.286262	0.283016	0.00324595	0	0	0	
945	0.063642	0.063642	0	0	0.281769	0.281769	0	0	0	0	
946	0.0659506	0.0659506	0	0	0.291989	0.291989	0	0	0	0	
947	0.0962984	0.0962984	0	0	0.426351	0.426351	0	0	0	0	
948	0.0670125	0.054534	0.0124785	0	0.296691	0.241444	0.0552473	0	0	0	
949	0.0650682	0.0650682	0	0	0.288083	0.288083	0	0	0	0	
950	0.0865624	0.0865624	0	0	0.383246	0.383246	0	0	0	0	
951	0.117207	0.116657	0.000550231	0	0.518924	0.516488	0.00243609	0	0	0	
952	0.0505099	0.0497833	0.00072666	0	0.223627	0.22041	0.00321721	0	0	0	
953	0.0536113	0.0536113	0	0	0.237358	0.237358	0	0	0	0	
954	0.0874849	0.086904	0.000580919	0	0.38733	0.384759	0.00257196	0	0	0	
955	0.0896049	0.0896048	0	0	0.396716	0.396716	0	0	0	0	
956	0.0528844	0.0499897	0.00289467	0	0.23414	0.221324	0.0128158	0	0	0	
957	0.0794328	0.0794328	0	0	0.351681	0.351681	0	0	0	0	
958	0.0831827	0.0697138	0.0134689	0	0.368283	0.308651	0.0596322	0	0	0	
959	0.0914626	0.0914626	0	0	0.404941	0.404941	0	0	0	0	
960	0.0569876	0.0569876	0	0	0.252306	0.252306	0	0	0	0	
961	0.0778274	0.0753479	0.00247949	0	0.344573	0.333595	0.0109777	0	0	0	
962	0.0985319	0.0985056	2.63222e-05	0	0.43624	0.436123	0.000116539	0	0	0	
963	0.146551	0.146513	3.76867e-05	0	0.648839	0.648673	0.000166854	0	0	0	
964	0.105467	0.104886	0.000580919	0	0.466946	0.464375	0.00257196	0	0	0	
965	0.150942	0.0967074	0.0542352	0	0.668283	0.428162	0.240121	0	0	0	
966	0.156413	0.102168	0.0542417	2.46086e-06	0.692503	0.452342	0.24015	1.08952e-05	2.4287e-06	1.07528e-05	
967	0.044822	0.0445541	0.000267856	0	0.198445	0.197259	0.0011859	0	0	0	
968	0.0712836	0.0710157	0.000267856	0	0.315601	0.314415	0.0011859	0	0	0	
969	0.194669	0.178743	0.0159231	2.33585e-06	0.861878	0.79137	0.0704981	1.03417e-05	9.05809e-06	4.01037e-05	
970	0.212791	0.174519	0.0376734	0.000598135	0.942112	0.772669	0.166795	0.00264818	0.000736614	0.00326128	
