Node	dPC	dPCintra	dPCflux	dPCconnector	varPC	varPCintra	varPCflux	varPCconnector	dBC_PC	varBC_PC	
1	0.172309	0.164907	0.00739176	9.97715e-06	0.769692	0.736629	0.0330184	4.45671e-05	9.94955e-06	4.44438e-05	
2	0.0903345	0.0830134	0.00732116	0	0.403517	0.370813	0.032703	0	0	0	
3	0.0913535	0.0813249	0.0100025	2.60986e-05	0.408068	0.363271	0.0446805	0.00011658	2.75749e-05	0.000123175	
4	0.0570906	0.0570906	0	0	0.255019	0.255019	0	0	0	0	
5	0.114234	0.105642	0.00859041	1.67685e-06	0.510274	0.471894	0.0383726	7.49037e-06	3.50499e-06	1.56565e-05	
6	0.0911598	0.0889812	0.0021747	3.86201e-06	0.407203	0.397471	0.00971423	1.72513e-05	3.83445e-06	1.71282e-05	
7	0.0863373	0.0857017	0.0006356	0	0.385661	0.382822	0.00283917	0	0	0	
8	0.121775	0.102418	0.0193566	0	0.543959	0.457494	0.0864647	0	0	0	
9	0.0872046	0.0861285	0.00107434	1.83016e-06	0.389536	0.384729	0.004799	8.17517e-06	1.80265e-06	8.05232e-06	
10	0.0606814	0.0590045	0.00166657	1.03683e-05	0.271058	0.263568	0.00744445	4.63144e-05	1.09491e-05	4.89088e-05	
11	0.0844279	0.0787569	0.00567104	0	0.377132	0.3518	0.025332	0	0	0	
12	0.0960199	0.0940544	0.00196049	4.9364e-06	0.428912	0.420133	0.00875736	2.20505e-05	5.09562e-06	2.27617e-05	
13	0.102616	0.102616	0	0	0.458377	0.458377	0	0	0	0	
14	0.0833611	0.0831075	0.000253601	0	0.372367	0.371234	0.00113281	0	0	0	
15	0.0943219	0.0923921	0.00192982	0	0.421328	0.412708	0.00862035	0	0	0	
16	0.0730252	0.0730252	0	0	0.326197	0.326197	0	0	0	0	
17	0.0868144	0.0841953	0.00261512	4.07397e-06	0.387793	0.376093	0.0116815	1.81981e-05	4.04649e-06	1.80753e-05	
18	0.073104	0.0718998	0.00120426	0	0.326549	0.32117	0.00537934	0	0	0	
19	0.0875072	0.0840091	0.00349613	2.0235e-06	0.390887	0.375261	0.0156169	9.0388e-06	1.996e-06	8.91597e-06	
20	0.0589157	0.0589157	0	0	0.263171	0.263171	0	0	0	0	
21	0.0844075	0.0814661	0.00293828	3.19759e-06	0.377041	0.363902	0.013125	1.42834e-05	3.17039e-06	1.41618e-05	
22	0.0893449	0.0872664	0.0020785	0	0.399096	0.389811	0.0092845	0	0	0	
23	0.0982145	0.0946339	0.00356854	1.20715e-05	0.438716	0.422722	0.0159403	5.39227e-05	1.20466e-05	5.38113e-05	
24	0.0660353	0.0648659	0.0011693	0	0.294974	0.289751	0.00522318	0	0	0	
25	0.120961	0.115133	0.00581001	1.84027e-05	0.540326	0.514291	0.0259528	8.22033e-05	2.09627e-05	9.36389e-05	
26	0.085473	0.0839921	0.00148097	0	0.381801	0.375185	0.00661538	0	0	0	
27	0.0839264	0.0759721	0.00782761	0.000126707	0.374892	0.339361	0.0349653	0.000565993	0.000130256	0.000581847	
28	0.0619004	0.0619004	0	0	0.276504	0.276504	0	0	0	0	
29	0.106329	0.100926	0.00540286	3.17976e-07	0.474965	0.450829	0.0241341	1.42037e-06	4.27781e-07	1.91086e-06	
30	0.168072	0.148333	0.0196503	8.92296e-05	0.750766	0.662592	0.0877762	0.000398581	9.09041e-05	0.000406061	
31	0.14248	0.137941	0.00453921	0	0.63645	0.616173	0.0202762	0	0	0	
32	0.143964	0.138403	0.00555587	5.55239e-06	0.643078	0.618236	0.0248176	2.4802e-05	5.71013e-06	2.55067e-05	
33	0.0779072	0.0763858	0.0015214	0	0.348005	0.341209	0.00679597	0	0	0	
34	0.104746	0.0968234	0.00792298	0	0.467893	0.432502	0.0353912	0	0	0	
35	0.0726305	0.060757	0.0118075	6.5921e-05	0.324434	0.271396	0.0527433	0.000294463	6.7787e-05	0.000302799	
36	0.0813807	0.0808843	0.000496438	0	0.363521	0.361303	0.00221755	0	0	0	
37	0.169883	0.0946623	0.0747606	0.000460428	0.758854	0.422848	0.333949	0.00205669	0.00475064	0.0212207	
38	0.080277	0.0781508	0.00212608	1.30748e-07	0.35859	0.349093	0.00949702	5.84042e-07	1.07302e-07	4.7931e-07	
39	0.0906328	0.0836176	0.00699034	2.48659e-05	0.404849	0.373513	0.0312252	0.000111074	2.58108e-05	0.000115294	
40	0.102318	0.100611	0.00170726	0	0.45705	0.449424	0.00762618	0	0	0	
41	0.0981296	0.0956035	0.00252611	0	0.438336	0.427053	0.0112839	0	0	0	
42	0.0752329	0.0736869	0.00154595	0	0.336059	0.329153	0.00690565	0	0	0	
43	0.0587002	0.0551443	0.00355596	0	0.262209	0.246325	0.0158842	0	0	0	
44	0.0646491	0.0643828	0.00026633	0	0.288782	0.287592	0.00118967	0	0	0	
45	0.0570383	0.0519632	0.00507515	0	0.254785	0.232115	0.0226702	0	0	0	
46	0.0955537	0.0848367	0.0106871	2.98723e-05	0.42683	0.378958	0.0477384	0.000133437	3.31138e-05	0.000147916	
47	0.135694	0.13439	0.00130327	0	0.606133	0.600312	0.00582163	0	0	0	
48	0.107101	0.0847411	0.0222759	8.41557e-05	0.478412	0.378531	0.0995046	0.000375916	0.000146553	0.000654642	
49	0.168	0.157832	0.0101648	2.95786e-06	0.750443	0.705025	0.0454053	1.32125e-05	6.33377e-06	2.82924e-05	
50	0.10242	0.0949473	0.0074538	1.89921e-05	0.457502	0.424122	0.0332955	8.48362e-05	2.49126e-05	0.000111282	
51	0.0849239	0.084385	0.000538902	0	0.379348	0.376941	0.00240723	0	0	0	
52	0.0807202	0.0759813	0.00473679	2.06795e-06	0.36057	0.339402	0.0211588	9.23736e-06	2.11812e-06	9.46149e-06	
53	0.0971478	0.0946497	0.00249532	2.83807e-06	0.433951	0.422792	0.0111464	1.26774e-05	3.8449e-06	1.71748e-05	
54	0.0944018	0.0904547	0.00394707	0	0.421685	0.404053	0.0176312	0	0	0	
55	0.0985114	0.0924577	0.00603896	1.48369e-05	0.440042	0.413	0.0269755	6.62753e-05	1.51962e-05	6.78805e-05	
56	0.116946	0.111683	0.0052624	8.31553e-07	0.522389	0.498879	0.0235067	3.71448e-06	9.11614e-07	4.0721e-06	
57	0.101512	0.100452	0.00106023	0	0.453448	0.448712	0.00473596	0	0	0	
58	0.120351	0.091057	0.0292517	4.22188e-05	0.537597	0.406744	0.130665	0.000188588	0.000163801	0.000731688	
59	0.174114	0.111729	0.0622435	0.000140661	0.777752	0.499087	0.278036	0.000628323	0.000159199	0.000711129	
60	0.0749775	0.0733942	0.00157983	3.53136e-06	0.334918	0.327845	0.00705699	1.57742e-05	3.50388e-06	1.56515e-05	
61	0.0876727	0.086893	0.000779679	0	0.391626	0.388143	0.00348276	0	0	0	
62	0.102291	0.0931572	0.00909152	4.26787e-05	0.456927	0.416125	0.040611	0.000190642	5.60348e-05	0.000250302	
63	0.126682	0.0936404	0.0329783	6.31883e-05	0.565878	0.418284	0.147311	0.000282257	9.12e-05	0.000407383	
64	0.0982895	0.0965376	0.00175186	0	0.439051	0.431225	0.00782543	0	0	0	
65	0.110155	0.102271	0.00786498	1.91341e-05	0.492055	0.456837	0.0351322	8.54704e-05	2.02088e-05	9.02712e-05	
66	0.114907	0.100629	0.0142781	3.08024e-08	0.51328	0.449501	0.0637791	1.37591e-07	1.33661e-08	5.97056e-08	
67	0.17069	0.13693	0.0337081	5.24922e-05	0.762461	0.611654	0.150571	0.000234478	7.19781e-05	0.00032152	
68	0.107791	0.0796268	0.0279987	0.000166405	0.481497	0.355686	0.125068	0.00074332	0.000176493	0.000788382	
69	0.115522	0.113412	0.00210968	9.31805e-07	0.516031	0.506603	0.00942377	4.16229e-06	1.56883e-06	7.00786e-06	
70	0.077139	0.0761186	0.00102028	9.44902e-08	0.344573	0.340015	0.00455754	4.22079e-07	6.76222e-08	3.02062e-07	
71	0.0656677	0.0440518	0.0216159	0	0.293332	0.196775	0.0965566	0	0	0	
72	0.16806	0.129076	0.0388993	8.43776e-05	0.750712	0.576575	0.17376	0.000376908	0.000157046	0.000701513	
73	0.0869068	0.0594752	0.0274052	2.6366e-05	0.388205	0.265671	0.122416	0.000117774	2.73518e-05	0.000122178	
74	0.134907	0.105659	0.0292316	1.61637e-05	0.60262	0.471973	0.130575	7.22019e-05	1.6191e-05	7.23238e-05	
75	0.182334	0.142363	0.0396985	0.000272103	0.814473	0.635927	0.17733	0.00121546	0.000353484	0.00157898	
76	0.155972	0.139826	0.0159697	0.000175996	0.696714	0.624593	0.0713355	0.000786161	0.000185366	0.000828014	
77	0.0886634	0.0886634	0	0	0.396052	0.396052	0	0	0	0	
78	0.153632	0.0976694	0.0553555	0.000607106	0.686261	0.436281	0.247268	0.00271189	0.000853141	0.00381091	
79	0.162784	0.135567	0.0271204	9.67476e-05	0.727145	0.605568	0.121144	0.000432163	0.000126116	0.000563353	
80	0.13764	0.123808	0.0137967	3.51327e-05	0.61483	0.553044	0.0616288	0.000156935	7.2805e-05	0.000325213	
81	0.108779	0.105069	0.00370969	0	0.485908	0.469337	0.0165709	0	0	0	
82	0.258282	0.159366	0.0977918	0.00112496	1.15372	0.711875	0.436827	0.00502511	0.00185744	0.00829704	
83	0.163255	0.123801	0.0393485	0.000104666	0.729247	0.553012	0.175766	0.000467536	0.000135269	0.000604238	
84	0.117461	0.0951151	0.02233	1.60581e-05	0.524689	0.424871	0.0997465	7.17304e-05	2.21244e-05	9.88282e-05	
85	0.143819	0.0999815	0.0438378	0	0.642429	0.446609	0.19582	0	0	0	
86	0.170149	0.144582	0.025309	0.000257695	0.760043	0.645839	0.113053	0.0011511	0.000384292	0.0017166	
87	0.0809733	0.0767424	0.00423012	8.28756e-07	0.361701	0.342802	0.0188956	3.70198e-06	8.29048e-07	3.70328e-06	
88	0.0840756	0.0807207	0.00335483	0	0.375558	0.360573	0.0149857	0	0	0	
89	0.0776359	0.076098	0.00153379	4.12066e-06	0.346793	0.339923	0.00685131	1.84066e-05	4.14547e-06	1.85174e-05	
90	0.110617	0.0977016	0.0129062	9.98774e-06	0.49412	0.436425	0.057651	4.46144e-05	1.34231e-05	5.99599e-05	
91	0.104419	0.101234	0.00318348	1.2111e-06	0.466432	0.452207	0.0142203	5.40989e-06	2.0157e-06	9.00396e-06	
92	0.084611	0.0829311	0.00167966	3.00731e-07	0.37795	0.370446	0.00750293	1.34334e-06	3.33283e-07	1.48875e-06	
93	0.0951495	0.0892705	0.00586834	1.06964e-05	0.425025	0.398764	0.0262134	4.778e-05	2.70534e-05	0.000120845	
94	0.0896699	0.084819	0.00485084	0	0.400548	0.378879	0.0216683	0	0	0	
95	0.153443	0.130045	0.0233962	1.74102e-06	0.685419	0.580902	0.104509	7.77699e-06	2.05543e-06	9.18143e-06	
96	0.195407	0.157833	0.0375132	6.03764e-05	0.872868	0.70503	0.167568	0.000269696	8.27675e-05	0.000369715	
97	0.114097	0.0936813	0.0203686	4.77488e-05	0.509665	0.418466	0.0909852	0.00021329	4.97083e-05	0.000222042	
98	0.106746	0.0886441	0.0181028	0	0.476829	0.395965	0.0808638	0	0	0	
99	0.110988	0.0993853	0.0115986	4.0335e-06	0.495774	0.443946	0.0518101	1.80173e-05	4.80726e-06	2.14736e-05	
100	0.098558	0.0913723	0.00717797	7.73395e-06	0.44025	0.408152	0.0320633	3.45469e-05	1.15036e-05	5.1386e-05	
101	0.144935	0.143351	0.00158381	0	0.647413	0.640339	0.00707476	0	0	0	
102	0.151079	0.106557	0.0444228	9.9778e-05	0.674861	0.475982	0.198432	0.0004457	0.000146241	0.000653246	
103	0.0755861	0.0728396	0.00274406	2.47899e-06	0.337637	0.325368	0.0122575	1.10734e-05	2.51214e-06	1.12215e-05	
104	0.109367	0.0827557	0.0266019	1.02209e-05	0.488537	0.369662	0.118828	4.56561e-05	1.32082e-05	5.90001e-05	
105	0.0918106	0.0856538	0.00606997	8.67863e-05	0.41011	0.382608	0.027114	0.000387667	8.67612e-05	0.000387555	
106	0.137501	0.1108	0.026667	3.39647e-05	0.614209	0.494938	0.119119	0.000151717	4.41891e-05	0.000197389	
107	0.208186	0.145729	0.0622849	0.000172537	0.929952	0.65096	0.278221	0.000770709	0.000231693	0.00103495	
108	0.101696	0.0962774	0.00540031	1.90656e-05	0.45427	0.430063	0.0241227	8.51645e-05	2.23153e-05	9.9681e-05	
109	0.133318	0.10739	0.0258667	6.17311e-05	0.595523	0.479703	0.115544	0.000275748	7.87947e-05	0.000351969	
110	0.115043	0.107908	0.00713446	5.31621e-08	0.513887	0.482018	0.031869	2.3747e-07	4.06871e-07	1.81746e-06	
111	0.103954	0.0956	0.00835073	3.37747e-06	0.464354	0.427037	0.037302	1.50869e-05	3.81432e-06	1.70382e-05	
112	0.100856	0.0941838	0.00666204	1.09333e-05	0.450518	0.420711	0.0297588	4.88385e-05	1.21814e-05	5.44135e-05	
113	0.0927052	0.0911717	0.00153286	6.28451e-07	0.414106	0.407256	0.00684716	2.80724e-06	6.37852e-07	2.84923e-06	
114	0.159991	0.123338	0.0357925	0.000859546	0.714666	0.550944	0.159882	0.00383952	0.000992025	0.00443129	
115	0.112423	0.106113	0.0063043	5.86481e-06	0.502186	0.473999	0.0281607	2.61976e-05	6.80984e-06	3.0419e-05	
116	0.120155	0.11361	0.00654372	1.55364e-06	0.536726	0.507489	0.0292302	6.94001e-06	1.978e-06	8.8356e-06	
117	0.10938	0.0962199	0.0131556	5.31136e-06	0.488595	0.429806	0.058765	2.37254e-05	5.8548e-06	2.61529e-05	
118	0.102664	0.100941	0.00172293	6.28289e-07	0.458594	0.450895	0.0076962	2.80651e-06	6.08314e-07	2.71729e-06	
119	0.117852	0.112812	0.00504038	0	0.526437	0.503922	0.0225149	0	0	0	
120	0.108409	0.0954967	0.0128248	8.82733e-05	0.484257	0.426576	0.0572875	0.000394309	0.00010545	0.000471038	
121	0.0889193	0.0837633	0.00515446	1.53018e-06	0.397195	0.374163	0.0230245	6.83522e-06	1.78591e-06	7.97754e-06	
122	0.181426	0.156602	0.0247036	0.000120048	0.810415	0.69953	0.110349	0.000536246	0.000152758	0.000682361	
123	0.109018	0.106246	0.00277144	5.30992e-07	0.486977	0.474595	0.0123798	2.3719e-06	1.2278e-06	5.48449e-06	
124	0.152609	0.0956873	0.0549759	0.00194637	0.681694	0.427427	0.245572	0.00869428	0.00329946	0.0147384	
125	0.108732	0.10268	0.00605144	0	0.485698	0.458667	0.0270313	0	0	0	
126	0.139522	0.103625	0.0351855	0.000711699	0.623236	0.462886	0.157171	0.0031791	0.00136553	0.00609971	
127	0.211301	0.190276	0.0208612	0.000163435	0.943864	0.849949	0.0931853	0.000730053	0.000198718	0.00088766	
128	0.135774	0.119814	0.0159557	4.60369e-06	0.606493	0.5352	0.071273	2.05643e-05	7.60494e-06	3.39706e-05	
129	0.123015	0.117229	0.00578483	1.00641e-06	0.549501	0.523656	0.0258403	4.49555e-06	2.30805e-06	1.03098e-05	
130	0.0965946	0.0955721	0.00102192	5.99117e-07	0.43148	0.426912	0.00456486	2.6762e-06	6.32065e-07	2.82338e-06	
131	0.130536	0.123763	0.0067514	2.22032e-05	0.583097	0.55284	0.0301579	9.91801e-05	2.29894e-05	0.000102692	
132	0.118047	0.0845658	0.0334815	0	0.527307	0.377748	0.149559	0	0	0	
133	0.132141	0.110039	0.0219869	0.00011508	0.590267	0.491539	0.0982138	0.000514054	0.000160267	0.0007159	
134	0.0957782	0.0949727	0.000805484	0	0.427833	0.424235	0.00359803	0	0	0	
135	0.0705615	0.070064	0.00049749	0	0.315192	0.31297	0.00222224	0	0	0	
136	0.105538	0.10279	0.00274845	0	0.471433	0.459156	0.0122771	0	0	0	
137	0.113729	0.101406	0.0122137	0.000109129	0.50802	0.452975	0.0545578	0.00048747	0.000159262	0.000711411	
138	0.111375	0.10362	0.00774364	1.14483e-05	0.497506	0.462865	0.0345902	5.11388e-05	1.49519e-05	6.6789e-05	
139	0.111197	0.105469	0.00571934	7.84332e-06	0.496707	0.471125	0.0255478	3.50354e-05	1.34783e-05	6.02067e-05	
140	0.1377	0.120214	0.0174663	1.91808e-05	0.615095	0.536989	0.0780206	8.56793e-05	3.77488e-05	0.000168621	
141	0.0978351	0.0923791	0.00545151	4.51306e-06	0.437021	0.41265	0.0243514	2.01594e-05	9.2686e-06	4.14021e-05	
142	0.0851465	0.0828526	0.00229393	0	0.380342	0.370095	0.0102468	0	0	0	
143	0.154261	0.153726	0.000535575	0	0.689075	0.686683	0.00239237	0	0	0	
144	0.100236	0.0980831	0.0021499	2.98316e-06	0.447745	0.438129	0.00960343	1.33255e-05	3.09143e-06	1.38092e-05	
145	0.091449	0.0861722	0.00527543	1.37996e-06	0.408495	0.384924	0.0235649	6.1642e-06	2.34525e-06	1.0476e-05	
146	0.0640693	0.0607723	0.00329346	3.47523e-06	0.286192	0.271465	0.0147116	1.55236e-05	3.89615e-06	1.74038e-05	
147	0.0766667	0.0722101	0.00442764	2.90289e-05	0.342464	0.322556	0.0197779	0.00012967	2.90146e-05	0.000129606	
148	0.11268	0.1071	0.00557966	8.18782e-07	0.503336	0.478408	0.0249239	3.65743e-06	2.05951e-06	9.19969e-06	
149	0.116607	0.0992567	0.0172575	9.30614e-05	0.520875	0.443371	0.0770882	0.000415697	0.00013513	0.000603614	
150	0.0936325	0.0820642	0.0114744	9.39172e-05	0.418249	0.366574	0.0512553	0.00041952	9.59749e-05	0.000428712	
151	0.133759	0.123638	0.0100899	3.06911e-05	0.597492	0.552284	0.0450711	0.000137094	3.65567e-05	0.000163296	
152	0.0935948	0.0842206	0.00936863	5.66788e-06	0.41808	0.376206	0.0418489	2.53179e-05	8.29103e-06	3.70353e-05	
153	0.138682	0.134754	0.00392828	0	0.619482	0.601934	0.0175473	0	0	0	
154	0.101766	0.0970961	0.00466985	5.69808e-07	0.454582	0.43372	0.0208598	2.54528e-06	1.50911e-06	6.74107e-06	
155	0.104853	0.0912754	0.0135637	1.4071e-05	0.468371	0.407719	0.0605882	6.2854e-05	2.55003e-05	0.000113908	
156	0.105014	0.0941677	0.0108472	0	0.469093	0.420639	0.0484538	0	0	0	
157	0.0882758	0.0878122	0.000463552	0	0.39432	0.39225	0.00207065	0	0	0	
158	0.111806	0.102878	0.00890308	2.53836e-05	0.499431	0.459549	0.0397693	0.000113386	3.95717e-05	0.000176763	
159	0.101158	0.0986759	0.00248132	8.58254e-07	0.451864	0.440777	0.0110838	3.83375e-06	1.08401e-06	4.84219e-06	
160	0.1729	0.154895	0.0180047	0	0.77233	0.691905	0.0804257	0	0	0	
161	0.221523	0.172958	0.0484769	8.83686e-05	0.989527	0.77259	0.216542	0.000394735	0.000137631	0.00061479	
162	0.122635	0.0937485	0.0288665	2.07109e-05	0.547803	0.418767	0.128944	9.25141e-05	2.29016e-05	0.000102299	
163	0.0913991	0.0781445	0.013219	3.55234e-05	0.408272	0.349065	0.0590485	0.00015868	4.26051e-05	0.000190313	
164	0.125387	0.0892909	0.0360466	4.9802e-05	0.560094	0.398855	0.161017	0.000222461	0.000193051	0.000862346	
165	0.15602	0.114668	0.0410707	0.000281856	0.696931	0.512213	0.183459	0.00125902	0.000374514	0.00167292	
166	0.101914	0.0969635	0.00495132	0	0.455245	0.433127	0.0221171	0	0	0	
167	0.104866	0.0966613	0.00819985	5.08512e-06	0.468428	0.431778	0.036628	2.27148e-05	8.51159e-06	3.80206e-05	
168	0.110074	0.0976023	0.0124605	1.19568e-05	0.491695	0.435981	0.0556603	5.34101e-05	1.56349e-05	6.98398e-05	
169	0.097595	0.0943401	0.00324125	1.3644e-05	0.435949	0.421409	0.0144784	6.09469e-05	1.36461e-05	6.09562e-05	
170	0.146685	0.108177	0.0378272	0.000680617	0.655232	0.483221	0.16897	0.00304026	0.000768179	0.00343139	
171	0.219915	0.194478	0.025435	1.80368e-06	0.982345	0.86872	0.113616	8.0569e-06	2.81765e-06	1.25862e-05	
172	0.13378	0.121601	0.0121698	1.01033e-05	0.597588	0.543181	0.0543617	4.51309e-05	1.21493e-05	5.427e-05	
173	0.171511	0.135095	0.036002	0.000414228	0.766127	0.603459	0.160818	0.00185032	0.000516179	0.00230573	
174	0.12039	0.112763	0.00762524	1.17595e-06	0.537772	0.503706	0.0340613	5.2529e-06	1.20002e-06	5.3604e-06	
175	0.103827	0.0958485	0.00797422	4.33432e-06	0.463786	0.428147	0.0356202	1.9361e-05	5.38307e-06	2.40457e-05	
176	0.109006	0.0944419	0.014429	0.000135369	0.486921	0.421864	0.0644531	0.000604683	0.000164643	0.00073545	
177	0.177133	0.141208	0.0354877	0.000437156	0.791239	0.630765	0.15852	0.00195274	0.000532147	0.00237705	
178	0.142293	0.105989	0.0361989	0.000104633	0.635611	0.473446	0.161697	0.000467387	0.000153879	0.000687366	
179	0.19651	0.139851	0.0564415	0.00021747	0.877797	0.624706	0.252119	0.000971423	0.000373179	0.00166696	
180	0.114865	0.101019	0.013648	0.000197809	0.513095	0.451247	0.0609646	0.0008836	0.000212336	0.000948491	
181	0.132148	0.124824	0.00731397	1.07114e-05	0.590297	0.557578	0.0326709	4.78469e-05	1.1676e-05	5.21558e-05	
182	0.101254	0.0990198	0.00223452	8.41015e-08	0.452294	0.442313	0.00998142	3.75674e-07	8.63722e-08	3.85817e-07	
183	0.116084	0.111074	0.00501004	0	0.518538	0.496158	0.0223794	0	0	0	
184	0.0932488	0.0876709	0.00557546	2.49473e-06	0.416534	0.391618	0.0249051	1.11437e-05	3.01545e-06	1.34697e-05	
185	0.0942147	0.0822472	0.0119657	1.71311e-06	0.420849	0.367391	0.0534501	7.65232e-06	8.21225e-06	3.66834e-05	
186	0.137615	0.113348	0.0242496	1.78121e-05	0.614717	0.506316	0.108321	7.95655e-05	2.56834e-05	0.000114725	
187	0.0894318	0.0879203	0.00151151	0	0.399484	0.392732	0.0067518	0	0	0	
188	0.084854	0.0803529	0.00449622	4.91228e-06	0.379036	0.358929	0.0200842	2.19427e-05	6.38534e-06	2.85228e-05	
189	0.110604	0.101881	0.00872263	0	0.494061	0.455098	0.0389633	0	0	0	
190	0.0696335	0.0591392	0.0104942	0	0.311047	0.26417	0.0468769	0	0	0	
191	0.330756	0.212485	0.11586	0.00240988	1.47746	0.949155	0.51754	0.0107647	0.00254826	0.0113828	
192	0.0726972	0.0726972	0	0	0.324732	0.324732	0	0	0	0	
193	0.117934	0.117934	0	0	0.526805	0.526805	0	0	0	0	
194	0.153862	0.120589	0.0330884	0.000184049	0.687289	0.538664	0.147803	0.000822134	0.000198211	0.000885393	
195	0.0895262	0.088264	0.00126181	3.96655e-07	0.399906	0.394268	0.00563641	1.77182e-06	9.15656e-07	4.09016e-06	
196	0.0890379	0.0890379	0	0	0.397725	0.397725	0	0	0	0	
197	0.0717076	0.055801	0.015812	9.46255e-05	0.320312	0.249258	0.0706308	0.000422684	0.000110394	0.000493122	
198	0.147704	0.113845	0.0335512	0.00030803	0.659784	0.508538	0.14987	0.00137594	0.00040676	0.00181696	
199	0.139746	0.113882	0.0258614	2.48225e-06	0.624236	0.508704	0.11552	1.1088e-05	6.55827e-06	2.92952e-05	
200	0.10918	0.0868657	0.0223148	2.15119e-07	0.487701	0.388022	0.0996785	9.60921e-07	1.3965e-06	6.23806e-06	
201	0.14905	0.100185	0.0483295	0.000535148	0.665795	0.447521	0.215884	0.00239046	0.000954981	0.00426582	
202	0.105434	0.105434	0	0	0.470968	0.470968	0	0	0	0	
203	0.0993027	0.0941106	0.00519213	0	0.443577	0.420384	0.0231928	0	0	0	
204	0.166528	0.133229	0.0331735	0.000125766	0.743867	0.595122	0.148183	0.000561788	0.00020106	0.000898121	
205	0.10993	0.089479	0.0203609	9.05822e-05	0.49105	0.399695	0.0909504	0.000404623	0.00010396	0.000464381	
206	0.186842	0.148692	0.0380477	0.000102106	0.83461	0.664198	0.169955	0.000456101	0.000114291	0.000510531	
207	0.061892	0.0516812	0.0102043	6.56994e-06	0.276466	0.230855	0.0455818	2.93473e-05	1.17771e-05	5.26076e-05	
208	0.101836	0.0978507	0.0039851	4.6518e-07	0.454894	0.437091	0.0178011	2.07792e-06	5.42788e-07	2.42459e-06	
209	0.141654	0.0947799	0.0468744	0	0.632758	0.423374	0.209384	0	0	0	
210	0.114077	0.113159	0.000918128	0	0.509575	0.505474	0.0041012	0	0	0	
211	0.158021	0.103028	0.0549926	0	0.705866	0.460219	0.245647	0	0	0	
212	0.116306	0.115803	0.000502033	3.49273e-07	0.519529	0.517285	0.00224254	1.56017e-06	3.21764e-07	1.43729e-06	
213	0.232983	0.163842	0.0686821	0.000458873	1.04071	0.731869	0.306797	0.00204975	0.00163825	0.00731795	
214	0.118479	0.115249	0.00322594	4.11501e-06	0.529239	0.514811	0.01441	1.83814e-05	1.35406e-05	6.04848e-05	
215	0.18293	0.160805	0.0220968	2.87055e-05	0.817135	0.718303	0.0987046	0.000128225	3.35284e-05	0.000149768	
216	0.0957835	0.0843897	0.0113934	3.63918e-07	0.427857	0.376961	0.0508937	1.62559e-06	9.3697e-07	4.18536e-06	
217	0.199485	0.140187	0.0584496	0.000848665	0.891085	0.626204	0.261089	0.00379091	0.00103305	0.00461455	
218	0.0972626	0.0966768	0.000585799	0	0.434464	0.431847	0.00261671	0	0	0	
219	0.132857	0.132391	0.000466057	0	0.593464	0.591382	0.00208184	0	0	0	
220	0.0950827	0.0833988	0.0116838	1.1105e-07	0.424726	0.372535	0.0521906	4.96053e-07	3.91119e-07	1.74709e-06	
221	0.110138	0.0933822	0.016731	2.55444e-05	0.49198	0.41713	0.074736	0.000114104	3.35646e-05	0.00014993	
222	0.0512828	0.0500209	0.00126187	0	0.229076	0.223439	0.00563667	0	0	0	
223	0.0966589	0.0962814	0.000377437	0	0.431767	0.430081	0.00168598	0	0	0	
224	0.159023	0.144501	0.0145213	8.64001e-07	0.710344	0.645474	0.0648658	3.85942e-06	1.10901e-06	4.95388e-06	
225	0.0804892	0.0778964	0.00259278	0	0.359538	0.347957	0.0115817	0	0	0	
226	0.232244	0.223868	0.00835962	1.68995e-05	1.03741	1	0.0373417	7.54889e-05	1.71352e-05	7.65416e-05	
227	0.0839816	0.0818271	0.00215227	2.32127e-06	0.375139	0.365514	0.00961402	1.03689e-05	3.57061e-06	1.59496e-05	
228	0.0932784	0.0789213	0.0143571	0	0.416667	0.352534	0.0641323	0	0	0	
229	0.128287	0.123221	0.00506587	0	0.573049	0.55042	0.0226288	0	0	0	
230	0.107973	0.106002	0.00197133	0	0.48231	0.473504	0.0088058	0	0	0	
231	0.0918631	0.0915187	0.000344332	0	0.410344	0.408806	0.0015381	0	0	0	
232	0.0854817	0.0746679	0.0108138	0	0.38184	0.333535	0.0483045	0	0	0	
233	0.0793572	0.0776961	0.00165651	4.58942e-06	0.354482	0.347062	0.0073995	2.05005e-05	4.66785e-06	2.08509e-05	
234	0.103724	0.103724	0	0	0.463329	0.463329	0	0	0	0	
235	0.135492	0.135492	0	0	0.605233	0.605233	0	0	0	0	
236	0.0694752	0.0658023	0.0036601	1.28207e-05	0.31034	0.293933	0.0163493	5.72692e-05	1.50379e-05	6.71732e-05	
237	0.0489714	0.0471072	0.00186425	0	0.218751	0.210423	0.00832745	0	0	0	
238	0.0890081	0.0890081	0	0	0.397592	0.397592	0	0	0	0	
239	0.151782	0.121309	0.0302329	0.000240328	0.678001	0.541879	0.135048	0.00107352	0.000240314	0.00107346	
240	0.0923449	0.0901794	0.00216547	0	0.412497	0.402824	0.009673	0	0	0	
241	0.148951	0.11795	0.0309342	6.67225e-05	0.665353	0.526874	0.13818	0.000298044	7.09547e-05	0.000316948	
242	0.0852224	0.0851096	0.000112799	0	0.380681	0.380177	0.000503863	0	0	0	
243	0.0856724	0.0856724	0	0	0.382691	0.382691	0	0	0	0	
244	0.0884063	0.0883646	4.17307e-05	0	0.394904	0.394717	0.000186407	0	0	0	
245	0.123864	0.094736	0.0286217	0.000507013	0.553294	0.423178	0.127851	0.00226478	0.000558802	0.00249612	
246	0.104825	0.0891655	0.0156604	0	0.468248	0.398294	0.0699538	0	0	0	
247	0.111136	0.10674	0.00437506	2.13195e-05	0.496439	0.476801	0.019543	9.52328e-05	2.26077e-05	0.000100986	
248	0.0832506	0.0832506	0	0	0.371873	0.371873	0	0	0	0	
249	0.0741407	0.0697201	0.00442063	0	0.33118	0.311433	0.0197466	0	0	0	
250	0.0684183	0.0663779	0.00203288	7.45498e-06	0.305618	0.296504	0.00908072	3.33007e-05	7.42753e-06	3.31781e-05	
251	0.125853	0.108827	0.016946	8.0261e-05	0.562178	0.486123	0.0756967	0.000358519	8.02336e-05	0.000358396	
252	0.0779147	0.0689949	0.00885315	6.67044e-05	0.348038	0.308194	0.0395463	0.000297963	6.75245e-05	0.000301626	
253	0.0977736	0.0974166	0.000357	0	0.436746	0.435152	0.00159469	0	0	0	
254	0.0775683	0.0773518	0.000216503	0	0.346491	0.345524	0.000967103	0	0	0	
255	0.0864137	0.0863725	4.12576e-05	0	0.386003	0.385818	0.000184294	0	0	0	
256	0.0996589	0.096323	0.00333495	9.51129e-07	0.445168	0.430266	0.0148969	4.24861e-06	1.04341e-06	4.66084e-06	
257	0.0888456	0.0884372	0.00040837	0	0.396865	0.395041	0.00182415	0	0	0	
258	0.10039	0.0958019	0.00457562	1.26649e-05	0.448434	0.427939	0.0204389	5.65733e-05	1.42219e-05	6.35281e-05	
259	0.0509607	0.0450841	0.00580188	7.4802e-05	0.227637	0.201386	0.0259165	0.000334134	7.87267e-05	0.000351665	
260	0.044677	0.0415748	0.00310219	0	0.199568	0.185711	0.0138572	0	0	0	
261	0.11009	0.109418	0.000671996	0	0.491764	0.488762	0.00300175	0	0	0	
262	0.115639	0.110648	0.00499029	0	0.51655	0.494259	0.0222912	0	0	0	
263	0.0604889	0.0435823	0.0164351	0.000471434	0.270199	0.194678	0.0734146	0.00210586	0.000540308	0.00241351	
264	0.190976	0.139393	0.0512381	0.000345274	0.853075	0.622657	0.228876	0.00154231	0.00111676	0.0049885	
265	0.0478955	0.043181	0.00471299	1.5797e-06	0.213945	0.192885	0.0210525	7.05642e-06	5.58845e-06	2.49631e-05	
266	0.0851008	0.0830787	0.00202177	3.23606e-07	0.380138	0.371105	0.00903108	1.44552e-06	2.96151e-07	1.32288e-06	
267	0.0484716	0.0453694	0.00310219	0	0.216518	0.202661	0.0138572	0	0	0	
268	0.0850326	0.0848326	0.000199981	0	0.379833	0.37894	0.000893298	0	0	0	
269	0.205416	0.20396	0.00145538	4.11283e-07	0.917578	0.911075	0.00650109	1.83716e-06	5.3967e-07	2.41066e-06	
270	0.107109	0.106891	0.00021842	3.13979e-08	0.47845	0.477474	0.000975664	1.40252e-07	3.88929e-09	1.73731e-08	
271	0.0842316	0.0842316	0	0	0.376255	0.376255	0	0	0	0	
272	0.10515	0.103196	0.00195436	0	0.469699	0.460969	0.00873	0	0	0	
273	0.107333	0.091215	0.0160474	7.14415e-05	0.479451	0.40745	0.0716824	0.000319123	0.000116967	0.000522483	
274	0.101532	0.0938428	0.00768976	5.69781e-08	0.453537	0.419188	0.0343495	2.54516e-07	1.88783e-07	8.43282e-07	
275	0.119821	0.110675	0.00904952	9.62593e-05	0.535233	0.49438	0.0404234	0.000429982	0.000101646	0.000454045	
276	0.0907535	0.089348	0.00140546	0	0.405388	0.39911	0.0062781	0	0	0	
277	0.105915	0.103531	0.00237443	9.71432e-06	0.473115	0.462465	0.0106064	4.3393e-05	1.05987e-05	4.73436e-05	
278	0.177565	0.147234	0.0302521	7.79783e-05	0.793168	0.657686	0.135133	0.000348322	0.00015042	0.000671917	
279	0.0778206	0.0766459	0.00117476	0	0.347618	0.34237	0.00524756	0	0	0	
280	0.13984	0.120756	0.019081	2.83119e-06	0.624655	0.539409	0.0852333	1.26467e-05	1.75196e-05	7.82589e-05	
281	0.114626	0.0946304	0.0199065	8.92015e-05	0.512025	0.422706	0.088921	0.000398455	0.000100078	0.000447042	
282	0.0851248	0.0808134	0.00431141	0	0.380245	0.360986	0.0192587	0	0	0	
283	0.100719	0.0906663	0.0100334	2.0164e-05	0.449907	0.404999	0.0448186	9.00712e-05	3.0683e-05	0.000137058	
284	0.138973	0.110046	0.0288636	6.34838e-05	0.620781	0.491567	0.128931	0.000283577	7.90773e-05	0.000353232	
285	0.100976	0.086782	0.0141944	0	0.451053	0.387648	0.0634054	0	0	0	
286	0.11986	0.0816536	0.0381406	6.62585e-05	0.535407	0.36474	0.170371	0.000295971	0.000172315	0.000769719	
287	0.0773772	0.0650458	0.0123313	0	0.345637	0.290554	0.0550833	0	0	0	
288	0.216523	0.139764	0.0749564	0.00180223	0.967191	0.624317	0.334824	0.00805043	0.00232584	0.0103893	
289	0.0672443	0.06529	0.00195436	0	0.300375	0.291645	0.00873	0	0	0	
290	0.0694925	0.0686307	0.00086174	0	0.310417	0.306568	0.00384932	0	0	0	
291	0.208477	0.136456	0.0707901	0.00123152	0.931252	0.609537	0.316213	0.00550112	0.00144632	0.00646062	
292	0.133914	0.116058	0.0177835	7.19646e-05	0.598182	0.518423	0.0794378	0.00032146	7.86568e-05	0.000351353	
293	0.0643938	0.0473218	0.017072	0	0.287642	0.211382	0.0762593	0	0	0	
294	0.0640551	0.0606768	0.00336748	1.08969e-05	0.286129	0.271038	0.0150422	4.86759e-05	2.03709e-05	9.09951e-05	
295	0.178154	0.151367	0.0267102	7.65008e-05	0.795801	0.676147	0.119312	0.000341723	0.000170756	0.000762755	
296	0.117684	0.117684	0	0	0.525688	0.525688	0	0	0	0	
297	0.172324	0.145822	0.0264809	2.13179e-05	0.769758	0.651374	0.118288	9.52254e-05	3.584e-05	0.000160094	
298	0.10306	0.0903644	0.0126215	7.4344e-05	0.460361	0.40365	0.0563795	0.000332088	8.23904e-05	0.000368031	
299	0.0957512	0.0790049	0.0163048	0.000441602	0.427713	0.352908	0.0728322	0.0019726	0.000441574	0.00197247	
300	0.0772088	0.076347	0.00086174	0	0.344885	0.341036	0.00384932	0	0	0	
301	0.0633938	0.0619151	0.00147867	0	0.283175	0.27657	0.00660513	0	0	0	
302	0.0723293	0.0689888	0.00334004	5.53764e-07	0.323089	0.308167	0.0149196	2.47361e-06	9.03255e-07	4.03476e-06	
303	0.123843	0.105263	0.0184771	0.000103073	0.553198	0.470201	0.0825359	0.00046042	0.000119807	0.000535172	
304	0.094954	0.094954	0	0	0.424151	0.424151	0	0	0	0	
305	0.0511695	0.0410588	0.0100332	7.74809e-05	0.22857	0.183406	0.0448177	0.000346101	8.06478e-05	0.000360247	
306	0.0587583	0.0526599	0.00609841	0	0.262468	0.235227	0.0272411	0	0	0	
307	0.0881513	0.0868524	0.00129892	0	0.393764	0.387962	0.0058022	0	0	0	
308	0.0896777	0.0751366	0.0145248	1.62631e-05	0.400583	0.335629	0.0648814	7.2646e-05	2.74762e-05	0.000122734	
309	0.124397	0.110195	0.0140494	0.000151716	0.555671	0.492235	0.0627576	0.000677706	0.000156656	0.000699772	
310	0.145092	0.1426	0.00248581	5.81687e-06	0.648114	0.636985	0.0111039	2.59834e-05	6.28358e-06	2.80682e-05	
311	0.0813823	0.0735638	0.00777446	4.4117e-05	0.363528	0.328603	0.0347278	0.000197067	5.25066e-05	0.000234542	
312	0.141671	0.0953485	0.04583	0.000493102	0.632835	0.425913	0.204719	0.00220264	0.000613557	0.0027407	
313	0.103218	0.0929502	0.0102192	4.85881e-05	0.461066	0.415201	0.0456485	0.000217039	4.96243e-05	0.000221667	
314	0.0785231	0.0768814	0.00164168	0	0.350756	0.343423	0.00733328	0	0	0	
315	0.109706	0.0944899	0.0151225	9.41288e-05	0.49005	0.422078	0.0675513	0.000420465	9.97684e-05	0.000445657	
316	0.0753743	0.0702426	0.00513168	0	0.33669	0.313767	0.0229228	0	0	0	
317	0.123431	0.0763728	0.0466829	0.000375899	0.551358	0.341151	0.208528	0.00167911	0.000879534	0.0039288	
318	0.177016	0.121651	0.055362	2.85264e-06	0.790718	0.543408	0.247297	1.27425e-05	2.82583e-06	1.26227e-05	
319	0.246649	0.142852	0.100215	0.00358135	1.10176	0.638109	0.447654	0.0159976	0.00471113	0.0210442	
320	0.0890522	0.0757065	0.0133157	3.00114e-05	0.397789	0.338174	0.0594804	0.000134058	4.27007e-05	0.00019074	
321	0.149965	0.0983091	0.0502184	0.00143771	0.669882	0.439138	0.224321	0.00642216	0.00156253	0.00697969	
322	0.144278	0.0784047	0.0648754	0.000998441	0.64448	0.350227	0.289793	0.00445995	0.00117101	0.00523081	
323	0.0975154	0.0943864	0.00312906	0	0.435593	0.421616	0.0139772	0	0	0	
324	0.126235	0.12458	0.00165593	0	0.563885	0.556488	0.00739694	0	0	0	
325	0.0901636	0.0897844	0.000379226	0	0.402753	0.401059	0.00169397	0	0	0	
326	0.0712833	0.070723	0.000560282	0	0.318416	0.315913	0.00250273	0	0	0	
327	0.0789934	0.0747714	0.00421977	2.23377e-06	0.352857	0.333998	0.0188493	9.97806e-06	5.73635e-06	2.56238e-05	
328	0.0904511	0.0902715	0.000179557	0	0.404037	0.403235	0.000802068	0	0	0	
329	0.0957652	0.0910285	0.00473543	1.35437e-06	0.427775	0.406616	0.0211527	6.04989e-06	2.77368e-06	1.23898e-05	
330	0.145362	0.0878519	0.0555375	0.00197303	0.649322	0.392427	0.248081	0.00881337	0.00259044	0.0115712	
331	0.126168	0.116292	0.00984418	3.23746e-05	0.563585	0.519467	0.0439731	0.000144614	3.52232e-05	0.000157339	
332	0.110254	0.095897	0.0142795	7.82102e-05	0.492498	0.428364	0.0637856	0.000349358	0.000105369	0.000470677	
333	0.123716	0.0979659	0.0257455	4.91785e-06	0.55263	0.437605	0.115003	2.19676e-05	5.37024e-06	2.39884e-05	
334	0.142906	0.0879934	0.0544044	0.000508461	0.63835	0.393059	0.24302	0.00227125	0.000741545	0.00331242	
335	0.083062	0.0800569	0.00300518	0	0.371031	0.357607	0.0134239	0	0	0	
336	0.107518	0.0889938	0.0184521	7.23875e-05	0.480275	0.397527	0.0824242	0.000323349	0.000177189	0.000791488	
337	0.119351	0.111267	0.00807245	1.15775e-05	0.533133	0.497022	0.0360589	5.1716e-05	1.56224e-05	6.9784e-05	
338	0.11348	0.101174	0.0122372	6.78195e-05	0.506905	0.451939	0.0546629	0.000302944	8.16085e-05	0.000364538	
339	0.085069	0.0766562	0.00836988	4.28807e-05	0.379996	0.342417	0.0373875	0.000191544	4.77892e-05	0.00021347	
340	0.102278	0.0831556	0.0190425	7.99633e-05	0.456867	0.371449	0.0850614	0.000357189	0.000106175	0.000474278	
341	0.105043	0.10381	0.00123315	0	0.469222	0.463714	0.0055084	0	0	0	
342	0.112295	0.0750221	0.0370965	0.000176603	0.501613	0.335117	0.165707	0.000788871	0.000267103	0.00119313	
343	0.149197	0.0878097	0.0590153	0.00237229	0.666452	0.392238	0.263616	0.0105968	0.00468229	0.0209154	
344	0.0834759	0.0820888	0.0013871	0	0.37288	0.366684	0.00619606	0	0	0	
345	0.121012	0.094636	0.026224	0.000152843	0.540554	0.422731	0.11714	0.000682737	0.000204747	0.000914592	
346	0.141443	0.0978065	0.0430735	0.000563796	0.631818	0.436893	0.192406	0.00251843	0.000784137	0.00350267	
347	0.0970711	0.075141	0.0216925	0.000237606	0.433608	0.335648	0.0968986	0.00106136	0.000270101	0.00120652	
348	0.0973799	0.0833479	0.0140319	0	0.434987	0.372308	0.0626797	0	0	0	
349	0.0803128	0.0718767	0.00837774	5.84415e-05	0.35875	0.321067	0.0374226	0.000261053	7.75728e-05	0.000346511	
350	0.144377	0.0757464	0.0675546	0.00107599	0.64492	0.338353	0.301761	0.00480639	0.00187096	0.00835742	
351	0.158712	0.0932769	0.0651809	0.000254834	0.708956	0.41666	0.291157	0.00113832	0.000487825	0.00217907	
352	0.137881	0.0813727	0.0559164	0.000592531	0.615906	0.363485	0.249774	0.00264678	0.000761692	0.00340241	
353	0.0870171	0.0776097	0.00938668	2.07137e-05	0.388698	0.346676	0.0419295	9.25266e-05	2.08257e-05	9.30268e-05	
354	0.0894857	0.0788211	0.0105471	0.000117456	0.399725	0.352087	0.0471133	0.000524669	0.000125819	0.000562025	
355	0.0830584	0.0830584	0	0	0.371014	0.371014	0	0	0	0	
356	0.122765	0.108317	0.0143775	7.02852e-05	0.548381	0.483844	0.0642233	0.000313958	7.7509e-05	0.000346226	
357	0.219784	0.107514	0.105774	0.00649463	0.981757	0.480259	0.472487	0.0290109	0.00891531	0.0398239	
358	0.167027	0.0973731	0.0675299	0.00212429	0.746097	0.434957	0.30165	0.00948906	0.00288149	0.0128714	
359	0.105973	0.0778043	0.0277268	0.000442827	0.473376	0.347545	0.123853	0.00197807	0.000500729	0.00223671	
360	0.100728	0.0961375	0.00459079	4.23825e-07	0.449947	0.429438	0.0205067	1.89319e-06	4.29299e-07	1.91764e-06	
361	0.0467549	0.0467549	0	0	0.20885	0.20885	0	0	0	0	
362	0.103032	0.0866211	0.016331	8.00131e-05	0.460236	0.386929	0.0729493	0.000357412	9.20191e-05	0.000411042	
363	0.04887	0.0488333	3.66488e-05	0	0.218298	0.218134	0.000163707	0	0	0	
364	0.129137	0.112812	0.0163104	1.44474e-05	0.576845	0.503923	0.0728575	6.45356e-05	1.57378e-05	7.02994e-05	
365	0.0843455	0.0788079	0.00552296	1.47262e-05	0.376764	0.352028	0.0246706	6.5781e-05	1.8542e-05	8.28257e-05	
366	0.106535	0.0909769	0.0155471	1.16926e-05	0.475886	0.406386	0.0694478	5.223e-05	3.26148e-05	0.000145687	
367	0.124188	0.104443	0.0196024	0.000142571	0.554737	0.466538	0.0875623	0.000636857	0.000205579	0.000918308	
368	0.0799788	0.0751551	0.00481883	4.94446e-06	0.357259	0.335711	0.0215253	2.20865e-05	4.91705e-06	2.1964e-05	
369	0.0825799	0.079654	0.00292585	2.74378e-08	0.368877	0.355808	0.0130695	1.22562e-07	3.00387e-08	1.3418e-07	
370	0.114226	0.0908941	0.0230963	0.000236224	0.510241	0.406016	0.103169	0.00105519	0.000301113	0.00134505	
371	0.106102	0.0786786	0.0274029	2.10411e-05	0.473951	0.35145	0.122406	9.39889e-05	2.78937e-05	0.000124599	
372	0.100189	0.0784026	0.0216982	8.83365e-05	0.447536	0.350217	0.0969243	0.000394591	0.00011121	0.000496767	
373	0.0852182	0.0785568	0.00665331	8.12912e-06	0.380662	0.350906	0.0297198	3.63121e-05	9.71744e-06	4.3407e-05	
374	0.203816	0.103082	0.0906769	0.0100574	0.910432	0.460459	0.405046	0.0449257	0.0184127	0.0822481	
375	0.152494	0.126091	0.0262142	0.000189626	0.681181	0.563238	0.117096	0.000847047	0.000194302	0.000867933	
376	0.0991125	0.0980734	0.00103874	3.6601e-07	0.442727	0.438086	0.00464	1.63493e-06	3.71454e-07	1.65925e-06	
377	0.106483	0.0992475	0.00722417	1.15144e-05	0.475651	0.44333	0.0322697	5.14339e-05	2.52061e-05	0.000112593	
378	0.123209	0.102837	0.0202886	8.40189e-05	0.550368	0.459365	0.0906278	0.000375305	0.000131574	0.000587732	
379	0.0951281	0.076074	0.0189963	5.77139e-05	0.424929	0.339816	0.0848553	0.000257803	8.76524e-05	0.000391536	
380	0.107492	0.0817179	0.0257457	2.8906e-05	0.48016	0.365027	0.115004	0.000129121	5.722e-05	0.000255597	
381	0.101445	0.0791208	0.0221989	0.000126071	0.45315	0.353426	0.0991606	0.00056315	0.000183063	0.000817727	
382	0.105459	0.103153	0.00230491	1.57465e-06	0.471079	0.460776	0.0102958	7.03383e-06	3.26296e-06	1.45754e-05	
383	0.0810158	0.0752703	0.00574559	0	0.361891	0.336226	0.0256651	0	0	0	
384	0.0916008	0.0896167	0.00198412	0	0.409173	0.40031	0.0088629	0	0	0	
385	0.132084	0.106405	0.0255499	0.000129054	0.590011	0.475305	0.114129	0.000576473	0.000381514	0.00170419	
386	0.0961336	0.0789267	0.0170404	0.000166441	0.42942	0.352559	0.0761181	0.000743481	0.000233277	0.00104203	
387	0.0924769	0.0834906	0.00891869	6.76435e-05	0.413086	0.372945	0.039839	0.000302158	7.35939e-05	0.000328738	
388	0.0827991	0.0763057	0.00649334	0	0.369856	0.340851	0.0290052	0	0	0	
389	0.139867	0.110206	0.0296594	1.55795e-06	0.624775	0.492282	0.132486	6.95924e-06	1.59184e-06	7.11065e-06	
390	0.0826126	0.0737151	0.00889457	2.92776e-06	0.369023	0.329279	0.0397313	1.3078e-05	3.02445e-06	1.35099e-05	
391	0.0955156	0.0904709	0.00504471	0	0.42666	0.404126	0.0225343	0	0	0	
392	0.100204	0.0494112	0.05033	0.000463326	0.447605	0.220715	0.22482	0.00206963	0.000570547	0.00254858	
393	0.086024	0.080204	0.00581997	0	0.384262	0.358264	0.0259973	0	0	0	
394	0.0964371	0.0918343	0.00460277	3.15584e-08	0.430776	0.410216	0.0205602	1.40968e-07	5.88662e-09	2.6295e-08	
395	0.156249	0.137103	0.0191305	1.56338e-05	0.697954	0.61243	0.0854545	6.98351e-05	1.58708e-05	7.08939e-05	
396	0.10792	0.0586455	0.0492745	0	0.482069	0.261964	0.220105	0	0	0	
397	0.131556	0.100467	0.0308952	0.000194385	0.587653	0.448779	0.138006	0.000868303	0.000690727	0.00308542	
398	0.0912671	0.090401	0.000865163	9.46063e-07	0.407682	0.403813	0.00386461	4.22598e-06	9.20047e-07	4.10977e-06	
399	0.078565	0.0778681	0.000696908	0	0.350943	0.34783	0.00311303	0	0	0	
400	0.146399	0.127981	0.0184079	9.95698e-06	0.653955	0.571684	0.0822267	4.4477e-05	2.75287e-05	0.000122968	
401	0.101698	0.099794	0.00190424	0	0.454277	0.445771	0.00850611	0	0	0	
402	0.105374	0.0827092	0.0226639	1.39894e-06	0.470699	0.369455	0.101237	6.24898e-06	1.59608e-06	7.12959e-06	
403	0.118689	0.0880814	0.0304058	0.000202325	0.530176	0.393452	0.13582	0.00090377	0.0002965	0.00132444	
404	0.106743	0.0979615	0.0087782	3.437e-06	0.476812	0.437586	0.0392115	1.53528e-05	3.40923e-06	1.52287e-05	
405	0.106436	0.106318	0.000117819	0	0.475442	0.474916	0.000526288	0	0	0	
406	0.199617	0.175466	0.024128	2.31165e-05	0.891674	0.783793	0.107778	0.000103259	3.39977e-05	0.000151864	
407	0.120943	0.0847998	0.0359698	0.000174253	0.540246	0.378793	0.160674	0.000778373	0.000201451	0.000899866	
408	0.129603	0.12664	0.00296244	0	0.578926	0.565693	0.013233	0	0	0	
409	0.0934034	0.0912599	0.00214347	0	0.417225	0.40765	0.00957472	0	0	0	
410	0.109572	0.0872483	0.0222975	2.69747e-05	0.489452	0.389731	0.0996013	0.000120493	2.84772e-05	0.000127205	
411	0.134899	0.116596	0.0182976	5.77628e-06	0.602585	0.520825	0.0817341	2.58021e-05	5.74798e-06	2.56757e-05	
412	0.150886	0.121465	0.0294132	7.90974e-06	0.673997	0.542575	0.131386	3.53321e-05	1.10437e-05	4.93316e-05	
413	0.0934168	0.0910459	0.00237092	0	0.417285	0.406694	0.0105907	0	0	0	
414	0.145248	0.111949	0.0332433	5.61767e-05	0.648814	0.500068	0.148495	0.000250936	5.9268e-05	0.000264745	
415	0.0934243	0.0914697	0.00195462	0	0.417318	0.408587	0.00873112	0	0	0	
416	0.133746	0.105546	0.0281998	0	0.597433	0.471466	0.125966	0	0	0	
417	0.103987	0.0952627	0.00872448	0	0.464502	0.42553	0.0389715	0	0	0	
418	0.0835395	0.0765249	0.00701428	2.65601e-07	0.373164	0.34183	0.0313322	1.18642e-06	5.95529e-07	2.66018e-06	
419	0.132161	0.101603	0.0305108	4.691e-05	0.590355	0.453856	0.136289	0.000209543	9.77516e-05	0.000436648	
420	0.083324	0.083324	0	0	0.372201	0.372201	0	0	0	0	
421	0.0943127	0.08571	0.00860266	0	0.421287	0.382859	0.0384273	0	0	0	
422	0.112463	0.080628	0.0311146	0.000720409	0.502363	0.360158	0.138986	0.003218	0.000765571	0.00341974	
423	0.0655544	0.0557346	0.00979665	2.31217e-05	0.292826	0.248962	0.0437608	0.000103282	2.5746e-05	0.000115005	
424	0.110455	0.110063	0.000392416	0	0.493396	0.491644	0.00175289	0	0	0	
425	0.075218	0.0692569	0.00593034	3.07458e-05	0.335992	0.309365	0.0264903	0.000137339	3.17568e-05	0.000141855	
426	0.113456	0.108572	0.00486572	1.82858e-05	0.506799	0.484983	0.0217347	8.16811e-05	1.83007e-05	8.17478e-05	
427	0.0929769	0.0900896	0.00287795	9.4358e-06	0.41532	0.402422	0.0128555	4.21489e-05	9.73568e-06	4.34884e-05	
428	0.0985024	0.0936495	0.00483077	2.2111e-05	0.440002	0.418324	0.0215786	9.87683e-05	2.38146e-05	0.000106378	
429	0.119552	0.08785	0.031702	0	0.534029	0.392418	0.14161	0	0	0	
430	0.225649	0.211478	0.0141664	3.88546e-06	1.00795	0.944658	0.0632801	1.7356e-05	3.87171e-06	1.72946e-05	
431	0.173145	0.165636	0.00750821	0	0.773425	0.739886	0.0335385	0	0	0	
432	0.13617	0.111708	0.0244404	2.16838e-05	0.608263	0.498992	0.109173	9.68597e-05	2.3876e-05	0.000106652	
433	0.106163	0.0981604	0.00798464	1.83361e-05	0.474222	0.438474	0.0356667	8.19062e-05	2.69825e-05	0.000120528	
434	0.0874562	0.0802519	0.00720079	3.4474e-06	0.390659	0.358478	0.0321653	1.53992e-05	1.02594e-05	4.58281e-05	
435	0.215436	0.151471	0.0639061	5.82327e-05	0.962334	0.676611	0.285463	0.00026012	8.4253e-05	0.000376351	
436	0.127347	0.0858043	0.0414474	9.57634e-05	0.56885	0.38328	0.185142	0.000427767	0.000145577	0.000650283	
437	0.145452	0.0858534	0.0585132	0.00108539	0.649722	0.3835	0.261373	0.00484837	0.00161137	0.00719786	
438	0.18034	0.129931	0.0495961	0.000812551	0.805564	0.580392	0.221541	0.00362959	0.000903003	0.00403364	
439	0.131886	0.126617	0.00526079	8.1731e-06	0.589123	0.565588	0.0234995	3.65085e-05	8.82674e-06	3.94283e-05	
440	0.0821135	0.0798656	0.00224109	6.80031e-06	0.366794	0.356753	0.0100107	3.03764e-05	7.26357e-06	3.24457e-05	
441	0.0696925	0.0673974	0.00229505	0	0.31131	0.301058	0.0102517	0	0	0	
442	0.141525	0.0945956	0.044043	0.00288688	0.632182	0.42255	0.196736	0.0128954	0.00388025	0.0173327	
443	0.175888	0.137469	0.037972	0.000447114	0.785677	0.614062	0.169617	0.00199722	0.000724228	0.00323506	
444	0.137346	0.107579	0.0297295	3.8391e-05	0.613517	0.480546	0.132799	0.000171489	6.75856e-05	0.000301899	
445	0.112352	0.0879094	0.024357	8.59637e-05	0.501869	0.392684	0.1088	0.000383993	0.000143598	0.000641444	
446	0.150188	0.0903942	0.0589982	0.000796438	0.670881	0.403783	0.26354	0.00355762	0.00121136	0.00541106	
447	0.162039	0.121556	0.0404831	0	0.723819	0.542984	0.180834	0	0	0	
448	0.0465845	0.0374245	0.00915995	0	0.208089	0.167172	0.0409167	0	0	0	
449	0.274809	0.153669	0.120895	0.000244515	1.22755	0.686431	0.540028	0.00109223	0.000381687	0.00170496	
450	0.0891381	0.079155	0.00998306	0	0.398172	0.353579	0.0445935	0	0	0	
451	0.134934	0.119808	0.0151203	5.82545e-06	0.602743	0.535176	0.0675412	2.60218e-05	8.01081e-06	3.57836e-05	
452	0.179169	0.0997057	0.0781417	0.00132156	0.800333	0.445377	0.349052	0.00590333	0.00160832	0.00718425	
453	0.106548	0.0952435	0.0113009	3.67279e-06	0.475941	0.425444	0.0504804	1.6406e-05	6.80012e-06	3.03755e-05	
454	0.136805	0.0888568	0.0479484	0	0.611098	0.396916	0.214181	0	0	0	
455	0.161337	0.104705	0.0562719	0.000359964	0.72068	0.46771	0.251362	0.00160793	0.000494033	0.0022068	
456	0.146518	0.111503	0.0348837	0.00013121	0.654485	0.498076	0.155822	0.000586107	0.000457941	0.00204558	
457	0.124901	0.100207	0.0246786	1.52886e-05	0.557925	0.447619	0.110237	6.8293e-05	0.000102639	0.00045848	
458	0.0950152	0.0786573	0.0163578	0	0.424425	0.351356	0.0730692	0	0	0	
459	0.100408	0.0886029	0.0118054	0	0.448515	0.395781	0.0527339	0	0	0	
460	0.150464	0.0850698	0.065385	9.95282e-06	0.672114	0.38	0.292069	4.44584e-05	2.47322e-05	0.000110476	
461	0.1478	0.0852415	0.0625261	3.29886e-05	0.660213	0.380766	0.279298	0.000147357	5.92241e-05	0.000264549	
462	0.122062	0.0996599	0.0223493	5.29159e-05	0.545241	0.445172	0.0998326	0.000236371	9.85774e-05	0.000440337	
463	0.13999	0.119096	0.0208944	0	0.625326	0.531992	0.0933338	0	0	0	
464	0.0824393	0.0687583	0.0136565	2.44909e-05	0.368249	0.307137	0.0610028	0.000109398	3.71872e-05	0.000166112	
465	0.0854797	0.0824055	0.0030742	0	0.38183	0.368098	0.0137322	0	0	0	
466	0.178554	0.10957	0.0685838	0.000400857	0.79759	0.489441	0.306358	0.00179059	0.000513206	0.00229245	
467	0.112658	0.0795124	0.0326571	0.00048843	0.503233	0.355175	0.145876	0.00218178	0.00126945	0.00567055	
468	0.107006	0.101211	0.00579457	8.33613e-07	0.477988	0.452101	0.0258838	3.72368e-06	1.15977e-06	5.18059e-06	
469	0.0765357	0.0765357	0	0	0.341879	0.341879	0	0	0	0	
470	0.105758	0.0946118	0.0111465	0	0.472413	0.422623	0.0497907	0	0	0	
471	0.127604	0.0787726	0.0486491	0.000182802	0.569999	0.351871	0.217311	0.000816562	0.00022778	0.00101747	
472	0.130979	0.0888906	0.0394784	0.0026102	0.585073	0.397067	0.176346	0.0116595	0.00303035	0.0135363	
473	0.162083	0.0988743	0.0608681	0.00234113	0.724013	0.441663	0.271892	0.0104576	0.00285857	0.0127689	
474	0.102855	0.0767048	0.0261502	0	0.459445	0.342634	0.11681	0	0	0	
475	0.126418	0.1129	0.0135186	0	0.564702	0.504315	0.0603867	0	0	0	
476	0.159321	0.11234	0.0469204	5.9872e-05	0.711674	0.501817	0.209589	0.000267443	0.000185756	0.000829757	
477	0.12876	0.0966962	0.0318915	0.000172787	0.575162	0.431933	0.142456	0.000771825	0.000403294	0.00180148	
478	0.0952363	0.0786443	0.0165428	4.91821e-05	0.425412	0.351297	0.0738957	0.000219692	9.77523e-05	0.000436651	
479	0.104715	0.09738	0.00732468	1.12213e-05	0.467757	0.434988	0.0327187	5.0125e-05	1.26254e-05	5.6397e-05	
480	0.126842	0.0972772	0.0295377	2.80749e-05	0.566597	0.434529	0.131942	0.000125408	6.94824e-05	0.000310372	
481	0.090463	0.0756472	0.0148096	6.11967e-06	0.40409	0.337909	0.0661536	2.7336e-05	1.80067e-05	8.04348e-05	
482	0.137401	0.105433	0.0319596	9.05841e-06	0.613763	0.470961	0.142761	4.04632e-05	1.78596e-05	7.97775e-05	
483	0.111038	0.0921668	0.0188714	4.94483e-08	0.495998	0.411701	0.084297	2.20881e-07	1.75229e-06	7.82736e-06	
484	0.183482	0.116271	0.0656901	0.00152037	0.8196	0.519376	0.293432	0.00679137	0.001803	0.00805385	
485	0.125687	0.0945358	0.0308454	0.000305769	0.561433	0.422283	0.137784	0.00136584	0.000353177	0.00157761	
486	0.084195	0.0796421	0.0045529	0	0.376092	0.355754	0.0203374	0	0	0	
487	0.104835	0.0993486	0.0054869	0	0.468291	0.443782	0.0245095	0	0	0	
488	0.142695	0.0950674	0.0474543	0.000173356	0.637407	0.424658	0.211974	0.000774371	0.00025419	0.00113544	
489	0.144875	0.0977127	0.0471618	5.29197e-07	0.647144	0.436474	0.210667	2.36388e-06	8.88389e-07	3.96836e-06	
490	0.0975042	0.090339	0.00716516	0	0.435543	0.403537	0.0320062	0	0	0	
491	0.0999824	0.077907	0.0220724	2.87743e-06	0.446613	0.348004	0.0985959	1.28532e-05	4.33376e-06	1.93585e-05	
492	0.14708	0.0965518	0.0496434	0.000885672	0.656998	0.431289	0.221753	0.00395622	0.00112296	0.00501618	
493	0.194542	0.111162	0.0832907	8.94186e-05	0.869006	0.496553	0.372052	0.000399425	0.000114824	0.000512913	
494	0.197804	0.116535	0.0811208	0.000147298	0.883574	0.520556	0.36236	0.000657971	0.000264902	0.00118329	
495	0.0882592	0.0835114	0.00474774	0	0.394246	0.373038	0.0212077	0	0	0	
496	0.10518	0.0892784	0.0154228	0.000479294	0.469833	0.398799	0.0688928	0.00214096	0.000479267	0.00214084	
497	0.120798	0.0771814	0.0434643	0.000152763	0.539596	0.344762	0.194151	0.00068238	0.000210461	0.000940115	
498	0.177618	0.132863	0.0444974	0.000257046	0.793405	0.59349	0.198766	0.0011482	0.000293548	0.00131125	
499	0.15898	0.157172	0.0018072	8.3222e-07	0.710153	0.702076	0.00807265	3.71745e-06	2.18305e-06	9.75151e-06	
500	0.149065	0.0803366	0.0683785	0.00035049	0.665863	0.358857	0.305441	0.00156561	0.000603483	0.00269571	
501	0.162603	0.107874	0.0538357	0.000892862	0.726334	0.481866	0.240479	0.00398834	0.00115954	0.0051796	
502	0.092009	0.0904612	0.0015477	0	0.410996	0.404083	0.00691346	0	0	0	
503	0.114335	0.102459	0.0118519	2.42385e-05	0.510728	0.457678	0.0529418	0.000108271	2.4211e-05	0.000108148	
504	0.126082	0.11871	0.00734203	2.95118e-05	0.563198	0.53027	0.0327962	0.000131826	3.09216e-05	0.000138124	
505	0.0780895	0.0682982	0.00977187	1.94856e-05	0.348819	0.305082	0.0436501	8.70407e-05	2.31962e-05	0.000103615	
506	0.1523	0.0972727	0.0539778	0.0010498	0.680313	0.434509	0.241114	0.0046894	0.00177083	0.00791016	
507	0.189435	0.157129	0.0320699	0.000236549	0.846193	0.701883	0.143253	0.00105664	0.000237263	0.00105983	
508	0.0946021	0.0875523	0.00704977	0	0.422579	0.391088	0.0314907	0	0	0	
509	0.092998	0.0867041	0.00628848	5.48723e-06	0.415414	0.3873	0.0280901	2.4511e-05	1.38978e-05	6.20805e-05	
510	0.139171	0.104723	0.0342083	0.00024039	0.621668	0.467789	0.152806	0.0010738	0.00034315	0.00153282	
511	0.0799332	0.0747327	0.00519881	1.76997e-06	0.357055	0.333824	0.0232226	7.90635e-06	3.76415e-06	1.68141e-05	
512	0.168458	0.0878415	0.0800927	0.000523968	0.752488	0.39238	0.357767	0.00234052	0.00112522	0.00502627	
513	0.116308	0.0906314	0.0253266	0.000350557	0.519541	0.404843	0.113131	0.00156591	0.000451167	0.00201532	
514	0.237031	0.127734	0.107235	0.00206166	1.0588	0.570579	0.479011	0.0092093	0.00277185	0.0123816	
515	0.0676091	0.0562764	0.0113296	3.15233e-06	0.302004	0.251382	0.0506084	1.40812e-05	9.12192e-06	4.07468e-05	
516	0.112425	0.088001	0.0242457	0.000178951	0.502196	0.393093	0.108303	0.000799363	0.000206027	0.000920308	
517	0.0869841	0.0812621	0.00572196	0	0.388551	0.362991	0.0255595	0	0	0	
518	0.182804	0.154946	0.0278576	3.50162e-08	0.816571	0.692133	0.124437	1.56414e-07	7.29087e-09	3.25677e-08	
519	0.0709992	0.0418661	0.0291331	0	0.317147	0.187012	0.130135	0	0	0	
520	0.167073	0.12166	0.0440049	0.00140735	0.746301	0.543448	0.196566	0.00628655	0.00176447	0.00788175	
521	0.249929	0.109242	0.140261	0.000426148	1.11641	0.487975	0.626536	0.00190356	0.00089831	0.00401267	
522	0.182094	0.0779016	0.103622	0.000570269	0.813402	0.34798	0.462875	0.00254734	0.00146205	0.00653088	
523	0.0920955	0.075778	0.0163175	0	0.411383	0.338494	0.0728889	0	0	0	
524	0.144275	0.10539	0.0387663	0.000119508	0.644468	0.470768	0.173166	0.000533833	0.000163606	0.000730818	
525	0.148673	0.0992212	0.0488969	0.000555382	0.664112	0.443213	0.218418	0.00248084	0.000881575	0.00393792	
526	0.130222	0.100916	0.0292074	9.9305e-05	0.581694	0.450783	0.130467	0.000443587	0.000163247	0.000729211	
527	0.118025	0.0775352	0.0402877	0.000202832	0.527211	0.346343	0.179961	0.000906036	0.000259058	0.00115719	
528	0.0884458	0.0799887	0.00845006	7.03142e-06	0.39508	0.357303	0.0377457	3.14088e-05	8.5325e-06	3.81139e-05	
529	0.135372	0.0806517	0.0539022	0.000818507	0.604697	0.360264	0.240777	0.0036562	0.00118291	0.00528397	
530	0.0931884	0.0804197	0.0126704	9.82614e-05	0.416265	0.359228	0.0565978	0.000438925	0.000132585	0.000592246	
531	0.173524	0.10449	0.0684333	0.000601157	0.775119	0.466748	0.305686	0.00268532	0.000937291	0.0041868	
532	0.119165	0.0833509	0.0354284	0.000385914	0.532301	0.372321	0.158255	0.00172384	0.000550927	0.00246094	
533	0.16616	0.117374	0.0485912	0.000195005	0.742224	0.5243	0.217052	0.000871074	0.000404773	0.00180808	
534	0.126367	0.112893	0.0132322	0.000242695	0.564475	0.504283	0.0591074	0.0010841	0.000243087	0.00108585	
535	0.0853979	0.0773337	0.00800384	6.04154e-05	0.381465	0.345443	0.0357524	0.00026987	6.24501e-05	0.000278959	
536	0.0703819	0.065594	0.00478705	8.04622e-07	0.31439	0.293003	0.0213833	3.59418e-06	8.35181e-07	3.73068e-06	
537	0.132676	0.0764775	0.0561113	8.76729e-05	0.592654	0.341618	0.250644	0.000391627	0.000140596	0.000628031	
538	0.143915	0.0801167	0.0622258	0.0015734	0.64286	0.357874	0.277957	0.00702825	0.00200917	0.00897481	
539	0.13013	0.0828614	0.0470547	0.000214308	0.581282	0.370135	0.210189	0.000957299	0.000304595	0.0013606	
540	0.0909686	0.0796489	0.0112458	7.39225e-05	0.406349	0.355785	0.0502341	0.000330205	0.000105259	0.000470184	
541	0.0900803	0.0819025	0.00817772	0	0.402381	0.365852	0.0365292	0	0	0	
542	0.219856	0.149453	0.0699392	0.000463091	0.982079	0.667597	0.312412	0.00206859	0.000733385	0.00327597	
543	0.135893	0.0890916	0.0466924	0.000109789	0.607026	0.397965	0.208571	0.000490421	0.000225533	0.00100743	
544	0.179291	0.126264	0.052811	0.000216217	0.800881	0.564013	0.235902	0.000965826	0.000466094	0.002082	
545	0.145387	0.0749337	0.0704542	5.79097e-08	0.649435	0.334722	0.314713	2.58677e-07	3.88489e-08	1.73534e-07	
546	0.135929	0.116172	0.0197268	3.02989e-05	0.607187	0.518933	0.0881183	0.000135342	3.94019e-05	0.000176005	
547	0.0901388	0.0752343	0.0149045	0	0.402642	0.336065	0.0665774	0	0	0	
548	0.117691	0.110417	0.00727328	0	0.525716	0.493227	0.0324891	0	0	0	
549	0.140881	0.0847176	0.0556719	0.000492371	0.629307	0.378426	0.248682	0.00219938	0.000926559	0.00413886	
550	0.187584	0.119335	0.0674921	0.00075658	0.837925	0.533063	0.301481	0.00337958	0.00127882	0.00571241	
551	0.0963688	0.0962378	0.000130978	0	0.430471	0.429886	0.000585069	0	0	0	
552	0.0824486	0.0723552	0.0100594	3.39942e-05	0.368291	0.323204	0.0449346	0.000151849	4.80153e-05	0.00021448	
553	0.185608	0.182379	0.00322855	5.55274e-07	0.829098	0.814674	0.0144216	2.48036e-06	5.61401e-07	2.50773e-06	
554	0.151029	0.10209	0.0478754	0.00106315	0.674633	0.456029	0.213855	0.00474904	0.00142787	0.0063782	
555	0.107062	0.0748905	0.0320689	0.000102453	0.478237	0.33453	0.143249	0.000457653	0.00014013	0.000625952	
556	0.17837	0.149077	0.0290734	0.000219467	0.796764	0.665915	0.129868	0.000980341	0.0002204	0.000984509	
557	0.0902133	0.0786872	0.0115197	6.38176e-06	0.402975	0.351489	0.0514578	2.85067e-05	1.31697e-05	5.88282e-05	
558	0.10424	0.0970998	0.00714022	0	0.465631	0.433737	0.0318947	0	0	0	
559	0.0969477	0.0787911	0.0179465	0.000210111	0.433057	0.351953	0.0801657	0.000938552	0.000230707	0.00103055	
560	0.0920384	0.0845305	0.00750787	2.72294e-08	0.411127	0.37759	0.033537	1.21631e-07	2.8572e-08	1.27628e-07	
561	0.108017	0.0927703	0.0151933	5.42159e-05	0.482507	0.414397	0.0678675	0.000242178	8.20682e-05	0.000366592	
562	0.0740949	0.0496719	0.024423	0	0.330975	0.22188	0.109095	0	0	0	
563	0.100917	0.078551	0.0221765	0.000189666	0.450789	0.350881	0.0990608	0.000847225	0.000286483	0.0012797	
564	0.117056	0.0811891	0.0356952	0.000172314	0.522882	0.362665	0.159447	0.000769713	0.000231044	0.00103205	
565	0.100801	0.0846878	0.0159639	0.000150117	0.450273	0.378293	0.0713097	0.000670564	0.000212115	0.000947503	
566	0.126371	0.103403	0.0227039	0.000263814	0.564491	0.461896	0.101416	0.00117843	0.000412118	0.00184089	
567	0.209416	0.160308	0.0484315	0.000676296	0.935446	0.716085	0.216339	0.00302095	0.000691093	0.00308705	
568	0.153683	0.114875	0.038807	1.61851e-06	0.686493	0.513138	0.173347	7.22979e-06	1.58975e-06	7.10131e-06	
569	0.0756537	0.0756163	3.73812e-05	0	0.337938	0.337771	0.000166979	0	0	0	
570	0.140661	0.119363	0.0211318	0.000165764	0.628321	0.533186	0.0943943	0.000740455	0.000232386	0.00103804	
571	0.107656	0.091211	0.0164336	1.18787e-05	0.480893	0.407432	0.0734076	5.30611e-05	1.75041e-05	7.81895e-05	
572	0.115473	0.0972797	0.0179684	0.000225354	0.51581	0.43454	0.0802635	0.00100663	0.000242955	0.00108526	
573	0.0935949	0.0840915	0.00945665	4.67071e-05	0.41808	0.37563	0.042242	0.000208636	5.6215e-05	0.000251107	
574	0.139673	0.0795976	0.0588405	0.00123518	0.623909	0.355555	0.262835	0.00551747	0.00161951	0.00723423	
575	0.144357	0.0840318	0.0592039	0.00112209	0.644834	0.375363	0.264459	0.00501231	0.00218221	0.00974777	
576	0.061209	0.0543098	0.00689914	0	0.273415	0.242597	0.0308178	0	0	0	
577	0.128795	0.11279	0.0160044	4.87464e-08	0.575318	0.503827	0.0714903	2.17746e-07	5.66188e-07	2.52911e-06	
578	0.0994592	0.0887359	0.0107225	8.3348e-07	0.444276	0.396375	0.0478968	3.72308e-06	9.35653e-07	4.17948e-06	
579	0.0915557	0.0870202	0.00452876	6.77688e-06	0.408971	0.388712	0.0202296	3.02717e-05	8.19298e-06	3.65973e-05	
580	0.0838511	0.0665604	0.0172531	3.75779e-05	0.374556	0.29732	0.0770685	0.000167857	7.34448e-05	0.000328071	
581	0.084718	0.0749909	0.00972705	0	0.378428	0.334978	0.0434499	0	0	0	
582	0.0890534	0.0842234	0.00481465	1.53896e-05	0.397794	0.376219	0.0215066	6.87441e-05	2.03922e-05	9.10905e-05	
583	0.113825	0.0926284	0.0210266	0.000170555	0.508449	0.413763	0.0939243	0.000761856	0.000185734	0.000829659	
584	0.208483	0.127768	0.080523	0.000191852	0.931278	0.570732	0.359689	0.000856989	0.000466553	0.00208405	
585	0.123573	0.0747902	0.0484914	0.000291579	0.551991	0.334082	0.216607	0.00130246	0.00031257	0.00139622	
586	0.136267	0.0842214	0.0519895	5.64288e-05	0.608695	0.37621	0.232233	0.000252063	8.90672e-05	0.000397855	
587	0.103653	0.0888343	0.0147216	9.70865e-05	0.463009	0.396815	0.0657603	0.000433677	0.000138102	0.00061689	
588	0.0682764	0.067533	0.000743425	0	0.304985	0.301664	0.00332081	0	0	0	
589	0.153327	0.109109	0.0437034	0.00051453	0.684901	0.487383	0.195219	0.00229836	0.000990773	0.0044257	
590	0.134607	0.107259	0.026995	0.000353337	0.601281	0.479118	0.120584	0.00157833	0.000384064	0.00171558	
591	0.138258	0.0958351	0.0424228	2.73732e-07	0.617588	0.428087	0.189499	1.22273e-06	1.23032e-06	5.49576e-06	
592	0.114987	0.0857059	0.0291828	9.87026e-05	0.513639	0.382841	0.130357	0.000440896	0.000175173	0.000782484	
593	0.102878	0.0939024	0.00889221	8.42298e-05	0.459551	0.419454	0.0397207	0.000376247	9.36368e-05	0.000418268	
594	0.0918744	0.0804359	0.011425	1.34588e-05	0.410395	0.3593	0.0510345	6.01197e-05	2.52133e-05	0.000112625	
595	0.11487	0.0937485	0.0210836	3.84122e-05	0.513117	0.418767	0.094179	0.000171584	4.31222e-05	0.000192623	
596	0.108339	0.0901688	0.018004	0.000166184	0.483941	0.402776	0.0804225	0.000742332	0.000208998	0.000933577	
597	0.157188	0.140819	0.0163191	4.98635e-05	0.70215	0.629031	0.0728963	0.000222736	5.49257e-05	0.000245348	
598	0.114212	0.108108	0.00608476	1.87896e-05	0.510176	0.482912	0.0271801	8.39316e-05	1.87622e-05	8.38094e-05	
599	0.104836	0.0933055	0.0115313	0	0.468297	0.416788	0.0515094	0	0	0	
600	0.108942	0.107839	0.00110291	0	0.486637	0.48171	0.0049266	0	0	0	
601	0.313142	0.147899	0.163044	0.00219877	1.39878	0.660653	0.728307	0.00982175	0.00220519	0.0098504	
602	0.104782	0.102465	0.00231665	5.6523e-07	0.468054	0.457703	0.0103483	2.52483e-06	1.02062e-06	4.55903e-06	
603	0.131046	0.0519034	0.0791434	0	0.585375	0.231848	0.353527	0	0	0	
604	0.085779	0.0808598	0.00491911	5.20014e-08	0.383167	0.361194	0.0219732	2.32286e-07	4.41348e-08	1.97146e-07	
605	0.133399	0.0494932	0.0839061	0	0.595884	0.221082	0.374801	0	0	0	
606	0.138258	0.0936795	0.0438927	0.000686371	0.617589	0.418458	0.196065	0.00306596	0.000965118	0.0043111	
607	0.0885212	0.0780868	0.0103172	0.000117266	0.395417	0.348807	0.0460863	0.000523821	0.000118177	0.000527887	
608	0.0888058	0.0787024	0.0100614	4.19347e-05	0.396688	0.351557	0.0449436	0.000187318	4.86307e-05	0.000217229	
609	0.09065	0.0869974	0.00365264	0	0.404926	0.38861	0.016316	0	0	0	
610	0.0972754	0.079918	0.0171223	0.000235154	0.434521	0.356987	0.0764841	0.00105041	0.000297691	0.00132976	
611	0.0639731	0.0576385	0.00633457	0	0.285762	0.257466	0.028296	0	0	0	
612	0.0956283	0.0904868	0.00514151	0	0.427163	0.404197	0.0229667	0	0	0	
613	0.0872637	0.0765217	0.0105982	0.000143789	0.389799	0.341816	0.0473414	0.000642297	0.000183883	0.000821391	
614	0.0966731	0.0834919	0.0130484	0.000132862	0.431831	0.372951	0.0582862	0.000593484	0.00017755	0.000793102	
615	0.0928633	0.0866062	0.00625485	2.27932e-06	0.414812	0.386862	0.0279398	1.01815e-05	2.25173e-06	1.00583e-05	
616	0.102335	0.0887992	0.0132013	0.000334448	0.457122	0.396659	0.0589693	0.00149395	0.000354746	0.00158462	
617	0.119979	0.0914895	0.028247	0.000242955	0.535938	0.408676	0.126177	0.00108526	0.000324972	0.00145162	
618	0.0615811	0.0558023	0.00577878	0	0.275078	0.249264	0.0258133	0	0	0	
619	0.134881	0.0986462	0.0359892	0.00024628	0.602505	0.440644	0.16076	0.00110011	0.000294984	0.00131767	
620	0.111051	0.0875121	0.0235293	1.00181e-05	0.496057	0.390909	0.105103	4.47501e-05	2.76559e-05	0.000123536	
621	0.384772	0.185691	0.193736	0.00534473	1.71874	0.829469	0.865402	0.0238744	0.00590403	0.0263728	
622	0.0379901	0.0304089	0.00754405	3.71729e-05	0.169699	0.135834	0.0336986	0.000166048	5.57243e-05	0.000248916	
623	0.0837967	0.0716637	0.0121236	9.38191e-06	0.374313	0.320116	0.0541552	4.19082e-05	1.01091e-05	4.51567e-05	
624	0.103643	0.0824833	0.0210968	6.29237e-05	0.462965	0.368446	0.0942378	0.000281075	6.75829e-05	0.000301887	
625	0.0755571	0.0548348	0.0207218	5.21092e-07	0.337507	0.244942	0.0925627	2.32767e-06	4.93384e-07	2.2039e-06	
626	0.0699797	0.0636571	0.00632257	0	0.312593	0.284351	0.0282423	0	0	0	
627	0.0928131	0.0788982	0.0139148	0	0.414588	0.352431	0.0621566	0	0	0	
628	0.0599486	0.0599486	0	0	0.267785	0.267785	0	0	0	0	
629	0.228852	0.137246	0.0880511	0.00355513	1.02226	0.613069	0.393317	0.0158804	0.00370519	0.0165507	
630	0.202247	0.145188	0.0569669	9.1817e-05	0.903422	0.648545	0.254466	0.000410139	9.79312e-05	0.00043745	
631	0.111699	0.0955842	0.0161148	0	0.49895	0.426966	0.0719836	0	0	0	
632	0.0431403	0.0431403	0	0	0.192704	0.192704	0	0	0	0	
633	0.0657455	0.0450384	0.0207071	0	0.29368	0.201183	0.0924969	0	0	0	
634	0.0427076	0.0418593	0.000848318	0	0.190771	0.186982	0.00378936	0	0	0	
635	0.074387	0.0653835	0.00900344	0	0.33228	0.292062	0.0402176	0	0	0	
636	0.123694	0.0648336	0.0588517	8.6978e-06	0.55253	0.289606	0.262885	3.88523e-05	9.23491e-06	4.12515e-05	
637	0.0895845	0.073447	0.0158844	0.000253125	0.400166	0.328081	0.0709545	0.00113068	0.000320216	0.00143037	
638	0.138125	0.0813357	0.0565743	0.000215264	0.616994	0.363319	0.252712	0.000961568	0.000319773	0.0014284	
639	0.140286	0.0759408	0.0642117	0.000133903	0.626647	0.339221	0.286828	0.000598136	0.000167808	0.000749585	
640	0.0844988	0.0802905	0.00419209	1.62274e-05	0.377449	0.358651	0.0187257	7.24866e-05	1.62123e-05	7.24193e-05	
641	0.075417	0.0748472	0.00056977	0	0.336881	0.334336	0.00254511	0	0	0	
642	0.0636131	0.0629174	0.000695693	0	0.284154	0.281047	0.0031076	0	0	0	
643	0.186309	0.14158	0.0442899	0.000439245	0.832228	0.632427	0.197839	0.00196207	0.000552145	0.00246638	
644	0.109027	0.0821984	0.0268286	0	0.487014	0.367173	0.119841	0	0	0	
645	0.0814908	0.0801981	0.00129266	0	0.364012	0.358238	0.00577424	0	0	0	
646	0.125702	0.0748086	0.0504016	0.000492165	0.561502	0.334163	0.22514	0.00219846	0.000696346	0.00311052	
647	0.170167	0.123535	0.0460633	0.000568891	0.760122	0.55182	0.205761	0.00254119	0.000804332	0.00359288	
648	0.144919	0.117001	0.0278791	3.82029e-05	0.647341	0.522637	0.124533	0.000170649	6.31039e-05	0.000281879	
649	0.0652607	0.0641812	0.00107708	2.48554e-06	0.291514	0.286692	0.00481123	1.11027e-05	2.47009e-06	1.10336e-05	
650	0.0732498	0.0728045	0.000445323	0	0.3272	0.325211	0.00198922	0	0	0	
651	0.102729	0.101253	0.00147656	0	0.458884	0.452288	0.0065957	0	0	0	
652	0.11601	0.0822671	0.0329639	0.000779334	0.518208	0.36748	0.147247	0.00348122	0.000990167	0.00442299	
653	0.101907	0.087448	0.0144469	1.20595e-05	0.45521	0.390623	0.0645333	5.38688e-05	1.26136e-05	5.63441e-05	
654	0.118279	0.0880441	0.0300588	0.000176357	0.528344	0.393285	0.13427	0.000787775	0.000267486	0.00119483	
655	0.136292	0.0808708	0.053274	0.00214719	0.608805	0.361243	0.23797	0.00959132	0.00301155	0.0134523	
656	0.218217	0.118152	0.0966671	0.00339792	0.97476	0.527778	0.431804	0.0151782	0.00489947	0.0218855	
657	0.122885	0.0799293	0.0429562	0	0.548919	0.357037	0.191881	0	0	0	
658	0.111523	0.07519	0.0363056	2.78351e-05	0.498166	0.335867	0.162174	0.000124337	4.65893e-05	0.00020811	
659	0.124892	0.0955789	0.0288185	0.000494733	0.557883	0.426943	0.12873	0.00220993	0.000612064	0.00273403	
660	0.15717	0.100264	0.0565233	0.000382654	0.702067	0.447873	0.252484	0.00170928	0.000939735	0.00419772	
661	0.180716	0.0981916	0.0816393	0.000885541	0.807245	0.438613	0.364676	0.00395563	0.00179368	0.00801225	
662	0.119955	0.0803333	0.0394368	0.000185634	0.535832	0.358842	0.176161	0.000829214	0.000313246	0.00139924	
663	0.110038	0.0802519	0.0295606	0.000225938	0.491532	0.358478	0.132044	0.00100925	0.000344909	0.00154068	
664	0.0969917	0.0872145	0.00977669	5.41169e-07	0.433254	0.38958	0.0436716	2.41736e-06	3.60004e-06	1.6081e-05	
665	0.107326	0.0871093	0.0202069	1.004e-05	0.479417	0.38911	0.0902626	4.4848e-05	1.46876e-05	6.56084e-05	
666	0.10243	0.0788566	0.0234526	0.000121159	0.457548	0.352245	0.104761	0.000541209	0.000169361	0.000756525	
667	0.163282	0.104704	0.0547101	0.00386817	0.729368	0.467704	0.244385	0.0172788	0.0042385	0.018933	
668	0.103202	0.0829595	0.0202083	3.44432e-05	0.460996	0.370573	0.0902692	0.000153855	4.42965e-05	0.000197868	
669	0.0477388	0.0434602	0.0042752	3.38096e-06	0.213245	0.194133	0.0190969	1.51024e-05	3.91279e-06	1.74781e-05	
670	0.0908911	0.0825365	0.00831838	3.63288e-05	0.406003	0.368683	0.0371575	0.000162278	3.70078e-05	0.000165311	
671	0.0530087	0.0505877	0.00242096	0	0.236785	0.225971	0.0108142	0	0	0	
672	0.144802	0.111846	0.0329206	3.50862e-05	0.64682	0.49961	0.147053	0.000156727	6.75845e-05	0.000301894	
673	0.144932	0.101353	0.0424048	0.00117321	0.647399	0.452739	0.189418	0.00524067	0.00146915	0.0065626	
674	0.127617	0.095248	0.0322955	7.353e-05	0.570055	0.425465	0.144261	0.000328452	0.000132362	0.000591251	
675	0.110865	0.0811045	0.0297292	3.13484e-05	0.495225	0.362287	0.132798	0.000140031	4.28176e-05	0.000191263	
676	0.142672	0.109669	0.0325764	0.000426455	0.637304	0.489883	0.145516	0.00190494	0.000588451	0.00262856	
677	0.101762	0.0933354	0.00838097	4.65991e-05	0.454566	0.416921	0.037437	0.000208154	6.17556e-05	0.000275857	
678	0.0935163	0.0802289	0.013285	2.43614e-06	0.417729	0.358376	0.0593431	1.0882e-05	3.01287e-06	1.34582e-05	
679	0.127047	0.0908998	0.0361474	0	0.567509	0.406041	0.161467	0	0	0	
680	0.122035	0.110286	0.0117488	0	0.545122	0.492641	0.0524811	0	0	0	
681	0.111444	0.0976537	0.0137545	3.57744e-05	0.497811	0.436211	0.0614402	0.000159801	4.28979e-05	0.000191621	
682	0.0991491	0.0975539	0.00159528	0	0.442891	0.435765	0.00712601	0	0	0	
683	0.0969217	0.0911004	0.00582129	0	0.432941	0.406937	0.0260032	0	0	0	
684	0.115687	0.0941864	0.0215014	8.51552e-08	0.516768	0.420722	0.096045	3.80381e-07	1.051e-07	4.69475e-07	
685	0.198181	0.140621	0.0562437	0.00131696	0.885261	0.628142	0.251235	0.00588275	0.00131875	0.00589079	
686	0.107092	0.0904411	0.0165094	0.000142346	0.478374	0.403992	0.0737463	0.000635851	0.000173355	0.000774366	
687	0.0820504	0.0777627	0.00426998	1.77114e-05	0.366512	0.347359	0.0190736	7.91156e-05	2.4359e-05	0.000108809	
688	0.0659233	0.0641884	0.00173482	0	0.294474	0.286724	0.00774933	0	0	0	
689	0.00764598	0.00714581	0.00050017	0	0.0341539	0.0319197	0.00223422	0	0	0	
690	0.0603748	0.0597851	0.000589683	0	0.269689	0.267055	0.00263406	0	0	0	
691	0.107386	0.0980398	0.00930715	3.90937e-05	0.479684	0.437935	0.0415742	0.000174628	4.70197e-05	0.000210033	
692	0.0728569	0.0728569	0	0	0.325446	0.325446	0	0	0	0	
693	0.0936603	0.0792659	0.014365	2.93698e-05	0.418373	0.354074	0.0641674	0.000131192	3.80728e-05	0.000170068	
694	0.203839	0.154272	0.0488931	0.000673693	0.910533	0.689122	0.218401	0.00300933	0.000952754	0.00425587	
695	0.0901219	0.079249	0.010853	1.9858e-05	0.402567	0.353999	0.0484794	8.87041e-05	2.70285e-05	0.000120734	
696	0.199496	0.159608	0.0395757	0.000312442	0.891133	0.712955	0.176781	0.00139565	0.000390327	0.00174355	
697	0.149409	0.0827104	0.0666245	7.43584e-05	0.667398	0.36946	0.297606	0.000332153	0.000138388	0.000618172	
698	0.280075	0.19562	0.0835494	0.000906165	1.25107	0.873819	0.373208	0.00404776	0.00106086	0.0047388	
699	0.313457	0.185175	0.126725	0.001556	1.40018	0.827164	0.566073	0.00695053	0.0017258	0.00770901	
700	0.0824442	0.0824442	0	0	0.368271	0.368271	0	0	0	0	
701	0.0823008	0.0823008	0	0	0.36763	0.36763	0	0	0	0	
702	0.113119	0.106143	0.00697543	1.15213e-06	0.505296	0.474133	0.0311586	5.14648e-06	1.57436e-06	7.03255e-06	
703	0.0925846	0.0875424	0.00499025	5.19934e-05	0.413567	0.391044	0.022291	0.00023225	5.19659e-05	0.000232127	
704	0.0925538	0.0793508	0.0132029	0	0.41343	0.354453	0.0589764	0	0	0	
705	0.0998033	0.0879675	0.0118326	3.22074e-06	0.445813	0.392943	0.0528553	1.43868e-05	3.19281e-06	1.4262e-05	
706	0.214453	0.157987	0.0564095	5.67379e-05	0.957946	0.705716	0.251976	0.000253443	0.00012818	0.00057257	
707	0.0866415	0.0801556	0.00648586	0	0.38702	0.358048	0.0289718	0	0	0	
708	0.0798248	0.0798248	0	0	0.35657	0.35657	0	0	0	0	
709	0.125338	0.103222	0.0218504	0.000265393	0.559877	0.461088	0.0976039	0.00118549	0.000276687	0.00123594	
710	0.16929	0.0958499	0.0731895	0.00025072	0.756205	0.428153	0.326931	0.00111994	0.000283152	0.00126481	
711	0.0943357	0.0805491	0.0137748	1.18517e-05	0.421389	0.359806	0.0615309	5.29409e-05	1.46911e-05	6.56239e-05	
712	0.0768896	0.0764441	0.000445515	0	0.343459	0.341469	0.00199008	0	0	0	
713	0.0909063	0.0782851	0.0126211	0	0.40607	0.349693	0.0563776	0	0	0	
714	0.0936927	0.0815406	0.012152	0	0.418517	0.364235	0.0542821	0	0	0	
715	0.0707439	0.0699375	0.000804327	2.07572e-06	0.316007	0.312405	0.00359286	9.27208e-06	2.0887e-06	9.33007e-06	
716	0.0816878	0.0748606	0.00680943	1.77237e-05	0.364892	0.334396	0.0304171	7.91704e-05	1.77015e-05	7.90711e-05	
717	0.0963423	0.0881402	0.0081891	1.2985e-05	0.430353	0.393715	0.03658	5.80029e-05	1.298e-05	5.79809e-05	
718	0.118289	0.107972	0.0102004	0.000116518	0.528389	0.482304	0.0455646	0.000520479	0.000117872	0.000526525	
719	0.0717485	0.0628236	0.00882364	0.000101246	0.320494	0.280628	0.0394145	0.00045226	0.000101219	0.000452137	
720	0.06219	0.0619856	0.000204408	0	0.277797	0.276884	0.000913076	0	0	0	
721	0.126276	0.106153	0.019917	0.000206133	0.564066	0.474178	0.0889676	0.000920782	0.000250927	0.00112087	
722	0.0807224	0.0807224	0	0	0.36058	0.36058	0	0	0	0	
723	0.113528	0.101879	0.0116489	0	0.507122	0.455088	0.0520346	0	0	0	
724	0.0803574	0.0803574	0	0	0.35895	0.35895	0	0	0	0	
725	0.0939087	0.0622855	0.0316232	0	0.419482	0.278224	0.141258	0	0	0	
726	0.0439175	0.0424642	0.00145335	0	0.196176	0.189684	0.00649201	0	0	0	
727	0.0889583	0.0885958	0.000362504	0	0.397369	0.39575	0.00161927	0	0	0	
728	0.102204	0.0850672	0.0168007	0.000336439	0.456538	0.379988	0.0750474	0.00150284	0.000396044	0.00176909	
729	0.0997117	0.077274	0.0224053	3.23666e-05	0.445404	0.345176	0.100082	0.000144579	3.47126e-05	0.000155058	
730	0.108776	0.104445	0.00432972	1.13916e-06	0.485895	0.46655	0.0193405	5.08854e-06	1.21825e-06	5.44183e-06	
731	0.127725	0.0940422	0.0326458	0.00103701	0.570537	0.420079	0.145826	0.00463226	0.00111345	0.0049737	
732	0.0861402	0.0770469	0.00909336	0	0.384781	0.344162	0.0406192	0	0	0	
733	0.101568	0.091585	0.00993668	4.62587e-05	0.453695	0.409103	0.0443863	0.000206634	5.26627e-05	0.00023524	
734	0.114254	0.106392	0.00783331	2.91312e-05	0.510367	0.475246	0.0349907	0.000130126	2.91053e-05	0.000130011	
735	0.067455	0.0654504	0.00200462	0	0.301316	0.292361	0.0089545	0	0	0	
736	0.056128	0.0552595	0.000868515	0	0.250719	0.246839	0.00387958	0	0	0	
737	0.102471	0.0793097	0.0231558	6.30882e-06	0.457733	0.35427	0.103435	2.8181e-05	7.08296e-06	3.1639e-05	
738	0.123283	0.112695	0.0104802	0.000107898	0.550698	0.503402	0.0468143	0.000481972	0.000109009	0.000486935	
739	0.0675465	0.064555	0.00299152	0	0.301724	0.288362	0.0133628	0	0	0	
740	0.0366244	0.0365404	8.40117e-05	0	0.163598	0.163223	0.000375273	0	0	0	
741	0.0892024	0.086027	0.00317288	2.5339e-06	0.398459	0.384275	0.0141729	1.13187e-05	3.2093e-06	1.43356e-05	
742	0.144045	0.122433	0.0216018	9.91949e-06	0.643437	0.546899	0.0964938	4.43095e-05	9.89099e-06	4.41822e-05	
743	0.0880857	0.0838227	0.00421788	4.51736e-05	0.393471	0.374429	0.0188409	0.000201786	4.51462e-05	0.000201664	
744	0.0557871	0.0551172	0.000669876	0	0.249196	0.246204	0.00299228	0	0	0	
745	0.127248	0.101299	0.0259147	3.3547e-05	0.568407	0.452498	0.115758	0.000149851	3.35191e-05	0.000149727	
746	0.0786674	0.0748197	0.00384236	5.34583e-06	0.3514	0.334213	0.0171635	2.38793e-05	5.31819e-06	2.37559e-05	
747	0.0864142	0.0838809	0.00253325	0	0.386005	0.374689	0.0113158	0	0	0	
748	0.106916	0.0818701	0.0246167	0.000429176	0.477584	0.365707	0.10996	0.00191709	0.000429565	0.00191883	
749	0.123917	0.111878	0.0120285	1.09125e-05	0.55353	0.49975	0.0537306	4.87455e-05	1.08848e-05	4.86218e-05	
750	0.0921925	0.0817705	0.0104147	7.1724e-06	0.411816	0.365262	0.046522	3.20385e-05	7.14512e-06	3.19166e-05	
751	0.314088	0.151265	0.147237	0.0155856	1.403	0.675689	0.657696	0.0696197	0.0173018	0.077286	
752	0.0881756	0.0760354	0.0121402	0	0.393873	0.339644	0.0542293	0	0	0	
753	0.102435	0.0920973	0.0103381	0	0.457571	0.411391	0.0461796	0	0	0	
754	0.21524	0.175685	0.0395539	1.34445e-06	0.961462	0.784772	0.176684	6.00558e-06	2.28642e-06	1.02132e-05	
755	0.112257	0.0916261	0.0205885	4.23345e-05	0.501443	0.409286	0.0919675	0.000189104	4.46536e-05	0.000199464	
756	0.202333	0.113521	0.0886928	0.000119307	0.903806	0.50709	0.396183	0.000532934	0.000182861	0.000816828	
757	0.13872	0.0771812	0.0550178	0.00652165	0.619654	0.344762	0.24576	0.0291316	0.00700548	0.0312929	
758	0.215439	0.127227	0.087889	0.000323283	0.962351	0.568314	0.392592	0.00144408	0.000341337	0.00152472	
759	0.120848	0.0709929	0.0497192	0.000136683	0.539821	0.317119	0.222091	0.000610551	0.00021925	0.000979375	
760	0.121484	0.0862998	0.0351847	0	0.542661	0.385494	0.157167	0	0	0	
761	0.121058	0.109352	0.0115952	0.000111111	0.540758	0.488467	0.0517949	0.000496324	0.000114632	0.000512052	
762	0.0504125	0.0504125	0	0	0.225188	0.225188	0	0	0	0	
763	0.0556884	0.0536807	0.00200764	0	0.248755	0.239787	0.00896797	0	0	0	
764	0.0777878	0.0763077	0.00147883	1.25894e-06	0.347471	0.34086	0.00660583	5.62358e-06	1.23148e-06	5.50092e-06	
765	0.0843239	0.08337	0.000953941	0	0.376668	0.372406	0.00426117	0	0	0	
766	0.0514363	0.0442649	0.00706234	0.000109109	0.229761	0.197727	0.0315469	0.000487382	0.00011751	0.000524907	
767	0.0517718	0.0429176	0.00885423	0	0.23126	0.191709	0.0395511	0	0	0	
768	0.0451173	0.0450651	5.2288e-05	0	0.201535	0.201302	0.000233566	0	0	0	
769	0.0791363	0.0521873	0.0265649	0.00038407	0.353495	0.233116	0.118663	0.00171561	0.00073224	0.00327085	
770	0.0798755	0.0562579	0.0236176	0	0.356797	0.251299	0.105497	0	0	0	
771	0.104273	0.0778237	0.0264177	3.23053e-05	0.465781	0.347632	0.118005	0.000144305	4.13032e-05	0.000184497	
772	0.102829	0.102697	0.000132258	0	0.459331	0.458741	0.000590786	0	0	0	
773	0.110455	0.0900316	0.0204056	1.8137e-05	0.493395	0.402163	0.0911503	8.10165e-05	2.20903e-05	9.86756e-05	
774	0.0772708	0.0772047	6.61179e-05	0	0.345162	0.344867	0.000295343	0	0	0	
775	0.0752355	0.0752355	0	0	0.33607	0.33607	0	0	0	0	
776	0.0645427	0.0645427	0	0	0.288306	0.288306	0	0	0	0	
777	0.0739157	0.0739157	0	0	0.330175	0.330175	0	0	0	0	
778	0.0917726	0.0917726	0	0	0.40994	0.40994	0	0	0	0	
779	0.160689	0.110139	0.0505501	9.89499e-08	0.717788	0.491984	0.225803	4.42001e-07	7.18611e-08	3.20997e-07	
780	0.0511515	0.0432466	0.00790484	0	0.228489	0.193179	0.0353102	0	0	0	
781	0.0559627	0.0422528	0.0137098	0	0.24998	0.18874	0.0612406	0	0	0	
782	0.106951	0.0946497	0.012301	1.05323e-06	0.477744	0.422792	0.0549477	4.70472e-06	1.02565e-06	4.58153e-06	
783	0.24999	0.13417	0.106299	0.0095198	1.11668	0.599329	0.474831	0.0425241	0.0145547	0.0650147	
784	0.0713719	0.0713719	0	0	0.318812	0.318812	0	0	0	0	
785	0.128604	0.0749558	0.0536419	6.89815e-06	0.574466	0.334821	0.239613	3.08134e-05	8.59721e-06	3.8403e-05	
786	0.139028	0.0944246	0.0434578	0.00114568	0.621027	0.421787	0.194122	0.00511766	0.00146654	0.00655092	
787	0.189159	0.0836309	0.105079	0.000449316	0.844961	0.373572	0.469382	0.00200706	0.00103024	0.00460201	
788	0.141971	0.0911789	0.0507314	6.1227e-05	0.634175	0.407288	0.226613	0.000273496	9.93302e-05	0.0004437	
789	0.102346	0.10228	6.61179e-05	0	0.457173	0.456878	0.000295343	0	0	0	
790	0.120829	0.0841408	0.0366884	0	0.539734	0.37585	0.163884	0	0	0	
791	0.129109	0.0869019	0.041788	0.000419778	0.576722	0.388183	0.186663	0.00187511	0.00121159	0.00541211	
792	0.0944886	0.0822017	0.0122869	0	0.422072	0.367188	0.0548846	0	0	0	
793	0.255515	0.146936	0.101901	0.00667661	1.14136	0.656354	0.455186	0.0298238	0.00708148	0.0316324	
794	0.101628	0.0893668	0.0122418	1.94594e-05	0.453964	0.399194	0.0546833	8.69239e-05	3.66994e-05	0.000163933	
795	0.130925	0.10533	0.0255301	6.57403e-05	0.584835	0.4705	0.114041	0.000293656	9.86756e-05	0.000440775	
796	0.0935872	0.0935872	0	0	0.418046	0.418046	0	0	0	0	
797	0.0545241	0.0531452	0.00137887	0	0.243554	0.237395	0.0061593	0	0	0	
798	0.188265	0.10358	0.0843857	0.000299071	0.840966	0.462686	0.376943	0.00133592	0.000668463	0.00298597	
799	0.169244	0.129036	0.0401969	1.02088e-05	0.755999	0.576397	0.179556	4.56018e-05	1.23967e-05	5.53754e-05	
800	0.203392	0.15843	0.0449334	2.85558e-05	0.908537	0.707695	0.200713	0.000127556	2.85284e-05	0.000127434	
801	0.1555	0.0850978	0.0702985	0.00010447	0.694609	0.380124	0.314017	0.000466662	0.00054097	0.00241646	
802	0.121775	0.0861709	0.0354074	0.000196731	0.543959	0.384918	0.158162	0.000878784	0.000225176	0.00100584	
803	0.083129	0.083129	0	0	0.37133	0.37133	0	0	0	0	
804	0.186382	0.150719	0.0349836	0.000680013	0.832556	0.67325	0.156269	0.00303756	0.000739657	0.00330399	
805	0.229635	0.143611	0.0843995	0.00162481	1.02576	0.6415	0.377005	0.00725789	0.00240721	0.0107528	
806	0.134704	0.106719	0.027804	0.000181558	0.601714	0.476705	0.124198	0.000811007	0.000228619	0.00102122	
807	0.164656	0.119098	0.0453385	0.000219406	0.735504	0.532001	0.202523	0.000980072	0.000308171	0.00137657	
808	0.169231	0.152308	0.0168502	7.3052e-05	0.755942	0.680348	0.0752686	0.000326317	9.98287e-05	0.000445926	
809	0.191201	0.111976	0.0789576	0.000267549	0.854081	0.500189	0.352697	0.00119512	0.000525097	0.00234556	
810	0.0778368	0.0777868	4.9973e-05	0	0.34769	0.347467	0.000223225	0	0	0	
811	0.122607	0.0969155	0.0256083	8.38901e-05	0.547678	0.432913	0.11439	0.00037473	9.41352e-05	0.000420494	
812	0.162273	0.111926	0.0502413	0.000106349	0.724864	0.499965	0.224423	0.000475056	0.000136073	0.000607827	
813	0.0638217	0.0638217	0	0	0.285086	0.285086	0	0	0	0	
814	0.0853455	0.0813042	0.00404132	0	0.381231	0.363179	0.0180522	0	0	0	
815	0.149462	0.132329	0.0167334	0.000399076	0.667636	0.591106	0.0747471	0.00178264	0.000400811	0.00179039	
816	0.234436	0.155442	0.0783056	0.000688143	1.0472	0.69435	0.349784	0.00307387	0.00105551	0.00471491	
817	0.147313	0.0969515	0.0498507	0.000511064	0.658036	0.433074	0.222679	0.00228288	0.000752646	0.00336201	
818	0.18439	0.123959	0.0597953	0.000635628	0.823655	0.553714	0.2671	0.00283929	0.00156598	0.00699513	
819	0.066794	0.066794	0	0	0.298363	0.298363	0	0	0	0	
820	0.093459	0.0905308	0.0029268	1.4084e-06	0.417473	0.404393	0.0130738	6.29122e-06	1.77256e-06	7.91792e-06	
821	0.0275569	0.0274936	6.32597e-05	0	0.123094	0.122812	0.000282575	0	0	0	
822	0.0931637	0.0840541	0.00910954	0	0.416154	0.375463	0.0406915	0	0	0	
823	0.062324	0.0588568	0.00341997	4.72758e-05	0.278396	0.262908	0.0152767	0.000211177	4.72485e-05	0.000211055	
824	0.119287	0.119258	2.83446e-05	0	0.532845	0.532718	0.000126613	0	0	0	
825	0.0783192	0.0783192	0	0	0.349845	0.349845	0	0	0	0	
826	0.118952	0.105796	0.0131563	0	0.531352	0.472584	0.0587682	0	0	0	
827	0.0838796	0.0838513	2.83446e-05	0	0.374683	0.374556	0.000126613	0	0	0	
828	0.15454	0.103316	0.0511631	6.05969e-05	0.69032	0.461508	0.228541	0.000270681	0.000102391	0.000457376	
829	0.133263	0.101223	0.0320397	2.74017e-07	0.595276	0.452156	0.143118	1.22401e-06	3.09765e-07	1.38369e-06	
830	0.161468	0.133478	0.0279892	0	0.721264	0.596238	0.125025	0	0	0	
831	0.100311	0.100311	0	0	0.448081	0.448081	0	0	0	0	
832	0.0847575	0.0835716	0.00118595	0	0.378605	0.373307	0.00529756	0	0	0	
833	0.0904055	0.0881161	0.00228651	2.90324e-06	0.403834	0.393607	0.0102136	1.29685e-05	2.99482e-06	1.33776e-05	
834	0.0985171	0.097573	0.000944115	0	0.440068	0.43585	0.00421728	0	0	0	
835	0.0978175	0.0962432	0.00157437	0	0.436943	0.42991	0.00703258	0	0	0	
836	0.142112	0.115762	0.0262586	9.15584e-05	0.634805	0.517101	0.117295	0.000408984	9.22082e-05	0.000411886	
837	0.126518	0.119689	0.00679323	3.63925e-05	0.565149	0.534642	0.0303448	0.000162562	3.95269e-05	0.000176563	
838	0.141068	0.0969168	0.0440343	0.000117346	0.630141	0.432919	0.196697	0.000524178	0.000174818	0.000780899	
839	0.212208	0.151713	0.0599909	0.000504853	0.947919	0.67769	0.267974	0.00225513	0.000542683	0.00242412	
840	0.111885	0.0763114	0.0355741	0	0.499783	0.340877	0.158906	0	0	0	
841	0.113227	0.0795494	0.0336717	6.5863e-06	0.505779	0.35534	0.150408	2.94204e-05	2.77328e-05	0.00012388	
842	0.102594	0.0974386	0.00515533	0	0.458278	0.43525	0.0230284	0	0	0	
843	0.143473	0.120793	0.0224682	0.000211917	0.640886	0.539575	0.100363	0.000946618	0.000226996	0.00101397	
844	0.123533	0.109355	0.0141731	4.30227e-06	0.551812	0.488482	0.0633103	1.92179e-05	4.66093e-06	2.082e-05	
845	0.194668	0.133776	0.0594461	0.00144568	0.869566	0.597568	0.265541	0.00645773	0.00249629	0.0111507	
846	0.103378	0.0933556	0.0100227	0	0.461782	0.417011	0.0447707	0	0	0	
847	0.120978	0.0951918	0.0257647	2.1802e-05	0.5404	0.425213	0.115089	9.73879e-05	2.2041e-05	9.84553e-05	
848	0.104713	0.102029	0.00268377	8.47934e-07	0.467747	0.455755	0.0119881	3.78765e-06	1.61606e-06	7.21883e-06	
849	0.0993145	0.0961361	0.0031764	2.05874e-06	0.443629	0.429432	0.0141887	9.19625e-06	5.05556e-06	2.25827e-05	
850	0.0796465	0.0795479	9.86125e-05	0	0.355774	0.355334	0.000440494	0	0	0	
851	0.0640924	0.0640924	0	0	0.286295	0.286295	0	0	0	0	
852	0.0917995	0.0841936	0.00758819	1.76941e-05	0.41006	0.376086	0.0338958	7.90383e-05	2.61788e-05	0.000116938	
853	0.104911	0.102705	0.00220576	0	0.468631	0.458778	0.00985298	0	0	0	
854	0.0984407	0.093832	0.00460493	3.79498e-06	0.439726	0.41914	0.0205698	1.69519e-05	5.35855e-06	2.39362e-05	
855	0.109708	0.0925387	0.0165989	0.000570787	0.490058	0.413363	0.0741463	0.00254965	0.000570759	0.00254953	
856	0.111996	0.102869	0.00912693	0	0.500277	0.459507	0.0407692	0	0	0	
857	0.062897	0.062897	0	0	0.280955	0.280955	0	0	0	0	
858	0.105895	0.0847288	0.0211576	9.31344e-06	0.473027	0.378476	0.0945092	4.16024e-05	1.95871e-05	8.7494e-05	
859	0.127264	0.111048	0.0162159	0	0.568478	0.496043	0.0724351	0	0	0	
860	0.0925694	0.0834425	0.00912693	0	0.4135	0.37273	0.0407692	0	0	0	
861	0.0862932	0.0855818	0.000711393	0	0.385464	0.382287	0.00317773	0	0	0	
862	0.112738	0.0781874	0.0343084	0.000242923	0.503594	0.349256	0.153253	0.00108511	0.000279025	0.00124638	
863	0.118803	0.114072	0.00473131	2.52712e-07	0.530685	0.50955	0.0211343	1.12884e-06	1.32322e-06	5.91072e-06	
864	0.106946	0.0943611	0.0125851	0	0.47772	0.421503	0.0562169	0	0	0	
865	0.116081	0.115611	0.000470108	0	0.518526	0.516426	0.00209993	0	0	0	
866	0.0757889	0.0751334	0.000655534	0	0.338542	0.335614	0.00292821	0	0	0	
867	0.0856143	0.0856143	0	0	0.382432	0.382432	0	0	0	0	
868	0.103168	0.0988409	0.00430754	1.9933e-05	0.460844	0.441514	0.0192414	8.90391e-05	2.04608e-05	9.13967e-05	
869	0.0972757	0.0935636	0.003694	1.81132e-05	0.434522	0.417941	0.0165008	8.09102e-05	1.81693e-05	8.11608e-05	
870	0.130059	0.124832	0.00522697	0	0.580963	0.557615	0.0233484	0	0	0	
871	0.107323	0.0978009	0.00950992	1.2407e-05	0.479404	0.436868	0.04248	5.54213e-05	1.23794e-05	5.52981e-05	
872	0.0420331	0.041446	0.000587157	0	0.187758	0.185135	0.00262278	0	0	0	
873	0.0994515	0.0989012	0.00055033	0	0.444241	0.441783	0.00245827	0	0	0	
874	0.105817	0.0899627	0.0158552	0	0.47268	0.401856	0.0708238	0	0	0	
875	0.0810152	0.0806798	0.000335411	0	0.361888	0.36039	0.00149825	0	0	0	
876	0.0440143	0.0440143	0	0	0.196608	0.196608	0	0	0	0	
877	0.101335	0.0867639	0.0143924	0.000179557	0.452658	0.387567	0.0642898	0.000802066	0.00017953	0.000801948	
878	0.100482	0.0983814	0.00210109	0	0.448847	0.439461	0.00938541	0	0	0	
879	0.086379	0.086379	0	0	0.385847	0.385847	0	0	0	0	
880	0.091821	0.0868274	0.00499356	0	0.410157	0.387851	0.0223058	0	0	0	
881	0.0818628	0.0785585	0.00327628	2.808e-05	0.365674	0.350914	0.0146348	0.000125431	2.80525e-05	0.000125308	
882	0.0910836	0.0885853	0.00249609	2.19674e-06	0.406862	0.395703	0.0111498	9.81266e-06	2.21632e-06	9.90012e-06	
883	0.0592799	0.0586927	0.000587157	0	0.264798	0.262175	0.00262278	0	0	0	
884	0.0780556	0.0780556	0	0	0.348668	0.348668	0	0	0	0	
885	0.0886694	0.0886694	0	0	0.396079	0.396079	0	0	0	0	
886	0.102437	0.100758	0.001679	0	0.457579	0.450079	0.00749995	0	0	0	
887	0.0654867	0.0654867	0	0	0.292523	0.292523	0	0	0	0	
888	0.0959115	0.0959115	0	0	0.428429	0.428429	0	0	0	0	
889	0.0661271	0.0640137	0.00211339	0	0.295384	0.285944	0.00944034	0	0	0	
890	0.0932468	0.090779	0.00246786	0	0.416526	0.405502	0.0110237	0	0	0	
891	0.0409486	0.0408857	6.29139e-05	0	0.182914	0.182633	0.000281031	0	0	0	
892	0.0579998	0.0579998	0	0	0.25908	0.25908	0	0	0	0	
893	0.0860822	0.0860822	0	0	0.384522	0.384522	0	0	0	0	
894	0.0835045	0.0829933	0.000511165	0	0.373007	0.370724	0.00228333	0	0	0	
895	0.0792941	0.0792941	0	0	0.3542	0.3542	0	0	0	0	
896	0.0786094	0.0780982	0.000511165	0	0.351141	0.348858	0.00228333	0	0	0	
897	0.0738028	0.0710481	0.00275475	0	0.329671	0.317366	0.0123052	0	0	0	
898	0.0724737	0.0724737	0	0	0.323734	0.323734	0	0	0	0	
899	0.0957842	0.0948266	0.000957549	0	0.42786	0.423582	0.00427729	0	0	0	
900	0.0811344	0.0811344	0	0	0.36242	0.36242	0	0	0	0	
901	0.192778	0.111398	0.0809368	0.000443348	0.861126	0.497607	0.361538	0.0019804	0.000601146	0.00268527	
902	0.0745624	0.0745624	0	0	0.333064	0.333064	0	0	0	0	
903	0.217051	0.115238	0.101333	0.000479853	0.96955	0.514759	0.452647	0.00214346	0.000525553	0.0023476	
904	0.067283	0.067283	0	0	0.300547	0.300547	0	0	0	0	
905	0.161379	0.092192	0.0691873	0	0.720868	0.411814	0.309054	0	0	0	
906	0.207059	0.129724	0.0766121	0.000722932	0.924917	0.579468	0.342219	0.00322927	0.00100235	0.00447741	
907	0.0798458	0.0797968	4.90035e-05	0	0.356664	0.356445	0.000218894	0	0	0	
908	0.11299	0.0986532	0.0143342	3.18538e-06	0.504719	0.440675	0.0640299	1.42288e-05	1.88445e-05	8.41772e-05	
909	0.105634	0.104875	0.000759257	0	0.471862	0.46847	0.00339153	0	0	0	
910	0.121662	0.08965	0.0320126	0	0.543457	0.400459	0.142997	0	0	0	
911	0.12497	0.106015	0.0184743	0.000480596	0.558232	0.473562	0.0825234	0.00214678	0.000484822	0.00216566	
912	0.107508	0.0953608	0.012107	4.07223e-05	0.480231	0.425968	0.0540812	0.000181903	5.33579e-05	0.000238345	
913	0.111225	0.0981746	0.0129911	5.99313e-05	0.496836	0.438537	0.0580305	0.000267708	5.99039e-05	0.000267585	
914	0.0762939	0.0762939	0	0	0.340798	0.340798	0	0	0	0	
915	0.131848	0.0912401	0.040496	0.000112059	0.588955	0.407562	0.180892	0.000500558	0.000115825	0.000517384	
916	0.106298	0.106298	0	0	0.474825	0.474825	0	0	0	0	
917	0.116184	0.092102	0.0240826	0	0.518987	0.411412	0.107575	0	0	0	
918	0.127708	0.0884967	0.038335	0.000876775	0.570463	0.395307	0.171239	0.00391648	0.00109139	0.00487515	
919	0.090774	0.0858038	0.00497014	0	0.405479	0.383278	0.0222012	0	0	0	
920	0.115871	0.0853717	0.0304736	2.59156e-05	0.517587	0.381348	0.136123	0.000115763	5.05043e-05	0.000225598	
921	0.0381203	0.0381203	0	0	0.17028	0.17028	0	0	0	0	
922	0.019619	0.0190495	0.000569558	0	0.0876367	0.0850925	0.00254417	0	0	0	
923	0.0613217	0.0589069	0.00241483	2.74953e-08	0.273919	0.263132	0.0107868	1.22819e-07	1.96161e-06	8.76237e-06	
924	0.0604068	0.0514359	0.00897087	0	0.269832	0.22976	0.0400721	0	0	0	
925	0.0486186	0.0446207	0.00397448	2.34128e-05	0.217175	0.199317	0.0177536	0.000104583	2.5347e-05	0.000113222	
926	0.067386	0.0585464	0.00881805	2.15338e-05	0.301007	0.261522	0.0393895	9.61898e-05	2.15062e-05	9.60665e-05	
927	0.0779394	0.0769302	0.00100924	0	0.348149	0.34364	0.00450822	0	0	0	
928	0.103315	0.0947006	0.00861518	0	0.461503	0.423019	0.0384833	0	0	0	
929	0.0445253	0.0428053	0.00172001	0	0.198891	0.191207	0.00768314	0	0	0	
930	0.0751044	0.0744324	0.000671971	0	0.335485	0.332483	0.00300164	0	0	0	
931	0.0926882	0.0822121	0.0103524	0.000123702	0.41403	0.367234	0.0462435	0.000552567	0.000123674	0.000552444	
932	0.0854711	0.0837668	0.00170435	0	0.381792	0.374179	0.00761322	0	0	0	
933	0.0475075	0.0475075	0	0	0.212212	0.212212	0	0	0	0	
934	0.0463123	0.0452642	0.00104803	0	0.206873	0.202191	0.0046815	0	0	0	
935	0.0921306	0.0773793	0.0147512	0	0.411539	0.345647	0.0658925	0	0	0	
936	0.0754884	0.0754884	0	0	0.3372	0.3372	0	0	0	0	
937	0.0616298	0.0616298	0	0	0.275295	0.275295	0	0	0	0	
938	0.067045	0.067045	0	0	0.299484	0.299484	0	0	0	0	
939	0.0730041	0.0726004	0.000403703	0	0.326103	0.324299	0.0018033	0	0	0	
940	0.0751659	0.0741785	0.000987486	0	0.33576	0.331349	0.00441102	0	0	0	
941	0.0684465	0.0684465	0	0	0.305744	0.305744	0	0	0	0	
942	0.0705481	0.0705481	0	0	0.315132	0.315132	0	0	0	0	
943	0.0799055	0.0799055	0	0	0.356931	0.356931	0	0	0	0	
944	0.063762	0.0633583	0.000403703	0	0.284819	0.283016	0.0018033	0	0	0	
945	0.063079	0.063079	0	0	0.281769	0.281769	0	0	0	0	
946	0.0653671	0.0653671	0	0	0.291989	0.291989	0	0	0	0	
947	0.0954465	0.0954465	0	0	0.426351	0.426351	0	0	0	0	
948	0.0598719	0.0540516	0.00582029	0	0.267442	0.241444	0.0259987	0	0	0	
949	0.0644926	0.0644926	0	0	0.288083	0.288083	0	0	0	0	
950	0.0857966	0.0857966	0	0	0.383246	0.383246	0	0	0	0	
951	0.115625	0.115625	0	0	0.516488	0.516488	0	0	0	0	
952	0.0495829	0.0493429	0.000240077	0	0.221483	0.22041	0.0010724	0	0	0	
953	0.0538844	0.053137	0.000747409	0	0.240697	0.237358	0.00333861	0	0	0	
954	0.087074	0.0861352	0.000938772	0	0.388952	0.384759	0.00419341	0	0	0	
955	0.0888122	0.0888122	0	0	0.396716	0.396716	0	0	0	0	
956	0.0558223	0.0495475	0.0061933	8.14728e-05	0.249353	0.221324	0.0276649	0.000363932	8.14455e-05	0.00036381	
957	0.0787301	0.0787301	0	0	0.351681	0.351681	0	0	0	0	
958	0.0770885	0.0690971	0.00799143	0	0.344348	0.308651	0.035697	0	0	0	
959	0.0906535	0.0906535	0	0	0.404941	0.404941	0	0	0	0	
960	0.0564834	0.0564834	0	0	0.252306	0.252306	0	0	0	0	
961	0.0788664	0.0746813	0.00418505	0	0.352289	0.333595	0.0186942	0	0	0	
962	0.0978381	0.0976342	0.000203967	0	0.437034	0.436123	0.000911104	0	0	0	
963	0.145314	0.145217	9.74697e-05	0	0.649108	0.648673	0.000435389	0	0	0	
964	0.104897	0.103958	0.000938772	0	0.468568	0.464375	0.00419341	0	0	0	
965	0.15202	0.0958519	0.0559756	0.000192678	0.679061	0.428162	0.250038	0.000860676	0.000192649	0.00086055	
966	0.156554	0.101264	0.0552892	0	0.699314	0.452342	0.246972	0	0	0	
967	0.0451042	0.04416	0.000944255	0	0.201477	0.197259	0.00421791	0	0	0	
968	0.0703875	0.0703875	0	0	0.314415	0.314415	0	0	0	0	
969	0.203684	0.177162	0.0265182	4.06492e-06	0.909842	0.79137	0.118454	1.81576e-05	2.24769e-05	0.000100402	
970	0.217257	0.172975	0.0439046	0.000377405	0.970473	0.772669	0.196118	0.00168583	0.000492653	0.00220064	
