Node	dPC	dPCintra	dPCflux	dPCconnector	varPC	varPCintra	varPCflux	varPCconnector	dBC_PC	varBC_PC	
1	0.172809	0.165442	0.00735884	7.99749e-06	0.76943	0.736629	0.032765	3.56086e-05	7.9697e-06	3.54849e-05	
2	0.0905726	0.0832825	0.00729009	0	0.403272	0.370813	0.0324589	0	0	0	
3	0.0914615	0.0815886	0.0098473	2.5635e-05	0.40723	0.363271	0.0438449	0.000114139	2.67215e-05	0.000118977	
4	0.0572757	0.0572757	0	0	0.255019	0.255019	0	0	0	0	
5	0.112595	0.105984	0.0066093	1.05909e-06	0.501327	0.471894	0.0294278	4.71558e-06	2.46185e-06	1.09613e-05	
6	0.0911223	0.0892697	0.00184991	2.68145e-06	0.40572	0.397471	0.00823669	1.19391e-05	2.65374e-06	1.18157e-05	
7	0.0865322	0.0859796	0.000552639	0	0.385283	0.382822	0.00246061	0	0	0	
8	0.12193	0.10275	0.0191802	0	0.542894	0.457494	0.0853996	0	0	0	
9	0.0873216	0.0864078	0.000912403	1.47414e-06	0.388797	0.384729	0.00406246	6.56357e-06	1.44649e-06	6.4405e-06	
10	0.0608782	0.0591958	0.00167196	1.0524e-05	0.271059	0.263568	0.00744438	4.6858e-05	1.09846e-05	4.89088e-05	
11	0.0846977	0.0790122	0.00568548	0	0.377115	0.3518	0.0253145	0	0	0	
12	0.0959198	0.0943594	0.00155722	3.20886e-06	0.427081	0.420133	0.0069335	1.42874e-05	3.30098e-06	1.46975e-05	
13	0.102948	0.102948	0	0	0.458377	0.458377	0	0	0	0	
14	0.083631	0.0833769	0.000254062	0	0.372365	0.371234	0.0011312	0	0	0	
15	0.0943846	0.0926917	0.00169297	0	0.420246	0.412708	0.00753795	0	0	0	
16	0.073262	0.0732619	0	0	0.326197	0.326197	0	0	0	0	
17	0.0868089	0.0844682	0.00233784	2.88195e-06	0.386515	0.376093	0.0104092	1.28318e-05	2.85431e-06	1.27087e-05	
18	0.0733007	0.0721329	0.00116782	0	0.32637	0.32117	0.0051997	0	0	0	
19	0.0873378	0.0842814	0.00305504	1.38634e-06	0.38887	0.375261	0.0136025	6.17265e-06	1.35876e-06	6.04986e-06	
20	0.0591068	0.0591068	0	0	0.263171	0.263171	0	0	0	0	
21	0.0844467	0.0817302	0.00271458	1.93536e-06	0.375997	0.363902	0.0120866	8.61715e-06	1.90789e-06	8.49487e-06	
22	0.0892823	0.0875493	0.00173295	0	0.397527	0.389811	0.00771594	0	0	0	
23	0.0982217	0.0949408	0.00327126	9.6892e-06	0.43733	0.422722	0.0145652	4.3141e-05	9.66286e-06	4.30237e-05	
24	0.065779	0.0650763	0.000702731	0	0.292879	0.289751	0.00312889	0	0	0	
25	0.121163	0.115506	0.00564153	1.47158e-05	0.539476	0.514291	0.0251188	6.5522e-05	1.66907e-05	7.43151e-05	
26	0.0855817	0.0842644	0.00131725	0	0.38105	0.375185	0.00586503	0	0	0	
27	0.0837919	0.0762184	0.00745633	0.000117198	0.373082	0.339361	0.0331991	0.000521822	0.00012002	0.000534389	
28	0.0621011	0.0621011	0	0	0.276504	0.276504	0	0	0	0	
29	0.105439	0.101253	0.00418543	2.39064e-07	0.469466	0.450829	0.0186355	1.06443e-06	2.8039e-07	1.24843e-06	
30	0.168214	0.148814	0.019317	8.32412e-05	0.748971	0.662592	0.0860088	0.000370629	0.000143362	0.000638317	
31	0.141991	0.138388	0.0036029	0	0.632215	0.616173	0.0160418	0	0	0	
32	0.144293	0.138852	0.00543738	4.34142e-06	0.642465	0.618236	0.0242098	1.933e-05	4.43264e-06	1.97362e-05	
33	0.0779074	0.0766334	0.00127395	0	0.346881	0.341209	0.00567227	0	0	0	
34	0.104845	0.0971373	0.00770766	0	0.46682	0.432502	0.0343182	0	0	0	
35	0.0718784	0.060954	0.0108741	5.02373e-05	0.320037	0.271396	0.048417	0.00022368	5.14992e-05	0.000229299	
36	0.081543	0.0811465	0.000396443	0	0.363068	0.361303	0.00176515	0	0	0	
37	0.170331	0.0949692	0.0749077	0.000454942	0.758399	0.422848	0.333525	0.00202562	0.00475836	0.0211865	
38	0.0804239	0.0784042	0.00201963	9.06754e-08	0.358085	0.349093	0.0089924	4.0373e-07	6.4492e-08	2.87149e-07	
39	0.0906182	0.0838887	0.00670877	2.07359e-05	0.403475	0.373513	0.0298706	9.23262e-05	2.14297e-05	9.54156e-05	
40	0.102282	0.100937	0.00134411	0	0.455408	0.449424	0.00598462	0	0	0	
41	0.0980166	0.0959135	0.00210314	0	0.436417	0.427053	0.00936423	0	0	0	
42	0.0752584	0.0739258	0.00133252	0	0.335086	0.329153	0.00593302	0	0	0	
43	0.0587551	0.0553231	0.00343206	0	0.261606	0.246325	0.0152811	0	0	0	
44	0.0648342	0.0645915	0.000242634	0	0.288673	0.287592	0.00108032	0	0	0	
45	0.0572013	0.0521317	0.00506957	0	0.254687	0.232115	0.0225721	0	0	0	
46	0.0953681	0.0851118	0.0102331	2.31561e-05	0.424624	0.378958	0.045563	0.000103102	2.58792e-05	0.000115226	
47	0.135926	0.134826	0.00109989	0	0.605209	0.600312	0.00489724	0	0	0	
48	0.106932	0.0850159	0.0218275	8.90411e-05	0.476114	0.378531	0.0971868	0.000396453	0.000137212	0.000610936	
49	0.168231	0.158344	0.00988439	2.5836e-06	0.749046	0.705025	0.04401	1.15034e-05	5.32144e-06	2.36936e-05	
50	0.100606	0.0952552	0.00533859	1.22278e-05	0.447946	0.424122	0.0237699	5.4444e-05	1.53556e-05	6.83706e-05	
51	0.0849827	0.0846586	0.000324038	0	0.378383	0.376941	0.00144277	0	0	0	
52	0.0799869	0.0762277	0.00375759	1.66359e-06	0.35614	0.339402	0.0167306	7.40712e-06	1.67851e-06	7.47354e-06	
53	0.0967914	0.0949565	0.00183333	1.50577e-06	0.430961	0.422792	0.00816289	6.70443e-06	1.81082e-06	8.06266e-06	
54	0.0935102	0.090748	0.0027622	0	0.416352	0.404053	0.0122986	0	0	0	
55	0.0982973	0.0927575	0.00552826	1.15771e-05	0.437666	0.413	0.0246144	5.15468e-05	1.17497e-05	5.23155e-05	
56	0.117021	0.112045	0.00497543	5.0805e-07	0.521034	0.498879	0.022153	2.26208e-06	5.32179e-07	2.36951e-06	
57	0.101534	0.100778	0.000756551	0	0.452081	0.448712	0.00336852	0	0	0	
58	0.120706	0.0913523	0.0293117	4.23553e-05	0.537442	0.406744	0.13051	0.000188586	0.000164332	0.000731688	
59	0.174415	0.112092	0.0621919	0.000131056	0.776579	0.499087	0.276908	0.000583526	0.000149631	0.00066623	
60	0.0748627	0.0736322	0.00122826	2.26382e-06	0.333324	0.327845	0.0054688	1.00796e-05	2.23621e-06	9.95669e-06	
61	0.0879514	0.0871747	0.000776646	0	0.391601	0.388143	0.003458	0	0	0	
62	0.101342	0.0934592	0.00785221	3.09265e-05	0.451224	0.416125	0.0349618	0.0001377	3.99576e-05	0.00017791	
63	0.123616	0.0939441	0.0296152	5.71917e-05	0.5504	0.418284	0.131861	0.000254645	8.28757e-05	0.000369002	
64	0.0985157	0.0968506	0.00166504	0	0.438639	0.431225	0.00741359	0	0	0	
65	0.109419	0.102602	0.00680541	1.15729e-05	0.48719	0.456837	0.0303009	5.15284e-05	1.2219e-05	5.44052e-05	
66	0.114509	0.100955	0.0135537	2.81829e-08	0.509849	0.449501	0.0603479	1.25484e-07	6.35035e-09	2.82748e-08	
67	0.16833	0.137373	0.0309152	4.10534e-05	0.749487	0.611654	0.137649	0.000182789	5.23365e-05	0.000233027	
68	0.107043	0.079885	0.0270323	0.000126294	0.476609	0.355686	0.12036	0.000562323	0.000132825	0.000591404	
69	0.115556	0.11378	0.00177583	5.20357e-07	0.514512	0.506603	0.00790688	2.31688e-06	9.66958e-07	4.30536e-06	
70	0.077099	0.0763654	0.000733506	5.99034e-08	0.343281	0.340015	0.00326592	2.66718e-07	3.25464e-08	1.44912e-07	
71	0.0647355	0.0441946	0.0205408	0	0.288233	0.196775	0.0914575	0	0	0	
72	0.164733	0.129495	0.0351805	5.75926e-05	0.733472	0.576575	0.15664	0.00025643	0.000115167	0.000512781	
73	0.0849942	0.059668	0.0252997	2.64265e-05	0.378435	0.265671	0.112646	0.000117663	2.74132e-05	0.000122057	
74	0.134884	0.106002	0.0288723	9.62214e-06	0.600569	0.471973	0.128553	4.28424e-05	9.61848e-06	4.28261e-05	
75	0.179693	0.142825	0.0366296	0.000238392	0.800081	0.635927	0.163092	0.00106143	0.000300633	0.00133856	
76	0.154181	0.140279	0.0137752	0.000126563	0.68649	0.624593	0.061334	0.000563521	0.000132558	0.000590213	
77	0.0889509	0.0889509	0	0	0.396052	0.396052	0	0	0	0	
78	0.146771	0.0979861	0.048258	0.000526908	0.653495	0.436281	0.214867	0.00234604	0.00074506	0.00331736	
79	0.16097	0.136006	0.0248739	8.92487e-05	0.716716	0.605568	0.11075	0.000397378	0.000112784	0.000502168	
80	0.137696	0.12421	0.0134466	3.93201e-05	0.61309	0.553044	0.059871	0.000175072	6.91698e-05	0.000307977	
81	0.109121	0.10541	0.00371125	0	0.485861	0.469337	0.0165242	0	0	0	
82	0.248191	0.159882	0.0873678	0.000941154	1.10506	0.711875	0.389003	0.00419047	0.00155749	0.00693473	
83	0.162816	0.124203	0.038513	0.000100186	0.724937	0.553012	0.171478	0.000446077	0.000128672	0.00057291	
84	0.113038	0.0954235	0.0176068	8.19179e-06	0.503301	0.424871	0.0783939	3.64738e-05	1.16326e-05	5.17941e-05	
85	0.137438	0.100305	0.0371323	0	0.61194	0.446609	0.165331	0	0	0	
86	0.170401	0.145051	0.0250877	0.000262257	0.758709	0.645839	0.111702	0.00116769	0.000382868	0.00170471	
87	0.0809211	0.0769912	0.00392937	5.06203e-07	0.360299	0.342802	0.0174954	2.25386e-06	4.94034e-07	2.19967e-06	
88	0.083783	0.0809825	0.00280055	0	0.373042	0.360573	0.0124694	0	0	0	
89	0.0777207	0.0763448	0.00137275	3.23761e-06	0.34605	0.339923	0.00611215	1.44154e-05	3.23962e-06	1.44243e-05	
90	0.109842	0.0980184	0.0118165	7.60395e-06	0.489071	0.436425	0.0526129	3.38564e-05	1.00948e-05	4.4947e-05	
91	0.104166	0.101562	0.00260347	4.55284e-07	0.4638	0.452207	0.0115919	2.02714e-06	9.63798e-07	4.29129e-06	
92	0.0846022	0.0832	0.00140213	1.51514e-07	0.376689	0.370446	0.00624296	6.74614e-07	1.60494e-07	7.146e-07	
93	0.0947523	0.0895599	0.0051837	8.65257e-06	0.421882	0.398764	0.0230803	3.85254e-05	2.08993e-05	9.30539e-05	
94	0.0896302	0.085094	0.00453613	0	0.399076	0.378879	0.020197	0	0	0	
95	0.153524	0.130467	0.0230552	1.74123e-06	0.683563	0.580902	0.102652	7.75283e-06	2.01159e-06	8.95657e-06	
96	0.192122	0.158345	0.033727	5.00359e-05	0.855422	0.70503	0.150169	0.000222783	6.59893e-05	0.000293816	
97	0.114035	0.093985	0.0200225	2.8264e-05	0.507742	0.418466	0.0891501	0.000125845	2.94595e-05	0.000131167	
98	0.106659	0.0889315	0.0177275	0	0.474897	0.395965	0.0789317	0	0	0	
99	0.109844	0.0997076	0.0101343	2.85015e-06	0.489081	0.443946	0.045123	1.26902e-05	4.21066e-06	1.87478e-05	
100	0.0976355	0.0916685	0.00596143	5.52422e-06	0.43472	0.408152	0.0265431	2.45965e-05	7.33699e-06	3.26678e-05	
101	0.145149	0.143816	0.00133353	0	0.646276	0.640339	0.00593753	0	0	0	
102	0.150667	0.106902	0.0436996	6.55633e-05	0.670846	0.475982	0.194571	0.000291919	0.000100243	0.000446333	
103	0.0756499	0.0730758	0.00257271	1.43667e-06	0.336829	0.325368	0.0114549	6.39678e-06	1.43563e-06	6.39215e-06	
104	0.10948	0.083024	0.0264476	8.72224e-06	0.487459	0.369662	0.117757	3.88356e-05	1.16057e-05	5.16745e-05	
105	0.091871	0.0859316	0.00585673	8.27164e-05	0.409053	0.382608	0.0260769	0.000368293	8.269e-05	0.000368175	
106	0.13652	0.11116	0.025333	2.73185e-05	0.607855	0.494938	0.112795	0.000121635	3.43396e-05	0.000152896	
107	0.194772	0.146201	0.0484594	0.000111751	0.867222	0.65096	0.215764	0.000497572	0.000146275	0.000651287	
108	0.101253	0.0965895	0.00464894	1.50051e-05	0.450829	0.430063	0.0206993	6.681e-05	1.7284e-05	7.6957e-05	
109	0.133342	0.107738	0.0255389	6.53195e-05	0.593705	0.479703	0.113711	0.000290833	0.000173026	0.000770397	
110	0.115149	0.108258	0.00689104	0	0.5127	0.482018	0.0306822	0	0	0	
111	0.103379	0.0959099	0.00746649	2.69717e-06	0.460293	0.427037	0.0332444	1.20091e-05	4.2998e-06	1.91448e-05	
112	0.100789	0.0944892	0.006293	7.23352e-06	0.448763	0.420711	0.0280194	3.22071e-05	7.98829e-06	3.55677e-05	
113	0.0927844	0.0914673	0.00131661	4.74304e-07	0.41312	0.407256	0.0058622	2.11183e-06	4.73385e-07	2.10773e-06	
114	0.159782	0.123738	0.0352244	0.000818982	0.711427	0.550944	0.156836	0.0036465	0.000947122	0.00421704	
115	0.112492	0.106457	0.00603118	3.74321e-06	0.500869	0.473999	0.0268537	1.66666e-05	4.29029e-06	1.91024e-05	
116	0.119508	0.113978	0.0055286	1.169e-06	0.53211	0.507489	0.0246159	5.20497e-06	1.39481e-06	6.21038e-06	
117	0.109341	0.0965318	0.012805	4.25355e-06	0.486839	0.429806	0.0570143	1.89388e-05	4.64562e-06	2.06845e-05	
118	0.102705	0.101268	0.00143642	5.52546e-07	0.457293	0.450895	0.00639566	2.4602e-06	5.30036e-07	2.35997e-06	
119	0.118193	0.113178	0.0050156	0	0.526254	0.503922	0.0223318	0	0	0	
120	0.107987	0.0958063	0.0121096	7.13213e-05	0.480811	0.426576	0.053918	0.000317557	8.40842e-05	0.000374383	
121	0.0889535	0.0840349	0.00491778	8.26475e-07	0.396063	0.374163	0.0218963	3.67986e-06	9.37006e-07	4.172e-06	
122	0.178374	0.15711	0.0211755	8.87301e-05	0.794208	0.69953	0.0942835	0.000395069	0.000113324	0.000504576	
123	0.109135	0.106591	0.00254396	4.19117e-07	0.485924	0.474595	0.0113269	1.86611e-06	9.46011e-07	4.21209e-06	
124	0.151101	0.0959976	0.0533618	0.00174248	0.672778	0.427427	0.237592	0.00775836	0.00298294	0.0132814	
125	0.108789	0.103013	0.00577548	0	0.484382	0.458667	0.0257152	0	0	0	
126	0.137469	0.103961	0.0328411	0.00066666	0.612078	0.462886	0.146224	0.00296829	0.00123584	0.00550257	
127	0.208614	0.190893	0.0176041	0.000117275	0.928853	0.849949	0.0783819	0.000522165	0.000143743	0.000640016	
128	0.134732	0.120202	0.0145259	3.40657e-06	0.599891	0.5352	0.0646765	1.51676e-05	7.7777e-06	3.463e-05	
129	0.122904	0.11761	0.00529428	5.46774e-07	0.547231	0.523656	0.0235726	2.4345e-06	6.02106e-07	2.68086e-06	
130	0.096652	0.095882	0.000769643	4.27288e-07	0.430341	0.426912	0.00342682	1.90249e-06	4.32163e-07	1.92419e-06	
131	0.130417	0.124164	0.00623227	2.0181e-05	0.580679	0.55284	0.027749	8.98555e-05	2.0723e-05	9.22687e-05	
132	0.118353	0.0848399	0.0335131	0	0.526965	0.377748	0.149216	0	0	0	
133	0.130272	0.110396	0.0197925	8.3715e-05	0.580037	0.491539	0.0881257	0.000372739	0.0001097	0.000488438	
134	0.0958755	0.0952807	0.000594809	0	0.426883	0.424235	0.00264837	0	0	0	
135	0.0707866	0.0702912	0.000495395	0	0.315175	0.31297	0.00220573	0	0	0	
136	0.105767	0.103123	0.0026437	7.12647e-08	0.470927	0.459156	0.011771	3.17304e-07	7.21071e-07	3.21055e-06	
137	0.11053	0.101735	0.00873486	6.01694e-05	0.492134	0.452975	0.0388918	0.000267903	8.55404e-05	0.000380867	
138	0.110691	0.103956	0.00672627	8.46679e-06	0.492851	0.462865	0.0299486	3.76982e-05	1.05123e-05	4.68061e-05	
139	0.111092	0.105811	0.00527413	6.32386e-06	0.494636	0.471125	0.0234829	2.81568e-05	9.83465e-06	4.37886e-05	
140	0.137373	0.120604	0.0167504	1.81521e-05	0.61165	0.536989	0.0745812	8.08218e-05	3.74897e-05	0.000166922	
141	0.0974171	0.0926787	0.00473392	4.49784e-06	0.433747	0.41265	0.0210776	2.00265e-05	7.76037e-06	3.45529e-05	
142	0.085196	0.0831212	0.00207477	0	0.379333	0.370095	0.00923787	0	0	0	
143	0.154698	0.154224	0.000473845	0	0.688792	0.686683	0.00210978	0	0	0	
144	0.100331	0.0984011	0.00192844	2.1799e-06	0.446725	0.438129	0.00858634	9.70599e-06	2.25436e-06	1.00375e-05	
145	0.0913962	0.0864516	0.00494329	1.31235e-06	0.406939	0.384924	0.0220099	5.84324e-06	1.88228e-06	8.38083e-06	
146	0.0642489	0.0609694	0.00327668	2.82674e-06	0.286067	0.271465	0.0145893	1.2586e-05	3.12155e-06	1.38986e-05	
147	0.0767614	0.0724442	0.0042929	2.43087e-05	0.341778	0.322556	0.019114	0.000108234	2.42899e-05	0.00010815	
148	0.11235	0.107447	0.00490243	7.55774e-07	0.500239	0.478408	0.021828	3.36507e-06	2.59718e-06	1.15639e-05	
149	0.115577	0.0995785	0.0159256	7.36538e-05	0.514608	0.443371	0.0709088	0.000327942	9.20933e-05	0.000410043	
150	0.0936779	0.0823303	0.011266	8.15323e-05	0.417099	0.366574	0.0501619	0.000363021	8.28861e-05	0.000369048	
151	0.132984	0.124039	0.00891721	2.80541e-05	0.592112	0.552284	0.0397037	0.00012491	3.07856e-05	0.000137072	
152	0.0930129	0.0844936	0.00851416	5.12376e-06	0.414138	0.376206	0.0379091	2.28134e-05	8.48267e-06	3.77689e-05	
153	0.138649	0.13519	0.00345834	0	0.617333	0.601934	0.0153982	0	0	0	
154	0.101442	0.097411	0.0040308	4.37937e-07	0.451669	0.43372	0.017947	1.9499e-06	1.03475e-06	4.60723e-06	
155	0.10453	0.0915714	0.0129463	1.25706e-05	0.465418	0.407719	0.0576431	5.59706e-05	2.05019e-05	9.12847e-05	
156	0.105125	0.094473	0.010652	0	0.468067	0.420639	0.047428	0	0	0	
157	0.0884689	0.088097	0.000371953	0	0.393906	0.39225	0.00165611	0	0	0	
158	0.109399	0.103211	0.00617334	1.38327e-05	0.487097	0.459549	0.0274866	6.159e-05	2.19566e-05	9.77617e-05	
159	0.100874	0.0989959	0.00187856	4.73787e-07	0.449143	0.440777	0.00836427	2.10953e-06	5.63491e-07	2.50893e-06	
160	0.171533	0.155397	0.0161361	0	0.763751	0.691905	0.0718458	0	0	0	
161	0.212018	0.173519	0.03846	3.95362e-05	0.944009	0.77259	0.171242	0.000176034	5.7648e-05	0.000256676	
162	0.119076	0.0940525	0.0250106	1.29079e-05	0.530184	0.418767	0.111359	5.74722e-05	1.38351e-05	6.16008e-05	
163	0.0897881	0.0783979	0.0113582	3.19857e-05	0.39978	0.349065	0.0505724	0.000142416	3.69488e-05	0.000164513	
164	0.124094	0.0895804	0.0344627	5.16528e-05	0.552529	0.398855	0.153444	0.000229983	0.000171428	0.000763282	
165	0.154223	0.115039	0.0389336	0.00024935	0.686674	0.512213	0.173351	0.00111022	0.000329308	0.00146623	
166	0.101941	0.0972779	0.00466384	0	0.453893	0.433127	0.0207656	0	0	0	
167	0.103628	0.0969747	0.00664965	3.93451e-06	0.461402	0.431778	0.0296074	1.75183e-05	5.94872e-06	2.64866e-05	
168	0.109313	0.0979188	0.0113857	9.2815e-06	0.486717	0.435981	0.0506946	4.13257e-05	1.21252e-05	5.39873e-05	
169	0.0971557	0.094646	0.00249971	9.95052e-06	0.432583	0.421409	0.0111299	4.43045e-05	9.94632e-06	4.42858e-05	
170	0.144159	0.108528	0.0350396	0.000591787	0.641869	0.483221	0.156013	0.00263492	0.000766006	0.00341062	
171	0.216919	0.195109	0.0218082	2.10745e-06	0.96583	0.86872	0.0971008	9.38339e-06	6.82791e-06	3.04011e-05	
172	0.133775	0.121995	0.0117756	4.25607e-06	0.595631	0.543181	0.0524309	1.895e-05	5.94462e-06	2.64683e-05	
173	0.167287	0.135533	0.0314529	0.000301512	0.744845	0.603459	0.140043	0.00134248	0.000370616	0.00165016	
174	0.120656	0.113129	0.00752594	7.33906e-07	0.537218	0.503706	0.0335091	3.2677e-06	7.31511e-07	3.25703e-06	
175	0.103684	0.0961593	0.00752358	1.33703e-06	0.461651	0.428147	0.0334985	5.95313e-06	1.52809e-06	6.80379e-06	
176	0.107597	0.0947481	0.0127414	0.000108321	0.479077	0.421864	0.0567312	0.000482298	0.000128148	0.000570579	
177	0.175506	0.141666	0.033461	0.000378978	0.781437	0.630765	0.148984	0.00168739	0.000452381	0.00201422	
178	0.140223	0.106333	0.0338067	8.32739e-05	0.624341	0.473446	0.150523	0.000370775	0.000117034	0.000521095	
179	0.184384	0.140305	0.0439754	0.000103686	0.820968	0.624706	0.195799	0.000461664	0.00018646	0.00083021	
180	0.113205	0.101347	0.0117038	0.00015395	0.504043	0.451247	0.0521109	0.000685462	0.00016142	0.000718722	
181	0.130035	0.125228	0.00480317	3.20079e-06	0.578978	0.557578	0.021386	1.42514e-05	3.47493e-06	1.5472e-05	
182	0.101028	0.0993408	0.00168799	0	0.449829	0.442313	0.00751574	0	0	0	
183	0.116271	0.111434	0.0048372	0	0.517696	0.496158	0.0215375	0	0	0	
184	0.0931038	0.0879551	0.00514677	1.89768e-06	0.414542	0.391618	0.0229159	8.44939e-06	2.42018e-06	1.07758e-05	
185	0.0922584	0.0825139	0.00974413	3.39102e-07	0.410778	0.367391	0.0433855	1.50984e-06	3.36302e-06	1.49738e-05	
186	0.136454	0.113715	0.0227259	1.31705e-05	0.607561	0.506316	0.101186	5.86417e-05	1.39587e-05	6.21509e-05	
187	0.0892122	0.0882054	0.00100685	0	0.397215	0.392732	0.00448299	0	0	0	
188	0.0847702	0.0806134	0.00415396	2.87624e-06	0.377438	0.358929	0.0184954	1.28064e-05	3.59207e-06	1.59936e-05	
189	0.109131	0.102212	0.00691926	0	0.485906	0.455098	0.0308079	0	0	0	
190	0.0683364	0.059331	0.00900537	0	0.304266	0.26417	0.0400962	0	0	0	
191	0.330169	0.213174	0.114694	0.00230031	1.47007	0.949155	0.510673	0.0102421	0.00243532	0.0108432	
192	0.0729329	0.0729329	0	0	0.324732	0.324732	0	0	0	0	
193	0.118317	0.118317	0	0	0.526805	0.526805	0	0	0	0	
194	0.151237	0.12098	0.0301287	0.000128227	0.673383	0.538664	0.134147	0.00057093	0.000139574	0.000621452	
195	0.089058	0.0885502	0.000507784	4.50426e-08	0.396529	0.394268	0.00226089	2.00551e-07	2.07577e-08	9.24234e-08	
196	0.0893266	0.0893266	0	0	0.397725	0.397725	0	0	0	0	
197	0.0694925	0.0559819	0.0134424	6.81389e-05	0.309414	0.249258	0.0598522	0.000303387	8.2954e-05	0.000369351	
198	0.143666	0.114214	0.0292409	0.000210768	0.639671	0.508538	0.130194	0.000938443	0.000300402	0.00133753	
199	0.139144	0.114251	0.0248894	2.98741e-06	0.619537	0.508704	0.110819	1.33014e-05	5.90645e-06	2.62983e-05	
200	0.109215	0.0871474	0.0220673	6.64827e-07	0.486279	0.388022	0.0982543	2.96012e-06	1.366e-06	6.08211e-06	
201	0.147497	0.10051	0.0465213	0.000465915	0.65673	0.447521	0.207135	0.00207447	0.000861759	0.00383696	
202	0.105776	0.105776	0	0	0.470968	0.470968	0	0	0	0	
203	0.0974369	0.0944157	0.00302112	0	0.433835	0.420384	0.0134514	0	0	0	
204	0.165431	0.133661	0.0316464	0.000124345	0.736581	0.595122	0.140905	0.000553647	0.000170946	0.000761135	
205	0.108465	0.0897691	0.018622	7.44379e-05	0.482941	0.399695	0.0829143	0.000331433	8.48408e-05	0.000377752	
206	0.18743	0.149175	0.0381537	0.00010203	0.834531	0.664198	0.169878	0.00045429	0.000114238	0.000508642	
207	0.059988	0.0518487	0.0081351	4.22885e-06	0.267095	0.230855	0.0362213	1.88288e-05	9.45229e-06	4.20861e-05	
208	0.101716	0.098168	0.00354761	1.17631e-06	0.452891	0.437091	0.0157956	5.23751e-06	1.20908e-06	5.38344e-06	
209	0.142071	0.0950872	0.0469844	0	0.632571	0.423374	0.209197	0	0	0	
210	0.114445	0.113526	0.000918843	0	0.509565	0.505474	0.00409113	0	0	0	
211	0.158719	0.103362	0.0553568	0	0.706694	0.460219	0.246475	0	0	0	
212	0.116682	0.116179	0.000503076	3.49557e-07	0.519526	0.517285	0.00223993	1.55639e-06	3.21925e-07	1.43336e-06	
213	0.233699	0.164373	0.0688844	0.000441262	1.04054	0.731869	0.306706	0.00196471	0.00164417	0.00732067	
214	0.118855	0.115623	0.00322817	4.07742e-06	0.529202	0.514811	0.0143733	1.81546e-05	1.3525e-05	6.02201e-05	
215	0.178494	0.161326	0.0171475	2.01457e-05	0.794741	0.718303	0.0763491	8.96987e-05	2.39287e-05	0.000106542	
216	0.0958631	0.0846633	0.0111998	5.01223e-08	0.426828	0.376961	0.0498668	2.23168e-07	1.00916e-07	4.49329e-07	
217	0.196031	0.140641	0.0546387	0.000750667	0.872824	0.626204	0.243278	0.00334233	0.000996251	0.00443578	
218	0.0973731	0.0969903	0.000382763	0	0.433551	0.431847	0.00170424	0	0	0	
219	0.133282	0.13282	0.000461578	0	0.593437	0.591382	0.00205516	0	0	0	
220	0.0951669	0.0836692	0.0114976	5.5902e-08	0.423728	0.372535	0.051193	2.48902e-07	3.25627e-07	1.44984e-06	
221	0.109964	0.093685	0.0162567	2.31348e-05	0.489616	0.41713	0.0723827	0.000103007	2.82977e-05	0.000125995	
222	0.0514422	0.0501831	0.00125908	0	0.229045	0.223439	0.00560606	0	0	0	
223	0.0969723	0.0965936	0.00037866	0	0.431767	0.430081	0.00168597	0	0	0	
224	0.15867	0.144969	0.0137	5.0268e-07	0.706476	0.645474	0.0609992	2.23817e-06	6.15294e-07	2.73958e-06	
225	0.0804778	0.078149	0.00232876	0	0.358325	0.347957	0.0103688	0	0	0	
226	0.232485	0.224593	0.00787723	1.47138e-05	1.03513	1	0.0350732	6.5513e-05	1.4855e-05	6.61417e-05	
227	0.0839294	0.0820924	0.00183563	1.42354e-06	0.373694	0.365514	0.00817311	6.33828e-06	2.36458e-06	1.05282e-05	
228	0.093642	0.0791771	0.0144648	0	0.416939	0.352534	0.0644044	0	0	0	
229	0.128703	0.123621	0.00508229	0	0.573049	0.55042	0.0226288	0	0	0	
230	0.107981	0.106346	0.00163501	0	0.480784	0.473504	0.00727985	0	0	0	
231	0.0921566	0.0918155	0.000341149	0	0.410325	0.408806	0.00151896	0	0	0	
232	0.08582	0.07491	0.01091	0	0.382112	0.333535	0.0485767	0	0	0	
233	0.0793164	0.077948	0.00136494	3.46e-06	0.353155	0.347062	0.00607738	1.54056e-05	3.4688e-06	1.54447e-05	
234	0.104061	0.104061	0	0	0.463329	0.463329	0	0	0	0	
235	0.135931	0.135931	0	0	0.605233	0.605233	0	0	0	0	
236	0.069323	0.0660157	0.00329823	9.12961e-06	0.308659	0.293933	0.0146853	4.06494e-05	1.08819e-05	4.84516e-05	
237	0.0489329	0.0472599	0.00167304	0	0.217873	0.210423	0.00744919	0	0	0	
238	0.0892967	0.0892967	0	0	0.397592	0.397592	0	0	0	0	
239	0.152152	0.121702	0.030209	0.000240087	0.677453	0.541879	0.134505	0.00106898	0.00024007	0.0010689	
240	0.0926349	0.0904718	0.00216316	0	0.412455	0.402824	0.00963144	0	0	0	
241	0.14919	0.118332	0.0308009	5.68271e-05	0.664268	0.526874	0.13714	0.000253021	6.03089e-05	0.000268524	
242	0.0854553	0.0853855	6.97619e-05	0	0.380488	0.380177	0.000310613	0	0	0	
243	0.0859502	0.0859502	0	0	0.382691	0.382691	0	0	0	0	
244	0.0886846	0.0886511	3.34726e-05	0	0.394866	0.394717	0.000149036	0	0	0	
245	0.123392	0.0950432	0.0278981	0.000451207	0.549403	0.423178	0.124215	0.00200899	0.000489181	0.00217807	
246	0.105165	0.0894546	0.0157112	0	0.468248	0.398294	0.0699538	0	0	0	
247	0.11115	0.107086	0.00404688	1.67341e-05	0.494894	0.476801	0.0180186	7.45085e-05	1.75154e-05	7.79873e-05	
248	0.0835205	0.0835205	0	0	0.371873	0.371873	0	0	0	0	
249	0.0743755	0.0699461	0.00442937	0	0.331155	0.311433	0.0197217	0	0	0	
250	0.0686029	0.0665932	0.00200299	6.77611e-06	0.305453	0.296504	0.00891827	3.01705e-05	6.74854e-06	3.00477e-05	
251	0.126261	0.10918	0.0170009	8.05196e-05	0.562178	0.486123	0.0756965	0.000358512	8.0492e-05	0.000358389	
252	0.07749	0.0692186	0.0082144	5.70232e-05	0.345022	0.308194	0.0365744	0.000253894	5.7628e-05	0.000256587	
253	0.0980552	0.0977325	0.000322734	0	0.436589	0.435152	0.00143697	0	0	0	
254	0.0778198	0.0776026	0.000217203	0	0.346491	0.345524	0.000967093	0	0	0	
255	0.0866939	0.0866525	4.13664e-05	0	0.386003	0.385818	0.000184183	0	0	0	
256	0.0994995	0.0966353	0.00286308	1.18505e-06	0.443019	0.430266	0.0127478	5.27642e-06	1.25431e-06	5.58481e-06	
257	0.0891336	0.0887239	0.000409694	0	0.396865	0.395041	0.00182415	0	0	0	
258	0.100588	0.0961125	0.00446493	1.09746e-05	0.447868	0.427939	0.01988	4.88643e-05	1.2376e-05	5.5104e-05	
259	0.0510931	0.0452302	0.00578896	7.38762e-05	0.227491	0.201386	0.0257752	0.000328932	7.77538e-05	0.000346197	
260	0.0448219	0.0417096	0.00311225	0	0.199568	0.185711	0.0138572	0	0	0	
261	0.110447	0.109773	0.000674036	0	0.491763	0.488762	0.00300113	0	0	0	
262	0.115462	0.111007	0.00445478	0	0.514094	0.494259	0.0198348	0	0	0	
263	0.0600833	0.0437237	0.0159732	0.000386438	0.267519	0.194678	0.0711204	0.0017206	0.000444095	0.00197732	
264	0.19075	0.139845	0.050558	0.000347891	0.849314	0.622657	0.225108	0.00154898	0.00118767	0.00528809	
265	0.0480241	0.043321	0.0047016	1.58486e-06	0.213826	0.192885	0.0209338	7.05659e-06	5.60657e-06	2.49631e-05	
266	0.0853405	0.0833481	0.00199212	3.24507e-07	0.379977	0.371105	0.00886989	1.44486e-06	2.96932e-07	1.32208e-06	
267	0.0486288	0.0455165	0.00311225	0	0.216518	0.202661	0.0138572	0	0	0	
268	0.0853083	0.0851077	0.000200629	0	0.379833	0.37894	0.000893298	0	0	0	
269	0.205759	0.204622	0.00113728	2.71025e-07	0.91614	0.911075	0.00506371	1.20673e-06	3.36835e-07	1.49975e-06	
270	0.107455	0.107237	0.000217972	2.91918e-08	0.478445	0.477474	0.000970517	1.29976e-07	1.56076e-09	6.94926e-09	
271	0.0845047	0.0845047	0	0	0.376255	0.376255	0	0	0	0	
272	0.105491	0.103531	0.0019607	0	0.469699	0.460969	0.00873	0	0	0	
273	0.106584	0.0915108	0.0150088	6.44726e-05	0.474563	0.40745	0.0668267	0.000287063	9.50168e-05	0.00042306	
274	0.101435	0.0941471	0.00728874	6.78747e-08	0.451641	0.419188	0.0324529	3.0221e-07	1.89396e-07	8.43282e-07	
275	0.120183	0.111034	0.00905191	9.68077e-05	0.535114	0.49438	0.0403034	0.000431034	0.000101278	0.000450942	
276	0.0909944	0.0896377	0.00135669	0	0.405151	0.39911	0.00604067	0	0	0	
277	0.105866	0.103866	0.00199282	6.92652e-06	0.471369	0.462465	0.00887303	3.08402e-05	7.34662e-06	3.27107e-05	
278	0.177546	0.147712	0.0297608	7.36209e-05	0.790523	0.657686	0.132509	0.000327795	0.000142995	0.000636684	
279	0.0780188	0.0768944	0.00112443	0	0.347377	0.34237	0.00500653	0	0	0	
280	0.140108	0.121148	0.0189578	2.43279e-06	0.623829	0.539409	0.0844092	1.08319e-05	1.66e-05	7.39115e-05	
281	0.11421	0.0949372	0.019188	8.48187e-05	0.508518	0.422706	0.0854343	0.000377653	9.26568e-05	0.000412552	
282	0.0854003	0.0810754	0.00432488	0	0.380243	0.360986	0.0192564	0	0	0	
283	0.100084	0.0909603	0.00910891	1.53752e-05	0.445624	0.404999	0.0405572	6.84581e-05	2.12486e-05	9.46093e-05	
284	0.138244	0.110402	0.0277863	5.55256e-05	0.615532	0.491567	0.123718	0.000247227	7.00393e-05	0.000311848	
285	0.100478	0.0870633	0.0134152	0	0.447379	0.387648	0.0597311	0	0	0	
286	0.119595	0.0819184	0.0376109	6.63873e-05	0.532497	0.36474	0.167461	0.000295588	0.000172769	0.000769251	
287	0.0766132	0.0652567	0.0113565	0	0.341118	0.290554	0.0505646	0	0	0	
288	0.216334	0.140217	0.0743442	0.00177211	0.963223	0.624317	0.331016	0.00789032	0.00227087	0.010111	
289	0.0674624	0.0655017	0.0019607	0	0.300375	0.291645	0.00873	0	0	0	
290	0.0697178	0.0688533	0.000864534	0	0.310417	0.306568	0.00384932	0	0	0	
291	0.207941	0.136898	0.0698367	0.00120645	0.925855	0.609537	0.310946	0.00537172	0.00141195	0.00628671	
292	0.134243	0.116434	0.017745	6.38105e-05	0.597716	0.518423	0.0790093	0.000284115	6.8789e-05	0.000306281	
293	0.0645882	0.0474752	0.0171129	0	0.287578	0.211382	0.0761952	0	0	0	
294	0.0641926	0.0608735	0.00330824	1.08293e-05	0.285816	0.271038	0.0147298	4.82176e-05	1.99492e-05	8.88237e-05	
295	0.17808	0.151858	0.0261471	7.42549e-05	0.792898	0.676147	0.116419	0.000330618	0.000155769	0.00069356	
296	0.118066	0.118066	0	0	0.525688	0.525688	0	0	0	0	
297	0.172725	0.146294	0.0264106	1.96534e-05	0.769054	0.651374	0.117592	8.75067e-05	3.40166e-05	0.000151458	
298	0.103394	0.0906574	0.0126621	7.45813e-05	0.46036	0.40365	0.0563779	0.000332072	8.26533e-05	0.000368012	
299	0.0960571	0.079261	0.0163534	0.000442631	0.427692	0.352908	0.0728134	0.0019708	0.000442603	0.00197068	
300	0.0774591	0.0765946	0.000864534	0	0.344885	0.341036	0.00384932	0	0	0	
301	0.0634368	0.0621159	0.00132092	0	0.282451	0.27657	0.0058814	0	0	0	
302	0.072277	0.0692124	0.00306396	6.343e-07	0.321812	0.308167	0.0136422	2.82421e-06	9.16084e-07	4.07884e-06	
303	0.123383	0.105604	0.0176862	9.27673e-05	0.549362	0.470201	0.0787477	0.000413044	0.000108042	0.000481058	
304	0.0952619	0.0952619	0	0	0.424151	0.424151	0	0	0	0	
305	0.0513354	0.041192	0.0100657	7.77322e-05	0.22857	0.183406	0.0448177	0.000346101	8.09093e-05	0.000360247	
306	0.0589488	0.0528306	0.00611814	0	0.262468	0.235227	0.0272409	0	0	0	
307	0.0884371	0.087134	0.00130313	0	0.393764	0.387962	0.00580219	0	0	0	
308	0.0898699	0.0753802	0.0144733	1.63158e-05	0.400144	0.335629	0.0644424	7.26461e-05	2.75653e-05	0.000122734	
309	0.123772	0.110553	0.0130942	0.000124929	0.551093	0.492235	0.0583019	0.000556247	0.000128461	0.000571974	
310	0.145193	0.143062	0.00212597	4.52043e-06	0.64647	0.636985	0.00946584	2.01271e-05	4.86914e-06	2.16797e-05	
311	0.0803697	0.0738023	0.00653199	3.54378e-05	0.357844	0.328603	0.0290835	0.000157786	4.02936e-05	0.000179406	
312	0.14059	0.0956576	0.044489	0.000443593	0.625975	0.425913	0.198086	0.00197509	0.000550378	0.00245054	
313	0.103202	0.0932516	0.00991532	3.52011e-05	0.459505	0.415201	0.0441477	0.000156732	3.61374e-05	0.000160901	
314	0.0786595	0.0771307	0.00152879	0	0.350229	0.343423	0.00680692	0	0	0	
315	0.109662	0.0947962	0.0147811	8.50256e-05	0.488269	0.422078	0.0658127	0.000378575	9.02696e-05	0.000401923	
316	0.0746413	0.0704703	0.00417096	0	0.332339	0.313767	0.0185711	0	0	0	
317	0.123128	0.0766204	0.0461977	0.000310347	0.548227	0.341151	0.205694	0.00138181	0.000725102	0.0032285	
318	0.177405	0.122046	0.055356	2.86193e-06	0.789893	0.543408	0.246471	1.27427e-05	2.83498e-06	1.26227e-05	
319	0.245422	0.143315	0.0987489	0.00335838	1.09274	0.638109	0.439677	0.0149531	0.00441	0.0196354	
320	0.0884421	0.0759519	0.012464	2.61296e-05	0.393786	0.338174	0.0554958	0.000116341	3.74624e-05	0.0001668	
321	0.1497	0.0986279	0.049657	0.00141577	0.666539	0.439138	0.221096	0.00630369	0.00152821	0.00680435	
322	0.143823	0.0786589	0.0642015	0.000963181	0.640372	0.350227	0.285856	0.00428854	0.00107793	0.00479947	
323	0.0978208	0.0946924	0.00312836	0	0.435545	0.421616	0.0139289	0	0	0	
324	0.126643	0.124983	0.00165906	0	0.563875	0.556488	0.00738695	0	0	0	
325	0.090447	0.0900755	0.000371485	0	0.402713	0.401059	0.00165403	0	0	0	
326	0.0714111	0.0709523	0.000458821	0	0.317956	0.315913	0.00204289	0	0	0	
327	0.0789318	0.0750139	0.0039168	1.11957e-06	0.351442	0.333998	0.0174395	4.98487e-06	3.45297e-06	1.53742e-05	
328	0.0907256	0.0905642	0.000161355	0	0.403954	0.403235	0.00071843	0	0	0	
329	0.0957201	0.0913236	0.0043962	2.75671e-07	0.426191	0.406616	0.019574	1.22742e-06	6.44945e-07	2.8716e-06	
330	0.145307	0.0881367	0.0552521	0.00191878	0.646979	0.392427	0.246009	0.00854336	0.00252318	0.0112344	
331	0.126513	0.116669	0.00981173	3.25686e-05	0.563299	0.519467	0.0436865	0.000145011	3.53051e-05	0.000157195	
332	0.109636	0.0962079	0.013362	6.67023e-05	0.488155	0.428364	0.0594942	0.00029699	8.64738e-05	0.000385022	
333	0.124003	0.0982836	0.0257163	3.89784e-06	0.552124	0.437605	0.114501	1.7355e-05	4.25279e-06	1.89354e-05	
334	0.142827	0.0882787	0.0540518	0.000496565	0.635934	0.393059	0.240664	0.00221094	0.00075832	0.0033764	
335	0.0833254	0.0803164	0.00300896	0	0.371004	0.357607	0.0133973	0	0	0	
336	0.106852	0.0892823	0.0175166	5.38542e-05	0.47576	0.397527	0.0779924	0.000239785	0.000136549	0.000607983	
337	0.119243	0.111628	0.00760698	8.62825e-06	0.530931	0.497022	0.0338699	3.84171e-05	1.21978e-05	5.43108e-05	
338	0.112461	0.101502	0.0109066	5.23944e-05	0.500734	0.451939	0.0485615	0.000233285	5.73611e-05	0.000255399	
339	0.0851201	0.0769048	0.00818112	3.41864e-05	0.378995	0.342417	0.0364262	0.000152214	3.68155e-05	0.00016392	
340	0.102315	0.0834252	0.0188117	7.81993e-05	0.455556	0.371449	0.083759	0.00034818	0.000105662	0.000470459	
341	0.105288	0.104147	0.0011413	0	0.468795	0.463714	0.00508163	0	0	0	
342	0.112646	0.0752654	0.0372041	0.000177081	0.501557	0.335117	0.16565	0.00078845	0.000267805	0.00119239	
343	0.149632	0.0880944	0.0591618	0.00237614	0.666235	0.392238	0.263417	0.0105797	0.00468566	0.0208628	
344	0.0834822	0.082355	0.00112714	0	0.371702	0.366684	0.00501858	0	0	0	
345	0.120842	0.0949428	0.0257641	0.000135066	0.538046	0.422731	0.114714	0.000601382	0.000180004	0.000801468	
346	0.141173	0.0981236	0.042513	0.000536918	0.628572	0.436893	0.189288	0.00239062	0.000742489	0.00330591	
347	0.0965379	0.0753846	0.0209307	0.000222524	0.429833	0.335648	0.0931936	0.000990786	0.00025131	0.00111895	
348	0.0972548	0.0836181	0.0136367	0	0.433025	0.372308	0.0607171	0	0	0	
349	0.080399	0.0721097	0.0082317	5.7581e-05	0.357975	0.321067	0.0366515	0.000256378	7.50865e-05	0.000334321	
350	0.144357	0.075992	0.0673443	0.00102108	0.642748	0.338353	0.299849	0.00454633	0.00180279	0.00802691	
351	0.158918	0.0935793	0.0650863	0.000252741	0.70758	0.41666	0.289795	0.00112532	0.000478655	0.0021312	
352	0.137874	0.0816365	0.0556926	0.000545278	0.613883	0.363485	0.24797	0.00242784	0.00069097	0.00307653	
353	0.0865544	0.0778614	0.00867459	1.84136e-05	0.385381	0.346676	0.0386234	8.19866e-05	2.03486e-05	9.06017e-05	
354	0.0894718	0.0790767	0.0102819	0.000113169	0.398371	0.352087	0.0457801	0.000503884	0.000119914	0.000533918	
355	0.0833277	0.0833277	0	0	0.371014	0.371014	0	0	0	0	
356	0.122608	0.108668	0.013879	6.08646e-05	0.545911	0.483844	0.0617963	0.000270998	6.62805e-05	0.000295112	
357	0.219734	0.107863	0.105423	0.00644717	0.978361	0.480259	0.469396	0.0287059	0.00881746	0.0392596	
358	0.167388	0.0976888	0.0675682	0.00213175	0.745295	0.434957	0.300846	0.00949157	0.00289031	0.012869	
359	0.106161	0.0780565	0.0276666	0.000438421	0.472682	0.347545	0.123185	0.00195206	0.000495386	0.00220569	
360	0.101015	0.0964493	0.00456568	4.41056e-07	0.449769	0.429438	0.0203286	1.96379e-06	4.30691e-07	1.91764e-06	
361	0.0469065	0.0469065	0	0	0.20885	0.20885	0	0	0	0	
362	0.103119	0.0869019	0.0161474	7.02663e-05	0.459138	0.386929	0.071896	0.000312859	8.17991e-05	0.000364208	
363	0.049021	0.0489916	2.939e-05	0	0.218265	0.218134	0.000130858	0	0	0	
364	0.129504	0.113178	0.0163116	1.45906e-05	0.576615	0.503923	0.0726274	6.49646e-05	1.57888e-05	7.02993e-05	
365	0.0828127	0.0790634	0.00374211	7.23647e-06	0.368722	0.352028	0.0166616	3.22202e-05	8.91559e-06	3.96965e-05	
366	0.106737	0.0912719	0.0154548	1.04965e-05	0.475245	0.406386	0.0688123	4.67355e-05	2.78484e-05	0.000123994	
367	0.124196	0.104781	0.0192758	0.000139103	0.552983	0.466538	0.0858251	0.000619354	0.000203122	0.0009044	
368	0.0802202	0.0753988	0.00481653	4.94771e-06	0.357179	0.335711	0.0214455	2.20296e-05	4.92018e-06	2.1907e-05	
369	0.082845	0.0799123	0.00293274	2.75606e-08	0.368866	0.355808	0.0130579	1.22713e-07	3.01175e-08	1.34097e-07	
370	0.114136	0.0911888	0.0227307	0.000217265	0.508192	0.406016	0.101208	0.000967372	0.000277184	0.00123416	
371	0.106306	0.0789337	0.0273583	1.39884e-05	0.473325	0.35145	0.121812	6.22833e-05	2.04852e-05	9.12102e-05	
372	0.100086	0.0786568	0.0213517	7.79054e-05	0.445632	0.350217	0.0950681	0.000346872	9.86559e-05	0.000439263	
373	0.0854379	0.0788115	0.00661933	7.14348e-06	0.38041	0.350906	0.0294724	3.18062e-05	8.59506e-06	3.82693e-05	
374	0.204034	0.103416	0.0905432	0.0100742	0.908457	0.460459	0.403142	0.0448554	0.0183514	0.0817095	
375	0.152737	0.126499	0.0260523	0.000185485	0.680061	0.563238	0.115997	0.000825872	0.00018995	0.000845752	
376	0.0993614	0.0983914	0.000969753	2.36597e-07	0.442404	0.438086	0.0043178	1.05344e-06	2.31462e-07	1.03058e-06	
377	0.105228	0.0995693	0.00564862	1.02965e-05	0.468526	0.44333	0.0251503	4.5845e-05	1.69253e-05	7.53597e-05	
378	0.121274	0.10317	0.018055	4.83265e-05	0.53997	0.459365	0.0803898	0.000215172	8.93529e-05	0.000397842	
379	0.0951039	0.0763207	0.018728	5.52577e-05	0.423448	0.339816	0.0833861	0.000246034	8.8649e-05	0.000394707	
380	0.107663	0.0819829	0.0256515	2.89373e-05	0.479369	0.365027	0.114212	0.000128842	4.82911e-05	0.000215015	
381	0.101106	0.0793774	0.0216092	0.000119847	0.450174	0.353426	0.0962146	0.000533618	0.000174261	0.000775894	
382	0.105656	0.103487	0.00216738	1.26709e-06	0.470432	0.460776	0.00965025	5.64171e-06	2.51017e-06	1.11764e-05	
383	0.0812762	0.0755143	0.00576189	0	0.36188	0.336226	0.0256547	0	0	0	
384	0.0918287	0.0899072	0.00192141	0	0.408865	0.40031	0.00855505	0	0	0	
385	0.13218	0.10675	0.0253098	0.000120395	0.588532	0.475305	0.112691	0.000536056	0.000356971	0.0015894	
386	0.0959663	0.0791826	0.0166202	0.000163373	0.427288	0.352559	0.0740015	0.000727415	0.000235229	0.00104735	
387	0.0924977	0.0837613	0.00867231	6.40515e-05	0.411844	0.372945	0.0386133	0.000285188	6.978e-05	0.000310694	
388	0.0830675	0.0765531	0.00651438	0	0.369856	0.340851	0.0290051	0	0	0	
389	0.140193	0.110563	0.0296285	1.58302e-06	0.624209	0.492282	0.13192	7.04838e-06	1.5952e-06	7.1026e-06	
390	0.0826263	0.0739541	0.00866994	2.25047e-06	0.367892	0.329279	0.0386027	1.00201e-05	2.32192e-06	1.03383e-05	
391	0.0956564	0.0907642	0.00489214	0	0.425908	0.404126	0.0217821	0	0	0	
392	0.100522	0.0495714	0.0504861	0.000464462	0.447572	0.220715	0.224788	0.002068	0.000572031	0.00254695	
393	0.0863029	0.080464	0.00583883	0	0.384262	0.358264	0.0259973	0	0	0	
394	0.0967082	0.0921321	0.00457605	2.97296e-08	0.430591	0.410216	0.0203747	1.3237e-07	3.54342e-09	1.5777e-08	
395	0.155786	0.137548	0.0182227	1.56636e-05	0.693636	0.61243	0.0811363	6.97419e-05	1.58414e-05	7.05338e-05	
396	0.108269	0.0588356	0.0494339	0	0.482068	0.261964	0.220103	0	0	0	
397	0.130514	0.100793	0.0295541	0.000167522	0.581114	0.448779	0.131589	0.000745892	0.000629403	0.0028024	
398	0.0914886	0.0906941	0.000793775	7.20819e-07	0.407351	0.403813	0.00353426	3.20943e-06	6.94333e-07	3.0915e-06	
399	0.078783	0.0781206	0.000662381	0	0.350779	0.34783	0.00294923	0	0	0	
400	0.146099	0.128396	0.017696	6.76812e-06	0.650505	0.571684	0.0787912	3.01349e-05	1.64422e-05	7.32088e-05	
401	0.102028	0.100117	0.00191042	0	0.454277	0.445771	0.00850611	0	0	0	
402	0.105711	0.0829773	0.0227328	1.4421e-06	0.470679	0.369455	0.101217	6.42094e-06	1.6652e-06	7.41428e-06	
403	0.119012	0.088367	0.0304437	0.000202223	0.529902	0.393452	0.13555	0.000900397	0.000296595	0.00132058	
404	0.107089	0.0982791	0.00880665	3.44751e-06	0.476812	0.437586	0.0392114	1.535e-05	3.41962e-06	1.52258e-05	
405	0.106769	0.106663	0.000105676	0	0.475386	0.474916	0.000470523	0	0	0	
406	0.19976	0.176035	0.0237114	1.40925e-05	0.889431	0.783793	0.105574	6.27466e-05	2.25879e-05	0.000100572	
407	0.121238	0.0850748	0.0360019	0.000162191	0.539813	0.378793	0.160297	0.000722155	0.000187807	0.000836208	
408	0.129989	0.127051	0.00293829	0	0.578776	0.565693	0.0130827	0	0	0	
409	0.0933921	0.0915558	0.00183632	0	0.415826	0.40765	0.00817618	0	0	0	
410	0.109867	0.0875312	0.0223134	2.25706e-05	0.489181	0.389731	0.0993499	0.000100495	2.37584e-05	0.000105784	
411	0.135314	0.116974	0.0183344	5.78896e-06	0.602484	0.520825	0.0816338	2.57752e-05	5.76053e-06	2.56486e-05	
412	0.150834	0.121859	0.0289677	7.78557e-06	0.671588	0.542575	0.128978	3.46651e-05	9.9564e-06	4.43307e-05	
413	0.0936555	0.0913411	0.0023144	0	0.416999	0.406694	0.0103048	0	0	0	
414	0.14568	0.112312	0.0333133	5.5262e-05	0.648641	0.500068	0.148327	0.000246053	7.0503e-05	0.000313913	
415	0.0933106	0.0917663	0.00154424	0	0.415463	0.408587	0.00687573	0	0	0	
416	0.134143	0.105888	0.0282549	0	0.597271	0.471466	0.125804	0	0	0	
417	0.104324	0.0955716	0.00875277	0	0.464502	0.42553	0.0389715	0	0	0	
418	0.0837693	0.0767731	0.00699601	2.66505e-07	0.372981	0.34183	0.0311496	1.18661e-06	5.9746e-07	2.66018e-06	
419	0.132488	0.101933	0.0305149	4.01518e-05	0.589902	0.453856	0.135867	0.000178775	7.84939e-05	0.000349492	
420	0.0835941	0.0835941	0	0	0.372201	0.372201	0	0	0	0	
421	0.0945596	0.0859879	0.00857169	0	0.421025	0.382859	0.0381653	0	0	0	
422	0.112713	0.0808895	0.0311255	0.000697998	0.501852	0.360158	0.138585	0.00310782	0.00074305	0.00330841	
423	0.0655486	0.0559153	0.00960997	2.33172e-05	0.291854	0.248962	0.0427882	0.000103819	2.57975e-05	0.000114863	
424	0.110813	0.11042	0.0003936	0	0.493396	0.491644	0.00175249	0	0	0	
425	0.0751403	0.0694815	0.00563426	2.45793e-05	0.334561	0.309365	0.0250864	0.000109439	2.54752e-05	0.000113428	
426	0.113776	0.108924	0.00483439	1.80355e-05	0.506588	0.484983	0.021525	8.03029e-05	1.80481e-05	8.03591e-05	
427	0.0924623	0.0903817	0.0020751	5.50768e-06	0.411686	0.402422	0.00923935	2.45228e-05	5.56664e-06	2.47853e-05	
428	0.0974431	0.0939531	0.00347666	1.33057e-05	0.433863	0.418324	0.0154797	5.92435e-05	1.4258e-05	6.34834e-05	
429	0.119899	0.0881349	0.0317648	0	0.533851	0.392418	0.141432	0	0	0	
430	0.224136	0.212164	0.0119694	2.07912e-06	0.997961	0.944658	0.0532938	9.25724e-06	2.05629e-06	9.15563e-06	
431	0.173671	0.166174	0.00749706	0	0.773267	0.739886	0.0333805	0	0	0	
432	0.136521	0.11207	0.0244329	1.82027e-05	0.60786	0.498992	0.108787	8.10475e-05	2.00147e-05	8.91152e-05	
433	0.106153	0.0984787	0.0076587	1.58757e-05	0.472645	0.438474	0.0341002	7.06864e-05	2.42733e-05	0.000108076	
434	0.0876023	0.0805122	0.00708668	3.45864e-06	0.390047	0.358478	0.0315533	1.53995e-05	1.02927e-05	4.58281e-05	
435	0.21612	0.151962	0.0641	5.80082e-05	0.962273	0.676611	0.285404	0.00025828	8.40599e-05	0.000374275	
436	0.127578	0.0860825	0.0414002	9.54163e-05	0.568039	0.38328	0.184333	0.000424839	0.000128154	0.000570604	
437	0.145115	0.0861318	0.0579578	0.00102578	0.646123	0.3835	0.258056	0.0045673	0.00153595	0.00683878	
438	0.180394	0.130352	0.0492466	0.000795116	0.803202	0.580392	0.219269	0.00354024	0.000900631	0.00401004	
439	0.131871	0.127027	0.00483697	6.55737e-06	0.587153	0.565588	0.0215365	2.91965e-05	6.96657e-06	3.10185e-05	
440	0.0822487	0.0801245	0.00211891	5.29773e-06	0.366211	0.356753	0.00943443	2.3588e-05	5.62792e-06	2.50582e-05	
441	0.0698841	0.0676159	0.00226821	0	0.311158	0.301058	0.0100991	0	0	0	
442	0.141464	0.0949023	0.0437451	0.00281704	0.629868	0.42255	0.194774	0.0125428	0.00380902	0.0169596	
443	0.176331	0.137914	0.0379772	0.000439875	0.785114	0.614062	0.169092	0.00195853	0.000715981	0.00318789	
444	0.137481	0.107927	0.0295162	3.70309e-05	0.612132	0.480546	0.13142	0.000164879	6.60961e-05	0.000294291	
445	0.112282	0.0881945	0.0240129	7.54532e-05	0.499937	0.392684	0.106917	0.000335954	0.000132643	0.000590593	
446	0.150381	0.0906873	0.0589143	0.000779964	0.669571	0.403783	0.262314	0.00347277	0.00118828	0.00529082	
447	0.162564	0.12195	0.0406137	0	0.723815	0.542984	0.180831	0	0	0	
448	0.0467355	0.0375459	0.00918964	0	0.208089	0.167172	0.0409167	0	0	0	
449	0.274718	0.154168	0.120325	0.000224489	1.22317	0.686431	0.535746	0.000999535	0.000353157	0.00157242	
450	0.0893983	0.0794117	0.00998664	0	0.398044	0.353579	0.0444653	0	0	0	
451	0.135269	0.120197	0.0150668	5.66516e-06	0.602286	0.535176	0.0670846	2.5224e-05	7.81416e-06	3.47924e-05	
452	0.179653	0.100028	0.0783026	0.00132164	0.799902	0.445377	0.348641	0.00588461	0.00160316	0.00713808	
453	0.106037	0.0955523	0.0104817	3.03675e-06	0.472128	0.425444	0.0466698	1.3521e-05	4.05136e-06	1.80386e-05	
454	0.137248	0.089145	0.0481034	0	0.611095	0.396916	0.214179	0	0	0	
455	0.16141	0.105045	0.0560181	0.000346856	0.718674	0.46771	0.249419	0.00154437	0.00047604	0.00211956	
456	0.146968	0.111865	0.0349719	0.000131391	0.654373	0.498076	0.155711	0.000585018	0.00045909	0.00204408	
457	0.125291	0.100532	0.0247441	1.5217e-05	0.55786	0.447619	0.110173	6.77535e-05	0.00010283	0.000457851	
458	0.0953223	0.0789124	0.0164099	0	0.42442	0.351356	0.0730648	0	0	0	
459	0.100716	0.0888902	0.011826	0	0.448437	0.395781	0.0526552	0	0	0	
460	0.150676	0.0853457	0.0653282	2.64791e-06	0.670884	0.38	0.290872	1.17897e-05	1.71825e-05	7.65048e-05	
461	0.147906	0.0855179	0.0623663	2.19036e-05	0.658549	0.380766	0.277685	9.75255e-05	4.57704e-05	0.000203792	
462	0.122201	0.099983	0.0221658	5.28952e-05	0.5441	0.445172	0.0986928	0.000235515	9.78737e-05	0.00043578	
463	0.140419	0.119482	0.0209367	0	0.625213	0.531992	0.0932205	0	0	0	
464	0.0826945	0.0689812	0.0136873	2.60448e-05	0.368196	0.307137	0.0609425	0.000115964	3.73077e-05	0.000166112	
465	0.0857402	0.0826726	0.0030675	0	0.381756	0.368098	0.0136579	0	0	0	
466	0.17773	0.109925	0.067536	0.000269083	0.791342	0.489441	0.300702	0.00119808	0.000344505	0.0015339	
467	0.113015	0.0797702	0.0327557	0.000489111	0.503197	0.355175	0.145844	0.00217775	0.00127251	0.00566583	
468	0.107259	0.101539	0.00571935	8.37588e-07	0.47757	0.452101	0.0254653	3.72934e-06	1.16353e-06	5.18059e-06	
469	0.0767839	0.0767839	0	0	0.341879	0.341879	0	0	0	0	
470	0.106099	0.0949185	0.0111805	0	0.472404	0.422623	0.049781	0	0	0	
471	0.128013	0.0790281	0.0488017	0.000183394	0.569976	0.351871	0.217288	0.000816561	0.000228518	0.00101747	
472	0.131373	0.0891788	0.0395816	0.00261329	0.584939	0.397067	0.176236	0.0116356	0.00303345	0.0135064	
473	0.162607	0.0991949	0.0610641	0.00234852	0.724007	0.441663	0.271886	0.0104567	0.00286756	0.0127677	
474	0.103188	0.0769535	0.0262349	0	0.459444	0.342634	0.11681	0	0	0	
475	0.125505	0.113266	0.0122394	0	0.558811	0.504315	0.0544958	0	0	0	
476	0.159837	0.112705	0.0470724	6.00661e-05	0.711673	0.501817	0.209589	0.000267443	0.000186358	0.000829757	
477	0.129051	0.0970097	0.0318743	0.000167513	0.574599	0.431933	0.14192	0.000745849	0.000397634	0.00177046	
478	0.095463	0.0788993	0.0165181	4.56052e-05	0.425047	0.351297	0.0735467	0.000203056	9.40264e-05	0.00041865	
479	0.104995	0.0976957	0.00728874	1.08719e-05	0.467489	0.434988	0.0324529	4.84069e-05	1.20027e-05	5.34421e-05	
480	0.127182	0.0975926	0.0295674	2.21595e-05	0.566276	0.434529	0.131648	9.86648e-05	6.36074e-05	0.00028321	
481	0.0892392	0.0758925	0.013342	4.7083e-06	0.397336	0.337909	0.0594052	2.09636e-05	5.88447e-06	2.62005e-05	
482	0.13725	0.105775	0.0314671	8.51478e-06	0.611106	0.470961	0.140106	3.79118e-05	1.72948e-05	7.7005e-05	
483	0.110254	0.0924656	0.017789	0	0.490907	0.411701	0.0792056	0	0	0	
484	0.179576	0.116648	0.0615316	0.00139593	0.79956	0.519376	0.273968	0.00621536	0.00171242	0.00762455	
485	0.123589	0.0948424	0.0284727	0.000274844	0.550281	0.422283	0.126774	0.00122373	0.000307006	0.00136694	
486	0.0842632	0.0799004	0.00436286	0	0.37518	0.355754	0.0194255	0	0	0	
487	0.105175	0.0996708	0.00550469	0	0.468291	0.443782	0.0245095	0	0	0	
488	0.14269	0.0953756	0.0471786	0.000135877	0.635325	0.424658	0.210062	0.000604992	0.000203914	0.000907923	
489	0.14526	0.0980295	0.0472309	2.83749e-07	0.64677	0.436474	0.210294	1.26339e-06	7.14623e-06	3.18184e-05	
490	0.0978049	0.090632	0.00717293	0	0.435474	0.403537	0.0319373	0	0	0	
491	0.100286	0.0781596	0.0221242	2.88567e-06	0.446524	0.348004	0.0985075	1.28484e-05	4.34611e-06	1.93509e-05	
492	0.146855	0.0968649	0.0491903	0.000800687	0.653873	0.431289	0.219019	0.00356504	0.00103259	0.0045976	
493	0.194654	0.111523	0.0830641	6.77999e-05	0.866697	0.496553	0.369841	0.000301877	8.84088e-05	0.000393638	
494	0.195637	0.116913	0.0785687	0.000154957	0.871071	0.520556	0.349825	0.000689944	0.000315753	0.00140588	
495	0.0885454	0.0837822	0.00476313	0	0.394246	0.373038	0.0212077	0	0	0	
496	0.105521	0.0895679	0.0154728	0.000480848	0.469833	0.398799	0.0688926	0.00214096	0.00048082	0.00214084	
497	0.12104	0.0774316	0.0434519	0.000156905	0.53893	0.344762	0.193468	0.00069862	0.000210473	0.000937129	
498	0.17803	0.133294	0.0444796	0.000255988	0.792675	0.59349	0.198044	0.00113978	0.00029115	0.00129634	
499	0.158878	0.157682	0.00119629	4.56642e-07	0.707405	0.702076	0.00532647	2.03319e-06	9.20758e-07	4.09965e-06	
500	0.148693	0.0805971	0.0677406	0.000355673	0.662054	0.358857	0.301613	0.00158363	0.000614561	0.00273632	
501	0.15961	0.108224	0.0506706	0.000715554	0.710662	0.481866	0.22561	0.00318599	0.000934872	0.0041625	
502	0.0923021	0.0907546	0.00154752	0	0.410973	0.404083	0.00689031	0	0	0	
503	0.114699	0.102791	0.0118836	2.42813e-05	0.510697	0.457678	0.0529115	0.000108112	2.42537e-05	0.000107989	
504	0.125468	0.119095	0.00635475	1.85051e-05	0.558647	0.53027	0.0282944	8.23937e-05	1.92458e-05	8.56919e-05	
505	0.0778427	0.0685197	0.00931122	1.1805e-05	0.346593	0.305082	0.041458	5.25618e-05	1.397e-05	6.22015e-05	
506	0.152052	0.0975881	0.053504	0.000960512	0.677011	0.434509	0.238225	0.00427666	0.00166005	0.00739134	
507	0.189758	0.157638	0.0319228	0.000196995	0.844896	0.701883	0.142135	0.000877116	0.000197433	0.000879069	
508	0.0949088	0.0878361	0.00707263	0	0.422579	0.391088	0.0314907	0	0	0	
509	0.0928739	0.0869852	0.00588391	4.84849e-06	0.413519	0.3873	0.026198	2.15878e-05	1.27266e-05	5.66653e-05	
510	0.138205	0.105062	0.0329433	0.000199498	0.615356	0.467789	0.146679	0.000888264	0.000288522	0.00128463	
511	0.0799845	0.074975	0.00500766	1.88947e-06	0.356129	0.333824	0.0222965	8.41286e-06	3.85694e-06	1.71729e-05	
512	0.168112	0.0881263	0.0794735	0.000513046	0.748519	0.39238	0.353854	0.00228432	0.0011119	0.00495071	
513	0.114871	0.0909253	0.0236074	0.000338489	0.511461	0.404843	0.105111	0.00150711	0.000423343	0.00188492	
514	0.236648	0.128148	0.106537	0.00196277	1.05367	0.570579	0.474353	0.00873923	0.00260079	0.0115799	
515	0.0674586	0.0564589	0.0109963	3.38295e-06	0.300358	0.251382	0.048961	1.50625e-05	9.1515e-06	4.07468e-05	
516	0.11203	0.0882863	0.0235698	0.000173927	0.498812	0.393093	0.104944	0.000774407	0.000196948	0.000876908	
517	0.0869586	0.0815256	0.00543294	0	0.387181	0.362991	0.02419	0	0	0	
518	0.183355	0.155448	0.0279067	3.51662e-08	0.816387	0.692133	0.124254	1.56577e-07	7.30923e-09	3.25442e-08	
519	0.0711969	0.0420018	0.0291951	0	0.317003	0.187012	0.12999	0	0	0	
520	0.167238	0.122055	0.0437851	0.0013981	0.744625	0.543448	0.194952	0.00622502	0.00174757	0.00778102	
521	0.249176	0.109596	0.139172	0.000407698	1.10945	0.487975	0.619664	0.00181526	0.000838853	0.00373497	
522	0.182254	0.0781542	0.103556	0.000544606	0.811486	0.34798	0.461081	0.00242484	0.00136298	0.00606865	
523	0.0923865	0.0760237	0.0163627	0	0.411349	0.338494	0.0728548	0	0	0	
524	0.144572	0.105731	0.0387264	0.000114576	0.643707	0.470768	0.172428	0.00051015	0.000156505	0.000696838	
525	0.149033	0.0995429	0.0489527	0.000537781	0.663568	0.443213	0.217961	0.00239446	0.000862378	0.00383972	
526	0.128687	0.101243	0.027371	7.35584e-05	0.57298	0.450783	0.121869	0.000327517	0.000115131	0.00051262	
527	0.117092	0.0777866	0.0391821	0.000123567	0.521351	0.346343	0.174457	0.000550182	0.000166065	0.000739405	
528	0.0882479	0.0802481	0.00799463	5.16357e-06	0.392922	0.357303	0.0355959	2.29906e-05	7.72327e-06	3.43877e-05	
529	0.135487	0.0809132	0.0537553	0.000818712	0.603254	0.360264	0.239344	0.0036453	0.00117582	0.00523532	
530	0.0921795	0.0806805	0.011432	6.70272e-05	0.410427	0.359228	0.0509008	0.000298437	9.02195e-05	0.0004017	
531	0.173755	0.104828	0.0683491	0.000577837	0.773644	0.466748	0.304323	0.0025728	0.000912077	0.004061	
532	0.115229	0.0836211	0.0313087	0.000299502	0.513056	0.372321	0.139401	0.00133352	0.000588388	0.00261979	
533	0.164649	0.117754	0.0467305	0.000164611	0.7331	0.5243	0.208066	0.000732929	0.000348356	0.00155104	
534	0.126155	0.113259	0.0126743	0.000221828	0.561703	0.504283	0.0564321	0.000987688	0.000222009	0.000988492	
535	0.0849946	0.0775844	0.00736587	4.43185e-05	0.378436	0.345443	0.0327964	0.000197327	4.55722e-05	0.000202909	
536	0.070446	0.0658067	0.00463892	3.39726e-07	0.313659	0.293003	0.0206547	1.51262e-06	3.34863e-07	1.49097e-06	
537	0.131872	0.0767254	0.0550754	7.19585e-05	0.587161	0.341618	0.245222	0.000320393	0.000112614	0.000501415	
538	0.141539	0.0803764	0.0599003	0.00126262	0.630201	0.357874	0.266705	0.00562179	0.00144458	0.00643197	
539	0.130186	0.0831301	0.0468552	0.000201619	0.579654	0.370135	0.208622	0.000897705	0.000287573	0.00128041	
540	0.0909577	0.0799072	0.0109779	7.26554e-05	0.404987	0.355785	0.0488789	0.000323497	9.40918e-05	0.000418942	
541	0.090362	0.0821681	0.0081939	0	0.402335	0.365852	0.0364832	0	0	0	
542	0.216756	0.149938	0.0663984	0.000419968	0.965105	0.667597	0.295637	0.0018699	0.000615756	0.00274164	
543	0.136072	0.0893805	0.0465727	0.000119526	0.605861	0.397965	0.207364	0.00053219	0.000206806	0.000920803	
544	0.179435	0.126673	0.0525443	0.000217265	0.798933	0.564013	0.233952	0.000967369	0.000458523	0.00204156	
545	0.145681	0.0751766	0.0705044	5.18887e-08	0.648642	0.334722	0.313919	2.31033e-07	3.10721e-08	1.38348e-07	
546	0.136305	0.116549	0.0197261	2.99896e-05	0.606897	0.518933	0.0878303	0.000133528	4.3179e-05	0.000192254	
547	0.0900811	0.0754782	0.0146028	0	0.401084	0.336065	0.0650189	0	0	0	
548	0.117785	0.110775	0.00700971	0	0.524438	0.493227	0.0312106	0	0	0	
549	0.141115	0.0849923	0.0556483	0.000474992	0.628314	0.378426	0.247773	0.00211489	0.000898077	0.00399867	
550	0.183273	0.119722	0.0629054	0.000645097	0.816021	0.533063	0.280085	0.00287228	0.00132589	0.0059035	
551	0.0966799	0.0965499	0.000129993	0	0.430465	0.429886	0.000578792	0	0	0	
552	0.0825852	0.0725898	0.00996329	3.21229e-05	0.367709	0.323204	0.0443613	0.000143026	4.56193e-05	0.000203119	
553	0.185132	0.182971	0.0021615	3.11135e-07	0.8243	0.814674	0.00962406	1.38532e-06	3.09278e-07	1.37705e-06	
554	0.14774	0.102421	0.0445986	0.000719988	0.657809	0.456029	0.198574	0.00320573	0.00101468	0.00451787	
555	0.106491	0.0751334	0.0312592	9.93111e-05	0.474153	0.33453	0.139181	0.000442181	0.000134633	0.000599454	
556	0.178084	0.14956	0.0283931	0.000131226	0.792919	0.665915	0.126419	0.000584281	0.000131776	0.000586732	
557	0.0901216	0.0789424	0.0111732	6.00358e-06	0.401264	0.351489	0.0497487	2.67308e-05	1.45139e-05	6.46232e-05	
558	0.10453	0.0974147	0.00711549	0	0.465418	0.433737	0.0316815	0	0	0	
559	0.0959244	0.0790465	0.0167156	0.000162265	0.427101	0.351953	0.074426	0.000722485	0.000189097	0.000841953	
560	0.092127	0.0848046	0.00732241	2.76876e-08	0.410193	0.37759	0.0326029	1.23278e-07	1.83453e-08	8.16824e-08	
561	0.107069	0.0930711	0.0139453	5.32375e-05	0.476725	0.414397	0.0620912	0.000237038	7.72762e-05	0.00034407	
562	0.0742622	0.0498329	0.0244292	0	0.330651	0.22188	0.10877	0	0	0	
563	0.100264	0.0788057	0.0213068	0.000151431	0.446423	0.350881	0.0948682	0.000674243	0.000233092	0.00103783	
564	0.116487	0.0814523	0.0348733	0.000161932	0.518658	0.362665	0.155272	0.000721002	0.000197899	0.000881145	
565	0.100108	0.0849624	0.0150292	0.000117001	0.445731	0.378293	0.0669174	0.000520945	0.000162199	0.000722191	
566	0.126405	0.103739	0.0224037	0.000262249	0.562815	0.461896	0.0997521	0.00116766	0.000409376	0.00182274	
567	0.207162	0.160828	0.0457392	0.000594406	0.922385	0.716085	0.203652	0.00264658	0.000603921	0.00268894	
568	0.154139	0.115247	0.0388905	1.62375e-06	0.686304	0.513138	0.173159	7.22974e-06	1.59485e-06	7.10105e-06	
569	0.075899	0.0758615	3.75024e-05	0	0.337938	0.337771	0.000166978	0	0	0	
570	0.140277	0.11975	0.020371	0.000156518	0.624584	0.533186	0.0907015	0.000696894	0.00021905	0.000975316	
571	0.107353	0.0915068	0.0158357	1.08567e-05	0.477988	0.407432	0.0705083	4.83393e-05	1.60886e-05	7.16345e-05	
572	0.114244	0.0975951	0.0164401	0.000208993	0.50867	0.43454	0.0731993	0.000930538	0.000224695	0.00100045	
573	0.0929549	0.0843642	0.00855511	3.56241e-05	0.41388	0.37563	0.0380914	0.000158615	4.14713e-05	0.00018465	
574	0.138584	0.0798556	0.0575576	0.00117089	0.617043	0.355555	0.256274	0.00521339	0.00151069	0.00672633	
575	0.141069	0.0843043	0.0557901	0.000975505	0.628111	0.375363	0.248404	0.00434341	0.00185992	0.00828127	
576	0.0613905	0.0544859	0.00690454	0	0.273339	0.242597	0.0307423	0	0	0	
577	0.128652	0.113156	0.015496	1.27877e-07	0.572824	0.503827	0.0689957	5.69371e-07	5.37271e-07	2.39218e-06	
578	0.0987264	0.0890236	0.00970239	4.31236e-07	0.439577	0.396375	0.0431997	1.92007e-06	4.69068e-07	2.08851e-06	
579	0.0903101	0.0873023	0.0030055	2.29101e-06	0.402104	0.388712	0.0133819	1.02007e-05	2.69617e-06	1.20046e-05	
580	0.0825565	0.0667762	0.0157419	3.83443e-05	0.367581	0.29732	0.0700907	0.000170727	6.33347e-05	0.000281996	
581	0.0845768	0.0752341	0.00934263	1.32941e-07	0.376576	0.334978	0.0415978	5.91918e-07	9.20893e-06	4.10026e-05	
582	0.0883304	0.0844965	0.00382745	6.50665e-06	0.393289	0.376219	0.0170416	2.89707e-05	9.7647e-06	4.34771e-05	
583	0.113523	0.0929288	0.0204832	0.000111153	0.505459	0.413763	0.0912011	0.000494907	0.000121476	0.00054087	
584	0.208097	0.128182	0.0797539	0.0001609	0.926551	0.570732	0.355102	0.000716407	0.000420742	0.00187334	
585	0.123234	0.0750328	0.0480311	0.00017044	0.548698	0.334082	0.213857	0.000758885	0.000188465	0.000839137	
586	0.136578	0.0844945	0.0520418	4.21605e-05	0.608113	0.37621	0.231715	0.000187719	7.3236e-05	0.000326082	
587	0.102798	0.0891223	0.0136113	6.51912e-05	0.457709	0.396815	0.0606041	0.000290262	9.41144e-05	0.000419042	
588	0.0683448	0.067752	0.000592831	0	0.304304	0.301664	0.00263957	0	0	0	
589	0.152848	0.109463	0.0428924	0.000492567	0.680554	0.487383	0.190977	0.00219314	0.000936625	0.0041703	
590	0.134735	0.107607	0.0267779	0.000350408	0.599907	0.479118	0.119228	0.00156018	0.000377122	0.00167913	
591	0.137045	0.0961459	0.0408989	2.25149e-07	0.61019	0.428087	0.182101	1.00247e-06	9.87452e-07	4.39661e-06	
592	0.114751	0.0859837	0.0286717	9.62436e-05	0.510929	0.382841	0.12766	0.000428522	0.000170601	0.000759599	
593	0.102493	0.0942069	0.00821599	7.04753e-05	0.456349	0.419454	0.0365815	0.00031379	7.79177e-05	0.000346927	
594	0.091959	0.0806967	0.0112497	1.25366e-05	0.409445	0.3593	0.0500891	5.58193e-05	2.11729e-05	9.4272e-05	
595	0.115081	0.0940525	0.0209908	3.79464e-05	0.512397	0.418767	0.0934612	0.000168955	4.25144e-05	0.000189294	
596	0.107385	0.0904612	0.0167973	0.000126808	0.478131	0.402776	0.0747898	0.00056461	0.000153391	0.000682971	
597	0.157329	0.141276	0.0160045	4.86477e-05	0.700507	0.629031	0.07126	0.000216603	5.33617e-05	0.000237592	
598	0.114579	0.108459	0.00610186	1.87825e-05	0.510164	0.482912	0.0271684	8.36288e-05	1.8755e-05	8.35065e-05	
599	0.10508	0.093608	0.0114721	0	0.467867	0.416788	0.0510797	0	0	0	
600	0.109292	0.108189	0.00110294	0	0.486621	0.48171	0.00491084	0	0	0	
601	0.313662	0.148378	0.163304	0.001979	1.39657	0.660653	0.72711	0.00881147	0.00198521	0.0088391	
602	0.104702	0.102797	0.00190453	3.62033e-07	0.466184	0.457703	0.0084799	1.61194e-06	6.04299e-07	2.69063e-06	
603	0.131382	0.0520717	0.0793103	0	0.584976	0.231848	0.353127	0	0	0	
604	0.0860452	0.081122	0.00492322	4.36757e-08	0.383114	0.361194	0.0219205	1.94465e-07	2.65668e-08	1.18288e-07	
605	0.133738	0.0496537	0.0840844	0	0.595466	0.221082	0.374384	0	0	0	
606	0.137655	0.0939833	0.0430584	0.000613759	0.612908	0.418458	0.191716	0.00273275	0.000869095	0.00386962	
607	0.0886145	0.0783399	0.0101632	0.000111319	0.394554	0.348807	0.0452516	0.000495647	0.000111806	0.000497817	
608	0.0887258	0.0789576	0.0097361	3.20389e-05	0.395049	0.351557	0.0433498	0.000142652	3.80589e-05	0.000169456	
609	0.0906554	0.0872795	0.00337595	0	0.403641	0.38861	0.0150313	0	0	0	
610	0.0957811	0.0801771	0.0154077	0.000196291	0.426463	0.356987	0.0686025	0.000873984	0.000244215	0.00108736	
611	0.0641805	0.0578254	0.00635507	0	0.285762	0.257466	0.0282958	0	0	0	
612	0.0954696	0.0907802	0.00468939	0	0.425076	0.404197	0.0208794	0	0	0	
613	0.0866773	0.0767698	0.00979764	0.000109945	0.385929	0.341816	0.0436238	0.000489529	0.000146016	0.000650134	
614	0.0954511	0.0837626	0.0115842	0.000104253	0.424994	0.372951	0.0515787	0.000464184	0.000135451	0.000603094	
615	0.0930773	0.086887	0.00618805	2.24126e-06	0.414425	0.386862	0.0275522	9.9792e-06	3.58183e-06	1.5948e-05	
616	0.102288	0.0890872	0.0128762	0.000325105	0.455437	0.396659	0.0573312	0.00144752	0.000335821	0.00149523	
617	0.119566	0.0917862	0.0276029	0.000177451	0.532367	0.408676	0.122901	0.000790101	0.000242202	0.0010784	
618	0.0617808	0.0559833	0.0057975	0	0.275077	0.249264	0.0258132	0	0	0	
619	0.134376	0.098966	0.0352862	0.000124027	0.598307	0.440644	0.157111	0.000552228	0.000166412	0.000740949	
620	0.110629	0.0877958	0.0228261	7.55641e-06	0.492576	0.390909	0.101633	3.36448e-05	2.41022e-05	0.000107314	
621	0.376587	0.186293	0.186017	0.00427602	1.67674	0.829469	0.828239	0.0190389	0.00459606	0.0204638	
622	0.0377275	0.0305075	0.00719413	2.58969e-05	0.167981	0.135834	0.0320317	0.000115305	4.29935e-05	0.000191428	
623	0.081723	0.0718961	0.00981973	7.20782e-06	0.36387	0.320116	0.0437221	3.20926e-05	7.61604e-06	3.39102e-05	
624	0.103563	0.0827507	0.0207703	4.22306e-05	0.461113	0.368446	0.0924797	0.000188031	4.45457e-05	0.000198339	
625	0.075802	0.0550126	0.0207889	5.20289e-07	0.337507	0.244942	0.0925624	2.31658e-06	4.92458e-07	2.19266e-06	
626	0.0701384	0.0638635	0.0062749	0	0.31229	0.284351	0.0279389	0	0	0	
627	0.0930287	0.079154	0.0138747	0	0.414208	0.352431	0.0617769	0	0	0	
628	0.060143	0.060143	0	0	0.267785	0.267785	0	0	0	0	
629	0.227112	0.137691	0.0859399	0.00348061	1.01121	0.613069	0.382645	0.0154973	0.00360522	0.0160522	
630	0.200803	0.145659	0.0550679	7.60244e-05	0.894072	0.648545	0.245188	0.000338497	7.87897e-05	0.000350809	
631	0.112016	0.0958941	0.0161228	0	0.498753	0.426966	0.0717865	0	0	0	
632	0.0432802	0.0432802	0	0	0.192704	0.192704	0	0	0	0	
633	0.0659587	0.0451845	0.0207742	0	0.29368	0.201183	0.0924968	0	0	0	
634	0.0427337	0.041995	0.000738655	0	0.190271	0.186982	0.00328884	0	0	0	
635	0.0734502	0.0655955	0.00785469	0	0.327035	0.292062	0.0349728	0	0	0	
636	0.119993	0.0650438	0.0549448	5.12036e-06	0.534269	0.289606	0.24464	2.27983e-05	5.34584e-06	2.38022e-05	
637	0.0851417	0.0736851	0.0113535	0.000103029	0.379091	0.328081	0.0505515	0.000458736	0.000125395	0.00055832	
638	0.136045	0.0815994	0.0543444	0.00010128	0.605738	0.363319	0.241967	0.000450949	0.00016296	0.000725578	
639	0.137878	0.076187	0.0616137	7.82784e-05	0.613903	0.339221	0.274333	0.000348533	9.24526e-05	0.000411643	
640	0.0845835	0.0805508	0.00402107	1.15924e-05	0.376606	0.358651	0.0179037	5.1615e-05	1.15714e-05	5.15218e-05	
641	0.0755376	0.0750899	0.000447623	0	0.336329	0.334336	0.00199303	0	0	0	
642	0.063679	0.0631214	0.000557559	0	0.283529	0.281047	0.00248252	0	0	0	
643	0.181945	0.142039	0.0395366	0.000369136	0.810107	0.632427	0.176036	0.00164357	0.000419047	0.0018658	
644	0.108715	0.0824649	0.0262503	0	0.484052	0.367173	0.116879	0	0	0	
645	0.081626	0.0804581	0.00116787	0	0.363438	0.358238	0.00519993	0	0	0	
646	0.125101	0.0750511	0.049626	0.000424335	0.557012	0.334163	0.220958	0.00188934	0.000608593	0.00270975	
647	0.167544	0.123935	0.0431687	0.000439859	0.745986	0.55182	0.192207	0.00195846	0.000645209	0.00287278	
648	0.145151	0.117381	0.0277402	2.97074e-05	0.646282	0.522637	0.123512	0.000132271	5.21929e-05	0.000232388	
649	0.0653804	0.0643893	0.000989655	1.47495e-06	0.291105	0.286692	0.00440642	6.56722e-06	1.45445e-06	6.47591e-06	
650	0.0734873	0.0730405	0.000446734	0	0.3272	0.325211	0.00198907	0	0	0	
651	0.10306	0.101581	0.00147968	0	0.458876	0.452288	0.00658825	0	0	0	
652	0.114167	0.0825339	0.0310951	0.000538793	0.50833	0.36748	0.13845	0.00239896	0.000736691	0.0032801	
653	0.101765	0.0877315	0.0140274	6.31393e-06	0.453108	0.390623	0.0624569	2.81126e-05	7.40506e-06	3.29709e-05	
654	0.1174	0.0883296	0.0289619	0.000109148	0.522724	0.393285	0.128952	0.000485982	0.000163157	0.000726455	
655	0.135651	0.081133	0.0525979	0.00192041	0.603984	0.361243	0.234191	0.0085506	0.00275194	0.0122529	
656	0.218125	0.118535	0.09628	0.00330914	0.971197	0.527778	0.428685	0.0147339	0.00477304	0.0212518	
657	0.122844	0.0801884	0.0426563	0	0.546964	0.357037	0.189926	0	0	0	
658	0.111505	0.0754338	0.0360496	2.22279e-05	0.496477	0.335867	0.16051	9.89694e-05	3.91501e-05	0.000174315	
659	0.123791	0.0958888	0.0275201	0.000382771	0.55118	0.426943	0.122533	0.00170428	0.000444865	0.00198075	
660	0.156909	0.100589	0.0560006	0.000319086	0.698636	0.447873	0.249341	0.00142072	0.000864359	0.00384854	
661	0.1808	0.0985099	0.0813757	0.000914346	0.805008	0.438613	0.362323	0.00407111	0.00174664	0.00777692	
662	0.119587	0.0805938	0.0388287	0.000165394	0.532462	0.358842	0.172884	0.000736414	0.000243674	0.00108495	
663	0.109681	0.0805121	0.0289794	0.000189675	0.488353	0.358478	0.12903	0.000844528	0.000270015	0.00120224	
664	0.0972378	0.0874973	0.00974001	5.4921e-07	0.432949	0.38958	0.0433672	2.44535e-06	3.36216e-06	1.49699e-05	
665	0.107392	0.0873918	0.0199941	6.41695e-06	0.478162	0.38911	0.0890233	2.85713e-05	9.3796e-06	4.17625e-05	
666	0.102572	0.0791122	0.023359	0.00010133	0.456702	0.352245	0.104005	0.000451172	0.000147312	0.000655905	
667	0.163099	0.105043	0.054299	0.00375745	0.726199	0.467704	0.241765	0.01673	0.00412675	0.0183742	
668	0.103296	0.0832285	0.0200475	2.04711e-05	0.459925	0.370573	0.0892613	9.11473e-05	2.75895e-05	0.000122841	
669	0.0466156	0.0436011	0.0030125	1.9705e-06	0.207555	0.194133	0.0134131	8.77364e-06	2.12093e-06	9.44343e-06	
670	0.0908196	0.0828041	0.0079832	3.23807e-05	0.404372	0.368683	0.035545	0.000144174	3.28403e-05	0.000146221	
671	0.0530545	0.0507517	0.00230281	0	0.236224	0.225971	0.0102532	0	0	0	
672	0.144796	0.112209	0.0325562	3.11922e-05	0.644705	0.49961	0.144956	0.000138882	5.9832e-05	0.0002664	
673	0.143535	0.101682	0.0408827	0.000969741	0.639086	0.452739	0.182029	0.00431775	0.00122902	0.00547221	
674	0.127898	0.0955568	0.0322691	7.20151e-05	0.569463	0.425465	0.143677	0.000320645	0.000130515	0.000581118	
675	0.111101	0.0813675	0.0297025	3.15306e-05	0.494677	0.362287	0.132249	0.000140389	4.34355e-05	0.000193395	
676	0.142504	0.110024	0.0320435	0.000436231	0.634498	0.489883	0.142673	0.00194231	0.000606597	0.00270086	
677	0.101729	0.093638	0.00804974	4.17531e-05	0.452948	0.416921	0.0358413	0.000185905	5.41462e-05	0.000241085	
678	0.0924616	0.080489	0.0119707	1.86192e-06	0.411683	0.358376	0.0532995	8.29017e-06	2.34578e-06	1.04445e-05	
679	0.127399	0.0911945	0.0362046	0	0.567242	0.406041	0.1612	0	0	0	
680	0.122358	0.110644	0.0117142	0	0.544799	0.492641	0.0521573	0	0	0	
681	0.111507	0.0979703	0.013506	3.11341e-05	0.496484	0.436211	0.0601352	0.000138624	3.76011e-05	0.000167418	
682	0.0994346	0.0978702	0.00156439	0	0.44273	0.435765	0.00696542	0	0	0	
683	0.0972245	0.0913957	0.00582878	0	0.43289	0.406937	0.0259525	0	0	0	
684	0.115961	0.0944918	0.0214698	7.37732e-08	0.516317	0.420722	0.0955942	3.28473e-07	8.43218e-08	3.75441e-07	
685	0.197637	0.141077	0.0553704	0.00119014	0.879977	0.628142	0.246535	0.00529911	0.00119136	0.00530451	
686	0.107177	0.0907343	0.0163098	0.000133015	0.477204	0.403992	0.0726191	0.000592247	0.000162111	0.000721798	
687	0.0820105	0.0780149	0.00398232	1.33369e-05	0.36515	0.347359	0.0177312	5.93824e-05	1.85822e-05	8.2737e-05	
688	0.0658287	0.0643966	0.00143215	0	0.293101	0.286724	0.00637665	0	0	0	
689	0.0076488	0.00716898	0.000479815	0	0.0340561	0.0319197	0.00213636	0	0	0	
690	0.0604378	0.0599789	0.000458824	0	0.269098	0.267055	0.0020429	0	0	0	
691	0.107588	0.0983577	0.00919429	3.69039e-05	0.479037	0.437935	0.0409374	0.000164314	4.39028e-05	0.000195476	
692	0.0730932	0.0730932	0	0	0.325446	0.325446	0	0	0	0	
693	0.0935148	0.0795229	0.0139666	2.52351e-05	0.416373	0.354074	0.0621863	0.000112359	5.21676e-05	0.000232275	
694	0.20355	0.154772	0.0480841	0.000693727	0.906304	0.689122	0.214093	0.0030888	0.000942045	0.00419443	
695	0.0895846	0.079506	0.0100647	1.39367e-05	0.398874	0.353999	0.044813	6.20528e-05	1.98094e-05	8.82011e-05	
696	0.199631	0.160125	0.0391913	0.000314986	0.888856	0.712955	0.174498	0.00140247	0.000388153	0.00172824	
697	0.14855	0.0829785	0.065516	5.61907e-05	0.661419	0.36946	0.291708	0.000250188	0.00011476	0.000510967	
698	0.269669	0.196254	0.0726097	0.000804956	1.20069	0.873819	0.323293	0.00358405	0.000940661	0.00418827	
699	0.305608	0.185776	0.118394	0.00143834	1.36071	0.827164	0.527148	0.00640419	0.00164367	0.00731844	
700	0.0827115	0.0827115	0	0	0.368271	0.368271	0	0	0	0	
701	0.0825676	0.0825676	0	0	0.36763	0.36763	0	0	0	0	
702	0.113224	0.106487	0.00673587	9.59189e-07	0.504128	0.474133	0.0299913	4.27077e-06	1.29269e-06	5.75571e-06	
703	0.0928164	0.0878262	0.00493912	5.11232e-05	0.413263	0.391044	0.0219913	0.000227625	5.10955e-05	0.000227502	
704	0.0927779	0.0796081	0.0131697	0	0.413091	0.354453	0.058638	0	0	0	
705	0.100126	0.0882527	0.0118706	3.22479e-06	0.445811	0.392943	0.0528536	1.43583e-05	3.19674e-06	1.42334e-05	
706	0.212748	0.158499	0.0542085	4.08467e-05	0.94726	0.705716	0.241362	0.000181869	0.000109431	0.000487242	
707	0.0869214	0.0804155	0.00650592	0	0.387016	0.358048	0.0289675	0	0	0	
708	0.0800836	0.0800836	0	0	0.35657	0.35657	0	0	0	0	
709	0.125494	0.103557	0.0216871	0.000249461	0.55876	0.461088	0.0965615	0.00111072	0.000260043	0.00115784	
710	0.167792	0.0961607	0.0714523	0.000179878	0.747094	0.428153	0.318139	0.000800904	0.000202377	0.00090108	
711	0.0946013	0.0808102	0.0137821	8.94264e-06	0.42121	0.359806	0.0613648	3.98169e-05	1.17909e-05	5.24988e-05	
712	0.0771386	0.076692	0.000446651	0	0.343458	0.341469	0.0019887	0	0	0	
713	0.0912005	0.0785389	0.0126615	0	0.406068	0.349693	0.0563754	0	0	0	
714	0.0939961	0.081805	0.012191	0	0.418515	0.364235	0.0542804	0	0	0	
715	0.0708693	0.0701642	0.000703431	1.67802e-06	0.315544	0.312405	0.00313201	7.47137e-06	1.67643e-06	7.4643e-06	
716	0.0819223	0.0751034	0.00680158	1.7384e-05	0.364757	0.334396	0.0302839	7.74022e-05	1.7359e-05	7.7291e-05	
717	0.0964642	0.088426	0.00802581	1.24241e-05	0.429505	0.393715	0.0357347	5.53182e-05	1.241e-05	5.52554e-05	
718	0.118379	0.108322	0.00995093	0.000105635	0.52708	0.482304	0.0443063	0.000470339	0.000106342	0.000473486	
719	0.0719272	0.0630273	0.00879847	0.000101403	0.320254	0.280628	0.039175	0.000451498	0.000101376	0.000451374	
720	0.0623595	0.0621865	0.000172957	0	0.277654	0.276884	0.000770087	0	0	0	
721	0.126445	0.106497	0.019746	0.000201684	0.562994	0.474178	0.0879186	0.000897994	0.000244492	0.00108859	
722	0.0809841	0.0809841	0	0	0.36058	0.36058	0	0	0	0	
723	0.113896	0.10221	0.0116866	0	0.507122	0.455088	0.0520346	0	0	0	
724	0.080618	0.080618	0	0	0.35895	0.35895	0	0	0	0	
725	0.0941385	0.0624874	0.031651	0	0.41915	0.278224	0.140925	0	0	0	
726	0.0440582	0.0426019	0.00145633	0	0.196168	0.189684	0.00648429	0	0	0	
727	0.0892461	0.0888831	0.000362964	0	0.397366	0.39575	0.00161609	0	0	0	
728	0.101798	0.085343	0.0161434	0.000311953	0.453255	0.379988	0.0718784	0.00138896	0.000350581	0.00156095	
729	0.0999405	0.0775246	0.022394	2.19523e-05	0.444983	0.345176	0.0997089	9.77423e-05	2.42184e-05	0.000107832	
730	0.108929	0.104784	0.00414387	1.07412e-06	0.485005	0.46655	0.0184505	4.78253e-06	1.14979e-06	5.11942e-06	
731	0.126463	0.0943472	0.0313118	0.000804206	0.563075	0.420079	0.139415	0.00358071	0.000857382	0.00381748	
732	0.0858135	0.0772967	0.00851682	0	0.382083	0.344162	0.0379209	0	0	0	
733	0.101836	0.091882	0.00990887	4.55384e-05	0.453424	0.409103	0.044119	0.000202759	5.19328e-05	0.00023123	
734	0.114206	0.106737	0.00744283	2.62931e-05	0.508502	0.475246	0.033139	0.000117069	2.62664e-05	0.00011695	
735	0.0676448	0.0656626	0.0019822	0	0.301187	0.292361	0.00882571	0	0	0	
736	0.0563099	0.0554387	0.000871156	0	0.250718	0.246839	0.0038788	0	0	0	
737	0.102268	0.0795669	0.0226963	5.06745e-06	0.455347	0.35427	0.101054	2.25627e-05	5.68289e-06	2.53029e-05	
738	0.123294	0.113061	0.0101329	0.000100838	0.548967	0.503402	0.0451166	0.00044898	0.000102044	0.000454351	
739	0.0675203	0.0647643	0.00275601	0	0.300633	0.288362	0.012271	0	0	0	
740	0.0367431	0.0366589	8.41795e-05	0	0.163598	0.163223	0.000374807	0	0	0	
741	0.0894739	0.0863059	0.00316579	2.26562e-06	0.398381	0.384275	0.0140956	1.00876e-05	2.90161e-06	1.29193e-05	
742	0.144508	0.12283	0.0216684	9.95169e-06	0.643421	0.546899	0.0964781	4.43097e-05	9.92306e-06	4.41822e-05	
743	0.0883709	0.0840945	0.00423118	4.53201e-05	0.39347	0.374429	0.0188392	0.000201787	4.52926e-05	0.000201664	
744	0.0559497	0.0552959	0.000653846	0	0.249115	0.246204	0.00291124	0	0	0	
745	0.12766	0.101628	0.0259987	3.36558e-05	0.568407	0.452498	0.115758	0.000149851	3.36278e-05	0.000149727	
746	0.0789173	0.0750623	0.00384971	5.36151e-06	0.351378	0.334213	0.0171407	2.3872e-05	5.33375e-06	2.37484e-05	
747	0.0866943	0.0841529	0.00254141	0	0.386004	0.374689	0.0113155	0	0	0	
748	0.107262	0.0821355	0.0246964	0.000430555	0.477584	0.365707	0.10996	0.00191703	0.000430946	0.00191877	
749	0.124319	0.11224	0.0120675	1.09458e-05	0.553529	0.49975	0.0537305	4.87363e-05	1.0918e-05	4.86124e-05	
750	0.0924731	0.0820357	0.0104316	5.7549e-06	0.411734	0.365262	0.0464468	2.56236e-05	5.72751e-06	2.55016e-05	
751	0.31259	0.151755	0.145226	0.0156087	1.3918	0.675689	0.646618	0.0694976	0.0172449	0.0767827	
752	0.0883579	0.0762819	0.0120759	0	0.393412	0.339644	0.053768	0	0	0	
753	0.102766	0.0923959	0.0103702	0	0.457564	0.411391	0.0461732	0	0	0	
754	0.21529	0.176255	0.0390347	1.09348e-06	0.958578	0.784772	0.173801	4.8687e-06	1.37869e-06	6.13859e-06	
755	0.112565	0.0919232	0.0206032	3.93408e-05	0.501197	0.409286	0.0917354	0.000175164	4.14302e-05	0.000184467	
756	0.199946	0.113889	0.086016	4.06594e-05	0.890256	0.50709	0.382984	0.000181035	7.57201e-05	0.000337142	
757	0.139079	0.0774315	0.0551228	0.00652474	0.619247	0.344762	0.245433	0.0290512	0.00700808	0.0312033	
758	0.213102	0.12764	0.0853355	0.000127192	0.948835	0.568314	0.379954	0.000566322	0.000134215	0.00059759	
759	0.121046	0.0712231	0.0497432	7.9944e-05	0.538956	0.317119	0.22148	0.000355949	0.000158372	0.000705151	
760	0.121857	0.0865796	0.0352782	0	0.542569	0.385494	0.157075	0	0	0	
761	0.121195	0.109706	0.0113814	0.000107275	0.53962	0.488467	0.0506758	0.000477644	0.000109812	0.000488936	
762	0.0505759	0.0505759	0	0	0.225188	0.225188	0	0	0	0	
763	0.055865	0.0538548	0.00201016	0	0.248737	0.239787	0.0089502	0	0	0	
764	0.07804	0.0765551	0.00148363	1.26305e-06	0.347471	0.34086	0.00660583	5.62373e-06	1.23547e-06	5.50092e-06	
765	0.0845973	0.0836403	0.000957034	0	0.376668	0.372406	0.00426117	0	0	0	
766	0.0516031	0.0444084	0.00708524	0.000109463	0.229761	0.197727	0.0315469	0.000487382	0.000117891	0.000524907	
767	0.0519397	0.0430567	0.00888293	0	0.23126	0.191709	0.0395511	0	0	0	
768	0.0452572	0.0452112	4.59889e-05	0	0.201506	0.201302	0.000204764	0	0	0	
769	0.0793929	0.0523565	0.0266511	0.000385316	0.353495	0.233116	0.118663	0.00171561	0.000734614	0.00327085	
770	0.0801345	0.0564403	0.0236942	0	0.356797	0.251299	0.105497	0	0	0	
771	0.10247	0.078076	0.0243736	2.04655e-05	0.456246	0.347632	0.108523	9.11225e-05	2.44687e-05	0.000108946	
772	0.103136	0.10303	0.000105978	0	0.459213	0.458741	0.000471867	0	0	0	
773	0.107834	0.0903235	0.0175038	7.49739e-06	0.480132	0.402163	0.0779354	3.33819e-05	8.95666e-06	3.98793e-05	
774	0.0775081	0.077455	5.30658e-05	0	0.345103	0.344867	0.000236274	0	0	0	
775	0.0754794	0.0754794	0	0	0.33607	0.33607	0	0	0	0	
776	0.0647519	0.0647519	0	0	0.288306	0.288306	0	0	0	0	
777	0.0741554	0.0741554	0	0	0.330175	0.330175	0	0	0	0	
778	0.0920701	0.0920701	0	0	0.40994	0.40994	0	0	0	0	
779	0.159599	0.110496	0.049103	7.03865e-08	0.710615	0.491984	0.21863	3.13394e-07	4.32082e-08	1.92384e-07	
780	0.0513152	0.0433869	0.00792838	0	0.22848	0.193179	0.0353009	0	0	0	
781	0.0561441	0.0423898	0.0137542	0	0.24998	0.18874	0.0612406	0	0	0	
782	0.107253	0.0949565	0.0122957	8.47581e-07	0.477542	0.422792	0.0547463	3.77383e-06	8.2009e-07	3.65143e-06	
783	0.250177	0.134605	0.106036	0.00953538	1.11391	0.599329	0.472126	0.0424561	0.014568	0.0648638	
784	0.0716033	0.0716033	0	0	0.318812	0.318812	0	0	0	0	
785	0.127104	0.0751989	0.0519031	2.8421e-06	0.565932	0.334821	0.231097	1.26544e-05	3.41422e-06	1.52017e-05	
786	0.139311	0.0947308	0.0434317	0.00114859	0.62028	0.421787	0.193379	0.0051141	0.00147049	0.00654736	
787	0.188411	0.0839021	0.10414	0.000369047	0.838899	0.373572	0.463683	0.00164317	0.000913828	0.0040688	
788	0.139376	0.0914745	0.0478507	5.1238e-05	0.620571	0.407288	0.213054	0.000228136	7.06576e-05	0.000314601	
789	0.102665	0.102612	5.30658e-05	0	0.457114	0.456878	0.000236274	0	0	0	
790	0.121099	0.0844136	0.0366859	0	0.539193	0.37585	0.163343	0	0	0	
791	0.129427	0.0871837	0.0418307	0.000412909	0.576272	0.388183	0.18625	0.00183847	0.00120602	0.0053698	
792	0.0947526	0.0824682	0.0122844	0	0.421884	0.367188	0.054696	0	0	0	
793	0.255818	0.147413	0.101719	0.00668547	1.13902	0.656354	0.452905	0.0297669	0.00708632	0.0315517	
794	0.101784	0.0896566	0.0121131	1.51449e-05	0.453195	0.399194	0.0539334	6.74327e-05	2.93908e-05	0.000130862	
795	0.126854	0.105671	0.0211558	2.69921e-05	0.564816	0.4705	0.0941962	0.000120181	3.20934e-05	0.000142895	
796	0.0938907	0.0938907	0	0	0.418046	0.418046	0	0	0	0	
797	0.0546911	0.0533175	0.00137352	0	0.243511	0.237395	0.0061156	0	0	0	
798	0.185215	0.103916	0.0810788	0.00022022	0.824669	0.462686	0.361001	0.000980528	0.000665446	0.00296288	
799	0.167639	0.129455	0.0381769	7.68008e-06	0.746413	0.576397	0.169981	3.41954e-05	9.34823e-06	4.16228e-05	
800	0.203744	0.158944	0.0447718	2.86181e-05	0.907169	0.707695	0.199345	0.000127421	2.85907e-05	0.000127299	
801	0.152854	0.0853737	0.0674202	6.05425e-05	0.680581	0.380124	0.300187	0.000269564	0.000161675	0.000719856	
802	0.117303	0.0864503	0.0307516	0.000101774	0.522292	0.384918	0.136921	0.000453147	0.000119745	0.000533164	
803	0.0833986	0.0833986	0	0	0.37133	0.37133	0	0	0	0	
804	0.186563	0.151207	0.0346751	0.000680754	0.830671	0.67325	0.15439	0.00303104	0.000740542	0.00329725	
805	0.223556	0.144077	0.0783985	0.00108132	0.995382	0.6415	0.349067	0.00481456	0.00164537	0.00732597	
806	0.133792	0.107065	0.0265664	0.000161453	0.59571	0.476705	0.118286	0.00071887	0.000201698	0.00089806	
807	0.151089	0.119484	0.0314786	0.000126216	0.672721	0.532001	0.140157	0.000561975	0.000164335	0.000731701	
808	0.169356	0.152802	0.0164888	6.59308e-05	0.754057	0.680348	0.0734164	0.000293555	8.75925e-05	0.000390004	
809	0.187667	0.112339	0.0751018	0.000225845	0.835584	0.500189	0.334389	0.00100557	0.000520475	0.0023174	
810	0.0780891	0.078039	5.0135e-05	0	0.34769	0.347467	0.000223225	0	0	0	
811	0.121679	0.0972297	0.0243815	6.8172e-05	0.541775	0.432913	0.108558	0.000303534	7.54393e-05	0.000335892	
812	0.161424	0.112289	0.0490514	8.42804e-05	0.718741	0.499965	0.2184	0.000375256	0.000106837	0.000475689	
813	0.0640286	0.0640286	0	0	0.285086	0.285086	0	0	0	0	
814	0.0854945	0.0815678	0.00392667	2.77681e-08	0.380662	0.363179	0.0174834	1.23636e-07	4.22544e-09	1.88137e-08	
815	0.149389	0.132758	0.0162694	0.000361097	0.665153	0.591106	0.0724395	0.00160778	0.000362736	0.00161507	
816	0.230601	0.155946	0.0740542	0.000600698	1.02675	0.69435	0.329725	0.00267459	0.000896086	0.0039898	
817	0.146515	0.0972658	0.0487452	0.000504317	0.652357	0.433074	0.217037	0.00224546	0.000728926	0.00324553	
818	0.183886	0.124361	0.0588599	0.000665755	0.818751	0.553714	0.262072	0.00296426	0.00155089	0.00690533	
819	0.0670106	0.0670106	0	0	0.298363	0.298363	0	0	0	0	
820	0.0937547	0.0908243	0.00292902	1.41784e-06	0.417441	0.404393	0.0130414	6.31294e-06	1.77831e-06	7.91792e-06	
821	0.0276455	0.0275828	6.27105e-05	0	0.123091	0.122812	0.000279217	0	0	0	
822	0.0934342	0.0843267	0.00910753	0	0.416014	0.375463	0.0405511	0	0	0	
823	0.0620825	0.0590476	0.00299728	3.76151e-05	0.276421	0.262908	0.0133453	0.00016748	3.75876e-05	0.000167358	
824	0.119673	0.119645	2.84365e-05	0	0.532845	0.532718	0.000126613	0	0	0	
825	0.0785732	0.0785732	0	0	0.349845	0.349845	0	0	0	0	
826	0.119306	0.106139	0.0131665	0	0.531207	0.472584	0.0586239	0	0	0	
827	0.0841516	0.0841232	2.84365e-05	0	0.374683	0.374556	0.000126613	0	0	0	
828	0.15374	0.103651	0.0500414	4.74357e-05	0.684527	0.461508	0.222808	0.000211206	0.000118686	0.00052845	
829	0.13367	0.101551	0.0321184	2.28445e-07	0.595164	0.452156	0.143006	1.01715e-06	2.48243e-07	1.10529e-06	
830	0.16135	0.133911	0.0274388	0	0.718409	0.596238	0.12217	0	0	0	
831	0.100636	0.100636	0	0	0.448081	0.448081	0	0	0	0	
832	0.0849092	0.0838425	0.00106661	0	0.378056	0.373307	0.00474908	0	0	0	
833	0.0906105	0.0884018	0.00220589	2.8236e-06	0.403441	0.393607	0.0098217	1.2572e-05	2.91545e-06	1.29809e-05	
834	0.0988364	0.0978894	0.000947051	0	0.440067	0.43585	0.00421672	0	0	0	
835	0.0980991	0.0965552	0.00154391	0	0.436784	0.42991	0.00687425	0	0	0	
836	0.142546	0.116137	0.0263166	9.184e-05	0.634684	0.517101	0.117174	0.000408915	9.24239e-05	0.000411515	
837	0.126287	0.120077	0.00617776	3.24642e-05	0.562292	0.534642	0.0275063	0.000144546	3.52203e-05	0.000156818	
838	0.139929	0.097231	0.0426159	8.25554e-05	0.623033	0.432919	0.189746	0.000367576	0.000129654	0.000577285	
839	0.210487	0.152205	0.0577942	0.000487676	0.937189	0.67769	0.257327	0.00217136	0.000519711	0.002314	
840	0.112059	0.0765589	0.0355001	3.4579e-07	0.498942	0.340877	0.158063	1.53962e-06	2.40577e-05	0.000107116	
841	0.113451	0.0798073	0.0336409	3.50196e-06	0.505142	0.35534	0.149785	1.55924e-05	2.34165e-05	0.000104261	
842	0.102926	0.0977546	0.00517204	0	0.458278	0.43525	0.0230284	0	0	0	
843	0.143512	0.121185	0.0221199	0.000207225	0.638987	0.539575	0.0984887	0.000922669	0.000221159	0.000984707	
844	0.123933	0.10971	0.0142191	4.31625e-06	0.551812	0.488482	0.0633103	1.9218e-05	4.67605e-06	2.082e-05	
845	0.193852	0.13421	0.0581669	0.00147534	0.863124	0.597568	0.258987	0.00656895	0.00242019	0.0107758	
846	0.103465	0.0936583	0.00980722	0	0.460678	0.417011	0.0436664	0	0	0	
847	0.121346	0.0955004	0.0258243	2.12398e-05	0.54029	0.425213	0.114982	9.457e-05	2.14632e-05	9.55647e-05	
848	0.104912	0.10236	0.00255095	1.10615e-06	0.467118	0.455755	0.011358	4.92511e-06	1.6213e-06	7.21883e-06	
849	0.0993572	0.0964478	0.00290755	1.90282e-06	0.442386	0.429432	0.0129458	8.4723e-06	4.30112e-06	1.91506e-05	
850	0.0798949	0.0798058	8.90115e-05	0	0.35573	0.355334	0.000396322	0	0	0	
851	0.0643003	0.0643003	0	0	0.286295	0.286295	0	0	0	0	
852	0.0913411	0.0844666	0.00685979	1.48001e-05	0.406694	0.376086	0.030543	6.58973e-05	2.18816e-05	9.74276e-05	
853	0.105223	0.103038	0.00218447	0	0.468504	0.458778	0.00972633	0	0	0	
854	0.0987049	0.0941363	0.00456537	3.29136e-06	0.439481	0.41914	0.0203272	1.46547e-05	4.30073e-06	1.91489e-05	
855	0.110064	0.0928388	0.0166528	0.000572637	0.490058	0.413363	0.0741463	0.00254965	0.000572609	0.00254953	
856	0.112359	0.103202	0.00915652	0	0.500277	0.459507	0.0407692	0	0	0	
857	0.0631009	0.0631009	0	0	0.280955	0.280955	0	0	0	0	
858	0.106233	0.0850036	0.0212204	9.73147e-06	0.473003	0.378476	0.0944837	4.33292e-05	1.96496e-05	8.74897e-05	
859	0.127673	0.111408	0.0162648	0	0.568462	0.496043	0.0724187	0	0	0	
860	0.0928696	0.0837131	0.00915652	0	0.4135	0.37273	0.0407692	0	0	0	
861	0.086573	0.0858593	0.000713672	0	0.385464	0.382287	0.00317761	0	0	0	
862	0.113104	0.0784409	0.0344197	0.00024371	0.503594	0.349256	0.153253	0.00108511	0.000279929	0.00124638	
863	0.119169	0.114441	0.0047272	4.73911e-07	0.5306	0.50955	0.0210477	2.11008e-06	1.32751e-06	5.91072e-06	
864	0.107293	0.094667	0.0126259	0	0.47772	0.421503	0.0562169	0	0	0	
865	0.116457	0.115986	0.000471549	0	0.518525	0.516426	0.00209956	0	0	0	
866	0.0760346	0.075377	0.000657655	0	0.338542	0.335614	0.00292819	0	0	0	
867	0.0858919	0.0858919	0	0	0.382432	0.382432	0	0	0	0	
868	0.103312	0.0991614	0.00413093	1.98874e-05	0.459995	0.441514	0.0183929	8.85483e-05	2.12792e-05	9.47455e-05	
869	0.0973798	0.093867	0.00350036	1.24855e-05	0.433581	0.417941	0.0155853	5.55918e-05	1.24874e-05	5.56001e-05	
870	0.13048	0.125237	0.00524386	0	0.580963	0.557615	0.0233482	0	0	0	
871	0.107652	0.098118	0.00952191	1.23929e-05	0.479319	0.436868	0.0423961	5.51792e-05	1.23653e-05	5.50563e-05	
872	0.0420516	0.0415803	0.000471248	0	0.187234	0.185135	0.00209822	0	0	0	
873	0.0997167	0.0992219	0.000494883	0	0.443987	0.441783	0.00220346	0	0	0	
874	0.10616	0.0902544	0.0159059	0	0.472677	0.401856	0.070821	0	0	0	
875	0.0812103	0.0809414	0.000268868	0	0.361587	0.36039	0.00119713	0	0	0	
876	0.044157	0.044157	0	0	0.196608	0.196608	0	0	0	0	
877	0.101657	0.0870452	0.0144332	0.00017943	0.452629	0.387567	0.0642639	0.000798909	0.000179402	0.000798788	
878	0.100808	0.0987004	0.00210774	0	0.448846	0.439461	0.0093847	0	0	0	
879	0.086659	0.0866591	0	0	0.385847	0.385847	0	0	0	0	
880	0.0921187	0.087109	0.00500969	0	0.410156	0.387851	0.0223055	0	0	0	
881	0.0821213	0.0788132	0.00328013	2.80132e-05	0.365643	0.350914	0.0146047	0.000124728	2.79855e-05	0.000124605	
882	0.0912591	0.0888725	0.00238484	1.75919e-06	0.406329	0.395703	0.0106184	7.83279e-06	1.7788e-06	7.92009e-06	
883	0.0593543	0.058883	0.000471248	0	0.264273	0.262175	0.00209822	0	0	0	
884	0.0783087	0.0783087	0	0	0.348668	0.348668	0	0	0	0	
885	0.0889569	0.0889569	0	0	0.396079	0.396079	0	0	0	0	
886	0.102769	0.101085	0.00168444	0	0.457579	0.450079	0.00749995	0	0	0	
887	0.065699	0.065699	0	0	0.292523	0.292523	0	0	0	0	
888	0.0962225	0.0962225	0	0	0.428429	0.428429	0	0	0	0	
889	0.0663415	0.0642213	0.00212024	0	0.295384	0.285944	0.00944034	0	0	0	
890	0.0935492	0.0910733	0.00247586	0	0.416526	0.405502	0.0110237	0	0	0	
891	0.0410814	0.0410182	6.31179e-05	0	0.182914	0.182633	0.000281031	0	0	0	
892	0.0581879	0.0581879	0	0	0.25908	0.25908	0	0	0	0	
893	0.0863613	0.0863613	0	0	0.384522	0.384522	0	0	0	0	
894	0.0837752	0.0832624	0.000512823	0	0.373007	0.370724	0.00228333	0	0	0	
895	0.0795512	0.0795512	0	0	0.3542	0.3542	0	0	0	0	
896	0.0788642	0.0783514	0.000512823	0	0.351141	0.348858	0.00228333	0	0	0	
897	0.0740421	0.0712784	0.00276368	0	0.329671	0.317366	0.0123052	0	0	0	
898	0.0727087	0.0727087	0	0	0.323734	0.323734	0	0	0	0	
899	0.0960948	0.0951341	0.000960654	0	0.42786	0.423582	0.00427729	0	0	0	
900	0.0813975	0.0813975	0	0	0.36242	0.36242	0	0	0	0	
901	0.193403	0.111759	0.0811992	0.000444786	0.861126	0.497607	0.361538	0.0019804	0.000603095	0.00268527	
902	0.0748041	0.0748041	0	0	0.333064	0.333064	0	0	0	0	
903	0.217755	0.115611	0.101661	0.000481409	0.96955	0.514759	0.452647	0.00214346	0.000527257	0.0023476	
904	0.0675011	0.0675011	0	0	0.300547	0.300547	0	0	0	0	
905	0.161902	0.092491	0.0694116	0	0.720868	0.411814	0.309054	0	0	0	
906	0.20773	0.130145	0.0768605	0.000725276	0.924917	0.579468	0.342219	0.00322927	0.0010056	0.00447741	
907	0.0801047	0.0800555	4.91623e-05	0	0.356664	0.356445	0.000218894	0	0	0	
908	0.113357	0.0989731	0.0143807	3.19574e-06	0.504719	0.440675	0.0640299	1.4229e-05	1.89056e-05	8.41772e-05	
909	0.105977	0.105215	0.000761719	0	0.471862	0.46847	0.00339153	0	0	0	
910	0.122057	0.0899407	0.0321164	0	0.543457	0.400459	0.142997	0	0	0	
911	0.125375	0.106359	0.0185342	0.000482155	0.558232	0.473562	0.0825234	0.00214678	0.000486394	0.00216566	
912	0.107857	0.09567	0.0121463	4.08543e-05	0.480231	0.425968	0.0540812	0.000181903	5.35309e-05	0.000238345	
913	0.111586	0.0984929	0.0130333	6.01256e-05	0.496836	0.438537	0.0580305	0.000267708	6.00981e-05	0.000267585	
914	0.0765413	0.0765413	0	0	0.340798	0.340798	0	0	0	0	
915	0.132256	0.0915359	0.0406085	0.000112382	0.588871	0.407562	0.180808	0.00050038	0.000116161	0.000517205	
916	0.106642	0.106642	0	0	0.474825	0.474825	0	0	0	0	
917	0.116561	0.0924006	0.0241607	0	0.518987	0.411412	0.107575	0	0	0	
918	0.128122	0.0887837	0.0384593	0.000879618	0.570463	0.395307	0.171239	0.00391648	0.00109493	0.00487515	
919	0.0910683	0.086082	0.00498625	0	0.405479	0.383278	0.0222012	0	0	0	
920	0.116246	0.0856485	0.0305724	2.59997e-05	0.517587	0.381348	0.136123	0.000115763	5.06681e-05	0.000225598	
921	0.0382439	0.0382439	0	0	0.17028	0.17028	0	0	0	0	
922	0.0196826	0.0191112	0.000571392	0	0.0876367	0.0850925	0.00254411	0	0	0	
923	0.0615206	0.0590979	0.00242266	2.76177e-08	0.273919	0.263132	0.0107868	1.22967e-07	1.96797e-06	8.76237e-06	
924	0.0606027	0.0516027	0.00899995	0	0.269832	0.22976	0.0400721	0	0	0	
925	0.0487762	0.0447654	0.00398737	2.34887e-05	0.217175	0.199317	0.0177536	0.000104583	2.54291e-05	0.000113222	
926	0.0676045	0.0587362	0.00884664	2.16036e-05	0.301007	0.261522	0.0393895	9.619e-05	2.15759e-05	9.60665e-05	
927	0.0781921	0.0771796	0.00101252	0	0.348149	0.34364	0.00450822	0	0	0	
928	0.10365	0.0950077	0.00864311	0	0.461503	0.423019	0.0384833	0	0	0	
929	0.0446697	0.0429441	0.00172558	0	0.198891	0.191207	0.00768314	0	0	0	
930	0.0753479	0.0746737	0.00067415	0	0.335485	0.332483	0.00300164	0	0	0	
931	0.0929887	0.0824786	0.010386	0.000124103	0.41403	0.367234	0.0462435	0.000552567	0.000124075	0.000552444	
932	0.0857482	0.0840384	0.00170988	0	0.381792	0.374179	0.00761322	0	0	0	
933	0.0476615	0.0476615	0	0	0.212212	0.212212	0	0	0	0	
934	0.0464624	0.045411	0.00105143	0	0.206873	0.202191	0.0046815	0	0	0	
935	0.0924293	0.0776302	0.014799	0	0.411539	0.345647	0.0658925	0	0	0	
936	0.0757331	0.0757331	0	0	0.3372	0.3372	0	0	0	0	
937	0.0618296	0.0618296	0	0	0.275295	0.275295	0	0	0	0	
938	0.0672624	0.0672624	0	0	0.299484	0.299484	0	0	0	0	
939	0.0732408	0.0728358	0.000405012	0	0.326103	0.324299	0.0018033	0	0	0	
940	0.0754097	0.074419	0.000990688	0	0.33576	0.331349	0.00441102	0	0	0	
941	0.0686684	0.0686684	0	0	0.305744	0.305744	0	0	0	0	
942	0.0707768	0.0707768	0	0	0.315132	0.315132	0	0	0	0	
943	0.0801645	0.0801645	0	0	0.356931	0.356931	0	0	0	0	
944	0.0639687	0.0635637	0.000405012	0	0.284819	0.283016	0.0018033	0	0	0	
945	0.0632836	0.0632836	0	0	0.281769	0.281769	0	0	0	0	
946	0.0655791	0.0655791	0	0	0.291989	0.291989	0	0	0	0	
947	0.095756	0.095756	0	0	0.426351	0.426351	0	0	0	0	
948	0.060066	0.0542268	0.00583916	0	0.267442	0.241444	0.0259987	0	0	0	
949	0.0647017	0.0647017	0	0	0.288083	0.288083	0	0	0	0	
950	0.0860748	0.0860748	0	0	0.383246	0.383246	0	0	0	0	
951	0.116	0.116	0	0	0.516488	0.516488	0	0	0	0	
952	0.0497437	0.0495029	0.000240855	0	0.221483	0.22041	0.0010724	0	0	0	
953	0.0540591	0.0533093	0.000749832	0	0.240697	0.237358	0.00333861	0	0	0	
954	0.0873563	0.0864145	0.000941816	0	0.388952	0.384759	0.00419341	0	0	0	
955	0.0891001	0.0891001	0	0	0.396716	0.396716	0	0	0	0	
956	0.0560033	0.0497082	0.00621338	8.1737e-05	0.249353	0.221324	0.0276649	0.000363932	8.17096e-05	0.00036381	
957	0.0789854	0.0789854	0	0	0.351681	0.351681	0	0	0	0	
958	0.0773385	0.0693211	0.00801734	0	0.344348	0.308651	0.035697	0	0	0	
959	0.0909474	0.0909474	0	0	0.404941	0.404941	0	0	0	0	
960	0.0566666	0.0566666	0	0	0.252306	0.252306	0	0	0	0	
961	0.0791221	0.0749235	0.00419862	0	0.352289	0.333595	0.0186942	0	0	0	
962	0.0981554	0.0979507	0.000204628	0	0.437034	0.436123	0.000911104	0	0	0	
963	0.145783	0.145688	9.56779e-05	0	0.649099	0.648673	0.000426004	0	0	0	
964	0.105237	0.104295	0.000941816	0	0.468568	0.464375	0.00419341	0	0	0	
965	0.152321	0.0961626	0.056	0.000158867	0.678208	0.428162	0.249339	0.000707355	0.000158839	0.000707229	
966	0.157027	0.101593	0.055434	0	0.699161	0.452342	0.246818	0	0	0	
967	0.045061	0.0443032	0.000757853	0	0.200633	0.197259	0.00337432	0	0	0	
968	0.0706157	0.0706157	0	0	0.314415	0.314415	0	0	0	0	
969	0.199863	0.177736	0.0221248	1.93323e-06	0.889889	0.79137	0.0985103	8.60766e-06	1.14322e-05	5.09019e-05	
970	0.207044	0.173536	0.0332682	0.000239621	0.921862	0.772669	0.148126	0.00106691	0.000309119	0.00137634	
