Node	dPC	dPCintra	dPCflux	dPCconnector	varPC	varPCintra	varPCflux	varPCconnector	dBC_PC	varBC_PC	
1	0.173809	0.16789	0.00591968	0	0.762602	0.736629	0.025973	0	0	0	
2	0.0893172	0.0845146	0.00480269	0	0.391886	0.370813	0.0210721	0	0	0	
3	0.0941686	0.0827956	0.0113729	0	0.413171	0.363271	0.0498997	0	0	0	
4	0.058123	0.058123	0	0	0.255019	0.255019	0	0	0	0	
5	0.108332	0.107552	0.000778973	8.75311e-07	0.475316	0.471894	0.0034178	3.84049e-06	1.046e-06	4.58942e-06	
6	0.0905904	0.0905904	0	0	0.397471	0.397471	0	0	0	0	
7	0.0876829	0.0872515	0.000431396	0	0.384715	0.382822	0.00189278	0	0	0	
8	0.122235	0.10427	0.0179651	0	0.536318	0.457494	0.0788234	0	0	0	
9	0.0904948	0.087686	0.0028088	0	0.397052	0.384729	0.0123238	0	0	0	
10	0.060747	0.0600715	0.000675489	0	0.266531	0.263568	0.00296375	0	0	0	
11	0.0853208	0.0801811	0.0051397	0	0.374351	0.3518	0.0225508	0	0	0	
12	0.0984883	0.0957553	0.00273293	5.70272e-09	0.432124	0.420133	0.0119909	2.50211e-08	4.78271e-09	2.09844e-08	
13	0.104471	0.104471	0	0	0.458377	0.458377	0	0	0	0	
14	0.0846104	0.0846104	0	0	0.371234	0.371234	0	0	0	0	
15	0.0944943	0.0940629	0.000431396	0	0.4146	0.412708	0.00189278	0	0	0	
16	0.0743458	0.0743458	0	0	0.326197	0.326197	0	0	0	0	
17	0.0881608	0.0857178	0.00244296	0	0.386812	0.376093	0.0107186	0	0	0	
18	0.0735015	0.0732	0.0003015	0	0.322493	0.32117	0.00132285	0	0	0	
19	0.0885834	0.0855283	0.00305516	0	0.388666	0.375261	0.0134047	0	0	0	
20	0.0599812	0.0599812	0	0	0.263171	0.263171	0	0	0	0	
21	0.0848312	0.0829393	0.00189188	0	0.372203	0.363902	0.00830076	0	0	0	
22	0.0893979	0.0888445	0.000553408	0	0.39224	0.389811	0.00242812	0	0	0	
23	0.0982372	0.0963453	0.00189188	0	0.431022	0.422722	0.00830076	0	0	0	
24	0.0671321	0.066039	0.00109313	0	0.294547	0.289751	0.00479619	0	0	0	
25	0.126132	0.117215	0.00878138	0.000135656	0.553416	0.514291	0.0385289	0.000595202	0.000135656	0.000595201	
26	0.0860644	0.085511	0.000553408	0	0.377613	0.375185	0.00242812	0	0	0	
27	0.083642	0.077346	0.00619484	0.000101215	0.366985	0.339361	0.0271803	0.00044409	0.000101217	0.000444098	
28	0.0651555	0.0630198	0.0021357	0	0.285874	0.276504	0.00937055	0	0	0	
29	0.103324	0.102751	0.000573124	0	0.453344	0.450829	0.00251462	0	0	0	
30	0.170075	0.151015	0.0190133	4.60975e-05	0.746216	0.662592	0.0834224	0.000202256	4.63579e-05	0.000203398	
31	0.141009	0.140436	0.000573124	0	0.618688	0.616173	0.00251462	0	0	0	
32	0.146606	0.140906	0.00570033	0	0.643247	0.618236	0.0250106	0	0	0	
33	0.0786608	0.0777671	0.000893666	0	0.34513	0.341209	0.00392102	0	0	0	
34	0.103904	0.0985743	0.00532984	0	0.455887	0.432502	0.023385	0	0	0	
35	0.073361	0.0618558	0.0115052	0	0.321876	0.271396	0.0504801	0	0	0	
36	0.0829098	0.082347	0.00056284	0	0.363773	0.361303	0.0024695	0	0	0	
37	0.169684	0.0963742	0.0704813	0.00282939	0.744505	0.422848	0.309242	0.0124141	0.00496755	0.0217955	
38	0.079564	0.079564	0	0	0.349093	0.349093	0	0	0	0	
39	0.0902642	0.0851297	0.00508861	4.58415e-05	0.39604	0.373513	0.0223266	0.000201132	4.58408e-05	0.00020113	
40	0.102431	0.102431	0	0	0.449424	0.449424	0	0	0	0	
41	0.0986191	0.0973324	0.00128665	3.94199e-08	0.432698	0.427053	0.00564528	1.72957e-07	6.04097e-08	2.65052e-07	
42	0.0755297	0.0750195	0.000510179	0	0.331392	0.329153	0.00223845	0	0	0	
43	0.059744	0.0561415	0.00360249	0	0.262131	0.246325	0.0158061	0	0	0	
44	0.0656946	0.0655471	0.000147548	0	0.28824	0.287592	0.00064738	0	0	0	
45	0.0545043	0.0529029	0.00159707	4.34688e-06	0.239141	0.232115	0.00700727	1.90722e-05	4.34817e-06	1.90779e-05	
46	0.0916543	0.0863709	0.00528173	1.70986e-06	0.40214	0.378958	0.0231739	7.50214e-06	1.70932e-06	7.4998e-06	
47	0.137969	0.136821	0.00114856	0	0.605351	0.600312	0.00503942	0	0	0	
48	0.106507	0.0862735	0.0202334	0	0.467307	0.378531	0.0887758	0	0	0	
49	0.166508	0.160686	0.00581906	2.92536e-06	0.730569	0.705025	0.0255315	1.28352e-05	3.74989e-06	1.64529e-05	
50	0.0970758	0.0966644	0.000411418	0	0.425927	0.424122	0.00180512	0	0	0	
51	0.0859521	0.085911	4.10661e-05	0	0.377121	0.376941	0.00018018	0	0	0	
52	0.0777369	0.0773554	0.000381574	0	0.341076	0.339402	0.00167418	0	0	0	
53	0.0967474	0.0963613	0.000386099	0	0.424486	0.422792	0.00169403	0	0	0	
54	0.0930025	0.0920905	0.000910628	1.35748e-06	0.408055	0.404053	0.00399544	5.95606e-06	1.35673e-06	5.95278e-06	
55	0.0999745	0.0941297	0.00581921	2.56136e-05	0.438645	0.413	0.0255322	0.000112381	2.56129e-05	0.000112378	
56	0.119731	0.113702	0.00602851	0	0.52533	0.498879	0.0264505	0	0	0	
57	0.102269	0.102269	0	0	0.448712	0.448712	0	0	0	0	
58	0.122235	0.0927037	0.0294532	7.82774e-05	0.536316	0.406744	0.129228	0.000343448	9.83102e-05	0.000431343	
59	0.169589	0.11375	0.0558395	4.28492e-08	0.744087	0.499087	0.244999	1.88004e-07	8.47881e-08	3.72014e-07	
60	0.0752579	0.0747215	0.000536457	0	0.330199	0.327845	0.00235374	0	0	0	
61	0.0892063	0.0884643	0.000742005	0	0.391399	0.388143	0.0032556	0	0	0	
62	0.10021	0.0948418	0.00536852	0	0.43968	0.416125	0.0235547	0	0	0	
63	0.111667	0.0953338	0.0163288	4.85427e-06	0.489949	0.418284	0.0716438	2.12984e-05	1.01984e-05	4.47466e-05	
64	0.0992868	0.0982834	0.00100141	1.96879e-06	0.435628	0.431225	0.00439377	8.63821e-06	1.96807e-06	8.63505e-06	
65	0.108228	0.10412	0.00409515	1.26879e-05	0.474861	0.456837	0.0179677	5.56691e-05	1.26873e-05	5.56665e-05	
66	0.107613	0.102448	0.00516513	0	0.472163	0.449501	0.0226624	0	0	0	
67	0.155238	0.139406	0.015807	2.4931e-05	0.681119	0.611654	0.0693546	0.000109386	3.06785e-05	0.000134604	
68	0.110258	0.0810668	0.0291742	1.70724e-05	0.483765	0.355686	0.128004	7.49065e-05	3.41468e-05	0.000149821	
69	0.115898	0.115463	0.00043534	0	0.508513	0.506603	0.00191008	0	0	0	
70	0.0774952	0.0774952	0	0	0.340015	0.340015	0	0	0	0	
71	0.0627367	0.0448484	0.0178883	0	0.275262	0.196775	0.0784862	0	0	0	
72	0.147547	0.131411	0.0161363	3.14879e-07	0.647376	0.576575	0.0707993	1.38155e-06	7.31473e-07	3.20939e-06	
73	0.0705699	0.0605507	0.0100191	0	0.30963	0.265671	0.0439596	0	0	0	
74	0.144625	0.10757	0.0370274	2.73606e-05	0.634553	0.471973	0.16246	0.000120046	2.80787e-05	0.000123197	
75	0.174388	0.144938	0.0292454	0.000205105	0.765143	0.635927	0.128316	0.000899917	0.000223732	0.00098164	
76	0.151424	0.142355	0.00900736	6.2362e-05	0.664387	0.624593	0.0395204	0.000273618	6.27532e-05	0.000275334	
77	0.0902668	0.0902668	0	0	0.396052	0.396052	0	0	0	0	
78	0.111422	0.0994356	0.0118666	0.00011969	0.488872	0.436281	0.0520658	0.000525151	0.000132204	0.000580058	
79	0.151632	0.138019	0.0134467	0.000166934	0.665299	0.605568	0.0589984	0.000732436	0.000166933	0.000732433	
80	0.137077	0.126047	0.0110267	2.47772e-06	0.601435	0.553044	0.0483805	1.08711e-05	2.73566e-06	1.20029e-05	
81	0.110514	0.106969	0.00354468	0	0.48489	0.469337	0.0155525	0	0	0	
82	0.209076	0.162248	0.0464358	0.000392045	0.917336	0.711875	0.20374	0.00172012	0.000416622	0.00182795	
83	0.159715	0.12604	0.0336345	4.07208e-05	0.700765	0.553012	0.147574	0.000178665	4.38619e-05	0.000192447	
84	0.100607	0.0968351	0.0037721	0	0.441421	0.424871	0.0165503	0	0	0	
85	0.112971	0.101789	0.0111816	0	0.495669	0.446609	0.0490602	0	0	0	
86	0.170403	0.147197	0.0230583	0.000147814	0.747658	0.645839	0.10117	0.000648546	0.000150824	0.000661753	
87	0.0840992	0.0781302	0.00596899	0	0.368991	0.342802	0.0261894	0	0	0	
88	0.0828755	0.0821805	0.000694755	2.42329e-07	0.363622	0.360573	0.00304829	1.06323e-06	2.41593e-07	1.06e-06	
89	0.0774861	0.0774742	1.187e-05	0	0.339975	0.339923	5.20807e-05	0	0	0	
90	0.106277	0.0994684	0.00680673	2.65447e-06	0.466301	0.436425	0.029865	1.16467e-05	2.65374e-06	1.16435e-05	
91	0.103999	0.103065	0.000933873	0	0.456304	0.452207	0.00409743	0	0	0	
92	0.0851267	0.0844308	0.000695885	0	0.373499	0.370446	0.00305324	0	0	0	
93	0.0931147	0.0908849	0.00222952	3.17235e-07	0.408547	0.398764	0.00978219	1.39189e-06	7.24004e-07	3.17662e-06	
94	0.0886734	0.0863529	0.00231939	1.08889e-06	0.389061	0.378879	0.0101765	4.77762e-06	1.33302e-06	5.84875e-06	
95	0.153742	0.132397	0.0213452	0	0.674556	0.580902	0.0936536	0	0	0	
96	0.178225	0.160688	0.0174119	0.000125598	0.781977	0.70503	0.0763962	0.000551072	0.000127016	0.000557292	
97	0.112852	0.0953754	0.0174768	0	0.495147	0.418466	0.0766807	0	0	0	
98	0.0986377	0.0902471	0.00838975	8.51332e-07	0.43278	0.395965	0.0368106	3.73528e-06	8.86636e-07	3.89017e-06	
99	0.104555	0.101182	0.00337329	0	0.458746	0.443946	0.0148005	0	0	0	
100	0.0945091	0.0930246	0.00148189	2.61378e-06	0.414665	0.408152	0.0065019	1.14681e-05	3.76615e-06	1.65242e-05	
101	0.146612	0.145943	0.000668994	0	0.643274	0.640339	0.00293526	0	0	0	
102	0.139271	0.108484	0.030779	8.41262e-06	0.611064	0.475982	0.135045	3.69109e-05	1.5247e-05	6.68976e-05	
103	0.0763245	0.0741568	0.00216765	0	0.334879	0.325368	0.00951073	0	0	0	
104	0.105667	0.0842522	0.0214067	8.05584e-06	0.463621	0.369662	0.0939237	3.53455e-05	1.05203e-05	4.61589e-05	
105	0.0928924	0.0872028	0.00562845	6.1123e-05	0.407572	0.382608	0.0246952	0.000268181	6.11223e-05	0.000268178	
106	0.131065	0.112804	0.018255	6.14923e-06	0.57506	0.494938	0.0800953	2.69802e-05	1.00358e-05	4.4033e-05	
107	0.163364	0.148364	0.0149681	3.21146e-05	0.716774	0.65096	0.0656736	0.000140905	3.34174e-05	0.000146621	
108	0.0992949	0.0980184	0.00127461	1.87125e-06	0.435663	0.430063	0.00559246	8.21026e-06	1.89795e-06	8.3274e-06	
109	0.128792	0.109332	0.0192916	0.000168125	0.565084	0.479703	0.0846433	0.000737663	0.00018053	0.00079209	
110	0.117356	0.109859	0.00749681	0	0.514911	0.482018	0.0328928	0	0	0	
111	0.1025	0.0973288	0.00517128	8.39067e-07	0.44973	0.427037	0.0226894	3.68146e-06	1.41614e-06	6.21342e-06	
112	0.101326	0.095887	0.00543905	0	0.444575	0.420711	0.0238642	0	0	0	
113	0.0935892	0.0928205	0.000768757	0	0.410629	0.407256	0.00337297	0	0	0	
114	0.150249	0.125569	0.024513	0.000166555	0.659228	0.550944	0.107552	0.000730775	0.000464099	0.00203626	
115	0.114022	0.108032	0.00598949	1.18099e-06	0.500283	0.473999	0.0262793	5.18171e-06	4.63769e-06	2.03482e-05	
116	0.11689	0.115665	0.00122487	2.79364e-08	0.512863	0.507489	0.00537421	1.22573e-07	2.7753e-08	1.21768e-07	
117	0.104628	0.0979599	0.00666266	6.12245e-06	0.459066	0.429806	0.0292329	2.68627e-05	6.1222e-06	2.68616e-05	
118	0.103303	0.102766	0.000537231	0	0.453252	0.450895	0.00235714	0	0	0	
119	0.117297	0.114852	0.00244531	0	0.514651	0.503922	0.0107289	0	0	0	
120	0.107789	0.0972237	0.0104796	8.62663e-05	0.472935	0.426576	0.0459804	0.000378499	9.85519e-05	0.000432403	
121	0.0896612	0.0852781	0.00436997	1.3145e-05	0.393395	0.374163	0.0191735	5.7675e-05	1.32458e-05	5.81172e-05	
122	0.167452	0.159434	0.0079746	4.38738e-05	0.734711	0.69953	0.0349891	0.000192499	4.54412e-05	0.000199376	
123	0.110532	0.108168	0.00236396	3.67627e-07	0.484969	0.474595	0.010372	1.61299e-06	3.67009e-07	1.61027e-06	
124	0.132781	0.0974177	0.0352143	0.000149811	0.58259	0.427427	0.154505	0.000657309	0.00110421	0.00484483	
125	0.107726	0.104537	0.00318851	0	0.472656	0.458667	0.0139898	0	0	0	
126	0.122202	0.105499	0.0166793	2.35979e-05	0.536171	0.462886	0.0731819	0.000103537	2.6383e-05	0.000115757	
127	0.199362	0.193717	0.0056304	1.50117e-05	0.874718	0.849949	0.0247038	6.58651e-05	1.54911e-05	6.79685e-05	
128	0.128861	0.12198	0.00687992	5.79292e-07	0.565388	0.5352	0.0301861	2.54168e-06	5.82369e-07	2.55518e-06	
129	0.122635	0.119349	0.00328485	5.49378e-07	0.538071	0.523656	0.0144125	2.41043e-06	6.63843e-07	2.91266e-06	
130	0.0979951	0.0973004	0.00069409	5.27928e-07	0.42996	0.426912	0.00304537	2.31632e-06	5.27602e-07	2.31489e-06	
131	0.130007	0.126001	0.0040031	2.78655e-06	0.570416	0.55284	0.0175639	1.22262e-05	2.78592e-06	1.22234e-05	
132	0.117078	0.086095	0.0309831	0	0.513689	0.377748	0.13594	0	0	0	
133	0.124077	0.112029	0.0118853	0.000162686	0.5444	0.491539	0.0521476	0.000713799	0.000170615	0.000748587	
134	0.0968995	0.0966902	0.000209279	0	0.425153	0.424235	0.00091823	0	0	0	
135	0.071331	0.071331	0	0	0.31297	0.31297	0	0	0	0	
136	0.106324	0.104649	0.00167495	4.68687e-07	0.466507	0.459156	0.00734898	2.0564e-06	4.67986e-07	2.05332e-06	
137	0.107562	0.10324	0.00432065	1.84909e-06	0.47194	0.452975	0.0189571	8.11304e-06	1.84845e-06	8.11024e-06	
138	0.110775	0.105494	0.0052794	1.38861e-06	0.486035	0.462865	0.0231637	6.09264e-06	1.93701e-06	8.49878e-06	
139	0.10988	0.107377	0.00250207	1.07749e-06	0.482107	0.471125	0.010978	4.7276e-06	1.07993e-06	4.73827e-06	
140	0.133323	0.122388	0.0109278	7.50203e-06	0.584968	0.536989	0.0479465	3.29157e-05	7.50103e-06	3.29113e-05	
141	0.0968872	0.0940497	0.00283447	2.99125e-06	0.425099	0.41265	0.0124364	1.31243e-05	2.99376e-06	1.31353e-05	
142	0.0869845	0.0843509	0.00263361	0	0.381651	0.370095	0.0115551	0	0	0	
143	0.158622	0.156506	0.00211655	0	0.695969	0.686683	0.00928652	0	0	0	
144	0.101484	0.0998568	0.00162734	0	0.445269	0.438129	0.00714008	0	0	0	
145	0.0896757	0.0877305	0.00194395	1.22458e-06	0.393458	0.384924	0.00852923	5.37294e-06	3.4033e-06	1.49322e-05	
146	0.0623764	0.0618713	0.000505102	0	0.273681	0.271465	0.00221617	0	0	0	
147	0.0741494	0.0735159	0.000632843	6.51187e-07	0.325336	0.322556	0.00277664	2.85713e-06	6.50447e-07	2.85388e-06	
148	0.111294	0.109037	0.00225685	0	0.48831	0.478408	0.0099021	0	0	0	
149	0.113686	0.101051	0.0125478	8.65807e-05	0.498806	0.443371	0.0550546	0.000379879	9.09754e-05	0.000399161	
150	0.0979017	0.0835483	0.0143534	0	0.42955	0.366574	0.0629766	0	0	0	
151	0.131242	0.125874	0.00532157	4.59817e-05	0.575834	0.552284	0.0233487	0.000201748	4.60228e-05	0.000201928	
152	0.0888372	0.0857436	0.00309235	1.25425e-06	0.389779	0.376206	0.0135679	5.50311e-06	1.25897e-06	5.52382e-06	
153	0.139822	0.13719	0.00263147	0	0.61348	0.601934	0.0115458	0	0	0	
154	0.101114	0.098852	0.00226036	1.91529e-06	0.443646	0.43372	0.00991749	8.4035e-06	1.91458e-06	8.40036e-06	
155	0.109198	0.092926	0.0162502	2.1957e-05	0.479115	0.407719	0.071299	9.63382e-05	3.14439e-05	0.000137962	
156	0.112838	0.0958706	0.0169389	2.90579e-05	0.495087	0.420639	0.074321	0.000127493	2.90573e-05	0.000127491	
157	0.0894029	0.0894002	2.67901e-06	0	0.392261	0.39225	1.17543e-05	0	0	0	
158	0.108816	0.104738	0.00407719	8.78909e-07	0.477441	0.459549	0.0178889	3.85627e-06	8.78248e-07	3.85337e-06	
159	0.10073	0.10046	0.000269765	0	0.44196	0.440777	0.00118361	0	0	0	
160	0.166213	0.157696	0.00844927	6.72188e-05	0.729271	0.691905	0.0370718	0.000294927	7.58237e-05	0.000332682	
161	0.18718	0.176086	0.0110901	4.22947e-06	0.821267	0.77259	0.0486587	1.85571e-05	4.26015e-06	1.86917e-05	
162	0.111233	0.0954439	0.0153879	0.000401705	0.488045	0.418767	0.0675156	0.00176251	0.000402607	0.00176646	
163	0.0875801	0.0795577	0.00802244	0	0.384264	0.349065	0.035199	0	0	0	
164	0.122366	0.0909056	0.0314603	0	0.536889	0.398855	0.138034	0	0	0	
165	0.149948	0.116741	0.0330241	0.00018211	0.657908	0.512213	0.144895	0.000799024	0.000182345	0.000800055	
166	0.102065	0.0987169	0.00334067	7.41695e-06	0.447817	0.433127	0.0146574	3.25424e-05	7.41622e-06	3.25392e-05	
167	0.102351	0.0984093	0.00393556	6.40395e-06	0.449073	0.431778	0.0172675	2.80977e-05	6.40314e-06	2.80942e-05	
168	0.10219	0.0993674	0.00281329	9.89476e-06	0.448368	0.435981	0.0123435	4.34139e-05	1.00122e-05	4.39292e-05	
169	0.0983745	0.0960462	0.00232658	1.76014e-06	0.431625	0.421409	0.010208	7.72275e-06	1.75924e-06	7.71879e-06	
170	0.131638	0.110134	0.0212969	0.000207504	0.577573	0.483221	0.0934417	0.000910442	0.000238961	0.00104846	
171	0.213018	0.197995	0.0149695	5.36364e-05	0.934636	0.86872	0.0656801	0.000235333	5.45927e-05	0.000239529	
172	0.136163	0.1238	0.0123637	0	0.597428	0.543181	0.0542468	0	0	0	
173	0.165542	0.137538	0.0278456	0.000158583	0.726329	0.603459	0.122174	0.000695795	0.000162564	0.000713263	
174	0.119826	0.114802	0.00502397	0	0.525749	0.503706	0.022043	0	0	0	
175	0.107233	0.0975818	0.00965168	0	0.470494	0.428147	0.0423474	0	0	0	
176	0.101963	0.0961498	0.0057654	4.83167e-05	0.447372	0.421864	0.0252961	0.000211993	5.09932e-05	0.000223736	
177	0.180188	0.143761	0.0360092	0.000417567	0.790591	0.630765	0.157993	0.0018321	0.000417568	0.00183211	
178	0.124493	0.107906	0.0165664	2.07347e-05	0.546224	0.473446	0.0726864	9.09752e-05	4.09746e-05	0.000179779	
179	0.150425	0.14238	0.00797357	7.11867e-05	0.660003	0.624706	0.0349846	0.000312336	8.04304e-05	0.000352894	
180	0.107304	0.102846	0.00445625	1.21122e-06	0.470804	0.451247	0.0195521	5.31431e-06	1.21055e-06	5.31139e-06	
181	0.128403	0.127081	0.00132203	0	0.563379	0.557578	0.0058005	0	0	0	
182	0.101112	0.10081	0.000302493	0	0.44364	0.442313	0.00132721	0	0	0	
183	0.117005	0.113082	0.003923	7.31513e-08	0.513371	0.496158	0.0172124	3.20957e-07	7.24583e-08	3.17916e-07	
184	0.091516	0.0892563	0.00225972	0	0.401533	0.391618	0.0099147	0	0	0	
185	0.0867554	0.0837346	0.00302084	0	0.380645	0.367391	0.0132541	0	0	0	
186	0.140146	0.115397	0.0247396	9.37184e-06	0.614904	0.506316	0.108546	4.11196e-05	1.0399e-05	4.56264e-05	
187	0.0895102	0.0895102	0	0	0.392732	0.392732	0	0	0	0	
188	0.0852031	0.081806	0.00339505	2.07199e-06	0.373835	0.358929	0.014896	9.09102e-06	2.07136e-06	9.08825e-06	
189	0.10739	0.103724	0.00366623	0	0.471183	0.455098	0.0160858	0	0	0	
190	0.0702123	0.0602087	0.0100033	3.13277e-07	0.308061	0.26417	0.0438903	1.37452e-06	2.45893e-06	1.07887e-05	
191	0.315411	0.216328	0.0972544	0.00182864	1.38388	0.949155	0.42671	0.00802329	0.00201561	0.00884366	
192	0.0740119	0.0740119	0	0	0.324732	0.324732	0	0	0	0	
193	0.120067	0.120067	0	0	0.526805	0.526805	0	0	0	0	
194	0.151395	0.12277	0.028148	0.000477413	0.66426	0.538664	0.123501	0.00209468	0.000494944	0.0021716	
195	0.0900324	0.0898602	0.000172187	0	0.395023	0.394268	0.000755486	0	0	0	
196	0.0906481	0.0906481	0	0	0.397725	0.397725	0	0	0	0	
197	0.0767224	0.0568101	0.019678	0.000234343	0.336625	0.249258	0.0863387	0.00102819	0.000252641	0.00110848	
198	0.137892	0.115904	0.0218639	0.000123952	0.605011	0.508538	0.0959295	0.000543849	0.000125926	0.00055251	
199	0.13377	0.115942	0.0178279	0	0.586926	0.508704	0.0782213	0	0	0	
200	0.113444	0.0884366	0.0250082	0	0.497747	0.388022	0.109725	0	0	0	
201	0.15267	0.101997	0.0494486	0.00122464	0.669853	0.447521	0.216959	0.00537321	0.00149044	0.00653944	
202	0.107341	0.107341	0	0	0.470968	0.470968	0	0	0	0	
203	0.0958125	0.0958125	0	0	0.420384	0.420384	0	0	0	0	
204	0.165504	0.135638	0.0298438	2.23278e-05	0.726162	0.595122	0.130942	9.79648e-05	3.40417e-05	0.00014936	
205	0.112784	0.0910971	0.0216561	3.07447e-05	0.494848	0.399695	0.0950181	0.000134894	5.14668e-05	0.000225814	
206	0.178928	0.151381	0.0275212	2.56601e-05	0.785062	0.664198	0.120751	0.000112585	4.24228e-05	0.000186133	
207	0.0554752	0.0526158	0.00285786	1.59965e-06	0.243401	0.230855	0.012539	7.01858e-06	1.80743e-06	7.93027e-06	
208	0.101816	0.0996202	0.00219658	0	0.446728	0.437091	0.00963765	0	0	0	
209	0.13743	0.0964939	0.040937	0	0.602988	0.423374	0.179614	0	0	0	
210	0.115687	0.115205	0.000481457	0	0.507587	0.505474	0.00211242	0	0	0	
211	0.169722	0.104891	0.0648312	0	0.74467	0.460219	0.284451	0	0	0	
212	0.118035	0.117897	0.000137266	0	0.517887	0.517285	0.000602268	0	0	0	
213	0.239475	0.166805	0.0723642	0.000306172	1.05071	0.731869	0.317503	0.00134335	0.000394517	0.00173097	
214	0.120053	0.117333	0.00271687	2.49509e-06	0.526742	0.514811	0.0119204	1.09474e-05	2.54801e-06	1.11795e-05	
215	0.165639	0.163713	0.00192495	1.717e-06	0.726756	0.718303	0.00844588	7.53347e-06	1.7222e-06	7.5563e-06	
216	0.0998549	0.0859158	0.0139321	7.00639e-06	0.43812	0.376961	0.0611281	3.0741e-05	7.00547e-06	3.0737e-05	
217	0.173444	0.142722	0.0303982	0.000323565	0.760998	0.626204	0.133374	0.00141966	0.000345308	0.00151506	
218	0.0985116	0.0984251	8.64646e-05	0	0.432227	0.431847	0.000379369	0	0	0	
219	0.135558	0.134785	0.000772673	0	0.594772	0.591382	0.00339016	0	0	0	
220	0.097084	0.084907	0.0121586	1.83802e-05	0.425963	0.372535	0.0533467	8.06448e-05	3.15884e-05	0.000138596	
221	0.105109	0.095071	0.0099845	5.442e-05	0.461177	0.41713	0.0438077	0.000238771	6.58454e-05	0.000288901	
222	0.0509255	0.0509255	0	0	0.223439	0.223439	0	0	0	0	
223	0.0980226	0.0980226	0	0	0.430081	0.430081	0	0	0	0	
224	0.155198	0.147114	0.00808423	0	0.680945	0.645474	0.0354701	0	0	0	
225	0.0825823	0.0793051	0.00326751	9.70464e-06	0.362336	0.347957	0.0143364	4.25798e-05	9.70396e-06	4.25768e-05	
226	0.229458	0.227916	0.00153949	2.31205e-06	1.00676	1	0.00675463	1.01442e-05	2.31132e-06	1.0141e-05	
227	0.0846314	0.0833068	0.00132431	2.15762e-07	0.371326	0.365514	0.00581053	9.46674e-07	2.14992e-07	9.43295e-07	
228	0.0915769	0.0803485	0.0111692	5.92046e-05	0.4018	0.352534	0.0490058	0.000259764	5.92043e-05	0.000259763	
229	0.126754	0.125449	0.00130421	0	0.556143	0.55042	0.00572234	0	0	0	
230	0.108045	0.107919	0.000126129	1.6248e-08	0.474058	0.473504	0.000553404	7.12894e-08	1.54827e-08	6.79318e-08	
231	0.0931971	0.0931737	2.33673e-05	0	0.408909	0.408806	0.000102525	0	0	0	
232	0.0860016	0.0760182	0.00998344	0	0.377338	0.333535	0.043803	0	0	0	
233	0.0792002	0.0791012	9.90401e-05	0	0.347496	0.347062	0.000434545	0	0	0	
234	0.105669	0.1056	6.89912e-05	0	0.463632	0.463329	0.000302704	0	0	0	
235	0.137942	0.137942	0	0	0.605233	0.605233	0	0	0	0	
236	0.0671954	0.0669923	0.000203129	0	0.294824	0.293933	0.000891246	0	0	0	
237	0.0481151	0.047959	0.000156051	0	0.211108	0.210423	0.000684688	0	0	0	
238	0.0906177	0.0906177	0	0	0.397592	0.397592	0	0	0	0	
239	0.150413	0.123503	0.0268528	5.75297e-05	0.65995	0.541879	0.117818	0.000252415	5.75276e-05	0.000252406	
240	0.0928509	0.0918102	0.00104072	0	0.40739	0.402824	0.00456627	0	0	0	
241	0.148318	0.120083	0.0282212	1.35011e-05	0.650756	0.526874	0.123822	5.92372e-05	1.54088e-05	6.76072e-05	
242	0.0866532	0.0866487	4.50685e-06	0	0.380197	0.380177	1.97741e-05	0	0	0	
243	0.0872217	0.0872217	0	0	0.382691	0.382691	0	0	0	0	
244	0.0899626	0.0899626	0	0	0.394717	0.394717	0	0	0	0	
245	0.120861	0.0964492	0.0239313	0.000480491	0.530286	0.423178	0.105	0.00210818	0.000481815	0.002114	
246	0.101872	0.0907779	0.011094	0	0.44697	0.398294	0.048676	0	0	0	
247	0.112606	0.10867	0.00392065	1.45132e-05	0.494067	0.476801	0.0172021	6.36779e-05	1.47534e-05	6.47318e-05	
248	0.0847561	0.0847561	0	0	0.371873	0.371873	0	0	0	0	
249	0.0712067	0.0709809	0.000225854	0	0.312424	0.311433	0.000990951	0	0	0	
250	0.0682712	0.0675783	0.000692848	0	0.299544	0.296504	0.00303992	0	0	0	
251	0.121889	0.110795	0.011094	0	0.534799	0.486123	0.048676	0	0	0	
252	0.0756807	0.0702426	0.00541217	2.59006e-05	0.332054	0.308194	0.0237463	0.00011364	2.62521e-05	0.000115183	
253	0.0993414	0.0991783	0.000163082	0	0.435867	0.435152	0.000715536	0	0	0	
254	0.0788609	0.0787507	0.000110207	0	0.346007	0.345524	0.000483543	0	0	0	
255	0.0879344	0.0879344	0	0	0.385818	0.385818	0	0	0	0	
256	0.0995188	0.0980649	0.00145393	0	0.436646	0.430266	0.00637924	0	0	0	
257	0.0908	0.0900365	0.000763561	0	0.398391	0.395041	0.00335018	0	0	0	
258	0.103291	0.0975344	0.0057146	4.23249e-05	0.453198	0.427939	0.0250732	0.000185703	4.29015e-05	0.000188233	
259	0.0536047	0.0458994	0.00758741	0.00011796	0.235194	0.201386	0.0332903	0.000517561	0.000148259	0.0006505	
260	0.0439058	0.0423266	0.00157914	0	0.19264	0.185711	0.00692862	0	0	0	
261	0.112301	0.111397	0.000903737	4.63499e-07	0.492729	0.488762	0.00396521	2.03363e-06	4.62769e-07	2.03043e-06	
262	0.116217	0.112649	0.00356674	1.06288e-06	0.509913	0.494259	0.0156493	4.66347e-06	1.24273e-06	5.45257e-06	
263	0.0570831	0.0443705	0.0127108	1.74046e-06	0.250456	0.194678	0.0557698	7.6364e-06	7.06615e-06	3.10032e-05	
264	0.188277	0.141913	0.0460247	0.000339315	0.826083	0.622657	0.201937	0.00148877	0.000543983	0.00238676	
265	0.0491632	0.0439618	0.00519978	1.58599e-06	0.215707	0.192885	0.0228144	6.95868e-06	2.78294e-06	1.22103e-05	
266	0.0857534	0.0845811	0.00117064	1.71437e-06	0.376249	0.371105	0.00513627	7.52194e-06	1.71364e-06	7.51872e-06	
267	0.047769	0.0461899	0.00157914	0	0.20959	0.202661	0.00692862	0	0	0	
268	0.0863667	0.0863667	0	0	0.37894	0.37894	0	0	0	0	
269	0.207926	0.207649	0.000276771	8.29254e-08	0.91229	0.911075	0.00121435	3.63841e-07	8.21646e-08	3.60503e-07	
270	0.108934	0.108824	0.000110207	0	0.477958	0.477474	0.000483543	0	0	0	
271	0.0857548	0.0857548	0	0	0.376255	0.376255	0	0	0	0	
272	0.105062	0.105062	0	0	0.460969	0.460969	0	0	0	0	
273	0.110903	0.0928646	0.0178359	0.000202875	0.486596	0.40745	0.0782566	0.000890132	0.000232098	0.00101834	
274	0.102786	0.0955399	0.00724538	1.08852e-06	0.450982	0.419188	0.0317896	4.77598e-06	1.11206e-06	4.87925e-06	
275	0.118554	0.112677	0.00583927	3.74174e-05	0.520164	0.49438	0.0256202	0.000164171	3.7419e-05	0.000164178	
276	0.0920419	0.0909638	0.00107819	0	0.40384	0.39911	0.00473063	0	0	0	
277	0.105539	0.105403	0.000136382	0	0.463064	0.462465	0.000598386	0	0	0	
278	0.175861	0.149897	0.0258462	0.000117825	0.771605	0.657686	0.113402	0.000516968	0.000208749	0.000915904	
279	0.0782799	0.0780319	0.000247969	0	0.343458	0.34237	0.00108798	0	0	0	
280	0.135028	0.12294	0.0120878	0	0.592445	0.539409	0.0530362	0	0	0	
281	0.116791	0.0963417	0.0204254	2.42107e-05	0.51243	0.422706	0.0896182	0.000106226	4.79677e-05	0.000210461	
282	0.0849861	0.0822748	0.00271123	0	0.372882	0.360986	0.0118957	0	0	0	
283	0.102607	0.0923059	0.0102774	2.44129e-05	0.450199	0.404999	0.0450928	0.000107113	4.19619e-05	0.000184111	
284	0.129706	0.112036	0.0176161	5.43148e-05	0.569097	0.491567	0.077292	0.00023831	5.94051e-05	0.000260644	
285	0.0989721	0.0883513	0.0106208	0	0.434247	0.387648	0.0465995	0	0	0	
286	0.122393	0.0831303	0.0391805	8.24813e-05	0.537009	0.36474	0.171907	0.000361892	9.73248e-05	0.000427019	
287	0.0700855	0.0662221	0.00386341	0	0.307505	0.290554	0.0169509	0	0	0	
288	0.202066	0.142292	0.0587388	0.00103506	0.886579	0.624317	0.25772	0.00454143	0.00124331	0.00545513	
289	0.0664707	0.0664707	0	0	0.291645	0.291645	0	0	0	0	
290	0.0713341	0.0698719	0.0014622	0	0.312983	0.306568	0.00641554	0	0	0	
291	0.171098	0.138923	0.032096	7.85886e-05	0.750706	0.609537	0.140823	0.000344813	0.000115744	0.000507837	
292	0.138786	0.118157	0.0204792	0.000149738	0.608934	0.518423	0.0898542	0.000656987	0.000149737	0.000656984	
293	0.067432	0.0481776	0.0192544	0	0.295863	0.211382	0.0844804	0	0	0	
294	0.0647701	0.061774	0.00299608	0	0.284183	0.271038	0.0131455	0	0	0	
295	0.169315	0.154105	0.0151183	9.15845e-05	0.742882	0.676147	0.0663328	0.000401833	0.000111938	0.000491138	
296	0.119813	0.119813	0	0	0.525688	0.525688	0	0	0	0	
297	0.169424	0.148459	0.0209273	3.80445e-05	0.743362	0.651374	0.0918202	0.000166923	5.3052e-05	0.000232769	
298	0.107405	0.0919985	0.0153332	7.34049e-05	0.471248	0.40365	0.0672758	0.000322069	9.06273e-05	0.000397634	
299	0.0971904	0.0804336	0.0167568	0	0.42643	0.352908	0.0735218	0	0	0	
300	0.0791899	0.0777277	0.0014622	0	0.347451	0.341036	0.00641554	0	0	0	
301	0.064579	0.0630348	0.0015371	7.03045e-06	0.283345	0.27657	0.00674416	3.08466e-05	8.08652e-06	3.54802e-05	
302	0.0715868	0.0702363	0.00135051	0	0.314092	0.308167	0.0059255	0	0	0	
303	0.127834	0.107166	0.0205948	7.29492e-05	0.560883	0.470201	0.0903613	0.00032007	8.48361e-05	0.000372224	
304	0.0966711	0.0966711	0	0	0.424151	0.424151	0	0	0	0	
305	0.0497994	0.0418013	0.00796808	2.99553e-05	0.218498	0.183406	0.0349605	0.000131431	2.99548e-05	0.000131428	
306	0.0616234	0.0536122	0.00801116	0	0.270377	0.235227	0.0351495	0	0	0	
307	0.0912908	0.088423	0.00286776	0	0.400545	0.387962	0.0125825	0	0	0	
308	0.0907789	0.0764954	0.0142834	0	0.398299	0.335629	0.0626698	0	0	0	
309	0.116476	0.112188	0.00426706	2.07691e-05	0.511049	0.492235	0.018722	9.11262e-05	2.15183e-05	9.44133e-05	
310	0.146781	0.145179	0.00160105	1.20755e-06	0.644015	0.636985	0.00702474	5.29822e-06	1.46447e-06	6.4255e-06	
311	0.0757542	0.0748941	0.000857638	2.44635e-06	0.332377	0.328603	0.00376295	1.07335e-05	2.4456e-06	1.07302e-05	
312	0.135201	0.0970728	0.0380025	0.000126186	0.593206	0.425913	0.166739	0.000553652	0.000151204	0.000663418	
313	0.101596	0.0946311	0.00696495	0	0.44576	0.415201	0.0305592	0	0	0	
314	0.0787299	0.0782717	0.000458185	0	0.345433	0.343423	0.00201032	0	0	0	
315	0.10852	0.0961986	0.0122974	2.45362e-05	0.476142	0.422078	0.0539561	0.000107654	3.34809e-05	0.000146899	
316	0.0715195	0.0715128	6.63745e-06	0	0.313797	0.313767	2.91223e-05	0	0	0	
317	0.120011	0.0777539	0.0421106	0.000147121	0.52656	0.341151	0.184763	0.000645507	0.000182189	0.00079937	
318	0.185122	0.123851	0.0612692	1.48996e-06	0.812238	0.543408	0.268823	6.53733e-06	1.4878e-06	6.52785e-06	
319	0.230647	0.145435	0.0829471	0.00226421	1.01198	0.638109	0.363936	0.00993442	0.00237562	0.0104232	
320	0.0841201	0.0770755	0.00704255	2.06004e-06	0.369083	0.338174	0.0308997	9.03861e-06	3.78187e-06	1.65932e-05	
321	0.126244	0.100087	0.0258358	0.000321829	0.553907	0.439138	0.113356	0.00141204	0.000328362	0.00144071	
322	0.132803	0.0798226	0.0525435	0.000437375	0.582685	0.350227	0.230538	0.00191901	0.00075473	0.00331143	
323	0.0977932	0.0960932	0.00169995	0	0.429074	0.421616	0.00745869	0	0	0	
324	0.127817	0.126832	0.000984117	0	0.560806	0.556488	0.00431788	0	0	0	
325	0.0915225	0.0914081	0.000114488	0	0.401562	0.401059	0.000502327	0	0	0	
326	0.072589	0.0720019	0.000587097	0	0.318489	0.315913	0.00257593	0	0	0	
327	0.0808304	0.0761236	0.0047068	0	0.354649	0.333998	0.0206514	0	0	0	
328	0.0919086	0.091904	4.60152e-06	0	0.403255	0.403235	2.01895e-05	0	0	0	
329	0.0987951	0.0926746	0.00611179	8.725e-06	0.43347	0.406616	0.0268159	3.82815e-05	8.72428e-06	3.82784e-05	
330	0.146007	0.0894406	0.0550532	0.00151335	0.640617	0.392427	0.241549	0.00663997	0.00194575	0.00853715	
331	0.124311	0.118395	0.00588838	2.81348e-05	0.545426	0.519467	0.0258357	0.000123443	2.82388e-05	0.000123899	
332	0.112604	0.0976312	0.0148997	7.37419e-05	0.494061	0.428364	0.0653738	0.000323548	9.59563e-05	0.000421015	
333	0.118947	0.0997376	0.0192098	0	0.52189	0.437605	0.0842846	0	0	0	
334	0.131795	0.0895846	0.0420571	0.000153728	0.578262	0.393059	0.184528	0.000674496	0.000198876	0.000872584	
335	0.082966	0.0815046	0.00146143	0	0.364019	0.357607	0.00641217	0	0	0	
336	0.105022	0.0906031	0.0142402	0.000179001	0.460793	0.397527	0.06248	0.000785383	0.000350167	0.00153638	
337	0.116037	0.113279	0.00274914	8.42447e-06	0.509121	0.497022	0.012062	3.6963e-05	8.46212e-06	3.71281e-05	
338	0.111202	0.103004	0.00812319	7.50505e-05	0.48791	0.451939	0.035641	0.000329289	7.53166e-05	0.000330457	
339	0.0822959	0.0780425	0.00424087	1.25191e-05	0.361079	0.342417	0.0186071	5.49285e-05	1.25543e-05	5.50829e-05	
340	0.103685	0.0846593	0.0190079	1.81106e-05	0.454927	0.371449	0.0833986	7.94617e-05	4.33605e-05	0.000190247	
341	0.106666	0.105688	0.000978287	2.5308e-07	0.468007	0.463714	0.0042923	1.11041e-06	2.52312e-07	1.10704e-06	
342	0.10927	0.0763788	0.0328914	0	0.479431	0.335117	0.144313	0	0	0	
343	0.14345	0.0893977	0.0524133	0.00163948	0.629399	0.392238	0.229967	0.00719337	0.00300202	0.0131716	
344	0.0836218	0.0835733	4.84874e-05	0	0.366897	0.366684	0.000212742	0	0	0	
345	0.122448	0.0963474	0.0260372	6.40555e-05	0.537252	0.422731	0.11424	0.000281048	8.83866e-05	0.000387802	
346	0.139555	0.0995752	0.0392218	0.000758676	0.612311	0.436893	0.172088	0.00332874	0.000963353	0.00422678	
347	0.0948658	0.0764998	0.0181381	0.000227838	0.41623	0.335648	0.0795823	0.000999658	0.000242722	0.00106496	
348	0.099191	0.0848551	0.0142893	4.64986e-05	0.435207	0.372308	0.0626957	0.000204015	4.94264e-05	0.000216861	
349	0.0779507	0.0731765	0.00477173	2.47014e-06	0.342014	0.321067	0.0209363	1.08379e-05	3.9867e-06	1.74919e-05	
350	0.132	0.0771162	0.0542863	0.000597485	0.579159	0.338353	0.238185	0.00262151	0.000781976	0.00343097	
351	0.143504	0.0949637	0.0482233	0.000317408	0.629636	0.41666	0.211583	0.00139265	0.00048151	0.00211266	
352	0.13263	0.0828442	0.049744	4.23523e-05	0.581926	0.363485	0.218255	0.000185823	6.15271e-05	0.000269954	
353	0.0889546	0.0790132	0.00991231	2.90879e-05	0.390295	0.346676	0.0434909	0.000127625	2.91004e-05	0.00012768	
354	0.0851528	0.0802465	0.00487266	3.35872e-05	0.373614	0.352087	0.0213791	0.000147366	3.5222e-05	0.000154539	
355	0.0856991	0.0845604	0.00113873	0	0.376011	0.371014	0.00499629	0	0	0	
356	0.117956	0.110276	0.00766686	1.40422e-05	0.517544	0.483844	0.0336389	6.16115e-05	1.40584e-05	6.16824e-05	
357	0.209562	0.109459	0.0945991	0.00550439	0.919471	0.480259	0.41506	0.0241509	0.0073812	0.0323855	
358	0.165711	0.099134	0.0653133	0.00126458	0.727073	0.434957	0.286566	0.00554846	0.00370234	0.0162443	
359	0.105412	0.0792113	0.0260131	0.000187527	0.462502	0.347545	0.114134	0.000822791	0.000466327	0.00204604	
360	0.103391	0.0978761	0.00551168	4.08287e-06	0.453639	0.429438	0.0241829	1.79139e-05	4.08233e-06	1.79115e-05	
361	0.0476004	0.0476004	0	0	0.20885	0.20885	0	0	0	0	
362	0.104654	0.0881875	0.0164169	4.96826e-05	0.459178	0.386929	0.0720306	0.000217986	5.23418e-05	0.000229653	
363	0.0497583	0.0497164	4.18753e-05	0	0.218318	0.218134	0.000183731	0	0	0	
364	0.124657	0.114852	0.00979174	1.35545e-05	0.546945	0.503923	0.0429619	5.94714e-05	1.55212e-05	6.81008e-05	
365	0.0802931	0.080233	6.0091e-05	0	0.352292	0.352028	0.000263653	0	0	0	
366	0.10895	0.0926221	0.0162233	0.000105144	0.478028	0.406386	0.0711811	0.000461328	0.000151327	0.000663958	
367	0.125009	0.106331	0.0186206	5.74201e-05	0.54849	0.466538	0.0816994	0.000251934	7.25352e-05	0.000318253	
368	0.0805137	0.0765142	0.0039893	1.02315e-05	0.35326	0.335711	0.0175033	4.48916e-05	1.18604e-05	5.20385e-05	
369	0.0840344	0.0810945	0.00293992	0	0.368707	0.355808	0.0128991	0	0	0	
370	0.112324	0.0925378	0.0195666	0.000220145	0.492832	0.406016	0.0858499	0.000965902	0.000290443	0.00127434	
371	0.115822	0.0801014	0.0356056	0.000115664	0.50818	0.35145	0.156222	0.000507486	0.000115682	0.000507567	
372	0.107474	0.0798204	0.0275414	0.000112222	0.47155	0.350217	0.12084	0.000492384	0.000112241	0.000492468	
373	0.0849756	0.0799774	0.00497536	2.29092e-05	0.372836	0.350906	0.0218297	0.000100515	3.30496e-05	0.000145007	
374	0.207917	0.104946	0.0929592	0.0100118	0.912253	0.460459	0.407865	0.0439277	0.0196279	0.0861188	
375	0.144148	0.128371	0.0157003	7.65638e-05	0.63246	0.563238	0.0688865	0.000335929	7.80275e-05	0.000342351	
376	0.100266	0.099847	0.000419027	1.49511e-07	0.439925	0.438086	0.00183851	6.55992e-07	1.48758e-07	6.52689e-07	
377	0.103416	0.101042	0.00236351	1.06303e-05	0.453747	0.44333	0.01037	4.66414e-05	1.06296e-05	4.66381e-05	
378	0.11926	0.104696	0.0145385	2.49801e-05	0.523263	0.459365	0.0637887	0.000109602	3.36338e-05	0.00014757	
379	0.101607	0.0774497	0.0241384	1.97131e-05	0.445812	0.339816	0.105909	8.64928e-05	1.97144e-05	8.64984e-05	
380	0.118048	0.0831957	0.0348528	0	0.517946	0.365027	0.152919	0	0	0	
381	0.094403	0.0805517	0.0138116	3.96302e-05	0.4142	0.353426	0.0605997	0.00017388	5.71497e-05	0.000250748	
382	0.106552	0.105018	0.00153136	2.3893e-06	0.467505	0.460776	0.00671899	1.04832e-05	2.39141e-06	1.04925e-05	
383	0.0798947	0.0766314	0.00326325	0	0.350543	0.336226	0.0143177	0	0	0	
384	0.0965466	0.0912373	0.00530929	0	0.423605	0.40031	0.0232949	0	0	0	
385	0.123571	0.108329	0.0152353	6.6659e-06	0.54218	0.475305	0.0668461	2.92471e-05	6.08772e-05	0.000267103	
386	0.0957048	0.080354	0.0150796	0.000271054	0.419911	0.352559	0.0661631	0.00118927	0.000324608	0.00142424	
387	0.091754	0.0850004	0.00669754	5.60257e-05	0.402577	0.372945	0.0293859	0.000245817	5.88385e-05	0.000258158	
388	0.0839183	0.0776856	0.00619771	3.49399e-05	0.368197	0.340851	0.0271929	0.000153301	3.49391e-05	0.000153298	
389	0.130794	0.112199	0.018594	1.09945e-06	0.573869	0.492282	0.0815825	4.82395e-06	1.098e-06	4.81756e-06	
390	0.082447	0.0750482	0.00738149	1.73657e-05	0.361742	0.329279	0.0323868	7.61934e-05	2.36883e-05	0.000103934	
391	0.0966639	0.0921069	0.00455611	8.05117e-07	0.424119	0.404126	0.0199902	3.53251e-06	8.09795e-07	3.55303e-06	
392	0.10679	0.0503047	0.0555062	0.000979744	0.468552	0.220715	0.243537	0.00429869	0.00127461	0.00559247	
393	0.086004	0.0816544	0.00434625	3.35026e-06	0.377348	0.358264	0.0190694	1.46995e-05	3.34945e-06	1.46959e-05	
394	0.0978482	0.0934951	0.00435318	0	0.429316	0.410216	0.0190999	0	0	0	
395	0.152421	0.139582	0.0127953	4.30335e-05	0.668759	0.61243	0.0561405	0.000188812	4.30328e-05	0.000188809	
396	0.116107	0.059706	0.0556506	0.000750856	0.50943	0.261964	0.244171	0.00329443	0.000750854	0.00329442	
397	0.12885	0.102284	0.0260392	0.000527001	0.56534	0.448779	0.114248	0.00231225	0.000794121	0.00348426	
398	0.0924227	0.0920358	0.000386924	0	0.405511	0.403813	0.00169765	0	0	0	
399	0.0797042	0.0792763	0.000427877	0	0.349708	0.34783	0.00187734	0	0	0	
400	0.146714	0.130296	0.0164184	0	0.643721	0.571684	0.072037	0	0	0	
401	0.10477	0.101598	0.00317163	0	0.459687	0.445771	0.0139157	0	0	0	
402	0.106078	0.0842049	0.0218664	6.88163e-06	0.465426	0.369455	0.0959406	3.01936e-05	7.06313e-06	3.09899e-05	
403	0.113594	0.0896742	0.0238131	0.000107081	0.498404	0.393452	0.104481	0.000469826	0.000115446	0.00050653	
404	0.108526	0.099733	0.00877979	1.32945e-05	0.476166	0.437586	0.038522	5.83306e-05	1.32937e-05	5.83271e-05	
405	0.108241	0.108241	0	0	0.474916	0.474916	0	0	0	0	
406	0.188483	0.178639	0.00984391	5.53932e-07	0.826986	0.783793	0.0431908	2.43041e-06	5.53066e-07	2.42662e-06	
407	0.120625	0.0863333	0.0333563	0.000936275	0.529255	0.378793	0.146353	0.00410797	0.00110968	0.00486884	
408	0.131459	0.12893	0.00252896	0	0.576789	0.565693	0.011096	0	0	0	
409	0.0938654	0.0929102	0.000955194	0	0.411841	0.40765	0.00419098	0	0	0	
410	0.107529	0.0888261	0.0185703	0.000132957	0.471793	0.389731	0.0814788	0.000583361	0.000137316	0.000602486	
411	0.135577	0.118704	0.0168732	3.64918e-08	0.594857	0.520825	0.0740324	1.6011e-07	4.40651e-08	1.93339e-07	
412	0.150454	0.123661	0.026769	2.34955e-05	0.660129	0.542575	0.117451	0.000103088	2.71312e-05	0.00011904	
413	0.0947877	0.0926923	0.00209519	1.6854e-07	0.415888	0.406694	0.00919284	7.39485e-07	1.69955e-07	7.45693e-07	
414	0.148139	0.113973	0.0341075	5.86635e-05	0.649975	0.500068	0.149649	0.00025739	5.99361e-05	0.000262974	
415	0.0932708	0.0931239	0.000146966	0	0.409232	0.408587	0.000644827	0	0	0	
416	0.128881	0.107455	0.0214174	9.47262e-06	0.565478	0.471466	0.0939706	4.15618e-05	9.47157e-06	4.15572e-05	
417	0.105506	0.0969854	0.00852132	0	0.462918	0.42553	0.0373879	0	0	0	
418	0.0817818	0.0779088	0.00387297	0	0.358823	0.34183	0.0169929	0	0	0	
419	0.138062	0.103441	0.0346079	1.32752e-05	0.605759	0.453856	0.151844	5.82461e-05	1.83092e-05	8.0333e-05	
420	0.0848308	0.0848308	0	0	0.372201	0.372201	0	0	0	0	
421	0.0886988	0.08726	0.00143874	0	0.389172	0.382859	0.00631259	0	0	0	
422	0.104615	0.0820861	0.0222231	0.000306192	0.459008	0.360158	0.0975057	0.00134344	0.00030629	0.00134387	
423	0.062545	0.0567425	0.00579579	6.66257e-06	0.27442	0.248962	0.0254294	2.92325e-05	8.7475e-06	3.83803e-05	
424	0.112109	0.112053	5.60768e-05	0	0.49189	0.491644	0.000246041	0	0	0	
425	0.0755263	0.0705094	0.00501693	0	0.331377	0.309365	0.0220121	0	0	0	
426	0.113927	0.110535	0.00338598	6.09139e-06	0.499866	0.484983	0.0148562	2.67264e-05	7.18199e-06	3.15115e-05	
427	0.0919661	0.0917187	0.000247389	0	0.403508	0.402422	0.00108544	0	0	0	
428	0.0955904	0.095343	0.000247389	0	0.41941	0.418324	0.00108544	0	0	0	
429	0.122437	0.0894387	0.0329983	0	0.537201	0.392418	0.144782	0	0	0	
430	0.226914	0.215303	0.0116109	2.64581e-08	0.995602	0.944658	0.0509439	1.16087e-07	2.5634e-08	1.12471e-07	
431	0.17317	0.168632	0.00453462	3.66815e-06	0.759798	0.739886	0.0198959	1.60943e-05	3.66732e-06	1.60906e-05	
432	0.124752	0.113728	0.0110214	2.40364e-06	0.54736	0.498992	0.0483574	1.05461e-05	3.03993e-06	1.33379e-05	
433	0.108263	0.0999355	0.00821646	0.000111226	0.475012	0.438474	0.0360503	0.000488013	0.000113998	0.000500176	
434	0.0844439	0.0817032	0.00274063	9.23154e-08	0.370504	0.358478	0.0120247	4.0504e-07	9.15802e-08	4.01814e-07	
435	0.206471	0.15421	0.0519863	0.000274412	0.905909	0.676611	0.228093	0.001204	0.000406539	0.00178372	
436	0.115024	0.087356	0.0274998	0.00016854	0.504677	0.38328	0.120657	0.000739485	0.000293998	0.00128993	
437	0.140376	0.087406	0.051833	0.00113717	0.615911	0.3835	0.227421	0.00498943	0.00212656	0.00933046	
438	0.173963	0.132281	0.0414425	0.000240032	0.763278	0.580392	0.181832	0.00105316	0.000295026	0.00129444	
439	0.143371	0.128906	0.0144127	5.21011e-05	0.629053	0.565588	0.0632369	0.000228597	5.84852e-05	0.000256608	
440	0.0833581	0.0813099	0.00204209	6.15054e-06	0.365739	0.356753	0.00895981	2.69859e-05	6.26522e-06	2.74891e-05	
441	0.069911	0.0686162	0.00129384	9.92644e-07	0.30674	0.301058	0.00567683	4.3553e-06	1.02766e-06	4.50895e-06	
442	0.137824	0.0963063	0.0399996	0.00151889	0.604716	0.42255	0.175501	0.00666426	0.00194628	0.00853945	
443	0.168713	0.139955	0.0286006	0.000158249	0.740244	0.614062	0.125487	0.000694331	0.00034952	0.00153354	
444	0.124029	0.109524	0.014494	1.08113e-05	0.544187	0.480546	0.0635936	4.74355e-05	2.08055e-05	9.12859e-05	
445	0.109427	0.0894992	0.0198758	5.2874e-05	0.480123	0.392684	0.0872066	0.000231988	6.62666e-05	0.000290749	
446	0.151442	0.0920289	0.0590418	0.000371915	0.664465	0.403783	0.25905	0.0016318	0.000831872	0.0036499	
447	0.155652	0.123755	0.0318974	8.88906e-08	0.682936	0.542984	0.139952	3.90014e-07	1.41114e-06	6.1915e-06	
448	0.0414618	0.0381013	0.00336047	0	0.181916	0.167172	0.0147443	0	0	0	
449	0.286471	0.156448	0.129821	0.000201022	1.25691	0.686431	0.569601	0.000882002	0.000399079	0.00175098	
450	0.0872417	0.0805865	0.00665523	0	0.382779	0.353579	0.0292003	0	0	0	
451	0.129814	0.121975	0.00782087	1.82039e-05	0.56957	0.535176	0.0343146	7.98712e-05	3.33941e-05	0.000146519	
452	0.176968	0.101508	0.0733123	0.00214703	0.77646	0.445377	0.321663	0.00942025	0.0027638	0.0121263	
453	0.106554	0.0969659	0.009575	1.30887e-05	0.467513	0.425444	0.042011	5.74277e-05	1.36213e-05	5.97645e-05	
454	0.127277	0.0904637	0.0368141	0	0.55844	0.396916	0.161524	0	0	0	
455	0.156763	0.106598	0.0494044	0.000759578	0.687809	0.46771	0.216765	0.0033327	0.00117284	0.00514593	
456	0.148961	0.113519	0.0349715	0.000469951	0.653579	0.498076	0.15344	0.00206194	0.000524	0.00229909	
457	0.119554	0.102019	0.0175346	0	0.524553	0.447619	0.0769345	0	0	0	
458	0.0964771	0.0800798	0.0163968	4.82582e-07	0.4233	0.351356	0.0719423	2.11736e-06	3.04134e-06	1.33441e-05	
459	0.0998044	0.0902052	0.00959918	0	0.437899	0.395781	0.0421171	0	0	0	
460	0.156299	0.0866082	0.0696916	0	0.685777	0.38	0.305777	0	0	0	
461	0.160147	0.086783	0.073364	0	0.702656	0.380766	0.321889	0	0	0	
462	0.118271	0.101462	0.0168039	5.73761e-06	0.518926	0.445172	0.0737285	2.51741e-05	8.75671e-06	3.84207e-05	
463	0.130126	0.121249	0.0088766	0	0.570939	0.531992	0.0389467	0	0	0	
464	0.0846399	0.0700017	0.0145981	4.00333e-05	0.371363	0.307137	0.0640506	0.000175649	5.85955e-05	0.000257092	
465	0.0857337	0.0838957	0.001838	0	0.376162	0.368098	0.0080644	0	0	0	
466	0.169223	0.111551	0.0575766	9.54063e-05	0.742481	0.489441	0.252621	0.000418602	0.00028559	0.00125305	
467	0.104209	0.0809503	0.0229637	0.000294871	0.457224	0.355175	0.100755	0.00129376	0.000383573	0.00168295	
468	0.10813	0.103041	0.00508874	0	0.474428	0.452101	0.0223272	0	0	0	
469	0.0779198	0.0779198	0	0	0.341879	0.341879	0	0	0	0	
470	0.102779	0.0963227	0.0064511	6.13073e-06	0.450954	0.422623	0.0283047	2.6899e-05	8.0823e-06	3.54617e-05	
471	0.11605	0.0801972	0.0358529	0	0.509178	0.351871	0.157307	0	0	0	
472	0.129824	0.0904981	0.0373326	0.00199406	0.569616	0.397067	0.163799	0.00874908	0.00279741	0.0122738	
473	0.161689	0.100662	0.0591873	0.00184006	0.709425	0.441663	0.259688	0.00807342	0.00417552	0.0183204	
474	0.111038	0.078092	0.0329467	0	0.48719	0.342634	0.144556	0	0	0	
475	0.125397	0.114941	0.0104478	7.87297e-06	0.55019	0.504315	0.0458405	3.45432e-05	1.2232e-05	5.36689e-05	
476	0.167055	0.114372	0.0526831	0	0.732968	0.501817	0.231151	0	0	0	
477	0.126118	0.0984448	0.0275311	0.000142185	0.553352	0.431933	0.120794	0.00062385	0.00019086	0.000837416	
478	0.0913568	0.0800665	0.0112526	3.77592e-05	0.400834	0.351297	0.0493716	0.000165671	4.11224e-05	0.000180427	
479	0.102804	0.099141	0.00365861	5.02999e-06	0.451062	0.434988	0.0160524	2.20694e-05	5.02922e-06	2.20661e-05	
480	0.138976	0.0990363	0.0399348	4.86117e-06	0.609767	0.434529	0.175217	2.13287e-05	2.74736e-05	0.000120542	
481	0.0854968	0.0770152	0.00848153	3.54117e-08	0.375123	0.337909	0.0372133	1.55371e-07	4.7379e-06	2.07879e-05	
482	0.13792	0.107339	0.0305039	7.68049e-05	0.605137	0.470961	0.133838	0.000336987	0.000100321	0.000440169	
483	0.108252	0.0938335	0.0144188	3.03939e-07	0.474966	0.411701	0.0632639	1.33355e-06	9.25382e-07	4.06018e-06	
484	0.152387	0.118374	0.0335086	0.000504849	0.668613	0.519376	0.147021	0.00221506	0.00065713	0.0028832	
485	0.114586	0.0962454	0.0180854	0.000255771	0.502757	0.422283	0.0793511	0.00112221	0.000269438	0.00118218	
486	0.0824898	0.0810824	0.00140746	0	0.36193	0.355754	0.00617535	0	0	0	
487	0.103489	0.101145	0.00234415	0	0.454067	0.443782	0.0102851	0	0	0	
488	0.134403	0.0967866	0.0375914	2.5227e-05	0.589704	0.424658	0.164935	0.000110685	6.73494e-05	0.0002955	
489	0.147549	0.0994797	0.0480666	2.73229e-06	0.647382	0.436474	0.210895	1.19881e-05	6.2327e-06	2.73464e-05	
490	0.0957661	0.0919727	0.00379338	0	0.42018	0.403537	0.0166437	0	0	0	
491	0.0958143	0.0793159	0.0164984	0	0.420392	0.348004	0.0723879	0	0	0	
492	0.139147	0.0982978	0.0406419	0.000207766	0.61052	0.431289	0.178319	0.00091159	0.000246469	0.0010814	
493	0.185975	0.113172	0.0728022	1.47466e-08	0.815979	0.496553	0.319425	6.4702e-08	1.27875e-06	5.61062e-06	
494	0.186137	0.118643	0.0672635	0.000230846	0.816692	0.520556	0.295123	0.00101285	0.000254276	0.00111565	
495	0.089776	0.0850217	0.00475434	3.70737e-08	0.393899	0.373038	0.02086	1.62663e-07	2.18337e-07	9.5797e-07	
496	0.10233	0.0908929	0.0112248	0.000212871	0.448983	0.398799	0.0492498	0.00093399	0.000217942	0.000956236	
497	0.120156	0.0785771	0.0414514	0.000127507	0.527193	0.344762	0.181871	0.000559448	0.000306898	0.00134653	
498	0.170428	0.135266	0.0350208	0.000141271	0.747767	0.59349	0.153656	0.000619839	0.000172059	0.000754921	
499	0.160014	0.160014	0	0	0.702076	0.702076	0	0	0	0	
500	0.140397	0.0817894	0.0581515	0.00045638	0.616003	0.358857	0.255144	0.0020024	0.000614988	0.0026983	
501	0.144228	0.109825	0.0343665	3.63203e-05	0.632811	0.481866	0.150785	0.000159358	4.85468e-05	0.000213003	
502	0.093013	0.0920971	0.000915846	0	0.408101	0.404083	0.00401834	0	0	0	
503	0.111492	0.104312	0.0071762	3.84495e-06	0.489181	0.457678	0.0314861	1.687e-05	3.84415e-06	1.68665e-05	
504	0.122183	0.120857	0.00132557	0	0.536086	0.53027	0.00581606	0	0	0	
505	0.0726523	0.0695333	0.00311897	0	0.318767	0.305082	0.0136847	0	0	0	
506	0.144009	0.0990318	0.0445697	0.000408105	0.631852	0.434509	0.195552	0.00179059	0.000871912	0.00382557	
507	0.183817	0.15997	0.0237949	5.12525e-05	0.80651	0.701883	0.104402	0.000224874	5.12596e-05	0.000224905	
508	0.0932262	0.0891356	0.00409068	0	0.409037	0.391088	0.0179481	0	0	0	
509	0.0945611	0.088272	0.00628062	8.4367e-06	0.414893	0.3873	0.0275567	3.70166e-05	1.55003e-05	6.8009e-05	
510	0.136916	0.106616	0.0296673	0.000632428	0.600731	0.467789	0.130167	0.00277482	0.000657322	0.00288405	
511	0.0775542	0.0760841	0.00146671	3.35022e-06	0.340274	0.333824	0.0064353	1.46993e-05	3.3495e-06	1.46962e-05	
512	0.163783	0.08943	0.0741774	0.000175614	0.71861	0.39238	0.325459	0.000770519	0.000186734	0.000819313	
513	0.108479	0.0922704	0.0161013	0.000108159	0.475963	0.404843	0.0706457	0.000474557	0.000114599	0.000502811	
514	0.243593	0.130044	0.11015	0.00339828	1.06878	0.570579	0.483293	0.0149102	0.00482172	0.0211556	
515	0.067462	0.0572941	0.0101536	1.41621e-05	0.295994	0.251382	0.04455	6.21374e-05	2.39534e-05	0.000105097	
516	0.0947221	0.0895924	0.00511152	1.81194e-05	0.4156	0.393093	0.0224271	7.95003e-05	2.1023e-05	9.22402e-05	
517	0.0863603	0.0827317	0.00362833	2.9323e-07	0.378912	0.362991	0.0159195	1.28656e-06	7.61089e-07	3.33933e-06	
518	0.17925	0.157748	0.0215016	0	0.786473	0.692133	0.0943399	0	0	0	
519	0.0715818	0.0426232	0.0289586	0	0.31407	0.187012	0.127058	0	0	0	
520	0.147007	0.12386	0.0229744	0.00017234	0.645006	0.543448	0.100801	0.000756157	0.000201343	0.000883409	
521	0.240802	0.111217	0.128839	0.000745635	1.05653	0.487975	0.56529	0.00327152	0.000909953	0.00399248	
522	0.176437	0.0793104	0.0971033	2.33053e-05	0.77413	0.34798	0.426047	0.000102253	3.7483e-05	0.000164459	
523	0.0897924	0.0771484	0.0126439	0	0.39397	0.338494	0.0554763	0	0	0	
524	0.139545	0.107295	0.0320811	0.00016797	0.612263	0.470768	0.140758	0.000736982	0.000203828	0.00089431	
525	0.14589	0.101015	0.0444863	0.000388685	0.640105	0.443213	0.195187	0.00170538	0.00108748	0.0047714	
526	0.117678	0.102741	0.014918	1.93567e-05	0.516322	0.450783	0.0654538	8.49292e-05	1.93558e-05	8.49251e-05	
527	0.110925	0.0789374	0.0319606	2.70942e-05	0.486692	0.346343	0.140229	0.000118877	2.91532e-05	0.000127912	
528	0.0879243	0.0814353	0.00648903	0	0.385774	0.357303	0.0284711	0	0	0	
529	0.126431	0.0821102	0.0441707	0.000150637	0.554727	0.360264	0.193802	0.000660934	0.000284934	0.00125017	
530	0.0957582	0.0818741	0.0138391	4.50745e-05	0.420146	0.359228	0.06072	0.000197767	7.70483e-05	0.000338055	
531	0.171275	0.106379	0.0644104	0.000485827	0.751485	0.466748	0.282605	0.0021316	0.00127872	0.00561051	
532	0.10422	0.0848582	0.0193482	1.4083e-05	0.457275	0.372321	0.0848917	6.17903e-05	1.44261e-05	6.32957e-05	
533	0.167631	0.119496	0.047858	0.000276265	0.735493	0.5243	0.20998	0.00121213	0.000416601	0.00182787	
534	0.120643	0.114934	0.00569567	1.37229e-05	0.529334	0.504283	0.0249901	6.02103e-05	1.3722e-05	6.02066e-05	
535	0.0808601	0.0787321	0.00212793	3.83837e-08	0.354779	0.345443	0.00933646	1.68411e-07	3.76276e-08	1.65093e-07	
536	0.0667807	0.0667802	5.02573e-07	0	0.293005	0.293003	2.20507e-06	0	0	0	
537	0.117598	0.0778605	0.0396356	0.000102071	0.51597	0.341618	0.173904	0.000447845	0.000277046	0.00121556	
538	0.132488	0.0815655	0.0490946	0.0018288	0.581305	0.357874	0.215406	0.008024	0.00185284	0.00812949	
539	0.130535	0.0843599	0.0460751	0.000100855	0.572735	0.370135	0.202157	0.000442512	0.000196461	0.000861988	
540	0.0929105	0.0810893	0.0116925	0.000128717	0.407651	0.355785	0.0513018	0.000564755	0.000160436	0.000703924	
541	0.0906462	0.0833837	0.00724527	1.73212e-05	0.397717	0.365852	0.0317891	7.59981e-05	2.67345e-05	0.000117299	
542	0.180049	0.152156	0.0278531	3.99144e-05	0.78998	0.667597	0.122207	0.000175127	4.00925e-05	0.000175908	
543	0.129448	0.0907027	0.038715	3.11083e-05	0.567966	0.397965	0.169865	0.00013649	3.91468e-05	0.000171759	
544	0.160477	0.128547	0.0319267	2.45113e-06	0.704104	0.564013	0.14008	1.07545e-05	3.38835e-05	0.000148666	
545	0.153053	0.0762888	0.0766309	0.000134155	0.671535	0.334722	0.336223	0.000588615	0.000267811	0.00117504	
546	0.135996	0.118273	0.0177071	1.57021e-05	0.596694	0.518933	0.0776912	6.88941e-05	2.25497e-05	9.89385e-05	
547	0.0802935	0.0765948	0.00368774	1.10127e-05	0.352293	0.336065	0.0161802	4.83192e-05	1.26426e-05	5.54703e-05	
548	0.114963	0.112414	0.0025483	0	0.504408	0.493227	0.0111808	0	0	0	
549	0.148293	0.0862496	0.0611291	0.000914479	0.650647	0.378426	0.268208	0.00401234	0.00123671	0.00542617	
550	0.161778	0.121494	0.0397233	0.000561031	0.709814	0.533063	0.174289	0.00246156	0.000654962	0.00287369	
551	0.0983059	0.0979782	0.00032775	0	0.431324	0.429886	0.00143802	0	0	0	
552	0.0846425	0.0736637	0.0108684	0.000110338	0.371375	0.323204	0.0476863	0.000484119	0.000119748	0.000525406	
553	0.187704	0.185677	0.00202709	0	0.823568	0.814674	0.00889403	0	0	0	
554	0.132618	0.103936	0.0280507	0.00063151	0.581875	0.456029	0.123074	0.00277079	0.000698782	0.00306595	
555	0.0968207	0.0762449	0.0205372	3.85181e-05	0.424807	0.33453	0.0901088	0.000169001	4.38601e-05	0.000192439	
556	0.16983	0.151773	0.0180566	3.75975e-07	0.745141	0.665915	0.0792247	1.64962e-06	3.74305e-07	1.64229e-06	
557	0.0921844	0.0801102	0.0119959	7.83236e-05	0.404466	0.351489	0.0526329	0.00034365	0.000106173	0.000465843	
558	0.104111	0.0988558	0.00524792	8.21882e-06	0.456798	0.433737	0.0230256	3.60607e-05	8.21799e-06	3.6057e-05	
559	0.0944739	0.0802159	0.0140929	0.000165032	0.414511	0.351953	0.0618339	0.000724089	0.000195213	0.000856514	
560	0.0937296	0.0860591	0.00767041	0	0.411245	0.37759	0.0336544	0	0	0	
561	0.10639	0.094448	0.0118572	8.57208e-05	0.466798	0.414397	0.0520244	0.000376106	0.000119335	0.000523591	
562	0.0759132	0.0505701	0.0245121	0.000830903	0.333075	0.22188	0.107549	0.00364565	0.000830902	0.00364564	
563	0.0926176	0.0799716	0.0126229	2.31341e-05	0.406366	0.350881	0.0553839	0.000101502	3.79086e-05	0.000166327	
564	0.114806	0.0826573	0.0318661	0.000283225	0.503722	0.362665	0.139814	0.00124267	0.000358625	0.00157349	
565	0.101376	0.0862193	0.0150985	5.84813e-05	0.444796	0.378293	0.066246	0.000256591	8.95063e-05	0.000392715	
566	0.118416	0.105273	0.0130371	0.0001051	0.519559	0.461896	0.0572015	0.000461135	0.000112398	0.000493157	
567	0.210929	0.163207	0.0471984	0.000523598	0.925469	0.716085	0.207086	0.00229732	0.000530462	0.00232744	
568	0.159367	0.116952	0.0424147	0	0.699236	0.513138	0.186097	0	0	0	
569	0.0769837	0.0769837	0	0	0.337771	0.337771	0	0	0	0	
570	0.126118	0.121521	0.0045635	3.26617e-05	0.553352	0.533186	0.0200227	0.000143305	3.28594e-05	0.000144173	
571	0.0985517	0.0928605	0.00568404	7.15505e-06	0.432402	0.407432	0.0249391	3.13933e-05	7.77915e-06	3.41316e-05	
572	0.111134	0.0990389	0.0120606	3.46455e-05	0.487609	0.43454	0.0529168	0.000152009	4.80807e-05	0.000210957	
573	0.0951045	0.0856122	0.00947777	1.4462e-05	0.417277	0.37563	0.0415844	6.34532e-05	2.00898e-05	8.81457e-05	
574	0.127428	0.081037	0.0458942	0.000497275	0.559102	0.355555	0.201364	0.00218183	0.000704391	0.00309056	
575	0.115233	0.0855515	0.0294473	0.00023483	0.505596	0.375363	0.129202	0.00103033	0.000351777	0.00154344	
576	0.0638008	0.0552919	0.00850887	0	0.27993	0.242597	0.0373332	0	0	0	
577	0.131206	0.11483	0.0163755	4.7549e-07	0.575678	0.503827	0.0718487	2.08624e-06	4.74774e-07	2.0831e-06	
578	0.0960552	0.0903406	0.00571469	0	0.421449	0.396375	0.0250736	0	0	0	
579	0.0936932	0.0885938	0.00509594	3.41709e-06	0.411085	0.388712	0.0223588	1.49927e-05	3.8317e-06	1.68118e-05	
580	0.0777503	0.0677641	0.00989324	9.29731e-05	0.341135	0.29732	0.0434073	0.000407926	0.000132499	0.000581348	
581	0.0802107	0.076347	0.00386369	0	0.35193	0.334978	0.0169522	0	0	0	
582	0.0880878	0.0857465	0.00234131	0	0.386491	0.376219	0.0102726	0	0	0	
583	0.118573	0.0943035	0.0241753	9.43788e-05	0.520248	0.413763	0.10607	0.000414094	0.000101289	0.000444415	
584	0.200686	0.130079	0.0704236	0.000183557	0.880526	0.570732	0.308989	0.000805373	0.000211938	0.000929895	
585	0.124051	0.0761428	0.0479045	4.29922e-06	0.544285	0.334082	0.210184	1.88631e-05	1.16158e-05	5.09654e-05	
586	0.136539	0.0857445	0.0507452	4.94056e-05	0.599075	0.37621	0.222648	0.000216771	6.04286e-05	0.000265134	
587	0.103477	0.0904408	0.0130201	1.66613e-05	0.454015	0.396815	0.0571268	7.3103e-05	3.08595e-05	0.000135398	
588	0.0692469	0.0687542	0.00049264	0	0.303825	0.301664	0.00216149	0	0	0	
589	0.145941	0.111082	0.034442	0.000416403	0.640327	0.487383	0.151116	0.001827	0.000556592	0.00244209	
590	0.133687	0.109199	0.0244753	1.32891e-05	0.586564	0.479118	0.107387	5.83069e-05	3.30815e-05	0.000145147	
591	0.116239	0.0975682	0.0186516	2.0088e-05	0.510011	0.428087	0.0818352	8.81379e-05	2.27713e-05	9.99109e-05	
592	0.109073	0.0872557	0.0217461	7.17109e-05	0.478568	0.382841	0.0954127	0.000314637	7.91149e-05	0.000347122	
593	0.10059	0.0956006	0.00496992	1.95083e-05	0.441346	0.419454	0.0218059	8.55944e-05	2.08175e-05	9.13383e-05	
594	0.0917189	0.0818905	0.00982569	2.64429e-06	0.402423	0.3593	0.0431109	1.1602e-05	1.05542e-05	4.63074e-05	
595	0.110577	0.0954439	0.0150924	4.0875e-05	0.485165	0.418767	0.066219	0.000179342	4.29014e-05	0.000188233	
596	0.107534	0.0917994	0.0157351	0	0.471815	0.402776	0.0690389	0	0	0	
597	0.148893	0.143366	0.0055154	1.17001e-05	0.653281	0.629031	0.0241992	5.13351e-05	1.28341e-05	5.63108e-05	
598	0.114154	0.110063	0.00406237	2.87844e-05	0.500863	0.482912	0.0178239	0.000126293	2.87836e-05	0.00012629	
599	0.106862	0.0949928	0.0118698	0	0.468868	0.416788	0.0520799	0	0	0	
600	0.11065	0.109789	0.000860572	0	0.485486	0.48171	0.00377582	0	0	0	
601	0.336351	0.150573	0.182567	0.00321018	1.47576	0.660653	0.801029	0.0140849	0.00321018	0.0140849	
602	0.10707	0.104318	0.00274906	3.33473e-06	0.469779	0.457703	0.0120617	1.46313e-05	4.09386e-06	1.79621e-05	
603	0.136929	0.0528421	0.0840871	0	0.600787	0.231848	0.368938	0	0	0	
604	0.0903768	0.0823221	0.00805473	0	0.396535	0.361194	0.0353407	0	0	0	
605	0.137151	0.0503883	0.0867631	0	0.601761	0.221082	0.380679	0	0	0	
606	0.127142	0.0953736	0.0316764	9.26511e-05	0.557847	0.418458	0.138982	0.000406513	0.000200698	0.00088058	
607	0.0932086	0.0794989	0.0136772	3.24976e-05	0.408959	0.348807	0.06001	0.000142585	3.53715e-05	0.000155195	
608	0.0945969	0.0801257	0.014373	9.81465e-05	0.41505	0.351557	0.0630628	0.000430624	0.000120069	0.000526815	
609	0.0951231	0.0885706	0.00655243	0	0.417359	0.38861	0.0287492	0	0	0	
610	0.105305	0.0813632	0.0232944	0.000648033	0.462036	0.356987	0.102206	0.00284329	0.000768129	0.00337022	
611	0.062929	0.0586808	0.00420314	4.50126e-05	0.276105	0.257466	0.0184416	0.000197496	4.5012e-05	0.000197493	
612	0.0965429	0.0921232	0.00441979	0	0.423589	0.404197	0.0193921	0	0	0	
613	0.0919015	0.0779055	0.0139177	7.83596e-05	0.403224	0.341816	0.0610649	0.000343808	9.98414e-05	0.000438061	
614	0.0941263	0.0850017	0.00902866	9.59583e-05	0.412986	0.372951	0.0396139	0.000421024	0.000112025	0.000491518	
615	0.091428	0.0881724	0.00325556	0	0.401147	0.386862	0.014284	0	0	0	
616	0.110349	0.0904051	0.0198716	7.24552e-05	0.484165	0.396659	0.0871883	0.000317902	9.58976e-05	0.000420757	
617	0.110152	0.093144	0.0170059	2.92185e-06	0.483304	0.408676	0.0746149	1.28198e-05	7.06389e-06	3.09933e-05	
618	0.0608676	0.0568115	0.00405616	0	0.267061	0.249264	0.0177967	0	0	0	
619	0.143333	0.10043	0.0428123	9.07481e-05	0.628885	0.440644	0.187842	0.000398164	0.000102774	0.000450931	
620	0.105158	0.0890946	0.0160641	0	0.461391	0.390909	0.0704824	0	0	0	
621	0.324405	0.189049	0.132736	0.00261932	1.42335	0.829469	0.58239	0.0114924	0.00261931	0.0114924	
622	0.0386864	0.0309589	0.00771328	1.42951e-05	0.169739	0.135834	0.0338426	6.27208e-05	1.95181e-05	8.56373e-05	
623	0.0794692	0.0729597	0.00648861	2.08834e-05	0.348677	0.320116	0.0284692	9.16276e-05	2.13131e-05	9.35128e-05	
624	0.119707	0.0839749	0.0356247	0.00010735	0.525223	0.368446	0.156305	0.000471009	0.00016184	0.000710088	
625	0.0717907	0.0558264	0.0159339	3.04089e-05	0.314987	0.244942	0.0699112	0.000133421	3.16381e-05	0.000138814	
626	0.0693473	0.0648083	0.00453896	0	0.304266	0.284351	0.019915	0	0	0	
627	0.0953035	0.080325	0.0149785	0	0.418151	0.352431	0.0657194	0	0	0	
628	0.0614531	0.0610327	0.000420344	0	0.269629	0.267785	0.00184429	0	0	0	
629	0.215185	0.139728	0.0744794	0.000977838	0.944143	0.613069	0.326783	0.00429033	0.00107969	0.00473724	
630	0.191422	0.147814	0.0435875	2.11157e-05	0.839881	0.648545	0.191243	9.26467e-05	6.52761e-05	0.000286403	
631	0.115419	0.0973127	0.0181069	0	0.506412	0.426966	0.0794455	0	0	0	
632	0.0439205	0.0439205	0	0	0.192704	0.192704	0	0	0	0	
633	0.0630726	0.0458529	0.017114	0.000105732	0.276736	0.201183	0.0750889	0.00046391	0.000105732	0.000463907	
634	0.0446746	0.0426163	0.00203729	2.09981e-05	0.196013	0.186982	0.00893876	9.21307e-05	2.11241e-05	9.26839e-05	
635	0.0727386	0.0665659	0.00610924	6.34168e-05	0.319146	0.292062	0.0268047	0.000278246	7.2235e-05	0.000316936	
636	0.0895093	0.066006	0.0234761	2.71721e-05	0.392728	0.289606	0.103003	0.000119219	0.000102334	0.000449002	
637	0.0771709	0.0747752	0.00239554	1.94697e-07	0.338593	0.328081	0.0105106	8.54247e-07	1.93892e-07	8.50716e-07	
638	0.137349	0.0828065	0.0545424	0	0.602628	0.363319	0.239309	0	0	0	
639	0.139058	0.0773141	0.0617447	0	0.61013	0.339221	0.270909	0	0	0	
640	0.0858667	0.0817425	0.00410666	1.75934e-05	0.376746	0.358651	0.0180182	7.71927e-05	1.90978e-05	8.37933e-05	
641	0.0764808	0.0762008	0.000280011	0	0.335565	0.334336	0.00122856	0	0	0	
642	0.0640552	0.0640552	0	0	0.281047	0.281047	0	0	0	0	
643	0.188372	0.14414	0.0432865	0.0009456	0.826499	0.632427	0.189922	0.00414888	0.00141341	0.00620144	
644	0.102233	0.0836849	0.0185481	0	0.448555	0.367173	0.0813814	0	0	0	
645	0.0835641	0.0816484	0.00191047	5.20895e-06	0.366643	0.358238	0.00838235	2.28546e-05	7.41451e-06	3.25316e-05	
646	0.141848	0.0761614	0.0650504	0.000636333	0.622369	0.334163	0.285413	0.00279195	0.00139992	0.00614227	
647	0.186374	0.125769	0.0585351	0.00207021	0.817731	0.55182	0.256827	0.00908321	0.00222616	0.00976744	
648	0.146457	0.119117	0.0272675	7.21269e-05	0.642592	0.522637	0.119638	0.000316462	8.66316e-05	0.000380102	
649	0.0656219	0.0653418	0.000280011	0	0.28792	0.286692	0.00122856	0	0	0	
650	0.0745704	0.0741211	0.00044934	0	0.327183	0.325211	0.00197151	0	0	0	
651	0.104438	0.103084	0.00135433	0	0.458231	0.452288	0.00594224	0	0	0	
652	0.101486	0.0837548	0.0176283	0.000103086	0.445278	0.36748	0.0773454	0.000452299	0.000113198	0.000496666	
653	0.103619	0.0890294	0.0145766	1.33533e-05	0.454637	0.390623	0.0639561	5.85889e-05	1.90793e-05	8.37119e-05	
654	0.118864	0.0896363	0.0292276	3.10378e-07	0.521525	0.393285	0.128238	1.36181e-06	1.69652e-06	7.44362e-06	
655	0.142917	0.0823332	0.060133	0.000450858	0.627059	0.361243	0.263838	0.00197817	0.000863779	0.00378989	
656	0.222995	0.120289	0.100433	0.00227277	0.97841	0.527778	0.440659	0.00997196	0.00500955	0.0219797	
657	0.129533	0.0813747	0.0481589	0	0.568338	0.357037	0.2113	0	0	0	
658	0.121419	0.0765497	0.044799	7.01836e-05	0.532734	0.335867	0.196559	0.000307935	9.58189e-05	0.000420412	
659	0.129665	0.0973074	0.0316489	0.000708633	0.568914	0.426943	0.138862	0.00310917	0.000802942	0.00352296	
660	0.165634	0.102077	0.0630359	0.000520476	0.726732	0.447873	0.276574	0.00228362	0.000969125	0.0042521	
661	0.188467	0.0999673	0.0878234	0.000676859	0.826915	0.438613	0.385331	0.00296977	0.00140461	0.00616283	
662	0.119323	0.0817861	0.0374391	9.85459e-05	0.523541	0.358842	0.164266	0.000432377	0.000151239	0.000663572	
663	0.106904	0.0817032	0.0250733	0.000128333	0.469053	0.358478	0.110011	0.000563074	0.000149028	0.000653871	
664	0.0999842	0.0887917	0.0111807	1.17401e-05	0.438687	0.38958	0.0490563	5.15105e-05	1.64351e-05	7.21105e-05	
665	0.114468	0.0886846	0.0257776	6.37762e-06	0.502239	0.38911	0.113101	2.79822e-05	3.98977e-05	0.000175054	
666	0.103018	0.0802826	0.0226817	5.44266e-05	0.452002	0.352245	0.0995178	0.000238801	0.000102442	0.000449472	
667	0.164275	0.106597	0.0545161	0.00316199	0.720771	0.467704	0.239193	0.0138734	0.00355801	0.015611	
668	0.102109	0.0844597	0.0176501	0	0.448014	0.370573	0.077441	0	0	0	
669	0.0442462	0.0442462	0	0	0.194133	0.194133	0	0	0	0	
670	0.0931921	0.084029	0.00903224	0.00013086	0.408887	0.368683	0.0396296	0.000574157	0.000130878	0.000574237	
671	0.0563766	0.0515025	0.0048668	7.28172e-06	0.247356	0.225971	0.0213534	3.1949e-05	8.38046e-06	3.67698e-05	
672	0.144824	0.113869	0.0309175	3.70207e-05	0.635425	0.49961	0.135653	0.000162431	7.55576e-05	0.000331514	
673	0.1406	0.103186	0.0363571	0.0010567	0.616895	0.452739	0.159519	0.00463638	0.0015113	0.00663097	
674	0.135135	0.0969705	0.0379806	0.000184138	0.592915	0.425465	0.166642	0.000807919	0.000499739	0.00219264	
675	0.118678	0.0825712	0.0360797	2.77679e-05	0.520711	0.362287	0.158302	0.000121833	3.46303e-05	0.000151943	
676	0.139403	0.111652	0.0273833	0.000367523	0.611642	0.489883	0.120146	0.00161253	0.000425019	0.0018648	
677	0.0982417	0.0950232	0.00321699	1.43014e-06	0.431042	0.416921	0.0141147	6.27487e-06	1.42932e-06	6.27128e-06	
678	0.100532	0.0816797	0.0188345	1.86714e-05	0.441095	0.358376	0.0826377	8.19222e-05	2.3691e-05	0.000103946	
679	0.132844	0.0925436	0.0401908	0.000109505	0.582862	0.406041	0.17634	0.000480462	0.000148583	0.00065192	
680	0.129474	0.112281	0.0171935	0	0.568079	0.492641	0.0754377	0	0	0	
681	0.113211	0.0994197	0.0137736	1.78772e-05	0.496722	0.436211	0.0604328	7.84378e-05	3.88414e-05	0.000170419	
682	0.101634	0.099318	0.00231622	0	0.445927	0.435765	0.0101625	0	0	0	
683	0.101982	0.0927478	0.0092346	0	0.447455	0.406937	0.0405174	0	0	0	
684	0.116953	0.0958896	0.0210637	0	0.513141	0.420722	0.0924187	0	0	0	
685	0.183999	0.143164	0.0405213	0.000314002	0.80731	0.628142	0.17779	0.00137771	0.000314131	0.00137827	
686	0.115139	0.0920766	0.0218563	0.00120624	0.505181	0.403992	0.0958963	0.0052925	0.00120748	0.00529793	
687	0.0813068	0.079169	0.00213427	3.52175e-06	0.356739	0.347359	0.00936428	1.54519e-05	3.79653e-06	1.66575e-05	
688	0.0657318	0.0653492	0.00038253	0	0.288403	0.286724	0.00167838	0	0	0	
689	0.00774567	0.00727504	0.000470632	0	0.0339847	0.0319197	0.00206493	0	0	0	
690	0.0608663	0.0608663	0	0	0.267055	0.267055	0	0	0	0	
691	0.110359	0.0998127	0.0104649	8.14318e-05	0.484208	0.437935	0.0459157	0.000357288	8.93949e-05	0.000392226	
692	0.0741745	0.0741745	0	0	0.325446	0.325446	0	0	0	0	
693	0.0929038	0.0806994	0.0122044	0	0.407622	0.354074	0.0535477	0	0	0	
694	0.216487	0.157062	0.0577174	0.00170766	0.949854	0.689122	0.253239	0.00749251	0.00215078	0.00943673	
695	0.0943632	0.0806822	0.013634	4.69622e-05	0.414025	0.353999	0.0598205	0.00020605	6.79348e-05	0.000298068	
696	0.238017	0.162494	0.0738413	0.00168196	1.04431	0.712955	0.323984	0.00737972	0.00194944	0.00855335	
697	0.146295	0.0842061	0.0620505	3.92172e-05	0.641883	0.36946	0.272251	0.000172068	6.23044e-05	0.000273365	
698	0.236913	0.199157	0.0371214	0.000634035	1.03947	0.873819	0.162872	0.00278187	0.000679305	0.0029805	
699	0.270593	0.188524	0.0799823	0.00208643	1.18724	0.827164	0.350928	0.0091544	0.00269614	0.0118295	
700	0.0839351	0.0839351	0	0	0.368271	0.368271	0	0	0	0	
701	0.0837891	0.0837891	0	0	0.36763	0.36763	0	0	0	0	
702	0.117774	0.108062	0.00969687	1.47544e-05	0.516743	0.474133	0.0425457	6.47361e-05	1.63583e-05	7.17732e-05	
703	0.0947462	0.0891255	0.00558747	3.32945e-05	0.415706	0.391044	0.0245154	0.000146082	3.32937e-05	0.000146078	
704	0.0878826	0.0807858	0.00709441	2.41979e-06	0.385591	0.354453	0.0311272	1.0617e-05	7.92433e-06	3.47686e-05	
705	0.101705	0.0895583	0.0121469	0	0.446239	0.392943	0.0532956	0	0	0	
706	0.267701	0.160844	0.106506	0.000350465	1.17455	0.705716	0.467306	0.00153769	0.000704611	0.00309153	
707	0.0894893	0.0816051	0.00788417	0	0.39264	0.358048	0.0345924	0	0	0	
708	0.0812683	0.0812683	0	0	0.35657	0.35657	0	0	0	0	
709	0.129077	0.105089	0.0236443	0.000343174	0.566335	0.461088	0.103741	0.0015057	0.000343173	0.00150569	
710	0.134818	0.0975833	0.0372255	9.83953e-06	0.591526	0.428153	0.163329	4.31716e-05	1.87433e-05	8.22378e-05	
711	0.103139	0.0820057	0.0211338	0	0.452532	0.359806	0.0927264	0	0	0	
712	0.0798849	0.0778265	0.00205837	0	0.350501	0.341469	0.00903128	0	0	0	
713	0.0907393	0.0797008	0.0110384	0	0.398125	0.349693	0.0484319	0	0	0	
714	0.0955459	0.0830152	0.0125307	0	0.419214	0.364235	0.0549794	0	0	0	
715	0.0718152	0.0712022	0.000613026	0	0.315094	0.312405	0.00268969	0	0	0	
716	0.0840208	0.0762144	0.00780448	1.95774e-06	0.368647	0.334396	0.0342427	8.58973e-06	1.9568e-06	8.5856e-06	
717	0.0987786	0.0897342	0.00903656	7.87893e-06	0.433398	0.393715	0.0396485	3.45694e-05	7.87811e-06	3.45658e-05	
718	0.115348	0.109925	0.00540078	2.2752e-05	0.5061	0.482304	0.0236963	9.98263e-05	2.56136e-05	0.000112381	
719	0.0704703	0.0639597	0.00641841	9.21351e-05	0.309193	0.280628	0.0281612	0.000404249	9.21345e-05	0.000404246	
720	0.0632904	0.0631065	0.000183923	0	0.277691	0.276884	0.000806978	0	0	0	
721	0.122689	0.108073	0.0145374	7.91442e-05	0.538309	0.474178	0.0637841	0.000347251	8.21928e-05	0.000360627	
722	0.0821821	0.0821821	0	0	0.36058	0.36058	0	0	0	0	
723	0.116095	0.103722	0.0123501	2.29295e-05	0.509375	0.455088	0.0541871	0.000100605	2.29289e-05	0.000100602	
724	0.0818106	0.0818106	0	0	0.35895	0.35895	0	0	0	0	
725	0.0822558	0.0634119	0.0188439	0	0.360903	0.278224	0.0826792	0	0	0	
726	0.0456688	0.0432321	0.00243669	0	0.200375	0.189684	0.0106911	0	0	0	
727	0.090198	0.090198	0	0	0.39575	0.39575	0	0	0	0	
728	0.096737	0.0866055	0.010038	9.34834e-05	0.42444	0.379988	0.0440425	0.000410165	9.59871e-05	0.00042115	
729	0.0954305	0.0786714	0.0167591	0	0.418708	0.345176	0.0735317	0	0	0	
730	0.110095	0.106334	0.00375538	5.15626e-06	0.483049	0.46655	0.016477	2.26234e-05	5.15547e-06	2.262e-05	
731	0.113379	0.0957429	0.0174246	0.000212376	0.497462	0.420079	0.0764517	0.000931819	0.000221437	0.000971574	
732	0.0834623	0.0784402	0.00502213	0	0.366197	0.344162	0.0220349	0	0	0	
733	0.104198	0.0932413	0.010889	6.82532e-05	0.457179	0.409103	0.0477765	0.000299466	7.34143e-05	0.00032211	
734	0.11307	0.108316	0.00474274	1.11894e-05	0.496104	0.475246	0.0208091	4.90943e-05	1.14795e-05	5.03673e-05	
735	0.0690373	0.066634	0.00240329	0	0.302906	0.292361	0.0105446	0	0	0	
736	0.0585184	0.0562588	0.00225959	0	0.256754	0.246839	0.00991413	0	0	0	
737	0.0907001	0.0807439	0.00994715	9.05413e-06	0.397953	0.35427	0.0436438	3.97256e-05	9.05349e-06	3.97228e-05	
738	0.119554	0.114733	0.00481727	3.24899e-06	0.524552	0.503402	0.0211361	1.42552e-05	3.35514e-06	1.47209e-05	
739	0.0657807	0.0657224	5.8304e-05	0	0.288617	0.288362	0.000255813	0	0	0	
740	0.0372291	0.0372012	2.79262e-05	0	0.163345	0.163223	0.000122528	0	0	0	
741	0.0904397	0.0875827	0.00285626	7.96725e-07	0.396811	0.384275	0.012532	3.49569e-06	1.27393e-06	5.58948e-06	
742	0.149333	0.124647	0.0246597	2.64342e-05	0.655211	0.546899	0.108196	0.000115982	2.64333e-05	0.000115978	
743	0.0885096	0.0853385	0.00315156	1.95262e-05	0.388342	0.374429	0.0138277	8.56728e-05	1.95254e-05	8.56693e-05	
744	0.0571675	0.0561139	0.00105353	0	0.250826	0.246204	0.00462247	0	0	0	
745	0.12357	0.103131	0.0204329	6.14365e-06	0.542176	0.452498	0.089651	2.69557e-05	6.18968e-06	2.71577e-05	
746	0.0808343	0.0761727	0.00465653	5.0336e-06	0.354666	0.334213	0.0204308	2.20853e-05	5.66862e-06	2.48715e-05	
747	0.0863828	0.0853978	0.000984999	0	0.379011	0.374689	0.00432175	0	0	0	
748	0.101033	0.0833506	0.0176742	8.34279e-06	0.44329	0.365707	0.077547	3.66046e-05	8.34212e-06	3.66016e-05	
749	0.122695	0.113901	0.00878536	9.14588e-06	0.538337	0.49975	0.0385464	4.01282e-05	9.14529e-06	4.01256e-05	
750	0.0931098	0.0832493	0.00986047	0	0.408526	0.365262	0.0432635	0	0	0	
751	0.308341	0.154	0.133431	0.0209095	1.35286	0.675689	0.585438	0.0917422	0.0218805	0.0960025	
752	0.0858312	0.0774104	0.00842082	0	0.376591	0.339644	0.0369469	0	0	0	
753	0.103623	0.0937628	0.00986047	0	0.454654	0.411391	0.0432635	0	0	0	
754	0.227502	0.178862	0.0486156	2.41981e-05	0.998183	0.784772	0.213304	0.000106171	2.96499e-05	0.000130091	
755	0.119663	0.0932831	0.0263804	0	0.525032	0.409286	0.115745	0	0	0	
756	0.218647	0.115574	0.103066	7.36775e-06	0.959333	0.50709	0.452211	3.23265e-05	2.28803e-05	0.000100389	
757	0.136746	0.078577	0.0527812	0.00538795	0.599984	0.344762	0.231581	0.02364	0.0054485	0.0239057	
758	0.190978	0.129528	0.0614507	0	0.837934	0.568314	0.269619	0	0	0	
759	0.127342	0.0722767	0.0542799	0.0007862	0.558726	0.317119	0.238157	0.00344951	0.00269264	0.0118141	
760	0.120387	0.0878604	0.0325267	0	0.528207	0.385494	0.142713	0	0	0	
761	0.122752	0.111329	0.0113067	0.000116384	0.538586	0.488467	0.0496091	0.000510644	0.000116383	0.000510641	
762	0.0513241	0.0513241	0	0	0.225188	0.225188	0	0	0	0	
763	0.0559541	0.0546515	0.00130256	0	0.245502	0.239787	0.0057151	0	0	0	
764	0.0786544	0.0776876	0.000966704	0	0.345101	0.34086	0.00424148	0	0	0	
765	0.0858443	0.0848776	0.000966704	0	0.376648	0.372406	0.00424148	0	0	0	
766	0.047651	0.0450654	0.00258566	0	0.209072	0.197727	0.0113448	0	0	0	
767	0.0501629	0.0436937	0.00646925	0	0.220093	0.191709	0.0283843	0	0	0	
768	0.04588	0.04588	0	0	0.201302	0.201302	0	0	0	0	
769	0.076699	0.053131	0.0231708	0.000397145	0.336522	0.233116	0.101663	0.0017425	0.000463262	0.00203259	
770	0.0794102	0.0572752	0.0221349	0	0.348418	0.251299	0.0971186	0	0	0	
771	0.103828	0.079231	0.024597	0	0.455553	0.347632	0.107921	0	0	0	
772	0.104554	0.104554	0	0	0.458741	0.458741	0	0	0	0	
773	0.098827	0.0916597	0.00716715	9.82147e-08	0.43361	0.402163	0.0314464	4.30924e-07	9.75272e-08	4.27907e-07	
774	0.0790272	0.0786009	0.000426319	0	0.346737	0.344867	0.0018705	0	0	0	
775	0.076596	0.076596	0	0	0.33607	0.33607	0	0	0	0	
776	0.0657099	0.0657099	0	0	0.288306	0.288306	0	0	0	0	
777	0.0752524	0.0752524	0	0	0.330175	0.330175	0	0	0	0	
778	0.0934322	0.0934322	0	0	0.40994	0.40994	0	0	0	0	
779	0.145571	0.112131	0.0334402	0	0.638706	0.491984	0.146721	0	0	0	
780	0.0504086	0.0440287	0.00637987	0	0.221171	0.193179	0.0279921	0	0	0	
781	0.0613497	0.0430169	0.0183327	0	0.269176	0.18874	0.0804363	0	0	0	
782	0.107265	0.0963613	0.0109044	0	0.470636	0.422792	0.0478441	0	0	0	
783	0.234114	0.136597	0.0905749	0.00694245	1.02719	0.599329	0.397404	0.0304605	0.0129083	0.0566363	
784	0.0726626	0.0726626	0	0	0.318812	0.318812	0	0	0	0	
785	0.129005	0.0763113	0.0526943	0	0.566022	0.334821	0.2312	0	0	0	
786	0.123731	0.0961322	0.0275804	1.86685e-05	0.54288	0.421787	0.121011	8.19094e-05	0.00057871	0.00253913	
787	0.199489	0.0851433	0.111769	0.00257646	0.875274	0.373572	0.490397	0.0113044	0.0100315	0.0440141	
788	0.145425	0.0928277	0.0521114	0.000486111	0.638064	0.407288	0.228642	0.00213284	0.0006426	0.00281945	
789	0.104556	0.10413	0.000426319	0	0.458748	0.456878	0.0018705	0	0	0	
790	0.11516	0.0856624	0.0294981	0	0.505275	0.37585	0.129425	0	0	0	
791	0.12532	0.0884734	0.0368468	0	0.549851	0.388183	0.161668	0	0	0	
792	0.0945926	0.0836882	0.0109044	0	0.415032	0.367188	0.0478441	0	0	0	
793	0.24419	0.149593	0.0883002	0.00629636	1.0714	0.656354	0.387423	0.0276257	0.0103394	0.0453652	
794	0.0994038	0.0909829	0.00842082	0	0.436141	0.399194	0.0369469	0	0	0	
795	0.124488	0.107234	0.0172223	3.0937e-05	0.5462	0.4705	0.0755644	0.000135738	3.40754e-05	0.000149508	
796	0.0952796	0.0952796	0	0	0.418046	0.418046	0	0	0	0	
797	0.0548285	0.0541063	0.000722261	0	0.240564	0.237395	0.00316897	0	0	0	
798	0.189257	0.105453	0.083757	4.68195e-05	0.830382	0.462686	0.367489	0.000205424	0.00017369	0.000762079	
799	0.161778	0.13137	0.0304077	0	0.709813	0.576397	0.133416	0	0	0	
800	0.203886	0.161295	0.0425845	5.90126e-06	0.894564	0.707695	0.186842	2.58922e-05	5.90016e-06	2.58874e-05	
801	0.156117	0.0866367	0.0691096	0.000370891	0.684975	0.380124	0.303223	0.00162731	0.000662911	0.00290857	
802	0.112295	0.0877292	0.0243196	0.000246175	0.492702	0.384918	0.106704	0.00108011	0.000314617	0.0013804	
803	0.0846323	0.0846323	0	0	0.37133	0.37133	0	0	0	0	
804	0.180452	0.153444	0.0266713	0.000336608	0.79175	0.67325	0.117022	0.00147689	0.000351295	0.00154133	
805	0.173669	0.146208	0.0274614	0	0.761989	0.6415	0.120489	0	0	0	
806	0.140034	0.108648	0.0307153	0.000669781	0.614409	0.476705	0.134765	0.00293871	0.00083425	0.00366033	
807	0.126395	0.121251	0.00512826	1.57856e-05	0.554571	0.532001	0.0225006	6.92604e-05	2.13565e-05	9.37032e-05	
808	0.166336	0.155062	0.0112668	7.34477e-06	0.729814	0.680348	0.0494339	3.22257e-05	7.3441e-06	3.22227e-05	
809	0.177117	0.114001	0.0630232	9.30596e-05	0.777116	0.500189	0.276519	0.000408305	0.00024036	0.0010546	
810	0.0801848	0.0791935	0.000991292	0	0.351816	0.347467	0.00434937	0	0	0	
811	0.123336	0.0986681	0.0244905	0.000178125	0.541149	0.432913	0.107454	0.000781538	0.000178171	0.000781741	
812	0.159772	0.11395	0.0457612	6.12435e-05	0.701014	0.499965	0.20078	0.00026871	0.000174785	0.000766885	
813	0.0649758	0.0649758	0	0	0.285086	0.285086	0	0	0	0	
814	0.0944918	0.0827745	0.0117173	0	0.414589	0.363179	0.0514107	0	0	0	
815	0.149287	0.134722	0.0143766	0.000188232	0.655011	0.591106	0.0630786	0.000825882	0.000188836	0.000828531	
816	0.224058	0.158253	0.0656768	0.000127445	0.983071	0.69435	0.288161	0.000559177	0.000310585	0.00136271	
817	0.155893	0.0987047	0.0560809	0.00110759	0.683993	0.433074	0.246059	0.00485964	0.00133369	0.00585169	
818	0.178659	0.1262	0.0518689	0.000589757	0.783881	0.553714	0.227578	0.0025876	0.000632943	0.00277708	
819	0.0680019	0.0680019	0	0	0.298363	0.298363	0	0	0	0	
820	0.0972828	0.0921679	0.00511479	5.41756e-08	0.426835	0.404393	0.0224415	2.37699e-07	8.86961e-07	3.8916e-06	
821	0.0279908	0.0279908	0	0	0.122812	0.122812	0	0	0	0	
822	0.093229	0.0855742	0.00765051	4.33681e-06	0.409049	0.375463	0.0335672	1.9028e-05	7.63123e-06	3.34825e-05	
823	0.0645691	0.0599211	0.00460354	4.44096e-05	0.283301	0.262908	0.0201983	0.00019485	4.44089e-05	0.000194847	
824	0.121473	0.121415	5.77144e-05	0	0.532971	0.532718	0.000253226	0	0	0	
825	0.0797355	0.0797355	0	0	0.349845	0.349845	0	0	0	0	
826	0.118356	0.107709	0.0106465	0	0.519296	0.472584	0.0467126	0	0	0	
827	0.0854254	0.0853677	5.77144e-05	0	0.37481	0.374556	0.000253226	0	0	0	
828	0.16221	0.105185	0.0568376	0.000187471	0.711709	0.461508	0.249379	0.000822546	0.000247137	0.00108433	
829	0.136954	0.103053	0.0339004	0	0.600897	0.452156	0.14874	0	0	0	
830	0.16323	0.135892	0.0273381	0	0.716186	0.596238	0.119947	0	0	0	
831	0.102225	0.102125	0.000100173	0	0.448521	0.448081	0.000439519	0	0	0	
832	0.0868932	0.0850829	0.00180993	3.83392e-07	0.38125	0.373307	0.00794122	1.68216e-06	3.82636e-07	1.67884e-06	
833	0.0912847	0.0897096	0.0015751	0	0.400518	0.393607	0.00691088	0	0	0	
834	0.0998816	0.0993375	0.000543795	2.52065e-07	0.438237	0.43585	0.00238594	1.10595e-06	2.51318e-07	1.10267e-06	
835	0.098633	0.0979836	0.000649413	0	0.432759	0.42991	0.00284935	0	0	0	
836	0.143953	0.117855	0.0260492	4.83123e-05	0.631606	0.517101	0.114293	0.000211973	4.93245e-05	0.000216414	
837	0.12432	0.121853	0.00246164	5.58017e-06	0.545467	0.534642	0.0108006	2.44834e-05	5.70395e-06	2.50265e-05	
838	0.129456	0.0986694	0.0306707	0.000116609	0.568	0.432919	0.13457	0.000511633	0.000116609	0.00051163	
839	0.205339	0.154456	0.0499572	0.000924956	0.900939	0.67769	0.219191	0.00405831	0.000975854	0.00428163	
840	0.104703	0.0776915	0.0270119	0	0.459394	0.340877	0.118517	0	0	0	
841	0.116711	0.080988	0.0357235	0	0.51208	0.35534	0.156739	0	0	0	
842	0.105049	0.0992007	0.0058486	0	0.460911	0.43525	0.0256611	0	0	0	
843	0.140963	0.122978	0.0178301	0.000155008	0.618487	0.539575	0.0782312	0.000680109	0.000174577	0.000765971	
844	0.116934	0.111333	0.00559895	2.49554e-06	0.513059	0.488482	0.0245658	1.09493e-05	2.49499e-06	1.09469e-05	
845	0.181775	0.136195	0.0438004	0.00177909	0.797551	0.597568	0.192177	0.00780589	0.00177921	0.00780641	
846	0.105054	0.0950438	0.0100104	0	0.460933	0.417011	0.0439215	0	0	0	
847	0.12115	0.0969132	0.0242304	6.93802e-06	0.531557	0.425213	0.106312	3.04411e-05	7.1496e-06	3.13693e-05	
848	0.106358	0.103874	0.00248452	0	0.466656	0.455755	0.010901	0	0	0	
849	0.101589	0.0978746	0.00370755	7.59463e-06	0.445732	0.429432	0.0162671	3.3322e-05	8.52779e-06	3.74163e-05	
850	0.0810318	0.0809865	4.53019e-05	0	0.355532	0.355334	0.000198765	0	0	0	
851	0.0652515	0.0652515	0	0	0.286295	0.286295	0	0	0	0	
852	0.0900126	0.0857162	0.00428531	1.1097e-05	0.394936	0.376086	0.0188021	4.86889e-05	1.11369e-05	4.88643e-05	
853	0.106934	0.104563	0.00237169	0	0.469184	0.458778	0.0104059	0	0	0	
854	0.100889	0.0955289	0.0053573	2.92881e-06	0.442658	0.41914	0.0235055	1.28503e-05	3.87493e-06	1.70015e-05	
855	0.113764	0.0942122	0.018883	0.000669627	0.499151	0.413363	0.0828505	0.00293803	0.000669626	0.00293803	
856	0.116234	0.104729	0.0115021	2.90972e-06	0.509987	0.459507	0.0504665	1.27666e-05	2.90865e-06	1.27619e-05	
857	0.0640344	0.0640344	0	0	0.280955	0.280955	0	0	0	0	
858	0.106152	0.0862611	0.01988	1.10066e-05	0.46575	0.378476	0.0872252	4.82923e-05	1.18276e-05	5.18946e-05	
859	0.127022	0.113056	0.0139662	0	0.557321	0.496043	0.061278	0	0	0	
860	0.0962395	0.0849515	0.011288	0	0.422258	0.37273	0.049527	0	0	0	
861	0.0871797	0.0871295	5.0177e-05	0	0.382507	0.382287	0.000220155	0	0	0	
862	0.0965179	0.0796013	0.016898	1.85512e-05	0.423479	0.349256	0.0741413	8.1395e-05	2.40306e-05	0.000105436	
863	0.121139	0.116134	0.00500487	0	0.531509	0.50955	0.0219592	0	0	0	
864	0.110441	0.0960675	0.0143736	0	0.484568	0.421503	0.0630654	0	0	0	
865	0.118557	0.117702	0.00085543	2.72068e-07	0.52018	0.516426	0.00375326	1.19371e-06	2.71312e-07	1.1904e-06	
866	0.0771807	0.0764921	0.000688619	0	0.338636	0.335614	0.00302136	0	0	0	
867	0.0871625	0.0871625	0	0	0.382432	0.382432	0	0	0	0	
868	0.104986	0.100628	0.00433507	2.33251e-05	0.460637	0.441514	0.0190204	0.00010234	2.33242e-05	0.000102336	
869	0.0969108	0.0952556	0.00165269	2.51736e-06	0.425203	0.417941	0.0072513	1.10451e-05	2.57427e-06	1.12948e-05	
870	0.130055	0.127089	0.00296586	0	0.570628	0.557615	0.0130129	0	0	0	
871	0.105889	0.0995695	0.00626606	5.43382e-05	0.464599	0.436868	0.0274927	0.000238412	5.43375e-05	0.000238409	
872	0.0421955	0.0421955	0	0	0.185135	0.185135	0	0	0	0	
873	0.101123	0.100689	0.000434104	0	0.443688	0.441783	0.00190466	0	0	0	
874	0.105186	0.0915896	0.0135963	0	0.461511	0.401856	0.059655	0	0	0	
875	0.0821388	0.0821388	0	0	0.36039	0.36039	0	0	0	0	
876	0.0448102	0.0448102	0	0	0.196608	0.196608	0	0	0	0	
877	0.100287	0.0883329	0.0118714	8.28665e-05	0.440017	0.387567	0.0520867	0.000363582	8.2866e-05	0.00036358	
878	0.100861	0.10016	0.000701208	0	0.442538	0.439461	0.0030766	0	0	0	
879	0.087941	0.087941	0	0	0.385847	0.385847	0	0	0	0	
880	0.093029	0.0883976	0.00463137	0	0.408171	0.387851	0.0203204	0	0	0	
881	0.0815474	0.0799791	0.00156375	4.52964e-06	0.357795	0.350914	0.00686108	1.98741e-05	4.52887e-06	1.98707e-05	
882	0.0925837	0.0901872	0.00239337	3.11564e-06	0.406218	0.395703	0.0105011	1.36701e-05	3.26577e-06	1.43288e-05	
883	0.0597541	0.0597541	0	0	0.262175	0.262175	0	0	0	0	
884	0.0794672	0.0794672	0	0	0.348668	0.348668	0	0	0	0	
885	0.0902729	0.0902729	0	0	0.396079	0.396079	0	0	0	0	
886	0.103171	0.10258	0.00059076	0	0.452671	0.450079	0.002592	0	0	0	
887	0.0666709	0.0666709	0	0	0.292523	0.292523	0	0	0	0	
888	0.097646	0.097646	0	0	0.428429	0.428429	0	0	0	0	
889	0.067113	0.0651713	0.00194167	0	0.294463	0.285944	0.00851924	0	0	0	
890	0.0962243	0.0924206	0.00380365	0	0.422191	0.405502	0.0166888	0	0	0	
891	0.0424966	0.041625	0.000871594	0	0.186457	0.182633	0.00382418	0	0	0	
892	0.0590487	0.0590487	0	0	0.25908	0.25908	0	0	0	0	
893	0.0876389	0.0876389	0	0	0.384522	0.384522	0	0	0	0	
894	0.0848194	0.0844942	0.000325256	0	0.372151	0.370724	0.00142708	0	0	0	
895	0.0807281	0.0807281	0	0	0.3542	0.3542	0	0	0	0	
896	0.0798358	0.0795105	0.000325256	0	0.350285	0.348858	0.00142708	0	0	0	
897	0.0741415	0.0723329	0.00180863	0	0.325301	0.317366	0.0079355	0	0	0	
898	0.0737843	0.0737843	0	0	0.323734	0.323734	0	0	0	0	
899	0.102282	0.0965415	0.00574067	0	0.44877	0.423582	0.0251876	0	0	0	
900	0.0826017	0.0826016	0	0	0.36242	0.36242	0	0	0	0	
901	0.169625	0.113412	0.0551249	0.0010874	0.744243	0.497607	0.241864	0.00477107	0.00111674	0.00489979	
902	0.0759108	0.0759108	0	0	0.333064	0.333064	0	0	0	0	
903	0.192527	0.117322	0.0746154	0.00059014	0.844729	0.514759	0.32738	0.00258928	0.00438774	0.0192515	
904	0.0684997	0.0684997	0	0	0.300547	0.300547	0	0	0	0	
905	0.146977	0.0938592	0.053118	0	0.644873	0.411814	0.233059	0	0	0	
906	0.184058	0.13207	0.0516977	0.000290111	0.807569	0.579468	0.226827	0.00127288	0.000313382	0.00137498	
907	0.0813011	0.0812398	6.12579e-05	0	0.356714	0.356445	0.000268773	0	0	0	
908	0.111187	0.100437	0.0107319	1.78753e-05	0.487841	0.440675	0.0470872	7.84292e-05	2.45586e-05	0.000107752	
909	0.108037	0.106772	0.00126545	0	0.474023	0.46847	0.00555226	0	0	0	
910	0.118434	0.0912712	0.027163	0	0.519639	0.400459	0.119179	0	0	0	
911	0.121059	0.107932	0.0129498	0.000177383	0.531158	0.473562	0.0568183	0.000778282	0.000184509	0.000809547	
912	0.105555	0.0970853	0.00841035	6.00911e-05	0.463133	0.425968	0.036901	0.000263654	6.00901e-05	0.00026365	
913	0.116568	0.09995	0.0165171	0.000101296	0.511452	0.438537	0.0724699	0.000444445	0.000102417	0.000449366	
914	0.0776736	0.0776736	0	0	0.340798	0.340798	0	0	0	0	
915	0.111574	0.0928901	0.0186625	2.14115e-05	0.489539	0.407562	0.0818834	9.39447e-05	2.24372e-05	9.8445e-05	
916	0.10822	0.10822	0	0	0.474825	0.474825	0	0	0	0	
917	0.119837	0.0937676	0.0260689	1.11618e-06	0.525796	0.411412	0.114379	4.89733e-06	1.29158e-06	5.66692e-06	
918	0.128416	0.0900971	0.0382494	7.00683e-05	0.563437	0.395307	0.167822	0.000307429	0.000102763	0.000450882	
919	0.0914702	0.0873555	0.00411466	0	0.401332	0.383278	0.0180534	0	0	0	
920	0.12016	0.0869155	0.0332115	3.35506e-05	0.527213	0.381348	0.145718	0.000147205	5.30731e-05	0.000232862	
921	0.0388097	0.0388097	0	0	0.17028	0.17028	0	0	0	0	
922	0.0196615	0.019394	0.000267538	0	0.0862664	0.0850925	0.00117384	0	0	0	
923	0.0629882	0.0599722	0.00300687	9.13083e-06	0.276365	0.263132	0.0131928	4.00622e-05	2.14377e-05	9.40597e-05	
924	0.0633702	0.0523661	0.011004	0	0.278041	0.22976	0.0482811	0	0	0	
925	0.0494428	0.0454276	0.00399297	2.22248e-05	0.216934	0.199317	0.0175194	9.75129e-05	2.39855e-05	0.000105238	
926	0.0675551	0.0596052	0.00794992	0	0.296403	0.261522	0.0348808	0	0	0	
927	0.0793954	0.0783214	0.00107397	0	0.348353	0.34364	0.00471216	0	0	0	
928	0.100652	0.0964132	0.00423913	0	0.441619	0.423019	0.0185995	0	0	0	
929	0.045025	0.0435794	0.00144566	0	0.19755	0.191207	0.00634294	0	0	0	
930	0.0773941	0.0757784	0.00161566	0	0.339572	0.332483	0.00708883	0	0	0	
931	0.0917041	0.0836988	0.00794801	5.72667e-05	0.402358	0.367234	0.0348724	0.000251261	5.72657e-05	0.000251257	
932	0.0865458	0.0852816	0.00126421	0	0.379726	0.374179	0.00554684	0	0	0	
933	0.0484127	0.0483666	4.61047e-05	0	0.212414	0.212212	0.000202287	0	0	0	
934	0.0473198	0.0460828	0.00123699	0	0.207619	0.202191	0.0054274	0	0	0	
935	0.0890694	0.0787786	0.0102872	3.57928e-06	0.390798	0.345647	0.0451358	1.57043e-05	4.06649e-06	1.7842e-05	
936	0.0773596	0.0768535	0.000506091	0	0.33942	0.3372	0.00222051	0	0	0	
937	0.0627443	0.0627443	0	0	0.275295	0.275295	0	0	0	0	
938	0.0682575	0.0682575	0	0	0.299484	0.299484	0	0	0	0	
939	0.0744685	0.0739133	0.000555226	0	0.326736	0.324299	0.00243609	0	0	0	
940	0.0762716	0.0755199	0.000751702	0	0.334647	0.331349	0.00329814	0	0	0	
941	0.0696843	0.0696843	0	0	0.305744	0.305744	0	0	0	0	
942	0.0718239	0.0718239	0	0	0.315132	0.315132	0	0	0	0	
943	0.0815656	0.0813505	0.000215117	0	0.357875	0.356931	0.000943842	0	0	0	
944	0.0645041	0.0645041	0	0	0.283016	0.283016	0	0	0	0	
945	0.0644349	0.0642197	0.000215117	0	0.282712	0.281769	0.000943842	0	0	0	
946	0.0665492	0.0665492	0	0	0.291989	0.291989	0	0	0	0	
947	0.0971725	0.0971725	0	0	0.426351	0.426351	0	0	0	0	
948	0.0639174	0.055029	0.00888832	0	0.280442	0.241444	0.0389981	0	0	0	
949	0.0656589	0.0656589	0	0	0.288083	0.288083	0	0	0	0	
950	0.0873481	0.0873481	0	0	0.383246	0.383246	0	0	0	0	
951	0.118271	0.117716	0.000555226	0	0.518924	0.516488	0.00243609	0	0	0	
952	0.0504796	0.0502352	0.000244418	0	0.221483	0.22041	0.0010724	0	0	0	
953	0.0546052	0.0540979	0.000507283	0	0.239584	0.237358	0.00222574	0	0	0	
954	0.0880752	0.0876929	0.000382299	0	0.386436	0.384759	0.00167736	0	0	0	
955	0.0904182	0.0904182	0	0	0.396716	0.396716	0	0	0	0	
956	0.0545932	0.0504435	0.00414971	0	0.239532	0.221324	0.0182071	0	0	0	
957	0.0801539	0.0801539	0	0	0.351681	0.351681	0	0	0	0	
958	0.0802343	0.0703466	0.0098877	0	0.352034	0.308651	0.043383	0	0	0	
959	0.0922929	0.0922929	0	0	0.404941	0.404941	0	0	0	0	
960	0.0575049	0.0575049	0	0	0.252306	0.252306	0	0	0	0	
961	0.0797626	0.0760319	0.00373076	0	0.349964	0.333595	0.016369	0	0	0	
962	0.0997111	0.0993998	0.000311385	0	0.43749	0.436123	0.00136622	0	0	0	
963	0.148172	0.147843	0.000329145	2.97013e-08	0.650117	0.648673	0.00144415	1.30316e-07	2.89416e-08	1.26983e-07	
964	0.106221	0.105838	0.000382299	0	0.466052	0.464375	0.00167736	0	0	0	
965	0.154208	0.0975852	0.0566227	0	0.676599	0.428162	0.248436	0	0	0	
966	0.159719	0.103096	0.056623	0	0.700779	0.452342	0.248437	0	0	0	
967	0.0449586	0.0449586	0	0	0.197259	0.197259	0	0	0	0	
968	0.0716604	0.0716604	0	0	0.314415	0.314415	0	0	0	0	
969	0.19408	0.180366	0.0137139	0	0.851541	0.79137	0.0601711	0	0	0	
970	0.187582	0.176104	0.0114782	6.83203e-07	0.823033	0.772669	0.0503615	2.9976e-06	9.79615e-07	4.29813e-06	
