Node	dPC	dPCintra	dPCflux	dPCconnector	varPC	varPCintra	varPCflux	varPCconnector	dBC_PC	varBC_PC	
1	0.169814	0.166196	0.00361751	0	0.752663	0.736629	0.0160338	0	0	0	
2	0.085778	0.0836622	0.00211583	0	0.380191	0.370813	0.00937794	0	0	0	
3	0.0939977	0.0819605	0.0120371	0	0.416623	0.363271	0.0533519	0	0	0	
4	0.0575368	0.0575368	0	0	0.255019	0.255019	0	0	0	0	
5	0.113938	0.106467	0.00746908	1.17775e-06	0.505004	0.471894	0.033105	5.22013e-06	1.46707e-06	6.50249e-06	
6	0.0914591	0.0896767	0.0017767	5.73072e-06	0.405372	0.397471	0.00787484	2.54001e-05	5.70894e-06	2.53036e-05	
7	0.0885238	0.0863715	0.00215223	0	0.392361	0.382822	0.0095393	0	0	0	
8	0.122949	0.103218	0.0197301	0	0.544944	0.457494	0.0874493	0	0	0	
9	0.0880615	0.0868017	0.0012571	2.7458e-06	0.390312	0.384729	0.00557181	1.21701e-05	3.77169e-06	1.67171e-05	
10	0.0625437	0.0594656	0.00306278	1.53167e-05	0.277211	0.263568	0.0135751	6.78881e-05	1.84539e-05	8.17928e-05	
11	0.0829432	0.0793724	0.0035708	0	0.367627	0.3518	0.0158267	0	0	0	
12	0.0962346	0.0947895	0.00144469	4.22419e-07	0.426538	0.420133	0.00640329	1.87227e-06	4.00644e-07	1.77576e-06	
13	0.103418	0.103418	0	0	0.458377	0.458377	0	0	0	0	
14	0.0837608	0.083757	3.84812e-06	0	0.371251	0.371234	1.70559e-05	0	0	0	
15	0.0948475	0.0931142	0.00173334	0	0.42039	0.412708	0.00768266	0	0	0	
16	0.0735959	0.0735959	0	0	0.326197	0.326197	0	0	0	0	
17	0.0892853	0.0848533	0.00440797	2.40992e-05	0.395737	0.376093	0.0195373	0.000106814	2.40775e-05	0.000106718	
18	0.0735492	0.0724617	0.00108347	3.99544e-06	0.32599	0.32117	0.00480228	1.77089e-05	3.97363e-06	1.76122e-05	
19	0.0907077	0.0846656	0.00601742	2.46385e-05	0.402041	0.375261	0.0266708	0.000109204	2.46169e-05	0.000109109	
20	0.0593762	0.0593762	0	0	0.263171	0.263171	0	0	0	0	
21	0.0850856	0.0821028	0.00298284	0	0.377123	0.363902	0.0132207	0	0	0	
22	0.0900181	0.0879484	0.00206967	0	0.398985	0.389811	0.00917335	0	0	0	
23	0.0979111	0.0953735	0.00253339	4.18009e-06	0.433969	0.422722	0.0112287	1.85273e-05	4.26903e-06	1.89215e-05	
24	0.0684297	0.0653729	0.00305681	0	0.303299	0.289751	0.0135486	0	0	0	
25	0.126573	0.116033	0.0103714	0.000168712	0.561008	0.514291	0.045969	0.000747781	0.000168691	0.000747685	
26	0.0856069	0.0846485	0.00095837	0	0.379433	0.375185	0.00424776	0	0	0	
27	0.0860491	0.0765659	0.00932028	0.000162965	0.381393	0.339361	0.04131	0.000722307	0.000166459	0.000737793	
28	0.0623842	0.0623842	0	0	0.276504	0.276504	0	0	0	0	
29	0.104337	0.101715	0.00262181	0	0.46245	0.450829	0.0116205	0	0	0	
30	0.17468	0.149492	0.0250462	0.000141881	0.774232	0.662592	0.111011	0.000628856	0.000146374	0.000648773	
31	0.141453	0.139019	0.00243396	0	0.626961	0.616173	0.0107879	0	0	0	
32	0.146873	0.139485	0.00738792	0	0.650981	0.618236	0.0327453	0	0	0	
33	0.0779557	0.0769828	0.000972917	0	0.345521	0.341209	0.00431223	0	0	0	
34	0.108382	0.0975801	0.0107751	2.71226e-05	0.48038	0.432502	0.0477584	0.000120215	2.71007e-05	0.000120117	
35	0.0690911	0.0612319	0.00773299	0.000126278	0.306231	0.271396	0.0342747	0.000559701	0.000128341	0.000568846	
36	0.0833856	0.0815164	0.00186913	0	0.369588	0.361303	0.0082845	0	0	0	
37	0.168122	0.0954022	0.0727135	6.46588e-06	0.745163	0.422848	0.322286	2.86585e-05	4.23581e-05	0.000187743	
38	0.0801044	0.0787616	0.00134284	0	0.355045	0.349093	0.00595185	0	0	0	
39	0.0908196	0.0842711	0.00654851	0	0.402537	0.373513	0.0290248	0	0	0	
40	0.10287	0.101398	0.00147083	1.55424e-06	0.45595	0.449424	0.00651915	6.88882e-06	1.56088e-06	6.91827e-06	
41	0.100356	0.0963507	0.00400558	1.34685e-07	0.444807	0.427053	0.0177538	5.96965e-07	1.28813e-07	5.70936e-07	
42	0.0752889	0.0742628	0.0010259	1.84624e-07	0.333701	0.329153	0.00454709	8.18306e-07	7.1983e-07	3.19048e-06	
43	0.058351	0.0555753	0.00277576	0	0.258628	0.246325	0.0123029	0	0	0	
44	0.0661955	0.064886	0.00130951	0	0.293396	0.287592	0.00580414	0	0	0	
45	0.0547962	0.0523693	0.00242684	0	0.242871	0.232115	0.0107564	0	0	0	
46	0.0935017	0.0854998	0.00797508	2.68746e-05	0.414425	0.378958	0.0353477	0.000119115	3.00751e-05	0.000133301	
47	0.137671	0.135441	0.00223047	0	0.610198	0.600312	0.00988607	0	0	0	
48	0.110212	0.0854034	0.024809	0	0.488491	0.378531	0.10996	0	0	0	
49	0.165804	0.159066	0.00673809	0	0.73489	0.705025	0.029865	0	0	0	
50	0.0980495	0.0956894	0.00235039	9.74629e-06	0.434582	0.424122	0.0104175	4.31982e-05	9.72868e-06	4.31202e-05	
51	0.0855158	0.0850445	0.000471244	0	0.379029	0.376941	0.00208868	0	0	0	
52	0.0783312	0.0765752	0.00175604	0	0.347185	0.339402	0.00778326	0	0	0	
53	0.0980284	0.0953894	0.00263873	2.66221e-07	0.434489	0.422792	0.0116955	1.17996e-06	3.13966e-07	1.39158e-06	
54	0.0926162	0.0911617	0.00145304	1.53531e-06	0.4105	0.404053	0.0064403	6.80492e-06	3.18629e-06	1.41225e-05	
55	0.100833	0.0931803	0.00762377	2.90667e-05	0.44692	0.413	0.0337906	0.000128832	3.71414e-05	0.000164621	
56	0.119253	0.112556	0.00669669	1.03325e-06	0.528565	0.498879	0.0296816	4.57965e-06	7.05268e-06	3.12594e-05	
57	0.102334	0.101237	0.00109649	3.53444e-07	0.453574	0.448712	0.00485996	1.56656e-06	3.40879e-07	1.51087e-06	
58	0.121999	0.0917687	0.0301507	8.01628e-05	0.540736	0.406744	0.133636	0.000355303	0.000280764	0.00124442	
59	0.171216	0.112603	0.0586131	3.17412e-07	0.758879	0.499087	0.259789	1.40685e-06	4.06312e-06	1.80089e-05	
60	0.0759125	0.0739678	0.00194381	9.27132e-07	0.336465	0.327845	0.00861553	4.1093e-06	1.18634e-06	5.25819e-06	
61	0.0881027	0.0875721	0.000530563	0	0.390495	0.388143	0.0023516	0	0	0	
62	0.0996428	0.0938852	0.0057529	4.68258e-06	0.441644	0.416125	0.0254984	2.07545e-05	6.88971e-06	3.05371e-05	
63	0.119347	0.0943723	0.0248955	8.00232e-05	0.528983	0.418284	0.110344	0.000354685	0.000120569	0.000534397	
64	0.098364	0.0972921	0.00107155	3.67236e-07	0.435976	0.431225	0.00474941	1.62769e-06	3.45409e-07	1.53094e-06	
65	0.110205	0.10307	0.00710079	3.43012e-05	0.488462	0.456837	0.0314726	0.000152032	3.58107e-05	0.000158722	
66	0.112703	0.101415	0.0112845	3.62687e-06	0.499533	0.449501	0.0500163	1.60752e-05	4.75134e-06	2.10592e-05	
67	0.174578	0.138	0.0365609	1.7431e-05	0.77378	0.611654	0.162048	7.72594e-05	2.22049e-05	9.84185e-05	
68	0.104099	0.0802491	0.0237965	5.42886e-05	0.461399	0.355686	0.105472	0.000240622	6.81721e-05	0.000302157	
69	0.117834	0.114298	0.00352288	1.32118e-05	0.522276	0.506603	0.0156144	5.85587e-05	1.48901e-05	6.59973e-05	
70	0.0789224	0.0767136	0.0022088	0	0.349805	0.340015	0.00979005	0	0	0	
71	0.0641158	0.0443961	0.0197137	5.96716e-06	0.284179	0.196775	0.0873768	2.64481e-05	8.91834e-06	3.95285e-05	
72	0.167091	0.130085	0.0368503	0.000155147	0.740594	0.576575	0.16333	0.000687655	0.000187712	0.000831994	
73	0.0813301	0.05994	0.0213869	3.10081e-06	0.360477	0.265671	0.0947928	1.37436e-05	2.46381e-05	0.000109203	
74	0.130684	0.106485	0.0241577	4.08568e-05	0.579228	0.471973	0.107073	0.000181088	4.70294e-05	0.000208447	
75	0.178913	0.143476	0.0351343	0.000302546	0.792993	0.635927	0.155725	0.00134097	0.000380246	0.00168535	
76	0.158564	0.140919	0.0174394	0.000206232	0.702803	0.624593	0.0772964	0.000914078	0.000236817	0.00104964	
77	0.0898508	0.0893564	0.000494468	0	0.398243	0.396052	0.00219162	0	0	0	
78	0.153691	0.0984327	0.0551521	0.000106795	0.681203	0.436281	0.244449	0.000473346	0.000134186	0.000594751	
79	0.153165	0.136626	0.0163674	0.000171256	0.678872	0.605568	0.0725452	0.000759057	0.000205668	0.000911579	
80	0.139267	0.124776	0.0144151	7.57577e-05	0.617272	0.553044	0.0638919	0.000335779	9.9272e-05	0.000440001	
81	0.108653	0.10589	0.00276249	0	0.481581	0.469337	0.0122441	0	0	0	
82	0.273551	0.160611	0.111203	0.00173667	1.21245	0.711875	0.492882	0.00769742	0.00243629	0.0107983	
83	0.156888	0.124769	0.0320268	9.19787e-05	0.695371	0.553012	0.141951	0.000407675	0.000113038	0.000501016	
84	0.128603	0.0958585	0.0327451	0	0.570006	0.424871	0.145135	0	0	0	
85	0.152373	0.100762	0.0516108	0	0.675362	0.446609	0.228753	0	0	0	
86	0.170829	0.145712	0.0250193	9.77612e-05	0.757165	0.645839	0.110892	0.000433304	0.000227925	0.00101022	
87	0.0797266	0.0773422	0.00238442	0	0.35337	0.342802	0.0105684	0	0	0	
88	0.0850511	0.0813516	0.0036886	1.08988e-05	0.37697	0.360573	0.0163489	4.83066e-05	1.16809e-05	5.1773e-05	
89	0.0779112	0.0766928	0.00121838	0	0.345324	0.339923	0.00540022	0	0	0	
90	0.106496	0.0984652	0.00801796	1.32296e-05	0.472021	0.436425	0.0355378	5.86376e-05	1.64793e-05	7.30412e-05	
91	0.10823	0.102025	0.0062036	6.63929e-07	0.479706	0.452207	0.027496	2.94272e-06	1.11421e-06	4.93849e-06	
92	0.0860661	0.0835792	0.00248294	3.91433e-06	0.381468	0.370446	0.0110051	1.73494e-05	4.96528e-06	2.20075e-05	
93	0.0961652	0.0899682	0.0061934	3.58176e-06	0.42623	0.398764	0.0274508	1.58753e-05	6.21671e-06	2.75542e-05	
94	0.0915374	0.0854819	0.00605541	0	0.405719	0.378879	0.0268392	0	0	0	
95	0.156981	0.131061	0.0259195	6.4859e-08	0.695785	0.580902	0.114882	2.87473e-07	2.95653e-07	1.31041e-06	
96	0.192286	0.159067	0.0331693	4.97504e-05	0.852266	0.70503	0.147015	0.000220507	6.59629e-05	0.000292365	
97	0.117864	0.0944134	0.0234303	2.09327e-05	0.522409	0.418466	0.103849	9.27796e-05	2.12729e-05	9.42875e-05	
98	0.113788	0.0893369	0.0244513	0	0.504341	0.395965	0.108375	0	0	0	
99	0.109064	0.100162	0.00890114	1.42124e-06	0.483404	0.443946	0.0394523	6.29933e-06	2.07905e-06	9.21495e-06	
100	0.100116	0.0920864	0.00802617	4.17821e-06	0.443745	0.408152	0.0355742	1.8519e-05	5.81042e-06	2.57534e-05	
101	0.14842	0.144471	0.00394884	0	0.657841	0.640339	0.0175023	0	0	0	
102	0.162128	0.10739	0.0547046	3.35921e-05	0.718597	0.475982	0.242466	0.000148889	3.54882e-05	0.000157293	
103	0.0764502	0.0734089	0.00304134	0	0.338848	0.325368	0.01348	0	0	0	
104	0.107459	0.0834024	0.0240005	5.62751e-05	0.476289	0.369662	0.106376	0.000249427	0.000168383	0.000746322	
105	0.094862	0.0863233	0.00842877	0.000109941	0.420454	0.382608	0.0373586	0.00048729	0.000110973	0.000491865	
106	0.134924	0.111666	0.0232572	4.15345e-07	0.598022	0.494938	0.103082	1.84092e-06	5.20091e-07	2.30519e-06	
107	0.210102	0.146868	0.0628388	0.000395506	0.931232	0.65096	0.278518	0.00175299	0.000460568	0.00204136	
108	0.103417	0.0970298	0.00638238	5.62174e-06	0.458376	0.430063	0.0282884	2.49171e-05	6.96792e-06	3.08837e-05	
109	0.136887	0.108229	0.0286399	1.79894e-05	0.606722	0.479703	0.12694	7.9734e-05	2.85778e-05	0.000126664	
110	0.119755	0.108751	0.0110039	7.64273e-08	0.530791	0.482018	0.0487725	3.38747e-07	3.26566e-07	1.44743e-06	
111	0.104593	0.0963471	0.00824058	6.01784e-06	0.463588	0.427037	0.0365245	2.66727e-05	8.06343e-06	3.57393e-05	
112	0.103905	0.0949199	0.00897461	1.13396e-05	0.460539	0.420711	0.0397779	5.02604e-05	1.57516e-05	6.98157e-05	
113	0.0964311	0.0918843	0.00453713	9.73177e-06	0.427409	0.407256	0.0201098	4.31339e-05	1.1102e-05	4.92073e-05	
114	0.150898	0.124302	0.026194	0.000401619	0.668824	0.550944	0.116099	0.00178008	0.000410742	0.00182052	
115	0.110923	0.106942	0.00398077	0	0.491643	0.473999	0.0176439	0	0	0	
116	0.122359	0.114498	0.00784233	1.86513e-05	0.542331	0.507489	0.0347593	8.2668e-05	2.07139e-05	9.181e-05	
117	0.104502	0.0969719	0.00752791	2.76092e-06	0.463184	0.429806	0.0333658	1.22371e-05	4.70153e-06	2.08384e-05	
118	0.103279	0.101729	0.001549	2.04849e-07	0.457761	0.450895	0.00686562	9.0795e-07	3.81455e-07	1.69071e-06	
119	0.11789	0.113693	0.00419532	1.45506e-06	0.522524	0.503922	0.0185948	6.44924e-06	1.55199e-06	6.87885e-06	
120	0.106942	0.0962431	0.0106482	5.13359e-05	0.473999	0.426576	0.0471959	0.000227535	6.90083e-05	0.000305864	
121	0.0888912	0.084418	0.0044732	0	0.39399	0.374163	0.0198264	0	0	0	
122	0.180312	0.157826	0.0222813	0.000205076	0.799196	0.69953	0.0987572	0.000908955	0.000231562	0.00102634	
123	0.112006	0.107077	0.00492935	0	0.496444	0.474595	0.0218482	0	0	0	
124	0.161669	0.0964352	0.0615027	0.00373123	0.716562	0.427427	0.272597	0.0165378	0.00542607	0.0240498	
125	0.106835	0.103483	0.00335215	0	0.473524	0.458667	0.0148576	0	0	0	
126	0.144039	0.104435	0.0388112	0.000792967	0.638423	0.462886	0.172022	0.00351464	0.00116179	0.0051494	
127	0.213182	0.191763	0.0213855	3.3611e-05	0.944884	0.849949	0.0947865	0.000148973	3.67181e-05	0.000162745	
128	0.134988	0.12075	0.0142281	1.01765e-05	0.598308	0.5352	0.0630631	4.51053e-05	1.03964e-05	4.60799e-05	
129	0.124469	0.118146	0.00632303	3.6421e-08	0.551681	0.523656	0.0280254	1.61428e-07	4.3637e-08	1.93411e-07	
130	0.0970666	0.0963191	0.000747531	0	0.430226	0.426912	0.00331326	0	0	0	
131	0.131186	0.12473	0.00645144	4.4745e-06	0.581454	0.55284	0.0285945	1.98322e-05	6.70784e-06	2.97309e-05	
132	0.113329	0.0852267	0.02809	1.28242e-05	0.502308	0.377748	0.124502	5.68407e-05	1.77466e-05	7.8658e-05	
133	0.135424	0.110899	0.024412	0.000112205	0.600237	0.491539	0.108201	0.000497326	0.000209274	0.000927563	
134	0.0960868	0.095715	0.000371808	0	0.425883	0.424235	0.00164795	0	0	0	
135	0.0716197	0.0706116	0.00100806	0	0.317438	0.31297	0.00446802	0	0	0	
136	0.105123	0.103593	0.00152827	1.0589e-06	0.465934	0.459156	0.00677373	4.69335e-06	1.03713e-06	4.59688e-06	
137	0.11065	0.102199	0.0083945	5.68094e-05	0.490433	0.452975	0.0372067	0.000251794	6.65371e-05	0.00029491	
138	0.111299	0.10443	0.00686777	8.50595e-07	0.493309	0.462865	0.0304398	3.77007e-06	1.25321e-06	5.55459e-06	
139	0.110052	0.106294	0.0037581	3.17328e-07	0.487783	0.471125	0.0166569	1.40648e-06	5.64687e-07	2.50284e-06	
140	0.139262	0.121154	0.0180915	1.66171e-05	0.617249	0.536989	0.0801867	7.36518e-05	2.64409e-05	0.000117193	
141	0.100705	0.0931011	0.00760406	0	0.446353	0.41265	0.0337033	0	0	0	
142	0.088137	0.0835001	0.00463682	0	0.390647	0.370095	0.0205516	0	0	0	
143	0.158027	0.154927	0.00309978	0	0.700422	0.686683	0.013739	0	0	0	
144	0.0999103	0.0988497	0.00106065	0	0.44283	0.438129	0.00470112	0	0	0	
145	0.0919384	0.0868457	0.00509275	0	0.407496	0.384924	0.0225725	0	0	0	
146	0.0630756	0.0612473	0.00182689	1.37607e-06	0.279568	0.271465	0.00809728	6.09914e-06	1.36997e-06	6.07212e-06	
147	0.074762	0.0727744	0.00198761	0	0.331366	0.322556	0.00880965	0	0	0	
148	0.114343	0.107937	0.00640321	2.8476e-06	0.506802	0.478408	0.0283808	1.26213e-05	3.46599e-06	1.53622e-05	
149	0.114512	0.100032	0.0144642	1.54798e-05	0.507549	0.443371	0.0641097	6.86107e-05	3.85768e-05	0.000170983	
150	0.0961262	0.0827056	0.0134205	0	0.426058	0.366574	0.0594837	0	0	0	
151	0.136952	0.124605	0.0123247	2.30763e-05	0.607013	0.552284	0.0546267	0.00010228	3.10956e-05	0.000137824	
152	0.0985765	0.0848788	0.013674	2.37006e-05	0.436918	0.376206	0.0606069	0.000105047	4.6321e-05	0.000205307	
153	0.140984	0.135807	0.00517699	0	0.62488	0.601934	0.0229458	0	0	0	
154	0.106024	0.097855	0.00816931	0	0.469929	0.43372	0.0362086	0	0	0	
155	0.114762	0.0919888	0.0227731	9.03265e-07	0.50866	0.407719	0.100937	4.00352e-06	1.67864e-06	7.44022e-06	
156	0.113187	0.0949037	0.0182832	3.25163e-07	0.501677	0.420639	0.0810364	1.44121e-06	3.42838e-07	1.51955e-06	
157	0.0894557	0.0884986	0.000957118	0	0.396492	0.39225	0.00424221	0	0	0	
158	0.107571	0.103682	0.00388908	6.74981e-08	0.476786	0.459549	0.0172375	2.9917e-07	4.56598e-08	2.02377e-07	
159	0.102204	0.0994471	0.00275548	1.82492e-06	0.452998	0.440777	0.012213	8.08856e-06	1.80312e-06	7.99196e-06	
160	0.170628	0.156106	0.0145117	1.09278e-05	0.756273	0.691905	0.0643202	4.84354e-05	2.77863e-05	0.000123156	
161	0.196597	0.17431	0.022121	0.000166045	0.871373	0.77259	0.0980467	0.000735959	0.000204606	0.000906872	
162	0.115294	0.0944812	0.0207699	4.32489e-05	0.511017	0.418767	0.0920582	0.000191691	6.96522e-05	0.000308718	
163	0.0908923	0.0787553	0.012137	0	0.402859	0.349065	0.0537945	0	0	0	
164	0.129967	0.0899888	0.0399416	3.70559e-05	0.576052	0.398855	0.177032	0.000164242	4.64818e-05	0.00020602	
165	0.15491	0.115564	0.0392613	8.49239e-05	0.686606	0.512213	0.174017	0.000376406	0.000150812	0.000668441	
166	0.100737	0.0977213	0.00301626	0	0.446496	0.433127	0.0133689	0	0	0	
167	0.105185	0.0974167	0.007764	4.52431e-06	0.46621	0.431778	0.0344122	2.0053e-05	5.73395e-06	2.54144e-05	
168	0.107303	0.0983652	0.00893081	7.5217e-06	0.475598	0.435981	0.0395838	3.33382e-05	1.34664e-05	5.9687e-05	
169	0.0994502	0.0950775	0.00433474	3.79886e-05	0.44079	0.421409	0.0192127	0.000168376	3.79668e-05	0.000168279	
170	0.142902	0.109023	0.0332236	0.000655314	0.633381	0.483221	0.147256	0.00290453	0.000856715	0.00379719	
171	0.239325	0.195998	0.0433231	3.30048e-06	1.06075	0.86872	0.19202	1.46286e-05	4.25943e-06	1.88789e-05	
172	0.136291	0.122551	0.0137403	0	0.604082	0.543181	0.060901	0	0	0	
173	0.182507	0.136151	0.0453888	0.000967726	0.808924	0.603459	0.201175	0.00428922	0.00114711	0.00508434	
174	0.122242	0.113645	0.00859712	2.3976e-07	0.541812	0.503706	0.0381048	1.06268e-06	2.3715e-07	1.05111e-06	
175	0.104168	0.0965976	0.00757067	0	0.461702	0.428147	0.0335553	0	0	0	
176	0.109436	0.09518	0.0141898	6.62631e-05	0.48505	0.421864	0.0628931	0.000293696	8.07797e-05	0.000358037	
177	0.176519	0.142311	0.0337955	0.00041175	0.782382	0.630765	0.149791	0.00182499	0.00043553	0.00193039	
178	0.130952	0.106817	0.0240581	7.67513e-05	0.580419	0.473446	0.106632	0.000340183	0.00012612	0.000558999	
179	0.16549	0.140944	0.0245217	2.42961e-05	0.733501	0.624706	0.108687	0.000107687	2.82276e-05	0.000125112	
180	0.120216	0.101809	0.0180382	0.000369276	0.532834	0.451247	0.0799506	0.00163673	0.000372604	0.00165148	
181	0.128155	0.125799	0.0023561	0	0.568021	0.557578	0.0104428	0	0	0	
182	0.10678	0.0997937	0.00698632	0	0.473278	0.442313	0.0309653	0	0	0	
183	0.116754	0.111942	0.00481268	6.05001e-08	0.51749	0.496158	0.0213311	2.68153e-07	2.54659e-07	1.12871e-06	
184	0.0971743	0.0883561	0.00881822	7.97377e-08	0.430703	0.391618	0.0390848	3.53419e-07	5.01185e-07	2.22139e-06	
185	0.0932202	0.08289	0.0103301	0	0.413177	0.367391	0.0457862	0	0	0	
186	0.134497	0.114234	0.0202589	4.17674e-06	0.596128	0.506316	0.0897934	1.85124e-05	5.9797e-06	2.65037e-05	
187	0.0897886	0.0886075	0.00118109	0	0.397967	0.392732	0.00523495	0	0	0	
188	0.085323	0.0809809	0.00433851	3.63203e-06	0.378175	0.358929	0.0192295	1.60981e-05	4.72899e-06	2.09602e-05	
189	0.112439	0.102678	0.0097557	5.47044e-06	0.498362	0.455098	0.0432399	2.42465e-05	8.07744e-06	3.58014e-05	
190	0.0715834	0.0596014	0.0119716	1.02993e-05	0.317277	0.26417	0.0530616	4.56494e-05	2.27185e-05	0.000100694	
191	0.330047	0.214146	0.113234	0.00266765	1.46286	0.949155	0.501884	0.0118237	0.00289788	0.0128442	
192	0.0732654	0.0732654	0	0	0.324732	0.324732	0	0	0	0	
193	0.118856	0.118856	0	0	0.526805	0.526805	0	0	0	0	
194	0.147497	0.121532	0.0257314	0.000233529	0.653748	0.538664	0.114048	0.00103506	0.000246923	0.00109443	
195	0.089066	0.0889539	0.000112097	0	0.394765	0.394268	0.000496846	0	0	0	
196	0.0897338	0.0897338	0	0	0.397725	0.397725	0	0	0	0	
197	0.0660139	0.0562371	0.00977684	0	0.292592	0.249258	0.0433336	0	0	0	
198	0.149911	0.114735	0.0347139	0.000462225	0.664448	0.508538	0.153861	0.00204871	0.000737551	0.00326903	
199	0.133932	0.114772	0.0191595	0	0.593624	0.508704	0.0849202	0	0	0	
200	0.110201	0.0875446	0.0226573	0	0.488445	0.388022	0.100423	0	0	0	
201	0.142387	0.100968	0.0410311	0.000387415	0.631099	0.447521	0.181861	0.00171713	0.000663555	0.00294106	
202	0.106258	0.106258	0	0	0.470968	0.470968	0	0	0	0	
203	0.0961881	0.0948461	0.00134196	0	0.426332	0.420384	0.00594795	0	0	0	
204	0.165016	0.13427	0.0307006	4.57693e-05	0.731399	0.595122	0.136073	0.000202862	6.54273e-05	0.000289992	
205	0.119325	0.0901783	0.0291214	2.60605e-05	0.528884	0.399695	0.129074	0.000115507	5.00781e-05	0.00022196	
206	0.184834	0.149855	0.0349002	7.87916e-05	0.819235	0.664198	0.154687	0.000349226	9.23894e-05	0.000409495	
207	0.0672096	0.0520851	0.0151215	2.98981e-06	0.297891	0.230855	0.0670229	1.32516e-05	3.14132e-06	1.39231e-05	
208	0.102329	0.0986154	0.00371379	4.76812e-08	0.453551	0.437091	0.0164605	2.11336e-07	2.84433e-07	1.26068e-06	
209	0.147917	0.0955206	0.052374	2.31072e-05	0.655612	0.423374	0.232136	0.000102417	0.00018232	0.000808096	
210	0.114106	0.114044	6.27922e-05	0	0.505752	0.505474	0.000278312	0	0	0	
211	0.1644	0.103833	0.060567	0	0.728669	0.460219	0.26845	0	0	0	
212	0.117088	0.116708	0.000380063	0	0.51897	0.517285	0.00168454	0	0	0	
213	0.241993	0.165122	0.0763991	0.000471889	1.07258	0.731869	0.338622	0.00209154	0.00207034	0.00917632	
214	0.11827	0.11615	0.00211879	6.78282e-07	0.524205	0.514811	0.00939107	3.00633e-06	6.5653e-07	2.90992e-06	
215	0.181268	0.162061	0.0191824	2.42217e-05	0.803432	0.718303	0.0850219	0.000107357	2.82595e-05	0.000125254	
216	0.100206	0.0850492	0.0151574	0	0.444144	0.376961	0.0671821	0	0	0	
217	0.197899	0.141282	0.055702	0.000914801	0.877145	0.626204	0.246886	0.00405465	0.00101251	0.00448773	
218	0.098103	0.0974324	0.000670551	0	0.434819	0.431847	0.00297206	0	0	0	
219	0.133879	0.133426	0.000453076	0	0.59339	0.591382	0.00200815	0	0	0	
220	0.0943761	0.0840506	0.0103254	0	0.418301	0.372535	0.0457653	0	0	0	
221	0.111557	0.0941121	0.017442	3.20573e-06	0.494452	0.41713	0.0773079	1.42087e-05	1.18478e-05	5.25129e-05	
222	0.0504231	0.0504119	1.12593e-05	0	0.223489	0.223439	4.99043e-05	0	0	0	
223	0.097414	0.0970339	0.000380063	0	0.431765	0.430081	0.00168454	0	0	0	
224	0.165867	0.14563	0.0202367	0	0.73517	0.645474	0.089695	0	0	0	
225	0.0838659	0.0785053	0.00532555	3.50625e-05	0.371716	0.347957	0.0236043	0.000155406	3.62819e-05	0.000160811	
226	0.229577	0.225617	0.00395789	2.30072e-06	1.01755	1	0.0175424	1.01974e-05	2.27894e-06	1.01009e-05	
227	0.0834419	0.0824666	0.000974818	5.12064e-07	0.369837	0.365514	0.00432066	2.2696e-06	4.92898e-07	2.18466e-06	
228	0.0877703	0.0795381	0.00823224	0	0.389022	0.352534	0.0364875	0	0	0	
229	0.125886	0.124184	0.00170214	0	0.557965	0.55042	0.00754435	0	0	0	
230	0.107476	0.106831	0.000645836	7.12468e-08	0.476367	0.473504	0.00286252	3.15785e-07	1.03286e-07	4.57794e-07	
231	0.092963	0.092234	0.000728985	0	0.412037	0.408806	0.00323106	0	0	0	
232	0.0834871	0.0752515	0.00823396	1.71042e-06	0.370038	0.333535	0.0364951	7.58108e-06	1.68847e-06	7.48378e-06	
233	0.0790026	0.0783034	0.000699184	0	0.350161	0.347062	0.00309897	0	0	0	
234	0.104535	0.104535	0	0	0.463329	0.463329	0	0	0	0	
235	0.136551	0.136551	0	0	0.605233	0.605233	0	0	0	0	
236	0.0683986	0.0663166	0.002082	0	0.303161	0.293933	0.009228	0	0	0	
237	0.0494667	0.0474753	0.00199134	0	0.21925	0.210423	0.00882618	0	0	0	
238	0.0897038	0.0897038	0	0	0.397592	0.397592	0	0	0	0	
239	0.149207	0.122257	0.0268187	0.00013127	0.661329	0.541879	0.118868	0.000581828	0.000131326	0.000582073	
240	0.0920129	0.0908842	0.00112865	0	0.407826	0.402824	0.00500252	0	0	0	
241	0.147215	0.118872	0.0282344	0.000108407	0.652498	0.526874	0.125142	0.00048049	0.000108393	0.00048043	
242	0.0859797	0.0857748	0.000204977	0	0.381086	0.380177	0.000908516	0	0	0	
243	0.086342	0.086342	0	0	0.382691	0.382691	0	0	0	0	
244	0.0890964	0.0890552	4.11301e-05	0	0.394899	0.394717	0.0001823	0	0	0	
245	0.120622	0.0954765	0.0244371	0.000709269	0.534633	0.423178	0.108312	0.00314367	0.000713631	0.00316301	
246	0.102473	0.0898623	0.0126108	0	0.454189	0.398294	0.0558949	0	0	0	
247	0.113388	0.107574	0.00577008	4.34292e-05	0.502568	0.476801	0.0255745	0.00019249	4.34486e-05	0.000192576	
248	0.0839012	0.0839012	0	0	0.371873	0.371873	0	0	0	0	
249	0.0732184	0.070265	0.00295343	0	0.324524	0.311433	0.0130904	0	0	0	
250	0.0675204	0.0668967	0.000623647	0	0.299269	0.296504	0.00276417	0	0	0	
251	0.122321	0.109678	0.0126414	1.74304e-06	0.54216	0.486123	0.0560301	7.72565e-06	1.72113e-06	7.62855e-06	
252	0.0762075	0.0695341	0.00660039	7.2973e-05	0.337772	0.308194	0.0292547	0.000323436	7.29584e-05	0.000323371	
253	0.0981787	0.098178	7.43466e-07	0	0.435155	0.435152	3.29524e-06	0	0	0	
254	0.0783382	0.0779564	0.000381835	0	0.347216	0.345524	0.0016924	0	0	0	
255	0.0873503	0.0870475	0.000302817	0	0.387161	0.385818	0.00134216	0	0	0	
256	0.100803	0.0970758	0.00372774	2.23121e-08	0.446789	0.430266	0.0165223	9.88934e-08	1.18905e-09	5.27023e-09	
257	0.0891284	0.0891284	0	0	0.395041	0.395041	0	0	0	0	
258	0.101562	0.0965507	0.00499847	1.3568e-05	0.450154	0.427939	0.0221546	6.01373e-05	1.91895e-05	8.50532e-05	
259	0.0548254	0.0454364	0.00921493	0.000174046	0.243001	0.201386	0.0408431	0.000771423	0.000221311	0.000980913	
260	0.0434631	0.0418997	0.00156331	0	0.19264	0.185711	0.00692905	0	0	0	
261	0.111251	0.110273	0.000977637	0	0.493095	0.488762	0.00433315	0	0	0	
262	0.115168	0.111513	0.00365516	0	0.510459	0.494259	0.0162006	0	0	0	
263	0.0543193	0.043923	0.0103963	0	0.240758	0.194678	0.0460793	0	0	0	
264	0.189146	0.140482	0.048445	0.000218523	0.838347	0.622657	0.214721	0.000968554	0.000416654	0.00184672	
265	0.0489517	0.0435184	0.00541929	1.40073e-05	0.216967	0.192885	0.0240198	6.20843e-05	1.77851e-05	7.88287e-05	
266	0.0839294	0.083728	0.000201445	0	0.371998	0.371105	0.000892863	0	0	0	
267	0.0472916	0.045724	0.00156752	1.19976e-07	0.209609	0.202661	0.00694771	5.31768e-07	9.81647e-08	4.35093e-07	
268	0.0856971	0.0854956	0.000201445	0	0.379833	0.37894	0.000892863	0	0	0	
269	0.207165	0.205554	0.0016097	7.84678e-07	0.918213	0.911075	0.00713464	3.4779e-06	7.76682e-07	3.44247e-06	
270	0.108108	0.107726	0.000381835	0	0.479167	0.477474	0.0016924	0	0	0	
271	0.0848899	0.0848899	0	0	0.376255	0.376255	0	0	0	0	
272	0.106957	0.104002	0.00295446	0	0.474064	0.460969	0.013095	0	0	0	
273	0.112015	0.0919279	0.0199693	0.00011801	0.496482	0.40745	0.0885097	0.000523055	0.000160066	0.00070946	
274	0.100455	0.0945763	0.00587862	6.84808e-07	0.445246	0.419188	0.0260557	3.03526e-06	7.29487e-07	3.23329e-06	
275	0.118731	0.111541	0.00713295	5.79891e-05	0.526252	0.49438	0.0316152	0.000257023	5.94591e-05	0.000263539	
276	0.0925142	0.0900463	0.00246784	0	0.410048	0.39911	0.0109381	0	0	0	
277	0.105102	0.10434	0.000762224	0	0.465844	0.462465	0.00337838	0	0	0	
278	0.173168	0.148385	0.0246898	9.33943e-05	0.767532	0.657686	0.109432	0.000413949	0.000147471	0.000653633	
279	0.0782336	0.0772449	0.000988722	0	0.346753	0.34237	0.00438229	0	0	0	
280	0.139122	0.1217	0.0173958	2.64148e-05	0.616629	0.539409	0.0771032	0.000117078	2.7793e-05	0.000123186	
281	0.126521	0.09537	0.0310334	0.000118539	0.56078	0.422706	0.137548	0.000525401	0.000156063	0.000691714	
282	0.0836711	0.081445	0.00222611	0	0.370853	0.360986	0.00986676	0	0	0	
283	0.10413	0.0913749	0.0127304	2.49822e-05	0.461534	0.404999	0.056425	0.000110728	3.04418e-05	0.000134926	
284	0.135232	0.110906	0.0242162	0.00011015	0.599388	0.491567	0.107333	0.000488218	0.000123556	0.000547636	
285	0.100211	0.0874602	0.0127515	0	0.444166	0.387648	0.0565182	0	0	0	
286	0.122321	0.0822918	0.0400298	0	0.542163	0.36474	0.177423	0	0	0	
287	0.0719116	0.0655541	0.0063575	0	0.318732	0.290554	0.0281782	0	0	0	
288	0.204171	0.140857	0.0620857	0.00122844	0.904943	0.624317	0.275181	0.00544482	0.00149591	0.0066303	
289	0.0687547	0.0658002	0.00295446	0	0.30474	0.291645	0.013095	0	0	0	
290	0.0700356	0.0691671	0.000868475	0	0.310417	0.306568	0.00384932	0	0	0	
291	0.180662	0.137522	0.0429814	0.000159023	0.800748	0.609537	0.190505	0.000704837	0.000551865	0.00244601	
292	0.141329	0.116965	0.0240095	0.000354883	0.626413	0.518423	0.106416	0.00157294	0.000366313	0.0016236	
293	0.070572	0.0476917	0.0228803	0	0.312794	0.211382	0.101412	0	0	0	
294	0.0641481	0.061151	0.00298941	7.70801e-06	0.284322	0.271038	0.0132499	3.4164e-05	9.64953e-06	4.27693e-05	
295	0.172491	0.15255	0.0198221	0.000118197	0.764528	0.676147	0.087857	0.000523881	0.0001873	0.000830165	
296	0.118604	0.118604	0	0	0.525688	0.525688	0	0	0	0	
297	0.168787	0.146961	0.0218013	2.44157e-05	0.748112	0.651374	0.0966296	0.000108217	4.93015e-05	0.000218518	
298	0.10122	0.0910706	0.0101122	3.81144e-05	0.448639	0.40365	0.0448201	0.000168933	4.08048e-05	0.000180858	
299	0.0939677	0.0796223	0.0141915	0.000153806	0.41649	0.352908	0.0629009	0.000681714	0.000153785	0.000681618	
300	0.0778122	0.0769437	0.000868475	0	0.344885	0.341036	0.00384932	0	0	0	
301	0.0652961	0.0623991	0.00289701	0	0.28941	0.27657	0.0128403	0	0	0	
302	0.0704371	0.0695279	0.000909197	0	0.312197	0.308167	0.00402981	0	0	0	
303	0.136987	0.106085	0.0307883	0.000112909	0.607164	0.470201	0.136462	0.000500447	0.000163039	0.000722637	
304	0.0956961	0.0956961	0	0	0.424151	0.424151	0	0	0	0	
305	0.0470532	0.0413797	0.00567345	0	0.208552	0.183406	0.0251463	0	0	0	
306	0.0602206	0.0530715	0.00714915	0	0.266914	0.235227	0.031687	0	0	0	
307	0.0882246	0.0875312	0.000693365	0	0.391035	0.387962	0.00307318	0	0	0	
308	0.093322	0.0757239	0.0175882	9.97772e-06	0.413629	0.335629	0.0779558	4.4224e-05	1.32461e-05	5.87105e-05	
309	0.11567	0.111057	0.00459595	1.77276e-05	0.512684	0.492235	0.0203705	7.85736e-05	2.02999e-05	8.99751e-05	
310	0.151746	0.143715	0.00800616	2.52638e-05	0.672582	0.636985	0.0354855	0.000111976	2.56601e-05	0.000113732	
311	0.0766015	0.0741387	0.00245115	1.16637e-05	0.339519	0.328603	0.0108642	5.16968e-05	1.2562e-05	5.56786e-05	
312	0.135977	0.0960937	0.0397058	0.000177474	0.602687	0.425913	0.175987	0.000786615	0.000229775	0.00101842	
313	0.100485	0.0936767	0.00680848	0	0.445378	0.415201	0.030177	0	0	0	
314	0.0788142	0.0774823	0.00133193	0	0.349326	0.343423	0.00590348	0	0	0	
315	0.103797	0.0952284	0.00856072	7.98132e-06	0.460057	0.422078	0.0379435	3.53754e-05	1.00747e-05	4.4654e-05	
316	0.0746465	0.0707916	0.00384929	5.69007e-06	0.330854	0.313767	0.0170611	2.52199e-05	5.68724e-06	2.52074e-05	
317	0.119501	0.0769697	0.0423547	0.000177406	0.529665	0.341151	0.187727	0.000786316	0.000266313	0.00118037	
318	0.165203	0.122602	0.0426008	0	0.732227	0.543408	0.188818	0	0	0	
319	0.21877	0.143968	0.0717556	0.00304598	0.96965	0.638109	0.31804	0.0135006	0.00327348	0.0145089	
320	0.0857	0.0762981	0.00935986	4.20417e-05	0.379846	0.338174	0.0414854	0.00018634	5.23779e-05	0.000232153	
321	0.130891	0.0990775	0.0314288	0.00038531	0.580147	0.439138	0.139301	0.0017078	0.00040175	0.00178067	
322	0.135134	0.0790175	0.0548589	0.00125837	0.598954	0.350227	0.243149	0.00557747	0.00134775	0.00597363	
323	0.0965094	0.095124	0.00138531	0	0.427756	0.421616	0.00614009	0	0	0	
324	0.126889	0.125553	0.0013353	0	0.562407	0.556488	0.00591845	0	0	0	
325	0.0924158	0.0904861	0.0019297	0	0.409612	0.401059	0.008553	0	0	0	
326	0.0735255	0.0712757	0.00224975	0	0.325885	0.315913	0.00997155	0	0	0	
327	0.0804043	0.0753558	0.00504845	0	0.356374	0.333998	0.0223761	0	0	0	
328	0.0913247	0.0909771	0.000347633	0	0.404776	0.403235	0.0015408	0	0	0	
329	0.0978015	0.0917399	0.00604202	1.96392e-05	0.433483	0.406616	0.0267799	8.70466e-05	2.54561e-05	0.000112828	
330	0.144232	0.0885385	0.0537272	0.00196681	0.639278	0.392427	0.238134	0.00871747	0.00220907	0.00979121	
331	0.125134	0.117201	0.00792215	1.0808e-05	0.554628	0.519467	0.0351131	4.79042e-05	1.3301e-05	5.89539e-05	
332	0.112633	0.0966465	0.0159745	1.20001e-05	0.49922	0.428364	0.0708034	5.31881e-05	2.18005e-05	9.66259e-05	
333	0.115866	0.0987316	0.0171346	0	0.513551	0.437605	0.0759455	0	0	0	
334	0.134994	0.0886811	0.0460662	0.000246753	0.598331	0.393059	0.204178	0.00109367	0.00034672	0.00153676	
335	0.0826644	0.0806825	0.00198182	2.91081e-08	0.366391	0.357607	0.00878401	1.29015e-07	6.62233e-08	2.9352e-07	
336	0.108142	0.0896893	0.0182727	0.000180497	0.479317	0.397527	0.0809899	0.000800016	0.000220254	0.000976226	
337	0.118002	0.112137	0.00586251	2.7605e-06	0.523019	0.497022	0.0259843	1.22353e-05	2.93496e-06	1.30085e-05	
338	0.120134	0.101965	0.0181419	2.72676e-05	0.53247	0.451939	0.0804102	0.000120857	3.33889e-05	0.000147989	
339	0.08429	0.0772554	0.00701833	1.63727e-05	0.373596	0.342417	0.0311072	7.25684e-05	1.64071e-05	7.27209e-05	
340	0.0999334	0.0838055	0.0160844	4.35241e-05	0.442932	0.371449	0.0712906	0.000192911	6.18539e-05	0.000274153	
341	0.108368	0.104622	0.00374648	2.69864e-07	0.48032	0.463714	0.0166054	1.19611e-06	3.08012e-07	1.36519e-06	
342	0.10623	0.0756085	0.0306182	3.37659e-06	0.470841	0.335117	0.135708	1.49659e-05	3.48765e-06	1.54582e-05	
343	0.138249	0.088496	0.0479025	0.00185114	0.61276	0.392238	0.212317	0.0082048	0.00247137	0.0109538	
344	0.0835515	0.0827304	0.000820818	3.1588e-07	0.370323	0.366684	0.00363809	1.40007e-06	3.06336e-07	1.35776e-06	
345	0.124566	0.0953756	0.0289548	0.000236226	0.552114	0.422731	0.128335	0.00104702	0.000326038	0.00144509	
346	0.14222	0.0985709	0.042824	0.000825845	0.630361	0.436893	0.189807	0.00366037	0.00122031	0.00540878	
347	0.094353	0.0757283	0.0183894	0.000235303	0.418198	0.335648	0.081507	0.00104293	0.000264081	0.00117048	
348	0.0988802	0.0839993	0.0148272	5.36529e-05	0.438264	0.372308	0.0657186	0.000237804	0.0001004	0.000445003	
349	0.080283	0.0724384	0.00779426	5.03832e-05	0.355836	0.321067	0.0345463	0.000223312	5.92553e-05	0.000262636	
350	0.139392	0.0763384	0.0624993	0.000555084	0.617827	0.338353	0.277014	0.00246028	0.000686379	0.00304222	
351	0.156887	0.0940059	0.0623302	0.000551542	0.695369	0.41666	0.276264	0.00244458	0.000760288	0.0033698	
352	0.134416	0.0820087	0.0521938	0.000213954	0.59577	0.363485	0.231337	0.000948305	0.00027564	0.00122171	
353	0.0864745	0.0782163	0.00824074	1.74396e-05	0.383278	0.346676	0.0365252	7.72973e-05	1.74276e-05	7.72442e-05	
354	0.0861129	0.0794371	0.00665973	1.60825e-05	0.381676	0.352087	0.0295177	7.12822e-05	1.70308e-05	7.54852e-05	
355	0.0856599	0.0837075	0.00195242	0	0.379668	0.371014	0.00865367	0	0	0	
356	0.118578	0.109163	0.00938583	2.86037e-05	0.525571	0.483844	0.0416005	0.000126779	3.01904e-05	0.000133812	
357	0.21238	0.108355	0.0988404	0.00518458	0.941327	0.480259	0.438088	0.0229794	0.0082458	0.0365476	
358	0.167176	0.0981341	0.0668978	0.0021447	0.740973	0.434957	0.296509	0.00950591	0.0050751	0.0224942	
359	0.103608	0.0784123	0.024594	0.000602179	0.459221	0.347545	0.109007	0.00266902	0.000655287	0.00290441	
360	0.103736	0.0968889	0.00684588	1.49009e-06	0.459787	0.429438	0.0303428	6.60449e-06	1.4728e-06	6.52785e-06	
361	0.0471203	0.0471203	0	0	0.20885	0.20885	0	0	0	0	
362	0.100406	0.0872981	0.0130673	4.1532e-05	0.445031	0.386929	0.057918	0.000184081	4.36972e-05	0.000193678	
363	0.0496722	0.049215	0.00045718	0	0.22016	0.218134	0.00202634	0	0	0	
364	0.126344	0.113694	0.0126422	7.81946e-06	0.559992	0.503923	0.0560341	3.4658e-05	9.75225e-06	4.32246e-05	
365	0.0823657	0.0794238	0.0029355	6.43357e-06	0.365067	0.352028	0.0130109	2.85153e-05	6.44786e-06	2.85786e-05	
366	0.108305	0.0916879	0.0164269	0.000191007	0.480041	0.406386	0.0728085	0.000846598	0.000210508	0.000933029	
367	0.125551	0.105259	0.020204	8.8128e-05	0.556479	0.466538	0.0895498	0.000390607	0.000107527	0.00047659	
368	0.0783456	0.0757425	0.00260139	1.78806e-06	0.347249	0.335711	0.01153	7.92521e-06	1.76626e-06	7.82855e-06	
369	0.085972	0.0802766	0.00566409	3.13872e-05	0.381051	0.355808	0.0251048	0.000139116	3.14043e-05	0.000139192	
370	0.113397	0.0916045	0.0216436	0.000149776	0.50261	0.406016	0.0959304	0.000663852	0.000239504	0.00106155	
371	0.118193	0.0792935	0.0388587	4.14936e-05	0.523867	0.35145	0.172232	0.000183911	4.50563e-05	0.000199702	
372	0.110155	0.0790153	0.0309814	0.000158909	0.48824	0.350217	0.137318	0.00070433	0.000158905	0.000704312	
373	0.0862819	0.0791707	0.00709127	1.99358e-05	0.382425	0.350906	0.0314304	8.83613e-05	2.15079e-05	9.53293e-05	
374	0.179739	0.103887	0.0719471	0.00390416	0.796653	0.460459	0.318889	0.0173043	0.0113882	0.0504759	
375	0.143385	0.127076	0.016233	7.57133e-05	0.635523	0.563238	0.0719493	0.000335582	7.57208e-05	0.000335615	
376	0.0992769	0.0988399	0.000436938	0	0.440022	0.438086	0.00193663	0	0	0	
377	0.110632	0.100023	0.0105629	4.60007e-05	0.490352	0.44333	0.046818	0.000203888	6.41618e-05	0.000284383	
378	0.122393	0.10364	0.018743	9.27759e-06	0.54248	0.459365	0.0830745	4.11208e-05	1.05157e-05	4.66086e-05	
379	0.102408	0.0766686	0.0256002	0.000139546	0.453902	0.339816	0.113467	0.000618508	0.000140994	0.000624926	
380	0.11637	0.0823566	0.0339186	9.54227e-05	0.515787	0.365027	0.150336	0.000422939	0.000107222	0.000475239	
381	0.10609	0.0797392	0.0261648	0.000186658	0.470223	0.353426	0.115969	0.000827322	0.00027839	0.0012339	
382	0.105009	0.103959	0.0010502	3.2046e-07	0.465432	0.460776	0.0046548	1.42036e-06	4.15003e-07	1.83941e-06	
383	0.0804007	0.0758585	0.00454217	0	0.356358	0.336226	0.0201321	0	0	0	
384	0.0918393	0.0903171	0.00152217	0	0.407057	0.40031	0.00674668	0	0	0	
385	0.121207	0.107237	0.0139684	2.1347e-06	0.537226	0.475305	0.061912	9.46161e-06	2.21022e-06	9.79632e-06	
386	0.0971729	0.0795436	0.0174453	0.000183925	0.430697	0.352559	0.0773227	0.000815209	0.000249958	0.00110788	
387	0.0930687	0.0841431	0.0088437	8.18735e-05	0.412506	0.372945	0.0391977	0.000362885	8.64167e-05	0.000383022	
388	0.0808102	0.0769021	0.00390254	5.59828e-06	0.358173	0.340851	0.0172971	2.48131e-05	5.57635e-06	2.47159e-05	
389	0.128135	0.111067	0.0170496	1.85875e-05	0.567933	0.492282	0.0755686	8.2385e-05	1.96911e-05	8.72765e-05	
390	0.0813541	0.0742912	0.00704666	1.61869e-05	0.360583	0.329279	0.0312327	7.17448e-05	2.83909e-05	0.000125836	
391	0.0959435	0.091178	0.00476479	7.58861e-07	0.425248	0.404126	0.0211189	3.36348e-06	3.31686e-06	1.47012e-05	
392	0.100804	0.0497974	0.0504104	0.000596689	0.446793	0.220715	0.223433	0.00264469	0.000661445	0.0029317	
393	0.0844344	0.0808308	0.00360352	0	0.374236	0.358264	0.0159718	0	0	0	
394	0.0961302	0.0925521	0.00357811	0	0.426075	0.410216	0.0158591	0	0	0	
395	0.150864	0.138175	0.0126763	1.32445e-05	0.668674	0.61243	0.0561852	5.87034e-05	1.37678e-05	6.10227e-05	
396	0.109495	0.0591038	0.0503919	0	0.485315	0.261964	0.223351	0	0	0	
397	0.129699	0.101252	0.027998	0.000449023	0.574864	0.448779	0.124095	0.00199019	0.00106377	0.00471494	
398	0.0929616	0.0911075	0.00185244	1.65079e-06	0.412031	0.403813	0.00821053	7.31677e-06	1.64226e-06	7.27897e-06	
399	0.0797783	0.0784767	0.001301	5.70545e-07	0.353599	0.34783	0.00576639	2.52881e-06	7.32448e-07	3.24641e-06	
400	0.145085	0.128982	0.0161031	0	0.643058	0.571684	0.0713738	0	0	0	
401	0.102549	0.100574	0.00197577	0	0.454529	0.445771	0.00875717	0	0	0	
402	0.10688	0.0833556	0.0235246	0	0.473722	0.369455	0.104267	0	0	0	
403	0.108798	0.0887698	0.0200232	5.6616e-06	0.482225	0.393452	0.0887484	2.50937e-05	6.01049e-06	2.66401e-05	
404	0.109101	0.0987271	0.0103741	0	0.483567	0.437586	0.0459811	0	0	0	
405	0.107202	0.107149	5.25124e-05	0	0.475149	0.474916	0.000232749	0	0	0	
406	0.182925	0.176837	0.00608306	5.09367e-06	0.810777	0.783793	0.0269618	2.25765e-05	5.07607e-06	2.24985e-05	
407	0.118653	0.0854626	0.0329002	0.000290711	0.525905	0.378793	0.145822	0.00128851	0.00080343	0.00356102	
408	0.129455	0.12763	0.00182479	0	0.573781	0.565693	0.00808797	0	0	0	
409	0.0945255	0.0919731	0.00255239	0	0.418963	0.40765	0.0113129	0	0	0	
410	0.115539	0.0879302	0.0271471	0.000462614	0.512104	0.389731	0.120323	0.00205043	0.000476607	0.00211245	
411	0.141893	0.117507	0.0243855	6.94232e-07	0.628911	0.520825	0.108083	3.07703e-06	8.66374e-07	3.84001e-06	
412	0.155051	0.122414	0.0325016	0.000135583	0.687232	0.542575	0.144056	0.000600941	0.000204883	0.000908099	
413	0.0948997	0.0917574	0.00313989	2.39837e-06	0.420621	0.406694	0.0139168	1.06302e-05	3.81429e-06	1.6906e-05	
414	0.14821	0.112824	0.035094	0.000292495	0.656911	0.500068	0.155546	0.00129642	0.000322519	0.00142949	
415	0.096936	0.0921846	0.00475141	0	0.429647	0.408587	0.0210595	0	0	0	
416	0.122638	0.106371	0.0162446	2.28356e-05	0.543568	0.471466	0.0720007	0.000101213	2.28128e-05	0.000101112	
417	0.106396	0.0960072	0.0103879	9.44346e-07	0.471577	0.42553	0.0460421	4.1856e-06	9.22668e-07	4.08952e-06	
418	0.0801803	0.077123	0.00305723	0	0.355381	0.34183	0.0135505	0	0	0	
419	0.138936	0.102398	0.036537	1.47762e-06	0.615805	0.453856	0.161942	6.54925e-06	3.24743e-06	1.43935e-05	
420	0.0839752	0.0839752	0	0	0.372201	0.372201	0	0	0	0	
421	0.0879523	0.0863799	0.00157189	4.65939e-07	0.389828	0.382859	0.00696705	2.06517e-06	1.8157e-06	8.0477e-06	
422	0.0975123	0.0812582	0.0162265	2.75174e-05	0.432201	0.360158	0.0719207	0.000121964	2.74947e-05	0.000121864	
423	0.0631676	0.0561702	0.00699741	0	0.279976	0.248962	0.0310144	0	0	0	
424	0.111034	0.110923	0.00011069	0	0.492134	0.491644	0.000490608	0	0	0	
425	0.080944	0.0697982	0.0110897	5.61178e-05	0.358766	0.309365	0.0491526	0.000248729	5.61077e-05	0.000248684	
426	0.112181	0.10942	0.00275831	2.09358e-06	0.497218	0.484983	0.0122256	9.27936e-06	2.35134e-06	1.04218e-05	
427	0.0918845	0.0907937	0.00109009	7.63384e-07	0.407257	0.402422	0.00483158	3.38353e-06	8.64166e-07	3.83022e-06	
428	0.0946115	0.0943814	0.000230064	6.45908e-08	0.419344	0.418324	0.0010197	2.86284e-07	4.27722e-08	1.89578e-07	
429	0.122979	0.0885366	0.0344397	2.80251e-06	0.545077	0.392418	0.152646	1.24215e-05	6.80407e-06	3.01575e-05	
430	0.22757	0.213131	0.0144387	4.76269e-07	1.00865	0.944658	0.0639963	2.11095e-06	4.54822e-07	2.01589e-06	
431	0.170352	0.166931	0.0034197	1.22988e-06	0.755048	0.739886	0.015157	5.45118e-06	1.20807e-06	5.3545e-06	
432	0.124537	0.112581	0.011952	3.76913e-06	0.551984	0.498992	0.0529747	1.67058e-05	3.81506e-06	1.69094e-05	
433	0.110892	0.0989276	0.0118283	0.000136097	0.491504	0.438474	0.0524267	0.000603222	0.000137517	0.000609513	
434	0.0856022	0.0808792	0.00471125	1.18556e-05	0.379413	0.358478	0.0208815	5.25474e-05	1.358e-05	6.01903e-05	
435	0.211583	0.152655	0.0586634	0.000264522	0.937796	0.676611	0.260012	0.00117243	0.000484576	0.00214777	
436	0.118739	0.0864749	0.0320522	0.000212571	0.526287	0.38328	0.142064	0.000942174	0.000293685	0.00130169	
437	0.144325	0.0865244	0.0564558	0.00134523	0.63969	0.3835	0.250227	0.00596243	0.00246565	0.0109284	
438	0.183691	0.130946	0.0521738	0.000570706	0.814171	0.580392	0.231248	0.00252952	0.000632868	0.00280504	
439	0.135165	0.127606	0.00753574	2.30376e-05	0.59909	0.565588	0.0334004	0.000102109	2.75295e-05	0.000122018	
440	0.0836074	0.0804898	0.00311194	5.68507e-06	0.370571	0.356753	0.0137929	2.51978e-05	7.10307e-06	3.14827e-05	
441	0.0682776	0.0679242	0.000353454	0	0.302625	0.301058	0.0015666	0	0	0	
442	0.145163	0.0953349	0.0471261	0.00270212	0.643403	0.42255	0.208875	0.0119765	0.00302117	0.0133906	
443	0.158117	0.138543	0.019524	5.02597e-05	0.700821	0.614062	0.0865359	0.000222764	9.3991e-05	0.000416594	
444	0.12629	0.108419	0.0178488	2.14063e-05	0.559752	0.480546	0.0791112	9.48789e-05	3.92151e-05	0.000173812	
445	0.113922	0.0885965	0.0252032	0.000122449	0.504934	0.392684	0.111707	0.000542729	0.000204578	0.000906747	
446	0.155927	0.0911007	0.0646037	0.000222726	0.691112	0.403783	0.286341	0.000987183	0.000392201	0.00173834	
447	0.146454	0.122506	0.023948	0	0.649128	0.542984	0.106144	0	0	0	
448	0.0443255	0.037717	0.00660581	2.63529e-06	0.196462	0.167172	0.0292788	1.16803e-05	3.51917e-06	1.55979e-05	
449	0.318284	0.154871	0.162967	0.000446204	1.41072	0.686431	0.722317	0.0019777	0.000690212	0.00305921	
450	0.0838109	0.0797737	0.00403718	0	0.371473	0.353579	0.0178939	0	0	0	
451	0.130748	0.120745	0.00999756	6.12174e-06	0.579515	0.535176	0.0443119	2.71332e-05	8.26478e-06	3.66318e-05	
452	0.185868	0.100484	0.0816766	0.00370732	0.823822	0.445377	0.362013	0.0164318	0.00519519	0.0230265	
453	0.107347	0.0959879	0.0113506	8.70719e-06	0.475792	0.425444	0.050309	3.85926e-05	1.28163e-05	5.68055e-05	
454	0.121383	0.0895513	0.0318319	0	0.538004	0.396916	0.141087	0	0	0	
455	0.160988	0.105523	0.0547496	0.000715126	0.713546	0.46771	0.242665	0.00316963	0.00135114	0.00598864	
456	0.148893	0.112374	0.036262	0.000256154	0.659935	0.498076	0.160723	0.00113534	0.000440292	0.00195149	
457	0.12263	0.10099	0.0216395	0	0.543532	0.447619	0.0959126	0	0	0	
458	0.100289	0.0792721	0.0210169	0	0.444508	0.351356	0.0931528	0	0	0	
459	0.099177	0.0892954	0.00988161	0	0.43958	0.395781	0.043798	0	0	0	
460	0.154339	0.0857347	0.0685917	1.26199e-05	0.684073	0.38	0.304017	5.59349e-05	2.62157e-05	0.000116195	
461	0.168205	0.0859077	0.0815819	0.000716037	0.745534	0.380766	0.361593	0.00317367	0.000743504	0.00329541	
462	0.117341	0.100438	0.0168693	3.35249e-05	0.52009	0.445172	0.0747695	0.000148591	4.98999e-05	0.00022117	
463	0.124026	0.120026	0.00399971	0	0.54972	0.531992	0.0177278	0	0	0	
464	0.0768344	0.0692956	0.00753873	5.75518e-08	0.340551	0.307137	0.0334137	2.55085e-07	1.79463e-07	7.95433e-07	
465	0.0846041	0.0830495	0.00155463	0	0.374989	0.368098	0.00689057	0	0	0	
466	0.182567	0.110426	0.0719754	0.000165523	0.80919	0.489441	0.319015	0.000733647	0.000271194	0.001202	
467	0.0994201	0.0801339	0.0191156	0.000170585	0.440657	0.355175	0.0847257	0.000756081	0.00019916	0.000882734	
468	0.105278	0.102002	0.00327636	0	0.466622	0.452101	0.0145217	0	0	0	
469	0.0771339	0.0771339	0	0	0.341879	0.341879	0	0	0	0	
470	0.100671	0.0953512	0.00531332	6.82615e-06	0.446203	0.422623	0.0235501	3.02553e-05	1.31968e-05	5.84922e-05	
471	0.11725	0.0793883	0.0378616	0	0.519684	0.351871	0.167813	0	0	0	
472	0.13579	0.0895853	0.0429334	0.00327143	0.601859	0.397067	0.190292	0.0144999	0.00392527	0.0173978	
473	0.15974	0.0996471	0.0583007	0.00179256	0.708013	0.441663	0.258404	0.00794513	0.00246673	0.0109332	
474	0.102372	0.0773043	0.0250676	0	0.453741	0.342634	0.111106	0	0	0	
475	0.128639	0.113782	0.0148487	8.39963e-06	0.570166	0.504315	0.0658136	3.72294e-05	1.5816e-05	7.01012e-05	
476	0.15666	0.113218	0.0434415	0	0.694362	0.501817	0.192544	0	0	0	
477	0.124293	0.0974519	0.0268316	9.68124e-06	0.550902	0.431933	0.118925	4.29099e-05	1.89465e-05	8.39761e-05	
478	0.0909287	0.0792589	0.0116697	0	0.403021	0.351297	0.0517236	0	0	0	
479	0.10196	0.098141	0.00381879	6.35683e-07	0.451917	0.434988	0.0169259	2.81752e-06	8.39725e-07	3.72189e-06	
480	0.129734	0.0980374	0.0316498	4.75644e-05	0.57502	0.434529	0.14028	0.000210818	6.52182e-05	0.000289065	
481	0.0920989	0.0762384	0.0158354	2.51134e-05	0.408208	0.337909	0.0701869	0.000111309	0.00012085	0.00053564	
482	0.135749	0.106257	0.0294511	4.0882e-05	0.601678	0.470961	0.130535	0.0001812	5.02216e-05	0.000222596	
483	0.110891	0.0928871	0.0180044	0	0.491501	0.411701	0.0798005	0	0	0	
484	0.165491	0.11718	0.0479939	0.000316728	0.733502	0.519376	0.212722	0.00140382	0.000583436	0.00258595	
485	0.118999	0.0952747	0.0236426	8.1597e-05	0.527436	0.422283	0.10479	0.00036166	0.000115242	0.000510784	
486	0.0808181	0.0802646	0.000553471	0	0.358208	0.355754	0.00245313	0	0	0	
487	0.102448	0.100125	0.00232356	0	0.454081	0.443782	0.0102986	0	0	0	
488	0.135407	0.0958104	0.0395658	3.16004e-05	0.600164	0.424658	0.175366	0.000140062	4.98337e-05	0.000220877	
489	0.144087	0.0984764	0.0456044	6.35501e-06	0.638634	0.436474	0.202131	2.81671e-05	1.57508e-05	6.98122e-05	
490	0.0935669	0.0910451	0.00252181	0	0.414714	0.403537	0.0111773	0	0	0	
491	0.0924259	0.0785159	0.0139099	0	0.409657	0.348004	0.0616528	0	0	0	
492	0.147008	0.0973064	0.0487063	0.000995627	0.651582	0.431289	0.21588	0.00441289	0.00129037	0.00571928	
493	0.177491	0.112031	0.0650832	0.000376488	0.786689	0.496553	0.288467	0.0016687	0.000508254	0.00225272	
494	0.190206	0.117446	0.072631	0.000128971	0.843048	0.520556	0.321921	0.000571636	0.000428731	0.00190025	
495	0.0889226	0.0841641	0.00475844	0	0.394129	0.373038	0.0210907	0	0	0	
496	0.100323	0.0899762	0.0101808	0.000166272	0.44466	0.398799	0.0451242	0.000736964	0.000167659	0.000743112	
497	0.127546	0.0777846	0.049637	0.000124843	0.565321	0.344762	0.220005	0.000553339	0.000273046	0.00121021	
498	0.176876	0.133902	0.0428477	0.000126461	0.783964	0.59349	0.189912	0.000560511	0.000135759	0.000601723	
499	0.158452	0.1584	5.19634e-05	2.1932e-08	0.702307	0.702076	0.000230316	9.72087e-08	1.21144e-10	5.36947e-10	
500	0.144315	0.0809645	0.0630881	0.000263295	0.639647	0.358857	0.279623	0.00116699	0.000415384	0.00184109	
501	0.161482	0.108717	0.0518407	0.0009239	0.715734	0.481866	0.229772	0.00409498	0.00104435	0.00462884	
502	0.0924184	0.0911683	0.00125008	9.13803e-08	0.409624	0.404083	0.00554074	4.05023e-07	1.15442e-07	5.11674e-07	
503	0.110391	0.10326	0.0070765	5.46484e-05	0.489285	0.457678	0.031365	0.000242217	5.46265e-05	0.00024212	
504	0.122018	0.119638	0.0023757	4.69713e-06	0.540821	0.53027	0.0105297	2.0819e-05	4.78673e-06	2.12161e-05	
505	0.071275	0.068832	0.00243929	3.72505e-06	0.31591	0.305082	0.0108116	1.65104e-05	4.43947e-06	1.96769e-05	
506	0.138458	0.098033	0.0391096	0.00131557	0.613685	0.434509	0.173344	0.00583097	0.00160122	0.00709705	
507	0.186629	0.158357	0.0281647	0.00010734	0.827192	0.701883	0.124833	0.000475764	0.000137259	0.000608373	
508	0.0917931	0.0882366	0.00355652	0	0.406852	0.391088	0.0157634	0	0	0	
509	0.095515	0.0873817	0.00813328	2.6e-08	0.423349	0.3873	0.0360489	1.15239e-07	7.22656e-08	3.20301e-07	
510	0.136817	0.105541	0.0308617	0.000414539	0.606414	0.467789	0.136787	0.00183735	0.000463498	0.00205435	
511	0.0768319	0.0753167	0.00151517	0	0.34054	0.333824	0.00671569	0	0	0	
512	0.162056	0.088528	0.07351	1.87472e-05	0.71828	0.39238	0.325816	8.30928e-05	3.56226e-05	0.000157889	
513	0.117774	0.0913398	0.0263826	5.17313e-05	0.522007	0.404843	0.116935	0.000229287	8.52792e-05	0.000377981	
514	0.242966	0.128732	0.112115	0.00211831	1.07689	0.570579	0.496925	0.00938895	0.00334766	0.0148377	
515	0.068879	0.0567163	0.0121259	3.68067e-05	0.30529	0.251382	0.0537456	0.000163137	5.6285e-05	0.00024947	
516	0.104071	0.0886888	0.0153296	5.31555e-05	0.461274	0.393093	0.0679453	0.0002356	0.000116348	0.000515686	
517	0.084988	0.0818973	0.0030903	4.46883e-07	0.37669	0.362991	0.013697	1.98071e-06	1.0303e-06	4.56661e-06	
518	0.178886	0.156157	0.0227291	0	0.792875	0.692133	0.100742	0	0	0	
519	0.0742138	0.0421933	0.0319806	3.98371e-05	0.328936	0.187012	0.141747	0.000176569	9.0411e-05	0.000400726	
520	0.152068	0.122611	0.0291932	0.000263182	0.674007	0.543448	0.129392	0.00116649	0.000356354	0.00157945	
521	0.241321	0.110096	0.13016	0.00106546	1.0696	0.487975	0.576907	0.00472241	0.00185022	0.00820068	
522	0.175635	0.0785105	0.096779	0.000346158	0.778466	0.34798	0.428951	0.00153426	0.000470258	0.00208431	
523	0.0895896	0.0763703	0.0132192	0	0.397085	0.338494	0.0585915	0	0	0	
524	0.149483	0.106213	0.0426774	0.000592797	0.662554	0.470768	0.189158	0.00262744	0.000672192	0.00297934	
525	0.151764	0.0999967	0.051342	0.000425254	0.67266	0.443213	0.227562	0.00188484	0.0012487	0.00553461	
526	0.120005	0.101704	0.0181709	0.000129839	0.531897	0.450783	0.0805384	0.000575485	0.000139299	0.000617414	
527	0.109608	0.0781412	0.0314218	4.55346e-05	0.485815	0.346343	0.13927	0.000201822	4.89533e-05	0.000216974	
528	0.0894422	0.0806139	0.00882821	1.21687e-07	0.396432	0.357303	0.0391291	5.39352e-07	1.89271e-07	8.38902e-07	
529	0.122983	0.081282	0.0415794	0.000121564	0.545094	0.360264	0.184291	0.000538808	0.000186561	0.000826892	
530	0.0956546	0.0810483	0.0145239	8.23713e-05	0.423967	0.359228	0.0643742	0.000365092	0.000124829	0.000553278	
531	0.158839	0.105306	0.0530807	0.00045237	0.704022	0.466748	0.235268	0.00200503	0.000639073	0.00283255	
532	0.121067	0.0840023	0.0369037	0.000161113	0.536603	0.372321	0.163567	0.000714098	0.000255231	0.00113125	
533	0.182946	0.118291	0.063674	0.000980952	0.810869	0.5243	0.28222	0.00434785	0.00152443	0.00675671	
534	0.119183	0.113775	0.00540513	3.15966e-06	0.528254	0.504283	0.023957	1.40044e-05	3.13773e-06	1.39073e-05	
535	0.0925739	0.0779381	0.0142696	0.000366204	0.410313	0.345443	0.0632471	0.00162311	0.000380616	0.00168699	
536	0.0724527	0.0661067	0.00633563	1.03738e-05	0.32113	0.293003	0.0280812	4.59798e-05	1.17334e-05	5.2006e-05	
537	0.117972	0.0770752	0.040825	7.23286e-05	0.522886	0.341618	0.180947	0.00032058	0.000131971	0.000584935	
538	0.130074	0.0807428	0.0485178	0.000813562	0.576525	0.357874	0.215044	0.00360593	0.000874593	0.00387644	
539	0.134852	0.0835091	0.0510724	0.000271027	0.597703	0.370135	0.226367	0.00120126	0.000472006	0.00209206	
540	0.0909634	0.0802714	0.0106223	6.96561e-05	0.403175	0.355785	0.0470812	0.000308735	0.000105	0.00046539	
541	0.0913204	0.0825427	0.00876666	1.10802e-05	0.404757	0.365852	0.0388562	4.91107e-05	2.98956e-05	0.000132505	
542	0.23128	0.150621	0.0803909	0.000268045	1.0251	0.667597	0.356314	0.00118805	0.000375156	0.00166279	
543	0.132797	0.0897879	0.0428838	0.000125298	0.588593	0.397965	0.190073	0.000555358	0.000198048	0.000877806	
544	0.167274	0.127251	0.0400211	1.8301e-06	0.741406	0.564013	0.177384	8.11152e-06	2.16727e-06	9.60594e-06	
545	0.156606	0.0755193	0.0810357	5.18917e-05	0.694125	0.334722	0.359172	0.000229998	9.03736e-05	0.000400561	
546	0.130876	0.11708	0.0137618	3.43682e-05	0.580082	0.518933	0.0609961	0.000152329	6.37523e-05	0.000282568	
547	0.0810208	0.0758223	0.00519855	0	0.359106	0.336065	0.0230414	0	0	0	
548	0.114515	0.11128	0.00323464	7.01993e-08	0.507564	0.493227	0.0143368	3.11142e-07	3.45091e-07	1.52954e-06	
549	0.138245	0.0853797	0.0526146	0.000251027	0.612742	0.378426	0.233202	0.00111262	0.0003407	0.00151007	
550	0.171627	0.120268	0.0510118	0.000347049	0.7607	0.533063	0.226098	0.00153821	0.000447471	0.00198331	
551	0.0972044	0.09699	0.000214408	0	0.430836	0.429886	0.000950318	0	0	0	
552	0.0856772	0.0729207	0.0126529	0.000103508	0.379745	0.323204	0.0560814	0.000458778	0.000118951	0.000527225	
553	0.188569	0.183805	0.00476154	3.09318e-06	0.835793	0.814674	0.0211044	1.37098e-05	4.19356e-06	1.8587e-05	
554	0.138849	0.102888	0.0345603	0.00140044	0.615417	0.456029	0.15318	0.00620715	0.00144894	0.00642213	
555	0.102099	0.0754759	0.0265518	7.20596e-05	0.452534	0.33453	0.117685	0.000319388	7.49828e-05	0.000332344	
556	0.1604	0.150242	0.0101316	2.69682e-05	0.71094	0.665915	0.0449061	0.00011953	2.69457e-05	0.00011943	
557	0.0911296	0.0793022	0.011808	1.93289e-05	0.403911	0.351489	0.0523364	8.56712e-05	3.55327e-05	0.000157491	
558	0.101354	0.0978587	0.00349213	3.55707e-06	0.44923	0.433737	0.015478	1.57659e-05	3.53534e-06	1.56696e-05	
559	0.0990338	0.0794069	0.0192312	0.00039577	0.438945	0.351953	0.085238	0.00175416	0.000530297	0.00235042	
560	0.0973242	0.0851912	0.0121301	2.87066e-06	0.431367	0.37759	0.0537642	1.27235e-05	3.35019e-06	1.48489e-05	
561	0.110349	0.0934954	0.0167816	7.28238e-05	0.4891	0.414397	0.0743807	0.000322775	9.13789e-05	0.000405016	
562	0.061843	0.0500601	0.0117828	0	0.274105	0.22188	0.0522249	0	0	0	
563	0.0908599	0.079165	0.0116207	7.42107e-05	0.402716	0.350881	0.0515062	0.000328922	0.000101043	0.000447851	
564	0.110335	0.0818236	0.0283766	0.000135432	0.489038	0.362665	0.125773	0.000600274	0.000222637	0.00098679	
565	0.0965664	0.0853497	0.011166	5.07144e-05	0.428009	0.378293	0.0494908	0.00022478	6.19044e-05	0.000274377	
566	0.115727	0.104211	0.0114868	2.88901e-05	0.512937	0.461896	0.0509131	0.000128049	3.04423e-05	0.000134928	
567	0.194488	0.161561	0.0324878	0.000438579	0.862024	0.716085	0.143995	0.0019439	0.000443706	0.00196662	
568	0.174398	0.115773	0.0586256	0	0.772983	0.513138	0.259844	0	0	0	
569	0.0762073	0.0762073	0	0	0.337771	0.337771	0	0	0	0	
570	0.136538	0.120296	0.0161976	4.43093e-05	0.605175	0.533186	0.0717923	0.000196391	5.23104e-05	0.000231854	
571	0.105789	0.0919239	0.0138626	2.54759e-06	0.468886	0.407432	0.0614431	1.12916e-05	1.68128e-05	7.45193e-05	
572	0.119487	0.09804	0.0211816	0.000265264	0.529599	0.43454	0.093883	0.00117572	0.000315406	0.00139796	
573	0.0957016	0.0847488	0.0109527	1.45367e-07	0.424176	0.37563	0.0485455	6.4431e-07	1.25428e-06	5.55933e-06	
574	0.135159	0.0802197	0.0543716	0.000568436	0.599065	0.355555	0.24099	0.00251946	0.000981701	0.00435117	
575	0.131267	0.0846886	0.046135	0.000443967	0.581814	0.375363	0.204483	0.00196778	0.000790092	0.0035019	
576	0.0613434	0.0547343	0.00660911	0	0.271891	0.242597	0.0292933	0	0	0	
577	0.130276	0.113672	0.0166043	9.17321e-08	0.577423	0.503827	0.073595	4.06582e-07	6.19486e-07	2.74573e-06	
578	0.101507	0.0894294	0.0120778	4.19753e-07	0.449909	0.396375	0.0535322	1.86046e-06	4.55863e-07	2.02051e-06	
579	0.0925721	0.0877003	0.00487013	1.64693e-06	0.410305	0.388712	0.0215857	7.29966e-06	5.39792e-06	2.39251e-05	
580	0.0863561	0.0670806	0.0192146	6.09146e-05	0.382754	0.29732	0.0851644	0.00026999	0.000104678	0.000463963	
581	0.0853397	0.075577	0.00976267	0	0.378249	0.334978	0.0432708	0	0	0	
582	0.0931965	0.0848816	0.00828052	3.43901e-05	0.413072	0.376219	0.0367015	0.000152426	3.73108e-05	0.000165371	
583	0.128567	0.0933524	0.0346481	0.000566576	0.569845	0.413763	0.15357	0.00251122	0.00128139	0.00567947	
584	0.262048	0.128767	0.132106	0.00117416	1.16147	0.570732	0.585534	0.00520422	0.0012817	0.00568086	
585	0.130456	0.0753748	0.0550477	3.35444e-05	0.578217	0.334082	0.243986	0.000148678	3.93299e-05	0.000174321	
586	0.153607	0.0848797	0.068297	0.00043114	0.680832	0.37621	0.302711	0.00191093	0.0021964	0.00973506	
587	0.103969	0.0895286	0.0143874	5.30204e-05	0.460819	0.396815	0.0637692	0.000235001	5.68139e-05	0.000251814	
588	0.0682874	0.0680608	0.000226614	0	0.302668	0.301664	0.00100441	0	0	0	
589	0.160067	0.109962	0.0494898	0.000615123	0.709462	0.487383	0.219352	0.00272639	0.000847222	0.00375512	
590	0.137912	0.108097	0.0297493	6.53945e-05	0.611266	0.479118	0.131857	0.000289846	0.00014029	0.000621807	
591	0.13129	0.0965841	0.0346459	6.05585e-05	0.581916	0.428087	0.15356	0.000268412	9.3646e-05	0.000415065	
592	0.11674	0.0863757	0.0302951	6.96638e-05	0.517426	0.382841	0.134276	0.000308769	0.000113777	0.000504292	
593	0.10511	0.0946363	0.0104379	3.65666e-05	0.46588	0.419454	0.0462637	0.000162073	5.43407e-05	0.000240853	
594	0.0892177	0.0810646	0.00813685	1.62855e-05	0.395437	0.3593	0.0360647	7.21819e-05	3.12803e-05	0.000138643	
595	0.106056	0.0944813	0.0114989	7.60738e-05	0.47007	0.418767	0.0509663	0.00033718	8.9156e-05	0.000395164	
596	0.10626	0.0908735	0.0153578	2.90373e-05	0.470975	0.402776	0.0680703	0.000128701	4.94653e-05	0.000219244	
597	0.146932	0.14192	0.00500151	9.97164e-06	0.651243	0.629031	0.0221681	4.4197e-05	1.08735e-05	4.81945e-05	
598	0.110044	0.108953	0.00109043	1.93189e-07	0.487746	0.482912	0.00483309	8.56268e-07	1.71403e-07	7.59705e-07	
599	0.102835	0.0940348	0.00880065	0	0.455795	0.416788	0.0390069	0	0	0	
600	0.109782	0.108682	0.00109962	0	0.486584	0.48171	0.00487382	0	0	0	
601	0.367952	0.149055	0.211569	0.00732765	1.63086	0.660653	0.937736	0.0324781	0.00732795	0.0324795	
602	0.106475	0.103266	0.00320575	3.4752e-06	0.471927	0.457703	0.0142088	1.5403e-05	5.04951e-06	2.23808e-05	
603	0.142612	0.0523091	0.090303	0	0.632096	0.231848	0.400247	0	0	0	
604	0.0864907	0.0814918	0.00499777	1.19932e-06	0.383351	0.361194	0.0221514	5.31571e-06	1.29622e-06	5.74524e-06	
605	0.140065	0.0498801	0.0901853	0	0.620808	0.221082	0.399726	0	0	0	
606	0.155894	0.0944117	0.0601087	0.00137445	0.690969	0.418458	0.266418	0.00609194	0.00229873	0.0101886	
607	0.0898017	0.078697	0.0110833	2.13608e-05	0.398026	0.348807	0.0491244	9.46773e-05	2.23242e-05	9.89471e-05	
608	0.0885641	0.0793176	0.00923545	1.11032e-05	0.39254	0.351557	0.040934	4.92124e-05	1.20274e-05	5.3309e-05	
609	0.0917503	0.0876773	0.00406438	8.5814e-06	0.406662	0.38861	0.0180144	3.80351e-05	9.20994e-06	4.0821e-05	
610	0.0983967	0.0805426	0.0175318	0.00032231	0.436121	0.356987	0.0777058	0.00142856	0.000352968	0.00156445	
611	0.0604317	0.058089	0.00234269	0	0.26785	0.257466	0.0103834	0	0	0	
612	0.0957786	0.091194	0.00458462	0	0.424517	0.404197	0.0203203	0	0	0	
613	0.0890122	0.0771197	0.0118569	3.55786e-05	0.394527	0.341816	0.0525533	0.000157694	4.16406e-05	0.000184562	
614	0.0918144	0.0841444	0.00762304	4.70093e-05	0.406947	0.372951	0.0337874	0.000208358	5.73522e-05	0.0002542	
615	0.0926104	0.0872831	0.00531734	9.98254e-06	0.410475	0.386862	0.0235679	4.42453e-05	2.21763e-05	9.82916e-05	
616	0.105473	0.0894933	0.0155812	0.000399263	0.467489	0.396659	0.0690605	0.00176964	0.000411258	0.00182281	
617	0.129682	0.0922046	0.0373159	0.000162293	0.574789	0.408676	0.165394	0.000719328	0.000198265	0.000878766	
618	0.0588305	0.0562385	0.00259205	0	0.260753	0.249264	0.0114886	0	0	0	
619	0.136702	0.0994172	0.0370931	0.000191849	0.605901	0.440644	0.164406	0.000850329	0.000224245	0.000993916	
620	0.111661	0.088196	0.0234649	0	0.494912	0.390909	0.104003	0	0	0	
621	0.311617	0.187142	0.121407	0.00306705	1.38117	0.829469	0.538111	0.013594	0.00334021	0.0148047	
622	0.0409983	0.0306466	0.0103065	4.52006e-05	0.181716	0.135834	0.0456815	0.000200341	6.00099e-05	0.00026598	
623	0.0780369	0.0722238	0.00574615	6.69304e-05	0.345881	0.320116	0.0254685	0.000296654	7.01664e-05	0.000310996	
624	0.112439	0.0831279	0.0291736	0.000137985	0.498363	0.368446	0.129305	0.00061159	0.000180161	0.000798524	
625	0.073419	0.0552634	0.0181556	0	0.325413	0.244942	0.0804709	0	0	0	
626	0.0669602	0.0641546	0.00280551	0	0.296786	0.284351	0.0124348	0	0	0	
627	0.0876866	0.0795148	0.00817178	0	0.388651	0.352431	0.0362195	0	0	0	
628	0.0604214	0.0604171	4.29871e-06	0	0.267804	0.267785	1.90531e-05	0	0	0	
629	0.215851	0.138319	0.0770502	0.000481841	0.956712	0.613069	0.341507	0.00213565	0.000691694	0.00306577	
630	0.16972	0.146323	0.0232965	0.000100956	0.75225	0.648545	0.103256	0.000447467	0.00013925	0.000617195	
631	0.113155	0.0963312	0.0167832	4.11436e-05	0.501537	0.426966	0.0743879	0.00018236	4.19243e-05	0.00018582	
632	0.0444973	0.0434775	0.00101978	0	0.197224	0.192704	0.00451995	0	0	0	
633	0.0655702	0.0453905	0.0201591	2.0583e-05	0.290625	0.201183	0.0893511	9.12295e-05	6.45188e-05	0.000285965	
634	0.0438959	0.0421865	0.00170934	1.08631e-07	0.194558	0.186982	0.00757626	4.81485e-07	8.6819e-08	3.84806e-07	
635	0.0754556	0.0658945	0.00948932	7.17478e-05	0.33444	0.292062	0.0420593	0.000318006	8.90596e-05	0.000394736	
636	0.0752509	0.0653403	0.00991063	5.27893e-08	0.333533	0.289606	0.0439266	2.33977e-07	6.90868e-08	3.06211e-07	
637	0.0763476	0.074021	0.00232143	5.19772e-06	0.338393	0.328081	0.0102892	2.30377e-05	5.69528e-06	2.5243e-05	
638	0.138541	0.0819713	0.0564984	7.13359e-05	0.614052	0.363319	0.250416	0.00031618	8.23218e-05	0.000364873	
639	0.130054	0.0765343	0.0534696	5.01546e-05	0.576435	0.339221	0.236992	0.000222299	8.04248e-05	0.000356464	
640	0.09181	0.080918	0.0108755	1.64604e-05	0.406927	0.358651	0.0482034	7.29572e-05	2.27219e-05	0.00010071	
641	0.0766757	0.0754322	0.00124344	0	0.339847	0.334336	0.0055113	0	0	0	
642	0.0645768	0.0634092	0.00116766	0	0.286222	0.281047	0.00517539	0	0	0	
643	0.181441	0.142686	0.0380059	0.000748184	0.804196	0.632427	0.168453	0.00331616	0.00115661	0.00512645	
644	0.0966171	0.0828409	0.0137761	0	0.428233	0.367173	0.0610599	0	0	0	
645	0.0841084	0.0808249	0.00327876	4.71356e-06	0.372791	0.358238	0.0145324	2.08918e-05	5.75683e-06	2.55158e-05	
646	0.128727	0.0753933	0.053334	0	0.570555	0.334163	0.236391	0	0	0	
647	0.189363	0.1245	0.062069	0.00279378	0.83931	0.55182	0.275107	0.0123828	0.00412879	0.0182999	
648	0.146777	0.117916	0.028833	2.85996e-05	0.650559	0.522637	0.127796	0.000126761	3.73818e-05	0.000165686	
649	0.0647201	0.0646828	3.73188e-05	0	0.286857	0.286692	0.000165407	0	0	0	
650	0.0733949	0.0733735	2.1375e-05	0	0.325306	0.325211	9.474e-05	0	0	0	
651	0.102805	0.102044	0.000760823	0	0.45566	0.452288	0.00337217	0	0	0	
652	0.114039	0.0829101	0.0306764	0.00045281	0.505454	0.36748	0.135966	0.00200698	0.000642032	0.00284566	
653	0.108376	0.0881314	0.0202402	4.38545e-06	0.480352	0.390623	0.0897105	1.94375e-05	5.872e-06	2.60263e-05	
654	0.123471	0.0887322	0.0346622	7.68015e-05	0.547258	0.393285	0.153632	0.000340405	0.000171336	0.000759409	
655	0.132645	0.0815028	0.0497931	0.00134958	0.587922	0.361243	0.220697	0.00598175	0.00191202	0.00847463	
656	0.237554	0.119076	0.114569	0.00390904	1.0529	0.527778	0.507802	0.0173259	0.00556054	0.0246458	
657	0.130333	0.080554	0.0497795	0	0.577674	0.357037	0.220636	0	0	0	
658	0.105534	0.0757777	0.0297062	5.09937e-05	0.467759	0.335867	0.131666	0.000226018	7.24135e-05	0.000320956	
659	0.126346	0.0963259	0.0294361	0.000584648	0.560003	0.426943	0.130468	0.00259132	0.000797805	0.00353609	
660	0.167248	0.101048	0.0656436	0.000556248	0.74129	0.447873	0.29095	0.00246544	0.000946865	0.00419676	
661	0.172002	0.098959	0.0726865	0.000356776	0.762362	0.438613	0.322166	0.00158133	0.000654228	0.00289972	
662	0.125252	0.0809612	0.0442264	6.46466e-05	0.555152	0.358842	0.196023	0.000286531	8.994e-05	0.000398639	
663	0.115944	0.0808792	0.0349099	0.000155241	0.513897	0.358478	0.15473	0.000688072	0.00023689	0.00104996	
664	0.102078	0.0878961	0.0141333	4.91387e-05	0.45244	0.38958	0.062643	0.000217796	9.7807e-05	0.000433507	
665	0.112304	0.0877902	0.0245101	4.24117e-06	0.497764	0.38911	0.108635	1.8798e-05	1.06386e-05	4.71534e-05	
666	0.106769	0.0794729	0.0272637	3.26973e-05	0.473231	0.352245	0.12084	0.000144923	6.47428e-05	0.000286958	
667	0.158676	0.105522	0.0505558	0.00259821	0.703297	0.467704	0.224077	0.011516	0.00302393	0.0134029	
668	0.104647	0.0836079	0.021023	1.61856e-05	0.463825	0.370573	0.0931798	7.17394e-05	2.97859e-05	0.000132019	
669	0.043885	0.0437999	8.50993e-05	0	0.19451	0.194133	0.000377183	0	0	0	
670	0.0931448	0.0831815	0.00994767	1.56526e-05	0.412843	0.368683	0.0440908	6.93769e-05	1.78733e-05	7.92195e-05	
671	0.0537616	0.0509831	0.00277857	0	0.238286	0.225971	0.0123153	0	0	0	
672	0.147288	0.11272	0.0344791	8.82961e-05	0.652822	0.49961	0.15282	0.000391353	0.000176646	0.000782946	
673	0.140007	0.102146	0.0375038	0.000357746	0.620552	0.452739	0.166227	0.00158563	0.000412417	0.00182794	
674	0.126272	0.0959924	0.0302101	6.9836e-05	0.559674	0.425465	0.133899	0.000309532	9.82755e-05	0.000435584	
675	0.115171	0.0817384	0.0332929	0.000140393	0.510473	0.362287	0.147563	0.000622264	0.000197662	0.000876094	
676	0.141291	0.110526	0.0299608	0.000803971	0.626241	0.489883	0.132794	0.00356342	0.00094906	0.00420649	
677	0.102245	0.0940648	0.00813401	4.64306e-05	0.453179	0.416921	0.0360522	0.000205793	6.19234e-05	0.000274461	
678	0.102372	0.0808559	0.0214211	9.51242e-05	0.453741	0.358376	0.0949443	0.000421616	0.000194716	0.000863038	
679	0.129696	0.0916102	0.0380858	0	0.574848	0.406041	0.168806	0	0	0	
680	0.121804	0.111148	0.0106559	0	0.539871	0.492641	0.0472299	0	0	0	
681	0.114875	0.0984169	0.0163856	7.31966e-05	0.509161	0.436211	0.0726255	0.000324427	0.000101298	0.000448984	
682	0.101161	0.0983163	0.00284533	0	0.448376	0.435765	0.0126112	0	0	0	
683	0.102179	0.0918124	0.0103669	0	0.452887	0.406937	0.0459491	0	0	0	
684	0.110341	0.0949225	0.0154103	8.36035e-06	0.489062	0.420722	0.0683027	3.70554e-05	8.33805e-06	3.69565e-05	
685	0.182324	0.14172	0.0403487	0.000255661	0.808112	0.628142	0.178836	0.00113316	0.000256507	0.00113691	
686	0.115984	0.0911479	0.0241732	0.000663016	0.514074	0.403992	0.107142	0.00293867	0.000847769	0.00375754	
687	0.0831237	0.0783705	0.00475324	0	0.368427	0.347359	0.0210677	0	0	0	
688	0.0648945	0.0646901	0.000204415	0	0.28763	0.286724	0.000906027	0	0	0	
689	0.00806244	0.00720166	0.000860781	0	0.0357349	0.0319197	0.00381522	0	0	0	
690	0.0621495	0.0602524	0.001894	3.11383e-06	0.275463	0.267055	0.00839474	1.38013e-05	3.13619e-06	1.39004e-05	
691	0.113261	0.098806	0.014313	0.000142102	0.502004	0.437935	0.0634392	0.000629838	0.000163973	0.000726775	
692	0.0742196	0.0734264	0.000793223	0	0.328961	0.325446	0.00351578	0	0	0	
693	0.0917665	0.0798854	0.0118809	8.71667e-08	0.406734	0.354074	0.0526597	3.86347e-07	2.31808e-07	1.02743e-06	
694	0.210117	0.155478	0.0529549	0.00168459	0.931299	0.689122	0.23471	0.0074666	0.0017579	0.0077915	
695	0.0955778	0.0798684	0.015658	5.13788e-05	0.423627	0.353999	0.0694006	0.000227725	8.65144e-05	0.000383455	
696	0.21871	0.160855	0.0566883	0.00116673	0.969385	0.712955	0.251258	0.00517128	0.00126408	0.00560279	
697	0.130977	0.0833568	0.0473163	0.00030407	0.580527	0.36946	0.209719	0.00134772	0.000462776	0.00205115	
698	0.252254	0.197149	0.0542542	0.00085111	1.11806	0.873819	0.240469	0.00377235	0.00110942	0.00491729	
699	0.279955	0.186622	0.091167	0.00216578	1.24084	0.827164	0.404077	0.00959935	0.00234165	0.0103788	
700	0.0830886	0.0830886	0	0	0.368271	0.368271	0	0	0	0	
701	0.0829534	0.082944	9.44404e-06	0	0.367672	0.36763	4.18586e-05	0	0	0	
702	0.111509	0.106972	0.00453617	5.81173e-07	0.494241	0.474133	0.0201055	2.57592e-06	1.13238e-06	5.01902e-06	
703	0.0938623	0.0882266	0.00560475	3.10505e-05	0.416023	0.391044	0.0248418	0.000137624	3.10288e-05	0.000137528	
704	0.089029	0.079971	0.00905802	0	0.394601	0.354453	0.0401476	0	0	0	
705	0.0977036	0.088655	0.00904864	0	0.433049	0.392943	0.040106	0	0	0	
706	0.255411	0.159222	0.0959188	0.000270458	1.13205	0.705716	0.425138	0.00119874	0.000609179	0.00270005	
707	0.0865605	0.0807821	0.00577843	0	0.38366	0.358048	0.0256116	0	0	0	
708	0.0804487	0.0804487	0	0	0.35657	0.35657	0	0	0	0	
709	0.129748	0.104029	0.0253523	0.000366185	0.575079	0.461088	0.112368	0.00162303	0.000369403	0.00163729	
710	0.137776	0.096599	0.0411467	3.03694e-05	0.610662	0.428153	0.182373	0.000134606	7.07248e-05	0.000313472	
711	0.10021	0.0811786	0.0190314	4.84983e-07	0.44416	0.359806	0.0843527	2.14958e-06	1.9951e-06	8.84287e-06	
712	0.0788238	0.0770416	0.00178218	0	0.349368	0.341469	0.00789913	0	0	0	
713	0.0888558	0.078897	0.00995886	0	0.393833	0.349693	0.0441404	0	0	0	
714	0.0929257	0.0821779	0.0107477	0	0.411872	0.364235	0.0476371	0	0	0	
715	0.0728194	0.0704841	0.00233535	2.17732e-08	0.322756	0.312405	0.0103509	9.65049e-08	6.18483e-07	2.74129e-06	
716	0.0822029	0.0754457	0.00675608	1.1486e-06	0.364346	0.334396	0.0299448	5.09093e-06	1.2131e-06	5.3768e-06	
717	0.0979996	0.0888291	0.00917053	0	0.434361	0.393715	0.0406463	0	0	0	
718	0.11628	0.108816	0.00745371	1.02568e-05	0.515386	0.482304	0.0330369	4.5461e-05	1.47564e-05	6.54048e-05	
719	0.0693374	0.0633146	0.00600635	1.6447e-05	0.307322	0.280628	0.0266218	7.28977e-05	1.64254e-05	7.28021e-05	
720	0.0655672	0.06247	0.0030972	0	0.290612	0.276884	0.0137276	0	0	0	
721	0.125002	0.106983	0.0177471	0.00027193	0.554043	0.474178	0.07866	0.00120527	0.00027191	0.00120518	
722	0.082078	0.0813533	0.000724725	0	0.363792	0.36058	0.00321218	0	0	0	
723	0.111724	0.102675	0.00904864	0	0.495194	0.455088	0.040106	0	0	0	
724	0.0817233	0.0809855	0.000737823	0	0.36222	0.35895	0.00327023	0	0	0	
725	0.081318	0.0627723	0.0185456	0	0.360423	0.278224	0.0821994	0	0	0	
726	0.0440043	0.0427961	0.0012082	0	0.195039	0.189684	0.0053551	0	0	0	
727	0.0894668	0.0892883	0.000178512	0	0.396541	0.39575	0.000791214	0	0	0	
728	0.101063	0.085732	0.0150732	0.00025821	0.447941	0.379988	0.066809	0.00114446	0.000281481	0.0012476	
729	0.098168	0.077878	0.0200835	0.000206527	0.435107	0.345176	0.0890157	0.000915385	0.000772838	0.00342543	
730	0.109538	0.105262	0.00427655	3.41813e-07	0.485506	0.46655	0.0189548	1.51501e-06	3.24565e-07	1.43856e-06	
731	0.121926	0.0947772	0.0264009	0.000747843	0.54041	0.420079	0.117016	0.00331464	0.00075658	0.00335337	
732	0.0830661	0.077649	0.00541711	0	0.368172	0.344162	0.0240101	0	0	0	
733	0.100947	0.0923008	0.00858672	5.97609e-05	0.447426	0.409103	0.0380587	0.000264877	6.56607e-05	0.000291026	
734	0.112041	0.107224	0.00481681	6.20863e-07	0.496598	0.475246	0.0213494	2.75183e-06	5.99098e-07	2.65537e-06	
735	0.0679043	0.065962	0.00194236	0	0.30097	0.292361	0.0086091	0	0	0	
736	0.0567999	0.0556914	0.00110848	0	0.251753	0.246839	0.00491309	0	0	0	
737	0.0980048	0.0799296	0.0180691	6.11524e-06	0.434384	0.35427	0.0800872	2.71044e-05	8.39174e-06	3.71945e-05	
738	0.119192	0.113576	0.00560517	1.08712e-05	0.528293	0.503402	0.0248436	4.81842e-05	1.12814e-05	5.00025e-05	
739	0.0650919	0.0650596	3.24004e-05	0	0.288505	0.288362	0.000143607	0	0	0	
740	0.0368814	0.036826	5.53802e-05	0	0.163468	0.163223	0.00024546	0	0	0	
741	0.0898558	0.0866993	0.00314048	1.60458e-05	0.398266	0.384275	0.0139194	7.11195e-05	1.6024e-05	7.1023e-05	
742	0.145234	0.12339	0.0218222	2.24513e-05	0.64372	0.546899	0.0967222	9.95104e-05	2.24286e-05	9.941e-05	
743	0.0891136	0.0844778	0.00457479	6.10598e-05	0.394976	0.374429	0.0202767	0.000270634	6.10382e-05	0.000270538	
744	0.0559151	0.055548	0.000367097	0	0.247831	0.246204	0.00162707	0	0	0	
745	0.123845	0.102091	0.0217348	1.88419e-05	0.548916	0.452498	0.096335	8.35125e-05	5.39311e-05	0.000239037	
746	0.0856443	0.0754045	0.0102043	3.54759e-05	0.379599	0.334213	0.0452285	0.000157238	5.19666e-05	0.00023033	
747	0.0866096	0.0845365	0.00207311	0	0.383877	0.374689	0.00918861	0	0	0	
748	0.103083	0.0825099	0.0203732	0.000199837	0.456892	0.365707	0.0902997	0.000885732	0.000211233	0.000936244	
749	0.1207	0.112752	0.00794394	3.46307e-06	0.534975	0.49975	0.0352097	1.53492e-05	3.44125e-06	1.52526e-05	
750	0.0934721	0.0824096	0.0110624	0	0.414294	0.365262	0.049032	0	0	0	
751	0.280419	0.152447	0.116213	0.0117586	1.24289	0.675689	0.515091	0.0521175	0.0129425	0.057365	
752	0.0913016	0.0766297	0.0146579	1.40281e-05	0.404674	0.339644	0.0649679	6.21764e-05	1.5422e-05	6.83549e-05	
753	0.103879	0.0928171	0.0110624	0	0.460423	0.411391	0.049032	0	0	0	
754	0.223035	0.177058	0.0459715	5.70592e-06	0.988556	0.784772	0.203758	2.52902e-05	6.47428e-06	2.86958e-05	
755	0.115755	0.0923423	0.0234127	0	0.513058	0.409286	0.103771	0	0	0	
756	0.214272	0.114408	0.0998638	0	0.949714	0.50709	0.442624	0	0	0	
757	0.128227	0.0777845	0.0468848	0.00355837	0.56834	0.344762	0.207806	0.0157716	0.00375943	0.0166628	
758	0.185264	0.128221	0.0570275	1.55512e-05	0.821145	0.568314	0.252761	6.89272e-05	1.69764e-05	7.52443e-05	
759	0.125494	0.0715477	0.0526521	0.00129467	0.556226	0.317119	0.233368	0.00573833	0.00389817	0.0172777	
760	0.11291	0.0869743	0.0259356	0	0.500448	0.385494	0.114954	0	0	0	
761	0.12656	0.110206	0.0161973	0.000156461	0.560951	0.488467	0.071791	0.000693482	0.00015644	0.000693385	
762	0.0508065	0.0508065	0	0	0.225188	0.225188	0	0	0	0	
763	0.0554939	0.0541003	0.00139365	0	0.245964	0.239787	0.00617706	0	0	0	
764	0.0800165	0.0769041	0.00311241	0	0.354655	0.34086	0.013795	0	0	0	
765	0.0868508	0.0840216	0.00282927	0	0.384947	0.372406	0.0125401	0	0	0	
766	0.0543906	0.0446108	0.00959762	0.00018211	0.241074	0.197727	0.0425393	0.000807162	0.000182088	0.000807066	
767	0.0532047	0.043253	0.00983039	0.000121295	0.235817	0.191709	0.043571	0.000537614	0.000171685	0.000760957	
768	0.0454773	0.0454173	5.99885e-05	0	0.201567	0.201302	0.000265885	0	0	0	
769	0.0723128	0.0525951	0.0192652	0.000452446	0.32051	0.233116	0.0853888	0.00200536	0.000453015	0.00200788	
770	0.0723667	0.0566976	0.0156691	0	0.320749	0.251299	0.0694498	0	0	0	
771	0.104874	0.0784319	0.0264349	8.02613e-06	0.464834	0.347632	0.117166	3.5574e-05	8.60685e-06	3.81479e-05	
772	0.1035	0.1035	0	0	0.458741	0.458741	0	0	0	0	
773	0.101687	0.0907352	0.0109523	2.86643e-07	0.450708	0.402163	0.0485439	1.27048e-06	6.43992e-07	2.85435e-06	
774	0.0779414	0.0778081	0.000133269	0	0.345457	0.344867	0.000590686	0	0	0	
775	0.0758235	0.0758235	0	0	0.33607	0.33607	0	0	0	0	
776	0.0650471	0.0650471	0	0	0.288306	0.288306	0	0	0	0	
777	0.0744934	0.0744934	0	0	0.330175	0.330175	0	0	0	0	
778	0.0924898	0.0924898	0	0	0.40994	0.40994	0	0	0	0	
779	0.150709	0.111	0.039709	0	0.667986	0.491984	0.176001	0	0	0	
780	0.0498964	0.0435846	0.00631179	0	0.221154	0.193179	0.0279755	0	0	0	
781	0.0581384	0.0425831	0.0155553	0	0.257685	0.18874	0.0689454	0	0	0	
782	0.10765	0.0953894	0.012255	6.11044e-06	0.477136	0.422792	0.0543175	2.70831e-05	6.08852e-06	2.6986e-05	
783	0.224619	0.135219	0.0844839	0.0049158	0.995573	0.599329	0.374456	0.0217882	0.00809216	0.0358667	
784	0.0719297	0.0719297	0	0	0.318812	0.318812	0	0	0	0	
785	0.132482	0.0755417	0.0569226	1.83734e-05	0.5872	0.334821	0.252297	8.14362e-05	4.58511e-05	0.000203224	
786	0.127023	0.0951626	0.031861	0	0.563004	0.421787	0.141216	0	0	0	
787	0.180919	0.0842845	0.0949426	0.00169244	0.801885	0.373572	0.420812	0.00750136	0.00492518	0.0218297	
788	0.137452	0.0918915	0.0454019	0.000159445	0.609229	0.407288	0.201234	0.000706706	0.000190413	0.000843967	
789	0.103213	0.103079	0.000133269	0	0.457468	0.456878	0.000590686	0	0	0	
790	0.118973	0.0847984	0.0341748	0	0.527322	0.37585	0.151472	0	0	0	
791	0.12769	0.0875811	0.040078	3.10929e-05	0.565958	0.388183	0.177637	0.000137812	4.35873e-05	0.000193191	
792	0.0950258	0.0828441	0.0121813	3.43436e-07	0.42118	0.367188	0.0539912	1.5222e-06	3.21512e-07	1.42503e-06	
793	0.240228	0.148085	0.0874826	0.00466059	1.06475	0.656354	0.387747	0.020657	0.00482574	0.021389	
794	0.104405	0.0900653	0.0143393	1.14129e-06	0.462755	0.399194	0.0635559	5.05854e-06	1.12035e-06	4.96572e-06	
795	0.126337	0.106153	0.0201067	7.76971e-05	0.559963	0.4705	0.0891187	0.000344375	9.04451e-05	0.000400877	
796	0.0943187	0.0943187	0	0	0.418046	0.418046	0	0	0	0	
797	0.0542576	0.0535606	0.000696999	0	0.240484	0.237395	0.00308929	0	0	0	
798	0.185457	0.10439	0.0805755	0.000491141	0.821996	0.462686	0.357133	0.00217687	0.000867812	0.00384638	
799	0.182388	0.130045	0.0522342	0.000108544	0.808394	0.576397	0.231516	0.000481097	0.000152835	0.000677408	
800	0.203356	0.159668	0.0436771	1.08388e-05	0.901333	0.707695	0.193589	4.80405e-05	1.08167e-05	4.79426e-05	
801	0.159155	0.0857629	0.0730129	0.000379889	0.705422	0.380124	0.323613	0.00168377	0.000809158	0.00358641	
802	0.110863	0.0868444	0.0239358	8.28624e-05	0.491376	0.384918	0.10609	0.000367269	0.000194578	0.000862425	
803	0.0837787	0.0837787	0	0	0.37133	0.37133	0	0	0	0	
804	0.187802	0.151897	0.0354216	0.000483432	0.832391	0.67325	0.156998	0.0021427	0.000483648	0.00214366	
805	0.193984	0.144733	0.0489673	0.000283055	0.859791	0.6415	0.217037	0.00125457	0.000402494	0.00178396	
806	0.150302	0.107553	0.0412527	0.00149621	0.66618	0.476705	0.182843	0.00663165	0.00256294	0.0113596	
807	0.13086	0.120028	0.0107938	3.72075e-05	0.580007	0.532001	0.0478415	0.000164914	4.7557e-05	0.000210786	
808	0.167257	0.153498	0.0137567	2.66804e-06	0.741333	0.680348	0.0609735	1.18255e-05	3.05697e-06	1.35493e-05	
809	0.170719	0.112851	0.0577394	0.000128706	0.756676	0.500189	0.255917	0.000570463	0.000196229	0.000869742	
810	0.0797184	0.0783948	0.0013195	4.11902e-06	0.353333	0.347467	0.0058484	1.82566e-05	4.09722e-06	1.816e-05	
811	0.124654	0.0976729	0.0268897	9.21236e-05	0.552504	0.432913	0.119182	0.000408317	0.000105026	0.000465505	
812	0.173133	0.112801	0.0598019	0.000530461	0.767375	0.499965	0.265058	0.00235115	0.000721766	0.00319906	
813	0.0643205	0.0643205	0	0	0.285086	0.285086	0	0	0	0	
814	0.105829	0.0819396	0.0238876	2.46421e-06	0.469066	0.363179	0.105876	1.0922e-05	5.26785e-06	2.33486e-05	
815	0.149404	0.133364	0.0158165	0.000223347	0.662199	0.591106	0.0701032	0.000989937	0.000227001	0.00100613	
816	0.249533	0.156657	0.0907499	0.0021255	1.106	0.69435	0.402229	0.00942083	0.00357826	0.0158598	
817	0.147883	0.0977092	0.0498981	0.000276425	0.655461	0.433074	0.221162	0.00122519	0.000444094	0.00196835	
818	0.176508	0.124927	0.0514457	0.000135005	0.782334	0.553714	0.228021	0.000598379	0.000703759	0.00311925	
819	0.067316	0.067316	0	0	0.298363	0.298363	0	0	0	0	
820	0.0931401	0.0912383	0.0019018	0	0.412822	0.404393	0.00842934	0	0	0	
821	0.0277648	0.0277085	5.62392e-05	0	0.123061	0.122812	0.000249268	0	0	0	
822	0.0952942	0.0847111	0.0105812	1.95733e-06	0.42237	0.375463	0.0468988	8.67545e-06	2.39654e-06	1.06221e-05	
823	0.0623107	0.0593168	0.00296796	2.60057e-05	0.276178	0.262908	0.0131548	0.000115264	2.5984e-05	0.000115168	
824	0.120219	0.12019	2.86319e-05	0	0.532845	0.532718	0.000126904	0	0	0	
825	0.0791259	0.0789313	0.000194521	0	0.350707	0.349845	0.000862173	0	0	0	
826	0.114641	0.106623	0.00801848	0	0.508124	0.472584	0.0355401	0	0	0	
827	0.0847297	0.0845066	0.000223022	8.75491e-08	0.375545	0.374556	0.000988495	3.88041e-07	6.57328e-08	2.91346e-07	
828	0.172428	0.104124	0.0680326	0.000271061	0.764248	0.461508	0.301539	0.00120142	0.000508734	0.00225485	
829	0.133143	0.102014	0.0311287	0	0.590128	0.452156	0.137971	0	0	0	
830	0.154503	0.134522	0.0199816	0	0.684802	0.596238	0.0885641	0	0	0	
831	0.101095	0.101095	0	0	0.448081	0.448081	0	0	0	0	
832	0.0873048	0.0842247	0.00307098	9.06025e-06	0.386958	0.373307	0.0136114	4.01575e-05	1.09836e-05	4.86825e-05	
833	0.0902981	0.0888048	0.00149325	0	0.400226	0.393607	0.00661849	0	0	0	
834	0.09863	0.0983356	0.000294341	0	0.437155	0.43585	0.0013046	0	0	0	
835	0.0983466	0.0969954	0.00135122	0	0.435899	0.42991	0.00598899	0	0	0	
836	0.132773	0.116667	0.0160933	1.31768e-05	0.588489	0.517101	0.0713301	5.84034e-05	1.36899e-05	6.06775e-05	
837	0.127345	0.120624	0.00666183	5.88571e-05	0.564429	0.534642	0.0295271	0.000260871	6.14933e-05	0.000272555	
838	0.145909	0.0976742	0.0481519	8.31566e-05	0.64671	0.432919	0.213422	0.000368573	8.5412e-05	0.000378569	
839	0.202461	0.152898	0.049172	0.00039014	0.897363	0.67769	0.217944	0.00172921	0.000445291	0.00197365	
840	0.109487	0.0769079	0.0325792	1.63637e-07	0.485278	0.340877	0.1444	7.25288e-07	2.84468e-07	1.26084e-06	
841	0.113	0.0801711	0.0327778	5.17942e-05	0.50085	0.35534	0.14528	0.000229566	5.34764e-05	0.000237022	
842	0.10366	0.0982002	0.0054604	0	0.459452	0.43525	0.024202	0	0	0	
843	0.139936	0.121737	0.0181133	8.5021e-05	0.620236	0.539575	0.0802834	0.000376836	9.64781e-05	0.000427617	
844	0.115357	0.11021	0.00513551	1.19452e-05	0.511297	0.488482	0.022762	5.29447e-05	1.19235e-05	5.28482e-05	
845	0.190506	0.134821	0.0533144	0.00237027	0.844378	0.597568	0.236304	0.0105057	0.00251768	0.011159	
846	0.101899	0.0940852	0.00781385	0	0.451644	0.417011	0.0346331	0	0	0	
847	0.111414	0.0959357	0.0154646	1.40871e-05	0.493819	0.425213	0.0685434	6.24381e-05	1.40649e-05	6.23396e-05	
848	0.106545	0.102826	0.00371888	0	0.472239	0.455755	0.0164831	0	0	0	
849	0.0996167	0.0968874	0.00272856	7.45238e-07	0.441529	0.429432	0.0120937	3.3031e-06	1.34746e-06	5.97234e-06	
850	0.0806455	0.0801696	0.000475884	0	0.357443	0.355334	0.00210924	0	0	0	
851	0.0647037	0.0645934	0.000110287	0	0.286784	0.286295	0.000488826	0	0	0	
852	0.0952815	0.0848516	0.0104128	1.70026e-05	0.422313	0.376086	0.0461526	7.53606e-05	2.47606e-05	0.000109745	
853	0.106855	0.103508	0.00334654	0	0.473611	0.458778	0.0148328	0	0	0	
854	0.0965776	0.0945654	0.00201178	4.56276e-07	0.428058	0.41914	0.00891677	2.02234e-06	6.45748e-07	2.86213e-06	
855	0.110631	0.093262	0.0168142	0.000555205	0.490349	0.413363	0.0745253	0.00246082	0.000555183	0.00246072	
856	0.112343	0.103673	0.00867027	0	0.497936	0.459507	0.038429	0	0	0	
857	0.0633886	0.0633885	0	0	0.280955	0.280955	0	0	0	0	
858	0.101168	0.085391	0.015775	2.64617e-06	0.448407	0.378476	0.0699193	1.17285e-05	5.31732e-06	2.35678e-05	
859	0.123676	0.111916	0.0117599	0	0.548166	0.496043	0.0521233	0	0	0	
860	0.0927649	0.0840947	0.00867027	0	0.41116	0.37273	0.038429	0	0	0	
861	0.086312	0.0862507	6.12577e-05	0	0.382558	0.382287	0.000271511	0	0	0	
862	0.0924313	0.0787985	0.0136202	1.25832e-05	0.409681	0.349256	0.0603688	5.57726e-05	1.31368e-05	5.82263e-05	
863	0.116884	0.114963	0.00192085	0	0.518064	0.50955	0.00851375	0	0	0	
864	0.107562	0.0950986	0.0124641	0	0.476748	0.421503	0.0552447	0	0	0	
865	0.117176	0.116514	0.000662024	0	0.51936	0.516426	0.00293427	0	0	0	
866	0.0764449	0.0757206	0.000724323	0	0.338825	0.335614	0.00321039	0	0	0	
867	0.0862834	0.0862834	0	0	0.382432	0.382432	0	0	0	0	
868	0.104298	0.0996134	0.0046687	1.64548e-05	0.46228	0.441514	0.0206929	7.29324e-05	1.64329e-05	7.28353e-05	
869	0.0959856	0.0942949	0.00168698	3.72505e-06	0.425434	0.417941	0.00747718	1.65104e-05	3.72975e-06	1.65312e-05	
870	0.132935	0.125807	0.0071272	0	0.589205	0.557615	0.0315897	0	0	0	
871	0.108348	0.0985653	0.00978103	2.52069e-06	0.480232	0.436868	0.0433522	1.11724e-05	2.49891e-06	1.10758e-05	
872	0.0417699	0.0417699	0	0	0.185135	0.185135	0	0	0	0	
873	0.0999491	0.0996742	0.000274971	0	0.443002	0.441783	0.00121874	0	0	0	
874	0.09945	0.0906658	0.00878416	0	0.44079	0.401856	0.0389338	0	0	0	
875	0.0813104	0.0813104	0	0	0.36039	0.36039	0	0	0	0	
876	0.0443583	0.0443583	0	0	0.196608	0.196608	0	0	0	0	
877	0.0943696	0.087442	0.00692219	5.42881e-06	0.418272	0.387567	0.030681	2.4062e-05	6.48179e-06	2.8729e-05	
878	0.099659	0.0991504	0.000508684	0	0.441716	0.439461	0.00225463	0	0	0	
879	0.0870541	0.0870541	0	0	0.385847	0.385847	0	0	0	0	
880	0.0912957	0.0875061	0.00378964	0	0.404647	0.387851	0.0167967	0	0	0	
881	0.0801576	0.0791724	0.000983538	1.60863e-06	0.35528	0.350914	0.00435931	7.12991e-06	1.58682e-06	7.03326e-06	
882	0.0930031	0.0892776	0.0037234	2.05198e-06	0.412215	0.395703	0.0165031	9.09496e-06	2.03021e-06	8.99848e-06	
883	0.0591514	0.0591514	0	0	0.262175	0.262175	0	0	0	0	
884	0.0786657	0.0786657	0	0	0.348668	0.348668	0	0	0	0	
885	0.0893624	0.0893624	0	0	0.396079	0.396079	0	0	0	0	
886	0.102341	0.101546	0.000795148	0	0.453604	0.450079	0.00352431	0	0	0	
887	0.0659985	0.0659985	0	0	0.292523	0.292523	0	0	0	0	
888	0.0966611	0.0966611	0	0	0.428429	0.428429	0	0	0	0	
889	0.0659785	0.064514	0.00146451	0	0.292435	0.285944	0.00649115	0	0	0	
890	0.0956127	0.0914885	0.00411189	1.23667e-05	0.423782	0.405502	0.018225	5.48127e-05	1.2345e-05	5.47167e-05	
891	0.0418823	0.0412052	0.00067711	0	0.185634	0.182633	0.00300114	0	0	0	
892	0.0584531	0.0584531	0	0	0.25908	0.25908	0	0	0	0	
893	0.086755	0.086755	0	0	0.384522	0.384522	0	0	0	0	
894	0.083642	0.083642	0	0	0.370724	0.370724	0	0	0	0	
895	0.0799139	0.0799139	0	0	0.3542	0.3542	0	0	0	0	
896	0.0787086	0.0787086	0	0	0.348858	0.348858	0	0	0	0	
897	0.0727369	0.0716033	0.00113356	0	0.32239	0.317366	0.00502429	0	0	0	
898	0.0730401	0.0730401	0	0	0.323734	0.323734	0	0	0	0	
899	0.0981352	0.0955678	0.00256748	0	0.434962	0.423582	0.0113798	0	0	0	
900	0.0817685	0.0817685	0	0	0.36242	0.36242	0	0	0	0	
901	0.173278	0.112269	0.060187	0.000822766	0.76802	0.497607	0.266765	0.00364672	0.00102142	0.00452724	
902	0.0754752	0.0751451	0.000330087	0	0.334527	0.333064	0.00146303	0	0	0	
903	0.20371	0.116138	0.0831867	0.00438475	0.9029	0.514759	0.368706	0.0194344	0.0097808	0.0433512	
904	0.0678088	0.0678088	0	0	0.300547	0.300547	0	0	0	0	
905	0.156192	0.0929126	0.0632798	0	0.692288	0.411814	0.280473	0	0	0	
906	0.183879	0.130738	0.0525319	0.000608859	0.815003	0.579468	0.232836	0.00269863	0.000608837	0.00269853	
907	0.0804428	0.0804204	2.24162e-05	0	0.356545	0.356445	9.93549e-05	0	0	0	
908	0.112844	0.0994242	0.0134198	3.12405e-07	0.500157	0.440675	0.0594802	1.38466e-06	1.66587e-06	7.38359e-06	
909	0.106476	0.105695	0.000780823	0	0.471931	0.46847	0.00346082	0	0	0	
910	0.11282	0.0903506	0.02247	0	0.500052	0.400459	0.0995934	0	0	0	
911	0.119012	0.106844	0.012015	0.000153448	0.527496	0.473562	0.053254	0.000680125	0.000160134	0.000709758	
912	0.105256	0.0961061	0.00907697	7.32948e-05	0.466525	0.425968	0.0402316	0.000324862	7.3273e-05	0.000324766	
913	0.11369	0.0989419	0.0147315	1.71835e-05	0.503908	0.438537	0.0652941	7.61621e-05	1.71615e-05	7.60648e-05	
914	0.0768902	0.0768902	0	0	0.340798	0.340798	0	0	0	0	
915	0.109023	0.0919532	0.0170596	1.01836e-05	0.48322	0.407562	0.0756129	4.51367e-05	1.05755e-05	4.68737e-05	
916	0.107128	0.107128	0	0	0.474825	0.474825	0	0	0	0	
917	0.117295	0.0928219	0.0244618	1.15305e-05	0.519885	0.411412	0.108421	5.11066e-05	3.75654e-05	0.0001665	
918	0.122968	0.0891884	0.0336221	0.000157928	0.54503	0.395307	0.149022	0.000699982	0.000227189	0.00100696	
919	0.0909883	0.0864744	0.00451384	0	0.403285	0.383278	0.0200065	0	0	0	
920	0.116502	0.0860389	0.0303381	0.00012561	0.516371	0.381348	0.134466	0.00055674	0.000176431	0.000781992	
921	0.0384182	0.0384182	0	0	0.17028	0.17028	0	0	0	0	
922	0.0192999	0.0191983	0.000101586	0	0.0855428	0.0850925	0.000450259	0	0	0	
923	0.0599057	0.0593673	0.000538446	0	0.265518	0.263132	0.00238654	0	0	0	
924	0.0585122	0.0518379	0.00662317	5.11242e-05	0.259342	0.22976	0.0293557	0.000226596	5.11021e-05	0.000226498	
925	0.0474656	0.0449694	0.00247922	1.69326e-05	0.21038	0.199317	0.0109886	7.505e-05	1.69108e-05	7.49534e-05	
926	0.064294	0.059004	0.00528999	0	0.284968	0.261522	0.0234467	0	0	0	
927	0.0787965	0.0775314	0.00126503	0	0.349247	0.34364	0.00560698	0	0	0	
928	0.0993978	0.0954408	0.00395704	0	0.440558	0.423019	0.0175387	0	0	0	
929	0.0457956	0.0431398	0.00263641	1.93662e-05	0.202978	0.191207	0.0116853	8.58367e-05	1.93445e-05	8.57403e-05	
930	0.0766136	0.0750141	0.00159953	0	0.339573	0.332483	0.00708956	0	0	0	
931	0.0921636	0.0828546	0.00926931	3.97271e-05	0.408494	0.367234	0.0410841	0.000176081	3.97052e-05	0.000175984	
932	0.0856202	0.0844215	0.00119874	0	0.379492	0.374179	0.00531314	0	0	0	
933	0.0478788	0.0478788	0	0	0.212212	0.212212	0	0	0	0	
934	0.0466936	0.045618	0.00107557	0	0.206958	0.202191	0.00476724	0	0	0	
935	0.0888425	0.0779841	0.0108154	4.3005e-05	0.393774	0.345647	0.0479369	0.00019061	4.55274e-05	0.00020179	
936	0.0772523	0.0760784	0.0011739	0	0.342403	0.3372	0.00520309	0	0	0	
937	0.0621115	0.0621115	0	0	0.275295	0.275295	0	0	0	0	
938	0.067569	0.067569	0	0	0.299484	0.299484	0	0	0	0	
939	0.0731678	0.0731678	0	0	0.324299	0.324299	0	0	0	0	
940	0.075726	0.0747582	0.000967814	0	0.335638	0.331349	0.00428962	0	0	0	
941	0.0689814	0.0689814	0	0	0.305744	0.305744	0	0	0	0	
942	0.0710995	0.0710995	0	0	0.315132	0.315132	0	0	0	0	
943	0.08053	0.08053	0	0	0.356931	0.356931	0	0	0	0	
944	0.0638535	0.0638535	0	0	0.283016	0.283016	0	0	0	0	
945	0.063572	0.063572	0	0	0.281769	0.281769	0	0	0	0	
946	0.065878	0.065878	0	0	0.291989	0.291989	0	0	0	0	
947	0.0961925	0.0961925	0	0	0.426351	0.426351	0	0	0	0	
948	0.0640059	0.054474	0.0095319	0	0.283692	0.241444	0.042248	0	0	0	
949	0.0649967	0.0649966	0	0	0.288083	0.288083	0	0	0	0	
950	0.0864671	0.0864671	0	0	0.383246	0.383246	0	0	0	0	
951	0.116528	0.116528	0	0	0.516488	0.516488	0	0	0	0	
952	0.0506963	0.0497285	0.000967814	0	0.2247	0.22041	0.00428962	0	0	0	
953	0.0535523	0.0535523	0	0	0.237358	0.237358	0	0	0	0	
954	0.0873761	0.0868084	0.000567665	0	0.387275	0.384759	0.00251605	0	0	0	
955	0.0895063	0.0895063	0	0	0.396716	0.396716	0	0	0	0	
956	0.0520964	0.0499348	0.00216166	0	0.230905	0.221324	0.00958107	0	0	0	
957	0.0793455	0.0793455	0	0	0.351681	0.351681	0	0	0	0	
958	0.0801583	0.0696371	0.0105211	0	0.355284	0.308651	0.0466328	0	0	0	
959	0.091362	0.091362	0	0	0.404941	0.404941	0	0	0	0	
960	0.0569249	0.0569249	0	0	0.252306	0.252306	0	0	0	0	
961	0.077012	0.075265	0.00174693	0	0.341338	0.333595	0.00774291	0	0	0	
962	0.0985513	0.0983972	0.000154108	0	0.436806	0.436123	0.000683049	0	0	0	
963	0.146506	0.146352	0.000154108	0	0.649356	0.648673	0.000683049	0	0	0	
964	0.105338	0.104771	0.000567665	0	0.466891	0.464375	0.00251605	0	0	0	
965	0.154907	0.096601	0.0583067	0	0.686594	0.428162	0.258431	0	0	0	
966	0.160363	0.102056	0.0583067	0	0.710773	0.452342	0.258431	0	0	0	
967	0.0445051	0.0445051	0	0	0.197259	0.197259	0	0	0	0	
968	0.0709376	0.0709376	0	0	0.314415	0.314415	0	0	0	0	
969	0.199063	0.178547	0.0204791	3.73899e-05	0.882304	0.79137	0.090769	0.000165722	4.03939e-05	0.000179036	
970	0.210211	0.174327	0.0358091	7.48424e-05	0.931716	0.772669	0.158716	0.000331722	0.000107885	0.000478176	
