Node	dPC	dPCintra	dPCflux	dPCconnector	varPC	varPCintra	varPCflux	varPCconnector	dBC_PC	varBC_PC	
1	0.172974	0.164975	0.00799976	1.24752e-07	0.77235	0.736629	0.0357197	5.57032e-07	1.11972e-07	4.99969e-07	
2	0.0918198	0.0830471	0.0087361	3.66029e-05	0.409984	0.370813	0.0390075	0.000163435	3.65787e-05	0.000163327	
3	0.0925514	0.081358	0.0111919	1.52128e-06	0.413251	0.363271	0.0499731	6.79267e-06	3.17718e-06	1.41864e-05	
4	0.0571138	0.0571138	0	0	0.255019	0.255019	0	0	0	0	
5	0.114522	0.105685	0.00883617	1.38403e-06	0.511355	0.471894	0.0394543	6.17986e-06	2.63166e-06	1.17506e-05	
6	0.0910443	0.0890174	0.00201763	9.20975e-06	0.406521	0.397471	0.00900896	4.11224e-05	9.23257e-06	4.12243e-05	
7	0.0863753	0.0857366	0.000638658	0	0.385674	0.382822	0.00285167	0	0	0	
8	0.121114	0.10246	0.0186539	0	0.540786	0.457494	0.0832917	0	0	0	
9	0.0883697	0.0861636	0.00220605	6.8521e-08	0.394579	0.384729	0.00985027	3.05953e-07	1.70879e-07	7.62994e-07	
10	0.060154	0.0590285	0.00112247	3.09216e-06	0.268593	0.263568	0.00501196	1.38068e-05	3.17222e-06	1.41643e-05	
11	0.0843648	0.0787889	0.00557586	0	0.376697	0.3518	0.0248967	0	0	0	
12	0.0971987	0.0940927	0.00309842	7.59552e-06	0.434002	0.420133	0.0138347	3.39147e-05	8.13261e-06	3.63129e-05	
13	0.102657	0.102657	0	0	0.458377	0.458377	0	0	0	0	
14	0.0833992	0.0831413	0.000257895	0	0.372385	0.371234	0.00115152	0	0	0	
15	0.0942172	0.0924297	0.00178466	2.82344e-06	0.420689	0.412708	0.00796869	1.26069e-05	2.79922e-06	1.24988e-05	
16	0.0730549	0.0730549	0	0	0.326197	0.326197	0	0	0	0	
17	0.0866063	0.0842295	0.00237677	0	0.386705	0.376093	0.0106125	0	0	0	
18	0.0732288	0.071929	0.00129423	5.53312e-06	0.326973	0.32117	0.0057789	2.47059e-05	5.50905e-06	2.45984e-05	
19	0.0867014	0.0840433	0.00265813	0	0.38713	0.375261	0.0118688	0	0	0	
20	0.0589397	0.0589397	0	0	0.263171	0.263171	0	0	0	0	
21	0.0834344	0.0814992	0.00193132	3.86831e-06	0.372543	0.363902	0.00862356	1.72724e-05	5.61484e-06	2.50708e-05	
22	0.0893457	0.0873019	0.00204275	1.04782e-06	0.398937	0.389811	0.00912109	4.67864e-06	1.02359e-06	4.57044e-06	
23	0.0987239	0.0946724	0.0040228	2.86832e-05	0.440812	0.422722	0.0179622	0.000128073	2.94484e-05	0.00013149	
24	0.0677164	0.0648923	0.00282405	0	0.30236	0.289751	0.0126097	0	0	0	
25	0.123957	0.11518	0.00867482	0.00010208	0.553481	0.514291	0.0387339	0.0004558	0.000102285	0.000456713	
26	0.0856247	0.0840263	0.00159846	0	0.382323	0.375185	0.00713729	0	0	0	
27	0.0833952	0.076003	0.00727851	0.000113678	0.372368	0.339361	0.0324992	0.000507586	0.000123261	0.000550376	
28	0.0661531	0.0619256	0.00422751	0	0.29538	0.276504	0.0188762	0	0	0	
29	0.107351	0.100967	0.00638294	6.81722e-07	0.479333	0.450829	0.0285004	3.04395e-06	1.26784e-06	5.66104e-06	
30	0.168412	0.148393	0.0199196	9.95425e-05	0.751979	0.662592	0.0889433	0.000444467	0.000105795	0.000472387	
31	0.143866	0.137997	0.00586778	1.35501e-06	0.64238	0.616173	0.0262002	6.05027e-06	1.3307e-06	5.94171e-06	
32	0.144486	0.138459	0.00602667	4.92989e-07	0.645148	0.618236	0.0269097	2.20124e-06	4.69969e-07	2.09845e-06	
33	0.0785677	0.0764169	0.00214771	3.17071e-06	0.350812	0.341209	0.00958977	1.41575e-05	4.14006e-06	1.84857e-05	
34	0.107243	0.0968628	0.010377	3.3916e-06	0.478851	0.432502	0.0463346	1.51438e-05	5.16178e-06	2.30478e-05	
35	0.0742674	0.0607818	0.0134049	8.06844e-05	0.331611	0.271396	0.0598544	0.000360264	8.51443e-05	0.000380178	
36	0.0831453	0.0809172	0.00222809	0	0.371252	0.361303	0.00994867	0	0	0	
37	0.168747	0.0947008	0.0740465	0	0.753474	0.422848	0.330625	0	0	0	
38	0.0807373	0.0781826	0.00255471	6.54664e-08	0.3605	0.349093	0.011407	2.92314e-07	1.12312e-07	5.01486e-07	
39	0.0892878	0.0836516	0.00563017	6.02192e-06	0.398679	0.373513	0.0251392	2.68884e-05	6.40919e-06	2.86176e-05	
40	0.102786	0.100652	0.00213261	1.17455e-06	0.458951	0.449424	0.00952233	5.24451e-06	1.18017e-06	5.2696e-06	
41	0.0994852	0.0956424	0.00384283	0	0.444211	0.427053	0.0171586	0	0	0	
42	0.0764964	0.0737169	0.00277944	0	0.341564	0.329153	0.0124104	0	0	0	
43	0.0600199	0.0551667	0.00485322	0	0.267995	0.246325	0.0216701	0	0	0	
44	0.0647029	0.064409	0.000293927	0	0.288905	0.287592	0.00131241	0	0	0	
45	0.0571625	0.0519843	0.00517811	0	0.255236	0.232115	0.0231208	0	0	0	
46	0.0925283	0.0848712	0.00764052	1.65472e-05	0.413148	0.378958	0.0341156	7.3885e-05	1.91883e-05	8.56777e-05	
47	0.135476	0.134445	0.00103141	0	0.604917	0.600312	0.00460539	0	0	0	
48	0.108655	0.0847756	0.0238796	5.06804e-08	0.485156	0.378531	0.106624	2.26293e-07	8.72559e-08	3.89606e-07	
49	0.164492	0.157896	0.00659379	1.44431e-06	0.734473	0.705025	0.0294419	6.449e-06	2.67546e-06	1.19461e-05	
50	0.106988	0.094986	0.0119958	6.52656e-06	0.477713	0.424122	0.0535627	2.91417e-05	9.19736e-06	4.10671e-05	
51	0.0854936	0.0844194	0.00107426	0	0.381737	0.376941	0.00479671	0	0	0	
52	0.0796936	0.0760122	0.00368133	0	0.355839	0.339402	0.0164375	0	0	0	
53	0.0986486	0.0946882	0.00394972	1.07266e-05	0.440476	0.422792	0.0176359	4.78953e-05	1.30377e-05	5.82147e-05	
54	0.0961189	0.0904915	0.00562199	5.42841e-06	0.42918	0.404053	0.0251027	2.42384e-05	8.14432e-06	3.63652e-05	
55	0.102568	0.0924953	0.0100575	1.52606e-05	0.457976	0.413	0.0449077	6.81404e-05	1.77807e-05	7.93926e-05	
56	0.117258	0.111728	0.00552971	0	0.52357	0.498879	0.0246907	0	0	0	
57	0.101856	0.100493	0.00136277	4.48277e-07	0.454799	0.448712	0.00608494	2.0016e-06	4.24001e-07	1.8932e-06	
58	0.119829	0.0910941	0.0286765	5.8659e-05	0.535049	0.406744	0.128043	0.000261918	0.000105041	0.00046902	
59	0.173655	0.111775	0.0618298	4.99146e-05	0.775387	0.499087	0.276076	0.000222873	5.08374e-05	0.000226994	
60	0.0766957	0.0734241	0.00327163	0	0.342454	0.327845	0.0146081	0	0	0	
61	0.0874305	0.0869283	0.000502185	0	0.390386	0.388143	0.0022423	0	0	0	
62	0.10484	0.0931951	0.0116088	3.61521e-05	0.468121	0.416125	0.0518345	0.000161422	4.06282e-05	0.000181409	
63	0.12659	0.0936786	0.0328938	1.8534e-05	0.565241	0.418284	0.146874	8.27563e-05	2.92774e-05	0.000130726	
64	0.09829	0.0965769	0.0017099	3.23514e-06	0.438874	0.431225	0.00763489	1.44452e-05	3.21092e-06	1.43371e-05	
65	0.11315	0.102313	0.010726	0.000111272	0.505227	0.456837	0.0478927	0.000496843	0.000117546	0.000524858	
66	0.114922	0.100669	0.0142527	8.35878e-08	0.513141	0.449501	0.0636399	3.73227e-07	1.59377e-07	7.11635e-07	
67	0.159965	0.136985	0.022943	3.70706e-05	0.714263	0.611654	0.102443	0.000165524	7.4123e-05	0.000330966	
68	0.106339	0.0796592	0.026673	7.05123e-06	0.474815	0.355686	0.119097	3.14844e-05	7.51241e-06	3.35436e-05	
69	0.117769	0.113458	0.00430474	6.43514e-06	0.525853	0.506603	0.0192211	2.87335e-05	7.99406e-06	3.56943e-05	
70	0.0793748	0.0761496	0.00322474	4.36869e-07	0.354416	0.340015	0.0143987	1.95066e-06	1.06128e-06	4.73875e-06	
71	0.0661088	0.0440697	0.0220373	1.76219e-06	0.295182	0.196775	0.0983988	7.86836e-06	2.43328e-05	0.000108648	
72	0.166859	0.129129	0.0376063	0.000123807	0.745044	0.576575	0.167916	0.000552813	0.000190632	0.000851193	
73	0.0761979	0.0594994	0.0166985	0	0.340231	0.265671	0.0745605	0	0	0	
74	0.139389	0.105702	0.0334494	0.000237014	0.622386	0.471973	0.149354	0.00105829	0.00028328	0.00126487	
75	0.178955	0.142421	0.0361463	0.000387564	0.799054	0.635927	0.161397	0.00173051	0.000506747	0.00226267	
76	0.162058	0.139883	0.0218966	0.000278316	0.723606	0.624593	0.0977705	0.00124271	0.000316665	0.00141394	
77	0.0886995	0.0886995	0	0	0.396052	0.396052	0	0	0	0	
78	0.139742	0.0977091	0.0416272	0.000406103	0.623964	0.436281	0.185869	0.00181329	0.000435712	0.0019455	
79	0.154653	0.135622	0.018949	8.20202e-05	0.690544	0.605568	0.0846095	0.000366228	0.000148285	0.000662109	
80	0.136558	0.123859	0.0126832	1.6229e-05	0.609748	0.553044	0.0566321	7.24643e-05	1.73511e-05	7.74745e-05	
81	0.108465	0.105112	0.00335288	0	0.484308	0.469337	0.0149709	0	0	0	
82	0.25096	0.159431	0.0895855	0.00194433	1.12056	0.711875	0.400008	0.00868164	0.00266929	0.0119186	
83	0.15952	0.123852	0.0356176	5.05507e-05	0.712274	0.553012	0.159036	0.000225714	8.33867e-05	0.00037233	
84	0.112769	0.0951538	0.0176152	1.83083e-07	0.503526	0.424871	0.078654	8.17485e-07	3.88782e-07	1.73595e-06	
85	0.139264	0.100022	0.0392422	0	0.621829	0.446609	0.17522	0	0	0	
86	0.165441	0.144641	0.0208001	0	0.738714	0.645839	0.0928747	0	0	0	
87	0.0804337	0.0767736	0.00366001	0	0.359144	0.342802	0.0163423	0	0	0	
88	0.0836078	0.0807536	0.00285335	8.87123e-07	0.373317	0.360573	0.0127405	3.96109e-06	8.62954e-07	3.85317e-06	
89	0.0780301	0.076129	0.00189141	9.68818e-06	0.348412	0.339923	0.00844535	4.32587e-05	9.66398e-06	4.31506e-05	
90	0.108463	0.0977414	0.0107114	1.03908e-05	0.484299	0.436425	0.0478276	4.6396e-05	1.36696e-05	6.10364e-05	
91	0.106326	0.101275	0.00505013	7.10234e-08	0.474756	0.452207	0.0225493	3.17126e-07	9.46128e-08	4.22455e-07	
92	0.0854777	0.0829648	0.0025116	1.35175e-06	0.381666	0.370446	0.0112145	6.03573e-06	1.906e-06	8.51048e-06	
93	0.0966636	0.0893068	0.00735617	6.02884e-07	0.431612	0.398764	0.032846	2.69193e-06	2.23391e-06	9.97466e-06	
94	0.0921437	0.0848535	0.00729017	0	0.411431	0.378879	0.0325513	0	0	0	
95	0.150475	0.130098	0.020377	0	0.671888	0.580902	0.0909856	0	0	0	
96	0.206242	0.157898	0.048063	0.000281875	0.920895	0.70503	0.214606	0.0012586	0.000726253	0.00324279	
97	0.112606	0.0937194	0.0188179	6.95154e-05	0.5028	0.418466	0.0840238	0.000310393	9.18668e-05	0.000410194	
98	0.107981	0.0886802	0.0192735	2.77126e-05	0.482147	0.395965	0.0860582	0.000123739	2.81438e-05	0.000125664	
99	0.107929	0.0994258	0.00850183	2.24431e-06	0.481917	0.443946	0.0379615	1.0021e-05	4.53595e-06	2.02535e-05	
100	0.0990979	0.0914095	0.00767654	1.18805e-05	0.442482	0.408152	0.0342765	5.30479e-05	1.56897e-05	7.00563e-05	
101	0.145956	0.143409	0.00254668	0	0.65171	0.640339	0.0113711	0	0	0	
102	0.15804	0.1066	0.0513422	9.76512e-05	0.705666	0.475982	0.229248	0.000436022	0.000123019	0.000549292	
103	0.0777643	0.0728693	0.00489495	1.51971e-07	0.347225	0.325368	0.0218564	6.78567e-07	1.8641e-07	8.32342e-07	
104	0.106559	0.0827893	0.0236893	8.1016e-05	0.475799	0.369662	0.105775	0.000361744	0.000118357	0.000528476	
105	0.0941891	0.0856887	0.0083998	0.000100621	0.420563	0.382608	0.0375059	0.000449287	0.00011438	0.000510721	
106	0.144173	0.110846	0.0333273	6.11292e-07	0.643751	0.494938	0.14881	2.72948e-06	8.16002e-07	3.64353e-06	
107	0.224921	0.145788	0.0788562	0.000276716	1.00429	0.65096	0.3521	0.00123556	0.000371162	0.00165727	
108	0.102241	0.0963165	0.00591174	1.31691e-05	0.456518	0.430063	0.0263965	5.88016e-05	1.63142e-05	7.28446e-05	
109	0.127508	0.107433	0.0200464	2.80726e-05	0.569337	0.479703	0.0895095	0.000125347	3.81336e-05	0.00017027	
110	0.115136	0.107952	0.00718444	0	0.514097	0.482018	0.0320792	0	0	0	
111	0.102233	0.0956389	0.00658273	1.15359e-05	0.456481	0.427037	0.0293925	5.15089e-05	1.45813e-05	6.51072e-05	
112	0.100577	0.0942221	0.00635025	4.83145e-06	0.449087	0.420711	0.0283545	2.15729e-05	7.31984e-06	3.26838e-05	
113	0.0937595	0.0912088	0.00255014	5.70707e-07	0.418645	0.407256	0.0113866	2.54826e-06	1.32594e-06	5.92045e-06	
114	0.157368	0.123389	0.0335786	0.000400838	0.702666	0.550944	0.149932	0.00178978	0.000687329	0.00306899	
115	0.11211	0.106156	0.0059536	5.15562e-07	0.500584	0.473999	0.0265834	2.30203e-06	8.35711e-07	3.73153e-06	
116	0.120463	0.113656	0.00680416	2.6006e-06	0.537881	0.507489	0.0303812	1.16119e-05	2.86687e-06	1.28008e-05	
117	0.108845	0.096259	0.012586	3.06964e-07	0.486005	0.429806	0.056198	1.37062e-06	3.20489e-07	1.43101e-06	
118	0.103135	0.100982	0.00215331	4.06992e-08	0.46051	0.450895	0.00961476	1.81726e-07	7.50802e-08	3.3524e-07	
119	0.116799	0.112858	0.00394154	0	0.521522	0.503922	0.0175993	0	0	0	
120	0.104153	0.0955356	0.00860819	9.73973e-06	0.465055	0.426576	0.0384364	4.34888e-05	1.67097e-05	7.46108e-05	
121	0.087096	0.0837974	0.00329621	2.46495e-06	0.388892	0.374163	0.0147179	1.10062e-05	5.88226e-06	2.62648e-05	
122	0.189821	0.156666	0.032973	0.000181768	0.847569	0.69953	0.147228	0.000811615	0.000256158	0.00114377	
123	0.110683	0.10629	0.00439301	0	0.494211	0.474595	0.0196152	0	0	0	
124	0.161247	0.0957263	0.063185	0.00233616	0.719986	0.427427	0.282127	0.0104311	0.00543719	0.0242775	
125	0.107224	0.102722	0.00450161	3.15696e-07	0.478768	0.458667	0.0201001	1.40961e-06	4.44855e-07	1.98632e-06	
126	0.138521	0.103667	0.0344367	0.000416669	0.61851	0.462886	0.153763	0.00186047	0.000900281	0.00401984	
127	0.212042	0.190353	0.0215864	0.000101641	0.946788	0.849949	0.0963857	0.000453837	0.000125291	0.00055944	
128	0.136759	0.119862	0.0168839	1.22183e-05	0.610643	0.5352	0.0753884	5.45561e-05	1.36874e-05	6.11159e-05	
129	0.123379	0.117277	0.0060976	4.02753e-06	0.5509	0.523656	0.0272264	1.79833e-05	4.37365e-06	1.95288e-05	
130	0.0988966	0.095611	0.00328482	7.56808e-07	0.441583	0.426912	0.014667	3.37922e-06	1.00334e-06	4.48004e-06	
131	0.130839	0.123813	0.00701453	1.09707e-05	0.58421	0.55284	0.0313205	4.89855e-05	1.16305e-05	5.19316e-05	
132	0.120127	0.0846002	0.0355236	3.60892e-06	0.536381	0.377748	0.158616	1.61142e-05	8.02474e-06	3.58313e-05	
133	0.142287	0.110084	0.0319663	0.000236495	0.635327	0.491539	0.142732	0.00105597	0.000482486	0.00215434	
134	0.0968785	0.0950114	0.00186707	9.57428e-08	0.432572	0.424235	0.00833668	4.27501e-07	3.25107e-07	1.45163e-06	
135	0.0728116	0.0700925	0.0027191	0	0.325111	0.31297	0.012141	0	0	0	
136	0.106492	0.102832	0.00364952	1.1162e-05	0.475501	0.459156	0.0162955	4.98395e-05	1.1326e-05	5.05718e-05	
137	0.111654	0.101447	0.0101556	5.09421e-05	0.498548	0.452975	0.0453457	0.000227461	7.74138e-05	0.00034566	
138	0.112552	0.103662	0.00888673	3.23924e-06	0.50256	0.462865	0.0396801	1.44635e-05	6.33664e-06	2.82937e-05	
139	0.111457	0.105512	0.00594468	0	0.497668	0.471125	0.0265436	0	0	0	
140	0.135394	0.120263	0.0150687	6.24267e-05	0.60455	0.536989	0.0672832	0.000278741	8.10627e-05	0.000361953	
141	0.100056	0.0924167	0.00763436	5.00224e-06	0.44676	0.41265	0.0340881	2.23355e-05	7.07394e-06	3.15858e-05	
142	0.0844008	0.0828863	0.00151446	0	0.376858	0.370095	0.00676224	0	0	0	
143	0.155948	0.153788	0.00215906	0	0.696323	0.686683	0.00964045	0	0	0	
144	0.0992209	0.098123	0.00109781	4.20606e-08	0.443031	0.438129	0.00490187	1.87804e-07	1.48344e-07	6.62373e-07	
145	0.09086	0.0862073	0.00465275	0	0.405699	0.384924	0.020775	0	0	0	
146	0.064187	0.0607971	0.00338987	0	0.286601	0.271465	0.0151361	0	0	0	
147	0.0768941	0.0722395	0.00464211	1.25447e-05	0.343339	0.322556	0.0207274	5.60136e-05	1.5388e-05	6.87093e-05	
148	0.112277	0.107144	0.00513307	0	0.501328	0.478408	0.0229196	0	0	0	
149	0.110376	0.0992971	0.0110709	8.61873e-06	0.492842	0.443371	0.049433	3.84834e-05	1.3497e-05	6.02655e-05	
150	0.0899931	0.0820976	0.00789373	1.72643e-06	0.401828	0.366574	0.0352462	7.70869e-06	1.70193e-06	7.5993e-06	
151	0.133456	0.123689	0.00976191	6.01698e-06	0.595898	0.552284	0.0435879	2.68664e-05	9.25773e-06	4.13367e-05	
152	0.100134	0.0842549	0.0158178	6.20929e-05	0.447111	0.376206	0.070628	0.000277251	8.58593e-05	0.00038337	
153	0.139871	0.134808	0.00506257	0	0.624539	0.601934	0.0226049	0	0	0	
154	0.103967	0.0971357	0.00682966	2.15152e-06	0.464225	0.43372	0.0304951	9.60676e-06	2.86583e-06	1.27962e-05	
155	0.11347	0.0913126	0.0221575	6.94707e-07	0.506658	0.407719	0.0989356	3.10193e-06	9.30512e-06	4.15482e-05	
156	0.102947	0.094206	0.00873533	6.18015e-06	0.459671	0.420639	0.0390041	2.7595e-05	6.1556e-06	2.74853e-05	
157	0.0889201	0.087848	0.00107207	0	0.397037	0.39225	0.00478692	0	0	0	
158	0.111841	0.10292	0.00891102	1.01306e-05	0.499382	0.459549	0.0397886	4.52343e-05	1.56759e-05	6.99945e-05	
159	0.104844	0.0987161	0.006128	0	0.468139	0.440777	0.0273621	0	0	0	
160	0.167415	0.154958	0.0124574	0	0.747528	0.691905	0.0556237	0	0	0	
161	0.217804	0.173028	0.0447297	4.61491e-05	0.972519	0.77259	0.199722	0.00020606	8.40116e-05	0.00037512	
162	0.113336	0.0937867	0.0195026	4.73651e-05	0.506059	0.418767	0.0870812	0.00021149	6.83814e-05	0.000305329	
163	0.0915354	0.0781763	0.0133375	2.15191e-05	0.408714	0.349065	0.0595535	9.60853e-05	2.98966e-05	0.000133491	
164	0.122104	0.0893272	0.0327327	4.48727e-05	0.54521	0.398855	0.146154	0.000200361	6.57393e-05	0.000293532	
165	0.152193	0.114714	0.0371531	0.000325239	0.679557	0.512213	0.165892	0.00145222	0.000453557	0.00202517	
166	0.101027	0.0970029	0.00402423	0	0.451096	0.433127	0.0179686	0	0	0	
167	0.108457	0.0967006	0.0117414	1.58466e-05	0.484275	0.431778	0.0524267	7.0757e-05	2.14629e-05	9.58341e-05	
168	0.106938	0.0976421	0.00929139	4.74332e-06	0.477489	0.435981	0.041487	2.11794e-05	9.19184e-06	4.10425e-05	
169	0.0991935	0.0943785	0.00478432	3.06495e-05	0.442909	0.421409	0.0213625	0.000136853	3.08701e-05	0.000137838	
170	0.14066	0.108221	0.0319389	0.000499928	0.628063	0.483221	0.14261	0.00223223	0.000578447	0.00258282	
171	0.217318	0.194557	0.0227507	1.02461e-05	0.97035	0.86872	0.101584	4.57502e-05	1.46709e-05	6.55071e-05	
172	0.133812	0.12165	0.0121622	0	0.597487	0.543181	0.0543055	0	0	0	
173	0.198366	0.13515	0.0628767	0.000339776	0.885727	0.603459	0.280751	0.00151713	0.000614962	0.00274587	
174	0.119816	0.112809	0.00700727	0	0.534994	0.503706	0.0312881	0	0	0	
175	0.107241	0.0958875	0.0113525	1.08322e-06	0.478842	0.428147	0.0506904	4.83668e-06	1.63475e-06	7.29935e-06	
176	0.110784	0.0944803	0.0161532	0.00015059	0.494662	0.421864	0.0721259	0.000672402	0.000182859	0.000816484	
177	0.195403	0.141265	0.0538991	0.000238667	0.872496	0.630765	0.240664	0.00106567	0.000323032	0.00144237	
178	0.132475	0.106032	0.0263711	7.12729e-05	0.591514	0.473446	0.117749	0.000318241	0.000150646	0.000672652	
179	0.206865	0.139908	0.066046	0.000910193	0.923672	0.624706	0.294902	0.0040641	0.00120849	0.00539606	
180	0.119703	0.10106	0.0185718	7.03976e-05	0.534486	0.451247	0.0829251	0.000314332	8.55904e-05	0.000382169	
181	0.135612	0.124874	0.0107362	1.9447e-06	0.605525	0.557578	0.0479382	8.68331e-06	2.14005e-06	9.55556e-06	
182	0.104415	0.0990601	0.00535519	0	0.466224	0.442313	0.0239114	0	0	0	
183	0.116283	0.111119	0.00516419	2.55237e-08	0.519217	0.496158	0.0230586	1.13966e-07	6.1308e-08	2.73746e-07	
184	0.0975394	0.0877065	0.0098277	5.13206e-06	0.435523	0.391618	0.0438816	2.29152e-05	1.41738e-05	6.32878e-05	
185	0.100663	0.0822807	0.0183565	2.61412e-05	0.449472	0.367391	0.0819638	0.000116723	2.63681e-05	0.000117736	
186	0.133266	0.113394	0.0198722	4.23583e-08	0.595048	0.506316	0.0887315	1.89134e-07	7.90728e-08	3.53068e-07	
187	0.0896192	0.0879561	0.00166313	0	0.400159	0.392732	0.00742608	0	0	0	
188	0.0847281	0.0803856	0.00434132	1.23908e-06	0.378319	0.358929	0.0193844	5.53264e-06	1.55032e-06	6.92235e-06	
189	0.11066	0.101923	0.00872799	9.24447e-06	0.49411	0.455098	0.0389713	4.12775e-05	1.35158e-05	6.03496e-05	
190	0.0675887	0.0591633	0.0084254	0	0.30179	0.26417	0.0376202	0	0	0	
191	0.32908	0.212572	0.114788	0.00171988	1.46937	0.949155	0.512542	0.00767944	0.00198791	0.00887625	
192	0.0727268	0.0727268	0	0	0.324732	0.324732	0	0	0	0	
193	0.117982	0.117982	0	0	0.526805	0.526805	0	0	0	0	
194	0.156555	0.120638	0.0355571	0.000359709	0.699036	0.538664	0.158766	0.00160613	0.00038565	0.00172196	
195	0.0890011	0.0883	0.000701095	3.2747e-08	0.397398	0.394268	0.00313046	1.46218e-07	3.57819e-08	1.59769e-07	
196	0.0890742	0.0890742	0	0	0.397725	0.397725	0	0	0	0	
197	0.0695479	0.0558237	0.0134721	0.000252068	0.310538	0.249258	0.0601544	0.00112551	0.000252043	0.0011254	
198	0.148945	0.113891	0.0345271	0.000526583	0.665056	0.508538	0.154167	0.00235124	0.000608941	0.00271898	
199	0.140153	0.113929	0.0262249	2.67127e-08	0.625801	0.508704	0.117096	1.19275e-07	8.53177e-09	3.80952e-08	
200	0.112018	0.0869011	0.0251178	0	0.500175	0.388022	0.112153	0	0	0	
201	0.155729	0.100226	0.0535611	0.00194224	0.695349	0.447521	0.239155	0.00867231	0.00228229	0.0101906	
202	0.105477	0.105477	0	0	0.470968	0.470968	0	0	0	0	
203	0.0967881	0.0941489	0.00263864	5.28524e-07	0.432168	0.420384	0.0117817	2.35991e-06	7.05894e-07	3.15189e-06	
204	0.177035	0.133283	0.0432594	0.000493045	0.790482	0.595122	0.193157	0.00220149	0.000831863	0.00371435	
205	0.114738	0.0895154	0.0251731	5.02746e-05	0.51232	0.399695	0.1124	0.000224481	6.54926e-05	0.000292431	
206	0.183356	0.148753	0.0345122	9.11587e-05	0.818706	0.664198	0.1541	0.000407032	0.000108332	0.000483716	
207	0.0647713	0.0517022	0.0130688	2.99026e-07	0.28921	0.230855	0.0583536	1.33518e-06	1.23793e-06	5.52749e-06	
208	0.102472	0.0978905	0.00458232	0	0.457551	0.437091	0.0204605	0	0	0	
209	0.147866	0.0948185	0.0530444	3.29301e-06	0.660237	0.423374	0.236848	1.47036e-05	1.05982e-05	4.73222e-05	
210	0.114507	0.113205	0.00130194	0	0.511287	0.505474	0.00581329	0	0	0	
211	0.163733	0.10307	0.060663	0	0.731085	0.460219	0.270866	0	0	0	
212	0.11585	0.11585	0	0	0.517285	0.517285	0	0	0	0	
213	0.235278	0.163908	0.0710749	0.000294914	1.05054	0.731869	0.317356	0.00131682	0.00031215	0.00139378	
214	0.11889	0.115296	0.00359309	8.15865e-07	0.530858	0.514811	0.0160435	3.64292e-06	1.01187e-05	4.5181e-05	
215	0.180753	0.16087	0.0198676	1.53343e-05	0.807082	0.718303	0.0887109	6.84694e-05	2.20763e-05	9.85732e-05	
216	0.0979721	0.084424	0.0135453	2.76073e-06	0.437455	0.376961	0.0604813	1.23269e-05	3.51602e-06	1.56993e-05	
217	0.190786	0.140244	0.0498919	0.000650538	0.851881	0.626204	0.222772	0.00290471	0.000950864	0.0042457	
218	0.0972549	0.0967162	0.000538701	0	0.434253	0.431847	0.00240535	0	0	0	
219	0.132903	0.132445	0.000457754	0	0.593426	0.591382	0.00204391	0	0	0	
220	0.0938261	0.0834327	0.0103933	0	0.418942	0.372535	0.0464071	0	0	0	
221	0.112227	0.0934202	0.0187653	4.23437e-05	0.501109	0.41713	0.0837891	0.000189068	5.13621e-05	0.000229337	
222	0.0500597	0.0500413	1.84082e-05	0	0.223521	0.223439	8.21948e-05	0	0	0	
223	0.0963206	0.0963206	0	0	0.430081	0.430081	0	0	0	0	
224	0.158598	0.14456	0.014038	2.96209e-07	0.708157	0.645474	0.0626811	1.3226e-06	2.76877e-07	1.23628e-06	
225	0.0819451	0.0779282	0.00398865	2.82993e-05	0.365893	0.347957	0.0178097	0.000126359	2.87885e-05	0.000128543	
226	0.231956	0.223959	0.0079843	1.30587e-05	1.0357	1	0.0356507	5.83086e-05	1.34902e-05	6.02354e-05	
227	0.0844399	0.0818604	0.00257954	0	0.377032	0.365514	0.0115179	0	0	0	
228	0.0886417	0.0789534	0.00968733	1.06331e-06	0.395794	0.352534	0.0432548	4.74782e-06	1.03886e-06	4.63863e-06	
229	0.126407	0.123271	0.003136	0	0.564423	0.55042	0.0140025	0	0	0	
230	0.106878	0.106045	0.00083265	0	0.477222	0.473504	0.00371786	0	0	0	
231	0.0916924	0.091556	0.00013647	0	0.409416	0.408806	0.000609356	0	0	0	
232	0.0827748	0.0746983	0.00807656	0	0.369598	0.333535	0.0360626	0	0	0	
233	0.0784338	0.0777277	0.00070605	0	0.350214	0.347062	0.00315258	0	0	0	
234	0.103766	0.103766	0	0	0.463329	0.463329	0	0	0	0	
235	0.135547	0.135547	0	0	0.605233	0.605233	0	0	0	0	
236	0.0679791	0.0658291	0.00214996	0	0.303533	0.293933	0.00959981	0	0	0	
237	0.0489908	0.0471263	0.00186449	0	0.218749	0.210423	0.00832515	0	0	0	
238	0.0892186	0.0890444	0.000174268	0	0.39837	0.397592	0.000778125	0	0	0	
239	0.13913	0.121358	0.0177711	6.52547e-07	0.621232	0.541879	0.07935	2.91369e-06	8.13014e-07	3.63019e-06	
240	0.0938058	0.0902161	0.00358974	0	0.418852	0.402824	0.0160285	0	0	0	
241	0.140628	0.117998	0.0225601	7.03093e-05	0.627921	0.526874	0.100733	0.000313938	7.08607e-05	0.0003164	
242	0.0862946	0.0851442	0.00115039	0	0.385314	0.380177	0.00513664	0	0	0	
243	0.0857073	0.0857073	0	0	0.382691	0.382691	0	0	0	0	
244	0.0884639	0.0884006	6.32911e-05	0	0.395	0.394717	0.000282601	0	0	0	
245	0.127294	0.0947746	0.03193	0.000589925	0.568382	0.423178	0.14257	0.00263407	0.000645467	0.00288207	
246	0.105259	0.0892017	0.0160574	0	0.469993	0.398294	0.0716981	0	0	0	
247	0.110553	0.106784	0.00375582	1.31804e-05	0.49363	0.476801	0.0167701	5.8852e-05	1.43216e-05	6.39475e-05	
248	0.0832845	0.0832845	0	0	0.371873	0.371873	0	0	0	0	
249	0.0720846	0.0697484	0.00233588	2.83949e-07	0.321865	0.311433	0.0104299	1.26786e-06	3.63591e-07	1.62347e-06	
250	0.0683175	0.066405	0.00190465	7.86388e-06	0.305044	0.296504	0.00850447	3.5113e-05	7.8397e-06	3.5005e-05	
251	0.125605	0.108871	0.0166729	6.03126e-05	0.560838	0.486123	0.0744465	0.000269301	6.02883e-05	0.000269193	
252	0.0781195	0.069023	0.0089864	0.000110196	0.348811	0.308194	0.0401251	0.00049204	0.000113648	0.000507451	
253	0.0978932	0.0974563	0.000436957	0	0.437103	0.435152	0.00195105	0	0	0	
254	0.0774916	0.0773833	0.000108293	0	0.346007	0.345524	0.000483543	0	0	0	
255	0.0867839	0.0864076	0.000375988	2.95628e-07	0.387498	0.385818	0.00167882	1.32e-06	2.71386e-07	1.21176e-06	
256	0.100962	0.0963622	0.00460015	4.41083e-07	0.450808	0.430266	0.0205401	1.96948e-06	6.30861e-07	2.81686e-06	
257	0.08977	0.0884732	0.00129682	0	0.400832	0.395041	0.00579043	0	0	0	
258	0.100294	0.0958409	0.00444942	3.96123e-06	0.447824	0.427939	0.0198671	1.76872e-05	5.54667e-06	2.47664e-05	
259	0.0519262	0.0451024	0.00675927	6.45203e-05	0.231855	0.201386	0.0301808	0.000288089	6.97593e-05	0.000311482	
260	0.0426262	0.0415917	0.00103448	0	0.19033	0.185711	0.00461908	0	0	0	
261	0.110039	0.109462	0.00057705	0	0.491339	0.488762	0.00257658	0	0	0	
262	0.113994	0.110693	0.00330051	0	0.508996	0.494259	0.0147371	0	0	0	
263	0.0602994	0.0436001	0.0165946	0.000104719	0.269243	0.194678	0.0740966	0.000467582	0.000259244	0.00115755	
264	0.202979	0.139449	0.0628529	0.000676684	0.906323	0.622657	0.280644	0.00302146	0.00134152	0.00599002	
265	0.0492181	0.0431985	0.0060073	1.23304e-05	0.219764	0.192885	0.0268232	5.50565e-05	1.61208e-05	7.19812e-05	
266	0.0848787	0.0831125	0.00176246	3.7743e-06	0.378992	0.371105	0.00786959	1.68526e-05	3.75009e-06	1.67445e-05	
267	0.0464224	0.0453879	0.00103448	0	0.20728	0.202661	0.00461908	0	0	0	
268	0.084872	0.0848671	4.89476e-06	0	0.378962	0.37894	2.18556e-05	0	0	0	
269	0.208702	0.204043	0.00465825	5.39662e-07	0.931877	0.911075	0.0207995	2.40964e-06	5.49615e-07	2.45408e-06	
270	0.107043	0.106934	0.000108293	0	0.477958	0.477474	0.000483543	0	0	0	
271	0.0842658	0.0842658	0	0	0.376255	0.376255	0	0	0	0	
272	0.103238	0.103238	0	0	0.460969	0.460969	0	0	0	0	
273	0.117271	0.0912522	0.0258457	0.000173584	0.523629	0.40745	0.115403	0.00077507	0.00023554	0.0010517	
274	0.102921	0.093881	0.00904012	3.22336e-08	0.459553	0.419188	0.040365	1.43926e-07	1.06498e-07	4.75527e-07	
275	0.118609	0.110721	0.0078125	7.56951e-05	0.529601	0.49438	0.0348836	0.000337986	8.28602e-05	0.000369979	
276	0.0915282	0.0893844	0.00214387	0	0.408682	0.39911	0.00957262	0	0	0	
277	0.107599	0.103573	0.00402455	1.71219e-06	0.480443	0.462465	0.01797	7.64511e-06	2.46461e-06	1.10047e-05	
278	0.178077	0.147294	0.030696	8.65165e-05	0.795133	0.657686	0.13706	0.000386304	0.000188482	0.000841594	
279	0.0779886	0.0766771	0.00131153	0	0.348227	0.34237	0.00585615	0	0	0	
280	0.137349	0.120805	0.0165411	2.76941e-06	0.613279	0.539409	0.0738577	1.23656e-05	4.01747e-06	1.79384e-05	
281	0.114747	0.0946689	0.0200537	2.50373e-05	0.51236	0.422706	0.0895421	0.000111794	3.09955e-05	0.000138398	
282	0.083913	0.0808463	0.0030667	0	0.37468	0.360986	0.0136931	0	0	0	
283	0.0992594	0.0907032	0.00854148	1.47528e-05	0.443203	0.404999	0.0381385	6.58729e-05	2.15326e-05	9.61454e-05	
284	0.143865	0.11009	0.0337569	1.76294e-05	0.642373	0.491567	0.150728	7.87171e-05	4.48263e-05	0.000200154	
285	0.103128	0.0868173	0.0163109	0	0.460478	0.387648	0.07283	0	0	0	
286	0.127075	0.0816869	0.045389	0	0.567406	0.36474	0.202666	0	0	0	
287	0.0738143	0.0650722	0.00874209	0	0.329588	0.290554	0.0390343	0	0	0	
288	0.217502	0.139821	0.0760019	0.0016794	0.971171	0.624317	0.339356	0.0074987	0.00230112	0.0102747	
289	0.065544	0.0653165	0.000227492	0	0.29266	0.291645	0.00101577	0	0	0	
290	0.0693771	0.0686587	0.000718409	0	0.309775	0.306568	0.00320777	0	0	0	
291	0.210471	0.136511	0.0724983	0.00146162	0.939776	0.609537	0.323712	0.00652628	0.00221118	0.00987315	
292	0.13842	0.116105	0.0222683	4.61424e-05	0.618059	0.518423	0.0994303	0.00020603	5.37576e-05	0.000240033	
293	0.0696109	0.0473411	0.0222698	0	0.310819	0.211382	0.099437	0	0	0	
294	0.0657599	0.0607015	0.00501419	4.4225e-05	0.293624	0.271038	0.0223888	0.000197469	6.0865e-05	0.000271768	
295	0.181736	0.151429	0.0300792	0.000227232	0.811469	0.676147	0.134307	0.00101461	0.000330168	0.00147423	
296	0.117732	0.117732	0	0	0.525688	0.525688	0	0	0	0	
297	0.17254	0.145881	0.0265924	6.64775e-05	0.770409	0.651374	0.118737	0.000296828	9.18749e-05	0.00041023	
298	0.106948	0.0904012	0.0163289	0.00021844	0.477535	0.40365	0.0729102	0.000975356	0.000265227	0.00118426	
299	0.09657	0.079037	0.0175166	1.6374e-05	0.431194	0.352908	0.0782136	7.31118e-05	1.63503e-05	7.30058e-05	
300	0.0770965	0.0763781	0.000718409	0	0.344243	0.341036	0.00320777	0	0	0	
301	0.0708854	0.0619404	0.00890978	3.53057e-05	0.31651	0.27657	0.039783	0.000157643	4.85705e-05	0.000216872	
302	0.0725048	0.0690168	0.00348431	3.69363e-06	0.323741	0.308167	0.0155578	1.64924e-05	7.98288e-06	3.56443e-05	
303	0.12351	0.105306	0.018159	4.59009e-05	0.551488	0.470201	0.081082	0.000204952	6.15783e-05	0.000274953	
304	0.0949926	0.0949926	0	0	0.424151	0.424151	0	0	0	0	
305	0.0536176	0.0410755	0.0125322	9.84111e-06	0.239407	0.183406	0.0559575	4.39415e-05	1.43827e-05	6.42202e-05	
306	0.0651208	0.0526813	0.0124394	0	0.29077	0.235227	0.0555433	0	0	0	
307	0.0906818	0.0868877	0.00379406	0	0.404903	0.387962	0.0169408	0	0	0	
308	0.0938714	0.0751672	0.0187042	0	0.419145	0.335629	0.0835162	0	0	0	
309	0.122961	0.11024	0.0125717	0.000149448	0.549037	0.492235	0.056134	0.000667304	0.000158919	0.00070959	
310	0.147008	0.142658	0.00434325	6.44376e-06	0.656406	0.636985	0.019393	2.8772e-05	9.48711e-06	4.23609e-05	
311	0.0775831	0.0735937	0.00397661	1.27703e-05	0.346416	0.328603	0.0177559	5.7021e-05	1.61953e-05	7.23136e-05	
312	0.136735	0.0953873	0.0408648	0.000483531	0.610538	0.425913	0.182465	0.00215901	0.000554416	0.00247552	
313	0.103999	0.0929881	0.0109917	1.96407e-05	0.464367	0.415201	0.0490791	8.76981e-05	2.01405e-05	8.99296e-05	
314	0.0799581	0.0769127	0.00304542	0	0.357021	0.343423	0.0135981	0	0	0	
315	0.108457	0.0945283	0.0138767	5.26593e-05	0.484274	0.422078	0.0619612	0.000235129	6.29434e-05	0.000281048	
316	0.0726839	0.0702712	0.00241077	1.96952e-06	0.324541	0.313767	0.0107643	8.79414e-06	2.0053e-06	8.95386e-06	
317	0.122527	0.0764039	0.0454186	0.000704848	0.547097	0.341151	0.202798	0.00314721	0.000744821	0.0033257	
318	0.174977	0.121701	0.0532759	0	0.78129	0.543408	0.237882	0	0	0	
319	0.245038	0.14291	0.0992378	0.00289061	1.09412	0.638109	0.443106	0.0129068	0.00426245	0.0190323	
320	0.0915681	0.0757373	0.0157387	9.20935e-05	0.40886	0.338174	0.0702749	0.000411206	0.000143232	0.000639549	
321	0.146267	0.0983491	0.046999	0.000919654	0.6531	0.439138	0.209855	0.00410634	0.000994103	0.00443877	
322	0.141052	0.0784366	0.0621014	0.000514634	0.629814	0.350227	0.277288	0.00229789	0.000686148	0.00306372	
323	0.0976211	0.0944248	0.00319633	0	0.435888	0.421616	0.0142719	0	0	0	
324	0.125727	0.12463	0.00109678	0	0.561386	0.556488	0.00489727	0	0	0	
325	0.0909115	0.0898209	0.00109057	0	0.405929	0.401059	0.00486954	0	0	0	
326	0.0739058	0.0707518	0.00315399	0	0.329996	0.315913	0.0140829	0	0	0	
327	0.0772854	0.0748019	0.00248357	0	0.345087	0.333998	0.0110894	0	0	0	
328	0.0904886	0.0903083	0.000180332	0	0.40404	0.403235	0.000805203	0	0	0	
329	0.0973492	0.0910655	0.0062256	5.81395e-05	0.434674	0.406616	0.0277979	0.000259598	6.15424e-05	0.000274793	
330	0.144993	0.0878876	0.0552701	0.00183569	0.64741	0.392427	0.246786	0.00819653	0.002263	0.0101045	
331	0.126874	0.116339	0.0104958	3.93266e-05	0.566507	0.519467	0.0468648	0.000175597	5.10619e-05	0.000227996	
332	0.107845	0.095936	0.0118716	3.75899e-05	0.481539	0.428364	0.0530078	0.000167842	4.98038e-05	0.000222379	
333	0.122135	0.0980058	0.0241294	0	0.545346	0.437605	0.10774	0	0	0	
334	0.139514	0.0880292	0.0513279	0.000157717	0.622947	0.393059	0.229184	0.000704225	0.000247522	0.00110521	
335	0.0823372	0.0800894	0.0022478	0	0.367644	0.357607	0.0100366	0	0	0	
336	0.109432	0.08903	0.0202351	0.000167438	0.488627	0.397527	0.0903518	0.00074763	0.000180005	0.000803741	
337	0.120056	0.111312	0.00872801	1.54912e-05	0.536063	0.497022	0.0389714	6.917e-05	2.20383e-05	9.84032e-05	
338	0.112757	0.101216	0.0115058	3.55694e-05	0.503473	0.451939	0.0513747	0.00015882	4.927e-05	0.000219995	
339	0.0865378	0.0766874	0.00980214	4.82065e-05	0.386399	0.342417	0.0437675	0.000215246	5.38758e-05	0.000240561	
340	0.100671	0.0831894	0.0173908	9.10565e-05	0.449507	0.371449	0.0776516	0.000406576	0.000121068	0.000540582	
341	0.105321	0.103853	0.00146893	0	0.470272	0.463714	0.00655895	0	0	0	
342	0.106681	0.0750527	0.0316282	0	0.476341	0.335117	0.141223	0	0	0	
343	0.142249	0.0878455	0.0528423	0.00156124	0.635156	0.392238	0.235946	0.00697112	0.00317173	0.0141621	
344	0.083134	0.0821223	0.00101106	6.78953e-07	0.371201	0.366684	0.00451448	3.03159e-06	1.00986e-06	4.50915e-06	
345	0.129033	0.0946745	0.0340269	0.000332429	0.576149	0.422731	0.151933	0.00148433	0.00069461	0.0031015	
346	0.144826	0.0978463	0.0461473	0.000833197	0.646666	0.436893	0.206052	0.00372031	0.00110838	0.00494903	
347	0.0974334	0.0751716	0.0221899	7.18737e-05	0.435049	0.335648	0.0990803	0.000320923	0.00012223	0.000545773	
348	0.0986707	0.0833818	0.015282	6.87422e-06	0.440574	0.372308	0.0682357	3.0694e-05	1.20422e-05	5.37698e-05	
349	0.0834685	0.0719059	0.0115163	4.6276e-05	0.372695	0.321067	0.0514216	0.000206627	5.15259e-05	0.000230068	
350	0.132855	0.0757772	0.0566528	0.000425598	0.593214	0.338353	0.25296	0.00190033	0.000634557	0.00283336	
351	0.151195	0.0933148	0.0574846	0.000395566	0.675101	0.41666	0.256674	0.00176624	0.00050889	0.00227224	
352	0.126938	0.0814058	0.0454682	6.41889e-05	0.566792	0.363485	0.20302	0.00028661	0.000259332	0.00115794	
353	0.0893864	0.0776413	0.0117205	2.45357e-05	0.399119	0.346676	0.0523334	0.000109554	2.79198e-05	0.000124664	
354	0.087914	0.0788532	0.00895992	0.000100886	0.392544	0.352087	0.0400069	0.000450468	0.000103283	0.000461171	
355	0.0836348	0.0830922	0.000542635	0	0.373437	0.371014	0.00242292	0	0	0	
356	0.12629	0.108361	0.0178992	3.01232e-05	0.5639	0.483844	0.0799217	0.000134503	3.98244e-05	0.00017782	
357	0.210446	0.107558	0.0986672	0.00422078	0.939665	0.480259	0.440559	0.0188462	0.00562896	0.0251338	
358	0.16731	0.0974127	0.0684337	0.00146407	0.747058	0.434957	0.305563	0.00653722	0.00318274	0.0142112	
359	0.106181	0.0778359	0.0279768	0.000368473	0.474109	0.347545	0.124919	0.00164527	0.000475911	0.00212499	
360	0.101054	0.0961767	0.00487759	0	0.451217	0.429438	0.0217789	0	0	0	
361	0.0467739	0.0467739	0	0	0.20885	0.20885	0	0	0	0	
362	0.102949	0.0866563	0.0162638	2.94758e-05	0.45968	0.386929	0.0726195	0.000131612	4.18524e-05	0.000186875	
363	0.0488532	0.0488532	0	0	0.218134	0.218134	0	0	0	0	
364	0.128602	0.112858	0.0157442	2.34906e-07	0.574224	0.503923	0.0702996	1.04888e-06	3.55092e-07	1.58552e-06	
365	0.0847822	0.0788399	0.00591382	2.84842e-05	0.378561	0.352028	0.0264058	0.000127185	3.68138e-05	0.000164377	
366	0.109853	0.0910139	0.0187331	0.000106196	0.490505	0.406386	0.0836451	0.000474177	0.000128917	0.000575627	
367	0.125354	0.104485	0.0207653	0.000103911	0.559722	0.466538	0.0927194	0.000463974	0.000171059	0.000763798	
368	0.0799047	0.0751857	0.00468403	3.49863e-05	0.356782	0.335711	0.0209146	0.000156217	3.49676e-05	0.000156133	
369	0.083491	0.0796864	0.00379753	7.05249e-06	0.372795	0.355808	0.0169563	3.149e-05	1.03657e-05	4.62843e-05	
370	0.114855	0.0909311	0.0237596	0.000164373	0.512839	0.406016	0.106089	0.000733942	0.000254595	0.00113679	
371	0.116123	0.0787106	0.0369961	0.000416888	0.518503	0.35145	0.165191	0.00186144	0.000539706	0.00240984	
372	0.101593	0.0784345	0.0230713	8.77421e-05	0.453625	0.350217	0.103015	0.000391777	0.000108838	0.000485974	
373	0.0843718	0.0785887	0.00577328	9.83861e-06	0.376728	0.350906	0.0257782	4.39303e-05	1.96321e-05	8.76593e-05	
374	0.201111	0.103124	0.0874794	0.0105083	0.897985	0.460459	0.390604	0.0469208	0.0169276	0.0755834	
375	0.144226	0.126142	0.0179624	0.000122133	0.643987	0.563238	0.0802041	0.00054534	0.000125878	0.000562058	
376	0.0995736	0.0981134	0.00146022	0	0.444606	0.438086	0.00652003	0	0	0	
377	0.115144	0.0992879	0.0157945	6.22634e-05	0.514132	0.44333	0.070524	0.000278012	0.000105023	0.000468939	
378	0.126261	0.102879	0.0232441	0.000138026	0.563769	0.459365	0.103787	0.000616301	0.000148289	0.000662126	
379	0.0989754	0.076105	0.0226756	0.000194769	0.441935	0.339816	0.101249	0.000869666	0.000244412	0.00109132	
380	0.109809	0.0817512	0.0279895	6.82976e-05	0.490308	0.365027	0.124976	0.000304955	9.33567e-05	0.000416847	
381	0.103409	0.0791531	0.0241798	7.65901e-05	0.461733	0.353426	0.107965	0.000341982	0.00013234	0.000590914	
382	0.106438	0.103195	0.00324323	5.27046e-07	0.475259	0.460776	0.0144813	2.35331e-06	5.37272e-07	2.39897e-06	
383	0.078665	0.0753009	0.00336406	0	0.351247	0.336226	0.0150208	0	0	0	
384	0.0924163	0.0896531	0.00276313	0	0.412648	0.40031	0.0123376	0	0	0	
385	0.132782	0.106448	0.0261798	0.000153355	0.592885	0.475305	0.116895	0.000684748	0.000171226	0.000764541	
386	0.100503	0.0789589	0.0211069	0.000437564	0.448757	0.352559	0.0942446	0.00195376	0.000548553	0.00244934	
387	0.0944031	0.0835246	0.0106456	0.000232877	0.421519	0.372945	0.0475338	0.00103982	0.000260484	0.00116308	
388	0.0830461	0.0763368	0.00665142	5.79579e-05	0.370809	0.340851	0.0296992	0.000258788	5.7934e-05	0.000258681	
389	0.142348	0.110251	0.0320421	5.51242e-05	0.635599	0.492282	0.143071	0.000246135	6.24437e-05	0.000278817	
390	0.0852364	0.0737451	0.0114474	4.3891e-05	0.380589	0.329279	0.0511138	0.000195977	4.95625e-05	0.000221301	
391	0.0959417	0.0905077	0.00543397	0	0.428389	0.404126	0.0242632	0	0	0	
392	0.101254	0.0494313	0.0511765	0.000646175	0.452109	0.220715	0.228508	0.00288523	0.000744175	0.00332281	
393	0.0851083	0.0802366	0.00487169	0	0.380017	0.358264	0.0217526	0	0	0	
394	0.0961585	0.0918717	0.00428681	0	0.429357	0.410216	0.019141	0	0	0	
395	0.156137	0.137159	0.0189712	6.61359e-06	0.697168	0.61243	0.0847084	2.95303e-05	7.42452e-06	3.31512e-05	
396	0.109597	0.0586693	0.0502932	0.000634844	0.489363	0.261964	0.224564	0.00283464	0.000638385	0.00285045	
397	0.134451	0.100508	0.0336107	0.000332694	0.60034	0.448779	0.150075	0.00148551	0.000466935	0.00208491	
398	0.0912409	0.0904378	0.000803069	0	0.407399	0.403813	0.00358578	0	0	0	
399	0.079399	0.0778998	0.00149918	0	0.354524	0.34783	0.006694	0	0	0	
400	0.151582	0.128033	0.0235462	2.43195e-06	0.676831	0.571684	0.105136	1.08589e-05	2.41798e-06	1.07965e-05	
401	0.102839	0.0998346	0.00300431	0	0.459186	0.445771	0.0134145	0	0	0	
402	0.104329	0.0827428	0.021504	8.27084e-05	0.465841	0.369455	0.0960175	0.000369301	0.000103949	0.000464146	
403	0.114368	0.0881172	0.0260317	0.000219696	0.510667	0.393452	0.116234	0.000980968	0.000243754	0.00108838	
404	0.107914	0.0980014	0.00991348	0	0.48185	0.437586	0.0442646	0	0	0	
405	0.106674	0.106361	0.000313004	0	0.476314	0.474916	0.00139759	0	0	0	
406	0.201099	0.175537	0.0255457	1.56009e-05	0.897927	0.783793	0.114064	6.96596e-05	2.61771e-05	0.000116883	
407	0.120701	0.0848343	0.0355004	0.000366922	0.538945	0.378793	0.158512	0.00163834	0.000659783	0.002946	
408	0.12969	0.126692	0.00299796	0	0.579079	0.565693	0.0133862	0	0	0	
409	0.0927364	0.091297	0.00143931	0	0.414077	0.40765	0.0064267	0	0	0	
410	0.104994	0.0872838	0.0173645	0.000346463	0.468812	0.389731	0.0775344	0.00154699	0.000350757	0.00156616	
411	0.130615	0.116643	0.013972	0	0.583211	0.520825	0.0623865	0	0	0	
412	0.155941	0.121514	0.0343879	3.87261e-05	0.696294	0.542575	0.153545	0.000172916	4.38134e-05	0.000195631	
413	0.0949722	0.0910829	0.0038893	0	0.42406	0.406694	0.0173661	0	0	0	
414	0.148545	0.111994	0.0361249	0.000425638	0.66327	0.500068	0.161301	0.00190051	0.000447159	0.00199661	
415	0.094728	0.091507	0.00322103	0	0.42297	0.408587	0.0143822	0	0	0	
416	0.129089	0.105589	0.0234871	1.27457e-05	0.576396	0.471466	0.104872	5.69109e-05	1.27214e-05	5.68025e-05	
417	0.105215	0.0953015	0.00991348	0	0.469795	0.42553	0.0442646	0	0	0	
418	0.081431	0.0765561	0.00487491	0	0.363597	0.34183	0.0217669	0	0	0	
419	0.139732	0.101645	0.0380461	4.1432e-05	0.623921	0.453856	0.169879	0.000184998	5.05449e-05	0.000225688	
420	0.0833579	0.0833579	0	0	0.372201	0.372201	0	0	0	0	
421	0.0886108	0.0857449	0.00286586	0	0.395656	0.382859	0.0127963	0	0	0	
422	0.10616	0.0806609	0.0249652	0.000534136	0.474016	0.360158	0.111472	0.00238497	0.000534112	0.00238486	
423	0.0676254	0.0557573	0.0118659	2.15717e-06	0.301954	0.248962	0.0529825	9.63199e-06	3.27104e-06	1.46055e-05	
424	0.110219	0.110108	0.000110837	0	0.492138	0.491644	0.0004949	0	0	0	
425	0.0758621	0.0692851	0.00657697	0	0.338732	0.309365	0.0293668	0	0	0	
426	0.114316	0.108616	0.00569503	4.80232e-06	0.510433	0.484983	0.0254288	2.14428e-05	6.02939e-06	2.69218e-05	
427	0.0941635	0.0901262	0.00403384	3.42941e-06	0.420449	0.402422	0.0180115	1.53126e-05	4.33694e-06	1.93649e-05	
428	0.0958819	0.0936876	0.00219294	1.32808e-06	0.428122	0.418324	0.00979172	5.93004e-06	2.10896e-06	9.41672e-06	
429	0.120375	0.0878858	0.03249	0	0.53749	0.392418	0.145071	0	0	0	
430	0.230806	0.211564	0.0192369	4.62365e-06	1.03057	0.944658	0.0858947	2.0645e-05	4.63059e-06	2.0676e-05	
431	0.172147	0.165704	0.00644348	0	0.768657	0.739886	0.0287707	0	0	0	
432	0.135447	0.111753	0.0236721	2.0903e-05	0.604784	0.498992	0.105698	9.3334e-05	3.13111e-05	0.000139807	
433	0.110059	0.0982003	0.0117866	7.28395e-05	0.491428	0.438474	0.0526284	0.000325236	8.68012e-05	0.000387576	
434	0.0832943	0.0802846	0.00300969	0	0.371917	0.358478	0.0134385	0	0	0	
435	0.212688	0.151533	0.0608311	0.000323851	0.949674	0.676611	0.271617	0.00144602	0.000410214	0.00183164	
436	0.128464	0.0858392	0.0420831	0.000542503	0.573608	0.38328	0.187905	0.00242233	0.000729857	0.00325888	
437	0.14181	0.0858884	0.054372	0.00155009	0.633198	0.3835	0.242776	0.00692132	0.0021517	0.00960756	
438	0.172336	0.129984	0.0416286	0.000723436	0.769498	0.580392	0.185876	0.00323021	0.000795981	0.00355413	
439	0.139631	0.126668	0.0129475	1.54788e-05	0.623469	0.565588	0.0578119	6.91146e-05	3.11528e-05	0.0001391	
440	0.0842716	0.0798981	0.00435998	1.35161e-05	0.376281	0.356753	0.0194677	6.03511e-05	1.39498e-05	6.22874e-05	
441	0.0692633	0.0674248	0.00183843	0	0.309267	0.301058	0.0082088	0	0	0	
442	0.149062	0.0946341	0.0521946	0.00223396	0.66558	0.42255	0.233054	0.00997488	0.00325122	0.014517	
443	0.176719	0.137525	0.038776	0.000418811	0.789071	0.614062	0.173139	0.00187003	0.000597458	0.00266771	
444	0.131541	0.107622	0.0238905	2.83762e-05	0.587346	0.480546	0.106673	0.000126702	4.8451e-05	0.000216338	
445	0.111707	0.0879452	0.0236293	0.000132463	0.498783	0.392684	0.105507	0.000591462	0.000161578	0.000721462	
446	0.153959	0.090431	0.0629479	0.000580278	0.687443	0.403783	0.281068	0.002591	0.00089231	0.00398425	
447	0.161164	0.121606	0.0395585	0	0.719616	0.542984	0.176632	0	0	0	
448	0.0422698	0.0374398	0.00483	0	0.188738	0.167172	0.0215664	0	0	0	
449	0.225313	0.153732	0.0714599	0.000121014	1.00604	0.686431	0.319075	0.000540339	0.000168766	0.000753558	
450	0.0874777	0.0791872	0.00829047	0	0.390596	0.353579	0.0370178	0	0	0	
451	0.132666	0.119857	0.0128033	5.29664e-06	0.592368	0.535176	0.0571683	2.365e-05	7.95863e-06	3.55361e-05	
452	0.183472	0.0997462	0.081883	0.00184356	0.819224	0.445377	0.365615	0.0082317	0.00366865	0.0163809	
453	0.106695	0.0952823	0.0113995	1.41393e-05	0.476408	0.425444	0.0509	6.31333e-05	1.61301e-05	7.20227e-05	
454	0.133735	0.088893	0.0448102	3.21239e-05	0.597141	0.396916	0.200082	0.000143436	0.00011074	0.000494465	
455	0.159718	0.104748	0.0546127	0.000357607	0.713158	0.46771	0.243851	0.00159675	0.000570202	0.00254601	
456	0.145493	0.111548	0.0336395	0.000305213	0.649643	0.498076	0.150204	0.0013628	0.000468452	0.00209168	
457	0.121889	0.100248	0.0216218	1.9606e-05	0.54425	0.447619	0.0965435	8.75427e-05	2.71533e-05	0.000121242	
458	0.0938672	0.0786894	0.0151778	0	0.419126	0.351356	0.0677706	0	0	0	
459	0.102786	0.088639	0.0141471	3.17081e-07	0.458951	0.395781	0.0631684	1.41579e-06	1.11969e-06	4.99955e-06	
460	0.14737	0.0851045	0.0622221	4.40428e-05	0.658024	0.38	0.277828	0.000196655	4.5615e-05	0.000203675	
461	0.144034	0.0852762	0.0586288	0.000129721	0.643129	0.380766	0.261783	0.000579218	0.00017037	0.000760719	
462	0.117701	0.0997005	0.0179203	8.10769e-05	0.52555	0.445172	0.0800161	0.000362016	0.000118065	0.000527173	
463	0.13616	0.119144	0.0170155	0	0.607968	0.531992	0.075976	0	0	0	
464	0.0802639	0.0687862	0.0114728	4.82946e-06	0.358386	0.307137	0.0512275	2.1564e-05	9.83462e-06	4.39125e-05	
465	0.0836818	0.082439	0.00124278	0	0.373647	0.368098	0.00554913	0	0	0	
466	0.169536	0.109614	0.0591532	0.000768161	0.756996	0.489441	0.264125	0.00342991	0.00100439	0.00448473	
467	0.112796	0.0795448	0.0326733	0.000578134	0.503646	0.355175	0.145889	0.00258142	0.000715669	0.00319553	
468	0.10572	0.101252	0.00446818	2.80133e-07	0.472053	0.452101	0.0199508	1.25082e-06	2.13071e-06	9.51386e-06	
469	0.0768155	0.0765669	0.000248609	0	0.342989	0.341879	0.00111006	0	0	0	
470	0.104674	0.0946503	0.0100197	4.30979e-06	0.467381	0.422623	0.0447392	1.92436e-05	7.34111e-06	3.27788e-05	
471	0.131966	0.0788047	0.0530284	0.000133532	0.589244	0.351871	0.236777	0.000596238	0.000318364	0.00142153	
472	0.127627	0.0889268	0.0358334	0.0028673	0.569869	0.397067	0.159999	0.0128027	0.00291506	0.013016	
473	0.170079	0.0989146	0.0677481	0.0034167	0.759421	0.441663	0.302502	0.0152559	0.00557393	0.0248881	
474	0.108639	0.0767361	0.031903	0	0.485084	0.342634	0.14245	0	0	0	
475	0.126447	0.112946	0.0135002	1.24495e-06	0.5646	0.504315	0.0602797	5.55885e-06	1.79215e-06	8.00214e-06	
476	0.162499	0.112386	0.0501093	3.97638e-06	0.725578	0.501817	0.223743	1.77549e-05	1.13326e-05	5.06013e-05	
477	0.124385	0.0967355	0.0276045	4.58514e-05	0.555395	0.431933	0.123257	0.000204731	7.92668e-05	0.000353934	
478	0.093068	0.0786763	0.0143497	4.20266e-05	0.415558	0.351297	0.0640731	0.000187653	5.73288e-05	0.000255979	
479	0.107448	0.0974196	0.00992241	0.000106342	0.479767	0.434988	0.0443045	0.000474832	0.00010794	0.000481964	
480	0.126396	0.0973168	0.0290469	3.28482e-05	0.564373	0.434529	0.129697	0.00014667	4.99135e-05	0.000222868	
481	0.0868802	0.075678	0.0111984	3.80967e-06	0.387929	0.337909	0.0500023	1.70105e-05	1.35086e-05	6.03172e-05	
482	0.142748	0.105476	0.037248	2.45359e-05	0.637387	0.470961	0.166316	0.000109555	5.75281e-05	0.000256869	
483	0.107047	0.0922043	0.0148436	0	0.477979	0.411701	0.0662783	0	0	0	
484	0.17919	0.116319	0.0618199	0.0010515	0.800103	0.519376	0.276032	0.00469506	0.00132459	0.00591443	
485	0.118638	0.0945743	0.0238191	0.000245175	0.529733	0.422283	0.106354	0.00109473	0.000274694	0.00122654	
486	0.0839505	0.0796745	0.00427584	1.02839e-07	0.374847	0.355754	0.019092	4.59187e-07	8.26073e-08	3.68849e-07	
487	0.103657	0.0993891	0.00426874	0	0.462842	0.443782	0.0190603	0	0	0	
488	0.135047	0.0951061	0.0397762	0.000164897	0.602999	0.424658	0.177605	0.000736285	0.000250435	0.00111821	
489	0.146657	0.0977525	0.0488394	6.60428e-05	0.654842	0.436474	0.218073	0.000294888	8.45845e-05	0.000377678	
490	0.0951285	0.0903758	0.00475269	0	0.424758	0.403537	0.0212212	0	0	0	
491	0.0972882	0.0779388	0.0192987	5.07871e-05	0.434401	0.348004	0.0861707	0.000226769	6.52874e-05	0.000291514	
492	0.142436	0.0965911	0.0452217	0.000623889	0.635994	0.431289	0.201919	0.00278573	0.000936093	0.00417975	
493	0.188569	0.111207	0.0773391	2.2537e-05	0.841981	0.496553	0.345327	0.00010063	3.61696e-05	0.0001615	
494	0.19441	0.116583	0.0775398	0.000287619	0.868063	0.520556	0.346222	0.00128425	0.000338497	0.00151142	
495	0.0886872	0.0835454	0.0051418	0	0.395997	0.373038	0.0229586	0	0	0	
496	0.101501	0.0893148	0.0119808	0.000206362	0.453216	0.398799	0.0534955	0.00092143	0.000206338	0.000921322	
497	0.115253	0.0772128	0.0377634	0.000277705	0.51462	0.344762	0.168617	0.00123998	0.000437841	0.001955	
498	0.174951	0.132917	0.0418366	0.000197018	0.781175	0.59349	0.186804	0.000879708	0.000242815	0.00108419	
499	0.164851	0.157236	0.00760955	5.8868e-06	0.73608	0.702076	0.0339774	2.62851e-05	8.10258e-06	3.61788e-05	
500	0.148368	0.0803693	0.0676562	0.000342584	0.662478	0.358857	0.302091	0.00152967	0.000630164	0.00281374	
501	0.170104	0.107918	0.0616519	0.000534396	0.759534	0.481866	0.275282	0.00238613	0.000711369	0.00317633	
502	0.092177	0.0904981	0.00167893	0	0.411579	0.404083	0.00749662	0	0	0	
503	0.112942	0.102501	0.0104415	0	0.5043	0.457678	0.0466224	0	0	0	
504	0.13098	0.118758	0.0121258	9.54701e-05	0.58484	0.53027	0.0541433	0.000426283	0.000102345	0.000456982	
505	0.072075	0.068326	0.00374669	2.36061e-06	0.321822	0.305082	0.0167293	1.05403e-05	2.6273e-06	1.17311e-05	
506	0.148983	0.0973123	0.0503585	0.00131221	0.665224	0.434509	0.224855	0.00585918	0.0017713	0.00790906	
507	0.197488	0.157193	0.0400623	0.000233154	0.881806	0.701883	0.178882	0.00104105	0.000239625	0.00106995	
508	0.0919791	0.0875879	0.00438787	3.33675e-06	0.410696	0.391088	0.0195923	1.48989e-05	3.31251e-06	1.47906e-05	
509	0.095815	0.0867394	0.00904521	3.039e-05	0.427823	0.3873	0.0403877	0.000135694	4.96456e-05	0.000221672	
510	0.137635	0.104765	0.0326292	0.000240766	0.614556	0.467789	0.145692	0.00107504	0.000316241	0.00141205	
511	0.0782374	0.0747631	0.00346779	6.56621e-06	0.349338	0.333824	0.015484	2.93188e-05	6.56073e-06	2.92943e-05	
512	0.178831	0.0878772	0.0903698	0.000584718	0.798502	0.39238	0.40351	0.00261082	0.000800133	0.00357267	
513	0.113065	0.0906683	0.0223622	3.46396e-05	0.504847	0.404843	0.0998496	0.000154669	8.17348e-05	0.000364954	
514	0.284176	0.127786	0.151227	0.00516225	1.26887	0.570579	0.675246	0.0230499	0.00736212	0.0328726	
515	0.0720938	0.0562993	0.0157498	4.46542e-05	0.321906	0.251382	0.0703245	0.000199385	7.90794e-05	0.000353097	
516	0.109654	0.0880368	0.0214108	0.00020638	0.489616	0.393093	0.0956015	0.000921509	0.000216777	0.000967932	
517	0.0862808	0.0812952	0.00498552	0	0.385252	0.362991	0.0222608	0	0	0	
518	0.175739	0.155009	0.0207297	0	0.784693	0.692133	0.0925602	0	0	0	
519	0.0702941	0.0418831	0.0284109	0	0.31387	0.187012	0.126857	0	0	0	
520	0.160691	0.12171	0.0386019	0.000379498	0.717504	0.543448	0.172361	0.00169449	0.000492899	0.00220084	
521	0.254377	0.109286	0.143854	0.0012358	1.13582	0.487975	0.642326	0.00551799	0.00265872	0.0118714	
522	0.184202	0.0779333	0.105335	0.00093372	0.822482	0.34798	0.470333	0.00416915	0.00168968	0.0075446	
523	0.0874413	0.0758089	0.0116324	0	0.390434	0.338494	0.05194	0	0	0	
524	0.141096	0.105432	0.0355078	0.000155496	0.630008	0.470768	0.158546	0.000694308	0.000274517	0.00122574	
525	0.148129	0.0992616	0.0484354	0.000432728	0.661414	0.443213	0.216269	0.00193217	0.00066307	0.00296067	
526	0.118485	0.100957	0.0174624	6.63111e-05	0.529051	0.450783	0.0779714	0.000296086	9.38202e-05	0.000418916	
527	0.109461	0.0775668	0.0318569	3.8148e-05	0.488758	0.346343	0.142244	0.000170334	6.15299e-05	0.000274737	
528	0.0889363	0.0800213	0.00891499	0	0.397109	0.357303	0.0398063	0	0	0	
529	0.139813	0.0806845	0.058962	0.000166898	0.624281	0.360264	0.263271	0.000745217	0.000387479	0.00173013	
530	0.0974281	0.0804525	0.0169485	2.71676e-05	0.435026	0.359228	0.0756767	0.000121306	4.10963e-05	0.000183499	
531	0.170458	0.104532	0.0656185	0.000307368	0.761114	0.466748	0.292993	0.00137243	0.000586759	0.00261994	
532	0.107427	0.0833848	0.0236979	0.000344398	0.479672	0.372321	0.105813	0.00153777	0.000471209	0.00210399	
533	0.16721	0.117421	0.0495928	0.00019565	0.746611	0.5243	0.221437	0.000873598	0.000356273	0.00159079	
534	0.124534	0.112939	0.0114196	0.000175922	0.556059	0.504283	0.05099	0.000785512	0.000181728	0.000811434	
535	0.0940004	0.0773651	0.0166145	2.0795e-05	0.419721	0.345443	0.0741854	9.28521e-05	2.09073e-05	9.33532e-05	
536	0.0715567	0.0656207	0.00591257	2.34161e-05	0.319508	0.293003	0.0264002	0.000104555	2.8019e-05	0.000125107	
537	0.122594	0.0765086	0.0459797	0.000105843	0.547395	0.341618	0.205304	0.000472603	0.00015374	0.000686466	
538	0.127334	0.0801493	0.0467238	0.000461183	0.56856	0.357874	0.208626	0.00205923	0.000561577	0.00250749	
539	0.133981	0.0828952	0.0510046	8.16775e-05	0.59824	0.370135	0.22774	0.000364698	0.000182721	0.000815871	
540	0.0914229	0.0796813	0.0116158	0.000125711	0.408212	0.355785	0.0518661	0.000561314	0.000154337	0.000689133	
541	0.0870735	0.0819359	0.00513665	9.80621e-07	0.388791	0.365852	0.0229356	4.37857e-06	3.36852e-06	1.50408e-05	
542	0.226089	0.149514	0.0760006	0.000574179	1.00951	0.667597	0.33935	0.00256376	0.000732089	0.00326885	
543	0.131558	0.0891279	0.0422865	0.0001438	0.58742	0.397965	0.188813	0.000642084	0.000189157	0.000844607	
544	0.172858	0.126315	0.0463401	0.000202153	0.771829	0.564013	0.206913	0.000902637	0.000618796	0.00276298	
545	0.155937	0.0749642	0.0809678	5.50637e-06	0.696276	0.334722	0.361529	2.45865e-05	1.53409e-05	6.84989e-05	
546	0.135213	0.116219	0.0189726	2.09623e-05	0.603742	0.518933	0.0847148	9.35988e-05	7.06952e-05	0.000315661	
547	0.0890513	0.0752649	0.0137863	0	0.397622	0.336065	0.0615576	0	0	0	
548	0.118564	0.110462	0.00810178	0	0.529403	0.493227	0.0361752	0	0	0	
549	0.146707	0.0847521	0.0614259	0.000529139	0.655062	0.378426	0.274273	0.00236265	0.000660472	0.00294907	
550	0.196502	0.119384	0.0763609	0.000757051	0.877403	0.533063	0.340959	0.00338031	0.00134159	0.00599036	
551	0.096277	0.096277	0	0	0.429886	0.429886	0	0	0	0	
552	0.0812657	0.0723847	0.00885619	2.49138e-05	0.362859	0.323204	0.0395437	0.000111242	2.77226e-05	0.000123784	
553	0.188497	0.182453	0.00604072	2.67456e-06	0.841659	0.814674	0.0269724	1.19422e-05	2.90772e-06	1.29832e-05	
554	0.152191	0.102132	0.0490859	0.000973724	0.67955	0.456029	0.219173	0.00434777	0.00136453	0.00609276	
555	0.102898	0.074921	0.0279623	1.55406e-05	0.459454	0.33453	0.124854	6.93906e-05	2.88934e-05	0.000129012	
556	0.177559	0.149137	0.0281384	0.000282877	0.792819	0.665915	0.12564	0.00126307	0.00028336	0.00126523	
557	0.0949454	0.0787193	0.016084	0.000142161	0.42394	0.351489	0.0718166	0.000634766	0.000179391	0.000801001	
558	0.104245	0.0971394	0.00710654	0	0.465468	0.433737	0.0317314	0	0	0	
559	0.100597	0.0788231	0.0213194	0.000454757	0.449177	0.351953	0.0951936	0.00203053	0.000556425	0.00248449	
560	0.0924696	0.0845649	0.00790468	0	0.412886	0.37759	0.0352952	0	0	0	
561	0.110635	0.0928081	0.0177124	0.000114942	0.493998	0.414397	0.0790879	0.000513229	0.000155598	0.000694763	
562	0.0742836	0.0496921	0.0245915	0	0.331684	0.22188	0.109803	0	0	0	
563	0.100806	0.078583	0.0221458	7.78567e-05	0.450112	0.350881	0.0988835	0.000347637	9.83014e-05	0.000438925	
564	0.121894	0.0812221	0.0400899	0.000581882	0.544268	0.362665	0.179005	0.00259816	0.000899644	0.004017	
565	0.104643	0.0847223	0.019864	5.70511e-05	0.467243	0.378293	0.088695	0.000254739	0.000107681	0.000480806	
566	0.128589	0.103445	0.0251155	2.8312e-05	0.574165	0.461896	0.112143	0.000126415	6.61701e-05	0.000295456	
567	0.207873	0.160374	0.0468811	0.00061871	0.928177	0.716085	0.209328	0.0027626	0.00072594	0.00324139	
568	0.155375	0.114922	0.0404529	0	0.693764	0.513138	0.180626	0	0	0	
569	0.0765035	0.0756471	0.000856425	0	0.341595	0.337771	0.00382402	0	0	0	
570	0.146009	0.119411	0.0264518	0.00014565	0.651946	0.533186	0.11811	0.000650342	0.000339547	0.00151611	
571	0.110595	0.0912482	0.019347	1.12484e-07	0.493819	0.407432	0.0863864	5.02254e-07	5.85645e-07	2.61496e-06	
572	0.110881	0.0973193	0.013475	8.69003e-05	0.495096	0.43454	0.0601674	0.000388018	0.000129252	0.000577124	
573	0.100398	0.0841258	0.0162262	4.59594e-05	0.448287	0.37563	0.0724518	0.000205213	5.42015e-05	0.000242015	
574	0.132938	0.07963	0.0529886	0.000320137	0.593585	0.355555	0.236599	0.00142944	0.000502234	0.00224252	
575	0.162559	0.0840661	0.0769202	0.00157298	0.725843	0.375363	0.343456	0.00702351	0.00246937	0.011026	
576	0.0624299	0.0543319	0.00809796	0	0.278755	0.242597	0.0361582	0	0	0	
577	0.127451	0.112836	0.0146141	0	0.569081	0.503827	0.0652537	0	0	0	
578	0.100876	0.088772	0.0121044	0	0.450423	0.396375	0.0540474	0	0	0	
579	0.0934536	0.0870556	0.00639793	1.23082e-07	0.417279	0.388712	0.0285674	5.49576e-07	4.84857e-06	2.16493e-05	
580	0.0833426	0.0665875	0.0167426	1.24816e-05	0.372133	0.29732	0.0747574	5.57316e-05	3.56159e-05	0.000159028	
581	0.0840928	0.0750214	0.00907141	0	0.375483	0.334978	0.0405047	0	0	0	
582	0.0908954	0.0842577	0.00660304	3.46683e-05	0.405857	0.376219	0.0294832	0.000154797	4.61837e-05	0.000206214	
583	0.116088	0.0926661	0.0233305	9.22088e-05	0.518348	0.413763	0.104173	0.000411721	0.000112795	0.000503642	
584	0.207234	0.12782	0.0787982	0.000615174	0.92532	0.570732	0.351842	0.00274681	0.000748889	0.00334386	
585	0.116565	0.0748207	0.041664	8.06103e-05	0.520475	0.334082	0.186034	0.000359933	8.83445e-05	0.000394467	
586	0.138081	0.0842557	0.0535304	0.000295197	0.616547	0.37621	0.239018	0.00131808	0.000317544	0.00141786	
587	0.108243	0.0888704	0.0192426	0.000129951	0.483315	0.396815	0.0859201	0.000580246	0.000149791	0.000668834	
588	0.0690959	0.0675605	0.0015354	0	0.30852	0.301664	0.00685575	0	0	0	
589	0.159837	0.109154	0.049305	0.00137858	0.713691	0.487383	0.220151	0.00615552	0.0017554	0.00783806	
590	0.13397	0.107303	0.0266376	2.94139e-05	0.598189	0.479118	0.118939	0.000131336	4.31609e-05	0.000192718	
591	0.141385	0.0958741	0.0454106	0.000101223	0.631302	0.428087	0.202762	0.000451973	0.000145953	0.000651694	
592	0.11124	0.0857407	0.0254818	1.7489e-05	0.496698	0.382841	0.113779	7.80901e-05	2.46253e-05	0.000109954	
593	0.10518	0.0939407	0.0111288	0.000111433	0.469643	0.419454	0.0496912	0.000497561	0.000129386	0.000577723	
594	0.0899953	0.0804687	0.00951211	1.45595e-05	0.401838	0.3593	0.0424725	6.50097e-05	1.85239e-05	8.27113e-05	
595	0.110009	0.0937867	0.0161527	7.02407e-05	0.491204	0.418767	0.0721235	0.000313632	8.38179e-05	0.000374255	
596	0.104055	0.0902055	0.0138379	1.19454e-05	0.464617	0.402776	0.0617877	5.33376e-05	1.26264e-05	5.63785e-05	
597	0.152328	0.140877	0.0114132	3.83086e-05	0.680163	0.629031	0.0509613	0.000171051	4.28827e-05	0.000191475	
598	0.119697	0.108152	0.0114692	7.5805e-05	0.534462	0.482912	0.0512114	0.000338476	7.5805e-05	0.000338477	
599	0.107792	0.0933435	0.0144494	0	0.481306	0.416788	0.0645181	0	0	0	
600	0.108796	0.107883	0.000912775	0	0.485786	0.48171	0.00407563	0	0	0	
601	0.333095	0.147959	0.18268	0.00245516	1.4873	0.660653	0.815687	0.0109625	0.00245943	0.0109816	
602	0.105196	0.102506	0.00268804	1.2128e-06	0.469711	0.457703	0.0120023	5.41527e-06	1.59395e-06	7.11714e-06	
603	0.126929	0.0519246	0.0749847	2.0105e-05	0.566752	0.231848	0.334814	8.97708e-05	5.58592e-05	0.000249416	
604	0.0871904	0.0808927	0.00629765	0	0.389313	0.361194	0.0281196	0	0	0	
605	0.140873	0.0495134	0.0913595	0	0.629011	0.221082	0.407929	0	0	0	
606	0.147309	0.0937177	0.0524399	0.00115228	0.657753	0.418458	0.234149	0.00514508	0.00213873	0.00954965	
607	0.0888636	0.0781185	0.0106652	7.98837e-05	0.396785	0.348807	0.0476212	0.000356689	0.000107228	0.000478786	
608	0.089644	0.0787345	0.0108743	3.5148e-05	0.400269	0.351557	0.0485551	0.000156939	4.49438e-05	0.000200678	
609	0.0915559	0.0870328	0.0045231	0	0.408806	0.38861	0.0201961	0	0	0	
610	0.0919357	0.0799505	0.0119325	5.27129e-05	0.410502	0.356987	0.0532799	0.000235368	6.45087e-05	0.000288038	
611	0.0626969	0.057662	0.00503492	0	0.279948	0.257466	0.0224814	0	0	0	
612	0.0959644	0.0905236	0.00541377	2.7024e-05	0.42849	0.404197	0.024173	0.000120664	3.23173e-05	0.0001443	
613	0.0915599	0.0765528	0.0148694	0.000137743	0.408824	0.341816	0.0663933	0.000615038	0.000153661	0.000686113	
614	0.0918981	0.0835258	0.0082983	7.39815e-05	0.410334	0.372951	0.0370527	0.000330334	8.50912e-05	0.00037994	
615	0.0898246	0.0866415	0.00318294	2.06492e-07	0.401075	0.386862	0.0142121	9.22011e-07	1.97878e-07	8.83547e-07	
616	0.0980645	0.0888354	0.00907395	0.000155206	0.437868	0.396659	0.0405161	0.00069301	0.000159592	0.000712596	
617	0.12391	0.0915267	0.0323119	7.20368e-05	0.553273	0.408676	0.144275	0.000321651	9.31922e-05	0.000416112	
618	0.0612189	0.0558251	0.00539382	0	0.273348	0.249264	0.0240839	0	0	0	
619	0.137435	0.0986863	0.0387059	4.34736e-05	0.613664	0.440644	0.172826	0.000194114	4.6326e-05	0.00020685	
620	0.112587	0.0875477	0.025033	6.64855e-06	0.502713	0.390909	0.111774	2.96864e-05	7.46253e-06	3.33209e-05	
621	0.403207	0.185767	0.212725	0.00471488	1.80036	0.829469	0.949839	0.0210524	0.00530024	0.0236661	
622	0.0392435	0.0304213	0.00879611	2.6041e-05	0.175226	0.135834	0.0392755	0.000116276	2.70967e-05	0.000120989	
623	0.0825488	0.0716929	0.0108394	1.64623e-05	0.368588	0.320116	0.0483993	7.35058e-05	2.03239e-05	9.07486e-05	
624	0.11203	0.0825168	0.0292802	0.000233188	0.500226	0.368446	0.130739	0.00104121	0.000247568	0.00110541	
625	0.0708295	0.0548571	0.0159723	0	0.31626	0.244942	0.0713183	0	0	0	
626	0.0712227	0.063683	0.00753962	0	0.318016	0.284351	0.0336651	0	0	0	
627	0.0924074	0.0789303	0.0134717	5.3673e-06	0.412608	0.352431	0.0601526	2.39655e-05	2.04232e-05	9.11918e-05	
628	0.0600052	0.059973	3.21749e-05	0	0.267929	0.267785	0.000143664	0	0	0	
629	0.243405	0.137302	0.105062	0.00104003	1.08682	0.613069	0.469116	0.00464385	0.0012343	0.00551128	
630	0.186058	0.145247	0.0407906	1.97135e-05	0.830767	0.648545	0.182134	8.8023e-05	2.41701e-05	0.000107921	
631	0.113296	0.0956231	0.0176734	0	0.50588	0.426966	0.0789136	0	0	0	
632	0.0431579	0.0431579	0	0	0.192704	0.192704	0	0	0	0	
633	0.060919	0.0450568	0.0158621	0	0.272009	0.201183	0.0708262	0	0	0	
634	0.0418891	0.0418763	1.2721e-05	0	0.187039	0.186982	5.68008e-05	0	0	0	
635	0.0817066	0.0654101	0.0162816	1.4886e-05	0.364828	0.292062	0.072699	6.64677e-05	2.00351e-05	8.9459e-05	
636	0.0988475	0.0648599	0.0339767	1.0766e-05	0.441364	0.289606	0.151709	4.80715e-05	2.9467e-05	0.000131573	
637	0.0810336	0.0734768	0.0075567	0	0.361823	0.328081	0.0337414	0	0	0	
638	0.134503	0.0813688	0.0531282	6.38229e-06	0.600571	0.363319	0.237223	2.84975e-05	2.21765e-05	9.90203e-05	
639	0.139861	0.0759717	0.063858	3.17427e-05	0.624495	0.339221	0.285132	0.000141734	4.96405e-05	0.000221649	
640	0.0867026	0.0803232	0.0063473	3.21423e-05	0.387136	0.358651	0.0283413	0.000143518	3.9456e-05	0.000176175	
641	0.0749271	0.0748777	4.94286e-05	0	0.334557	0.334336	0.000220703	0	0	0	
642	0.0635132	0.0629431	0.000570177	0	0.283593	0.281047	0.00254589	0	0	0	
643	0.181772	0.141637	0.0397856	0.000349071	0.811632	0.632427	0.177646	0.00155863	0.000671606	0.00299879	
644	0.107406	0.0822319	0.0251744	0	0.47958	0.367173	0.112406	0	0	0	
645	0.0835894	0.0802308	0.00335511	3.60624e-06	0.373235	0.358238	0.0149809	1.61022e-05	4.82012e-06	2.15223e-05	
646	0.128072	0.074839	0.0532331	0	0.571855	0.334163	0.237691	0	0	0	
647	0.17556	0.123585	0.051241	0.000734026	0.783894	0.55182	0.228796	0.00327749	0.00128003	0.00571546	
648	0.148111	0.117049	0.0310078	5.46017e-05	0.661334	0.522637	0.138453	0.000243802	6.43658e-05	0.000287399	
649	0.0642103	0.0642073	2.98178e-06	0	0.286705	0.286692	1.33139e-05	0	0	0	
650	0.073619	0.0728341	0.000784862	0	0.328716	0.325211	0.00350448	0	0	0	
651	0.102739	0.101294	0.0014456	0	0.458743	0.452288	0.00645477	0	0	0	
652	0.119003	0.0823006	0.0355919	0.00111053	0.53136	0.36748	0.158921	0.00495864	0.0012923	0.00577028	
653	0.10415	0.0874836	0.0166396	2.72016e-05	0.465042	0.390623	0.0742978	0.000121457	4.2895e-05	0.00019153	
654	0.113558	0.08808	0.0253778	0.00010079	0.50705	0.393285	0.113314	0.000450037	0.000198374	0.000885762	
655	0.128603	0.0809037	0.0466609	0.00103845	0.574225	0.361243	0.208345	0.00463678	0.00200746	0.00896351	
656	0.204402	0.1182	0.0836938	0.00250771	0.912676	0.527778	0.373701	0.0111971	0.00377391	0.0168509	
657	0.127754	0.0799618	0.0477929	0	0.570438	0.357037	0.2134	0	0	0	
658	0.101018	0.0752206	0.0257975	0	0.451056	0.335867	0.115188	0	0	0	
659	0.136725	0.0956178	0.0398585	0.00124926	0.610493	0.426943	0.177972	0.00557811	0.00183961	0.00821407	
660	0.149692	0.100305	0.0492491	0.000137985	0.668392	0.447873	0.219902	0.000616117	0.000220985	0.000986722	
661	0.173225	0.0982315	0.0740431	0.000950695	0.773468	0.438613	0.33061	0.00424495	0.00128409	0.00573359	
662	0.117807	0.080366	0.0371418	0.000299404	0.526021	0.358842	0.165842	0.00133687	0.000430672	0.00192299	
663	0.107002	0.0802846	0.0264311	0.000286507	0.477775	0.358478	0.118017	0.00127928	0.000378532	0.00169018	
664	0.0967886	0.08725	0.00953865	0	0.432171	0.38958	0.042591	0	0	0	
665	0.108909	0.0871448	0.0217427	2.22645e-05	0.486293	0.38911	0.0970833	9.94132e-05	4.18738e-05	0.00018697	
666	0.104256	0.0788887	0.0252184	0.000149461	0.465516	0.352245	0.112602	0.000667361	0.000194488	0.000868411	
667	0.170049	0.104746	0.0599635	0.00533936	0.759287	0.467704	0.267743	0.0238407	0.00589903	0.0263397	
668	0.102811	0.0829933	0.0198174	3.31908e-07	0.459061	0.370573	0.0884868	1.482e-06	1.1083e-05	4.94868e-05	
669	0.0445368	0.0434779	0.00105893	0	0.198861	0.194133	0.00472823	0	0	0	
670	0.0926018	0.08257	0.00995538	7.64084e-05	0.413476	0.368683	0.0444517	0.000341171	8.91946e-05	0.000398262	
671	0.0572666	0.0506083	0.00665826	0	0.255701	0.225971	0.0297298	0	0	0	
672	0.147611	0.111892	0.0356983	2.11956e-05	0.659101	0.49961	0.159396	9.46407e-05	2.94257e-05	0.000131388	
673	0.135017	0.101395	0.033286	0.000335982	0.602865	0.452739	0.148625	0.00150019	0.00046924	0.0020952	
674	0.129856	0.0952868	0.0344076	0.000161968	0.579821	0.425465	0.153633	0.000723205	0.000308041	0.00137543	
675	0.109848	0.0811375	0.0286682	4.25904e-05	0.490483	0.362287	0.128006	0.00019017	4.81814e-05	0.000215134	
676	0.141115	0.109713	0.0308377	0.00056425	0.630096	0.489883	0.137693	0.00251943	0.000710983	0.00317461	
677	0.102976	0.0933734	0.00955062	5.20346e-05	0.459798	0.416921	0.0426445	0.000232339	6.39921e-05	0.000285731	
678	0.100751	0.0802616	0.020309	0.000181176	0.449866	0.358376	0.0906819	0.00080897	0.00024313	0.0010856	
679	0.134326	0.0909368	0.0433889	7.16785e-07	0.59978	0.406041	0.193735	3.20051e-06	7.06722e-07	3.15558e-06	
680	0.122975	0.110331	0.012644	0	0.549098	0.492641	0.0564569	0	0	0	
681	0.111796	0.0976935	0.0140561	4.64681e-05	0.49918	0.436211	0.0627619	0.000207484	6.4069e-05	0.000286074	
682	0.102097	0.0975936	0.00450372	0	0.455874	0.435765	0.0201096	0	0	0	
683	0.100113	0.0911374	0.00897649	0	0.447018	0.406937	0.0400809	0	0	0	
684	0.116626	0.0942247	0.0224017	0	0.520749	0.420722	0.100026	0	0	0	
685	0.18819	0.140678	0.046606	0.000906142	0.840289	0.628142	0.2081	0.00404601	0.000908217	0.00405528	
686	0.111698	0.0904779	0.0207662	0.000453995	0.498743	0.403992	0.0927232	0.00202713	0.000886421	0.00395796	
687	0.0816046	0.0777944	0.0038045	5.7794e-06	0.364373	0.347359	0.0169874	2.58056e-05	7.11179e-06	3.17548e-05	
688	0.0642628	0.0642146	4.82443e-05	0	0.28694	0.286724	0.000215415	0	0	0	
689	0.00828369	0.00714872	0.00113497	0	0.0369875	0.0319197	0.00506776	0	0	0	
690	0.060193	0.0598094	0.000383554	0	0.268767	0.267055	0.0017126	0	0	0	
691	0.108631	0.0980797	0.0104925	5.92847e-05	0.48505	0.437935	0.0468504	0.000264712	8.15823e-05	0.000364273	
692	0.0728866	0.0728866	0	0	0.325446	0.325446	0	0	0	0	
693	0.0879153	0.0792982	0.00861706	0	0.39255	0.354074	0.038476	0	0	0	
694	0.212464	0.154335	0.0567837	0.00134506	0.948673	0.689122	0.253545	0.00600582	0.00172962	0.00772293	
695	0.0957734	0.0792813	0.0164776	1.44706e-05	0.427637	0.353999	0.0735742	6.46128e-05	3.5862e-05	0.000160127	
696	0.216935	0.159672	0.0565874	0.00067471	0.968636	0.712955	0.252668	0.00301264	0.000794163	0.00354601	
697	0.156257	0.082744	0.0723093	0.00120388	0.697704	0.36946	0.322868	0.00537545	0.00153479	0.00685302	
698	0.266433	0.195699	0.069471	0.0012623	1.18965	0.873819	0.310194	0.0056363	0.00137345	0.0061326	
699	0.34397	0.185251	0.151473	0.00724671	1.53586	0.827164	0.676342	0.0323573	0.00785091	0.0350551	
700	0.0824778	0.0824778	0	0	0.368271	0.368271	0	0	0	0	
701	0.0823343	0.0823343	0	0	0.36763	0.36763	0	0	0	0	
702	0.108632	0.106186	0.00244555	0	0.485052	0.474133	0.0109196	0	0	0	
703	0.0925445	0.087578	0.00489894	6.7576e-05	0.41322	0.391044	0.0218742	0.000301733	6.75517e-05	0.000301625	
704	0.0941435	0.0793831	0.0147603	0	0.42036	0.354453	0.0659063	0	0	0	
705	0.101842	0.0880033	0.0138349	4.70701e-06	0.454738	0.392943	0.0617742	2.10172e-05	4.68226e-06	2.09067e-05	
706	0.224011	0.158051	0.0658525	0.000107801	1.00023	0.705716	0.294038	0.000481342	0.000290441	0.00129684	
707	0.0889338	0.0801882	0.00874553	0	0.397098	0.358048	0.0390496	0	0	0	
708	0.0798573	0.0798573	0	0	0.35657	0.35657	0	0	0	0	
709	0.126417	0.103264	0.0228351	0.00031789	0.564468	0.461088	0.101961	0.00141941	0.000332073	0.00148274	
710	0.175924	0.0958889	0.0792491	0.000786908	0.785522	0.428153	0.353855	0.00351362	0.00105593	0.00471485	
711	0.0948918	0.0805818	0.0143099	0	0.423701	0.359806	0.0638955	0	0	0	
712	0.0765282	0.0764752	5.29101e-05	0	0.341706	0.341469	0.000236248	0	0	0	
713	0.0905143	0.078317	0.0121972	0	0.404155	0.349693	0.0544621	0	0	0	
714	0.093965	0.0815738	0.0123911	0	0.419563	0.364235	0.0553277	0	0	0	
715	0.0720134	0.0699659	0.00204744	0	0.321547	0.312405	0.00914204	0	0	0	
716	0.0827366	0.0748911	0.00784544	4.75113e-08	0.369427	0.334396	0.0350306	2.12142e-07	2.35998e-08	1.05375e-07	
717	0.0990421	0.0881761	0.0108159	5.01128e-05	0.442233	0.393715	0.0482941	0.000223759	5.00886e-05	0.00022365	
718	0.121669	0.108016	0.0134797	0.000172901	0.543264	0.482304	0.0601882	0.000772022	0.000174516	0.000779231	
719	0.0717084	0.0628492	0.00882253	3.66773e-05	0.320185	0.280628	0.0393934	0.000163767	3.92693e-05	0.000175341	
720	0.0620809	0.0620108	7.01225e-05	0	0.277197	0.276884	0.000313104	0	0	0	
721	0.12537	0.106196	0.0189632	0.000211179	0.559793	0.474178	0.0846727	0.000942935	0.000217917	0.000973024	
722	0.080995	0.0807552	0.000239799	0	0.361651	0.36058	0.00107072	0	0	0	
723	0.115738	0.101921	0.0138142	3.60108e-06	0.516785	0.455088	0.0616818	1.60792e-05	3.57633e-06	1.59686e-05	
724	0.0806299	0.0803901	0.000239799	0	0.36002	0.35895	0.00107072	0	0	0	
725	0.0881287	0.0623108	0.0258178	0	0.393503	0.278224	0.115279	0	0	0	
726	0.0446875	0.0424815	0.00220603	0	0.199534	0.189684	0.00985017	0	0	0	
727	0.0888517	0.0886319	0.000219846	0	0.396732	0.39575	0.000981637	0	0	0	
728	0.103639	0.0851018	0.0182792	0.000258293	0.46276	0.379988	0.0816188	0.0011533	0.00028967	0.0012934	
729	0.105449	0.0773055	0.0279399	0.000203635	0.47084	0.345176	0.124754	0.000909253	0.0013257	0.0059194	
730	0.110717	0.104488	0.00622239	6.81595e-06	0.494364	0.46655	0.0277836	3.04339e-05	6.79311e-06	3.03319e-05	
731	0.135767	0.0940805	0.0401034	0.00158355	0.606215	0.420079	0.179065	0.00707074	0.00219799	0.00981428	
732	0.0862233	0.0770782	0.00914503	0	0.384995	0.344162	0.0408334	0	0	0	
733	0.103051	0.0916223	0.0113203	0.00010835	0.460133	0.409103	0.0505464	0.000483795	0.000113152	0.000505235	
734	0.113095	0.106435	0.006654	5.54424e-06	0.504981	0.475246	0.0297108	2.47556e-05	6.71461e-06	2.99814e-05	
735	0.0683783	0.0654771	0.00290128	0	0.305316	0.292361	0.0129545	0	0	0	
736	0.0567572	0.055282	0.00147518	0	0.253426	0.246839	0.00658684	0	0	0	
737	0.104695	0.079342	0.0253534	0	0.467475	0.35427	0.113205	0	0	0	
738	0.119167	0.112741	0.00639973	2.61325e-05	0.532094	0.503402	0.0285754	0.000116684	3.16385e-05	0.000141269	
739	0.065924	0.0645813	0.00134275	0	0.294357	0.288362	0.00599552	0	0	0	
740	0.0365553	0.0365553	0	0	0.163223	0.163223	0	0	0	0	
741	0.0887626	0.086062	0.00270064	0	0.396334	0.384275	0.0120586	0	0	0	
742	0.139801	0.122483	0.0173117	6.4568e-06	0.624226	0.546899	0.0772989	2.88302e-05	6.43176e-06	2.87184e-05	
743	0.0877567	0.0838568	0.00386979	3.01285e-05	0.391842	0.374429	0.017279	0.000134527	3.01043e-05	0.000134418	
744	0.0570397	0.0551396	0.00190003	0	0.254687	0.246204	0.00848382	0	0	0	
745	0.121676	0.101341	0.0202537	8.15861e-05	0.543297	0.452498	0.0904352	0.00036429	8.19485e-05	0.000365908	
746	0.0801115	0.0748502	0.00525015	1.11777e-05	0.357705	0.334213	0.0234424	4.99097e-05	1.68011e-05	7.50187e-05	
747	0.0857926	0.083915	0.00187759	0	0.383072	0.374689	0.00838364	0	0	0	
748	0.0981231	0.0819034	0.0161237	9.59372e-05	0.438129	0.365707	0.0719941	0.000428369	9.59132e-05	0.000428262	
749	0.118014	0.111923	0.00608583	5.27778e-06	0.526948	0.49975	0.0271738	2.35658e-05	5.25349e-06	2.34573e-05	
750	0.0908471	0.0818038	0.00904331	0	0.405641	0.365262	0.0403793	0	0	0	
751	0.292175	0.151326	0.126219	0.0146295	1.30459	0.675689	0.563582	0.0653221	0.0173755	0.0775837	
752	0.0903332	0.0760664	0.0142667	0	0.403346	0.339644	0.0637026	0	0	0	
753	0.101178	0.0921348	0.00904331	0	0.45177	0.411391	0.0403793	0	0	0	
754	0.224088	0.175756	0.0483298	1.62279e-06	1.00057	0.784772	0.215797	7.24594e-06	2.05487e-06	9.17521e-06	
755	0.109359	0.0916634	0.0176957	7.33017e-08	0.4883	0.409286	0.0790132	3.27299e-07	5.58353e-07	2.4931e-06	
756	0.212695	0.113567	0.0991219	5.92044e-06	0.949705	0.50709	0.442589	2.64353e-05	7.80113e-05	0.000348328	
757	0.120358	0.0772126	0.0403112	0.00283474	0.537413	0.344762	0.179993	0.0126574	0.00336108	0.0150075	
758	0.240761	0.127279	0.113273	0.000208057	1.07502	0.568314	0.505778	0.000928996	0.000320668	0.00143181	
759	0.11179	0.0710218	0.0402776	0.000491473	0.499157	0.317119	0.179843	0.00219448	0.00191368	0.00854479	
760	0.111366	0.0863349	0.0250313	0	0.497261	0.385494	0.111767	0	0	0	
761	0.122423	0.109396	0.0128663	0.000160415	0.546633	0.488467	0.0574497	0.000716269	0.000174911	0.000780997	
762	0.050433	0.050433	0	0	0.225188	0.225188	0	0	0	0	
763	0.0552044	0.0537026	0.00150179	0	0.246493	0.239787	0.00670565	0	0	0	
764	0.0779964	0.0763388	0.00165761	0	0.348261	0.34086	0.00740143	0	0	0	
765	0.0834039	0.0834039	0	0	0.372406	0.372406	0	0	0	0	
766	0.0477432	0.0442829	0.00341776	4.25833e-05	0.213178	0.197727	0.0152606	0.000190138	4.25591e-05	0.00019003	
767	0.0483225	0.042935	0.00536896	1.85072e-05	0.215764	0.191709	0.0239729	8.26369e-05	3.3506e-05	0.000149607	
768	0.0452044	0.0450834	0.000120954	0	0.201842	0.201302	0.000540075	0	0	0	
769	0.0737368	0.0522085	0.0210975	0.000430778	0.329242	0.233116	0.0942024	0.00192346	0.000495225	0.00221123	
770	0.0754901	0.0562808	0.0192093	0	0.337071	0.251299	0.0857717	0	0	0	
771	0.107066	0.0778553	0.0290341	0.00017681	0.478061	0.347632	0.12964	0.000789476	0.000199188	0.000889395	
772	0.102789	0.102739	5.06381e-05	0	0.458967	0.458741	0.000226104	0	0	0	
773	0.113978	0.0900682	0.0238586	5.11308e-05	0.508923	0.402163	0.106531	0.000228304	6.13772e-05	0.000274055	
774	0.0775889	0.0772361	0.000352772	0	0.346442	0.344867	0.00157516	0	0	0	
775	0.0752661	0.0752661	0	0	0.33607	0.33607	0	0	0	0	
776	0.0645689	0.0645689	0	0	0.288306	0.288306	0	0	0	0	
777	0.0739458	0.0739458	0	0	0.330175	0.330175	0	0	0	0	
778	0.0918099	0.0918099	0	0	0.40994	0.40994	0	0	0	0	
779	0.150757	0.110184	0.0405726	0	0.673145	0.491984	0.18116	0	0	0	
780	0.0494574	0.0432642	0.00618996	3.17808e-06	0.220832	0.193179	0.0276388	1.41904e-05	4.60996e-06	2.05839e-05	
781	0.0534122	0.04227	0.0111421	0	0.238491	0.18874	0.0497508	0	0	0	
782	0.105613	0.0946882	0.0109252	0	0.471574	0.422792	0.0487822	0	0	0	
783	0.241254	0.134225	0.0973739	0.0096556	1.07722	0.599329	0.434784	0.0431132	0.0121967	0.0544595	
784	0.0714009	0.0714009	0	0	0.318812	0.318812	0	0	0	0	
785	0.117421	0.0749864	0.0424346	0	0.524296	0.334821	0.189475	0	0	0	
786	0.136514	0.0944631	0.0413041	0.000746776	0.609548	0.421787	0.184427	0.00333443	0.00145296	0.00648762	
787	0.181537	0.0836649	0.0967721	0.00110004	0.810581	0.373572	0.432097	0.00491183	0.00374992	0.0167437	
788	0.14578	0.091216	0.0543859	0.000178947	0.650926	0.407288	0.242838	0.000799016	0.000208986	0.000933147	
789	0.102674	0.102322	0.000352772	0	0.458453	0.456878	0.00157516	0	0	0	
790	0.12442	0.084175	0.0402449	0	0.555547	0.37585	0.179697	0	0	0	
791	0.128357	0.0869373	0.0408467	0.000573536	0.573129	0.388183	0.182384	0.00256089	0.00141688	0.00632655	
792	0.0931603	0.0822351	0.0109252	0	0.41597	0.367188	0.0487822	0	0	0	
793	0.240157	0.146996	0.0885799	0.00458129	1.07232	0.656354	0.395518	0.0204559	0.00514215	0.0229602	
794	0.103372	0.0894032	0.0139344	3.52686e-05	0.46157	0.399194	0.0622187	0.000157478	4.02297e-05	0.000179629	
795	0.132332	0.105372	0.0269182	4.14294e-05	0.590878	0.4705	0.120192	0.000184986	5.82377e-05	0.000260037	
796	0.0945568	0.0936253	0.000931506	0	0.422205	0.418046	0.00415926	0	0	0	
797	0.0552746	0.0531668	0.00210779	0	0.246806	0.237395	0.00941152	0	0	0	
798	0.179401	0.103622	0.0751727	0.000605908	0.801045	0.462686	0.335653	0.00270544	0.0014555	0.00649898	
799	0.167666	0.129089	0.0385116	6.50058e-05	0.748645	0.576397	0.171958	0.000290257	0.000154857	0.000691454	
800	0.194316	0.158495	0.0357278	9.40193e-05	0.867643	0.707695	0.159528	0.000419805	0.000105074	0.000469167	
801	0.15717	0.0851324	0.0715855	0.000452758	0.701782	0.380124	0.319636	0.00202161	0.000673635	0.00300785	
802	0.118747	0.086206	0.0325412	0	0.530218	0.384918	0.145299	0	0	0	
803	0.0831629	0.0831629	0	0	0.37133	0.37133	0	0	0	0	
804	0.182398	0.15078	0.0316103	7.63937e-06	0.814427	0.67325	0.141143	3.41105e-05	1.07496e-05	4.79981e-05	
805	0.186462	0.143669	0.0424491	0.000343416	0.832573	0.6415	0.189539	0.00153338	0.000367066	0.00163899	
806	0.155119	0.106762	0.0480809	0.000276498	0.692626	0.476705	0.214686	0.00123459	0.000324318	0.00144811	
807	0.148065	0.119146	0.0287356	0.000182934	0.661125	0.532001	0.128307	0.000816819	0.000252576	0.00112777	
808	0.168479	0.15237	0.0160593	5.02789e-05	0.752279	0.680348	0.0717067	0.0002245	0.000120886	0.000539771	
809	0.176536	0.112021	0.0643798	0.000134496	0.788251	0.500189	0.287462	0.00060054	0.000253252	0.00113079	
810	0.0778185	0.0778185	0	0	0.347467	0.347467	0	0	0	0	
811	0.139172	0.0969549	0.0422073	1.00098e-05	0.621417	0.432913	0.188459	4.46949e-05	2.26892e-05	0.000101309	
812	0.159072	0.111971	0.0464734	0.000627365	0.710275	0.499965	0.207508	0.00280124	0.00121712	0.0054346	
813	0.0638476	0.0638476	0	0	0.285086	0.285086	0	0	0	0	
814	0.0857987	0.0813373	0.00446145	0	0.3831	0.363179	0.0199208	0	0	0	
815	0.144261	0.132383	0.0117005	0.0001771	0.644141	0.591106	0.0522442	0.000790773	0.000177134	0.000790922	
816	0.23029	0.155506	0.0741689	0.000615813	1.02827	0.69435	0.331171	0.00274966	0.000938299	0.0041896	
817	0.148361	0.0969909	0.0512862	8.40282e-05	0.662447	0.433074	0.228998	0.000375194	0.00109662	0.00489652	
818	0.180378	0.124009	0.0561821	0.000186516	0.805406	0.553714	0.250858	0.000832816	0.00116051	0.00518182	
819	0.0668212	0.0668212	0	0	0.298363	0.298363	0	0	0	0	
820	0.0937702	0.0905676	0.00320255	0	0.418693	0.404393	0.0142997	0	0	0	
821	0.0275103	0.0275048	5.46966e-06	0	0.122836	0.122812	2.44225e-05	0	0	0	
822	0.0911028	0.0840884	0.00699966	1.48066e-05	0.406783	0.375463	0.0312541	6.61132e-05	1.5217e-05	6.79456e-05	
823	0.0642165	0.0588807	0.00522625	0.000109573	0.286733	0.262908	0.0233357	0.000489257	0.000109549	0.000489149	
824	0.119335	0.119307	2.84214e-05	0	0.532845	0.532718	0.000126904	0	0	0	
825	0.0787855	0.0783511	0.000434374	0	0.351785	0.349845	0.00193952	0	0	0	
826	0.118921	0.105839	0.0130823	0	0.530997	0.472584	0.0584139	0	0	0	
827	0.0843481	0.0838854	0.000462665	8.94975e-08	0.376623	0.374556	0.00206584	3.99615e-07	6.52496e-08	2.91346e-07	
828	0.149913	0.103358	0.0464136	0.000140675	0.669377	0.461508	0.207241	0.000628128	0.000188591	0.000842081	
829	0.133158	0.101264	0.0318934	5.41052e-07	0.594566	0.452156	0.142407	2.41585e-06	3.15181e-06	1.40731e-05	
830	0.15657	0.133533	0.023037	3.22986e-07	0.699102	0.596238	0.102862	1.44216e-06	9.30301e-07	4.15389e-06	
831	0.100352	0.100352	0	0	0.448081	0.448081	0	0	0	0	
832	0.084862	0.0836056	0.00125541	1.04909e-06	0.378917	0.373307	0.00560556	4.68432e-06	1.04587e-06	4.66992e-06	
833	0.0894057	0.088152	0.00125371	0	0.399205	0.393607	0.00559794	0	0	0	
834	0.0981742	0.0976127	0.000561459	0	0.438357	0.43585	0.00250697	0	0	0	
835	0.0990124	0.0962824	0.00273008	0	0.4421	0.42991	0.01219	0	0	0	
836	0.139549	0.115809	0.0236434	9.60335e-05	0.6231	0.517101	0.10557	0.000428799	0.000100452	0.000448531	
837	0.128263	0.119737	0.00846047	6.48031e-05	0.572708	0.534642	0.0377768	0.000289352	7.53072e-05	0.000336254	
838	0.133773	0.0969562	0.0366974	0.000119826	0.597311	0.432919	0.163857	0.000535035	0.000182057	0.000812904	
839	0.214897	0.151774	0.0622732	0.000848968	0.959537	0.67769	0.278056	0.00379072	0.00116753	0.00521316	
840	0.105189	0.0763425	0.0288469	0	0.469681	0.340877	0.128804	0	0	0	
841	0.111284	0.0795818	0.0314324	0.000270353	0.496896	0.35534	0.140348	0.00120715	0.000309746	0.00138304	
842	0.106169	0.0974783	0.00869124	0	0.474057	0.43525	0.0388072	0	0	0	
843	0.138465	0.120842	0.0175126	0.000110053	0.618263	0.539575	0.0781959	0.000491401	0.000127992	0.000571499	
844	0.135602	0.1094	0.0261817	2.02898e-05	0.605477	0.488482	0.116904	9.05962e-05	2.02662e-05	9.04907e-05	
845	0.183463	0.13383	0.0481941	0.00143835	0.819182	0.597568	0.215191	0.00642241	0.00147595	0.00659029	
846	0.101018	0.0933936	0.00762523	0	0.451059	0.417011	0.0340474	0	0	0	
847	0.116117	0.0952305	0.0208754	1.15697e-05	0.518476	0.425213	0.093211	5.16601e-05	1.17212e-05	5.23367e-05	
848	0.105777	0.10207	0.00370685	0	0.472307	0.455755	0.0165514	0	0	0	
849	0.100691	0.0961752	0.0045152	7.40478e-07	0.449596	0.429432	0.0201608	3.30631e-06	1.25366e-06	5.59774e-06	
850	0.0796195	0.0795803	3.92177e-05	0	0.355509	0.355334	0.000175111	0	0	0	
851	0.0641185	0.0641185	0	0	0.286295	0.286295	0	0	0	0	
852	0.0937333	0.0842279	0.00949324	1.21804e-05	0.418528	0.376086	0.0423882	5.43867e-05	2.21479e-05	9.88927e-05	
853	0.106155	0.102747	0.00340753	0	0.473993	0.458778	0.0152149	0	0	0	
854	0.0998417	0.0938702	0.00597113	3.5625e-07	0.445803	0.41914	0.0266617	1.59069e-06	2.44287e-06	1.09076e-05	
855	0.111346	0.0925764	0.017918	0.000852282	0.497174	0.413363	0.0800058	0.00380552	0.000852258	0.00380541	
856	0.113448	0.10291	0.0105374	0	0.506558	0.459507	0.0470509	0	0	0	
857	0.0629226	0.0629226	0	0	0.280955	0.280955	0	0	0	0	
858	0.102292	0.0847633	0.0175288	0	0.456745	0.378476	0.0782681	0	0	0	
859	0.126476	0.111093	0.0153833	0	0.564731	0.496043	0.0686883	0	0	0	
860	0.094014	0.0834765	0.0105374	0	0.419781	0.37273	0.0470509	0	0	0	
861	0.0858983	0.0856167	0.000281674	0	0.383544	0.382287	0.0012577	0	0	0	
862	0.114286	0.0782192	0.0359918	7.55188e-05	0.5103	0.349256	0.160707	0.000337199	0.000101279	0.000452223	
863	0.118716	0.114118	0.00459816	0	0.530081	0.50955	0.0205312	0	0	0	
864	0.105379	0.0943995	0.0109796	0	0.470528	0.421503	0.0490251	0	0	0	
865	0.115994	0.115658	0.000336434	0	0.517928	0.516426	0.00150221	0	0	0	
866	0.0756765	0.0751639	0.000512538	0	0.337903	0.335614	0.00228853	0	0	0	
867	0.0856491	0.0856491	0	0	0.382432	0.382432	0	0	0	0	
868	0.104347	0.0988811	0.00545143	1.47863e-05	0.465921	0.441514	0.0243411	6.60225e-05	1.53442e-05	6.85136e-05	
869	0.0948006	0.0936017	0.00119775	1.13856e-06	0.423294	0.417941	0.00534807	5.08382e-06	1.52295e-06	6.80013e-06	
870	0.130344	0.124883	0.00546047	8.04837e-07	0.582	0.557615	0.0243815	3.59368e-06	7.80437e-07	3.48473e-06	
871	0.106781	0.0978407	0.00892023	2.03827e-05	0.476789	0.436868	0.0398297	9.10109e-05	2.03583e-05	9.0902e-05	
872	0.0414829	0.0414628	2.01074e-05	0	0.185225	0.185135	8.97817e-05	0	0	0	
873	0.0990782	0.0989414	0.000136762	0	0.442394	0.441783	0.000610658	0	0	0	
874	0.104406	0.0899993	0.0144075	0	0.466187	0.401856	0.0643313	0	0	0	
875	0.0807953	0.0807126	8.27046e-05	0	0.360759	0.36039	0.000369284	0	0	0	
876	0.0440322	0.0440322	0	0	0.196608	0.196608	0	0	0	0	
877	0.0990044	0.0867992	0.0121764	2.87311e-05	0.442064	0.387567	0.0543691	0.000128287	2.87072e-05	0.00012818	
878	0.0991089	0.0984215	0.000687364	0	0.442531	0.439461	0.00306915	0	0	0	
879	0.0864141	0.0864141	0	0	0.385847	0.385847	0	0	0	0	
880	0.091887	0.0868628	0.00502419	0	0.410284	0.387851	0.0224335	0	0	0	
881	0.0796953	0.0785904	0.00110206	2.80516e-06	0.355847	0.350914	0.00492084	1.25253e-05	2.78093e-06	1.24171e-05	
882	0.0919157	0.0886213	0.00329166	2.68402e-06	0.410412	0.395703	0.0146976	1.19844e-05	2.75845e-06	1.23167e-05	
883	0.0587166	0.0587166	0	0	0.262175	0.262175	0	0	0	0	
884	0.0780874	0.0780874	0	0	0.348668	0.348668	0	0	0	0	
885	0.0887055	0.0887055	0	0	0.396079	0.396079	0	0	0	0	
886	0.101253	0.100799	0.00045385	0	0.452106	0.450079	0.00202648	0	0	0	
887	0.0655133	0.0655133	0	0	0.292523	0.292523	0	0	0	0	
888	0.0959506	0.0959506	0	0	0.428429	0.428429	0	0	0	0	
889	0.0640898	0.0640398	5.0084e-05	0	0.286167	0.285944	0.00022363	0	0	0	
890	0.0932901	0.0908159	0.00246881	5.40696e-06	0.416549	0.405502	0.0110235	2.41426e-05	5.38278e-06	2.40346e-05	
891	0.041295	0.0409023	0.000392655	0	0.184386	0.182633	0.00175324	0	0	0	
892	0.0580234	0.0580234	0	0	0.25908	0.25908	0	0	0	0	
893	0.0861172	0.0861172	0	0	0.384522	0.384522	0	0	0	0	
894	0.0836663	0.0830271	0.000639217	0	0.373578	0.370724	0.00285416	0	0	0	
895	0.0794416	0.0793264	0.000115147	0	0.354714	0.3542	0.000514143	0	0	0	
896	0.0787692	0.07813	0.000639217	0	0.351712	0.348858	0.00285416	0	0	0	
897	0.0735141	0.071077	0.00243696	1.50957e-07	0.328247	0.317366	0.0108812	6.74038e-07	1.2686e-07	5.66444e-07	
898	0.0725032	0.0725032	0	0	0.323734	0.323734	0	0	0	0	
899	0.0975713	0.0948652	0.00270602	0	0.435665	0.423582	0.0120826	0	0	0	
900	0.0811674	0.0811674	0	0	0.36242	0.36242	0	0	0	0	
901	0.195355	0.111443	0.0830015	0.000910215	0.872282	0.497607	0.37061	0.0040642	0.00107481	0.00479914	
902	0.0754516	0.0745927	0.000858877	0	0.336899	0.333064	0.00383497	0	0	0	
903	0.216652	0.115285	0.101298	6.92749e-05	0.967375	0.514759	0.452307	0.000309319	0.000437069	0.00195155	
904	0.0673104	0.0673104	0	0	0.300547	0.300547	0	0	0	0	
905	0.16488	0.0922296	0.0726509	0	0.736208	0.411814	0.324393	0	0	0	
906	0.198392	0.129777	0.0680911	0.000524215	0.885843	0.579468	0.304033	0.00234067	0.0013685	0.00611048	
907	0.0798292	0.0798292	0	0	0.356445	0.356445	0	0	0	0	
908	0.108143	0.0986933	0.00944788	1.80497e-06	0.482869	0.440675	0.0421857	8.05938e-06	3.6072e-06	1.61065e-05	
909	0.106794	0.104918	0.00187575	0	0.476846	0.46847	0.00837541	0	0	0	
910	0.113875	0.0896865	0.0241821	6.53723e-06	0.508463	0.400459	0.107975	2.91894e-05	6.57584e-06	2.93618e-05	
911	0.122562	0.106058	0.0162053	0.000298591	0.547254	0.473562	0.0723586	0.00133324	0.000298566	0.00133313	
912	0.10777	0.0953996	0.0123703	8.28202e-07	0.481207	0.425968	0.0552349	3.698e-06	1.05203e-06	4.69744e-06	
913	0.113066	0.0982145	0.0147841	6.81017e-05	0.504854	0.438537	0.0660128	0.00030408	0.000129101	0.000576449	
914	0.076325	0.076325	0	0	0.340798	0.340798	0	0	0	0	
915	0.123058	0.0912772	0.031749	3.23731e-05	0.549469	0.407562	0.141762	0.000144549	3.44343e-05	0.000153752	
916	0.106341	0.106341	0	0	0.474825	0.474825	0	0	0	0	
917	0.117264	0.0921395	0.0251086	1.66199e-05	0.523599	0.411412	0.112112	7.42098e-05	5.0528e-05	0.000225612	
918	0.124248	0.0885327	0.0354006	0.000315008	0.554781	0.395307	0.158067	0.00140654	0.000723145	0.00322891	
919	0.0940526	0.0858387	0.00819576	1.81293e-05	0.419954	0.383278	0.0365949	8.09492e-05	1.8105e-05	8.0841e-05	
920	0.112064	0.0854064	0.0265008	0.000157118	0.500378	0.381348	0.118328	0.000701549	0.000206451	0.000921825	
921	0.0381358	0.0381358	0	0	0.17028	0.17028	0	0	0	0	
922	0.0191128	0.0190572	5.5629e-05	0	0.0853409	0.0850925	0.000248389	0	0	0	
923	0.0601658	0.0589309	0.00123285	2.12613e-06	0.268646	0.263132	0.0055048	9.4934e-06	2.10191e-06	9.38528e-06	
924	0.0639998	0.0514569	0.0125306	1.23096e-05	0.285765	0.22976	0.0559505	5.4964e-05	1.2819e-05	5.72384e-05	
925	0.0510624	0.0446389	0.00642194	1.61354e-06	0.227998	0.199317	0.0286746	7.20465e-06	1.90719e-05	8.51582e-05	
926	0.0694046	0.0585702	0.010815	1.93576e-05	0.309898	0.261522	0.0482901	8.6434e-05	1.9333e-05	8.63238e-05	
927	0.0789419	0.0769615	0.00197099	9.39896e-06	0.352483	0.34364	0.00880071	4.19673e-05	9.37476e-06	4.18592e-05	
928	0.10406	0.0947391	0.00932096	0	0.464639	0.423019	0.041619	0	0	0	
929	0.0438765	0.0428227	0.0010538	0	0.195913	0.191207	0.00470532	0	0	0	
930	0.0753897	0.0744627	0.000927047	0	0.336622	0.332483	0.00413935	0	0	0	
931	0.0912278	0.0822455	0.00893425	4.79848e-05	0.407341	0.367234	0.0398923	0.000214257	4.79608e-05	0.00021415	
932	0.0842167	0.0838008	0.000415853	0	0.376036	0.374179	0.00185682	0	0	0	
933	0.0475268	0.0475268	0	0	0.212212	0.212212	0	0	0	0	
934	0.0472582	0.0452826	0.00197017	5.35942e-06	0.211012	0.202191	0.00879703	2.39303e-05	5.33527e-06	2.38225e-05	
935	0.0924086	0.0774108	0.0149977	0	0.412613	0.345647	0.0669666	0	0	0	
936	0.0759227	0.0755191	0.000403629	0	0.339002	0.3372	0.00180224	0	0	0	
937	0.0616549	0.0616549	0	0	0.275295	0.275295	0	0	0	0	
938	0.0670723	0.0670723	0	0	0.299484	0.299484	0	0	0	0	
939	0.0730338	0.0726299	0.000403867	0	0.326103	0.324299	0.0018033	0	0	0	
940	0.076398	0.0742086	0.0021797	9.70399e-06	0.341125	0.331349	0.00973257	4.33293e-05	9.67983e-06	4.32214e-05	
941	0.0684743	0.0684743	0	0	0.305744	0.305744	0	0	0	0	
942	0.0705768	0.0705768	0	0	0.315132	0.315132	0	0	0	0	
943	0.079938	0.079938	0	0	0.356931	0.356931	0	0	0	0	
944	0.063788	0.0633841	0.000403867	0	0.284819	0.283016	0.0018033	0	0	0	
945	0.0631047	0.0631047	0	0	0.281769	0.281769	0	0	0	0	
946	0.0663252	0.0653937	0.000931506	0	0.296149	0.291989	0.00415926	0	0	0	
947	0.0954853	0.0954853	0	0	0.426351	0.426351	0	0	0	0	
948	0.0635354	0.0540736	0.00946183	0	0.283692	0.241444	0.042248	0	0	0	
949	0.0645188	0.0645188	0	0	0.288083	0.288083	0	0	0	0	
950	0.0858315	0.0858315	0	0	0.383246	0.383246	0	0	0	0	
951	0.115672	0.115672	0	0	0.516488	0.516488	0	0	0	0	
952	0.0510539	0.049363	0.0016909	0	0.22796	0.22041	0.00755005	0	0	0	
953	0.0536668	0.0531586	0.000508155	0	0.239627	0.237358	0.00226896	0	0	0	
954	0.0872346	0.0861703	0.00106437	0	0.389511	0.384759	0.00475254	0	0	0	
955	0.0888483	0.0888483	0	0	0.396716	0.396716	0	0	0	0	
956	0.0536177	0.0495677	0.00405005	0	0.239408	0.221324	0.0180838	0	0	0	
957	0.0787622	0.0787622	0	0	0.351681	0.351681	0	0	0	0	
958	0.0802659	0.0691252	0.0111407	0	0.358395	0.308651	0.0497443	0	0	0	
959	0.0906904	0.0906904	0	0	0.404941	0.404941	0	0	0	0	
960	0.0565064	0.0565064	0	0	0.252306	0.252306	0	0	0	0	
961	0.0776533	0.0747117	0.00294153	0	0.346729	0.333595	0.0131342	0	0	0	
962	0.0977087	0.0976739	3.48e-05	0	0.436279	0.436123	0.000155385	0	0	0	
963	0.145322	0.145276	4.62601e-05	0	0.648879	0.648673	0.000206556	0	0	0	
964	0.105065	0.104001	0.00106437	0	0.469127	0.464375	0.00475254	0	0	0	
965	0.149192	0.0958909	0.0533011	0	0.666157	0.428162	0.237994	0	0	0	
966	0.154616	0.101306	0.0533073	2.62555e-06	0.690376	0.452342	0.238022	1.17233e-05	2.59975e-06	1.16081e-05	
967	0.0445099	0.0441779	0.000331993	0	0.198741	0.197259	0.00148238	0	0	0	
968	0.0707481	0.0704161	0.000331993	0	0.315897	0.314415	0.00148238	0	0	0	
969	0.199987	0.177234	0.0227442	8.23383e-06	0.892962	0.79137	0.101555	3.67648e-05	1.80964e-05	8.08022e-05	
970	0.209951	0.173046	0.0366765	0.000228191	0.937452	0.772669	0.163764	0.00101889	0.000375149	0.00167508	
