Node	dPC	dPCintra	dPCflux	dPCconnector	varPC	varPCintra	varPCflux	varPCconnector	dBC_PC	varBC_PC	
1	0.174963	0.165246	0.00970891	7.5308e-06	0.779943	0.736629	0.04328	3.35705e-05	7.63712e-06	3.40444e-05	
2	0.0929523	0.0831839	0.00971083	5.75964e-05	0.414359	0.370813	0.0432885	0.000256751	7.3517e-05	0.000327721	
3	0.0939368	0.0814919	0.0124272	1.77061e-05	0.418748	0.363271	0.0553976	7.89298e-05	2.64578e-05	0.000117942	
4	0.0572079	0.0572079	0	0	0.255019	0.255019	0	0	0	0	
5	0.111346	0.105859	0.00548695	2.2606e-07	0.496355	0.471894	0.0244595	1.00772e-06	2.01038e-07	8.96182e-07	
6	0.0948702	0.089164	0.00566865	3.75324e-05	0.422908	0.397471	0.0252694	0.00016731	4.20197e-05	0.000187314	
7	0.0875066	0.0858778	0.00162885	0	0.390083	0.382822	0.00726105	0	0	0	
8	0.119962	0.102628	0.0173331	2.46665e-07	0.534762	0.457494	0.0772668	1.09957e-06	2.56535e-07	1.14357e-06	
9	0.0874284	0.0863054	0.00112074	2.23249e-06	0.389734	0.384729	0.00499599	9.95192e-06	2.19982e-06	9.80627e-06	
10	0.059343	0.0591256	0.000217385	0	0.264537	0.263568	0.00096905	0	0	0	
11	0.0844585	0.0789187	0.00553988	0	0.376496	0.3518	0.0246954	0	0	0	
12	0.0960057	0.0942476	0.00175727	7.75672e-07	0.42797	0.420133	0.00783353	3.45776e-06	2.7772e-06	1.23801e-05	
13	0.102826	0.102826	0	0	0.458377	0.458377	0	0	0	0	
14	0.0836289	0.0832782	0.000350768	0	0.372797	0.371234	0.00156364	0	0	0	
15	0.0967618	0.0925819	0.00417989	0	0.431341	0.412708	0.0186329	0	0	0	
16	0.0731752	0.0731752	0	0	0.326197	0.326197	0	0	0	0	
17	0.0865904	0.0843682	0.00222056	1.67952e-06	0.385999	0.376093	0.00989875	7.48693e-06	1.64686e-06	7.34134e-06	
18	0.0731895	0.0720475	0.00114204	0	0.326261	0.32117	0.00509097	0	0	0	
19	0.0879989	0.0841816	0.00380481	1.25351e-05	0.392278	0.375261	0.0169609	5.58784e-05	1.29696e-05	5.78157e-05	
20	0.0590368	0.0590368	0	0	0.263171	0.263171	0	0	0	0	
21	0.0848025	0.0816334	0.00316625	2.81424e-06	0.378029	0.363902	0.0141144	1.25452e-05	2.78166e-06	1.23999e-05	
22	0.0902329	0.0874456	0.0027828	4.4705e-06	0.402236	0.389811	0.012405	1.99284e-05	5.24817e-06	2.33951e-05	
23	0.0987995	0.0948283	0.00396729	3.93283e-06	0.440424	0.422722	0.0176852	1.75316e-05	4.28014e-06	1.90798e-05	
24	0.0658691	0.0649992	0.000869961	0	0.293629	0.289751	0.00387807	0	0	0	
25	0.121349	0.11537	0.00597465	4.64473e-06	0.540946	0.514291	0.0266335	2.07051e-05	5.12592e-06	2.28501e-05	
26	0.0857899	0.0841646	0.00162531	0	0.382431	0.375185	0.00724525	0	0	0	
27	0.0792349	0.0761282	0.00310677	0	0.35321	0.339361	0.0138492	0	0	0	
28	0.0620276	0.0620276	0	0	0.276504	0.276504	0	0	0	0	
29	0.104093	0.101133	0.00296006	0	0.464025	0.450829	0.0131952	0	0	0	
30	0.164496	0.148637	0.0157978	6.10625e-05	0.733287	0.662592	0.0704231	0.000272202	6.39695e-05	0.000285161	
31	0.140981	0.138224	0.00275256	3.51025e-06	0.628459	0.616173	0.0122702	1.56478e-05	3.47771e-06	1.55028e-05	
32	0.144783	0.138687	0.00609042	4.92331e-06	0.645408	0.618236	0.0271496	2.19469e-05	5.38254e-06	2.3994e-05	
33	0.0778212	0.0765427	0.0012782	4.01379e-07	0.346908	0.341209	0.00569792	1.78925e-06	1.73564e-06	7.73708e-06	
34	0.101104	0.0970222	0.00408206	0	0.450698	0.432502	0.0181968	0	0	0	
35	0.0637484	0.0608818	0.00286365	2.92595e-06	0.284175	0.271396	0.0127654	1.30432e-05	2.93588e-06	1.30874e-05	
36	0.0814363	0.0810504	0.000385898	0	0.363023	0.361303	0.00172024	0	0	0	
37	0.178739	0.0948568	0.0834819	0.000400798	0.796777	0.422848	0.372142	0.00178666	0.00607552	0.0270832	
38	0.0800757	0.0783113	0.00176436	0	0.356958	0.349093	0.00786512	0	0	0	
39	0.0895386	0.0837894	0.00572097	2.82901e-05	0.399141	0.373513	0.0255027	0.00012611	2.92978e-05	0.000130602	
40	0.104084	0.100818	0.00326516	7.55898e-07	0.463982	0.449424	0.0145553	3.36961e-06	7.92032e-07	3.53069e-06	
41	0.098505	0.0957999	0.0027051	0	0.439111	0.427053	0.0120587	0	0	0	
42	0.0749292	0.0738383	0.00109086	0	0.334016	0.329153	0.00486283	0	0	0	
43	0.0618396	0.0552575	0.00658175	3.66451e-07	0.275666	0.246325	0.0293398	1.63355e-06	2.00192e-06	8.9241e-06	
44	0.0650589	0.064515	0.000543874	0	0.290017	0.287592	0.00242446	0	0	0	
45	0.0574473	0.0520699	0.00537732	0	0.256086	0.232115	0.0239708	0	0	0	
46	0.0924216	0.085011	0.00739399	1.66206e-05	0.411993	0.378958	0.0329606	7.40906e-05	2.38448e-05	0.000106294	
47	0.135985	0.134666	0.00131856	0	0.60619	0.600312	0.00587785	0	0	0	
48	0.107678	0.0849152	0.022625	0.000138097	0.480004	0.378531	0.100857	0.000615604	0.000169957	0.000757629	
49	0.166233	0.158156	0.00807002	6.74751e-06	0.741029	0.705025	0.0359742	3.00788e-05	6.71465e-06	2.99323e-05	
50	0.10011	0.0951424	0.00495931	8.35713e-06	0.446266	0.424122	0.0221074	3.72541e-05	9.10622e-06	4.05933e-05	
51	0.0845583	0.0845583	0	0	0.376941	0.376941	0	0	0	0	
52	0.079798	0.0761374	0.00365733	3.27224e-06	0.35572	0.339402	0.0163035	1.45868e-05	4.37526e-06	1.95038e-05	
53	0.0979335	0.0948441	0.00308946	0	0.436564	0.422792	0.013772	0	0	0	
54	0.0924976	0.0906405	0.00185546	1.59929e-06	0.412332	0.404053	0.00827121	7.12926e-06	1.57164e-06	7.006e-06	
55	0.0998699	0.0926476	0.00720899	1.33478e-05	0.445196	0.413	0.0321359	5.95013e-05	1.4704e-05	6.55472e-05	
56	0.119096	0.111912	0.00718412	1.33521e-07	0.530905	0.498879	0.0320251	5.95206e-07	2.26978e-06	1.01181e-05	
57	0.101482	0.100658	0.000823893	0	0.452385	0.448712	0.00367271	0	0	0	
58	0.12137	0.0912441	0.0300719	5.47008e-05	0.541041	0.406744	0.134053	0.000243843	0.000105607	0.000470774	
59	0.183693	0.111959	0.0716615	7.21589e-05	0.818859	0.499087	0.319449	0.000321667	8.97785e-05	0.000400211	
60	0.0752189	0.073545	0.00167395	0	0.335308	0.327845	0.00746209	0	0	0	
61	0.0880011	0.0870715	0.000929653	0	0.392288	0.388143	0.00414417	0	0	0	
62	0.101342	0.0933485	0.00797868	1.57691e-05	0.451762	0.416125	0.035567	7.0295e-05	2.08822e-05	9.30878e-05	
63	0.124747	0.0938328	0.0307681	0.000146146	0.556092	0.418284	0.137156	0.000651484	0.000198139	0.000883256	
64	0.0983462	0.0967359	0.00160989	4.16684e-07	0.438403	0.431225	0.00717654	1.85747e-06	3.84024e-07	1.71188e-06	
65	0.109023	0.102481	0.0065319	9.81571e-06	0.485999	0.456837	0.0291176	4.3756e-05	9.81802e-06	4.37663e-05	
66	0.113348	0.100835	0.0125038	8.81564e-06	0.505279	0.449501	0.0557389	3.9298e-05	8.9286e-06	3.98015e-05	
67	0.18049	0.137211	0.0432561	2.2843e-05	0.804582	0.611654	0.192825	0.000101829	3.86101e-05	0.000172114	
68	0.0956914	0.0797903	0.0159004	6.37413e-07	0.426569	0.355686	0.0708804	2.84143e-06	1.92705e-06	8.59033e-06	
69	0.117458	0.113645	0.00380132	1.15371e-05	0.5236	0.506603	0.0169453	5.14298e-05	1.72616e-05	7.69483e-05	
70	0.0782024	0.076275	0.00191765	9.77994e-06	0.348607	0.340015	0.00854844	4.35966e-05	9.83943e-06	4.38618e-05	
71	0.0618052	0.0441423	0.0176629	0	0.275512	0.196775	0.078737	0	0	0	
72	0.180161	0.129341	0.0506909	0.000128093	0.803114	0.576575	0.225968	0.00057101	0.000180586	0.000805011	
73	0.0795931	0.0595974	0.0199957	0	0.354807	0.265671	0.0891361	0	0	0	
74	0.124889	0.105876	0.0188872	0.000125346	0.556726	0.471973	0.0841946	0.000558762	0.000152947	0.000681804	
75	0.182658	0.142656	0.0395878	0.000414342	0.814247	0.635927	0.176473	0.00184704	0.000567035	0.0025277	
76	0.151815	0.140113	0.0115841	0.00011769	0.676756	0.624593	0.0516394	0.000524637	0.000124161	0.000553481	
77	0.0888455	0.0888455	0	0	0.396052	0.396052	0	0	0	0	
78	0.141251	0.09787	0.0433279	5.31732e-05	0.629663	0.436281	0.193145	0.000237033	6.65426e-05	0.000296631	
79	0.157865	0.135845	0.0218639	0.000155397	0.703725	0.605568	0.0974641	0.000692726	0.000276477	0.00123247	
80	0.135894	0.124063	0.0118241	7.16087e-06	0.605785	0.553044	0.0527091	3.19214e-05	1.02124e-05	4.55245e-05	
81	0.108644	0.105285	0.00335919	0	0.484312	0.469337	0.0149744	0	0	0	
82	0.251604	0.159693	0.09054	0.00137109	1.12159	0.711875	0.403605	0.00611201	0.00181283	0.00808116	
83	0.15411	0.124056	0.0299709	8.36904e-05	0.686989	0.553012	0.133603	0.000373072	9.72395e-05	0.00043347	
84	0.117004	0.0953105	0.0216919	2.26327e-06	0.521578	0.424871	0.0966975	1.00891e-05	3.58197e-06	1.59675e-05	
85	0.150233	0.100186	0.0500465	0	0.669704	0.446609	0.223095	0	0	0	
86	0.166138	0.144879	0.0211361	0.000122122	0.740603	0.645839	0.0942197	0.000544391	0.000154161	0.000687215	
87	0.0801543	0.0769	0.00325422	0	0.357308	0.342802	0.0145065	0	0	0	
88	0.0824179	0.0808866	0.00153062	7.05235e-07	0.367399	0.360573	0.00682317	3.14377e-06	6.72592e-07	2.99825e-06	
89	0.0789356	0.0762544	0.00267306	8.19282e-06	0.351876	0.339923	0.0119158	3.65216e-05	9.54144e-06	4.25334e-05	
90	0.105927	0.0979023	0.00802503	0	0.472198	0.436425	0.0357736	0	0	0	
91	0.104206	0.101442	0.00276301	5.21225e-07	0.464526	0.452207	0.0123168	2.32349e-06	6.30058e-07	2.80864e-06	
92	0.0855454	0.0831014	0.00243814	5.8495e-06	0.38134	0.370446	0.0108686	2.60756e-05	6.44826e-06	2.87448e-05	
93	0.0959629	0.0894539	0.00650192	7.16849e-06	0.427779	0.398764	0.028984	3.19554e-05	9.2834e-06	4.13831e-05	
94	0.0890104	0.0849933	0.00401711	0	0.396787	0.378879	0.0179073	0	0	0	
95	0.151136	0.130312	0.0208089	1.49252e-05	0.67373	0.580902	0.0927614	6.65331e-05	4.11424e-05	0.000183403	
96	0.201467	0.158158	0.0432194	9.02382e-05	0.898094	0.70503	0.192661	0.00040226	0.000103798	0.000462707	
97	0.108525	0.0938737	0.0146056	4.58424e-05	0.483779	0.418466	0.0651082	0.000204354	5.57109e-05	0.000248345	
98	0.108721	0.0888262	0.0198956	0	0.484656	0.395965	0.0886901	0	0	0	
99	0.106833	0.0995895	0.00724232	1.49254e-06	0.476237	0.443946	0.0322845	6.6534e-06	2.43593e-06	1.08587e-05	
100	0.095902	0.09156	0.00432147	2.06201e-05	0.427508	0.408152	0.019264	9.19195e-05	2.12236e-05	9.46101e-05	
101	0.145577	0.143645	0.00193201	0	0.648951	0.640339	0.00861245	0	0	0	
102	0.16194	0.106776	0.0551306	3.3653e-05	0.721891	0.475982	0.245759	0.000150017	0.000158234	0.000705371	
103	0.0777412	0.0729892	0.00475195	0	0.346551	0.325368	0.021183	0	0	0	
104	0.107255	0.0829256	0.0242912	3.85498e-05	0.478119	0.369662	0.108284	0.000171846	4.10947e-05	0.00018319	
105	0.093837	0.0858298	0.00794951	5.77205e-05	0.418303	0.382608	0.035437	0.000257304	7.39767e-05	0.00032977	
106	0.145172	0.111028	0.0341113	3.27943e-05	0.647144	0.494938	0.15206	0.000146189	4.79952e-05	0.000213951	
107	0.215438	0.146028	0.0691357	0.000273727	0.960371	0.65096	0.30819	0.0012202	0.000337765	0.00150567	
108	0.103	0.0964751	0.00650663	1.87727e-05	0.459151	0.430063	0.029005	8.36845e-05	2.00889e-05	8.95515e-05	
109	0.127398	0.10761	0.0196882	9.94828e-05	0.567911	0.479703	0.0877654	0.00044347	0.000132847	0.0005922	
110	0.117221	0.10813	0.00909096	0	0.522543	0.482018	0.0405253	0	0	0	
111	0.101699	0.0957963	0.00589822	5.14453e-06	0.453353	0.427037	0.0262928	2.2933e-05	6.34297e-06	2.82754e-05	
112	0.103531	0.0943773	0.00915325	6.90412e-07	0.461517	0.420711	0.040803	3.07769e-06	1.68482e-06	7.51053e-06	
113	0.098186	0.091359	0.00682705	0	0.43769	0.407256	0.0304333	0	0	0	
114	0.161308	0.123592	0.0370846	0.000631431	0.719074	0.550944	0.165314	0.00281476	0.000798568	0.00355982	
115	0.115725	0.106331	0.00936871	2.60332e-05	0.515878	0.473999	0.0417634	0.000116049	3.18188e-05	0.000141841	
116	0.122058	0.113843	0.00821073	4.0441e-06	0.544108	0.507489	0.0366014	1.80276e-05	4.64499e-06	2.07062e-05	
117	0.111148	0.0964175	0.0147289	2.3217e-06	0.495474	0.429806	0.0656579	1.03495e-05	3.29345e-06	1.46814e-05	
118	0.103949	0.101148	0.00280124	0	0.463382	0.450895	0.0124872	0	0	0	
119	0.118154	0.113043	0.00511036	0	0.526703	0.503922	0.0227807	0	0	0	
120	0.11083	0.0956929	0.0150541	8.29905e-05	0.494053	0.426576	0.0671079	0.000369952	0.000103984	0.000463538	
121	0.0894311	0.0839354	0.0054956	1.48308e-07	0.398662	0.374163	0.024498	6.61122e-07	2.67877e-07	1.19413e-06	
122	0.178533	0.156924	0.0215246	8.48405e-05	0.79586	0.69953	0.0959518	0.000378198	0.000120869	0.000538805	
123	0.11089	0.106465	0.00442397	1.12327e-06	0.494321	0.474595	0.019721	5.00731e-06	2.0624e-06	9.19369e-06	
124	0.163161	0.0958839	0.0647273	0.00254997	0.727333	0.427427	0.288539	0.0113671	0.00614333	0.0273855	
125	0.10742	0.102891	0.00452901	0	0.478856	0.458667	0.0201892	0	0	0	
126	0.1385	0.103838	0.0339638	0.000698766	0.617403	0.462886	0.151402	0.00311493	0.000744563	0.00331908	
127	0.202422	0.190667	0.0117277	2.69751e-05	0.902348	0.849949	0.0522796	0.000120248	2.73638e-05	0.000121981	
128	0.128109	0.12006	0.00804962	0	0.571083	0.5352	0.0358833	0	0	0	
129	0.123976	0.11747	0.00650398	2.29248e-06	0.552659	0.523656	0.0289931	1.02193e-05	4.6902e-06	2.09077e-05	
130	0.0997536	0.0957684	0.00398253	2.65948e-06	0.444677	0.426912	0.0177531	1.18553e-05	3.09061e-06	1.37772e-05	
131	0.131965	0.124017	0.007946	1.98619e-06	0.58827	0.55284	0.0354213	8.85398e-06	3.27374e-06	1.45935e-05	
132	0.101058	0.0847395	0.0163191	0	0.450495	0.377748	0.0727468	0	0	0	
133	0.150133	0.110266	0.0391211	0.000746776	0.66926	0.491539	0.174392	0.00332894	0.000886173	0.00395035	
134	0.0963139	0.0951678	0.00114609	0	0.429344	0.424235	0.00510902	0	0	0	
135	0.0702079	0.0702079	0	0	0.31297	0.31297	0	0	0	0	
136	0.111054	0.103001	0.0080278	2.48925e-05	0.495052	0.459156	0.035786	0.000110965	3.08665e-05	0.000137595	
137	0.113937	0.101614	0.0122573	6.52365e-05	0.507906	0.452975	0.0546405	0.000290808	0.000113787	0.000507237	
138	0.113541	0.103833	0.00970796	0	0.506141	0.462865	0.0432757	0	0	0	
139	0.108937	0.105686	0.00325053	8.17787e-08	0.485615	0.471125	0.0144901	3.6455e-07	3.8254e-07	1.70527e-06	
140	0.144594	0.120461	0.0241284	4.54338e-06	0.644568	0.536989	0.107558	2.02533e-05	7.17705e-06	3.19935e-05	
141	0.0950755	0.0925689	0.00250664	0	0.423824	0.41265	0.011174	0	0	0	
142	0.0835095	0.0830228	0.000486682	0	0.372265	0.370095	0.00216951	0	0	0	
143	0.155975	0.154042	0.00193362	0	0.695302	0.686683	0.00861962	0	0	0	
144	0.101114	0.0982846	0.00282991	1.68535e-07	0.450744	0.438129	0.012615	7.51291e-07	1.79566e-07	8.00464e-07	
145	0.090101	0.0863492	0.00375107	7.74843e-07	0.401648	0.384924	0.0167214	3.45406e-06	1.29478e-06	5.77183e-06	
146	0.0625008	0.0608972	0.00160274	9.43653e-07	0.278613	0.271465	0.00714463	4.20657e-06	2.73305e-06	1.21833e-05	
147	0.0739972	0.0723584	0.00163885	0	0.329862	0.322556	0.00730562	0	0	0	
148	0.109161	0.10732	0.00184099	0	0.486615	0.478408	0.00820672	0	0	0	
149	0.114889	0.0994606	0.0154148	1.41121e-05	0.51215	0.443371	0.0687157	6.29086e-05	1.79725e-05	8.01174e-05	
150	0.0857059	0.0822328	0.00346371	9.38072e-06	0.382056	0.366574	0.0154404	4.1817e-05	9.34808e-06	4.16715e-05	
151	0.140842	0.123892	0.0169456	4.37512e-06	0.627842	0.552284	0.0755395	1.95032e-05	5.60166e-06	2.49708e-05	
152	0.102204	0.0843936	0.0177821	2.84342e-05	0.455601	0.376206	0.0792685	0.000126752	4.77124e-05	0.00021269	
153	0.139844	0.13503	0.00481333	0	0.623391	0.601934	0.0214566	0	0	0	
154	0.0984673	0.0972956	0.00117166	0	0.438943	0.43372	0.00522298	0	0	0	
155	0.0972352	0.0914629	0.00577178	5.47511e-07	0.433451	0.407719	0.0257292	2.44067e-06	7.73806e-07	3.44944e-06	
156	0.0975732	0.0943611	0.00321206	0	0.434958	0.420639	0.0143186	0	0	0	
157	0.0897383	0.0879926	0.00174571	0	0.400032	0.39225	0.00778197	0	0	0	
158	0.11822	0.103089	0.0151136	1.72229e-05	0.526998	0.459549	0.0673731	7.67759e-05	2.87412e-05	0.000128121	
159	0.108214	0.0988786	0.00932593	1.01502e-05	0.482395	0.440777	0.0415727	4.52471e-05	1.52552e-05	6.80044e-05	
160	0.170758	0.155213	0.0155397	4.91304e-06	0.761199	0.691905	0.0692726	2.19011e-05	5.23941e-06	2.3356e-05	
161	0.208901	0.173313	0.0355257	6.23094e-05	0.931233	0.77259	0.158365	0.00027776	0.000110892	0.000494333	
162	0.1109	0.0939411	0.0169327	2.64708e-05	0.494367	0.418767	0.0754821	0.000118	3.03567e-05	0.000135323	
163	0.0895273	0.078305	0.011206	1.6257e-05	0.399091	0.349065	0.0499539	7.24702e-05	3.12499e-05	0.000139304	
164	0.120271	0.0894743	0.0307028	9.46399e-05	0.536142	0.398855	0.136865	0.000421882	0.000184961	0.000824513	
165	0.155519	0.114903	0.0400752	0.000540784	0.693269	0.512213	0.178645	0.00241068	0.000671935	0.00299532	
166	0.0993145	0.0971626	0.00215146	4.30596e-07	0.44272	0.433127	0.00959071	1.91949e-06	3.97953e-07	1.77398e-06	
167	0.101869	0.0968598	0.00501005	0	0.454111	0.431778	0.0223336	0	0	0	
168	0.113318	0.0978028	0.0155157	1.39962e-07	0.505147	0.435981	0.0691656	6.2392e-07	1.62404e-07	7.23962e-07	
169	0.100991	0.0945339	0.00644405	1.34533e-05	0.450195	0.421409	0.028726	5.99717e-05	1.36937e-05	6.10433e-05	
170	0.14569	0.108399	0.0370796	0.000211203	0.649454	0.483221	0.165292	0.000941494	0.000285421	0.00127233	
171	0.219805	0.194878	0.0249138	1.31194e-05	0.979839	0.86872	0.111059	5.84835e-05	2.18496e-05	9.74005e-05	
172	0.136561	0.12185	0.0147104	0	0.608757	0.543181	0.0655756	0	0	0	
173	0.180817	0.135372	0.044694	0.000750737	0.806041	0.603459	0.199235	0.0033466	0.000926937	0.00413206	
174	0.129246	0.112995	0.0162508	0	0.576148	0.503706	0.0724423	0	0	0	
175	0.104248	0.0960454	0.008203	0	0.464714	0.428147	0.036567	0	0	0	
176	0.112689	0.0946359	0.0179624	9.08786e-05	0.502341	0.421864	0.0800722	0.000405115	0.000103986	0.000463547	
177	0.186421	0.141498	0.0441496	0.000773264	0.831021	0.630765	0.196808	0.00344702	0.000880899	0.00392683	
178	0.140476	0.106207	0.0342444	2.50789e-05	0.626212	0.473446	0.152653	0.000111796	3.45773e-05	0.000154137	
179	0.197092	0.140139	0.0553796	0.00157343	0.878589	0.624706	0.246869	0.00701398	0.00203263	0.00906099	
180	0.116178	0.101227	0.0147755	0.000175822	0.517896	0.451247	0.0658656	0.000783774	0.000215493	0.00096062	
181	0.135153	0.12508	0.0100732	6.11062e-08	0.602482	0.557578	0.0449039	2.72397e-07	2.63545e-07	1.17482e-06	
182	0.103075	0.0992231	0.00385205	0	0.459484	0.442313	0.0171715	0	0	0	
183	0.116283	0.111302	0.0049811	0	0.518363	0.496158	0.0222045	0	0	0	
184	0.0994471	0.0878509	0.0115719	2.42165e-05	0.443311	0.391618	0.0515849	0.000107951	3.62442e-05	0.000161568	
185	0.0951847	0.0824162	0.0127675	9.9182e-07	0.42431	0.367391	0.0569146	4.42129e-06	3.41562e-06	1.5226e-05	
186	0.131977	0.11358	0.0183948	1.55656e-06	0.588323	0.506316	0.0819999	6.93877e-06	1.97323e-06	8.79619e-06	
187	0.0924586	0.0881009	0.00435767	0	0.412158	0.392732	0.0194254	0	0	0	
188	0.0842821	0.0805179	0.00375973	4.39827e-06	0.375709	0.358929	0.0167599	1.96064e-05	8.15599e-06	3.63574e-05	
189	0.106944	0.102091	0.00484852	4.84488e-06	0.476733	0.455098	0.0216135	2.15973e-05	5.05681e-06	2.2542e-05	
190	0.0769552	0.0592607	0.0176944	0	0.343048	0.26417	0.0788777	0	0	0	
191	0.340013	0.212922	0.124472	0.00261886	1.51569	0.949155	0.554869	0.0116742	0.00297536	0.0132634	
192	0.0728763	0.0728466	2.97283e-05	0	0.324865	0.324732	0.000132522	0	0	0	
193	0.118177	0.118177	0	0	0.526805	0.526805	0	0	0	0	
194	0.165085	0.120837	0.0438786	0.000368958	0.735909	0.538664	0.1956	0.00164472	0.000388192	0.00173046	
195	0.0898671	0.0884453	0.00142177	0	0.400606	0.394268	0.00633791	0	0	0	
196	0.0892208	0.0892208	0	0	0.397725	0.397725	0	0	0	0	
197	0.0732308	0.0559156	0.0173152	0	0.326445	0.249258	0.0771871	0	0	0	
198	0.162357	0.114079	0.0459458	0.00233204	0.723749	0.508538	0.204815	0.0103956	0.00303418	0.0135256	
199	0.152193	0.114116	0.038052	2.47077e-05	0.678441	0.508704	0.169627	0.000110141	5.59986e-05	0.000249628	
200	0.107481	0.0870441	0.0204371	0	0.479126	0.388022	0.0911039	0	0	0	
201	0.155821	0.100391	0.0553234	0.00010663	0.694614	0.447521	0.246618	0.000475331	0.000312299	0.00139215	
202	0.105651	0.105651	0	0	0.470968	0.470968	0	0	0	0	
203	0.101254	0.0943039	0.00695039	3.28612e-08	0.451367	0.420384	0.0309832	1.46487e-07	1.10377e-09	4.92038e-09	
204	0.167245	0.133502	0.0336642	7.87573e-05	0.745541	0.595122	0.150067	0.000351081	8.26946e-05	0.000368633	
205	0.11587	0.0896628	0.0261566	5.13139e-05	0.516524	0.399695	0.1166	0.000228745	7.34923e-05	0.000327611	
206	0.189106	0.148998	0.0400327	7.57538e-05	0.842992	0.664198	0.178456	0.000337692	0.000185716	0.00082788	
207	0.0690252	0.0517873	0.0172348	3.05942e-06	0.307697	0.230855	0.0768286	1.36381e-05	9.43018e-06	4.20374e-05	
208	0.104662	0.0980517	0.0066108	0	0.46656	0.437091	0.0294693	0	0	0	
209	0.14641	0.0949746	0.0514357	0	0.652662	0.423374	0.229288	0	0	0	
210	0.113758	0.113392	0.000366352	0	0.507107	0.505474	0.0016331	0	0	0	
211	0.165823	0.10324	0.062583	0	0.739199	0.460219	0.27898	0	0	0	
212	0.117726	0.116041	0.00168539	0	0.524798	0.517285	0.0075131	0	0	0	
213	0.240311	0.164178	0.0751989	0.000933577	1.07125	0.731869	0.335218	0.00416166	0.00162479	0.00724292	
214	0.116993	0.115486	0.00150414	2.58357e-06	0.521527	0.514811	0.00670513	1.15169e-05	2.65923e-06	1.18542e-05	
215	0.178704	0.161135	0.0175403	2.9193e-05	0.796623	0.718303	0.0781906	0.000130135	4.67466e-05	0.000208385	
216	0.0988803	0.084563	0.0143172	0	0.440784	0.376961	0.0638227	0	0	0	
217	0.210234	0.140475	0.0684392	0.00132006	0.937174	0.626204	0.305085	0.00588454	0.00167164	0.0074518	
218	0.097161	0.0968754	0.00028554	0	0.43312	0.431847	0.00127287	0	0	0	
219	0.133032	0.132663	0.000368967	0	0.593027	0.591382	0.00164477	0	0	0	
220	0.0951255	0.0835701	0.0115553	0	0.424046	0.372535	0.051511	0	0	0	
221	0.12151	0.0935741	0.0278685	6.79164e-05	0.541664	0.41713	0.124231	0.000302755	8.02957e-05	0.000357939	
222	0.050307	0.0501237	0.000183383	0	0.224256	0.223439	0.000817479	0	0	0	
223	0.0971267	0.0964792	0.000647527	0	0.432967	0.430081	0.00288652	0	0	0	
224	0.176332	0.144798	0.0315296	4.89846e-06	0.786048	0.645474	0.140551	2.18361e-05	4.89549e-06	2.18229e-05	
225	0.0814136	0.0780565	0.00335641	7.82122e-07	0.362922	0.347957	0.0149621	3.48651e-06	1.49879e-06	6.68129e-06	
226	0.24894	0.224327	0.0245906	2.22063e-05	1.10971	1	0.109619	9.89903e-05	2.49623e-05	0.000111276	
227	0.0844117	0.0819951	0.00241478	1.75815e-06	0.376287	0.365514	0.0107645	7.83744e-06	1.74588e-06	7.78275e-06	
228	0.0880031	0.0790834	0.00890443	1.53079e-05	0.392296	0.352534	0.0396938	6.82392e-05	1.52753e-05	6.80938e-05	
229	0.126601	0.123474	0.00312633	0	0.564357	0.55042	0.0139364	0	0	0	
230	0.107825	0.10622	0.0016057	0	0.480662	0.473504	0.00715784	0	0	0	
231	0.0931287	0.0917067	0.00142199	0	0.415145	0.408806	0.00633893	0	0	0	
232	0.0810177	0.0748213	0.00619643	0	0.361157	0.333535	0.0276222	0	0	0	
233	0.0812624	0.0778557	0.0033808	2.58829e-05	0.362248	0.347062	0.0150708	0.000115379	2.74585e-05	0.000122403	
234	0.104693	0.103937	0.000755986	0	0.466699	0.463329	0.00337	0	0	0	
235	0.135776	0.13577	6.05418e-06	0	0.60526	0.605233	2.69881e-05	0	0	0	
236	0.0700825	0.0659375	0.0041139	3.11271e-05	0.312411	0.293933	0.0183388	0.000138757	3.45748e-05	0.000154126	
237	0.0481469	0.0472039	0.000943019	0	0.214627	0.210423	0.00420375	0	0	0	
238	0.089191	0.089191	0	0	0.397592	0.397592	0	0	0	0	
239	0.142607	0.121558	0.0210385	1.01577e-05	0.635709	0.541879	0.0937848	4.52808e-05	1.17948e-05	5.25784e-05	
240	0.0934725	0.0903646	0.00310783	0	0.416678	0.402824	0.0138539	0	0	0	
241	0.140364	0.118192	0.0219981	0.000173782	0.625711	0.526874	0.0980622	0.000774681	0.00017712	0.000789561	
242	0.0868691	0.0852844	0.00158081	3.88526e-06	0.387241	0.380177	0.0070469	1.73195e-05	3.8526e-06	1.71739e-05	
243	0.0873629	0.0858484	0.00151448	0	0.389442	0.382691	0.00675122	0	0	0	
244	0.0889848	0.0885461	0.000438404	2.80804e-07	0.396673	0.394717	0.0019543	1.25175e-06	2.48134e-07	1.10612e-06	
245	0.124576	0.0949306	0.0289638	0.000681673	0.55533	0.423178	0.129113	0.00303873	0.000865245	0.00385705	
246	0.107842	0.0893486	0.018494	0	0.480736	0.398294	0.082442	0	0	0	
247	0.112738	0.106959	0.0057659	1.27637e-05	0.502561	0.476801	0.025703	5.68975e-05	1.33836e-05	5.96608e-05	
248	0.0834216	0.0834216	0	0	0.371873	0.371873	0	0	0	0	
249	0.0742664	0.0698633	0.00440312	0	0.331062	0.311433	0.019628	0	0	0	
250	0.0701666	0.0665143	0.00360672	4.56084e-05	0.312786	0.296504	0.0160779	0.000203311	4.55888e-05	0.000203224	
251	0.129531	0.10905	0.020308	0.000172361	0.577419	0.486123	0.0905284	0.000768344	0.000172328	0.000768198	
252	0.079156	0.0691366	0.00999404	2.53671e-05	0.352858	0.308194	0.044551	0.00011308	2.55564e-05	0.000113924	
253	0.0995235	0.0976167	0.00190683	0	0.443652	0.435152	0.00850019	0	0	0	
254	0.0779487	0.0775107	0.000437977	0	0.347476	0.345524	0.00195239	0	0	0	
255	0.087435	0.0865499	0.000884656	4.62192e-07	0.389764	0.385818	0.00394358	2.06034e-06	4.29464e-07	1.91444e-06	
256	0.102878	0.0965208	0.00635531	2.31843e-06	0.458607	0.430266	0.0283304	1.0335e-05	3.07366e-06	1.37016e-05	
257	0.0992935	0.0886189	0.0106746	0	0.442626	0.395041	0.0475849	0	0	0	
258	0.100381	0.0959987	0.00436163	2.09961e-05	0.447475	0.427939	0.0194431	9.35956e-05	2.45609e-05	0.000109486	
259	0.0500906	0.0451767	0.0048931	2.08246e-05	0.223291	0.201386	0.0218123	9.28313e-05	3.50489e-05	0.000156239	
260	0.0471114	0.0416602	0.00538023	7.10494e-05	0.210011	0.185711	0.0239837	0.000316721	7.10182e-05	0.000316582	
261	0.109894	0.109643	0.000251433	0	0.489883	0.488762	0.00112082	0	0	0	
262	0.115645	0.110876	0.00476902	0	0.515518	0.494259	0.0212591	0	0	0	
263	0.0583996	0.0436719	0.0147216	6.09906e-06	0.260331	0.194678	0.0656256	2.71881e-05	0.000133455	0.000594913	
264	0.205572	0.139679	0.0653627	0.000530381	0.916392	0.622657	0.291371	0.00236431	0.000978713	0.00436287	
265	0.0484856	0.0432697	0.00519915	1.68639e-05	0.216137	0.192885	0.0231765	7.51756e-05	1.98365e-05	8.84265e-05	
266	0.0953439	0.0832493	0.0120536	4.09175e-05	0.42502	0.371105	0.0537324	0.0001824	4.08847e-05	0.000182254	
267	0.0502476	0.0454626	0.00478065	4.37438e-06	0.223992	0.202661	0.021311	1.94999e-05	4.34321e-06	1.93609e-05	
268	0.0852102	0.0850069	0.000203288	0	0.379846	0.37894	0.000906212	0	0	0	
269	0.222769	0.204379	0.0183586	3.07417e-05	0.993051	0.911075	0.0818385	0.000137039	3.51589e-05	0.00015673	
270	0.108558	0.10711	0.00144314	4.12098e-06	0.483926	0.477474	0.00643319	1.83703e-05	4.08833e-06	1.82248e-05	
271	0.0844046	0.0844046	0	0	0.376255	0.376255	0	0	0	0	
272	0.106158	0.103408	0.00274951	4.56774e-07	0.473228	0.460969	0.0122566	2.03618e-06	4.24163e-07	1.89081e-06	
273	0.110333	0.0914024	0.0188967	3.3857e-05	0.491838	0.40745	0.0842372	0.000150926	7.65189e-05	0.000341103	
274	0.103494	0.0940356	0.00945903	2.94688e-07	0.461355	0.419188	0.0421661	1.31365e-06	4.60565e-07	2.05309e-06	
275	0.118491	0.110903	0.00751833	6.98538e-05	0.528206	0.49438	0.0335149	0.000311391	7.18404e-05	0.000320247	
276	0.0921434	0.0895315	0.0026119	0	0.410753	0.39911	0.0116432	0	0	0	
277	0.113652	0.103743	0.00984045	6.77847e-05	0.506634	0.462465	0.0438663	0.000302168	8.21217e-05	0.000366078	
278	0.178027	0.147537	0.0304067	8.38085e-05	0.793605	0.657686	0.135546	0.000373598	9.8901e-05	0.000440877	
279	0.0786001	0.0768033	0.0017968	0	0.35038	0.34237	0.00800972	0	0	0	
280	0.145746	0.121004	0.0247183	2.34537e-05	0.649701	0.539409	0.110188	0.000104551	3.3354e-05	0.000148684	
281	0.119349	0.0948248	0.0244714	5.34576e-05	0.532032	0.422706	0.109087	0.000238301	6.74794e-05	0.000300807	
282	0.0848513	0.0809794	0.00387185	0	0.378246	0.360986	0.0172597	0	0	0	
283	0.105021	0.0908526	0.0141333	3.56872e-05	0.468161	0.404999	0.0630029	0.000159085	5.91172e-05	0.00026353	
284	0.158718	0.110272	0.0483286	0.000117402	0.707527	0.491567	0.215437	0.000523351	0.00032183	0.00143464	
285	0.100696	0.0869602	0.0137363	0	0.448881	0.387648	0.0612334	0	0	0	
286	0.126095	0.0818214	0.0442381	3.63594e-05	0.562105	0.36474	0.197202	0.000162081	5.0543e-05	0.000225309	
287	0.081386	0.0651794	0.0160865	0.000120047	0.362799	0.290554	0.0717101	0.000535144	0.000128793	0.000574131	
288	0.237003	0.140051	0.0936388	0.00331299	1.0565	0.624317	0.417419	0.0147685	0.00447105	0.0199309	
289	0.0692519	0.0654241	0.003792	3.58636e-05	0.308708	0.291645	0.0169038	0.000159871	3.5831e-05	0.000159726	
290	0.0687717	0.0687717	0	0	0.306568	0.306568	0	0	0	0	
291	0.215749	0.136736	0.0773522	0.0016607	0.961758	0.609537	0.344817	0.00740301	0.0026447	0.0117894	
292	0.123334	0.116296	0.00703109	7.06303e-06	0.549797	0.518423	0.0313429	3.14852e-05	9.30045e-06	4.14591e-05	
293	0.0566281	0.047419	0.00920912	0	0.252434	0.211382	0.041052	0	0	0	
294	0.0740617	0.0608014	0.0129875	0.00027283	0.330149	0.271038	0.0578952	0.00121621	0.000352214	0.00157008	
295	0.203417	0.151678	0.0511974	0.000541757	0.906788	0.676147	0.228225	0.00241502	0.000774464	0.00345237	
296	0.117926	0.117926	0	0	0.525688	0.525688	0	0	0	0	
297	0.177373	0.146121	0.0312212	3.05031e-05	0.790687	0.651374	0.139176	0.000135975	7.03744e-05	0.000313712	
298	0.111213	0.09055	0.0203092	0.000353887	0.495761	0.40365	0.0905337	0.00157754	0.000353855	0.0015774	
299	0.101269	0.0791671	0.0220416	6.02028e-05	0.451433	0.352908	0.0982564	0.000268369	6.83793e-05	0.000304818	
300	0.0772102	0.0765039	0.000706334	0	0.344184	0.341036	0.00314866	0	0	0	
301	0.0733107	0.0620423	0.0112458	2.252e-05	0.326801	0.27657	0.0501312	0.000100389	2.82015e-05	0.000125715	
302	0.0731442	0.0691305	0.00401175	2.00257e-06	0.326059	0.308167	0.0178834	8.92701e-06	2.20101e-06	9.81159e-06	
303	0.127708	0.105479	0.0219564	0.000273152	0.569296	0.470201	0.0978766	0.00121765	0.000281984	0.00125701	
304	0.095149	0.095149	0	0	0.424151	0.424151	0	0	0	0	
305	0.0515836	0.0411432	0.0104404	0	0.229947	0.183406	0.0465408	0	0	0	
306	0.0641006	0.0527681	0.0113325	0	0.285745	0.235227	0.0505178	0	0	0	
307	0.0913445	0.0870308	0.00431372	0	0.407192	0.387962	0.0192295	0	0	0	
308	0.094564	0.075291	0.0192643	8.75236e-06	0.421543	0.335629	0.0858758	3.90159e-05	2.34209e-05	0.000104405	
309	0.121858	0.110422	0.0114032	3.31049e-05	0.543216	0.492235	0.0508329	0.000147574	3.85971e-05	0.000172056	
310	0.145565	0.142893	0.00267139	4.85951e-07	0.648895	0.636985	0.0119084	2.16625e-06	2.95268e-06	1.31623e-05	
311	0.0808477	0.0737149	0.00706755	6.53254e-05	0.3604	0.328603	0.0315054	0.000291205	8.15302e-05	0.000363442	
312	0.153403	0.0955443	0.0572256	0.000633	0.683833	0.425913	0.255098	0.00282176	0.00074281	0.00331126	
313	0.104205	0.0931412	0.0110151	4.94893e-05	0.464524	0.415201	0.0491028	0.000220611	6.54594e-05	0.000291802	
314	0.0796214	0.0770393	0.00258202	4.30882e-08	0.354933	0.343423	0.01151	1.92076e-07	2.41444e-08	1.07629e-07	
315	0.110308	0.094684	0.0155728	5.1726e-05	0.491729	0.422078	0.06942	0.000230582	5.58682e-05	0.000249047	
316	0.0760107	0.0703869	0.00562116	2.65826e-06	0.338837	0.313767	0.0250578	1.18499e-05	4.63281e-06	2.06519e-05	
317	0.123036	0.0765297	0.0459166	0.000590252	0.548467	0.341151	0.204685	0.0026312	0.000922328	0.00411152	
318	0.149555	0.121901	0.0276534	0	0.66668	0.543408	0.123272	0	0	0	
319	0.237351	0.143145	0.0917992	0.00240654	1.05805	0.638109	0.409219	0.0107277	0.00280015	0.0124824	
320	0.0972905	0.075862	0.0214091	1.93768e-05	0.433697	0.338174	0.0954368	8.63771e-05	3.00671e-05	0.000134032	
321	0.15173	0.0985111	0.0516988	0.0015205	0.676378	0.439138	0.230461	0.00677804	0.00169543	0.00755782	
322	0.143573	0.0785657	0.064064	0.000943907	0.640017	0.350227	0.285581	0.00420771	0.00128185	0.00571418	
323	0.0994665	0.0945802	0.00488629	0	0.443398	0.421616	0.0217819	0	0	0	
324	0.125922	0.124835	0.00108664	0	0.561332	0.556488	0.00484399	0	0	0	
325	0.0913254	0.0899688	0.00135659	0	0.407107	0.401059	0.00604736	0	0	0	
326	0.0716154	0.0708683	0.000747166	0	0.319244	0.315913	0.00333069	0	0	0	
327	0.0798471	0.074925	0.00492209	0	0.355939	0.333998	0.0219415	0	0	0	
328	0.0906398	0.090457	0.000182809	0	0.40405	0.403235	0.000814919	0	0	0	
329	0.0972966	0.0912154	0.00606642	1.47367e-05	0.433724	0.406616	0.0270426	6.56927e-05	1.54458e-05	6.88537e-05	
330	0.150151	0.0880323	0.0603501	0.00176942	0.669341	0.392427	0.269026	0.00788769	0.00221114	0.00985677	
331	0.133819	0.116531	0.017247	4.10469e-05	0.596533	0.519467	0.076883	0.000182977	5.60809e-05	0.000249995	
332	0.111792	0.096094	0.0155953	0.000103174	0.498344	0.428364	0.0695203	0.000459925	0.000127505	0.00056839	
333	0.124189	0.0981672	0.0260192	3.55443e-06	0.553609	0.437605	0.115987	1.58448e-05	4.10206e-06	1.8286e-05	
334	0.139493	0.0881741	0.0511175	0.000201418	0.621826	0.393059	0.227869	0.000897874	0.000299212	0.00133381	
335	0.0859361	0.0802213	0.0057148	0	0.383082	0.357607	0.0254752	0	0	0	
336	0.113593	0.0891766	0.0243237	9.33319e-05	0.506373	0.397527	0.108429	0.000416051	0.000217312	0.000968725	
337	0.12058	0.111496	0.00904697	3.74705e-05	0.537519	0.497022	0.0403292	0.000167034	4.12853e-05	0.00018404	
338	0.114568	0.101382	0.0131301	5.6071e-05	0.510721	0.451939	0.0585312	0.000249951	9.22978e-05	0.000411441	
339	0.0908616	0.0768137	0.0139787	6.92278e-05	0.405039	0.342417	0.0623138	0.000308601	0.000103816	0.00046279	
340	0.110228	0.0833264	0.0266483	0.000253587	0.491371	0.371449	0.118791	0.00113043	0.000378051	0.00168526	
341	0.106283	0.104023	0.00225938	0	0.473785	0.463714	0.0100718	0	0	0	
342	0.103042	0.0751762	0.0278658	0	0.459337	0.335117	0.124219	0	0	0	
343	0.138164	0.0879901	0.0495335	0.000641086	0.615905	0.392238	0.220808	0.00285781	0.00106091	0.0047293	
344	0.0876587	0.0822575	0.00538705	1.41916e-05	0.390761	0.366684	0.0240142	6.32627e-05	2.45781e-05	0.000109563	
345	0.125134	0.0948304	0.0301942	0.000109664	0.557818	0.422731	0.134598	0.000488859	0.000197703	0.000881315	
346	0.15173	0.0980074	0.0528149	0.000907618	0.676376	0.436893	0.235436	0.00404594	0.0014081	0.00627699	
347	0.0924447	0.0752953	0.0171107	3.86012e-05	0.412096	0.335648	0.0762756	0.000172075	5.28803e-05	0.000235727	
348	0.101037	0.0835191	0.0174825	3.58567e-05	0.450401	0.372308	0.077933	0.00015984	4.63512e-05	0.000206622	
349	0.0849298	0.0720243	0.0128771	2.83341e-05	0.378596	0.321067	0.0574032	0.000126306	4.62044e-05	0.000205968	
350	0.138425	0.075902	0.0617803	0.000743014	0.617067	0.338353	0.275401	0.00331217	0.00103058	0.0045941	
351	0.154998	0.0934685	0.0612519	0.000277717	0.690944	0.41666	0.273046	0.00123799	0.000635548	0.00283312	
352	0.129522	0.0815398	0.047856	0.000126499	0.577379	0.363485	0.21333	0.000563903	0.000278438	0.00124121	
353	0.0852894	0.0777692	0.00750789	1.23866e-05	0.380199	0.346676	0.0334683	5.52167e-05	1.78641e-05	7.96338e-05	
354	0.0870348	0.078983	0.00802343	2.83823e-05	0.38798	0.352087	0.0357665	0.000126521	3.02707e-05	0.000134939	
355	0.083229	0.083229	0	0	0.371014	0.371014	0	0	0	0	
356	0.123643	0.108539	0.0150167	8.65741e-05	0.551171	0.483844	0.0669411	0.000385926	0.000100034	0.000445929	
357	0.210357	0.107735	0.100044	0.0025776	0.937724	0.480259	0.445974	0.0114903	0.00319441	0.0142399	
358	0.174264	0.0975731	0.0747695	0.0019222	0.77683	0.434957	0.333304	0.00856873	0.0040305	0.017967	
359	0.11526	0.0779641	0.0370435	0.000252776	0.513803	0.347545	0.165131	0.00112681	0.000320906	0.00143052	
360	0.100751	0.096335	0.00441611	0	0.449124	0.429438	0.0196859	0	0	0	
361	0.0468509	0.0468509	0	0	0.20885	0.20885	0	0	0	0	
362	0.1036	0.086799	0.0166991	0.000102512	0.461826	0.386929	0.0744406	0.000456974	0.00013481	0.000600953	
363	0.0493364	0.0489336	0.000402756	0	0.219929	0.218134	0.00179539	0	0	0	
364	0.133098	0.113044	0.0200515	2.83585e-06	0.593321	0.503923	0.089385	1.26415e-05	5.03996e-06	2.24669e-05	
365	0.0854895	0.0789697	0.00649005	2.97368e-05	0.381091	0.352028	0.0289311	0.000132559	3.07599e-05	0.00013712	
366	0.116859	0.0911638	0.0255958	9.94856e-05	0.52093	0.406386	0.1141	0.000443482	0.000189503	0.00084476	
367	0.125593	0.104657	0.0208215	0.000114716	0.559867	0.466538	0.0928174	0.000511376	0.000211922	0.0009447	
368	0.079123	0.0753095	0.00380672	6.83299e-06	0.352711	0.335711	0.0169694	3.04598e-05	7.60763e-06	3.3913e-05	
369	0.0843908	0.0798176	0.0045615	1.168e-05	0.376194	0.355808	0.020334	5.20668e-05	1.92765e-05	8.59301e-05	
370	0.113432	0.0910808	0.0222404	0.000111652	0.505656	0.406016	0.0991425	0.000497718	0.000167632	0.000747263	
371	0.113835	0.0788402	0.0346986	0.000297056	0.507453	0.35145	0.154678	0.0013242	0.000381669	0.00170139	
372	0.099864	0.0785636	0.0211156	0.000184793	0.44517	0.350217	0.0941285	0.000823767	0.000203552	0.000907387	
373	0.0850166	0.0787181	0.0062844	1.40654e-05	0.378983	0.350906	0.0280143	6.27003e-05	1.46438e-05	6.52789e-05	
374	0.170265	0.103294	0.0615001	0.00547086	0.759	0.460459	0.274152	0.0243877	0.00670309	0.0298807	
375	0.143312	0.12635	0.0167907	0.000171611	0.638852	0.563238	0.074849	0.000765004	0.000173726	0.000774429	
376	0.101736	0.0982749	0.00345942	1.90588e-06	0.453515	0.438086	0.0154213	8.49597e-06	2.55903e-06	1.14075e-05	
377	0.10951	0.0994514	0.00995847	0.000100858	0.488172	0.44333	0.0443924	0.000449604	0.000119568	0.000533006	
378	0.122325	0.103048	0.019263	1.43153e-05	0.545299	0.459365	0.0858702	6.38145e-05	2.00313e-05	8.92948e-05	
379	0.0914892	0.0762303	0.0151908	6.80962e-05	0.407837	0.339816	0.0677172	0.000303556	9.8739e-05	0.000440155	
380	0.107067	0.0818858	0.025019	0.000162499	0.47728	0.365027	0.111529	0.000724382	0.000231006	0.00102977	
381	0.111876	0.0792834	0.0321711	0.000421791	0.498717	0.353426	0.143411	0.00188024	0.000675862	0.00301283	
382	0.105971	0.103364	0.00260298	3.53662e-06	0.472395	0.460776	0.0116034	1.57654e-05	3.70713e-06	1.65255e-05	
383	0.0817205	0.0754249	0.00629561	0	0.36429	0.336226	0.0280643	0	0	0	
384	0.0966379	0.0898008	0.0068371	0	0.430788	0.40031	0.0304781	0	0	0	
385	0.141408	0.106624	0.0341419	0.000641978	0.630363	0.475305	0.152196	0.00286178	0.000738028	0.00328995	
386	0.10115	0.0790889	0.0217255	0.000335623	0.450902	0.352559	0.0968472	0.00149612	0.000448339	0.00199858	
387	0.0956062	0.0836621	0.0117783	0.000165763	0.426189	0.372945	0.052505	0.000738934	0.000233958	0.00104292	
388	0.0855375	0.0764625	0.00896796	0.000107108	0.381305	0.340851	0.039977	0.000477462	0.000107075	0.000477315	
389	0.131958	0.110432	0.0215183	7.50548e-06	0.588239	0.492282	0.0959237	3.34576e-05	1.30742e-05	5.82818e-05	
390	0.08761	0.0738665	0.0137247	1.87532e-05	0.390544	0.329279	0.0611818	8.35976e-05	5.03943e-05	0.000224645	
391	0.0982211	0.0906567	0.00756438	0	0.437846	0.404126	0.0337202	0	0	0	
392	0.0960413	0.0495127	0.0464458	8.27873e-05	0.428129	0.220715	0.207044	0.000369046	8.27558e-05	0.000368905	
393	0.0873195	0.0803687	0.00695076	0	0.389249	0.358264	0.0309848	0	0	0	
394	0.0975391	0.092023	0.00551613	0	0.434806	0.410216	0.0245895	0	0	0	
395	0.148019	0.137385	0.0106336	1.17708e-06	0.659837	0.61243	0.0474021	5.24714e-06	2.10263e-06	9.37305e-06	
396	0.104441	0.0587659	0.045676	0	0.465577	0.261964	0.203612	0	0	0	
397	0.132458	0.100673	0.0316125	0.00017196	0.590466	0.448779	0.140921	0.00076656	0.000308237	0.00137404	
398	0.0909351	0.0905867	0.000348396	0	0.405367	0.403813	0.00155306	0	0	0	
399	0.0792797	0.0780281	0.00125107	5.3315e-07	0.353409	0.34783	0.00557701	2.37665e-06	6.92725e-07	3.088e-06	
400	0.144491	0.128244	0.0162463	0	0.644106	0.571684	0.0724222	0	0	0	
401	0.100252	0.099999	0.000253809	0	0.446903	0.445771	0.00113142	0	0	0	
402	0.109232	0.0828791	0.0263051	4.8687e-05	0.486934	0.369455	0.117262	0.000217035	6.43011e-05	0.000286639	
403	0.113576	0.0882623	0.025249	6.56246e-05	0.506298	0.393452	0.112554	0.000292538	0.000293024	0.00130623	
404	0.108054	0.0981627	0.00989138	0	0.481679	0.437586	0.0440934	0	0	0	
405	0.107147	0.106537	0.00061026	0	0.477636	0.474916	0.00272039	0	0	0	
406	0.201223	0.175826	0.0252738	0.000122698	0.897005	0.783793	0.112664	0.00054696	0.000129448	0.000577049	
407	0.126763	0.084974	0.0415358	0.000253302	0.565079	0.378793	0.185156	0.00112916	0.000294867	0.00131444	
408	0.130295	0.1269	0.00339432	0	0.580824	0.565693	0.015131	0	0	0	
409	0.0928513	0.0914473	0.00140396	0	0.413909	0.40765	0.00625855	0	0	0	
410	0.108082	0.0874275	0.0205885	6.67629e-05	0.481807	0.389731	0.0917788	0.000297613	7.51908e-05	0.000335182	
411	0.130121	0.116835	0.0132801	5.98709e-06	0.580051	0.520825	0.0591995	2.6689e-05	5.95773e-06	2.65581e-05	
412	0.157843	0.121714	0.0360868	4.19172e-05	0.703628	0.542575	0.160866	0.000186856	5.06689e-05	0.000225869	
413	0.0961442	0.0912329	0.00490738	4.02299e-06	0.428588	0.406694	0.0218759	1.79335e-05	6.01427e-06	2.68101e-05	
414	0.149176	0.112179	0.036928	6.91002e-05	0.664992	0.500068	0.164616	0.000308032	6.96062e-05	0.000310287	
415	0.0927144	0.0916576	0.00105681	0	0.413298	0.408587	0.00471101	0	0	0	
416	0.13129	0.105763	0.0255153	1.23186e-05	0.585262	0.471466	0.113741	5.49138e-05	1.22862e-05	5.47693e-05	
417	0.105349	0.0954584	0.00989138	0	0.469624	0.42553	0.0440934	0	0	0	
418	0.0809259	0.0766821	0.00424189	1.86557e-06	0.360748	0.34183	0.0189093	8.31629e-06	3.21085e-06	1.43132e-05	
419	0.136953	0.101812	0.0351049	3.59534e-05	0.610506	0.453856	0.156489	0.000160272	6.52098e-05	0.00029069	
420	0.0834951	0.0834951	0	0	0.372201	0.372201	0	0	0	0	
421	0.0900346	0.0858861	0.00414854	0	0.401353	0.382859	0.0184932	0	0	0	
422	0.106999	0.0807937	0.0259955	0.000209985	0.476976	0.360158	0.115881	0.000936064	0.000209953	0.00093592	
423	0.0651996	0.0558491	0.00930818	4.23532e-05	0.290644	0.248962	0.0414936	0.0001888	5.03062e-05	0.000224253	
424	0.110465	0.110289	0.000175736	0	0.492427	0.491644	0.000783391	0	0	0	
425	0.076957	0.0693992	0.00748205	7.5788e-05	0.343056	0.309365	0.0333532	0.000337845	8.084e-05	0.000360365	
426	0.112313	0.108795	0.00351437	3.82146e-06	0.500666	0.484983	0.0156662	1.70351e-05	4.17657e-06	1.86181e-05	
427	0.0966663	0.0902746	0.00635402	3.76848e-05	0.430915	0.402422	0.0283247	0.00016799	5.12677e-05	0.000228539	
428	0.09571	0.0938419	0.00186806	1.04779e-07	0.426652	0.418324	0.0083274	4.67082e-07	8.00408e-08	3.56802e-07	
429	0.123307	0.0880305	0.0352705	6.50677e-06	0.549675	0.392418	0.157227	2.90056e-05	6.53891e-06	2.91488e-05	
430	0.222602	0.211913	0.010682	7.23964e-06	0.992308	0.944658	0.0476182	3.22726e-05	7.89779e-06	3.52064e-05	
431	0.180702	0.165977	0.014725	0	0.805527	0.739886	0.0656406	0	0	0	
432	0.132284	0.111937	0.0203291	1.69192e-05	0.58969	0.498992	0.0906224	7.54218e-05	3.33082e-05	0.00014848	
433	0.114707	0.098362	0.0161529	0.000192549	0.511338	0.438474	0.0720061	0.000858337	0.000214765	0.000957373	
434	0.0938395	0.0804168	0.0133415	8.12248e-05	0.418314	0.358478	0.0594732	0.00036208	8.12931e-05	0.000362385	
435	0.216955	0.151782	0.0650786	9.377e-05	0.967134	0.676611	0.290105	0.000418004	0.000285538	0.00127286	
436	0.119009	0.0859805	0.0326876	0.000341784	0.530517	0.38328	0.145713	0.00152359	0.000422377	0.00188285	
437	0.141261	0.0860298	0.0540411	0.00119102	0.629712	0.3835	0.240902	0.0053093	0.00198769	0.00886068	
438	0.178466	0.130198	0.0474985	0.000769349	0.795559	0.580392	0.211737	0.00342957	0.00088628	0.00395082	
439	0.154731	0.126877	0.0278363	1.83565e-05	0.689757	0.565588	0.124087	8.18289e-05	2.54398e-05	0.000113404	
440	0.0873558	0.0800296	0.00729431	3.18723e-05	0.389411	0.356753	0.0325163	0.000142079	3.84486e-05	0.000171394	
441	0.0682725	0.0675358	0.000736627	0	0.304342	0.301058	0.0032837	0	0	0	
442	0.137742	0.0947899	0.0411982	0.0017541	0.614021	0.42255	0.183651	0.00781935	0.00221606	0.00987868	
443	0.171573	0.137751	0.0335107	0.000311525	0.764834	0.614062	0.149382	0.0013887	0.000415157	0.00185067	
444	0.134164	0.1078	0.0263465	1.7778e-05	0.598072	0.480546	0.117446	7.92502e-05	2.87788e-05	0.000128289	
445	0.109713	0.08809	0.0215016	0.000121673	0.489075	0.392684	0.0958491	0.000542392	0.0001647	0.000734195	
446	0.155101	0.0905799	0.0641931	0.000328624	0.691406	0.403783	0.286157	0.00146493	0.000566536	0.00252548	
447	0.164945	0.121806	0.0431393	0	0.735288	0.542984	0.192304	0	0	0	
448	0.0490648	0.0375014	0.0115622	1.23322e-06	0.218719	0.167172	0.0515416	5.49742e-06	1.20422e-06	5.36815e-06	
449	0.236719	0.153985	0.0824116	0.000322012	1.05523	0.686431	0.367371	0.00143545	0.000528425	0.00235559	
450	0.08638	0.0793176	0.00706235	0	0.385061	0.353579	0.0314822	0	0	0	
451	0.130811	0.120054	0.0107526	4.008e-06	0.583126	0.535176	0.0479326	1.78667e-05	7.99425e-06	3.56364e-05	
452	0.179989	0.0999105	0.0785289	0.00154955	0.802347	0.445377	0.350063	0.00690755	0.00252366	0.0112499	
453	0.116603	0.0954391	0.0211158	4.87308e-05	0.519791	0.425444	0.0941292	0.00021723	7.75731e-05	0.000345802	
454	0.142808	0.0890394	0.0537207	4.81874e-05	0.636605	0.396916	0.239474	0.000214808	0.000262679	0.00117096	
455	0.167649	0.10492	0.0619602	0.000768556	0.74734	0.46771	0.276204	0.00342603	0.0010376	0.00462537	
456	0.148534	0.111732	0.0364208	0.000381542	0.662132	0.498076	0.162355	0.00170082	0.000525737	0.00234361	
457	0.12308	0.100413	0.0226616	5.12663e-06	0.548662	0.447619	0.10102	2.28533e-05	6.46181e-06	2.88052e-05	
458	0.0941381	0.0788189	0.0153189	2.5448e-07	0.419645	0.351356	0.0682882	1.13441e-06	9.50526e-07	4.23721e-06	
459	0.102679	0.0887849	0.0138654	2.90144e-05	0.45772	0.395781	0.061809	0.000129339	4.32024e-05	0.000192586	
460	0.128822	0.0852446	0.043575	3.1812e-06	0.574261	0.38	0.194247	1.4181e-05	9.08933e-06	4.0518e-05	
461	0.135711	0.0854166	0.0502372	5.72798e-05	0.604967	0.380766	0.223945	0.000255339	0.000103424	0.00046104	
462	0.119537	0.0998646	0.0196052	6.78033e-05	0.53287	0.445172	0.0873953	0.00030225	9.18996e-05	0.000409666	
463	0.131234	0.11934	0.0118942	0	0.585014	0.531992	0.0530216	0	0	0	
464	0.0827742	0.0688995	0.0138411	3.35477e-05	0.368987	0.307137	0.0617006	0.000149547	5.64405e-05	0.000251598	
465	0.0839242	0.0825747	0.00134943	0	0.374114	0.368098	0.00601546	0	0	0	
466	0.175756	0.109795	0.0644851	0.00147647	0.783482	0.489441	0.287459	0.00658178	0.00187828	0.00837295	
467	0.124267	0.0796757	0.0439797	0.000612487	0.553956	0.355175	0.196051	0.00273032	0.00123977	0.00552661	
468	0.10676	0.101418	0.00534113	3.57418e-07	0.475912	0.452101	0.0238094	1.59328e-06	5.28975e-07	2.35804e-06	
469	0.076693	0.076693	0	0	0.341879	0.341879	0	0	0	0	
470	0.106482	0.0948061	0.0116669	9.51716e-06	0.474673	0.422623	0.0520084	4.24252e-05	1.31143e-05	5.84606e-05	
471	0.126362	0.0789344	0.0474281	0	0.563294	0.351871	0.211423	0	0	0	
472	0.125225	0.0890732	0.0338463	0.0023062	0.558226	0.397067	0.150878	0.0102805	0.00233156	0.0103935	
473	0.161837	0.0990774	0.0603065	0.00245341	0.721432	0.441663	0.268832	0.0109367	0.00302041	0.0134642	
474	0.105811	0.0768624	0.0289494	0	0.471683	0.342634	0.129049	0	0	0	
475	0.121618	0.113132	0.00848432	2.58804e-06	0.542147	0.504315	0.037821	1.15368e-05	4.18183e-06	1.86416e-05	
476	0.156792	0.112571	0.0441535	6.73501e-05	0.698943	0.501817	0.196825	0.00030023	0.000197577	0.000880751	
477	0.122311	0.0968948	0.0253664	5.02717e-05	0.545235	0.431933	0.113077	0.000224099	8.79629e-05	0.000392117	
478	0.0950455	0.0788058	0.0161812	5.84188e-05	0.42369	0.351297	0.0721322	0.000260417	8.64e-05	0.00038515	
479	0.107353	0.09758	0.00970948	6.37479e-05	0.478555	0.434988	0.0432825	0.000284172	6.37153e-05	0.000284027	
480	0.122929	0.097477	0.0254027	4.92665e-05	0.547988	0.434529	0.113239	0.000219618	7.01434e-05	0.000312682	
481	0.081458	0.0758026	0.00565543	0	0.36312	0.337909	0.0252105	0	0	0	
482	0.135705	0.105649	0.0300542	1.21888e-06	0.604941	0.470961	0.133974	5.43351e-06	1.18985e-06	5.30407e-06	
483	0.0994345	0.0923561	0.00707202	6.44978e-06	0.443255	0.411701	0.0315253	2.87515e-05	8.28808e-06	3.69463e-05	
484	0.163441	0.11651	0.0456844	0.00124627	0.728582	0.519376	0.20365	0.00555561	0.00188353	0.00839635	
485	0.105619	0.09473	0.0108332	5.60867e-05	0.470825	0.422283	0.0482918	0.000250021	6.58498e-05	0.000293542	
486	0.0831338	0.0798057	0.00332346	4.67827e-06	0.37059	0.355754	0.0148152	2.08546e-05	7.17629e-06	3.19902e-05	
487	0.104008	0.0995527	0.00445599	0	0.463646	0.443782	0.0198637	0	0	0	
488	0.141142	0.0952626	0.0456182	0.000262009	0.629181	0.424658	0.203355	0.00116797	0.000307442	0.0013705	
489	0.149262	0.0979134	0.0513388	9.90268e-06	0.665375	0.436474	0.228856	4.41437e-05	1.73561e-05	7.73696e-05	
490	0.0929037	0.0905246	0.00237913	0	0.414142	0.403537	0.0106056	0	0	0	
491	0.100063	0.0780671	0.0219456	5.12653e-05	0.446061	0.348004	0.0978282	0.000228528	5.93093e-05	0.000264386	
492	0.146449	0.0967501	0.0485396	0.00115938	0.652835	0.431289	0.216377	0.00516827	0.0014208	0.00633359	
493	0.199371	0.11139	0.0879246	5.58677e-05	0.88875	0.496553	0.391947	0.000249044	8.97769e-05	0.000400203	
494	0.20528	0.116775	0.0880019	0.000503452	0.915092	0.520556	0.392291	0.00224426	0.00053715	0.00239448	
495	0.0922889	0.083683	0.00860588	0	0.411401	0.373038	0.0383629	0	0	0	
496	0.110579	0.0894618	0.0202238	0.000894218	0.492938	0.398799	0.0901532	0.00398621	0.000895492	0.00399189	
497	0.113622	0.0773399	0.036109	0.000173069	0.506499	0.344762	0.160965	0.000771504	0.000230296	0.0010266	
498	0.170848	0.133136	0.0376703	4.15918e-05	0.761601	0.59349	0.167925	0.000185406	5.79309e-05	0.000258242	
499	0.161352	0.157495	0.00385654	2.87213e-07	0.719269	0.702076	0.0171915	1.28032e-06	2.77459e-07	1.23684e-06	
500	0.144872	0.0805016	0.0642187	0.000151968	0.645806	0.358857	0.286271	0.000677441	0.000431263	0.00192246	
501	0.132302	0.108096	0.0241396	6.67549e-05	0.589773	0.481866	0.107608	0.000297577	8.50695e-05	0.000379219	
502	0.0939504	0.0906471	0.00330331	0	0.418808	0.404083	0.0147254	0	0	0	
503	0.116565	0.10267	0.0138807	1.52055e-05	0.519623	0.457678	0.0618771	6.77826e-05	1.51729e-05	6.76373e-05	
504	0.132111	0.118954	0.0131048	5.20004e-05	0.58892	0.53027	0.0584182	0.000231805	5.47299e-05	0.000243973	
505	0.0738512	0.0684385	0.00540257	1.01206e-05	0.329211	0.305082	0.0240833	4.51152e-05	1.16889e-05	5.21066e-05	
506	0.155218	0.0974725	0.0561897	0.00155647	0.691928	0.434509	0.25048	0.00693839	0.00190114	0.00847483	
507	0.204063	0.157452	0.0458376	0.000774099	0.909667	0.701883	0.204333	0.00345074	0.000832617	0.0037116	
508	0.0953556	0.0877321	0.00762346	0	0.425072	0.391088	0.0339835	0	0	0	
509	0.091532	0.0868822	0.00464209	7.78089e-06	0.408028	0.3873	0.0206933	3.46853e-05	9.99319e-06	4.45472e-05	
510	0.131894	0.104938	0.0267001	0.000255839	0.587952	0.467789	0.119023	0.00114046	0.000327911	0.00146174	
511	0.077723	0.0748862	0.00282498	1.19183e-05	0.34647	0.333824	0.0125931	5.31289e-05	1.24924e-05	5.56882e-05	
512	0.172537	0.0880219	0.0842097	0.000305323	0.769128	0.39238	0.375386	0.00136105	0.0005152	0.00229664	
513	0.111317	0.0908176	0.0204544	4.53238e-05	0.496226	0.404843	0.0911809	0.000202043	6.83637e-05	0.000304749	
514	0.233605	0.127996	0.102845	0.0027628	1.04135	0.570579	0.458462	0.0123159	0.00398001	0.0177419	
515	0.0682334	0.056392	0.0118252	1.62448e-05	0.304168	0.251382	0.0527139	7.24157e-05	3.30998e-05	0.000147551	
516	0.108937	0.0881818	0.0204522	0.000303822	0.485618	0.393093	0.0911712	0.00135436	0.00031276	0.00139421	
517	0.0860141	0.0814291	0.00458495	8.31304e-08	0.38343	0.362991	0.0204386	3.70575e-07	8.31684e-08	3.70744e-07	
518	0.188629	0.155264	0.0333649	0	0.840866	0.692133	0.148733	0	0	0	
519	0.0708487	0.0419521	0.0288965	0	0.315826	0.187012	0.128814	0	0	0	
520	0.172185	0.12191	0.0484685	0.00180649	0.767562	0.543448	0.216061	0.0080529	0.00238137	0.0106155	
521	0.266962	0.109466	0.156742	0.000753045	1.19005	0.487975	0.698721	0.00335689	0.00112945	0.00503482	
522	0.179821	0.0780616	0.101537	0.000222578	0.8016	0.34798	0.452628	0.0009922	0.000356644	0.00158983	
523	0.0927269	0.0759337	0.0167932	0	0.413354	0.338494	0.0748603	0	0	0	
524	0.153592	0.105606	0.0475739	0.000412548	0.68468	0.470768	0.212073	0.00183904	0.000599917	0.00267428	
525	0.1673	0.099425	0.067338	0.000537665	0.745786	0.443213	0.300176	0.00239678	0.00174818	0.007793	
526	0.117532	0.101123	0.0163721	3.70414e-05	0.523931	0.450783	0.0729831	0.000165122	5.40755e-05	0.000241055	
527	0.108003	0.0776945	0.0302499	5.87665e-05	0.481452	0.346343	0.134847	0.000261967	6.85291e-05	0.000305486	
528	0.085413	0.080153	0.00525893	1.07435e-06	0.38075	0.357303	0.023443	4.78919e-06	2.70279e-06	1.20484e-05	
529	0.132627	0.0808173	0.0516566	0.000153834	0.591223	0.360264	0.230272	0.000685755	0.00034198	0.00152446	
530	0.093757	0.0805849	0.0131274	4.45902e-05	0.417946	0.359228	0.0585191	0.000198772	6.55435e-05	0.000292177	
531	0.166971	0.104704	0.0618609	0.000405421	0.744317	0.466748	0.275761	0.00180727	0.000716012	0.00319181	
532	0.111052	0.0835221	0.0271684	0.00036161	0.495043	0.372321	0.12111	0.00161197	0.000457783	0.00204068	
533	0.168281	0.117615	0.0504688	0.000197386	0.750158	0.5243	0.224977	0.000879901	0.000659331	0.00293914	
534	0.138677	0.113124	0.0248171	0.000735396	0.61819	0.504283	0.110628	0.00327822	0.000744559	0.00331906	
535	0.0927837	0.0774925	0.0152288	6.23775e-05	0.413607	0.345443	0.0678866	0.000278064	7.00411e-05	0.000312226	
536	0.0710446	0.0657288	0.00531582	0	0.3167	0.293003	0.0236966	0	0	0	
537	0.125206	0.0766346	0.0485042	6.77341e-05	0.55814	0.341618	0.21622	0.000301942	8.38247e-05	0.00037367	
538	0.137017	0.0802812	0.0551737	0.00156266	0.610791	0.357874	0.245951	0.00696599	0.00303883	0.0135464	
539	0.13311	0.0830316	0.050047	3.17865e-05	0.593374	0.370135	0.223097	0.000141696	8.10643e-05	0.000361365	
540	0.0976747	0.0798125	0.0175016	0.00036058	0.43541	0.355785	0.0780182	0.00160738	0.000426408	0.00190082	
541	0.0916719	0.0820708	0.00959337	7.82779e-06	0.408651	0.365852	0.0427649	3.48944e-05	1.33633e-05	5.95708e-05	
542	0.184078	0.14976	0.0341425	0.000175588	0.820579	0.667597	0.152199	0.000782732	0.000254903	0.00113629	
543	0.124676	0.0892746	0.0353828	1.86976e-05	0.555776	0.397965	0.157728	8.33496e-05	2.14674e-05	9.56966e-05	
544	0.169927	0.126523	0.0433936	9.71138e-06	0.757494	0.564013	0.193438	4.3291e-05	7.80624e-05	0.000347983	
545	0.149394	0.0750876	0.0742939	1.31186e-05	0.665965	0.334722	0.331184	5.84796e-05	0.000125134	0.000557819	
546	0.139646	0.116411	0.0232333	1.4243e-06	0.622508	0.518933	0.103568	6.3492e-06	3.36098e-06	1.49824e-05	
547	0.0874362	0.0753888	0.0120473	0	0.389769	0.336065	0.0537043	0	0	0	
548	0.117442	0.110644	0.0067982	0	0.523532	0.493227	0.0303047	0	0	0	
549	0.151098	0.0848916	0.0652555	0.000951777	0.673563	0.378426	0.290893	0.00424279	0.00152793	0.00681118	
550	0.197073	0.119581	0.0734649	0.0040272	0.878505	0.533063	0.327489	0.0179523	0.00541343	0.0241318	
551	0.0970877	0.0964355	0.000652156	0	0.432793	0.429886	0.00290715	0	0	0	
552	0.0880394	0.0725038	0.0152195	0.000315989	0.392458	0.323204	0.0678453	0.0014086	0.000320932	0.00143064	
553	0.192159	0.182754	0.00939933	5.77937e-06	0.8566	0.814674	0.0418999	2.5763e-05	6.42596e-06	2.86454e-05	
554	0.140449	0.1023	0.0371869	0.000962413	0.62609	0.456029	0.16577	0.0042902	0.00112395	0.00501033	
555	0.09818	0.0750444	0.0231112	2.43899e-05	0.437662	0.33453	0.103024	0.000108724	3.86663e-05	0.000172365	
556	0.171737	0.149383	0.0220893	0.000265056	0.765565	0.665915	0.0984688	0.00118155	0.000266822	0.00118943	
557	0.094774	0.0788489	0.0158292	9.5922e-05	0.422479	0.351489	0.0705628	0.000427597	0.000124273	0.000553982	
558	0.109107	0.0972993	0.0118079	0	0.486374	0.433737	0.0526369	0	0	0	
559	0.103929	0.0789529	0.024783	0.000193776	0.463294	0.351953	0.110477	0.00086381	0.000275705	0.00122903	
560	0.0946996	0.0847041	0.00999488	5.67624e-07	0.422148	0.37759	0.0445548	2.53033e-06	9.81048e-07	4.37328e-06	
561	0.125602	0.0929609	0.0321353	0.00050591	0.559904	0.414397	0.143251	0.00225522	0.000764568	0.00340826	
562	0.0701642	0.0497739	0.0203903	0	0.312775	0.22188	0.0908951	0	0	0	
563	0.112955	0.0787124	0.0339798	0.000263169	0.503528	0.350881	0.151474	0.00117314	0.000371864	0.00165768	
564	0.120728	0.0813559	0.0389949	0.00037742	0.538177	0.362665	0.17383	0.00168244	0.000443322	0.00197622	
565	0.0986341	0.0848618	0.0136502	0.000122036	0.439687	0.378293	0.0608497	0.000544007	0.000158085	0.000704705	
566	0.12566	0.103616	0.021954	9.05669e-05	0.560165	0.461896	0.0978658	0.000403725	0.000109183	0.000486712	
567	0.209193	0.160638	0.047627	0.000927975	0.932532	0.716085	0.212309	0.00413669	0.000958436	0.00427248	
568	0.145239	0.115111	0.0301008	2.69409e-05	0.64744	0.513138	0.134182	0.000120096	2.69073e-05	0.000119946	
569	0.0807116	0.0757716	0.00493996	0	0.359793	0.337771	0.0220211	0	0	0	
570	0.136164	0.119608	0.0164296	0.000126677	0.60699	0.533186	0.0732393	0.000564697	0.000225169	0.00100375	
571	0.102952	0.0913984	0.0115527	1.64803e-06	0.458939	0.407432	0.0514995	7.34656e-06	3.60528e-06	1.60714e-05	
572	0.116494	0.0974795	0.0188565	0.000158254	0.519304	0.43454	0.0840581	0.000705462	0.00033171	0.00147868	
573	0.097983	0.0842643	0.0136533	6.53765e-05	0.436784	0.37563	0.0608635	0.000291432	9.57802e-05	0.000426965	
574	0.143262	0.0797611	0.0628294	0.000672305	0.638631	0.355555	0.280078	0.00299697	0.00103019	0.00459235	
575	0.151099	0.0842045	0.0660834	0.000811407	0.673564	0.375363	0.294584	0.00361705	0.00117435	0.00523498	
576	0.0708359	0.0544214	0.0164145	0	0.315769	0.242597	0.0731721	0	0	0	
577	0.123541	0.113022	0.0105187	0	0.550718	0.503827	0.0468902	0	0	0	
578	0.09858	0.0889181	0.00966182	0	0.439446	0.396375	0.04307	0	0	0	
579	0.0943614	0.0871989	0.00711718	4.53104e-05	0.42064	0.388712	0.0317267	0.000201983	5.49905e-05	0.000245134	
580	0.0900735	0.0666971	0.023358	1.8414e-05	0.401526	0.29732	0.104124	8.20854e-05	5.29066e-05	0.000235845	
581	0.0804745	0.0751449	0.00532951	0	0.358736	0.334978	0.0237577	0	0	0	
582	0.0903267	0.0843964	0.00589988	3.04601e-05	0.402655	0.376219	0.0263002	0.000135784	3.80517e-05	0.000169625	
583	0.109117	0.0928187	0.0162384	6.00999e-05	0.486418	0.413763	0.0723869	0.000267911	7.57822e-05	0.000337818	
584	0.16389	0.128031	0.0351761	0.000683201	0.730584	0.570732	0.156806	0.00304554	0.000711602	0.00317215	
585	0.11299	0.0749439	0.0380152	3.14117e-05	0.503684	0.334082	0.169462	0.000140026	4.46027e-05	0.000198828	
586	0.115301	0.0843944	0.0306677	0.00023877	0.513984	0.37621	0.136709	0.00106437	0.000334536	0.00149128	
587	0.112441	0.0890168	0.0233101	0.000114666	0.501237	0.396815	0.10391	0.000511153	0.000129711	0.000578223	
588	0.0676717	0.0676717	0	0	0.301664	0.301664	0	0	0	0	
589	0.151818	0.109333	0.0415938	0.000890889	0.67677	0.487383	0.185415	0.00397137	0.00107641	0.00479839	
590	0.136211	0.107479	0.028538	0.000193723	0.607197	0.479118	0.127215	0.000863573	0.000243869	0.00108711	
591	0.139243	0.096032	0.0431264	8.55081e-05	0.620716	0.428087	0.192247	0.000381174	9.63018e-05	0.00042929	
592	0.107596	0.0858819	0.0216865	2.76602e-05	0.479637	0.382841	0.0966734	0.000123302	4.80493e-05	0.000214192	
593	0.10263	0.0940953	0.00846041	7.50781e-05	0.457503	0.419454	0.0377145	0.00033468	8.23759e-05	0.000367212	
594	0.0876225	0.0806012	0.00700223	1.91151e-05	0.3906	0.3593	0.0312142	8.52109e-05	3.15738e-05	0.000140748	
595	0.112888	0.0939411	0.0188997	4.71902e-05	0.503228	0.418767	0.0842505	0.000210362	6.08848e-05	0.00027141	
596	0.109673	0.090354	0.0191726	0.000146451	0.488896	0.402776	0.0854668	0.000652846	0.000164101	0.000731523	
597	0.148457	0.141109	0.00732736	2.06178e-05	0.661786	0.629031	0.0326636	9.19092e-05	2.17869e-05	9.71208e-05	
598	0.113166	0.10833	0.00481179	2.37958e-05	0.504468	0.482912	0.0214498	0.000106076	2.49489e-05	0.000111216	
599	0.106259	0.0934972	0.0127586	3.5502e-06	0.473678	0.416788	0.0568747	1.58259e-05	9.12743e-06	4.06879e-05	
600	0.109177	0.108061	0.00111593	0	0.486685	0.48171	0.00497457	0	0	0	
601	0.240417	0.148203	0.0916593	0.000554682	1.07172	0.660653	0.408595	0.00247264	0.000555317	0.00247547	
602	0.11037	0.102675	0.007675	1.94063e-05	0.492003	0.457703	0.0342133	8.65088e-05	5.28062e-05	0.000235397	
603	0.117108	0.0520101	0.0650981	0	0.52204	0.231848	0.290192	0	0	0	
604	0.0872092	0.0810259	0.00617764	5.62046e-06	0.388757	0.361194	0.0275384	2.50547e-05	5.77035e-06	2.57228e-05	
605	0.122566	0.0495949	0.0729491	2.28927e-05	0.546374	0.221082	0.325189	0.00010205	0.000111089	0.000495209	
606	0.129397	0.0938719	0.0348209	0.000704634	0.576823	0.418458	0.155223	0.00314109	0.00100714	0.00448962	
607	0.0843239	0.0782471	0.00602841	4.83643e-05	0.375895	0.348807	0.0268732	0.000215596	4.95384e-05	0.00022083	
608	0.0851821	0.0788641	0.00631801	0	0.379721	0.351557	0.0281641	0	0	0	
609	0.0910744	0.0871761	0.00389831	0	0.405988	0.38861	0.0173777	0	0	0	
610	0.111679	0.0800821	0.0306738	0.000923191	0.497838	0.356987	0.136736	0.00411536	0.00113513	0.00506016	
611	0.0655078	0.0577569	0.00766098	8.99554e-05	0.292018	0.257466	0.0341508	0.000400999	9.38065e-05	0.000418167	
612	0.0951578	0.0906727	0.00448297	2.14128e-06	0.42419	0.404197	0.019984	9.54534e-06	4.36002e-06	1.94359e-05	
613	0.0931534	0.0766788	0.0164002	7.43801e-05	0.415255	0.341816	0.0731082	0.000331568	8.72823e-05	0.000389083	
614	0.0989	0.0836634	0.0151798	5.68304e-05	0.440872	0.372951	0.0676682	0.000253336	6.30846e-05	0.000281216	
615	0.0952537	0.0867841	0.00846531	4.2878e-06	0.424618	0.386862	0.0377363	1.9114e-05	4.26952e-06	1.90325e-05	
616	0.114947	0.0889816	0.0251251	0.000840882	0.512409	0.396659	0.112001	0.00374845	0.0010395	0.00463388	
617	0.110858	0.0916774	0.0191379	4.26087e-05	0.494178	0.408676	0.0853125	0.000189939	5.29255e-05	0.000235929	
618	0.0625202	0.055917	0.0065696	3.36792e-05	0.2787	0.249264	0.0292857	0.000150134	3.36473e-05	0.000149991	
619	0.140551	0.0988488	0.0416489	5.33755e-05	0.626543	0.440644	0.18566	0.000237935	5.36935e-05	0.000239353	
620	0.100781	0.0876918	0.0130848	5.07181e-06	0.449261	0.390909	0.0583291	2.26089e-05	6.70365e-06	2.98832e-05	
621	0.362034	0.186073	0.173464	0.00249679	1.61386	0.829469	0.773263	0.0111301	0.00255966	0.0114103	
622	0.0356503	0.0304714	0.00515969	1.92191e-05	0.15892	0.135834	0.0230007	8.56744e-05	2.06887e-05	9.22253e-05	
623	0.0913054	0.0718109	0.0193316	0.000162893	0.407017	0.320116	0.0861756	0.00072614	0.000191959	0.000855711	
624	0.120719	0.0826527	0.0380537	1.33833e-05	0.53814	0.368446	0.169634	5.96597e-05	1.60839e-05	7.16982e-05	
625	0.061113	0.0549474	0.0061656	0	0.272427	0.244942	0.0274847	0	0	0	
626	0.0707976	0.0637879	0.00700966	0	0.315598	0.284351	0.0312474	0	0	0	
627	0.0997965	0.0790602	0.0207362	0	0.444869	0.352431	0.0924374	0	0	0	
628	0.0600717	0.0600717	0	0	0.267785	0.267785	0	0	0	0	
629	0.236263	0.137528	0.097587	0.0011478	1.0532	0.613069	0.435019	0.00511663	0.00150683	0.00671709	
630	0.165207	0.145486	0.0196519	6.82159e-05	0.736453	0.648545	0.0876037	0.00030409	7.90915e-05	0.000352571	
631	0.104893	0.0957805	0.00911263	0	0.467588	0.426966	0.0406219	0	0	0	
632	0.0432329	0.0432289	3.90934e-06	0	0.192721	0.192704	1.74269e-05	0	0	0	
633	0.0522531	0.045131	0.00708317	3.89838e-05	0.232931	0.201183	0.031575	0.00017378	3.89509e-05	0.000173634	
634	0.048042	0.0419453	0.00609667	5.51421e-08	0.214159	0.186982	0.0271775	2.4581e-07	8.1503e-08	3.6332e-07	
635	0.0696315	0.0655178	0.00410441	9.24195e-06	0.3104	0.292062	0.0182964	4.11984e-05	2.99132e-05	0.000133346	
636	0.0845048	0.0649667	0.0195332	4.79745e-06	0.376702	0.289606	0.0870746	2.13859e-05	6.70053e-06	2.98693e-05	
637	0.078973	0.0735978	0.00536688	8.28264e-06	0.352042	0.328081	0.0239242	3.6922e-05	9.91431e-06	4.41956e-05	
638	0.142386	0.0815027	0.0608788	4.50072e-06	0.634723	0.363319	0.271383	2.00631e-05	1.49472e-05	6.66313e-05	
639	0.130324	0.0760967	0.0541685	5.93892e-05	0.580956	0.339221	0.24147	0.000264743	6.16779e-05	0.000274945	
640	0.0860069	0.0804554	0.00548684	6.46293e-05	0.383398	0.358651	0.024459	0.000288102	6.79952e-05	0.000303106	
641	0.0754264	0.075001	0.000425372	0	0.336232	0.334336	0.00189621	0	0	0	
642	0.0633248	0.0630467	0.000278129	0	0.282287	0.281047	0.00123983	0	0	0	
643	0.16853	0.141871	0.026268	0.000391704	0.75127	0.632427	0.117096	0.00174612	0.000456663	0.00203569	
644	0.107781	0.0823673	0.0254139	0	0.480462	0.367173	0.113289	0	0	0	
645	0.0807358	0.0803628	0.000372536	4.29272e-07	0.3599	0.358238	0.00166067	1.91359e-06	3.96595e-07	1.76792e-06	
646	0.120128	0.0749622	0.0450247	0.000141233	0.535502	0.334163	0.200709	0.000629586	0.000234025	0.00104322	
647	0.174614	0.123788	0.0496907	0.00113463	0.778387	0.55182	0.221509	0.00505791	0.00155678	0.00693976	
648	0.145947	0.117242	0.0285628	0.00014231	0.650597	0.522637	0.127326	0.000634387	0.000179678	0.000800963	
649	0.064313	0.064313	0	0	0.286692	0.286692	0	0	0	0	
650	0.0734215	0.072954	0.000467456	0	0.327295	0.325211	0.0020838	0	0	0	
651	0.10305	0.10146	0.00158902	0	0.459372	0.452288	0.00708348	0	0	0	
652	0.0942904	0.0824361	0.0116912	0.000163054	0.420324	0.36748	0.0521169	0.000726859	0.000184136	0.000820834	
653	0.100012	0.0876276	0.0123847	0	0.445831	0.390623	0.055208	0	0	0	
654	0.124777	0.088225	0.036349	0.000203891	0.55623	0.393285	0.162035	0.0009089	0.000343157	0.00152971	
655	0.131421	0.0810369	0.0492186	0.00116637	0.585847	0.361243	0.219404	0.00519942	0.00181758	0.00810237	
656	0.234335	0.118395	0.112207	0.00373322	1.04461	0.527778	0.500192	0.0166418	0.00636508	0.028374	
657	0.111904	0.0800935	0.031811	0	0.498843	0.357037	0.141806	0	0	0	
658	0.118438	0.0753444	0.0430943	0	0.527971	0.335867	0.192104	0	0	0	
659	0.127494	0.0957753	0.031323	0.000396284	0.56834	0.426943	0.13963	0.00176653	0.000433308	0.00193158	
660	0.160053	0.10047	0.0587854	0.000797558	0.71348	0.447873	0.262051	0.00355532	0.00164001	0.00731079	
661	0.204484	0.0983933	0.102817	0.00327356	0.911544	0.438613	0.458337	0.0145927	0.00730188	0.03255	
662	0.120904	0.0804983	0.0403503	5.58001e-05	0.538963	0.358842	0.179872	0.000248743	0.000145641	0.000649236	
663	0.0948225	0.0804168	0.0143301	7.55892e-05	0.422696	0.358478	0.0638803	0.000336958	9.22488e-05	0.000411223	
664	0.1055	0.0873936	0.0180846	2.22846e-05	0.470296	0.38958	0.0806172	9.93395e-05	2.64822e-05	0.000118051	
665	0.0992241	0.0872883	0.0119358	0	0.442317	0.38911	0.0532071	0	0	0	
666	0.100377	0.0790186	0.0211816	0.000177074	0.447457	0.352245	0.0944227	0.000789356	0.000204876	0.00091329	
667	0.148484	0.104919	0.0417377	0.0018281	0.66191	0.467704	0.186056	0.00814924	0.00225124	0.0100355	
668	0.100725	0.0831299	0.0175833	1.26071e-05	0.449011	0.370573	0.0783822	5.61994e-05	1.60528e-05	7.15598e-05	
669	0.0445526	0.0435495	0.00100306	0	0.198604	0.194133	0.00447144	0	0	0	
670	0.0939746	0.082706	0.0112074	6.11055e-05	0.418916	0.368683	0.0499603	0.000272393	6.59295e-05	0.000293898	
671	0.0511655	0.0506916	0.000473851	0	0.228083	0.225971	0.00211231	0	0	0	
672	0.155438	0.112076	0.0433356	2.67344e-05	0.692909	0.49961	0.193179	0.000119175	6.31347e-05	0.000281439	
673	0.151481	0.101562	0.0490111	0.000908651	0.67527	0.452739	0.21848	0.00405055	0.00118858	0.00529843	
674	0.137776	0.0954437	0.0421978	0.000134629	0.614173	0.425465	0.188108	0.000600144	0.000139829	0.000623327	
675	0.125309	0.0812711	0.0435408	0.000497364	0.558598	0.362287	0.194094	0.00221713	0.000567625	0.00253034	
676	0.160078	0.109894	0.0490815	0.00110206	0.713589	0.489883	0.218793	0.00491273	0.00175903	0.00784137	
677	0.105399	0.0935271	0.0118359	3.65878e-05	0.469846	0.416921	0.0527617	0.0001631	4.47246e-05	0.000199371	
678	0.110596	0.0803937	0.0301911	1.19724e-05	0.493014	0.358376	0.134585	5.33704e-05	1.5716e-05	7.00583e-05	
679	0.12331	0.0910865	0.03216	6.36392e-05	0.549687	0.406041	0.143362	0.000283688	6.8717e-05	0.000306324	
680	0.127881	0.110513	0.0173684	0	0.570066	0.492641	0.0774242	0	0	0	
681	0.111894	0.0978543	0.0140083	3.15161e-05	0.498797	0.436211	0.0624457	0.000140491	6.76449e-05	0.000301545	
682	0.100065	0.0977542	0.00231161	0	0.446069	0.435765	0.0103046	0	0	0	
683	0.0946513	0.0912875	0.00336379	0	0.421932	0.406937	0.0149949	0	0	0	
684	0.108673	0.0943799	0.0142453	4.81423e-05	0.484439	0.420722	0.0635022	0.000214606	4.8882e-05	0.000217904	
685	0.17595	0.140909	0.0344826	0.000558279	0.784346	0.628142	0.153715	0.00248867	0.000570457	0.00254296	
686	0.106168	0.0906268	0.0154444	9.68038e-05	0.473271	0.403992	0.0688475	0.000431528	0.00013664	0.000609111	
687	0.0816307	0.0779225	0.0037001	8.13866e-06	0.36389	0.347359	0.0164941	3.62802e-05	8.59685e-06	3.83227e-05	
688	0.0646843	0.0643203	0.000364043	0	0.288347	0.286724	0.00162282	0	0	0	
689	0.00767796	0.00716049	0.000517466	0	0.0342265	0.0319197	0.00230674	0	0	0	
690	0.0603217	0.0599079	0.000413831	0	0.2689	0.267055	0.00184476	0	0	0	
691	0.105978	0.0982412	0.00768397	5.37008e-05	0.472428	0.437935	0.0342533	0.000239385	7.15509e-05	0.000318956	
692	0.0730066	0.0730066	0	0	0.325446	0.325446	0	0	0	0	
693	0.0914339	0.0794287	0.0120044	7.13755e-07	0.40759	0.354074	0.0535129	3.18175e-06	2.32714e-06	1.03738e-05	
694	0.207452	0.154589	0.0520023	0.000860736	0.924773	0.689122	0.231814	0.00383695	0.00147109	0.0065578	
695	0.0947912	0.0794118	0.0153731	6.20623e-06	0.422556	0.353999	0.06853	2.76659e-05	1.04554e-05	4.6608e-05	
696	0.243964	0.159935	0.0823003	0.00172797	1.08753	0.712955	0.366875	0.00770291	0.00207231	0.00923789	
697	0.15703	0.0828803	0.0735049	0.000645017	0.700003	0.36946	0.327667	0.00287533	0.0023134	0.0103126	
698	0.247026	0.196022	0.0506192	0.00038524	1.10118	0.873819	0.225648	0.0017173	0.000531509	0.00236934	
699	0.328578	0.185556	0.139553	0.00346851	1.46472	0.827164	0.622097	0.0154617	0.00457979	0.0204156	
700	0.0826136	0.0826136	0	0	0.368271	0.368271	0	0	0	0	
701	0.0824698	0.0824698	0	0	0.36763	0.36763	0	0	0	0	
702	0.112506	0.106361	0.00614505	0	0.501526	0.474133	0.0273931	0	0	0	
703	0.0905268	0.0877222	0.00279244	1.22536e-05	0.403547	0.391044	0.012448	5.46236e-05	1.2221e-05	5.44784e-05	
704	0.094134	0.0795138	0.0146151	5.03267e-06	0.419627	0.354453	0.0651509	2.24344e-05	1.11767e-05	4.98233e-05	
705	0.0977925	0.0881482	0.00964437	0	0.435935	0.392943	0.0429922	0	0	0	
706	0.202911	0.158311	0.0444297	0.0001701	0.904531	0.705716	0.198057	0.000758267	0.000280513	0.00125046	
707	0.0869509	0.0803202	0.00663062	0	0.387606	0.358048	0.0295577	0	0	0	
708	0.0799888	0.0799888	0	0	0.35657	0.35657	0	0	0	0	
709	0.122522	0.103434	0.0188958	0.000191561	0.546175	0.461088	0.084233	0.000853934	0.000199938	0.000891275	
710	0.197583	0.0960468	0.101435	0.000100726	0.880778	0.428153	0.452175	0.000449016	0.000168336	0.000750405	
711	0.0956138	0.0807145	0.0148992	0	0.426223	0.359806	0.0664172	0	0	0	
712	0.0769432	0.0766012	0.000342008	0	0.342994	0.341469	0.00152459	0	0	0	
713	0.0891556	0.0784459	0.0107097	0	0.397434	0.349693	0.0477413	0	0	0	
714	0.092021	0.0817081	0.0103001	1.27695e-05	0.410207	0.364235	0.0459157	5.69234e-05	1.27363e-05	5.67754e-05	
715	0.0720667	0.0700811	0.00198561	0	0.321256	0.312405	0.00885138	0	0	0	
716	0.0808145	0.0750144	0.00577613	2.40057e-05	0.360251	0.334396	0.0257486	0.000107012	2.42878e-05	0.000108269	
717	0.0963756	0.0883213	0.00804801	6.2889e-06	0.429619	0.393715	0.0358761	2.80344e-05	6.25641e-06	2.78896e-05	
718	0.119494	0.108194	0.0112404	6.0156e-05	0.532679	0.482304	0.0501073	0.000268161	6.31122e-05	0.000281339	
719	0.077623	0.0629527	0.0142892	0.000381072	0.346024	0.280628	0.0636981	0.00169873	0.000389753	0.00173742	
720	0.0623333	0.0621129	0.000220425	0	0.277867	0.276884	0.000982604	0	0	0	
721	0.126923	0.106371	0.0203089	0.000243118	0.565794	0.474178	0.0905322	0.00108376	0.000249058	0.00111024	
722	0.0811818	0.0808882	0.000293668	0	0.361889	0.36058	0.0013091	0	0	0	
723	0.11189	0.102088	0.00979355	7.54409e-06	0.498778	0.455088	0.0436573	3.36297e-05	7.51125e-06	3.34833e-05	
724	0.0807623	0.0805225	0.000239809	0	0.360019	0.35895	0.00106901	0	0	0	
725	0.0821296	0.0624134	0.0195053	0.000210845	0.366114	0.278224	0.0869503	0.000939897	0.000214892	0.000957939	
726	0.0467158	0.0425514	0.00416441	0	0.208248	0.189684	0.0185639	0	0	0	
727	0.0891753	0.0887778	0.000397488	0	0.397522	0.39575	0.0017719	0	0	0	
728	0.101145	0.0852419	0.0155532	0.000349869	0.45088	0.379988	0.0693327	0.00155963	0.000364878	0.00162653	
729	0.0982167	0.0774327	0.0207839	0	0.437826	0.345176	0.0926498	0	0	0	
730	0.111543	0.10466	0.00686929	1.38024e-05	0.497233	0.46655	0.0306216	6.15278e-05	2.60904e-05	0.000116304	
731	0.111245	0.0942354	0.0169604	5.01117e-05	0.495907	0.420079	0.0756055	0.000223386	5.75036e-05	0.000256337	
732	0.0820842	0.0772051	0.0048791	0	0.365912	0.344162	0.0217498	0	0	0	
733	0.101205	0.0917732	0.00943006	2.3922e-06	0.45115	0.409103	0.0420369	1.06638e-05	9.91022e-06	4.41774e-05	
734	0.114242	0.106611	0.00763141	0	0.509265	0.475246	0.034019	0	0	0	
735	0.0706023	0.0655849	0.00501743	0	0.314728	0.292361	0.0223665	0	0	0	
736	0.057302	0.055373	0.001929	0	0.255439	0.246839	0.00859903	0	0	0	
737	0.0892277	0.0794726	0.0097515	3.63169e-06	0.397755	0.35427	0.0434698	1.61892e-05	2.42553e-05	0.000108124	
738	0.118885	0.112927	0.0059436	1.45017e-05	0.529961	0.503402	0.0264951	6.46451e-05	1.80792e-05	8.05928e-05	
739	0.0659003	0.0646876	0.00121272	0	0.293768	0.288362	0.00540602	0	0	0	
740	0.0366512	0.0366155	3.57124e-05	0	0.163382	0.163223	0.000159197	0	0	0	
741	0.0899743	0.0862037	0.00376656	4.10689e-06	0.401084	0.384275	0.0167904	1.83075e-05	4.38782e-06	1.95598e-05	
742	0.141381	0.122684	0.0186735	2.32428e-05	0.630244	0.546899	0.083242	0.00010361	2.32095e-05	0.000103462	
743	0.0882867	0.0839949	0.00425097	4.09302e-05	0.393561	0.374429	0.0189498	0.000182457	4.08976e-05	0.000182312	
744	0.0558437	0.0552304	0.000613274	0	0.248937	0.246204	0.00273383	0	0	0	
745	0.124304	0.101508	0.0227413	5.50268e-05	0.554119	0.452498	0.101375	0.000245296	5.49943e-05	0.000245151	
746	0.0793558	0.0749734	0.00438237	0	0.353749	0.334213	0.0195355	0	0	0	
747	0.0853445	0.0840532	0.00129125	0	0.380445	0.374689	0.00575611	0	0	0	
748	0.101383	0.0820382	0.0192048	0.000140333	0.451942	0.365707	0.0856104	0.000625572	0.000151608	0.000675835	
749	0.11983	0.112108	0.00772259	0	0.534176	0.49975	0.0344254	0	0	0	
750	0.0907379	0.0819385	0.00879939	0	0.404488	0.365262	0.0392256	0	0	0	
751	0.260741	0.151575	0.103061	0.00610436	1.16232	0.675689	0.459421	0.0272118	0.00777437	0.0346562	
752	0.0832275	0.0761916	0.00703416	1.7789e-06	0.371008	0.339644	0.0313566	7.92992e-06	1.74941e-06	7.79846e-06	
753	0.101085	0.0922865	0.00879939	0	0.450616	0.411391	0.0392256	0	0	0	
754	0.223616	0.176046	0.0472513	0.000318937	0.996829	0.784772	0.210635	0.00142174	0.000681434	0.00303767	
755	0.110834	0.0918143	0.0189913	2.87869e-05	0.494073	0.409286	0.0846589	0.000128325	2.9632e-05	0.000132092	
756	0.198516	0.113754	0.0847446	1.73481e-05	0.884938	0.50709	0.377771	7.7334e-05	0.00017523	0.000781136	
757	0.122441	0.0773398	0.0422342	0.0028672	0.545813	0.344762	0.18827	0.0127813	0.00317887	0.0141706	
758	0.226759	0.127488	0.0992551	1.60597e-05	1.01084	0.568314	0.442455	7.15904e-05	2.77316e-05	0.00012362	
759	0.111354	0.0711387	0.0401781	3.70825e-05	0.496389	0.317119	0.179104	0.000165305	7.42202e-05	0.000330856	
760	0.112295	0.0864771	0.025818	0	0.500584	0.385494	0.11509	0	0	0	
761	0.123143	0.109576	0.0133977	0.000168817	0.548943	0.488467	0.0597241	0.000752546	0.000175596	0.000782766	
762	0.050516	0.050516	0	0	0.225188	0.225188	0	0	0	0	
763	0.0556866	0.053791	0.0018956	0	0.248237	0.239787	0.00845013	0	0	0	
764	0.0770184	0.0764644	0.000553992	0	0.343329	0.34086	0.00246956	0	0	0	
765	0.0846004	0.0835412	0.0010592	0	0.377128	0.372406	0.00472166	0	0	0	
766	0.0474968	0.0443558	0.00311792	2.31215e-05	0.211729	0.197727	0.0138989	0.00010307	2.30888e-05	0.000102924	
767	0.0516692	0.0430057	0.00860349	6.00452e-05	0.230329	0.191709	0.0383523	0.000267667	6.00124e-05	0.000267521	
768	0.0451962	0.0451576	3.85962e-05	0	0.201474	0.201302	0.000172052	0	0	0	
769	0.0804953	0.0522945	0.0280742	0.000126604	0.358828	0.233116	0.125148	0.00056437	0.000359026	0.00160045	
770	0.0834311	0.0563734	0.0267306	0.000327067	0.371916	0.251299	0.119158	0.00145798	0.000337744	0.00150558	
771	0.111132	0.0779835	0.0331449	4.21192e-06	0.495402	0.347632	0.147752	1.87757e-05	8.01839e-06	3.5744e-05	
772	0.103213	0.102908	0.000305445	0	0.460102	0.458741	0.0013616	0	0	0	
773	0.119914	0.0902165	0.02967	2.81748e-05	0.534551	0.402163	0.132262	0.000125596	5.95902e-05	0.000265639	
774	0.0777829	0.0773633	0.000419606	0	0.346737	0.344867	0.0018705	0	0	0	
775	0.07539	0.07539	0	0	0.33607	0.33607	0	0	0	0	
776	0.0646753	0.0646753	0	0	0.288306	0.288306	0	0	0	0	
777	0.0740675	0.0740675	0	0	0.330175	0.330175	0	0	0	0	
778	0.0919611	0.0919611	0	0	0.40994	0.40994	0	0	0	0	
779	0.131052	0.110365	0.0206865	0	0.5842	0.491984	0.0922157	0	0	0	
780	0.050551	0.0433355	0.00721551	0	0.225344	0.193179	0.032165	0	0	0	
781	0.0535162	0.0423396	0.0111766	0	0.238562	0.18874	0.0498226	0	0	0	
782	0.107241	0.0948441	0.0123939	3.49465e-06	0.478056	0.422792	0.0552491	1.55783e-05	3.7623e-06	1.67714e-05	
783	0.19829	0.134446	0.0616439	0.00220071	0.883933	0.599329	0.274794	0.00981027	0.00299278	0.0133411	
784	0.0715185	0.0715185	0	0	0.318812	0.318812	0	0	0	0	
785	0.127373	0.0751098	0.0522638	0	0.567801	0.334821	0.232979	0	0	0	
786	0.116783	0.0946186	0.0219917	0.000173114	0.520592	0.421787	0.0980339	0.000771704	0.000360374	0.00160646	
787	0.172053	0.0838027	0.0853632	0.00288772	0.766973	0.373572	0.380528	0.0128727	0.0039053	0.0174089	
788	0.162486	0.0913661	0.0709596	0.000160348	0.724324	0.407288	0.316321	0.000714793	0.000233962	0.00104294	
789	0.10291	0.10249	0.000419606	0	0.458748	0.456878	0.0018705	0	0	0	
790	0.116255	0.0843136	0.031911	3.11661e-05	0.51824	0.37585	0.142251	0.000138931	3.18693e-05	0.000142065	
791	0.123879	0.0870804	0.0366931	0.000105852	0.552224	0.388183	0.163569	0.000471865	0.000713519	0.0031807	
792	0.0946949	0.0823705	0.0123244	0	0.422127	0.367188	0.0549392	0	0	0	
793	0.21528	0.147238	0.0654866	0.00255515	0.959668	0.656354	0.291923	0.0113902	0.00314467	0.0140181	
794	0.0967169	0.0895504	0.0071631	3.37898e-06	0.43114	0.399194	0.0319314	1.50627e-05	5.13628e-06	2.28963e-05	
795	0.157895	0.105546	0.0519565	0.000392728	0.70386	0.4705	0.231609	0.00175069	0.000621084	0.00276864	
796	0.094696	0.0937795	0.000916564	0	0.422132	0.418046	0.00408582	0	0	0	
797	0.0532544	0.0532544	0	0	0.237395	0.237395	0	0	0	0	
798	0.187477	0.103793	0.0833869	0.000297038	0.835729	0.462686	0.371718	0.00132412	0.000429636	0.00191521	
799	0.15659	0.129301	0.0272574	3.09149e-05	0.698041	0.576397	0.121506	0.000137811	4.15555e-05	0.000185244	
800	0.200589	0.158755	0.0416537	0.000179673	0.894179	0.707695	0.185682	0.000800942	0.000509987	0.0022734	
801	0.15477	0.0852726	0.0694577	3.96774e-05	0.689927	0.380124	0.309625	0.000176872	8.77543e-05	0.000391187	
802	0.134326	0.0863479	0.0479734	5.13933e-06	0.598795	0.384918	0.213854	2.29099e-05	3.0789e-05	0.00013725	
803	0.0832998	0.0832998	0	0	0.37133	0.37133	0	0	0	0	
804	0.186363	0.151028	0.0353257	9.22541e-06	0.830765	0.67325	0.157473	4.11247e-05	1.79201e-05	7.98838e-05	
805	0.183749	0.143906	0.0397776	6.56544e-05	0.819111	0.6415	0.177319	0.000292671	0.000245932	0.0010963	
806	0.155723	0.106938	0.0460526	0.00273242	0.694177	0.476705	0.205291	0.0121805	0.00329997	0.0147104	
807	0.169561	0.119342	0.0497171	0.000502016	0.755866	0.532001	0.221626	0.00223786	0.000718703	0.0032038	
808	0.169255	0.152621	0.0166227	1.19787e-05	0.754501	0.680348	0.0741002	5.33985e-05	1.44772e-05	6.45361e-05	
809	0.17498	0.112206	0.0623025	0.000471399	0.78002	0.500189	0.277729	0.00210138	0.000955895	0.00426115	
810	0.0786703	0.0779466	0.000723388	3.10604e-07	0.350693	0.347467	0.00322469	1.38459e-06	2.77947e-07	1.23902e-06	
811	0.131386	0.0971145	0.0342698	2.14767e-06	0.585689	0.432913	0.152766	9.57381e-06	2.93508e-06	1.30838e-05	
812	0.175749	0.112156	0.0632726	0.000321003	0.78345	0.499965	0.282054	0.00143095	0.000368134	0.00164105	
813	0.0639528	0.0639528	0	0	0.285086	0.285086	0	0	0	0	
814	0.0957045	0.0814712	0.0142331	1.95342e-07	0.426627	0.363179	0.0634481	8.7079e-07	7.97073e-07	3.55316e-06	
815	0.151389	0.132601	0.0185735	0.000213846	0.674856	0.591106	0.0827966	0.000953276	0.000213855	0.000953314	
816	0.189427	0.155762	0.0335945	7.12484e-05	0.844424	0.69435	0.149756	0.000317608	0.00011146	0.000496865	
817	0.159285	0.0971506	0.0614501	0.000684835	0.710056	0.433074	0.273929	0.00305283	0.00166892	0.00743964	
818	0.191316	0.124213	0.0662626	0.000840119	0.852842	0.553714	0.295382	0.00374505	0.00237687	0.0105955	
819	0.0669312	0.0669312	0	0	0.298363	0.298363	0	0	0	0	
820	0.0943323	0.0907167	0.00361358	2.00581e-06	0.42051	0.404393	0.0161084	8.94144e-06	2.04164e-06	9.10117e-06	
821	0.0278029	0.0275501	0.000252815	0	0.123939	0.122812	0.00112698	0	0	0	
822	0.0985595	0.0842268	0.0143126	2.00648e-05	0.439354	0.375463	0.0638023	8.94445e-05	2.30508e-05	0.000102755	
823	0.0636407	0.0589776	0.00466308	0	0.283695	0.262908	0.0207869	0	0	0	
824	0.119532	0.119503	2.84028e-05	0	0.532845	0.532718	0.000126613	0	0	0	
825	0.0784801	0.0784801	0	0	0.349845	0.349845	0	0	0	0	
826	0.117131	0.106013	0.0111181	0	0.522145	0.472584	0.0495618	0	0	0	
827	0.0840519	0.0840235	2.84028e-05	0	0.374683	0.374556	0.000126613	0	0	0	
828	0.170485	0.103529	0.0666965	0.000259969	0.759984	0.461508	0.297317	0.00115888	0.00139036	0.00619793	
829	0.133677	0.101431	0.0322457	0	0.5959	0.452156	0.143744	0	0	0	
830	0.164105	0.133753	0.0303522	7.28147e-07	0.731544	0.596238	0.135302	3.2459e-06	2.94919e-06	1.31468e-05	
831	0.100648	0.100517	0.000131387	0	0.448667	0.448081	0.000585692	0	0	0	
832	0.0870945	0.0837432	0.00335108	2.36352e-07	0.388246	0.373307	0.0149383	1.0536e-06	3.30312e-07	1.47245e-06	
833	0.0909098	0.0882971	0.00260873	3.94168e-06	0.405254	0.393607	0.0116291	1.75711e-05	4.8842e-06	2.17726e-05	
834	0.0981034	0.0977735	0.000329669	2.98337e-07	0.437321	0.43585	0.00146958	1.32991e-06	2.65665e-07	1.18427e-06	
835	0.0985758	0.0964409	0.00213497	0	0.439427	0.42991	0.00951722	0	0	0	
836	0.142498	0.116	0.0264147	8.33071e-05	0.635223	0.517101	0.11775	0.000371363	8.68447e-05	0.000387133	
837	0.128934	0.119935	0.00886989	0.000129024	0.574756	0.534642	0.0395398	0.000575159	0.000133663	0.000595841	
838	0.14415	0.0971158	0.0469591	7.56642e-05	0.642589	0.432919	0.209332	0.000337292	9.29577e-05	0.000414383	
839	0.201499	0.152024	0.0485851	0.000889147	0.898234	0.67769	0.21658	0.0039636	0.00101609	0.00452951	
840	0.101931	0.0764682	0.0254636	0	0.454388	0.340877	0.113511	0	0	0	
841	0.115332	0.0797128	0.0351654	0.000453983	0.514123	0.35534	0.156759	0.00202375	0.000609411	0.00271661	
842	0.107237	0.0976388	0.00959819	0	0.478036	0.43525	0.0427864	0	0	0	
843	0.137734	0.121041	0.0165302	0.000162142	0.613986	0.539575	0.0736879	0.000722792	0.000223117	0.000994603	
844	0.15135	0.10958	0.0417003	6.96919e-05	0.674683	0.488482	0.185889	0.00031067	7.04726e-05	0.00031415	
845	0.194904	0.134051	0.0588282	0.00202543	0.868839	0.597568	0.262242	0.00902891	0.00230814	0.0102891	
846	0.106271	0.0935473	0.0127197	4.13695e-06	0.473731	0.417011	0.0567017	1.84415e-05	5.19322e-06	2.31501e-05	
847	0.118853	0.0953873	0.0234347	3.18634e-05	0.529822	0.425213	0.104466	0.000142039	3.21478e-05	0.000143307	
848	0.104952	0.102238	0.00271337	5.21294e-08	0.467851	0.455755	0.0120955	2.3238e-07	1.53307e-07	6.83407e-07	
849	0.102268	0.0963336	0.00593058	4.58578e-06	0.455889	0.429432	0.0264371	2.04423e-05	4.88629e-06	2.17819e-05	
850	0.0798281	0.0797113	0.000116786	0	0.355854	0.355334	0.000520604	0	0	0	
851	0.0644495	0.0642241	0.00022542	0	0.2873	0.286295	0.00100486	0	0	0	
852	0.0945072	0.0843665	0.0101267	1.39384e-05	0.42129	0.376086	0.0451425	6.21344e-05	1.97241e-05	8.79253e-05	
853	0.107846	0.102916	0.00492983	0	0.480754	0.458778	0.021976	0	0	0	
854	0.0993467	0.0940248	0.00531377	8.16151e-06	0.442863	0.41914	0.0236875	3.6382e-05	9.49395e-06	4.23217e-05	
855	0.10987	0.0927288	0.0164479	0.000693574	0.489775	0.413363	0.0733209	0.00309178	0.000693541	0.00309164	
856	0.115263	0.10308	0.0121815	1.76151e-06	0.513817	0.459507	0.0543023	7.85241e-06	1.72866e-06	7.70597e-06	
857	0.0630262	0.0630262	0	0	0.280955	0.280955	0	0	0	0	
858	0.100611	0.0849029	0.0157055	2.69656e-06	0.4485	0.378476	0.0700113	1.20206e-05	8.25187e-06	3.67848e-05	
859	0.125901	0.111276	0.014622	3.27416e-06	0.561239	0.496043	0.0651815	1.45954e-05	3.99424e-06	1.78053e-05	
860	0.0955106	0.0836139	0.0118966	0	0.425763	0.37273	0.0530323	0	0	0	
861	0.0857576	0.0857576	0	0	0.382287	0.382287	0	0	0	0	
862	0.120724	0.078348	0.0422662	0.000109904	0.538159	0.349256	0.188412	0.000489925	0.000159892	0.000712762	
863	0.119111	0.114306	0.00480472	0	0.530968	0.50955	0.0214183	0	0	0	
864	0.102737	0.0945549	0.00818229	0	0.457978	0.421503	0.0364747	0	0	0	
865	0.116328	0.115848	0.000479551	0	0.518563	0.516426	0.00213772	0	0	0	
866	0.0761186	0.0752877	0.000830876	0	0.339318	0.335614	0.00370384	0	0	0	
867	0.0857901	0.0857901	0	0	0.382432	0.382432	0	0	0	0	
868	0.104751	0.0990439	0.00567827	2.97077e-05	0.466958	0.441514	0.0253123	0.00013243	2.9675e-05	0.000132284	
869	0.0965721	0.0937558	0.0028112	5.13473e-06	0.430495	0.417941	0.0125316	2.28894e-05	5.15177e-06	2.29653e-05	
870	0.12922	0.125088	0.00413189	0	0.576034	0.557615	0.0184189	0	0	0	
871	0.109086	0.0980018	0.0110379	4.70588e-05	0.486283	0.436868	0.0492047	0.000209776	4.71224e-05	0.00021006	
872	0.0415311	0.0415311	0	0	0.185135	0.185135	0	0	0	0	
873	0.10048	0.0991043	0.00137599	4.48192e-08	0.447917	0.441783	0.00613383	1.99793e-07	1.93711e-08	8.63521e-08	
874	0.105706	0.0901475	0.0155574	1.60117e-06	0.471214	0.401856	0.0693511	7.13765e-06	4.20933e-06	1.87641e-05	
875	0.0808455	0.0808455	0	0	0.36039	0.36039	0	0	0	0	
876	0.0441047	0.0441047	0	0	0.196608	0.196608	0	0	0	0	
877	0.10357	0.0869421	0.0164105	0.00021808	0.461693	0.387567	0.0731543	0.00097215	0.000218607	0.000974499	
878	0.0996399	0.0985835	0.00105633	0	0.44417	0.439461	0.0047089	0	0	0	
879	0.0865564	0.0865564	0	0	0.385847	0.385847	0	0	0	0	
880	0.0917957	0.0870058	0.0047899	0	0.409203	0.387851	0.0213522	0	0	0	
881	0.0816638	0.0787198	0.00293499	8.97481e-06	0.364037	0.350914	0.0130835	4.00075e-05	9.00661e-06	4.01493e-05	
882	0.0913675	0.0887672	0.00259984	4.65596e-07	0.407294	0.395703	0.0115895	2.07551e-06	5.87279e-07	2.61795e-06	
883	0.0588133	0.0588133	0	0	0.262175	0.262175	0	0	0	0	
884	0.078216	0.078216	0	0	0.348668	0.348668	0	0	0	0	
885	0.0888515	0.0888515	0	0	0.396079	0.396079	0	0	0	0	
886	0.102341	0.100965	0.00137648	0	0.456215	0.450079	0.00613605	0	0	0	
887	0.0656212	0.0656212	0	0	0.292523	0.292523	0	0	0	0	
888	0.0961085	0.0961085	0	0	0.428429	0.428429	0	0	0	0	
889	0.0643827	0.0641452	0.000237507	0	0.287002	0.285944	0.00105875	0	0	0	
890	0.0939844	0.0909654	0.00301469	4.3053e-06	0.41896	0.405502	0.0134387	1.9192e-05	4.27268e-06	1.90465e-05	
891	0.0420372	0.0409697	0.00106758	0	0.187392	0.182633	0.00475904	0	0	0	
892	0.058119	0.058119	0	0	0.25908	0.25908	0	0	0	0	
893	0.086259	0.086259	0	0	0.384522	0.384522	0	0	0	0	
894	0.083676	0.0831638	0.000512215	0	0.373007	0.370724	0.00228333	0	0	0	
895	0.079457	0.079457	0	0	0.3542	0.3542	0	0	0	0	
896	0.0787708	0.0782586	0.000512215	0	0.351141	0.348858	0.00228333	0	0	0	
897	0.078319	0.071194	0.0070943	3.07363e-05	0.349127	0.317366	0.0316247	0.000137015	3.07036e-05	0.000136869	
898	0.0726226	0.0726226	0	0	0.323734	0.323734	0	0	0	0	
899	0.101907	0.0950214	0.0068863	0	0.45428	0.423582	0.0306974	0	0	0	
900	0.0813011	0.0813011	0	0	0.36242	0.36242	0	0	0	0	
901	0.178033	0.111627	0.0651706	0.00123526	0.793629	0.497607	0.290515	0.00550653	0.00145524	0.00648713	
902	0.0759039	0.0747155	0.00118837	0	0.338361	0.333064	0.00529751	0	0	0	
903	0.202328	0.115474	0.0866486	0.000205328	0.901933	0.514759	0.386258	0.000915304	0.000753786	0.00336019	
904	0.0674212	0.0674212	0	0	0.300547	0.300547	0	0	0	0	
905	0.156834	0.0923814	0.0644526	0	0.699129	0.411814	0.287314	0	0	0	
906	0.195253	0.129991	0.064786	0.000476144	0.870392	0.579468	0.2888	0.00212253	0.000604705	0.00269563	
907	0.0802826	0.0799607	0.000321927	0	0.35788	0.356445	0.00143507	0	0	0	
908	0.113502	0.0988558	0.0145506	9.58367e-05	0.505966	0.440675	0.0648631	0.000427217	0.000107831	0.000480686	
909	0.107482	0.105091	0.00239167	0	0.479132	0.46847	0.0106615	0	0	0	
910	0.111618	0.0898341	0.0217838	0	0.497566	0.400459	0.0971072	0	0	0	
911	0.126512	0.106233	0.0198016	0.000478163	0.563964	0.473562	0.0882709	0.00213153	0.000538288	0.00239956	
912	0.106662	0.0955567	0.0110952	1.08933e-05	0.475477	0.425968	0.04946	4.85601e-05	1.27958e-05	5.70406e-05	
913	0.114951	0.0983762	0.0164245	0.00015053	0.512425	0.438537	0.0732165	0.000671027	0.000159325	0.000710233	
914	0.0764506	0.0764506	0	0	0.340798	0.340798	0	0	0	0	
915	0.122181	0.0914275	0.0307199	3.3829e-05	0.544654	0.407562	0.136942	0.000150801	3.37973e-05	0.00015066	
916	0.106516	0.106516	0	0	0.474825	0.474825	0	0	0	0	
917	0.11483	0.0922912	0.0225387	0	0.511884	0.411412	0.100472	0	0	0	
918	0.126107	0.0886785	0.0370647	0.000364536	0.562158	0.395307	0.165225	0.00162501	0.000778768	0.00347156	
919	0.0922931	0.0859801	0.00631304	0	0.41142	0.383278	0.028142	0	0	0	
920	0.117105	0.085547	0.0314107	0.000147658	0.522027	0.381348	0.140021	0.000658227	0.000151195	0.000673995	
921	0.0381986	0.0381986	0	0	0.17028	0.17028	0	0	0	0	
922	0.0191946	0.0190886	0.000106002	0	0.0855651	0.0850925	0.000472532	0	0	0	
923	0.0625845	0.0590279	0.00354107	1.55954e-05	0.278987	0.263132	0.0157852	6.95206e-05	1.55628e-05	6.93752e-05	
924	0.0637544	0.0515416	0.0119689	0.000243877	0.284201	0.22976	0.0533545	0.00108714	0.000246951	0.00110085	
925	0.0485702	0.0447124	0.00383338	2.45004e-05	0.216514	0.199317	0.0170883	0.000109217	2.44677e-05	0.000109071	
926	0.0679704	0.0586667	0.00930373	0	0.302996	0.261522	0.0414738	0	0	0	
927	0.077175	0.0770882	8.68423e-05	0	0.344028	0.34364	0.000387122	0	0	0	
928	0.102537	0.0948951	0.00764258	0	0.457088	0.423019	0.0340687	0	0	0	
929	0.0451034	0.0428932	0.00219649	1.37711e-05	0.20106	0.191207	0.00979143	6.13886e-05	1.37385e-05	6.1243e-05	
930	0.0778226	0.0745853	0.0032373	0	0.346914	0.332483	0.0144311	0	0	0	
931	0.0932518	0.082381	0.0107998	7.11066e-05	0.415694	0.367234	0.0481429	0.000316976	7.10736e-05	0.000316829	
932	0.0851978	0.0839388	0.00125902	0	0.379791	0.374179	0.00561241	0	0	0	
933	0.0476051	0.0476051	0	0	0.212212	0.212212	0	0	0	0	
934	0.0485224	0.0453572	0.00314119	2.40809e-05	0.216301	0.202191	0.0140026	0.000107347	2.40482e-05	0.000107201	
935	0.0927297	0.0775383	0.0151804	1.09729e-05	0.413367	0.345647	0.0676709	4.89149e-05	1.33415e-05	5.94734e-05	
936	0.0762769	0.0756434	0.000633517	0	0.340024	0.3372	0.00282406	0	0	0	
937	0.0617564	0.0617564	0	0	0.275295	0.275295	0	0	0	0	
938	0.0671828	0.0671828	0	0	0.299484	0.299484	0	0	0	0	
939	0.0727807	0.0727495	3.12276e-05	0	0.324439	0.324299	0.000139205	0	0	0	
940	0.0757742	0.0743308	0.00144342	0	0.337783	0.331349	0.00643442	0	0	0	
941	0.0685871	0.0685871	0	0	0.305744	0.305744	0	0	0	0	
942	0.070693	0.070693	0	0	0.315132	0.315132	0	0	0	0	
943	0.0800696	0.0800696	0	0	0.356931	0.356931	0	0	0	0	
944	0.0634884	0.0634884	0	0	0.283016	0.283016	0	0	0	0	
945	0.0641252	0.0632086	0.000916564	0	0.285854	0.281769	0.00408582	0	0	0	
946	0.0655014	0.0655014	0	0	0.291989	0.291989	0	0	0	0	
947	0.0956426	0.0956426	0	0	0.426351	0.426351	0	0	0	0	
948	0.0613412	0.0541626	0.00717862	0	0.273444	0.241444	0.0320005	0	0	0	
949	0.0646251	0.0646251	0	0	0.288083	0.288083	0	0	0	0	
950	0.0859728	0.0859728	0	0	0.383246	0.383246	0	0	0	0	
951	0.115893	0.115862	3.12276e-05	0	0.516627	0.516488	0.000139205	0	0	0	
952	0.0508876	0.0494442	0.00144342	0	0.226845	0.22041	0.00643442	0	0	0	
953	0.0532461	0.0532461	0	0	0.237358	0.237358	0	0	0	0	
954	0.0863121	0.0863121	0	0	0.384759	0.384759	0	0	0	0	
955	0.0889946	0.0889946	0	0	0.396716	0.396716	0	0	0	0	
956	0.0533282	0.0496493	0.00367887	0	0.237724	0.221324	0.0163995	0	0	0	
957	0.0788919	0.0788918	0	0	0.351681	0.351681	0	0	0	0	
958	0.0781799	0.069239	0.00894091	0	0.348507	0.308651	0.0398564	0	0	0	
959	0.0908397	0.0908397	0	0	0.404941	0.404941	0	0	0	0	
960	0.0565994	0.0565994	0	0	0.252306	0.252306	0	0	0	0	
961	0.0760879	0.0748347	0.00125318	0	0.339181	0.333595	0.00558639	0	0	0	
962	0.0979306	0.0978347	9.58576e-05	0	0.436551	0.436123	0.00042731	0	0	0	
963	0.145641	0.145515	0.000125996	0	0.649234	0.648673	0.000561663	0	0	0	
964	0.104172	0.104172	0	0	0.464375	0.464375	0	0	0	0	
965	0.142263	0.0960488	0.0462108	4.2708e-06	0.634178	0.428162	0.205997	1.90382e-05	4.23574e-06	1.88819e-05	
966	0.147662	0.101472	0.0461892	0	0.658242	0.452342	0.2059	0	0	0	
967	0.0442507	0.0442507	0	0	0.197259	0.197259	0	0	0	0	
968	0.0705321	0.0705321	0	0	0.314415	0.314415	0	0	0	0	
969	0.196369	0.177526	0.018809	3.44057e-05	0.875369	0.79137	0.0838461	0.000153372	3.44564e-05	0.000153598	
970	0.196642	0.173331	0.0232345	7.65296e-05	0.876584	0.772669	0.103574	0.00034115	0.000121941	0.000543585	
