Node	dPC	dPCintra	dPCflux	dPCconnector	varPC	varPCintra	varPCflux	varPCconnector	dBC_PC	varBC_PC	
1	0.172579	0.165153	0.00742581	2.71587e-08	0.769751	0.736629	0.0331211	1.21135e-07	8.14949e-09	3.6349e-08	
2	0.0909451	0.0831369	0.00780164	6.58055e-06	0.40564	0.370813	0.0347975	2.93511e-05	6.56169e-06	2.9267e-05	
3	0.0928675	0.0814459	0.0114181	3.48812e-06	0.414215	0.363271	0.0509281	1.5558e-05	4.60936e-06	2.0559e-05	
4	0.0571755	0.0571755	0	0	0.255019	0.255019	0	0	0	0	
5	0.112673	0.105799	0.00687397	5.56378e-07	0.502556	0.471894	0.0306598	2.4816e-06	8.67012e-07	3.86712e-06	
6	0.0902056	0.0891136	0.00109179	2.08748e-07	0.402342	0.397471	0.0048697	9.31077e-07	1.89681e-07	8.46032e-07	
7	0.0866686	0.0858292	0.000838456	9.62941e-07	0.386566	0.382822	0.00373975	4.29499e-06	9.56904e-07	4.26806e-06	
8	0.123566	0.10257	0.020996	0	0.551142	0.457494	0.0936481	0	0	0	
9	0.0882949	0.0862566	0.00203826	0	0.39382	0.384729	0.00909122	0	0	0	
10	0.0614365	0.0590922	0.00233664	7.6339e-06	0.274024	0.263568	0.0104221	3.40493e-05	8.22406e-06	3.66816e-05	
11	0.085214	0.0788741	0.00633999	0	0.380078	0.3518	0.0282781	0	0	0	
12	0.0971723	0.0941944	0.0029772	7.01955e-07	0.433415	0.420133	0.0132791	3.13091e-06	6.82961e-07	3.0462e-06	
13	0.102768	0.102768	0	0	0.458377	0.458377	0	0	0	0	
14	0.0832311	0.0832311	0	0	0.371234	0.371234	0	0	0	0	
15	0.0940472	0.0925296	0.00151599	1.66728e-06	0.419477	0.412708	0.00676177	7.43658e-06	1.6482e-06	7.35147e-06	
16	0.0731338	0.0731338	0	0	0.326197	0.326197	0	0	0	0	
17	0.0863591	0.0843205	0.00203858	0	0.385186	0.376093	0.00909266	0	0	0	
18	0.0739772	0.0720067	0.0019705	0	0.329959	0.32117	0.00878899	0	0	0	
19	0.0870729	0.0841341	0.00293884	0	0.388369	0.375261	0.013108	0	0	0	
20	0.059149	0.0590034	0.000145565	0	0.263821	0.263171	0.000649265	0	0	0	
21	0.0861139	0.0815873	0.00452659	0	0.384092	0.363902	0.0201898	0	0	0	
22	0.0899968	0.0873962	0.00259438	6.17273e-06	0.401411	0.389811	0.0115716	2.75321e-05	6.15366e-06	2.7447e-05	
23	0.100201	0.0947747	0.00541725	9.96997e-06	0.446928	0.422722	0.0241624	4.44688e-05	1.09138e-05	4.86786e-05	
24	0.0649625	0.0649625	0	0	0.289751	0.289751	0	0	0	0	
25	0.120962	0.115304	0.0056519	6.08414e-06	0.539528	0.514291	0.0252091	2.71369e-05	6.1365e-06	2.73705e-05	
26	0.085823	0.084117	0.00170595	0	0.382794	0.375185	0.00760901	0	0	0	
27	0.0868851	0.0760851	0.0105632	0.000236744	0.387532	0.339361	0.0471151	0.00105594	0.000240314	0.00107187	
28	0.0619925	0.0619925	0	0	0.276504	0.276504	0	0	0	0	
29	0.108844	0.101076	0.00776827	0	0.485478	0.450829	0.0346486	0	0	0	
30	0.170603	0.148553	0.0219168	0.000132745	0.760939	0.662592	0.0977552	0.000592084	0.000133412	0.000595058	
31	0.145323	0.138146	0.00717596	9.17761e-07	0.648184	0.616173	0.0320068	4.09347e-06	8.99004e-07	4.00981e-06	
32	0.144066	0.138609	0.00545611	8.10797e-07	0.642575	0.618236	0.0243357	3.61638e-06	7.91869e-07	3.53196e-06	
33	0.0785812	0.0764994	0.00208179	0	0.350494	0.341209	0.0092854	0	0	0	
34	0.104662	0.0969674	0.00769386	1.44677e-06	0.466825	0.432502	0.0343167	6.453e-06	4.23143e-06	1.88733e-05	
35	0.0734565	0.0608474	0.012609	0	0.327636	0.271396	0.0562401	0	0	0	
36	0.0842248	0.0810046	0.00322012	0	0.375666	0.361303	0.0143626	0	0	0	
37	0.170617	0.0948031	0.0747127	0.00110146	0.761001	0.422848	0.333239	0.00491282	0.00591169	0.0263678	
38	0.0793325	0.078267	0.00106532	1.24375e-07	0.353845	0.349093	0.00475165	5.54751e-07	1.42731e-07	6.36623e-07	
39	0.0892608	0.083742	0.00551517	3.6036e-06	0.398128	0.373513	0.0245992	1.6073e-05	3.83183e-06	1.7091e-05	
40	0.102943	0.100761	0.00218065	1.29403e-06	0.459156	0.449424	0.00972635	5.77173e-06	1.28142e-06	5.71551e-06	
41	0.100431	0.0957457	0.00468586	0	0.447953	0.427053	0.0209002	0	0	0	
42	0.0746078	0.0737966	0.000811286	0	0.332772	0.329153	0.00361856	0	0	0	
43	0.0603541	0.0552263	0.00512776	0	0.269196	0.246325	0.0228712	0	0	0	
44	0.065469	0.0644786	0.000990447	0	0.29201	0.287592	0.00441767	0	0	0	
45	0.0580987	0.0520405	0.00605334	4.86554e-06	0.259136	0.232115	0.0269996	2.17016e-05	7.76639e-06	3.46403e-05	
46	0.0933752	0.0849629	0.0084113	1.00943e-06	0.41648	0.378958	0.0375167	4.50237e-06	1.41458e-06	6.30942e-06	
47	0.1358	0.13459	0.00121005	0	0.605709	0.600312	0.00539717	0	0	0	
48	0.105741	0.0848672	0.0208742	0	0.471636	0.378531	0.0931049	0	0	0	
49	0.169819	0.158067	0.0117404	1.19606e-05	0.757444	0.705025	0.0523656	5.3348e-05	1.83328e-05	8.17694e-05	
50	0.102091	0.0950886	0.00699706	5.87337e-06	0.455357	0.424122	0.0312088	2.61968e-05	1.40007e-05	6.24473e-05	
51	0.0845144	0.0845106	3.86139e-06	0	0.376958	0.376941	1.72229e-05	0	0	0	
52	0.0786799	0.0760944	0.00258553	0	0.350934	0.339402	0.0115322	0	0	0	
53	0.0973215	0.0947905	0.00252301	8.04664e-06	0.434081	0.422792	0.0112533	3.58902e-05	8.43822e-06	3.76368e-05	
54	0.0934276	0.0905893	0.00283812	1.68914e-07	0.416713	0.404053	0.0126588	7.53406e-07	1.50943e-07	6.73249e-07	
55	0.0978945	0.0925952	0.00529925	0	0.436637	0.413	0.0236361	0	0	0	
56	0.120871	0.111849	0.0090222	0	0.539121	0.498879	0.0402415	0	0	0	
57	0.102355	0.100601	0.00175259	4.76834e-07	0.456532	0.448712	0.00781708	2.12681e-06	4.5809e-07	2.04321e-06	
58	0.122021	0.0911925	0.0308202	9.14828e-06	0.544251	0.406744	0.137466	4.08039e-05	2.47077e-05	0.000110203	
59	0.173511	0.111896	0.061582	3.39264e-05	0.773912	0.499087	0.274673	0.000151321	9.13482e-05	0.000407438	
60	0.0747658	0.0735034	0.00126243	0	0.333476	0.327845	0.00563082	0	0	0	
61	0.0872435	0.0870222	0.000221233	4.64967e-08	0.38913	0.388143	0.000986764	2.07388e-07	2.76225e-08	1.23204e-07	
62	0.100458	0.0932958	0.00715344	9.34454e-06	0.448073	0.416125	0.0319063	4.16792e-05	1.1754e-05	5.24262e-05	
63	0.12313	0.0937798	0.0293358	1.49856e-05	0.549196	0.418284	0.130845	6.684e-05	4.27425e-05	0.000190643	
64	0.0986373	0.0966812	0.00195362	2.51286e-06	0.43995	0.431225	0.0087137	1.1208e-05	2.4938e-06	1.1123e-05	
65	0.112024	0.102423	0.00957812	2.242e-05	0.499658	0.456837	0.0427211	9.99995e-05	2.69275e-05	0.000120104	
66	0.112983	0.100778	0.0122051	0	0.503939	0.449501	0.0544384	0	0	0	
67	0.168059	0.137133	0.0308525	7.31625e-05	0.749592	0.611654	0.13761	0.000326325	0.000122789	0.000547673	
68	0.106278	0.0797453	0.0264946	3.86784e-05	0.474032	0.355686	0.118173	0.000172516	6.01776e-05	0.000268409	
69	0.115667	0.113581	0.00208557	6.08379e-07	0.515908	0.506603	0.00930226	2.71354e-06	7.03893e-07	3.13956e-06	
70	0.0781141	0.0762319	0.00188225	0	0.348411	0.340015	0.0083954	0	0	0	
71	0.067163	0.0441173	0.0230456	0	0.299566	0.196775	0.10279	0	0	0	
72	0.171285	0.129268	0.0419412	7.56778e-05	0.763982	0.576575	0.187069	0.000337544	0.000112535	0.00050194	
73	0.0783732	0.0595637	0.0188095	0	0.349566	0.265671	0.0838958	0	0	0	
74	0.14265	0.105816	0.0366544	0.00017893	0.63626	0.471973	0.163489	0.000798079	0.00021336	0.000951645	
75	0.189113	0.142575	0.0459514	0.000586773	0.8435	0.635927	0.204956	0.00261717	0.000707956	0.00315768	
76	0.152249	0.140034	0.0120767	0.000138103	0.679074	0.624593	0.0538658	0.000615981	0.000141335	0.000630396	
77	0.0890091	0.0887953	0.000213811	0	0.397005	0.396052	0.000953661	0	0	0	
78	0.150618	0.0978147	0.0527516	5.22856e-05	0.671801	0.436281	0.235287	0.000233208	5.94264e-05	0.000265058	
79	0.159858	0.135769	0.0240195	7.00962e-05	0.713014	0.605568	0.107133	0.000312649	0.000141533	0.000631277	
80	0.138163	0.123993	0.0141486	2.2052e-05	0.616249	0.553044	0.0631069	9.83585e-05	2.60646e-05	0.000116255	
81	0.108083	0.105226	0.00285742	0	0.482082	0.469337	0.0127449	0	0	0	
82	0.246395	0.159603	0.0858422	0.000949808	1.09899	0.711875	0.38288	0.00423641	0.00148522	0.00662452	
83	0.160285	0.123986	0.0361864	0.000113172	0.714919	0.553012	0.161401	0.000504781	0.000120233	0.000536277	
84	0.121073	0.0952566	0.025817	0	0.540022	0.424871	0.115151	0	0	0	
85	0.142872	0.10013	0.042742	0	0.63725	0.446609	0.190641	0	0	0	
86	0.168195	0.144797	0.0232081	0.000189594	0.750199	0.645839	0.103514	0.000845644	0.0002544	0.00113469	
87	0.0821387	0.0768566	0.00528213	0	0.366361	0.342802	0.0235598	0	0	0	
88	0.0828201	0.0808409	0.00197829	9.58796e-07	0.369401	0.360573	0.00882375	4.27649e-06	9.39745e-07	4.19152e-06	
89	0.0766815	0.0762113	0.000470265	0	0.342021	0.339923	0.00209751	0	0	0	
90	0.109206	0.097847	0.0113539	5.46275e-06	0.487091	0.436425	0.0506418	2.43654e-05	7.37323e-06	3.28866e-05	
91	0.103704	0.101385	0.00231891	4.6784e-07	0.462552	0.452207	0.010343	2.08669e-06	8.46175e-07	3.77418e-06	
92	0.0850586	0.0830544	0.00200413	0	0.379385	0.370446	0.00893898	0	0	0	
93	0.0943086	0.0894033	0.00490028	5.0349e-06	0.420643	0.398764	0.0218566	2.2457e-05	7.04208e-06	3.14096e-05	
94	0.0875263	0.0849452	0.00258106	0	0.390392	0.378879	0.0115122	0	0	0	
95	0.152066	0.130239	0.0218253	2.68155e-06	0.678261	0.580902	0.097347	1.19604e-05	2.92371e-06	1.30405e-05	
96	0.203059	0.158068	0.0448936	9.70475e-05	0.905701	0.70503	0.200238	0.000432859	0.000111475	0.000497213	
97	0.114575	0.0938206	0.0207423	1.29398e-05	0.51104	0.418466	0.0925165	5.77154e-05	1.6091e-05	7.17705e-05	
98	0.103921	0.0887759	0.0151196	2.54595e-05	0.463517	0.395965	0.0674379	0.000113556	2.77308e-05	0.000123687	
99	0.105382	0.0995332	0.00584752	1.46639e-06	0.470034	0.443946	0.0260815	6.54053e-06	1.54652e-06	6.89791e-06	
100	0.0951799	0.0915082	0.0036623	9.35626e-06	0.424529	0.408152	0.0163349	4.17315e-05	9.82033e-06	4.38014e-05	
101	0.145191	0.143564	0.00162718	0	0.647596	0.640339	0.0072577	0	0	0	
102	0.148506	0.106715	0.0417549	3.59125e-05	0.662381	0.475982	0.186238	0.00016018	4.63689e-05	0.000206818	
103	0.0768954	0.072948	0.00394736	0	0.342975	0.325368	0.0176063	0	0	0	
104	0.111845	0.0828788	0.0289317	3.53669e-05	0.498864	0.369662	0.129043	0.000157746	4.35328e-05	0.000194168	
105	0.0938225	0.0857813	0.00795295	8.8335e-05	0.418475	0.382608	0.0354724	0.000393998	0.000107613	0.000479988	
106	0.143986	0.110965	0.033011	1.02014e-05	0.642222	0.494938	0.147238	4.55011e-05	1.74538e-05	7.78491e-05	
107	0.221335	0.145946	0.0749714	0.000418334	0.987219	0.65096	0.334393	0.00186589	0.000491971	0.00219433	
108	0.106746	0.0964206	0.0103074	1.87939e-05	0.476121	0.430063	0.0459742	8.38261e-05	2.11186e-05	9.41952e-05	
109	0.135886	0.107549	0.0281171	0.000218927	0.60609	0.479703	0.12541	0.000976478	0.000288435	0.0012865	
110	0.117585	0.108069	0.00951683	0	0.524466	0.482018	0.0424477	0	0	0	
111	0.102966	0.0957422	0.00721689	6.91227e-06	0.459257	0.427037	0.0321893	3.08306e-05	1.39157e-05	6.20679e-05	
112	0.102401	0.0943239	0.00807771	0	0.45674	0.420711	0.0360288	0	0	0	
113	0.0960603	0.0913074	0.004745	7.96097e-06	0.428456	0.407256	0.021164	3.55082e-05	1.34124e-05	5.98233e-05	
114	0.161455	0.123522	0.03721	0.000722682	0.720135	0.550944	0.165967	0.00322336	0.000808414	0.00360575	
115	0.117039	0.106271	0.0107568	1.16015e-05	0.522029	0.473999	0.0479784	5.17462e-05	1.18472e-05	5.28419e-05	
116	0.120036	0.113779	0.00625053	6.06794e-06	0.535395	0.507489	0.0278791	2.70647e-05	6.7449e-06	3.00841e-05	
117	0.11006	0.096363	0.0136979	0	0.490902	0.429806	0.0610964	0	0	0	
118	0.102633	0.101091	0.0015415	4.18542e-07	0.457772	0.450895	0.00687552	1.86681e-06	8.66838e-07	3.86634e-06	
119	0.117951	0.11298	0.00497175	0	0.526098	0.503922	0.0221754	0	0	0	
120	0.112533	0.0956388	0.0168082	8.59873e-05	0.501929	0.426576	0.0749696	0.000383527	0.000123587	0.000551233	
121	0.0896846	0.0838879	0.00579671	0	0.400018	0.374163	0.0258549	0	0	0	
122	0.17735	0.156835	0.0204341	8.11023e-05	0.791033	0.69953	0.091142	0.000361739	0.000147078	0.00065601	
123	0.110568	0.106404	0.00416175	1.80852e-06	0.493166	0.474595	0.0185625	8.06652e-06	2.70371e-06	1.20593e-05	
124	0.149649	0.0958297	0.0530589	0.00076053	0.667477	0.427427	0.236657	0.00339217	0.00256499	0.0114406	
125	0.107155	0.102833	0.00432202	0	0.477944	0.458667	0.0192774	0	0	0	
126	0.128975	0.103779	0.0249107	0.000285431	0.575268	0.462886	0.111108	0.0012731	0.000388643	0.00173345	
127	0.202923	0.190559	0.0123482	1.55418e-05	0.905095	0.849949	0.0550767	6.93208e-05	1.7502e-05	7.8064e-05	
128	0.128515	0.119992	0.00852205	5.4437e-07	0.573213	0.5352	0.0380107	2.42804e-06	5.25977e-07	2.346e-06	
129	0.122	0.117404	0.00459598	0	0.544155	0.523656	0.0204993	0	0	0	
130	0.100627	0.0957143	0.0049066	6.41282e-06	0.448826	0.426912	0.0218848	2.8603e-05	7.53384e-06	3.3603e-05	
131	0.12994	0.123947	0.00599087	1.75804e-06	0.579569	0.55284	0.0267209	7.84135e-06	2.12241e-06	9.46655e-06	
132	0.118937	0.0846916	0.0342436	1.889e-06	0.530493	0.377748	0.152736	8.42547e-06	6.40716e-06	2.85777e-05	
133	0.128126	0.110203	0.0178164	0.000106182	0.571479	0.491539	0.0794661	0.000473605	0.000140252	0.000625566	
134	0.0962076	0.095114	0.00109352	0	0.429113	0.424235	0.00487741	0	0	0	
135	0.0701682	0.0701682	0	0	0.31297	0.31297	0	0	0	0	
136	0.107868	0.102943	0.00492362	1.86076e-06	0.481125	0.459156	0.0219607	8.29953e-06	2.66117e-06	1.18696e-05	
137	0.113399	0.101557	0.0117839	5.75516e-05	0.505791	0.452975	0.0525599	0.000256696	8.07469e-05	0.000360154	
138	0.109727	0.103774	0.0059485	4.38891e-06	0.489416	0.462865	0.0265319	1.95757e-05	5.01024e-06	2.23471e-05	
139	0.10851	0.105626	0.002883	1.1382e-06	0.483989	0.471125	0.012859	5.07671e-06	1.40706e-06	6.27592e-06	
140	0.138124	0.120393	0.0176653	6.58494e-05	0.616075	0.536989	0.0787924	0.000293707	8.4651e-05	0.000377567	
141	0.0961182	0.0925166	0.00360065	9.9832e-07	0.428714	0.41265	0.0160599	4.45279e-06	2.28506e-06	1.0192e-05	
142	0.0853019	0.0829759	0.00232609	0	0.38047	0.370095	0.010375	0	0	0	
143	0.154914	0.153955	0.00095975	0	0.690963	0.686683	0.00428075	0	0	0	
144	0.100591	0.098229	0.00236236	5.09646e-08	0.448666	0.438129	0.0105367	2.27316e-07	2.66322e-07	1.18787e-06	
145	0.0897049	0.0863004	0.00340219	2.28399e-06	0.400109	0.384924	0.0151747	1.01872e-05	3.08165e-06	1.3745e-05	
146	0.0624424	0.0608628	0.0015796	0	0.27851	0.271465	0.00704548	0	0	0	
147	0.0743506	0.0723175	0.00203307	0	0.331624	0.322556	0.0090681	0	0	0	
148	0.111485	0.107259	0.00422546	0	0.497255	0.478408	0.0188467	0	0	0	
149	0.115041	0.0994044	0.0156026	3.40408e-05	0.513115	0.443371	0.0695922	0.000151831	4.10755e-05	0.000183208	
150	0.0914628	0.0821863	0.00927309	3.3644e-06	0.407949	0.366574	0.0413606	1.50062e-05	3.34521e-06	1.49206e-05	
151	0.1305	0.123822	0.00665447	2.35871e-05	0.582069	0.552284	0.0296808	0.000105205	3.00232e-05	0.000133912	
152	0.091289	0.0843459	0.00694259	5.35733e-07	0.407174	0.376206	0.0309659	2.38951e-06	1.657e-06	7.39072e-06	
153	0.139147	0.134954	0.00419259	0	0.620635	0.601934	0.0187001	0	0	0	
154	0.101488	0.0972406	0.00424774	3.93978e-07	0.452668	0.43372	0.0189461	1.75725e-06	4.81492e-07	2.14759e-06	
155	0.108253	0.0914112	0.0168199	2.23863e-05	0.482841	0.407719	0.0750215	9.98492e-05	2.61425e-05	0.000116602	
156	0.104105	0.0943078	0.0097866	1.1535e-05	0.464341	0.420639	0.043651	5.14494e-05	1.59519e-05	7.11502e-05	
157	0.0886082	0.0879429	0.000665312	0	0.395217	0.39225	0.00296748	0	0	0	
158	0.111801	0.103031	0.00875056	1.9522e-05	0.498665	0.459549	0.0390299	8.70736e-05	2.10864e-05	9.40513e-05	
159	0.107349	0.0988227	0.00852348	3.45273e-06	0.478809	0.440777	0.0380171	1.54001e-05	5.89188e-06	2.62794e-05	
160	0.169117	0.155125	0.0139911	0	0.754309	0.691905	0.0624045	0	0	0	
161	0.220302	0.173215	0.0470445	4.22682e-05	0.98261	0.77259	0.209831	0.000188528	7.62676e-05	0.000340175	
162	0.11943	0.093888	0.0254597	8.22156e-05	0.532691	0.418767	0.113557	0.000366704	9.37474e-05	0.000418139	
163	0.0893847	0.0782608	0.011004	0.000119915	0.39868	0.349065	0.0490809	0.000534857	0.000119896	0.000534772	
164	0.126233	0.0894237	0.0368095	0	0.563036	0.398855	0.16418	0	0	0	
165	0.15186	0.114838	0.0366307	0.000390614	0.677338	0.512213	0.163383	0.00174224	0.00051694	0.0023057	
166	0.100602	0.0971077	0.00349474	0	0.448715	0.433127	0.0155875	0	0	0	
167	0.103399	0.0968051	0.00657496	1.95896e-05	0.461191	0.431778	0.0293261	8.73751e-05	2.33193e-05	0.000104011	
168	0.104491	0.0977475	0.00674134	2.78381e-06	0.466062	0.435981	0.0300682	1.24165e-05	4.7496e-06	2.11845e-05	
169	0.0966943	0.0944805	0.00221093	2.91033e-06	0.431284	0.421409	0.00986139	1.29809e-05	2.89293e-06	1.29033e-05	
170	0.148149	0.108338	0.0387479	0.00106243	0.660786	0.483221	0.172826	0.00473875	0.0012049	0.00537422	
171	0.216915	0.194768	0.0221402	7.27594e-06	0.967504	0.86872	0.0987516	3.24527e-05	1.06482e-05	4.7494e-05	
172	0.129312	0.121781	0.00753062	0	0.57677	0.543181	0.0335887	0	0	0	
173	0.169295	0.135296	0.0338404	0.000159166	0.755107	0.603459	0.150938	0.000709926	0.000192195	0.000857246	
174	0.118667	0.112931	0.00573567	0	0.529289	0.503706	0.0255827	0	0	0	
175	0.108591	0.0959911	0.0126008	0	0.48435	0.428147	0.0562031	0	0	0	
176	0.107975	0.0945824	0.0133075	8.5459e-05	0.4816	0.421864	0.0593555	0.000381171	0.000110662	0.000493585	
177	0.175597	0.141418	0.0337697	0.000408888	0.783212	0.630765	0.150622	0.00182375	0.000730058	0.00325626	
178	0.133071	0.106147	0.0268843	4.02296e-05	0.593537	0.473446	0.119911	0.000179435	6.63618e-05	0.000295992	
179	0.177531	0.140059	0.0372345	0.000236796	0.791839	0.624706	0.166076	0.00105617	0.000335001	0.0014942	
180	0.111028	0.10117	0.00983582	2.24403e-05	0.495217	0.451247	0.0438705	0.00010009	3.02616e-05	0.000134975	
181	0.130465	0.125009	0.00545577	4.83682e-07	0.581914	0.557578	0.0243342	2.15735e-06	1.36006e-06	6.06626e-06	
182	0.101046	0.0991671	0.00187983	0	0.450697	0.442313	0.00838458	0	0	0	
183	0.115472	0.111239	0.00423296	0	0.515038	0.496158	0.0188802	0	0	0	
184	0.0934713	0.0878013	0.0056675	2.54419e-06	0.416908	0.391618	0.0252786	1.13478e-05	3.10307e-06	1.38405e-05	
185	0.0919692	0.0823696	0.00959961	0	0.410208	0.367391	0.0428169	0	0	0	
186	0.149489	0.113516	0.0359609	1.1468e-05	0.666763	0.506316	0.160395	5.11507e-05	1.34649e-05	6.00572e-05	
187	0.0910091	0.0880511	0.00294432	1.36654e-05	0.405926	0.392732	0.0131325	6.09518e-05	1.37965e-05	6.15366e-05	
188	0.0863952	0.0804724	0.00591634	6.4631e-06	0.385347	0.358929	0.0263885	2.88272e-05	6.81697e-06	3.04056e-05	
189	0.107623	0.102033	0.00558963	0	0.480029	0.455098	0.0249313	0	0	0	
190	0.0718094	0.0592272	0.0125822	0	0.32029	0.26417	0.0561201	0	0	0	
191	0.351755	0.212801	0.135579	0.00337414	1.56892	0.949155	0.604722	0.0150496	0.00384255	0.0171388	
192	0.0728054	0.0728054	0	0	0.324732	0.324732	0	0	0	0	
193	0.11811	0.11811	0	0	0.526805	0.526805	0	0	0	0	
194	0.162463	0.120769	0.0415935	0.000100412	0.724631	0.538664	0.185519	0.000447866	0.000149051	0.00066481	
195	0.088569	0.0883954	0.000173641	0	0.395042	0.394268	0.000774489	0	0	0	
196	0.0891704	0.0891704	0	0	0.397725	0.397725	0	0	0	0	
197	0.0716763	0.055884	0.0157706	2.17472e-05	0.319696	0.249258	0.0703413	9.69989e-05	5.69444e-05	0.000253988	
198	0.154774	0.114014	0.0405194	0.000240268	0.690338	0.508538	0.180728	0.00107166	0.000350957	0.00156536	
199	0.147111	0.114052	0.0330588	0	0.656156	0.508704	0.147451	0	0	0	
200	0.11614	0.0869949	0.0291458	0	0.51802	0.388022	0.129998	0	0	0	
201	0.163748	0.100334	0.0623143	0.00109916	0.730363	0.447521	0.277939	0.00490257	0.00251249	0.0112064	
202	0.105591	0.105591	0	0	0.470968	0.470968	0	0	0	0	
203	0.0981548	0.0942506	0.00390413	0	0.437798	0.420384	0.0174135	0	0	0	
204	0.178545	0.133427	0.044609	0.000509399	0.796363	0.595122	0.198968	0.00227206	0.000833413	0.00371725	
205	0.116749	0.0896121	0.0270981	3.90638e-05	0.520735	0.399695	0.120865	0.000174235	4.25857e-05	0.000189944	
206	0.188008	0.148914	0.0389332	0.00016149	0.838572	0.664198	0.173653	0.000720295	0.000295689	0.00131885	
207	0.0689692	0.0517581	0.0172096	1.57529e-06	0.307622	0.230855	0.0767597	7.02623e-06	3.24745e-06	1.44845e-05	
208	0.10371	0.0979963	0.00571424	0	0.462578	0.437091	0.0254871	0	0	0	
209	0.144156	0.0949209	0.0492355	0	0.642978	0.423374	0.219604	0	0	0	
210	0.114028	0.113327	0.000700642	0	0.508599	0.505474	0.00312506	0	0	0	
211	0.160158	0.103181	0.0569765	0	0.71435	0.460219	0.254131	0	0	0	
212	0.116443	0.115975	0.000466916	1.26183e-07	0.519368	0.517285	0.00208257	5.62811e-07	1.07109e-07	4.77737e-07	
213	0.232866	0.164086	0.0679209	0.000859255	1.03864	0.731869	0.302946	0.00383252	0.00195049	0.00869973	
214	0.118084	0.115421	0.00266307	1.39758e-07	0.526689	0.514811	0.011878	6.23361e-07	1.20654e-07	5.38152e-07	
215	0.190528	0.161044	0.0294258	5.85336e-05	0.849811	0.718303	0.131247	0.000261076	6.98652e-05	0.000311618	
216	0.0986742	0.0845152	0.0141522	6.73302e-06	0.440114	0.376961	0.063123	3.00311e-05	9.17737e-06	4.09336e-05	
217	0.205874	0.140395	0.0644829	0.000996166	0.918259	0.626204	0.287612	0.00444318	0.00102701	0.00458079	
218	0.0974236	0.0968207	0.000602902	0	0.434536	0.431847	0.00268911	0	0	0	
219	0.133079	0.132588	0.000491246	0	0.593573	0.591382	0.00219109	0	0	0	
220	0.0944935	0.0835229	0.0109706	0	0.421467	0.372535	0.048932	0	0	0	
221	0.106913	0.0935212	0.0133811	1.13604e-05	0.476865	0.41713	0.0596838	5.06709e-05	1.14599e-05	5.11143e-05	
222	0.0501084	0.0500953	1.30354e-05	0	0.223497	0.223439	5.81419e-05	0	0	0	
223	0.0966766	0.0964247	0.000251891	0	0.431204	0.430081	0.0011235	0	0	0	
224	0.153424	0.144716	0.00870781	2.61389e-07	0.684315	0.645474	0.0388392	1.16586e-06	2.43563e-07	1.08635e-06	
225	0.0802964	0.0780123	0.00227517	8.93855e-06	0.358144	0.347957	0.0101479	3.98684e-05	9.25562e-06	4.12826e-05	
226	0.229036	0.224201	0.00482602	9.67845e-06	1.02156	1	0.0215254	4.31686e-05	9.67351e-06	4.31465e-05	
227	0.0848057	0.0819488	0.00285688	0	0.378257	0.365514	0.0127425	0	0	0	
228	0.0904628	0.0790387	0.0114213	2.85493e-06	0.403489	0.352534	0.0509423	1.27337e-05	2.83632e-06	1.26508e-05	
229	0.128498	0.123404	0.00509311	0	0.573137	0.55042	0.0227167	0	0	0	
230	0.10648	0.10616	0.000320134	0	0.474932	0.473504	0.00142789	0	0	0	
231	0.0926848	0.0916549	0.00102927	6.07571e-07	0.4134	0.408806	0.00459087	2.70994e-06	5.88509e-07	2.62491e-06	
232	0.0849249	0.074779	0.0101459	0	0.378789	0.333535	0.0452536	0	0	0	
233	0.0786193	0.0778117	0.000807577	0	0.350664	0.347062	0.00360202	0	0	0	
234	0.103879	0.103879	0	0	0.463329	0.463329	0	0	0	0	
235	0.135694	0.135694	0	0	0.605233	0.605233	0	0	0	0	
236	0.0686942	0.0659002	0.00279394	0	0.306395	0.293933	0.0124617	0	0	0	
237	0.0471772	0.0471772	0	0	0.210423	0.210423	0	0	0	0	
238	0.0891406	0.0891406	0	0	0.397592	0.397592	0	0	0	0	
239	0.140493	0.12149	0.0190027	7.65198e-07	0.62664	0.541879	0.0847577	3.413e-06	7.87067e-07	3.51054e-06	
240	0.0922771	0.0903136	0.00196353	0	0.411581	0.402824	0.0087579	0	0	0	
241	0.136789	0.118125	0.0186526	1.03882e-05	0.610117	0.526874	0.0831962	4.63343e-05	1.05444e-05	4.70312e-05	
242	0.0860461	0.0852362	0.000809859	0	0.383789	0.380177	0.0036122	0	0	0	
243	0.0857999	0.0857999	0	0	0.382691	0.382691	0	0	0	0	
244	0.0884961	0.0884961	0	0	0.394717	0.394717	0	0	0	0	
245	0.122271	0.094877	0.027014	0.000380795	0.545366	0.423178	0.12049	0.00169845	0.00043371	0.00193447	
246	0.101893	0.0892981	0.0125952	0	0.454473	0.398294	0.0561781	0	0	0	
247	0.110959	0.106899	0.0040468	1.3752e-05	0.494912	0.476801	0.0180498	6.13382e-05	1.39066e-05	6.20276e-05	
248	0.0833745	0.0833745	0	0	0.371873	0.371873	0	0	0	0	
249	0.0718023	0.0698238	0.00197447	4.07296e-06	0.320258	0.311433	0.0088067	1.81665e-05	4.05395e-06	1.80817e-05	
250	0.0688482	0.0664767	0.00235272	1.88316e-05	0.307082	0.296504	0.0104938	8.39943e-05	1.89746e-05	8.46321e-05	
251	0.122298	0.108989	0.0132738	3.49749e-05	0.545484	0.486123	0.0592049	0.000155998	3.49561e-05	0.000155914	
252	0.0761241	0.0690975	0.00700335	2.31991e-05	0.339534	0.308194	0.0312369	0.000103474	2.46932e-05	0.000110138	
253	0.0976493	0.0975616	8.77633e-05	0	0.435543	0.435152	0.000391449	0	0	0	
254	0.0776837	0.0774669	0.000216821	0	0.346491	0.345524	0.000967086	0	0	0	
255	0.0867313	0.086501	0.000230321	0	0.386846	0.385818	0.00102729	0	0	0	
256	0.0991322	0.0964663	0.00266594	0	0.442157	0.430266	0.0118908	0	0	0	
257	0.0887427	0.0885688	0.000173899	0	0.395817	0.395041	0.000775641	0	0	0	
258	0.10407	0.0959444	0.00806886	5.68205e-05	0.464182	0.427939	0.0359894	0.000253435	6.29589e-05	0.000280814	
259	0.0528161	0.0451511	0.00761643	4.85534e-05	0.235574	0.201386	0.0339714	0.000216561	6.0047e-05	0.000267826	
260	0.0457791	0.0416367	0.00414241	0	0.204187	0.185711	0.0184763	0	0	0	
261	0.110185	0.109581	0.000604489	0	0.491458	0.488762	0.00269619	0	0	0	
262	0.113886	0.110813	0.00307324	0	0.507966	0.494259	0.0137075	0	0	0	
263	0.0577898	0.0436472	0.0141139	2.86171e-05	0.257758	0.194678	0.0629523	0.00012764	4.54517e-05	0.000202727	
264	0.187961	0.1396	0.0477726	0.000588593	0.838361	0.622657	0.213079	0.00262529	0.000900506	0.00401651	
265	0.0504147	0.0432452	0.00716951	0	0.224863	0.192885	0.031978	0	0	0	
266	0.0851226	0.0832023	0.00191669	3.59402e-06	0.37967	0.371105	0.00854901	1.60303e-05	3.57502e-06	1.59456e-05	
267	0.0495793	0.0454369	0.00414241	0	0.221138	0.202661	0.0184763	0	0	0	
268	0.0849588	0.0849588	0	0	0.37894	0.37894	0	0	0	0	
269	0.206347	0.204264	0.00208302	6.68739e-07	0.920369	0.911075	0.00929085	2.98276e-06	7.21705e-07	3.219e-06	
270	0.107326	0.10705	0.000276371	0	0.478707	0.477474	0.00123269	0	0	0	
271	0.0843569	0.0843569	0	0	0.376255	0.376255	0	0	0	0	
272	0.104332	0.103349	0.000982837	0	0.465353	0.460969	0.00438373	0	0	0	
273	0.109922	0.0913507	0.0185361	3.53932e-05	0.490284	0.40745	0.0826762	0.000157863	4.94599e-05	0.000220605	
274	0.101536	0.0939824	0.00755319	1.13357e-06	0.452882	0.419188	0.0336893	5.05606e-06	1.11868e-06	4.98962e-06	
275	0.12075	0.11084	0.00981094	9.86788e-05	0.53858	0.49438	0.0437595	0.000440135	0.000100196	0.000446902	
276	0.0896181	0.0894809	0.000137164	0	0.399722	0.39911	0.00061179	0	0	0	
277	0.104262	0.103685	0.000577474	6.00891e-08	0.465041	0.462465	0.00257569	2.68014e-07	4.1023e-08	1.82974e-07	
278	0.178863	0.147453	0.031323	8.5952e-05	0.797779	0.657686	0.139709	0.00038337	0.000179934	0.000802559	
279	0.082378	0.0767599	0.0056181	0	0.367429	0.34237	0.0250583	0	0	0	
280	0.137319	0.120936	0.0163834	4.09788e-08	0.612484	0.539409	0.0730748	1.82777e-07	5.71835e-08	2.55054e-07	
281	0.11669	0.0947712	0.0218452	7.38442e-05	0.520471	0.422706	0.097436	0.000329366	9.76302e-05	0.000435458	
282	0.0847289	0.0809336	0.00379526	0	0.377914	0.360986	0.0169279	0	0	0	
283	0.098649	0.0908012	0.0078265	2.12637e-05	0.440002	0.404999	0.0349084	9.48422e-05	3.35287e-05	0.000149547	
284	0.134666	0.110209	0.0244254	3.09341e-05	0.600649	0.491567	0.108944	0.000137974	3.86631e-05	0.000172448	
285	0.102949	0.0869111	0.0160387	0	0.459185	0.387648	0.0715373	0	0	0	
286	0.12072	0.0817751	0.0389196	2.56032e-05	0.538446	0.36474	0.173592	0.000114197	4.93677e-05	0.000220193	
287	0.0809336	0.0651425	0.015761	3.00865e-05	0.360986	0.290554	0.0702985	0.000134194	3.29492e-05	0.000146962	
288	0.211831	0.139972	0.0705559	0.00130286	0.944827	0.624317	0.314699	0.00581116	0.00171217	0.00763679	
289	0.0666505	0.0653871	0.00125922	4.21853e-06	0.29728	0.291645	0.00561649	1.88158e-05	4.19947e-06	1.87308e-05	
290	0.0693082	0.0687329	0.000575348	0	0.309134	0.306568	0.00256621	0	0	0	
291	0.181684	0.136659	0.0449481	7.76466e-05	0.810365	0.609537	0.200481	0.000346326	9.29225e-05	0.00041446	
292	0.135556	0.116231	0.0192839	4.15968e-05	0.60462	0.518423	0.0860117	0.000185533	6.52978e-05	0.000291246	
293	0.0673289	0.0473922	0.0199367	0	0.300306	0.211382	0.0889234	0	0	0	
294	0.065425	0.060767	0.00464636	1.15913e-05	0.291813	0.271038	0.020724	5.17008e-05	2.79363e-05	0.000124604	
295	0.177834	0.151593	0.0261464	9.51771e-05	0.793192	0.676147	0.11662	0.000424516	0.000182288	0.000813058	
296	0.117898	0.117859	3.87804e-05	0	0.525861	0.525688	0.000172971	0	0	0	
297	0.171703	0.146038	0.025634	3.0052e-05	0.765843	0.651374	0.114335	0.00013404	5.85033e-05	0.000260941	
298	0.103572	0.0904988	0.0129942	7.96055e-05	0.461963	0.40365	0.0579578	0.000355063	9.68271e-05	0.000431876	
299	0.0919773	0.0791224	0.0128478	7.06196e-06	0.410244	0.352908	0.0573052	3.14983e-05	7.14191e-06	3.18549e-05	
300	0.0773208	0.0764606	0.000860133	0	0.344872	0.341036	0.00383643	0	0	0	
301	0.0644539	0.0620073	0.00243602	1.06038e-05	0.287482	0.27657	0.0108653	4.72963e-05	1.14153e-05	5.09156e-05	
302	0.0737701	0.0690914	0.00466789	1.08371e-05	0.329035	0.308167	0.0208201	4.83368e-05	2.06133e-05	9.19412e-05	
303	0.127278	0.105419	0.0217704	8.80071e-05	0.567696	0.470201	0.0971023	0.000392536	0.000122819	0.000547809	
304	0.0950953	0.0950953	0	0	0.424151	0.424151	0	0	0	0	
305	0.0508896	0.0411199	0.0097449	2.47595e-05	0.226981	0.183406	0.043465	0.000110434	2.8864e-05	0.000128741	
306	0.0635572	0.0527382	0.0108103	8.65948e-06	0.283483	0.235227	0.0482171	3.86237e-05	8.65046e-06	3.85834e-05	
307	0.0909839	0.0869816	0.00400232	0	0.405814	0.387962	0.0178514	0	0	0	
308	0.0910445	0.0752484	0.0157961	0	0.406084	0.335629	0.0704551	0	0	0	
309	0.120789	0.110359	0.0103573	7.2138e-05	0.538754	0.492235	0.0461966	0.000321755	7.26696e-05	0.000324126	
310	0.147372	0.142812	0.00455617	3.42973e-06	0.657322	0.636985	0.0203218	1.52975e-05	3.90179e-06	1.74031e-05	
311	0.0769324	0.0736732	0.00325125	7.9444e-06	0.34314	0.328603	0.0145015	3.54342e-05	1.05523e-05	4.70664e-05	
312	0.146527	0.0954903	0.050522	0.000514822	0.653552	0.425913	0.225342	0.00229625	0.000692335	0.00308801	
313	0.102973	0.0930885	0.00985919	2.54818e-05	0.459289	0.415201	0.0439747	0.000113656	2.54706e-05	0.000113606	
314	0.0794016	0.0769958	0.00240566	1.25268e-07	0.354153	0.343423	0.0107299	5.58732e-07	1.06289e-07	4.7408e-07	
315	0.103222	0.0946305	0.00858814	4.28821e-06	0.460403	0.422078	0.0383055	1.91266e-05	4.32314e-06	1.92824e-05	
316	0.0747169	0.0703471	0.00436983	0	0.333258	0.313767	0.0194906	0	0	0	
317	0.119607	0.0764864	0.043071	5.02417e-05	0.533483	0.341151	0.192108	0.000224092	5.82897e-05	0.000259988	
318	0.180951	0.121832	0.0591187	0	0.807094	0.543408	0.263686	0	0	0	
319	0.238068	0.143064	0.0916549	0.00334905	1.06185	0.638109	0.408806	0.0149377	0.00398162	0.0177591	
320	0.0831304	0.0758191	0.00726987	4.14968e-05	0.370785	0.338174	0.0324256	0.000185087	5.11484e-05	0.000228136	
321	0.137687	0.0984554	0.0388137	0.000418291	0.614125	0.439138	0.17312	0.00186569	0.000508008	0.00226586	
322	0.13628	0.0785214	0.0574416	0.000317166	0.607848	0.350227	0.256206	0.00141465	0.00047534	0.00212015	
323	0.0957249	0.0945268	0.00119812	0	0.42696	0.421616	0.00534397	0	0	0	
324	0.126161	0.124765	0.00139636	0	0.562716	0.556488	0.00622818	0	0	0	
325	0.090991	0.089918	0.00107304	0	0.405845	0.401059	0.00478609	0	0	0	
326	0.0735449	0.0708282	0.00271671	0	0.328031	0.315913	0.0121172	0	0	0	
327	0.0776823	0.0748827	0.00279959	0	0.346484	0.333998	0.0124869	0	0	0	
328	0.0906783	0.0904059	0.000272444	0	0.40445	0.403235	0.00121517	0	0	0	
329	0.096372	0.0911639	0.0051949	1.3202e-05	0.429846	0.406616	0.0231707	5.88846e-05	1.80118e-05	8.03379e-05	
330	0.145166	0.0879826	0.0554102	0.00177397	0.647484	0.392427	0.247145	0.00791244	0.00202772	0.0090442	
331	0.129943	0.116465	0.0134639	1.39638e-05	0.579582	0.519467	0.0600528	6.22828e-05	2.74603e-05	0.000122481	
332	0.106646	0.0960397	0.0105838	2.26983e-05	0.475672	0.428364	0.0472069	0.00010124	4.58085e-05	0.000204318	
333	0.124487	0.0981117	0.0262906	8.48026e-05	0.555247	0.437605	0.117263	0.000378243	9.75337e-05	0.000435027	
334	0.139487	0.0881243	0.0510463	0.000316595	0.622152	0.393059	0.227681	0.0014121	0.000479287	0.00213775	
335	0.0840568	0.080176	0.00388082	0	0.374917	0.357607	0.0173095	0	0	0	
336	0.105402	0.0891262	0.0161934	8.32648e-05	0.470126	0.397527	0.0722272	0.000371384	0.000102278	0.000456188	
337	0.119164	0.111433	0.00772224	9.62685e-06	0.531509	0.497022	0.0344433	4.29384e-05	1.12105e-05	5.00023e-05	
338	0.122231	0.101325	0.0207767	0.000129613	0.545188	0.451939	0.0926703	0.000578111	0.000258186	0.00115158	
339	0.0863974	0.0767703	0.00957362	5.35206e-05	0.385356	0.342417	0.042701	0.000238717	6.5361e-05	0.000291528	
340	0.101267	0.0832793	0.0178356	0.000152216	0.451679	0.371449	0.0795519	0.000678927	0.000212994	0.000950014	
341	0.105145	0.103965	0.00117981	0	0.468976	0.463714	0.00526232	0	0	0	
342	0.111636	0.0751338	0.0364114	9.09661e-05	0.497928	0.335117	0.162405	0.000405734	0.000134338	0.000599187	
343	0.147046	0.0879404	0.0568972	0.00220856	0.655867	0.392238	0.253777	0.0098508	0.00431608	0.0192509	
344	0.0831603	0.082211	0.000949236	1.45125e-07	0.370918	0.366684	0.00423386	6.473e-07	7.98631e-07	3.56211e-06	
345	0.129639	0.0947768	0.0345439	0.000319191	0.57823	0.422731	0.154075	0.00142368	0.00034485	0.00153813	
346	0.137373	0.097952	0.0389776	0.000443742	0.612724	0.436893	0.173851	0.00197921	0.000686433	0.00306168	
347	0.0984837	0.0752528	0.023054	0.000176847	0.439265	0.335648	0.102827	0.000788791	0.000207521	0.000925602	
348	0.101601	0.0834719	0.0180545	7.49997e-05	0.453171	0.372308	0.0805285	0.00033452	9.4158e-05	0.000419971	
349	0.0798354	0.0719836	0.00784576	6.07738e-06	0.356088	0.321067	0.0349943	2.71068e-05	9.58815e-06	4.27658e-05	
350	0.132671	0.0758591	0.0559119	0.000900725	0.591753	0.338353	0.249383	0.00401748	0.00110043	0.00490824	
351	0.148857	0.0934156	0.0552198	0.00022168	0.663944	0.41666	0.246295	0.000988758	0.000456004	0.0020339	
352	0.136571	0.0814938	0.054896	0.000181223	0.609145	0.363485	0.244851	0.000808307	0.000313914	0.00140014	
353	0.0861236	0.0777252	0.00838233	1.60991e-05	0.384135	0.346676	0.0373875	7.18068e-05	2.34495e-05	0.000104591	
354	0.0877994	0.0789384	0.00883155	2.94898e-05	0.39161	0.352087	0.0393912	0.000131533	3.63945e-05	0.00016233	
355	0.0848969	0.0831819	0.0017143	7.25107e-07	0.378664	0.371014	0.00764629	3.23418e-06	7.28394e-07	3.24884e-06	
356	0.122314	0.108478	0.0137908	4.55855e-05	0.545558	0.483844	0.0615111	0.000203324	4.77457e-05	0.000212959	
357	0.209189	0.107674	0.0949658	0.0065484	0.933041	0.480259	0.423574	0.0292077	0.00835872	0.0372822	
358	0.160106	0.0975179	0.0612953	0.00129365	0.714121	0.434957	0.273394	0.00577004	0.001896	0.00845669	
359	0.103246	0.07792	0.0250772	0.000248917	0.460507	0.347545	0.111851	0.00111024	0.000273623	0.00122043	
360	0.100684	0.0962806	0.0044032	2.07443e-07	0.449079	0.429438	0.0196395	9.25254e-07	2.75507e-07	1.22884e-06	
361	0.0468245	0.0468245	0	0	0.20885	0.20885	0	0	0	0	
362	0.102297	0.08675	0.0154054	0.000141792	0.456274	0.386929	0.0687128	0.000632436	0.000147569	0.000658199	
363	0.048906	0.048906	0	0	0.218134	0.218134	0	0	0	0	
364	0.127886	0.11298	0.0148984	7.76464e-06	0.570409	0.503923	0.0664514	3.46324e-05	5.93447e-05	0.000264694	
365	0.0815922	0.0789251	0.00265699	1.01431e-05	0.363924	0.352028	0.0118509	4.52413e-05	1.10267e-05	4.91824e-05	
366	0.108327	0.0911123	0.0171479	6.71932e-05	0.48317	0.406386	0.0764846	0.0002997	8.72045e-05	0.000388956	
367	0.123084	0.104598	0.0184069	7.93315e-05	0.548992	0.466538	0.0821	0.000353841	0.000128569	0.000573456	
368	0.082561	0.0752669	0.0072295	6.45794e-05	0.368245	0.335711	0.0322456	0.000288042	6.64654e-05	0.000296454	
369	0.0827616	0.0797725	0.00298482	4.23474e-06	0.36914	0.355808	0.0133131	1.88881e-05	6.99791e-06	3.12126e-05	
370	0.109015	0.0910293	0.0178374	0.000148552	0.486239	0.406016	0.0795601	0.000662586	0.000177034	0.000789625	
371	0.123813	0.0787957	0.0449134	0.000104503	0.552243	0.35145	0.200326	0.000466113	0.00011837	0.000527967	
372	0.10416	0.0785192	0.0255676	7.40406e-05	0.464586	0.350217	0.114038	0.000330242	0.000100253	0.00044716	
373	0.0830321	0.0786736	0.00435848	4.94912e-08	0.370346	0.350906	0.01944	2.20744e-07	3.41249e-08	1.52206e-07	
374	0.209622	0.103235	0.0935351	0.012852	0.934976	0.460459	0.417193	0.0573239	0.0199322	0.0889036	
375	0.140227	0.126278	0.0138285	0.000119893	0.625451	0.563238	0.061679	0.00053476	0.00012131	0.000541077	
376	0.0995629	0.0982193	0.0013432	3.74878e-07	0.444078	0.438086	0.00599108	1.67206e-06	6.24464e-07	2.78528e-06	
377	0.10807	0.0993952	0.00861796	5.72687e-05	0.482024	0.44333	0.0384385	0.000255434	6.51746e-05	0.000290697	
378	0.130344	0.10299	0.0272334	0.000120851	0.581372	0.459365	0.121468	0.000539033	0.000144164	0.000643012	
379	0.0976249	0.0761872	0.021437	6.46691e-07	0.435434	0.339816	0.0956153	2.88442e-06	1.17993e-06	5.26285e-06	
380	0.110748	0.0818395	0.0288757	3.31377e-05	0.493969	0.365027	0.128794	0.000147803	8.77002e-05	0.000391167	
381	0.0926801	0.0792386	0.0133962	4.5303e-05	0.413379	0.353426	0.0597508	0.000202064	7.65725e-05	0.000341535	
382	0.104482	0.103306	0.0011756	1.83393e-07	0.46602	0.460776	0.00524351	8.17987e-07	2.02748e-07	9.04315e-07	
383	0.0789941	0.0753822	0.00361186	0	0.352336	0.336226	0.0161099	0	0	0	
384	0.0912914	0.08975	0.00154137	0	0.407185	0.40031	0.00687496	0	0	0	
385	0.133018	0.106563	0.025867	0.000587193	0.593298	0.475305	0.115374	0.00261904	0.000727475	0.00324474	
386	0.0965041	0.0790442	0.0172488	0.000211092	0.430435	0.352559	0.0769348	0.000941532	0.000321645	0.00143463	
387	0.0921898	0.0836148	0.00841422	0.000160762	0.411192	0.372945	0.0375298	0.000717045	0.000161342	0.000719633	
388	0.0840339	0.0764193	0.007592	2.26501e-05	0.374814	0.340851	0.0338624	0.000101026	2.2631e-05	0.000100941	
389	0.146013	0.11037	0.0356389	4.71134e-06	0.651262	0.492282	0.158959	2.10139e-05	4.70893e-06	2.10031e-05	
390	0.0802633	0.0738248	0.00642141	1.71326e-05	0.357997	0.329279	0.0286413	7.64166e-05	2.71746e-05	0.000121206	
391	0.0955397	0.0906055	0.0049283	5.94215e-06	0.426134	0.404126	0.0219816	2.65036e-05	6.28956e-06	2.80532e-05	
392	0.102018	0.0494847	0.0518941	0.000639723	0.455031	0.220715	0.231462	0.00285334	0.000756138	0.00337258	
393	0.0857119	0.0803233	0.00538855	0	0.382299	0.358264	0.0240344	0	0	0	
394	0.096545	0.091971	0.00457403	0	0.430618	0.410216	0.0204014	0	0	0	
395	0.153472	0.137307	0.0161624	2.54872e-06	0.68453	0.61243	0.0720892	1.1368e-05	2.95776e-05	0.000131924	
396	0.109569	0.0587327	0.0508371	0	0.488712	0.261964	0.226748	0	0	0	
397	0.13431	0.100616	0.0332627	0.000431277	0.599064	0.448779	0.148361	0.00192361	0.000561872	0.0025061	
398	0.0906383	0.0905355	0.000102795	0	0.404272	0.403813	0.000458496	0	0	0	
399	0.0785758	0.077984	0.000591599	2.77559e-07	0.35047	0.34783	0.00263869	1.23799e-06	6.01804e-07	2.68421e-06	
400	0.144123	0.128172	0.0159507	0	0.642829	0.571684	0.0711447	0	0	0	
401	0.102468	0.0999425	0.00252606	0	0.457038	0.445771	0.0112669	0	0	0	
402	0.105609	0.0828322	0.0227773	0	0.471048	0.369455	0.101593	0	0	0	
403	0.109486	0.0882124	0.021269	4.85462e-06	0.488339	0.393452	0.0948657	2.16529e-05	7.06964e-06	3.15326e-05	
404	0.109394	0.0981073	0.011287	0	0.487929	0.437586	0.0503435	0	0	0	
405	0.10662	0.106476	0.000143828	0	0.475557	0.474916	0.000641514	0	0	0	
406	0.213584	0.175727	0.0378449	1.25126e-05	0.952648	0.783793	0.168799	5.58097e-05	3.00869e-05	0.000134196	
407	0.118578	0.084926	0.0335125	0.000140451	0.528895	0.378793	0.149475	0.000626451	0.000194102	0.000865749	
408	0.1289	0.126829	0.00207104	0	0.57493	0.565693	0.00923742	0	0	0	
409	0.0928182	0.0913957	0.00142248	0	0.413995	0.40765	0.00634468	0	0	0	
410	0.112221	0.0873781	0.0246043	0.000239248	0.50054	0.389731	0.109742	0.00106711	0.000245255	0.0010939	
411	0.133468	0.116769	0.0166986	0	0.595305	0.520825	0.0744807	0	0	0	
412	0.148741	0.121646	0.0270842	1.09788e-05	0.663427	0.542575	0.120803	4.89686e-05	1.50459e-05	6.71089e-05	
413	0.0944065	0.0911813	0.00322269	2.55202e-06	0.421079	0.406694	0.0143741	1.13827e-05	2.91626e-06	1.30073e-05	
414	0.148797	0.112115	0.0365312	0.000150581	0.663679	0.500068	0.162939	0.000671635	0.000160681	0.000716685	
415	0.0936452	0.0916058	0.00203935	0	0.417683	0.408587	0.00909608	0	0	0	
416	0.130048	0.105703	0.0243449	0	0.580051	0.471466	0.108585	0	0	0	
417	0.106691	0.0954044	0.011287	0	0.475874	0.42553	0.0503435	0	0	0	
418	0.0833103	0.0766388	0.00667154	0	0.371587	0.34183	0.0297569	0	0	0	
419	0.136663	0.101755	0.034901	7.03357e-06	0.609556	0.453856	0.155668	3.13717e-05	1.7269e-05	7.70249e-05	
420	0.0836461	0.0834479	0.000198128	0	0.373085	0.372201	0.00088371	0	0	0	
421	0.0884523	0.0858376	0.00261472	0	0.394522	0.382859	0.0116624	0	0	0	
422	0.106909	0.080748	0.0259608	0.00020017	0.476844	0.360158	0.115792	0.000892816	0.000204556	0.000912378	
423	0.0642869	0.0558175	0.0084694	0	0.286738	0.248962	0.0377759	0	0	0	
424	0.110454	0.110227	0.000227694	0	0.492659	0.491644	0.00101558	0	0	0	
425	0.0771261	0.06936	0.00768462	8.1471e-05	0.344004	0.309365	0.0342755	0.000363383	8.32967e-05	0.000371527	
426	0.113734	0.108733	0.00499648	4.31792e-06	0.507288	0.484983	0.0222857	1.92591e-05	5.5219e-06	2.46292e-05	
427	0.0920407	0.0902236	0.00181262	4.48849e-06	0.410527	0.402422	0.00808481	2.00199e-05	4.60897e-06	2.05573e-05	
428	0.0956523	0.0937888	0.00186157	1.90704e-06	0.426636	0.418324	0.00830312	8.50594e-06	2.43875e-06	1.08775e-05	
429	0.122937	0.0879807	0.0349566	0	0.548335	0.392418	0.155916	0	0	0	
430	0.224215	0.211793	0.0124211	7.28068e-07	1.00006	0.944658	0.055402	3.24738e-06	1.10137e-06	4.91242e-06	
431	0.175845	0.165883	0.00996193	0	0.784319	0.739886	0.044433	0	0	0	
432	0.133454	0.111874	0.0215506	2.95308e-05	0.595246	0.498992	0.0961219	0.000131715	3.1691e-05	0.000141351	
433	0.10895	0.0983064	0.0105624	8.14653e-05	0.485949	0.438474	0.0471116	0.000363358	8.60799e-05	0.00038394	
434	0.0875829	0.0803713	0.00721153	0	0.390644	0.358478	0.0321654	0	0	0	
435	0.199166	0.151697	0.0473733	9.57525e-05	0.888337	0.676611	0.211298	0.000427083	0.000150498	0.000671264	
436	0.127001	0.0859319	0.040799	0.00027073	0.566463	0.38328	0.181975	0.00120753	0.000334958	0.00149401	
437	0.140015	0.0859812	0.0529364	0.00109756	0.624507	0.3835	0.236111	0.00489545	0.00149563	0.00667093	
438	0.176918	0.130124	0.0462039	0.000589441	0.789104	0.580392	0.206082	0.00262907	0.000651568	0.00290617	
439	0.137728	0.126805	0.0108914	3.16538e-05	0.614307	0.565588	0.0485787	0.000141185	5.18574e-05	0.000231298	
440	0.0821589	0.0799844	0.00216974	4.73591e-06	0.366451	0.356753	0.00967769	2.11235e-05	5.15117e-06	2.29756e-05	
441	0.0699006	0.0674977	0.00240297	0	0.311776	0.301058	0.0107179	0	0	0	
442	0.142679	0.0947363	0.045475	0.00246806	0.63639	0.42255	0.202831	0.0110082	0.00311693	0.0139024	
443	0.171753	0.137673	0.0337701	0.000309411	0.766067	0.614062	0.150624	0.00138006	0.000546109	0.0024358	
444	0.136564	0.107739	0.0287931	3.19713e-05	0.609114	0.480546	0.128425	0.000142601	7.37257e-05	0.000328837	
445	0.107114	0.0880402	0.0189997	7.46841e-05	0.477761	0.392684	0.0847442	0.000333112	0.00011272	0.000502763	
446	0.145607	0.0905287	0.0549172	0.000161379	0.649449	0.403783	0.244946	0.000719796	0.000380166	0.00169565	
447	0.158029	0.121737	0.0362916	0	0.704854	0.542984	0.16187	0	0	0	
448	0.0444858	0.0374802	0.00700557	0	0.198419	0.167172	0.0312468	0	0	0	
449	0.263679	0.153898	0.109468	0.000312661	1.17608	0.686431	0.488259	0.00139455	0.000465051	0.00207425	
450	0.0865756	0.0792728	0.00730278	0	0.386151	0.353579	0.0325724	0	0	0	
451	0.131786	0.119987	0.0117916	7.42979e-06	0.587803	0.535176	0.0525938	3.31389e-05	8.28985e-06	3.6975e-05	
452	0.173985	0.099854	0.071923	0.00220801	0.776022	0.445377	0.320796	0.00984836	0.00256715	0.0114502	
453	0.108569	0.0953852	0.0131455	3.88472e-05	0.484251	0.425444	0.0586328	0.000173269	4.65329e-05	0.00020755	
454	0.127858	0.088989	0.038869	0	0.570283	0.396916	0.173366	0	0	0	
455	0.158247	0.104861	0.0529074	0.000479149	0.70583	0.46771	0.235982	0.00213714	0.000591201	0.00263692	
456	0.146343	0.111669	0.0343461	0.000327961	0.652733	0.498076	0.153193	0.00146279	0.000501598	0.00223727	
457	0.123547	0.100356	0.0231909	9.12187e-08	0.551057	0.447619	0.103438	4.06861e-07	1.63336e-07	7.28528e-07	
458	0.0931016	0.0787744	0.0143271	0	0.415259	0.351356	0.0639032	0	0	0	
459	0.103327	0.0887347	0.0145897	3.09914e-06	0.46087	0.395781	0.0650744	1.3823e-05	5.61944e-06	2.50643e-05	
460	0.149467	0.0851964	0.0642714	0	0.666668	0.38	0.286668	0	0	0	
461	0.156244	0.0853683	0.0707466	0.000129512	0.696894	0.380766	0.315549	0.000577664	0.000351842	0.00156931	
462	0.119744	0.0998082	0.0198766	6.00593e-05	0.534096	0.445172	0.0886556	0.000267881	8.79036e-05	0.000392074	
463	0.129489	0.119273	0.0102165	0	0.577561	0.531992	0.0455686	0	0	0	
464	0.080894	0.0688606	0.0119942	3.92793e-05	0.36081	0.307137	0.0534975	0.000175196	4.42367e-05	0.000197308	
465	0.0860037	0.0825281	0.00347559	0	0.3836	0.368098	0.0155021	0	0	0	
466	0.176836	0.109733	0.0665978	0.000505375	0.78874	0.489441	0.297045	0.00225411	0.000813601	0.00362889	
467	0.109707	0.0796307	0.0296529	0.000423353	0.489324	0.355175	0.13226	0.00188827	0.000871958	0.00388918	
468	0.107996	0.101361	0.00663485	7.04065e-08	0.481694	0.452101	0.0295933	3.14033e-07	1.29016e-07	5.75451e-07	
469	0.0766496	0.0766496	0	0	0.341879	0.341879	0	0	0	0	
470	0.102341	0.0947525	0.00757998	8.54187e-06	0.456469	0.422623	0.0338088	3.80991e-05	9.52884e-06	4.25013e-05	
471	0.119243	0.0788898	0.0403536	0	0.531859	0.351871	0.179988	0	0	0	
472	0.134587	0.0890228	0.0435071	0.00205778	0.600299	0.397067	0.194054	0.00917828	0.00465418	0.0207589	
473	0.159533	0.0990214	0.0582331	0.00227927	0.711566	0.441663	0.259736	0.0101662	0.00365388	0.0162973	
474	0.106213	0.076819	0.0293941	0	0.47374	0.342634	0.131106	0	0	0	
475	0.130874	0.113068	0.0177999	6.81733e-06	0.583738	0.504315	0.0793927	3.04072e-05	1.12351e-05	5.01119e-05	
476	0.158933	0.112508	0.0464255	0	0.708888	0.501817	0.20707	0	0	0	
477	0.122658	0.09684	0.025752	6.62206e-05	0.54709	0.431933	0.114861	0.000295362	0.000264506	0.00117977	
478	0.0936858	0.0787613	0.0148853	3.91497e-05	0.417864	0.351297	0.0663928	0.000174618	6.51523e-05	0.000290597	
479	0.1056	0.0975248	0.00796794	0.000107301	0.471006	0.434988	0.0355392	0.000478595	0.000107286	0.000478527	
480	0.123728	0.0974219	0.0262808	2.52249e-05	0.551861	0.434529	0.117219	0.00011251	6.08626e-05	0.000271464	
481	0.0855114	0.0757597	0.00974991	1.76583e-06	0.381405	0.337909	0.0434873	7.87611e-06	2.93905e-06	1.3109e-05	
482	0.138916	0.10559	0.0332659	6.00438e-05	0.619605	0.470961	0.148375	0.000267812	7.11782e-05	0.000317475	
483	0.108025	0.0923039	0.0157212	0	0.481822	0.411701	0.0701213	0	0	0	
484	0.180619	0.116444	0.0632297	0.000945308	0.805615	0.519376	0.282022	0.00421634	0.00119518	0.00533086	
485	0.117994	0.0946765	0.0232705	4.74689e-05	0.526288	0.422283	0.103793	0.000211724	9.0065e-05	0.000401715	
486	0.0842293	0.0797606	0.00446828	3.72129e-07	0.375686	0.355754	0.0199297	1.6598e-06	7.80589e-07	3.48164e-06	
487	0.104918	0.0994965	0.00542248	0	0.467968	0.443782	0.0241857	0	0	0	
488	0.145065	0.0952088	0.0490559	0.00080069	0.647032	0.424658	0.218803	0.0035713	0.00111837	0.00498826	
489	0.146898	0.0978581	0.0490343	6.19491e-06	0.655209	0.436474	0.218707	2.7631e-05	1.28488e-05	5.73094e-05	
490	0.0932988	0.0904735	0.00282532	0	0.416138	0.403537	0.0126017	0	0	0	
491	0.0934986	0.078023	0.0154613	1.4336e-05	0.41703	0.348004	0.0689618	6.39428e-05	2.1557e-05	9.61504e-05	
492	0.138142	0.0966954	0.041034	0.000412804	0.616153	0.431289	0.183023	0.00184122	0.000665041	0.00296627	
493	0.191018	0.111327	0.0795359	0.000154827	0.851996	0.496553	0.354752	0.000690573	0.000200763	0.000895463	
494	0.196392	0.116709	0.0795194	0.00016332	0.875963	0.520556	0.354679	0.000728454	0.000253544	0.00113087	
495	0.0903012	0.0836357	0.00666551	0	0.402768	0.373038	0.02973	0	0	0	
496	0.104152	0.0894113	0.0144251	0.000316323	0.46455	0.398799	0.06434	0.00141089	0.000316304	0.0014108	
497	0.11858	0.0772962	0.041112	0.000171782	0.5289	0.344762	0.183371	0.000766197	0.000263722	0.00117627	
498	0.170994	0.133061	0.0379252	8.16662e-06	0.762684	0.59349	0.169157	3.64254e-05	1.83763e-05	8.19636e-05	
499	0.15932	0.157406	0.00191279	9.27985e-07	0.710612	0.702076	0.00853159	4.13907e-06	9.36356e-07	4.17641e-06	
500	0.145916	0.0804561	0.0653805	8.01979e-05	0.65083	0.358857	0.291615	0.000357705	0.000206761	0.000922215	
501	0.160783	0.108035	0.0525101	0.000238423	0.71714	0.481866	0.23421	0.00106343	0.000361269	0.00161136	
502	0.0922012	0.0905958	0.00160531	0	0.411243	0.404083	0.00716015	0	0	0	
503	0.112252	0.102612	0.00963159	8.44327e-06	0.500675	0.457678	0.0429596	3.76593e-05	8.42415e-06	3.7574e-05	
504	0.132206	0.118887	0.0130811	0.000237652	0.589676	0.53027	0.0583457	0.00105999	0.000248843	0.00110991	
505	0.0750471	0.0683998	0.00664667	5.68034e-07	0.334731	0.305082	0.029646	2.53359e-06	6.33671e-07	2.82635e-06	
506	0.149546	0.0974175	0.0505908	0.0015385	0.66702	0.434509	0.225649	0.00686217	0.00238724	0.0106477	
507	0.192401	0.157363	0.0348571	0.000181752	0.858166	0.701883	0.155472	0.000810666	0.000190835	0.000851179	
508	0.0933301	0.0876825	0.00564759	0	0.416278	0.391088	0.0251898	0	0	0	
509	0.0944241	0.0868331	0.00757268	1.83191e-05	0.421158	0.3873	0.0337762	8.17087e-05	1.92722e-05	8.59594e-05	
510	0.143859	0.104878	0.0385245	0.00045637	0.641654	0.467789	0.17183	0.00203554	0.000520639	0.00232219	
511	0.0833182	0.0748438	0.0084528	2.1582e-05	0.371622	0.333824	0.0377018	9.62618e-05	2.56528e-05	0.000114419	
512	0.176139	0.0879722	0.0873771	0.000790603	0.785633	0.39238	0.389726	0.00352631	0.0010159	0.00453123	
513	0.114336	0.0907663	0.0235251	4.44985e-05	0.50997	0.404843	0.104928	0.000198476	9.30516e-05	0.000415036	
514	0.242865	0.127924	0.112431	0.002509	1.08324	0.570579	0.501476	0.0111908	0.00352482	0.0157217	
515	0.0664774	0.0563601	0.0101172	0	0.296508	0.251382	0.0451257	0	0	0	
516	0.100212	0.088132	0.0120245	5.56337e-05	0.446974	0.393093	0.0536328	0.000248142	7.76403e-05	0.000346297	
517	0.0856506	0.0813831	0.00426753	0	0.382025	0.362991	0.0190344	0	0	0	
518	0.177038	0.155177	0.0218612	0	0.78964	0.692133	0.0975072	0	0	0	
519	0.0735103	0.0419284	0.031537	4.49158e-05	0.327876	0.187012	0.140664	0.000200337	9.15868e-05	0.000408502	
520	0.160869	0.121841	0.0385568	0.000470775	0.717522	0.543448	0.171974	0.00209979	0.000698581	0.00311586	
521	0.272945	0.109404	0.161691	0.001849	1.21741	0.487975	0.721191	0.00824706	0.00271984	0.0121312	
522	0.183581	0.0780175	0.104714	0.000848739	0.818823	0.34798	0.467057	0.00378561	0.00126849	0.00565786	
523	0.0902327	0.0758908	0.0143121	2.97816e-05	0.402463	0.338494	0.0638361	0.000132834	3.25093e-05	0.000145	
524	0.153593	0.105546	0.0475307	0.000516145	0.685071	0.470768	0.212	0.00230215	0.000772409	0.00344516	
525	0.150433	0.0993688	0.0507307	0.000333985	0.670976	0.443213	0.226273	0.00148966	0.000534952	0.00238603	
526	0.12155	0.101066	0.020419	6.48154e-05	0.542147	0.450783	0.0910744	0.000289095	8.69263e-05	0.000387715	
527	0.117381	0.0776506	0.0396464	8.4912e-05	0.523556	0.346343	0.176834	0.000378731	0.000139907	0.000624024	
528	0.0875452	0.0801078	0.00743633	1.18268e-06	0.390476	0.357303	0.0331681	5.27509e-06	1.61648e-06	7.20998e-06	
529	0.131101	0.0807717	0.0500384	0.000291795	0.584751	0.360264	0.223185	0.00130149	0.000448765	0.00200161	
530	0.0972796	0.0805394	0.0167203	1.99031e-05	0.433894	0.359228	0.0745772	8.87735e-05	4.18624e-05	0.000186718	
531	0.177396	0.104645	0.072076	0.000675265	0.791239	0.466748	0.321479	0.00301187	0.00102662	0.00457905	
532	0.107836	0.0834749	0.0242432	0.000118658	0.480982	0.372321	0.108131	0.000529252	0.000177527	0.000791823	
533	0.179139	0.117548	0.0609368	0.000654223	0.799014	0.5243	0.271795	0.00291801	0.00118332	0.00527796	
534	0.130182	0.113061	0.0166721	0.000449523	0.580651	0.504283	0.0743625	0.002005	0.0004944	0.00220516	
535	0.0950733	0.0774487	0.017615	9.58731e-06	0.424053	0.345443	0.0785679	4.2762e-05	1.42536e-05	6.35751e-05	
536	0.07179	0.0656916	0.00609045	7.92179e-06	0.320203	0.293003	0.0271651	3.53334e-05	8.1933e-06	3.65444e-05	
537	0.119154	0.0765912	0.0420946	0.000468293	0.531461	0.341618	0.187753	0.00208872	0.000556466	0.00248199	
538	0.126156	0.0802359	0.0455894	0.000331289	0.562694	0.357874	0.203341	0.00147764	0.000911602	0.004066	
539	0.134947	0.0829847	0.0516725	0.00028982	0.601902	0.370135	0.230474	0.00129268	0.000388986	0.00173498	
540	0.0957324	0.0797674	0.0158608	0.000104212	0.426993	0.355785	0.0707436	0.000464817	0.000234309	0.00104508	
541	0.0904031	0.0820244	0.00837216	6.53527e-06	0.403223	0.365852	0.0373421	2.91491e-05	9.02601e-06	4.02585e-05	
542	0.197268	0.149676	0.0474047	0.000187678	0.879873	0.667597	0.211438	0.0008371	0.000311091	0.00138755	
543	0.134788	0.0892242	0.0455595	4.21747e-06	0.601192	0.397965	0.203208	1.88111e-05	2.71418e-05	0.00012106	
544	0.165627	0.126452	0.0391663	9.04934e-06	0.738746	0.564013	0.174692	4.03626e-05	2.27468e-05	0.000101457	
545	0.149746	0.0750452	0.0746501	5.07508e-05	0.667909	0.334722	0.33296	0.000226363	0.00010948	0.000488313	
546	0.134175	0.116345	0.0178255	4.25068e-06	0.598459	0.518933	0.0795069	1.89592e-05	5.15376e-06	2.29872e-05	
547	0.0846573	0.0753462	0.00929043	2.06794e-05	0.377595	0.336065	0.0414379	9.22361e-05	5.10097e-05	0.000227517	
548	0.116573	0.110582	0.00599099	0	0.519949	0.493227	0.0267215	0	0	0	
549	0.143365	0.0848437	0.0571056	0.00141651	0.639451	0.378426	0.254707	0.00631805	0.00191437	0.00853862	
550	0.178215	0.119513	0.0575973	0.00110444	0.79489	0.533063	0.2569	0.00492612	0.00164268	0.00732685	
551	0.0964879	0.096381	0.000106932	0	0.430363	0.429886	0.00047695	0	0	0	
552	0.0856482	0.0724629	0.0131256	5.97483e-05	0.382015	0.323204	0.0585439	0.000266494	9.09397e-05	0.000405616	
553	0.188358	0.182651	0.00569573	1.15187e-05	0.84013	0.814674	0.0254045	5.13767e-05	1.19039e-05	5.3095e-05	
554	0.149167	0.102242	0.0458429	0.00108188	0.665327	0.456029	0.204472	0.0048255	0.00132043	0.00588952	
555	0.104549	0.075002	0.0293382	0.000209382	0.46632	0.33453	0.130856	0.000933904	0.000236407	0.00105444	
556	0.175872	0.149298	0.0265043	6.94307e-05	0.784441	0.665915	0.118216	0.00030968	6.95698e-05	0.000310301	
557	0.0920388	0.0788043	0.0131914	4.30184e-05	0.410519	0.351489	0.0588376	0.000191874	5.98131e-05	0.000266783	
558	0.105049	0.0972443	0.00780249	2.17716e-06	0.468548	0.433737	0.0348013	9.71077e-06	2.15813e-06	9.62586e-06	
559	0.101151	0.0789083	0.0219102	0.000332727	0.451163	0.351953	0.0977257	0.00148405	0.0004863	0.00216903	
560	0.0929752	0.0846563	0.00831328	5.66979e-06	0.414695	0.37759	0.0370795	2.52888e-05	6.44678e-06	2.87544e-05	
561	0.109576	0.0929083	0.0165578	0.000110135	0.488741	0.414397	0.0738527	0.000491235	0.000140784	0.000627939	
562	0.0717428	0.0497458	0.021997	0	0.319993	0.22188	0.098113	0	0	0	
563	0.0977591	0.0786679	0.0190464	4.46799e-05	0.436033	0.350881	0.0849526	0.000199285	8.20598e-05	0.000366009	
564	0.110311	0.0813099	0.0287926	0.000208837	0.492019	0.362665	0.128423	0.000931475	0.000348077	0.00155252	
565	0.100913	0.0848138	0.016066	3.32793e-05	0.450101	0.378293	0.071659	0.000148435	5.33599e-05	0.000238	
566	0.123621	0.103557	0.0199453	0.000118369	0.551386	0.461896	0.088962	0.000527962	0.000134482	0.00059983	
567	0.207005	0.160547	0.04612	0.00033777	0.9233	0.716085	0.205708	0.00150655	0.000395519	0.00176412	
568	0.14659	0.115046	0.0315439	0	0.653833	0.513138	0.140695	0	0	0	
569	0.0757288	0.0757288	0	0	0.337771	0.337771	0	0	0	0	
570	0.138034	0.119541	0.0184105	8.31341e-05	0.615673	0.533186	0.0821161	0.000370801	0.000128002	0.000570925	
571	0.108756	0.0913468	0.0174095	8.94993e-08	0.485084	0.407432	0.0776516	3.99192e-07	2.11312e-07	9.42511e-07	
572	0.112989	0.0974245	0.0155105	5.39301e-05	0.503962	0.43454	0.0691815	0.000240543	0.000129706	0.000578527	
573	0.103773	0.0842166	0.0194883	6.80594e-05	0.462857	0.37563	0.0869235	0.000303564	0.000127188	0.000567297	
574	0.130146	0.079716	0.0498795	0.000550526	0.580488	0.355555	0.222476	0.0024555	0.000913698	0.00407535	
575	0.149002	0.0841569	0.0633588	0.00148708	0.664594	0.375363	0.282598	0.00663282	0.00237717	0.0106028	
576	0.0600077	0.0543906	0.00561706	0	0.267651	0.242597	0.0250537	0	0	0	
577	0.126055	0.112958	0.0130961	1.34593e-07	0.562241	0.503827	0.0584126	6.00322e-07	6.62139e-07	2.95332e-06	
578	0.0989806	0.0888679	0.010102	1.06746e-05	0.441481	0.396375	0.045058	4.7612e-05	1.19773e-05	5.34221e-05	
579	0.0935549	0.0871496	0.00639973	5.57557e-06	0.417281	0.388712	0.0285446	2.48686e-05	1.46101e-05	6.51655e-05	
580	0.0914035	0.0666594	0.0245027	0.000241365	0.407685	0.29732	0.109289	0.00107655	0.000414116	0.00184707	
581	0.0859116	0.0751025	0.0108017	7.42444e-06	0.38319	0.334978	0.0481787	3.31151e-05	1.02693e-05	4.58043e-05	
582	0.0891428	0.0843487	0.00478265	1.14606e-05	0.397602	0.376219	0.021332	5.11179e-05	1.32678e-05	5.91782e-05	
583	0.121881	0.0927663	0.028885	0.000230549	0.543627	0.413763	0.128835	0.00102831	0.000268505	0.0011976	
584	0.229229	0.127958	0.10079	0.000480121	1.02242	0.570732	0.449555	0.00214147	0.000583135	0.00260094	
585	0.125798	0.0749015	0.0508698	2.66914e-05	0.561094	0.334082	0.226893	0.000119051	4.89426e-05	0.000218297	
586	0.143072	0.0843467	0.0585747	0.000151016	0.638143	0.37621	0.261259	0.000673574	0.000235293	0.00104947	
587	0.105329	0.0889665	0.0162663	9.66345e-05	0.469799	0.396815	0.0725525	0.000431017	0.000128655	0.000573837	
588	0.0681919	0.0676335	0.000558413	0	0.304155	0.301664	0.00249068	0	0	0	
589	0.158905	0.109272	0.0490443	0.000589169	0.708763	0.487383	0.218751	0.00262786	0.0012012	0.00535772	
590	0.133356	0.107418	0.0259	3.70264e-05	0.594805	0.479118	0.115521	0.000165148	6.79818e-05	0.000303217	
591	0.136893	0.0959777	0.0407541	0.000161375	0.610582	0.428087	0.181774	0.000719778	0.000235874	0.00105206	
592	0.123757	0.0858334	0.0377003	0.00022345	0.551991	0.382841	0.168154	0.000996649	0.000287964	0.0012844	
593	0.0993864	0.0940421	0.00531416	3.00834e-05	0.443291	0.419454	0.0237026	0.00013418	3.72636e-05	0.000166206	
594	0.0899942	0.0805556	0.00943732	1.26035e-06	0.401399	0.3593	0.0420931	5.62153e-06	2.19782e-06	9.80292e-06	
595	0.111173	0.093888	0.0172451	4.00266e-05	0.495863	0.418767	0.0769182	0.000178529	4.85722e-05	0.000216646	
596	0.105262	0.0903029	0.0149123	4.69737e-05	0.469499	0.402776	0.0665133	0.000209516	7.34564e-05	0.000327636	
597	0.151493	0.141029	0.0104408	2.30926e-05	0.675702	0.629031	0.0465689	0.000102999	3.01798e-05	0.00013461	
598	0.114375	0.108269	0.00606542	4.01865e-05	0.510145	0.482912	0.0270535	0.000179243	4.01674e-05	0.000179158	
599	0.103941	0.0934443	0.0104968	0	0.463607	0.416788	0.0468191	0	0	0	
600	0.109363	0.108	0.0013638	0	0.487793	0.48171	0.00608294	0	0	0	
601	0.312791	0.148119	0.163275	0.00139692	1.39513	0.660653	0.728255	0.00623068	0.00139751	0.00623329	
602	0.109117	0.102617	0.00649695	3.11826e-06	0.486695	0.457703	0.0289782	1.39083e-05	3.24889e-06	1.4491e-05	
603	0.134459	0.0519807	0.0824789	0	0.599728	0.231848	0.367879	0	0	0	
604	0.0888652	0.0809801	0.00787857	6.53263e-06	0.396364	0.361194	0.0351406	2.91373e-05	7.08521e-06	3.1602e-05	
605	0.129402	0.0495669	0.0798294	6.06036e-06	0.577171	0.221082	0.356061	2.70309e-05	0.000131516	0.0005866	
606	0.144935	0.0938189	0.0503836	0.00073303	0.646453	0.418458	0.224725	0.00326952	0.000966198	0.00430951	
607	0.0861773	0.0782029	0.00791933	5.50208e-05	0.384375	0.348807	0.0353224	0.000245408	5.84955e-05	0.000260906	
608	0.0875735	0.0788195	0.00872385	3.00979e-05	0.390602	0.351557	0.0389108	0.000134245	3.27227e-05	0.000145952	
609	0.091469	0.0871268	0.00434216	0	0.407977	0.38861	0.0193672	0	0	0	
610	0.0989258	0.0800369	0.0184798	0.000409053	0.441237	0.356987	0.0824255	0.00182449	0.00050268	0.00224209	
611	0.0627044	0.0577242	0.00498016	0	0.279679	0.257466	0.0222129	0	0	0	
612	0.0945624	0.0906214	0.00393134	9.6519e-06	0.421775	0.404197	0.0175348	4.30501e-05	1.00039e-05	4.46205e-05	
613	0.087289	0.0766355	0.0106398	1.37302e-05	0.389333	0.341816	0.0474565	6.12406e-05	2.35935e-05	0.000105233	
614	0.0954891	0.0836161	0.0118319	4.11081e-05	0.425908	0.372951	0.0527738	0.000183354	5.09659e-05	0.000227322	
615	0.0919465	0.0867351	0.00521143	0	0.410107	0.386862	0.0232444	0	0	0	
616	0.10053	0.0889313	0.0113827	0.000216697	0.448395	0.396659	0.0507703	0.000966529	0.000228996	0.00102138	
617	0.119031	0.0916256	0.027198	0.00020764	0.530913	0.408676	0.12131	0.000926134	0.00024528	0.00109401	
618	0.0612681	0.0558854	0.00538274	0	0.273273	0.249264	0.0240085	0	0	0	
619	0.136144	0.098793	0.0372548	9.67768e-05	0.607243	0.440644	0.166167	0.000431652	0.000106833	0.000476508	
620	0.10974	0.0876423	0.0220877	1.08212e-05	0.489475	0.390909	0.0985177	4.82659e-05	1.3844e-05	6.17482e-05	
621	0.385345	0.185967	0.195528	0.00384919	1.71874	0.829469	0.872111	0.0171685	0.0040846	0.0182185	
622	0.0389134	0.0304542	0.00842863	3.06405e-05	0.173565	0.135834	0.037594	0.000136665	3.2315e-05	0.000144134	
623	0.0847545	0.0717704	0.0129282	5.59081e-05	0.378029	0.320116	0.0576635	0.000249366	7.66295e-05	0.000341789	
624	0.108737	0.082606	0.026061	7.06383e-05	0.485	0.368446	0.116239	0.000315067	9.31892e-05	0.00041565	
625	0.0662532	0.0549164	0.0113368	0	0.295508	0.244942	0.0505654	0	0	0	
626	0.0662712	0.0637518	0.00251934	0	0.295588	0.284351	0.0112369	0	0	0	
627	0.0900429	0.0790156	0.0110247	2.60053e-06	0.401616	0.352431	0.0491734	1.15991e-05	3.83869e-06	1.71216e-05	
628	0.0604385	0.0600378	0.000400695	0	0.269572	0.267785	0.00178721	0	0	0	
629	0.233053	0.13745	0.0944809	0.00112145	1.03948	0.613069	0.421411	0.00500199	0.0011995	0.00535011	
630	0.212678	0.145404	0.0672717	2.33037e-06	0.948607	0.648545	0.30005	1.03941e-05	3.81611e-06	1.70209e-05	
631	0.113604	0.0957264	0.0178217	5.59757e-05	0.506706	0.426966	0.07949	0.000249667	5.72188e-05	0.000255212	
632	0.0432123	0.0432045	7.78912e-06	0	0.192739	0.192704	3.47417e-05	0	0	0	
633	0.0586025	0.0451055	0.0134962	8.52569e-07	0.261384	0.201183	0.060197	3.80269e-06	1.55239e-06	6.92413e-06	
634	0.0426056	0.0419216	0.000684063	0	0.190033	0.186982	0.00305111	0	0	0	
635	0.076121	0.0654808	0.01064	1.30338e-07	0.339521	0.292062	0.0474577	5.81344e-07	2.79292e-07	1.24572e-06	
636	0.0953652	0.06493	0.0304352	0	0.425356	0.289606	0.135749	0	0	0	
637	0.0834339	0.0735562	0.00979616	8.15378e-05	0.372138	0.328081	0.0436936	0.000363681	9.3612e-05	0.000417536	
638	0.145608	0.0814567	0.064014	0.000138147	0.649456	0.363319	0.28552	0.000616176	0.000183253	0.000817361	
639	0.159969	0.0760537	0.0838536	6.25954e-05	0.713511	0.339221	0.37401	0.000279193	0.000137626	0.000613855	
640	0.087615	0.08041	0.00717089	3.41661e-05	0.390787	0.358651	0.0319841	0.00015239	3.62701e-05	0.000161775	
641	0.0750261	0.0749586	6.75351e-05	0	0.334637	0.334336	0.000301225	0	0	0	
642	0.064411	0.063011	0.00139992	0	0.287291	0.281047	0.00624406	0	0	0	
643	0.20589	0.14179	0.0628365	0.00126331	0.918331	0.632427	0.280268	0.00563476	0.00193177	0.00861626	
644	0.103535	0.0823207	0.0212147	0	0.461797	0.367173	0.0946237	0	0	0	
645	0.0842121	0.0803174	0.00388982	4.83341e-06	0.375609	0.358238	0.0173497	2.15583e-05	8.01685e-06	3.57574e-05	
646	0.154427	0.0749199	0.0794245	8.32937e-05	0.688791	0.334163	0.354255	0.000371513	0.000148724	0.000663351	
647	0.206419	0.123718	0.080083	0.00261799	0.92069	0.55182	0.357192	0.0116769	0.00277812	0.0123912	
648	0.144313	0.117175	0.0270407	9.73248e-05	0.64368	0.522637	0.120609	0.000434095	0.000112843	0.000503312	
649	0.0642767	0.0642767	0	0	0.286692	0.286692	0	0	0	0	
650	0.0729455	0.0729128	3.274e-05	0	0.325357	0.325211	0.000146029	0	0	0	
651	0.103852	0.101403	0.00244861	0	0.46321	0.452288	0.0109214	0	0	0	
652	0.110618	0.0823895	0.027811	0.000417526	0.493387	0.36748	0.124045	0.00186228	0.000677798	0.00302317	
653	0.105493	0.0875781	0.0179129	2.39536e-06	0.47053	0.390623	0.0798969	1.0684e-05	8.86927e-06	3.95594e-05	
654	0.11532	0.0881751	0.0270837	6.18869e-05	0.514362	0.393285	0.1208	0.000276033	0.000125515	0.000559834	
655	0.122716	0.0809911	0.0407823	0.000943382	0.547351	0.361243	0.1819	0.00420774	0.00119879	0.00534694	
656	0.224849	0.118328	0.103555	0.00296551	1.00289	0.527778	0.461886	0.013227	0.00497287	0.0221804	
657	0.120676	0.0800482	0.0406278	0	0.538249	0.357037	0.181211	0	0	0	
658	0.105042	0.0753019	0.0296906	4.97697e-05	0.468518	0.335867	0.132428	0.000221986	9.57309e-05	0.000426986	
659	0.126076	0.0957211	0.0297254	0.000629582	0.562335	0.426943	0.132583	0.00280811	0.000767608	0.00342374	
660	0.154369	0.100413	0.0537751	0.00018044	0.68853	0.447873	0.239852	0.000804813	0.000357777	0.00159578	
661	0.174234	0.0983377	0.0752686	0.000628155	0.777134	0.438613	0.335719	0.00280175	0.000814321	0.0036321	
662	0.118319	0.0804528	0.0377626	0.00010391	0.527737	0.358842	0.168431	0.000463471	0.000207649	0.000926173	
663	0.110911	0.0803713	0.0303252	0.000214779	0.494695	0.358478	0.135259	0.000957975	0.000345953	0.00154304	
664	0.0973205	0.0873442	0.00996703	9.22738e-06	0.434076	0.38958	0.0444557	4.11567e-05	3.13745e-05	0.000139939	
665	0.1038	0.0872389	0.0165603	1.24815e-06	0.462979	0.38911	0.0738636	5.5671e-06	3.3367e-06	1.48826e-05	
666	0.105596	0.0789739	0.0264501	0.000172354	0.470989	0.352245	0.117975	0.00076875	0.000242734	0.00108266	
667	0.163811	0.104859	0.0559094	0.00304271	0.730647	0.467704	0.249371	0.0135713	0.00375328	0.0167406	
668	0.102512	0.0830829	0.0194006	2.8923e-05	0.457234	0.370573	0.0865325	0.000129004	3.43044e-05	0.000153007	
669	0.0444401	0.0435249	0.000915182	0	0.198215	0.194133	0.00408197	0	0	0	
670	0.0887329	0.0826593	0.00602038	5.32522e-05	0.395773	0.368683	0.0268526	0.000237519	5.32436e-05	0.000237481	
671	0.0535928	0.050663	0.00292985	0	0.239039	0.225971	0.0130679	0	0	0	
672	0.150367	0.112013	0.0381949	0.000159387	0.670681	0.49961	0.17036	0.000710914	0.000206952	0.000923066	
673	0.140618	0.101504	0.0383438	0.000769452	0.627196	0.452739	0.171024	0.00343197	0.00143542	0.00640241	
674	0.127635	0.0953897	0.0320983	0.000147563	0.56929	0.425465	0.143167	0.000658176	0.00020235	0.000902542	
675	0.114123	0.0812252	0.0327581	0.000140207	0.509023	0.362287	0.14611	0.000625364	0.000188684	0.000841584	
676	0.138033	0.109832	0.0279402	0.000261225	0.615669	0.489883	0.124621	0.00116513	0.000318705	0.00142151	
677	0.0969235	0.0934742	0.00343681	1.24507e-05	0.432306	0.416921	0.0153291	5.5534e-05	1.30394e-05	5.81595e-05	
678	0.103343	0.0803483	0.0229411	5.40549e-05	0.460941	0.358376	0.102324	0.0002411	7.25901e-05	0.000323772	
679	0.129192	0.091035	0.0381363	2.06401e-05	0.576232	0.406041	0.170098	9.20609e-05	2.47084e-05	0.000110206	
680	0.128416	0.11045	0.0179655	0	0.572773	0.492641	0.0801313	0	0	0	
681	0.110937	0.097799	0.0130802	5.79914e-05	0.494811	0.436211	0.0583416	0.000258658	5.86816e-05	0.000261736	
682	0.0993897	0.097699	0.00169071	0	0.443306	0.435765	0.00754108	0	0	0	
683	0.1004	0.0912359	0.00916428	0	0.447813	0.406937	0.0408752	0	0	0	
684	0.115089	0.0943265	0.0207312	3.13213e-05	0.513329	0.420722	0.092467	0.000139702	3.30202e-05	0.000147279	
685	0.196456	0.14083	0.0547856	0.000840691	0.876251	0.628142	0.244359	0.00374971	0.000845674	0.00377194	
686	0.111126	0.0905756	0.0200618	0.000489136	0.495655	0.403992	0.0894813	0.00218168	0.000915199	0.00408204	
687	0.0821804	0.0778784	0.00429043	1.15552e-05	0.366547	0.347359	0.0191365	5.15397e-05	1.41451e-05	6.30912e-05	
688	0.0642839	0.0642839	0	0	0.286724	0.286724	0	0	0	0	
689	0.00833347	0.00715644	0.00117703	0	0.0371696	0.0319197	0.00524988	0	0	0	
690	0.0614988	0.059874	0.00161659	8.12521e-06	0.274301	0.267055	0.00721047	3.62407e-05	8.26571e-06	3.68673e-05	
691	0.105943	0.0981857	0.00767941	7.78974e-05	0.472535	0.437935	0.0342523	0.000347444	8.4851e-05	0.000378459	
692	0.0729653	0.0729653	0	0	0.325446	0.325446	0	0	0	0	
693	0.0916411	0.0793839	0.0122515	5.69042e-06	0.408745	0.354074	0.0546452	2.53808e-05	8.32517e-06	3.71326e-05	
694	0.211924	0.154502	0.0563343	0.00108833	0.945243	0.689122	0.251267	0.00485426	0.00143963	0.00642116	
695	0.0960515	0.0793669	0.0166741	1.04371e-05	0.428417	0.353999	0.0743714	4.65526e-05	1.65004e-05	7.35967e-05	
696	0.219192	0.159845	0.0582763	0.00107059	0.977659	0.712955	0.259928	0.00477515	0.0015031	0.00670427	
697	0.157506	0.0828334	0.0734877	0.00118504	0.702522	0.36946	0.327776	0.00528564	0.00247882	0.0110562	
698	0.253664	0.195911	0.0572889	0.000463895	1.13141	0.873819	0.255524	0.0020691	0.000655869	0.00292536	
699	0.294964	0.185451	0.108041	0.00147217	1.31562	0.827164	0.481895	0.00656632	0.00170529	0.00760609	
700	0.0825669	0.0825669	0	0	0.368271	0.368271	0	0	0	0	
701	0.0824232	0.0824232	0	0	0.36763	0.36763	0	0	0	0	
702	0.115166	0.106301	0.0088615	4.17361e-06	0.513676	0.474133	0.0395247	1.86155e-05	5.90535e-06	2.63395e-05	
703	0.0921139	0.0876726	0.00443922	2.10634e-06	0.410854	0.391044	0.0198001	9.3949e-06	2.08729e-06	9.30993e-06	
704	0.0912928	0.0794689	0.011818	5.91119e-06	0.407191	0.354453	0.0527118	2.63655e-05	7.4627e-06	3.32857e-05	
705	0.0966424	0.0880983	0.0085441	0	0.431052	0.392943	0.0381091	0	0	0	
706	0.25011	0.158222	0.0914594	0.000428696	1.11556	0.705716	0.407934	0.0019121	0.000668582	0.00298206	
707	0.0873121	0.0802748	0.00703726	0	0.389436	0.358048	0.0313881	0	0	0	
708	0.0799436	0.0799436	0	0	0.35657	0.35657	0	0	0	0	
709	0.12304	0.103376	0.019386	0.000277466	0.548793	0.461088	0.0864673	0.00123757	0.000281335	0.00125483	
710	0.166895	0.0959925	0.0708684	3.44812e-05	0.7444	0.428153	0.316093	0.000153796	8.38694e-05	0.000374081	
711	0.0966299	0.0806689	0.015961	0	0.430996	0.359806	0.0711907	0	0	0	
712	0.076967	0.0765579	0.000409137	0	0.343294	0.341469	0.00182486	0	0	0	
713	0.090123	0.0784016	0.0117214	0	0.401974	0.349693	0.052281	0	0	0	
714	0.0937499	0.0816619	0.0120879	0	0.418151	0.364235	0.0539155	0	0	0	
715	0.0707998	0.0700415	0.000758308	0	0.315787	0.312405	0.00338226	0	0	0	
716	0.07861	0.074972	0.00363772	2.95375e-07	0.350622	0.334396	0.0162252	1.31745e-06	1.04398e-06	4.65648e-06	
717	0.0946708	0.0882714	0.00639678	2.66153e-06	0.422258	0.393715	0.0285314	1.18711e-05	2.64269e-06	1.17871e-05	
718	0.116769	0.108133	0.00859313	4.32861e-05	0.520824	0.482304	0.0383277	0.000193068	4.79842e-05	0.000214023	
719	0.0708503	0.0629171	0.00789712	3.60968e-05	0.316012	0.280628	0.0352233	0.000161002	3.60779e-05	0.000160917	
720	0.0627333	0.0620778	0.000655469	0	0.279808	0.276884	0.00292357	0	0	0	
721	0.125822	0.106311	0.0193141	0.000196919	0.561203	0.474178	0.0861466	0.000878315	0.000197441	0.000880643	
722	0.0813226	0.0808425	0.000480116	0	0.362721	0.36058	0.00214145	0	0	0	
723	0.110739	0.102031	0.00870433	3.76804e-06	0.493928	0.455088	0.0388237	1.68065e-05	3.7489e-06	1.67211e-05	
724	0.0809571	0.080477	0.000480116	0	0.361091	0.35895	0.00214145	0	0	0	
725	0.0945062	0.0623782	0.0321279	0	0.421524	0.278224	0.143299	0	0	0	
726	0.0452467	0.0425273	0.0027193	0	0.201812	0.189684	0.0121288	0	0	0	
727	0.0892717	0.0887276	0.000544025	0	0.398176	0.39575	0.0024265	0	0	0	
728	0.100845	0.0851937	0.0155566	9.5182e-05	0.449799	0.379988	0.0693872	0.000424538	0.000277592	0.00123813	
729	0.104442	0.077389	0.0261825	0.000871274	0.465844	0.345176	0.116781	0.00388613	0.000871255	0.00388604	
730	0.110533	0.104601	0.00592612	6.12585e-06	0.493009	0.46655	0.0264321	2.7323e-05	1.24587e-05	5.55695e-05	
731	0.119412	0.0941821	0.0244875	0.000743212	0.532615	0.420079	0.109221	0.00331493	0.000758714	0.00338408	
732	0.0831435	0.0771615	0.00598203	0	0.370843	0.344162	0.0266815	0	0	0	
733	0.102081	0.0917213	0.0103366	2.37245e-05	0.455313	0.409103	0.0461044	0.000105818	3.21799e-05	0.000143531	
734	0.11297	0.10655	0.00641035	9.83593e-06	0.503882	0.475246	0.0285919	4.3871e-05	1.01707e-05	4.53645e-05	
735	0.0680652	0.0655478	0.00251744	0	0.30359	0.292361	0.0112285	0	0	0	
736	0.0578296	0.0553418	0.0024878	0	0.257936	0.246839	0.0110963	0	0	0	
737	0.093743	0.0794277	0.0143152	0	0.41812	0.35427	0.06385	0	0	0	
738	0.121468	0.112863	0.00856202	4.35783e-05	0.541785	0.503402	0.038189	0.000194371	4.63715e-05	0.00020683	
739	0.0648204	0.0646511	0.000169332	0	0.289117	0.288362	0.00075527	0	0	0	
740	0.0366042	0.0365948	9.43753e-06	0	0.163265	0.163223	4.2094e-05	0	0	0	
741	0.0906189	0.086155	0.00445748	6.47483e-06	0.404186	0.384275	0.0198816	2.88795e-05	4.90148e-05	0.000218619	
742	0.145209	0.122615	0.0225677	2.62694e-05	0.647674	0.546899	0.100658	0.000117168	2.62501e-05	0.000117082	
743	0.0887875	0.0839474	0.00478496	5.51353e-05	0.396017	0.374429	0.0213423	0.000245919	5.51163e-05	0.000245834	
744	0.0565268	0.0551992	0.00132759	0	0.252125	0.246204	0.00592146	0	0	0	
745	0.122689	0.10145	0.0211625	7.60835e-05	0.547228	0.452498	0.0943909	0.000339353	8.09094e-05	0.000360878	
746	0.0816191	0.074931	0.00668805	0	0.364044	0.334213	0.0298305	0	0	0	
747	0.0857603	0.0840057	0.00175464	0	0.382515	0.374689	0.00782619	0	0	0	
748	0.100743	0.0819919	0.0186846	6.67663e-05	0.449343	0.365707	0.0833388	0.000297796	8.80603e-05	0.000392774	
749	0.118467	0.112044	0.0064187	3.63609e-06	0.528396	0.49975	0.0286292	1.6218e-05	3.61709e-06	1.61332e-05	
750	0.0905573	0.0818922	0.00866509	0	0.403911	0.365262	0.0386487	0	0	0	
751	0.310226	0.15149	0.141836	0.0168996	1.38369	0.675689	0.63263	0.0753772	0.0206424	0.0920709	
752	0.0965613	0.0761485	0.0204066	6.12578e-06	0.43069	0.339644	0.0910194	2.73227e-05	8.35177e-06	3.72512e-05	
753	0.100899	0.0922344	0.00866509	0	0.45004	0.411391	0.0386487	0	0	0	
754	0.216612	0.175946	0.0406312	3.4479e-05	0.966152	0.784772	0.181226	0.000153786	4.94459e-05	0.000220542	
755	0.117405	0.0917625	0.0256391	3.52797e-06	0.523659	0.409286	0.114357	1.57357e-05	7.47892e-06	3.33581e-05	
756	0.204508	0.11369	0.0908181	0	0.912164	0.50709	0.405074	0	0	0	
757	0.128906	0.0772961	0.0478055	0.00380458	0.574958	0.344762	0.213226	0.0169695	0.0041858	0.0186698	
758	0.212411	0.127416	0.0849948	0	0.947415	0.568314	0.3791	0	0	0	
759	0.119652	0.0710985	0.0484633	9.0995e-05	0.533685	0.317119	0.21616	0.000405863	0.00207354	0.00924857	
760	0.115923	0.0864282	0.0294951	0	0.51705	0.385494	0.131556	0	0	0	
761	0.122571	0.109514	0.0129101	0.000146382	0.546702	0.488467	0.0575826	0.000652907	0.000149006	0.000664609	
762	0.0504875	0.0504875	0	0	0.225188	0.225188	0	0	0	0	
763	0.0552277	0.0537606	0.0014671	0	0.246331	0.239787	0.0065437	0	0	0	
764	0.0777409	0.0764212	0.00131969	0	0.346746	0.34086	0.00588618	0	0	0	
765	0.0867871	0.083494	0.00328786	5.28077e-06	0.387095	0.372406	0.0146647	2.35537e-05	5.26183e-06	2.34692e-05	
766	0.052886	0.0443307	0.00830178	0.000253456	0.235886	0.197727	0.0370282	0.00113048	0.000253437	0.0011304	
767	0.050899	0.0429814	0.00786006	5.75628e-05	0.227024	0.191709	0.0350581	0.000256746	6.22093e-05	0.000277471	
768	0.0451321	0.0451321	0	0	0.201302	0.201302	0	0	0	0	
769	0.07864	0.0522649	0.0259514	0.000423639	0.350756	0.233116	0.11575	0.00188954	0.000807531	0.00360181	
770	0.0791135	0.0563416	0.0227719	0	0.352868	0.251299	0.101569	0	0	0	
771	0.0985717	0.0779394	0.0206286	3.6289e-06	0.439657	0.347632	0.0920096	1.61859e-05	1.98169e-05	8.83892e-05	
772	0.10285	0.10285	0	0	0.458741	0.458741	0	0	0	0	
773	0.10856	0.0901655	0.0183947	0	0.484209	0.402163	0.0820457	0	0	0	
774	0.0773196	0.0773196	0	0	0.344867	0.344867	0	0	0	0	
775	0.0753474	0.0753474	0	0	0.33607	0.33607	0	0	0	0	
776	0.0646387	0.0646387	0	0	0.288306	0.288306	0	0	0	0	
777	0.0740257	0.0740257	0	0	0.330175	0.330175	0	0	0	0	
778	0.0919091	0.0919091	0	0	0.40994	0.40994	0	0	0	0	
779	0.159741	0.110303	0.0494377	0	0.71249	0.491984	0.220506	0	0	0	
780	0.0487196	0.043311	0.00540857	0	0.217303	0.193179	0.0241237	0	0	0	
781	0.0595274	0.0423157	0.0172116	0	0.265508	0.18874	0.0767688	0	0	0	
782	0.104991	0.0947905	0.0102008	0	0.468291	0.422792	0.0454988	0	0	0	
783	0.223511	0.13437	0.0858435	0.0032974	0.996923	0.599329	0.382886	0.0147073	0.0100767	0.0449452	
784	0.0714781	0.0714781	0	0	0.318812	0.318812	0	0	0	0	
785	0.126902	0.0750674	0.0517511	8.43317e-05	0.566022	0.334821	0.230824	0.000376143	0.000117348	0.000523408	
786	0.126788	0.0945651	0.0319059	0.000317558	0.565513	0.421787	0.142309	0.0014164	0.00109799	0.00489738	
787	0.196461	0.0837553	0.110954	0.00175118	0.876272	0.373572	0.494889	0.00781078	0.00496733	0.0221557	
788	0.148657	0.0913145	0.0571516	0.000190854	0.663052	0.407288	0.254912	0.000851263	0.000272124	0.00121375	
789	0.102432	0.102432	0	0	0.456878	0.456878	0	0	0	0	
790	0.117178	0.084266	0.0328939	1.89676e-05	0.52265	0.37585	0.146716	8.46008e-05	1.8948e-05	8.45135e-05	
791	0.126472	0.0870312	0.0394051	3.61445e-05	0.564102	0.388183	0.175757	0.000161214	3.61248e-05	0.000161127	
792	0.0925248	0.082324	0.0102008	0	0.412687	0.367188	0.0454988	0	0	0	
793	0.237089	0.147155	0.0852769	0.00465675	1.05748	0.656354	0.380359	0.0207704	0.00543184	0.0242275	
794	0.110063	0.0894998	0.0205638	0	0.490915	0.399194	0.0917206	0	0	0	
795	0.136302	0.105486	0.0307621	5.33095e-05	0.607946	0.4705	0.137208	0.000237775	7.59312e-05	0.000338674	
796	0.0937265	0.0937265	0	0	0.418046	0.418046	0	0	0	0	
797	0.0539262	0.0532243	0.000701876	0	0.240526	0.237395	0.00313056	0	0	0	
798	0.193466	0.103734	0.0893409	0.0003902	0.862913	0.462686	0.398485	0.0017404	0.000457867	0.00204221	
799	0.188182	0.129228	0.0587785	0.000175253	0.839347	0.576397	0.262168	0.000781677	0.000217055	0.00096813	
800	0.201525	0.158666	0.0428572	1.88491e-06	0.898859	0.707695	0.191155	8.40726e-06	1.86508e-06	8.31881e-06	
801	0.158469	0.0852244	0.0726422	0.000603035	0.706819	0.380124	0.324004	0.0026897	0.00118387	0.00528041	
802	0.126498	0.0862991	0.0401083	9.10018e-05	0.564218	0.384918	0.178894	0.000405893	0.000105651	0.000471233	
803	0.0832527	0.0832527	0	0	0.37133	0.37133	0	0	0	0	
804	0.184319	0.150943	0.0326226	0.000752855	0.822114	0.67325	0.145506	0.00335794	0.00075301	0.00335863	
805	0.220278	0.143825	0.0734388	0.00301496	0.982505	0.6415	0.327557	0.0134475	0.00385896	0.017212	
806	0.14727	0.106877	0.0398541	0.000538956	0.656869	0.476705	0.17776	0.00240389	0.000736903	0.00328679	
807	0.150103	0.119275	0.0307841	4.35561e-05	0.669501	0.532001	0.137305	0.000194272	7.73349e-05	0.000344935	
808	0.171321	0.152534	0.0187776	9.1175e-06	0.764142	0.680348	0.0837536	4.06666e-05	1.3731e-05	6.12442e-05	
809	0.187139	0.112142	0.0747394	0.000257211	0.834695	0.500189	0.333359	0.00114723	0.000355683	0.00158644	
810	0.0780596	0.0779025	0.000157034	0	0.348167	0.347467	0.000700418	0	0	0	
811	0.124716	0.0970597	0.0276446	1.23671e-05	0.556271	0.432913	0.123302	5.51609e-05	3.43639e-05	0.000153272	
812	0.161087	0.112092	0.048513	0.000481544	0.718495	0.499965	0.216381	0.00214782	0.000544527	0.00242874	
813	0.0639166	0.0639166	0	0	0.285086	0.285086	0	0	0	0	
814	0.0943372	0.0814251	0.0128982	1.38663e-05	0.42077	0.363179	0.0575296	6.18479e-05	2.72982e-05	0.000121757	
815	0.145615	0.132526	0.0129205	0.000167878	0.649484	0.591106	0.0576294	0.000748785	0.000168667	0.000752306	
816	0.263398	0.155674	0.106899	0.00082528	1.17483	0.69435	0.4768	0.00368098	0.00216182	0.00964236	
817	0.153627	0.0970957	0.0563482	0.000183811	0.685223	0.433074	0.251329	0.000819852	0.000217971	0.000972215	
818	0.183004	0.124143	0.058675	0.000185762	0.81625	0.553714	0.261707	0.000828554	0.000253737	0.00113173	
819	0.0679898	0.0668934	0.00109641	0	0.303253	0.298363	0.00489032	0	0	0	
820	0.0941238	0.0906655	0.00345347	4.91618e-06	0.419818	0.404393	0.0154034	2.19275e-05	6.41645e-06	2.86192e-05	
821	0.0276321	0.0275346	9.75148e-05	0	0.123246	0.122812	0.000434943	0	0	0	
822	0.0922777	0.0841792	0.00809852	0	0.411584	0.375463	0.0361217	0	0	0	
823	0.0627467	0.0589443	0.00376729	3.50929e-05	0.279868	0.262908	0.0168031	0.000156524	3.50739e-05	0.000156439	
824	0.119464	0.119436	2.83868e-05	0	0.532845	0.532718	0.000126613	0	0	0	
825	0.0784357	0.0784357	0	0	0.349845	0.349845	0	0	0	0	
826	0.117635	0.105953	0.0116819	0	0.524688	0.472584	0.0521046	0	0	0	
827	0.0840044	0.083976	2.83868e-05	0	0.374683	0.374556	0.000126613	0	0	0	
828	0.157207	0.10347	0.0535727	0.000163982	0.701188	0.461508	0.238949	0.000731407	0.000229757	0.00102478	
829	0.134712	0.101374	0.0333388	0	0.600857	0.452156	0.1487	0	0	0	
830	0.162471	0.133677	0.0287938	0	0.724667	0.596238	0.128428	0	0	0	
831	0.100759	0.10046	0.000299009	0	0.449415	0.448081	0.00133366	0	0	0	
832	0.0855153	0.0836959	0.00181934	0	0.381422	0.373307	0.0081148	0	0	0	
833	0.0894716	0.0882472	0.00122419	2.25065e-07	0.399068	0.393607	0.00546025	1.00385e-06	8.62537e-07	3.84716e-06	
834	0.098429	0.0977182	0.000710356	4.58444e-07	0.439021	0.43585	0.00316838	2.04478e-06	4.83724e-07	2.15754e-06	
835	0.099377	0.0963864	0.00299067	0	0.443249	0.42991	0.0133392	0	0	0	
836	0.144951	0.115934	0.0289987	1.81199e-05	0.646524	0.517101	0.129342	8.08198e-05	2.1064e-05	9.39514e-05	
837	0.128835	0.119867	0.00891442	5.40336e-05	0.574643	0.534642	0.0397608	0.000241005	5.64963e-05	0.000251989	
838	0.145092	0.097061	0.0479859	4.51019e-05	0.647151	0.432919	0.21403	0.000201167	6.34177e-05	0.000282861	
839	0.205341	0.151938	0.0524959	0.000906469	0.91588	0.67769	0.234146	0.0040431	0.00110601	0.00493315	
840	0.109951	0.076425	0.0335266	0	0.490415	0.340877	0.149538	0	0	0	
841	0.113939	0.0796677	0.0340267	0.000244764	0.508201	0.35534	0.151768	0.00109171	0.00052314	0.00233335	
842	0.103499	0.0975836	0.00591574	0	0.461636	0.43525	0.0263858	0	0	0	
843	0.139001	0.120973	0.0178885	0.000139578	0.619986	0.539575	0.0797878	0.000622559	0.000155997	0.000695792	
844	0.129107	0.109518	0.0195693	1.96026e-05	0.575854	0.488482	0.0872848	8.74334e-05	1.95828e-05	8.73448e-05	
845	0.193798	0.133975	0.0583682	0.00145488	0.864396	0.597568	0.260338	0.0064892	0.00150872	0.00672933	
846	0.104652	0.0934945	0.0111578	0	0.466779	0.417011	0.0497673	0	0	0	
847	0.123129	0.0953334	0.027787	9.07561e-06	0.549192	0.425213	0.123937	4.04797e-05	9.90925e-06	4.4198e-05	
848	0.105462	0.102181	0.0032819	7.41806e-08	0.470394	0.455755	0.0146382	3.30866e-07	9.18879e-08	4.09846e-07	
849	0.100388	0.0962791	0.00410105	8.34551e-06	0.447761	0.429432	0.0182918	3.72233e-05	8.35247e-06	3.72543e-05	
850	0.0800307	0.0796663	0.000364469	0	0.356959	0.355334	0.00162563	0	0	0	
851	0.0642012	0.0641878	1.34149e-05	0	0.286355	0.286295	5.98344e-05	0	0	0	
852	0.0961	0.0843189	0.011758	2.30287e-05	0.428633	0.376086	0.0524443	0.000102714	3.23071e-05	0.000144099	
853	0.106269	0.102858	0.00341052	0	0.47399	0.458778	0.0152118	0	0	0	
854	0.10268	0.0939716	0.00869573	1.35697e-05	0.457985	0.41914	0.0387854	6.05249e-05	1.4791e-05	6.59721e-05	
855	0.111639	0.0926764	0.0183306	0.000632518	0.497943	0.413363	0.0817596	0.0028212	0.000632499	0.00282112	
856	0.113115	0.103022	0.0100932	0	0.504526	0.459507	0.0450186	0	0	0	
857	0.0629905	0.0629905	0	0	0.280955	0.280955	0	0	0	0	
858	0.100383	0.0848549	0.0155177	1.09409e-05	0.447739	0.378476	0.0692134	4.87998e-05	2.58343e-05	0.000115228	
859	0.124031	0.111213	0.0128177	0	0.553214	0.496043	0.0571709	0	0	0	
860	0.0936599	0.0835667	0.0100932	0	0.417749	0.37273	0.0450186	0	0	0	
861	0.0857092	0.0857092	0	0	0.382287	0.382287	0	0	0	0	
862	0.110738	0.0783037	0.0324157	1.85767e-05	0.493923	0.349256	0.144583	8.28574e-05	1.85566e-05	8.27677e-05	
863	0.122353	0.114241	0.0081117	0	0.545731	0.50955	0.0361804	0	0	0	
864	0.108181	0.0945015	0.0136798	0	0.482519	0.421503	0.061016	0	0	0	
865	0.116647	0.115783	0.000864204	0	0.52028	0.516426	0.00385459	0	0	0	
866	0.075721	0.0752451	0.000475903	0	0.337737	0.335614	0.00212266	0	0	0	
867	0.0857416	0.0857416	0	0	0.382432	0.382432	0	0	0	0	
868	0.10515	0.098988	0.00610959	5.27703e-05	0.469	0.441514	0.0272504	0.00023537	5.58516e-05	0.000249114	
869	0.0964346	0.0937028	0.00272654	5.29855e-06	0.430125	0.417941	0.0121611	2.3633e-05	5.7425e-06	2.56131e-05	
870	0.129377	0.125018	0.00435988	0	0.577061	0.557615	0.0194463	0	0	0	
871	0.107444	0.0979464	0.00947648	2.17253e-05	0.479233	0.436868	0.0422677	9.69013e-05	2.17108e-05	9.68363e-05	
872	0.0415076	0.0415076	0	0	0.185135	0.185135	0	0	0	0	
873	0.0995018	0.0990483	0.000453487	0	0.443806	0.441783	0.00202268	0	0	0	
874	0.103288	0.0900966	0.0130293	0.000162255	0.460694	0.401856	0.0581145	0.000723703	0.000162236	0.000723619	
875	0.0810898	0.0807998	0.000289934	0	0.361683	0.36039	0.00129318	0	0	0	
876	0.0440798	0.0440798	0	0	0.196608	0.196608	0	0	0	0	
877	0.098651	0.0868929	0.0117104	4.75944e-05	0.440011	0.387567	0.0522319	0.000212284	4.78475e-05	0.000213413	
878	0.0993287	0.0985278	0.000800912	0	0.443034	0.439461	0.00357229	0	0	0	
879	0.0865075	0.0865075	0	0	0.385847	0.385847	0	0	0	0	
880	0.0904556	0.0869566	0.00349902	0	0.403457	0.387851	0.0156066	0	0	0	
881	0.0812213	0.0786753	0.0025312	1.4826e-05	0.36227	0.350914	0.0112898	6.61283e-05	1.48069e-05	6.60432e-05	
882	0.0920754	0.0887171	0.00335637	1.97393e-06	0.410682	0.395703	0.0149703	8.8043e-06	1.95483e-06	8.71911e-06	
883	0.05878	0.05878	0	0	0.262175	0.262175	0	0	0	0	
884	0.0781718	0.0781718	0	0	0.348668	0.348668	0	0	0	0	
885	0.0888013	0.0888013	0	0	0.396079	0.396079	0	0	0	0	
886	0.102857	0.100908	0.00194952	0	0.458775	0.450079	0.00869542	0	0	0	
887	0.0656882	0.0655841	0.000104102	0	0.292988	0.292523	0.000464328	0	0	0	
888	0.0960542	0.0960542	0	0	0.428429	0.428429	0	0	0	0	
889	0.0660208	0.0641089	0.00191182	0	0.294471	0.285944	0.00852729	0	0	0	
890	0.0958038	0.090914	0.00487612	1.36305e-05	0.427311	0.405502	0.0217489	6.07962e-05	1.36114e-05	6.0711e-05	
891	0.0421882	0.0409465	0.00124171	0	0.188171	0.182633	0.00553838	0	0	0	
892	0.0580861	0.0580861	0	0	0.25908	0.25908	0	0	0	0	
893	0.0862103	0.0862103	0	0	0.384522	0.384522	0	0	0	0	
894	0.0834367	0.0831168	0.000319953	0	0.372151	0.370724	0.00142708	0	0	0	
895	0.0794121	0.0794121	0	0	0.3542	0.3542	0	0	0	0	
896	0.0785343	0.0782144	0.000319953	0	0.350285	0.348858	0.00142708	0	0	0	
897	0.0754405	0.0711538	0.00427904	7.68086e-06	0.336485	0.317366	0.0190857	3.42588e-05	7.72238e-06	3.4444e-05	
898	0.0725815	0.0725815	0	0	0.323734	0.323734	0	0	0	0	
899	0.098832	0.0949677	0.00386425	0	0.440818	0.423582	0.0172356	0	0	0	
900	0.0812551	0.0812551	0	0	0.36242	0.36242	0	0	0	0	
901	0.193688	0.111564	0.0805182	0.00160562	0.863902	0.497607	0.359133	0.00716154	0.00194787	0.00868808	
902	0.0752988	0.0746733	0.000625448	0	0.335853	0.333064	0.00278967	0	0	0	
903	0.206844	0.115409	0.0911859	0.000248732	0.922583	0.514759	0.406714	0.00110941	0.000470014	0.00209639	
904	0.0678512	0.0673831	0.000468124	0	0.302635	0.300547	0.00208796	0	0	0	
905	0.15829	0.0923292	0.0659616	0	0.706021	0.411814	0.294207	0	0	0	
906	0.207973	0.129917	0.0775418	0.000514533	0.927622	0.579468	0.345858	0.00229496	0.000670203	0.00298929	
907	0.0799413	0.0799155	2.57667e-05	0	0.35656	0.356445	0.000114926	0	0	0	
908	0.111512	0.0988	0.0126858	2.64597e-05	0.497376	0.440675	0.0565823	0.000118017	3.08487e-05	0.000137594	
909	0.106423	0.105031	0.00139138	0	0.474676	0.46847	0.00620596	0	0	0	
910	0.121028	0.0897834	0.0312446	0	0.539819	0.400459	0.139359	0	0	0	
911	0.125354	0.106173	0.0186445	0.000536991	0.559117	0.473562	0.0831599	0.00239513	0.000539017	0.00240417	
912	0.104964	0.0955027	0.00945466	7.21608e-06	0.468171	0.425968	0.0421704	3.21857e-05	9.43298e-06	4.20737e-05	
913	0.114197	0.0983207	0.0157541	0.000122857	0.509353	0.438537	0.0702677	0.00054798	0.000122839	0.000547896	
914	0.0764074	0.0764074	0	0	0.340798	0.340798	0	0	0	0	
915	0.129103	0.0913759	0.0376949	3.26314e-05	0.575837	0.407562	0.168129	0.000145545	3.34339e-05	0.000149124	
916	0.106456	0.106456	0	0	0.474825	0.474825	0	0	0	0	
917	0.113913	0.0922391	0.0216739	0	0.508084	0.411412	0.0966719	0	0	0	
918	0.127953	0.0886284	0.0382575	0.00106715	0.570706	0.395307	0.170639	0.00475981	0.00174158	0.00776797	
919	0.090094	0.0859315	0.00416254	0	0.401844	0.383278	0.0185661	0	0	0	
920	0.115338	0.0854987	0.0298089	3.09092e-05	0.514442	0.381348	0.132956	0.000137863	8.39663e-05	0.000374513	
921	0.038177	0.038177	0	0	0.17028	0.17028	0	0	0	0	
922	0.0193532	0.0190778	0.000275434	0	0.0863211	0.0850925	0.00122851	0	0	0	
923	0.0606154	0.0589945	0.00161811	2.79098e-06	0.270362	0.263132	0.00721726	1.24485e-05	2.77193e-06	1.23636e-05	
924	0.0596023	0.0515125	0.00808986	1.91095e-08	0.265843	0.22976	0.036083	8.52339e-08	4.61111e-06	2.05668e-05	
925	0.0465467	0.0446871	0.00185961	1.9052e-08	0.207611	0.199317	0.00829439	8.49776e-08	4.61111e-06	2.05668e-05	
926	0.0660614	0.0586335	0.0074279	0	0.294652	0.261522	0.0331305	0	0	0	
927	0.0781617	0.0770446	0.00111705	0	0.348623	0.34364	0.00498236	0	0	0	
928	0.103902	0.0948415	0.00906124	0	0.463435	0.423019	0.0404156	0	0	0	
929	0.0435482	0.042869	0.000679218	0	0.194237	0.191207	0.0030295	0	0	0	
930	0.0759144	0.0745431	0.001365	6.26664e-06	0.338599	0.332483	0.00608829	2.79509e-05	6.24761e-06	2.78661e-05	
931	0.0933134	0.0823344	0.0109548	2.41534e-05	0.416204	0.367234	0.0488619	0.000107731	2.41344e-05	0.000107646	
932	0.0861747	0.0838914	0.00228332	0	0.384363	0.374179	0.0101842	0	0	0	
933	0.0475782	0.0475782	0	0	0.212212	0.212212	0	0	0	0	
934	0.0460298	0.0453316	0.000698278	0	0.205306	0.202191	0.00311451	0	0	0	
935	0.0928929	0.0774945	0.0153625	3.594e-05	0.414328	0.345647	0.0685213	0.000160302	5.34399e-05	0.000238357	
936	0.0761113	0.0756007	0.000510591	0	0.339477	0.3372	0.00227737	0	0	0	
937	0.0617215	0.0617215	0	0	0.275295	0.275295	0	0	0	0	
938	0.0671448	0.0671448	0	0	0.299484	0.299484	0	0	0	0	
939	0.0727084	0.0727084	0	0	0.324299	0.324299	0	0	0	0	
940	0.0750373	0.0742888	0.000748521	0	0.334687	0.331349	0.00333861	0	0	0	
941	0.0685483	0.0685483	0	0	0.305744	0.305744	0	0	0	0	
942	0.070653	0.070653	0	0	0.315132	0.315132	0	0	0	0	
943	0.0800243	0.0800243	0	0	0.356931	0.356931	0	0	0	0	
944	0.0634526	0.0634526	0	0	0.283016	0.283016	0	0	0	0	
945	0.0631729	0.0631729	0	0	0.281769	0.281769	0	0	0	0	
946	0.0654644	0.0654644	0	0	0.291989	0.291989	0	0	0	0	
947	0.0955885	0.0955885	0	0	0.426351	0.426351	0	0	0	0	
948	0.0650613	0.054132	0.0109292	0	0.290191	0.241444	0.0487477	0	0	0	
949	0.0645886	0.0645886	0	0	0.288083	0.288083	0	0	0	0	
950	0.0859242	0.0859242	0	0	0.383246	0.383246	0	0	0	0	
951	0.115797	0.115797	0	0	0.516488	0.516488	0	0	0	0	
952	0.0494163	0.0494163	0	0	0.22041	0.22041	0	0	0	0	
953	0.0539646	0.053216	0.000748521	0	0.240697	0.237358	0.00333861	0	0	0	
954	0.0868247	0.0862634	0.000561297	1.08089e-07	0.387262	0.384759	0.00250354	4.82108e-07	8.90447e-08	3.97164e-07	
955	0.0889443	0.0889443	0	0	0.396716	0.396716	0	0	0	0	
956	0.0536204	0.0496212	0.00399914	0	0.239162	0.221324	0.0178373	0	0	0	
957	0.0788473	0.0788473	0	0	0.351681	0.351681	0	0	0	0	
958	0.0832051	0.0691999	0.0140051	0	0.371118	0.308651	0.062467	0	0	0	
959	0.0907884	0.0907884	0	0	0.404941	0.404941	0	0	0	0	
960	0.0565675	0.0565675	0	0	0.252306	0.252306	0	0	0	0	
961	0.0762867	0.0747924	0.00149422	0	0.34026	0.333595	0.00666465	0	0	0	
962	0.0978317	0.0977794	5.22564e-05	0	0.436356	0.436123	0.000233078	0	0	0	
963	0.145485	0.145433	5.22564e-05	0	0.648906	0.648673	0.000233078	0	0	0	
964	0.104552	0.104113	0.000438834	0	0.466332	0.464375	0.00195732	0	0	0	
965	0.150197	0.0959945	0.0542032	0	0.669924	0.428162	0.241761	0	0	0	
966	0.155618	0.101415	0.0542032	0	0.694103	0.452342	0.241761	0	0	0	
967	0.0443483	0.0442257	0.000122641	0	0.197806	0.197259	0.000547013	0	0	0	
968	0.0704922	0.0704922	0	0	0.314415	0.314415	0	0	0	0	
969	0.196871	0.177426	0.0193984	4.70888e-05	0.878102	0.79137	0.0865227	0.000210029	5.63627e-05	0.000251393	
970	0.201519	0.173233	0.0280805	0.000205992	0.898834	0.772669	0.125247	0.000918784	0.000278932	0.00124411	
