Node	dPC	dPCintra	dPCflux	dPCconnector	varPC	varPCintra	varPCflux	varPCconnector	dBC_PC	varBC_PC	
1	0.172847	0.165422	0.0074148	1.0001e-05	0.769692	0.736629	0.0330182	4.4535e-05	9.97881e-06	4.44357e-05	
2	0.0906166	0.0832726	0.00734402	0	0.403517	0.370813	0.032703	0	0	0	
3	0.0916285	0.0815788	0.0100235	2.61724e-05	0.408023	0.363271	0.0446349	0.000116546	2.76587e-05	0.000123164	
4	0.0572689	0.0572689	0	0	0.255019	0.255019	0	0	0	0	
5	0.112942	0.105972	0.00696926	1.32084e-06	0.502934	0.471894	0.0310342	5.88175e-06	2.80016e-06	1.24691e-05	
6	0.0914287	0.0892591	0.00216445	5.15209e-06	0.407133	0.397471	0.00963833	2.29423e-05	5.12986e-06	2.28433e-05	
7	0.0866069	0.0859693	0.000637585	0	0.385661	0.382822	0.00283917	0	0	0	
8	0.122064	0.102738	0.0193267	0	0.543556	0.457494	0.086062	0	0	0	
9	0.0874767	0.0863974	0.00107743	1.83047e-06	0.389534	0.384729	0.00479782	8.15111e-06	1.80828e-06	8.05231e-06	
10	0.0608708	0.0591887	0.00167177	1.03953e-05	0.271058	0.263568	0.00744445	4.62904e-05	1.09833e-05	4.89088e-05	
11	0.0846915	0.0790028	0.00568875	0	0.377132	0.3518	0.025332	0	0	0	
12	0.0960132	0.0943481	0.00166158	3.51464e-06	0.427548	0.420133	0.00739904	1.56507e-05	3.67975e-06	1.63859e-05	
13	0.102936	0.102936	0	0	0.458377	0.458377	0	0	0	0	
14	0.0836213	0.083367	0.000254393	0	0.372367	0.371234	0.00113281	0	0	0	
15	0.0945857	0.0926806	0.00190511	0	0.421191	0.412708	0.00848348	0	0	0	
16	0.0732532	0.0732532	0	0	0.326197	0.326197	0	0	0	0	
17	0.0866824	0.0844582	0.00222105	3.26183e-06	0.385998	0.376093	0.00989039	1.4525e-05	3.23969e-06	1.44263e-05	
18	0.0733316	0.0721243	0.00120731	0	0.326546	0.32117	0.0053762	0	0	0	
19	0.0873162	0.0842714	0.00304334	1.52385e-06	0.38882	0.375261	0.013552	6.78574e-06	1.50167e-06	6.68697e-06	
20	0.0590997	0.0590997	0	0	0.263171	0.263171	0	0	0	0	
21	0.0840918	0.0817205	0.00237132	0	0.374461	0.363902	0.0105595	0	0	0	
22	0.0889967	0.0875389	0.00145532	2.56217e-06	0.396303	0.389811	0.00648056	1.14093e-05	2.54002e-06	1.13107e-05	
23	0.0982024	0.0949294	0.00326089	1.21215e-05	0.437296	0.422722	0.0145208	5.39773e-05	1.20994e-05	5.3879e-05	
24	0.0650685	0.0650685	0	0	0.289751	0.289751	0	0	0	0	
25	0.121285	0.115493	0.00577484	1.76817e-05	0.540086	0.514291	0.0257154	7.87372e-05	2.02266e-05	9.00694e-05	
26	0.0854317	0.0842543	0.00117734	0	0.380428	0.375185	0.00524272	0	0	0	
27	0.0841799	0.0762093	0.00784011	0.000130429	0.374854	0.339361	0.0349121	0.000580802	0.000134645	0.000599576	
28	0.0620937	0.0620937	0	0	0.276504	0.276504	0	0	0	0	
29	0.10554	0.101241	0.00429813	4.34016e-07	0.469971	0.450829	0.0191396	1.93267e-06	4.29117e-07	1.91086e-06	
30	0.168334	0.148796	0.0194548	8.29059e-05	0.749593	0.662592	0.0866326	0.000369181	8.39275e-05	0.00037373	
31	0.142357	0.138372	0.00398519	0	0.63392	0.616173	0.0177461	0	0	0	
32	0.144395	0.138835	0.00555519	5.14253e-06	0.642996	0.618236	0.0247373	2.28997e-05	5.30379e-06	2.36178e-05	
33	0.0781067	0.0766243	0.00148241	0	0.34781	0.341209	0.00660123	0	0	0	
34	0.104975	0.0971257	0.00784802	1.93143e-06	0.467457	0.432502	0.0349473	8.60072e-06	1.0874e-05	4.84224e-05	
35	0.0725153	0.0609467	0.0115025	6.60761e-05	0.322911	0.271396	0.0512208	0.000294237	6.79485e-05	0.000302575	
36	0.0816348	0.0811369	0.000497953	0	0.363521	0.361303	0.00221739	0	0	0	
37	0.170261	0.0949579	0.074847	0.000456998	0.758178	0.422848	0.333294	0.00203501	0.00475885	0.0211912	
38	0.0804837	0.0783948	0.00208886	0	0.358394	0.349093	0.00930176	0	0	0	
39	0.0904816	0.0838787	0.00658389	1.89944e-05	0.402915	0.373513	0.0293181	8.45825e-05	1.8972e-05	8.44829e-05	
40	0.102511	0.100925	0.00158604	0	0.456486	0.449424	0.00706268	0	0	0	
41	0.0981325	0.095902	0.0022305	5.10363e-08	0.436985	0.427053	0.00993248	2.27265e-07	4.23343e-08	1.88515e-07	
42	0.0754606	0.073917	0.00154327	3.64592e-07	0.336027	0.329153	0.00687222	1.62353e-06	1.19844e-06	5.33667e-06	
43	0.0588009	0.0553165	0.00348446	0	0.261841	0.246325	0.0155163	0	0	0	
44	0.064851	0.0645838	0.000267161	0	0.288782	0.287592	0.00118967	0	0	0	
45	0.0572164	0.0521255	0.00509093	0	0.254785	0.232115	0.02267	0	0	0	
46	0.0956117	0.0851016	0.0104809	2.91559e-05	0.42576	0.378958	0.0466717	0.000129831	3.23705e-05	0.000144146	
47	0.135966	0.13481	0.00115595	0	0.605459	0.600312	0.00514748	0	0	0	
48	0.10744	0.0850057	0.022344	9.11062e-05	0.478435	0.378531	0.0994984	0.000405697	0.000147011	0.000654642	
49	0.168492	0.158325	0.0101646	2.67297e-06	0.7503	0.705025	0.0452632	1.19027e-05	6.06475e-06	2.70064e-05	
50	0.0984952	0.0952438	0.00324952	1.8418e-06	0.4386	0.424122	0.0144701	8.20156e-06	1.82375e-06	8.12121e-06	
51	0.0846485	0.0846485	0	0	0.376941	0.376941	0	0	0	0	
52	0.0800598	0.0762186	0.00383954	1.7175e-06	0.356507	0.339402	0.0170975	7.64806e-06	1.69545e-06	7.54989e-06	
53	0.0966191	0.0949452	0.00167249	1.4448e-06	0.430246	0.422792	0.00744766	6.43375e-06	1.43426e-06	6.3868e-06	
54	0.0926291	0.0907372	0.00189194	0	0.412478	0.404053	0.00842485	0	0	0	
55	0.0986476	0.0927464	0.00588607	1.51735e-05	0.439279	0.413	0.0262107	6.75678e-05	1.54536e-05	6.88152e-05	
56	0.117179	0.112031	0.00514748	4.8245e-08	0.521801	0.498879	0.0229218	2.14835e-07	4.33345e-07	1.92969e-06	
57	0.10136	0.100766	0.000594433	0	0.451359	0.448712	0.00264701	0	0	0	
58	0.120675	0.0913414	0.0292913	4.23449e-05	0.537367	0.406744	0.130434	0.000188562	0.000164313	0.000731688	
59	0.174464	0.112078	0.0622452	0.00014069	0.776893	0.499087	0.277178	0.000626498	0.000159264	0.000709207	
60	0.0750282	0.0736234	0.0014013	3.52703e-06	0.334101	0.327845	0.00624001	1.57059e-05	3.50487e-06	1.56072e-05	
61	0.0879425	0.0871643	0.000778174	0	0.391609	0.388143	0.00346522	0	0	0	
62	0.101444	0.093448	0.00794987	4.68074e-05	0.451734	0.416125	0.0354008	0.000208434	6.12169e-05	0.000272599	
63	0.124486	0.0939328	0.0304956	5.78916e-05	0.554339	0.418284	0.135797	0.000257792	8.64613e-05	0.000385013	
64	0.0985897	0.096839	0.00175069	0	0.439021	0.431225	0.00779587	0	0	0	
65	0.109936	0.10259	0.00733308	1.22706e-05	0.489546	0.456837	0.0326543	5.46411e-05	1.32301e-05	5.8914e-05	
66	0.11484	0.100943	0.0138972	0	0.511386	0.449501	0.0618845	0	0	0	
67	0.169724	0.137357	0.0323191	4.7535e-05	0.755784	0.611654	0.143917	0.000211674	6.24844e-05	0.000278244	
68	0.107567	0.0798754	0.0275434	0.000148457	0.478998	0.355686	0.122651	0.000661082	0.000150241	0.000669028	
69	0.115677	0.113766	0.00191015	6.26207e-07	0.515112	0.506603	0.00850595	2.7885e-06	1.27362e-06	5.67145e-06	
70	0.0769806	0.0763563	0.000624243	0	0.342795	0.340015	0.00277976	0	0	0	
71	0.0658674	0.0441894	0.021678	0	0.293308	0.196775	0.0965324	0	0	0	
72	0.16606	0.129479	0.0365237	5.68297e-05	0.739469	0.576575	0.16264	0.000253063	0.000114777	0.000511106	
73	0.0860623	0.0596609	0.0263749	2.6442e-05	0.383236	0.265671	0.117448	0.000117746	2.74363e-05	0.000122174	
74	0.13508	0.105989	0.0290908	0	0.601515	0.471973	0.129542	0	0	0	
75	0.18142	0.142808	0.0383521	0.000260474	0.807869	0.635927	0.170782	0.00115989	0.000325229	0.00144825	
76	0.15524	0.140263	0.0148155	0.000161839	0.691287	0.624593	0.0659739	0.000720672	0.0001694	0.000754344	
77	0.0889403	0.0889403	0	0	0.396052	0.396052	0	0	0	0	
78	0.149374	0.0979743	0.0508747	0.000525143	0.665165	0.436281	0.226545	0.00233847	0.000790476	0.00351999	
79	0.16323	0.13599	0.0271437	9.61309e-05	0.726867	0.605568	0.120871	0.000428072	0.000124074	0.000552506	
80	0.13799	0.124195	0.0137595	3.56277e-05	0.614474	0.553044	0.0612714	0.00015865	7.26029e-05	0.000323301	
81	0.109112	0.105397	0.00371435	0	0.485877	0.469337	0.01654	0	0	0	
82	0.252605	0.159863	0.0916867	0.00105521	1.12485	0.711875	0.408282	0.00469887	0.00183591	0.00817536	
83	0.163235	0.124188	0.0389457	0.000101354	0.726889	0.553012	0.173425	0.000451333	0.000130419	0.000580759	
84	0.114146	0.0954121	0.0187277	6.36031e-06	0.508294	0.424871	0.0833947	2.83225e-05	8.59685e-06	3.82818e-05	
85	0.139919	0.100293	0.039626	0	0.623064	0.446609	0.176455	0	0	0	
86	0.170554	0.145034	0.0252618	0.000258251	0.75948	0.645839	0.112491	0.00114999	0.000385248	0.00171551	
87	0.0808311	0.076982	0.00384907	0	0.359942	0.342802	0.0171399	0	0	0	
88	0.0840822	0.0809728	0.0031094	0	0.374419	0.360573	0.0138462	0	0	0	
89	0.0778657	0.0763357	0.00152587	4.1914e-06	0.346737	0.339923	0.00679475	1.86643e-05	4.17407e-06	1.85871e-05	
90	0.110493	0.0980067	0.0124779	9.25916e-06	0.49203	0.436425	0.0555644	4.12311e-05	1.22075e-05	5.43602e-05	
91	0.104291	0.10155	0.00274102	4.64056e-08	0.464413	0.452207	0.0122058	2.06645e-07	9.97176e-08	4.44043e-07	
92	0.084733	0.08319	0.00154303	0	0.377317	0.370446	0.00687117	0	0	0	
93	0.0947952	0.0895492	0.00524092	5.07911e-06	0.422124	0.398764	0.0233379	2.26173e-05	1.71441e-05	7.63429e-05	
94	0.0899387	0.0850839	0.00485484	0	0.400498	0.378879	0.0216186	0	0	0	
95	0.153856	0.130451	0.0234036	1.7301e-06	0.685126	0.580902	0.104216	7.70417e-06	2.04651e-06	9.11316e-06	
96	0.191536	0.158326	0.033158	5.17207e-05	0.852914	0.70503	0.147653	0.000230313	7.40794e-05	0.000329876	
97	0.113933	0.0939738	0.0199595	0	0.507346	0.418466	0.08888	0	0	0	
98	0.106776	0.0889209	0.0178552	0	0.475475	0.395965	0.0795094	0	0	0	
99	0.111129	0.0996957	0.0114269	6.77687e-06	0.49486	0.443946	0.0508842	3.01775e-05	8.54794e-06	3.8064e-05	
100	0.0982946	0.0916576	0.00661118	2.58313e-05	0.437707	0.408152	0.0294396	0.000115027	2.90485e-05	0.000129353	
101	0.145316	0.143799	0.00151726	0	0.647095	0.640339	0.00675641	0	0	0	
102	0.150752	0.10689	0.0438007	6.22809e-05	0.671304	0.475982	0.195045	0.000277337	9.30676e-05	0.000414431	
103	0.0757327	0.0730671	0.00266559	0	0.337238	0.325368	0.0118699	0	0	0	
104	0.109691	0.0830141	0.0266619	1.52046e-05	0.488456	0.369662	0.118726	6.77064e-05	2.13013e-05	9.48553e-05	
105	0.0920922	0.0859213	0.00608337	8.75139e-05	0.410087	0.382608	0.0270893	0.0003897	8.75421e-05	0.000389826	
106	0.137451	0.111146	0.0262518	5.24327e-05	0.612071	0.494938	0.116899	0.000233483	6.26532e-05	0.000278995	
107	0.195076	0.146184	0.0487473	0.000144728	0.868677	0.65096	0.217072	0.000644478	0.000185098	0.000824244	
108	0.10113	0.096578	0.00453979	1.241e-05	0.450334	0.430063	0.0202157	5.52621e-05	1.47132e-05	6.55184e-05	
109	0.133574	0.107725	0.0257867	6.19104e-05	0.594807	0.479703	0.114828	0.000275688	7.90254e-05	0.000351901	
110	0.115328	0.108245	0.00708327	0	0.51356	0.482018	0.0315419	0	0	0	
111	0.104047	0.0958985	0.0081453	3.38649e-06	0.463323	0.427037	0.0362711	1.508e-05	3.73316e-06	1.66238e-05	
112	0.100918	0.0944779	0.00643785	3.18254e-06	0.449393	0.420711	0.0286678	1.41719e-05	3.79728e-06	1.69093e-05	
113	0.0928587	0.0914564	0.0014016	6.86596e-07	0.413501	0.407256	0.00624137	3.05742e-06	7.553e-07	3.36336e-06	
114	0.160154	0.123724	0.0355787	0.00085158	0.713169	0.550944	0.158432	0.00379209	0.000978679	0.00435807	
115	0.112521	0.106444	0.00607664	6.79615e-07	0.501061	0.473999	0.0270593	3.02633e-06	6.7312e-07	2.99741e-06	
116	0.119951	0.113965	0.00598493	1.28785e-06	0.534145	0.507489	0.026651	5.73484e-06	1.37876e-06	6.13964e-06	
117	0.109441	0.0965203	0.0129158	5.36479e-06	0.487344	0.429806	0.0575146	2.38895e-05	5.91987e-06	2.63612e-05	
118	0.102734	0.101256	0.00147799	6.10455e-07	0.457479	0.450895	0.00658154	2.71836e-06	5.89884e-07	2.62676e-06	
119	0.118219	0.113164	0.00505484	0	0.526432	0.503922	0.0225092	0	0	0	
120	0.108021	0.0957949	0.0121593	6.69147e-05	0.481019	0.426576	0.0541459	0.000297972	8.59536e-05	0.000382752	
121	0.0889762	0.0840248	0.00495139	0	0.396212	0.374163	0.0220486	0	0	0	
122	0.179879	0.157091	0.0226675	0.000120232	0.801004	0.69953	0.100939	0.000535396	0.000158101	0.00070403	
123	0.109345	0.106578	0.00276684	5.27248e-07	0.486918	0.474595	0.0123207	2.34784e-06	1.23163e-06	5.48449e-06	
124	0.151874	0.0959861	0.0541161	0.00177248	0.6763	0.427427	0.240979	0.00789287	0.00307683	0.0137011	
125	0.108976	0.103001	0.00597483	0	0.485273	0.458667	0.026606	0	0	0	
126	0.138794	0.103949	0.0340427	0.000802506	0.618052	0.462886	0.151592	0.00357357	0.00130141	0.00579523	
127	0.208446	0.19087	0.0174656	0.000110256	0.928214	0.849949	0.0777747	0.000490974	0.000134723	0.000599925	
128	0.134951	0.120188	0.0147611	1.92185e-06	0.600939	0.5352	0.0657313	8.55805e-06	3.7864e-06	1.68609e-05	
129	0.122988	0.117595	0.00539112	1.31832e-06	0.547668	0.523656	0.0240067	5.87051e-06	2.752e-06	1.22546e-05	
130	0.0965777	0.0958705	0.000706821	3.39051e-07	0.430061	0.426912	0.00314748	1.50979e-06	3.19828e-07	1.42419e-06	
131	0.130357	0.124149	0.00618768	1.99763e-05	0.580483	0.55284	0.0275538	8.8955e-05	2.04411e-05	9.10244e-05	
132	0.118399	0.0848298	0.03357	0	0.527236	0.377748	0.149487	0	0	0	
133	0.130162	0.110383	0.0196915	8.74166e-05	0.579614	0.491539	0.0876864	0.000389267	0.000116009	0.000516589	
134	0.0957824	0.0952693	0.000513066	0	0.42652	0.424235	0.00228469	0	0	0	
135	0.0707764	0.0702828	0.000493646	0	0.315168	0.31297	0.00219821	0	0	0	
136	0.105838	0.103111	0.00272684	0	0.471298	0.459156	0.0121426	0	0	0	
137	0.108155	0.101723	0.0063811	5.09897e-05	0.481617	0.452975	0.0284151	0.000227057	5.72078e-05	0.000254747	
138	0.110618	0.103944	0.00666672	7.35434e-06	0.492585	0.462865	0.0296869	3.2749e-05	8.63351e-06	3.84451e-05	
139	0.111419	0.105799	0.00561252	7.86182e-06	0.496152	0.471125	0.0249926	3.50088e-05	1.35176e-05	6.01942e-05	
140	0.137536	0.12059	0.0169198	2.69459e-05	0.612453	0.536989	0.0753445	0.00011999	4.50241e-05	0.000200493	
141	0.097832	0.0926676	0.00515988	4.56971e-06	0.435647	0.41265	0.022977	2.03489e-05	9.09787e-06	4.05129e-05	
142	0.0853728	0.0831113	0.00226153	0	0.380166	0.370095	0.0100706	0	0	0	
143	0.154637	0.154206	0.000431083	0	0.688602	0.686683	0.00191961	0	0	0	
144	0.100382	0.0983894	0.00199098	1.94708e-06	0.447003	0.438129	0.00886585	8.67039e-06	2.02704e-06	9.02645e-06	
145	0.0916666	0.0864413	0.00522368	1.66177e-06	0.408192	0.384924	0.0232611	7.39991e-06	2.35257e-06	1.0476e-05	
146	0.0642677	0.0609621	0.00330212	3.52427e-06	0.286185	0.271465	0.0147043	1.56936e-05	3.89902e-06	1.73623e-05	
147	0.0768913	0.0724355	0.00442712	2.86519e-05	0.342398	0.322556	0.019714	0.000127587	2.8643e-05	0.000127547	
148	0.11289	0.107434	0.00545463	6.47106e-07	0.502701	0.478408	0.0242895	2.88157e-06	1.80357e-06	8.03136e-06	
149	0.11585	0.0995666	0.0162063	7.7668e-05	0.515884	0.443371	0.0721668	0.000345856	0.000109915	0.000489455	
150	0.0938971	0.0823205	0.0114822	9.43656e-05	0.418124	0.366574	0.0511305	0.000420211	9.59938e-05	0.000427461	
151	0.133035	0.124024	0.00897936	3.08447e-05	0.592406	0.552284	0.0399852	0.000137351	3.47617e-05	0.000154794	
152	0.0935111	0.0844836	0.00902171	5.83713e-06	0.416406	0.376206	0.0401737	2.59928e-05	1.11019e-05	4.94369e-05	
153	0.138583	0.135174	0.00340879	0	0.617114	0.601934	0.0151793	0	0	0	
154	0.101822	0.0973993	0.00442172	9.41012e-07	0.453414	0.43372	0.01969	4.19033e-06	1.21613e-06	5.41547e-06	
155	0.104642	0.0915604	0.0130651	1.70795e-05	0.465975	0.407719	0.0581794	7.60556e-05	2.51864e-05	0.000112155	
156	0.105188	0.0944617	0.010727	0	0.468407	0.420639	0.0477675	0	0	0	
157	0.0885478	0.0880865	0.000461325	0	0.394304	0.39225	0.00205429	0	0	0	
158	0.107514	0.103199	0.00431131	4.05037e-06	0.478765	0.459549	0.0191983	1.80363e-05	5.18171e-06	2.30742e-05	
159	0.100776	0.098984	0.00179146	1.11377e-06	0.448759	0.440777	0.00797741	4.95965e-06	1.20333e-06	5.35846e-06	
160	0.172296	0.155379	0.0169171	0	0.767237	0.691905	0.0753322	0	0	0	
161	0.208662	0.173498	0.0351158	4.81123e-05	0.929176	0.77259	0.156371	0.000214244	6.44664e-05	0.000287069	
162	0.116702	0.0940413	0.0226544	6.56714e-06	0.519676	0.418767	0.10088	2.92435e-05	6.7064e-06	2.98636e-05	
163	0.0908216	0.0783885	0.0123989	3.41892e-05	0.404429	0.349065	0.0552125	0.000152245	3.94016e-05	0.000175456	
164	0.123106	0.0895697	0.0334865	4.99737e-05	0.548193	0.398855	0.149116	0.000222533	0.000160314	0.000713881	
165	0.153447	0.115026	0.0381867	0.000234008	0.683301	0.512213	0.170046	0.00104204	0.000321781	0.00143289	
166	0.102214	0.0972662	0.00494815	0	0.455162	0.433127	0.0220341	0	0	0	
167	0.103593	0.0969631	0.00662707	3.44989e-06	0.461303	0.431778	0.0295104	1.53624e-05	5.40736e-06	2.4079e-05	
168	0.109887	0.0979071	0.0119662	1.44908e-05	0.489331	0.435981	0.0532857	6.45281e-05	1.72834e-05	7.69632e-05	
169	0.0968131	0.0946347	0.00217014	8.22261e-06	0.43111	0.421409	0.00966369	3.66154e-05	8.2005e-06	3.65169e-05	
170	0.145698	0.108515	0.036531	0.000651546	0.648795	0.483221	0.162673	0.00290134	0.000716162	0.00318907	
171	0.215273	0.195086	0.0201772	1.04275e-05	0.958616	0.86872	0.0898496	4.6434e-05	1.04051e-05	4.63342e-05	
172	0.133547	0.12198	0.0115671	0	0.59469	0.543181	0.0515085	0	0	0	
173	0.164856	0.135517	0.0291042	0.000234732	0.734106	0.603459	0.129601	0.00104526	0.000265012	0.0011801	
174	0.120553	0.113115	0.00743794	0	0.536827	0.503706	0.0331212	0	0	0	
175	0.103845	0.0961478	0.00769794	0	0.462426	0.428147	0.034279	0	0	0	
176	0.108125	0.0947368	0.0132662	0.000122401	0.481484	0.421864	0.0590748	0.000545055	0.000148816	0.000662681	
177	0.174374	0.141649	0.032273	0.000451761	0.776489	0.630765	0.143712	0.00201169	0.000524837	0.0023371	
178	0.141028	0.10632	0.0345606	0.000147462	0.628002	0.473446	0.153899	0.00065665	0.000182484	0.000812606	
179	0.180675	0.140288	0.0399883	0.000398107	0.804548	0.624706	0.178068	0.00177277	0.000502725	0.00223864	
180	0.112314	0.101335	0.0108306	0.000148409	0.500136	0.451247	0.0482288	0.000660869	0.000151343	0.000673932	
181	0.128619	0.125213	0.00340612	0	0.572746	0.557578	0.0151675	0	0	0	
182	0.101145	0.0993289	0.00181605	0	0.4504	0.442313	0.00808691	0	0	0	
183	0.116282	0.11142	0.00486109	0	0.517805	0.496158	0.0216464	0	0	0	
184	0.0935136	0.0879446	0.0055665	2.49834e-06	0.416417	0.391618	0.0247876	1.11251e-05	3.02896e-06	1.3488e-05	
185	0.0918385	0.0825041	0.00933186	2.59617e-06	0.408958	0.367391	0.0415549	1.15607e-05	3.60378e-06	1.60477e-05	
186	0.137806	0.113702	0.0240872	1.74557e-05	0.613655	0.506316	0.10726	7.77306e-05	2.49132e-05	0.000110939	
187	0.0890879	0.0881948	0.000893012	0	0.396709	0.392732	0.00397659	0	0	0	
188	0.0843824	0.0806038	0.00377856	0	0.375755	0.358929	0.0168259	0	0	0	
189	0.109078	0.1022	0.00687847	0	0.485728	0.455098	0.0306299	0	0	0	
190	0.0697817	0.0593239	0.0104577	0	0.310738	0.26417	0.0465685	0	0	0	
191	0.33112	0.213149	0.11561	0.00236079	1.47448	0.949155	0.514815	0.0105126	0.00249341	0.0111031	
192	0.0729242	0.0729242	0	0	0.324732	0.324732	0	0	0	0	
193	0.118303	0.118303	0	0	0.526805	0.526805	0	0	0	0	
194	0.152118	0.120966	0.03098	0.000171804	0.677384	0.538664	0.137954	0.000765046	0.000183356	0.000816488	
195	0.0885396	0.0885397	0	0	0.394268	0.394268	0	0	0	0	
196	0.0893159	0.0893159	0	0	0.397725	0.397725	0	0	0	0	
197	0.0718271	0.0559752	0.0157739	7.79245e-05	0.319847	0.249258	0.0702418	0.000346998	9.31175e-05	0.000414653	
198	0.143998	0.1142	0.0295384	0.000259542	0.641228	0.508538	0.131534	0.00115574	0.000325785	0.00145072	
199	0.139543	0.114238	0.0252996	5.52808e-06	0.621388	0.508704	0.112659	2.46166e-05	1.08303e-05	4.82277e-05	
200	0.109456	0.0871369	0.0223194	3.35798e-07	0.487412	0.388022	0.0993886	1.49531e-06	1.40086e-06	6.23806e-06	
201	0.148408	0.100498	0.0474311	0.000478516	0.660863	0.447521	0.211211	0.00213083	0.000894192	0.00398184	
202	0.105763	0.105763	0	0	0.470968	0.470968	0	0	0	0	
203	0.096565	0.0944045	0.00216053	0	0.430005	0.420384	0.00962088	0	0	0	
204	0.165988	0.133645	0.0321828	0.000160851	0.739149	0.595122	0.14331	0.000716272	0.000180502	0.000803779	
205	0.109134	0.0897584	0.0192897	8.6266e-05	0.485976	0.399695	0.0858973	0.000384143	9.84661e-05	0.000438471	
206	0.187414	0.149157	0.0381545	0.000102412	0.834557	0.664198	0.169902	0.000456045	0.000114641	0.000510499	
207	0.0620718	0.0518425	0.0102227	6.58505e-06	0.276406	0.230855	0.0455218	2.93233e-05	1.18139e-05	5.26076e-05	
208	0.101105	0.0981562	0.00294851	4.73514e-07	0.450222	0.437091	0.0131297	2.10856e-06	5.44483e-07	2.42459e-06	
209	0.142076	0.0950758	0.0470005	0	0.632667	0.423374	0.209293	0	0	0	
210	0.114433	0.113512	0.000920994	0	0.509575	0.505474	0.00410119	0	0	0	
211	0.158508	0.10335	0.055158	0	0.705838	0.460219	0.245619	0	0	0	
212	0.116668	0.116165	0.000503234	3.43979e-07	0.519527	0.517285	0.0022409	1.53174e-06	3.21786e-07	1.43292e-06	
213	0.233693	0.164353	0.068881	0.000458975	1.04064	0.731869	0.306728	0.00204382	0.00164204	0.00731204	
214	0.118849	0.115609	0.00323581	4.12148e-06	0.529238	0.514811	0.0144091	1.8353e-05	1.35814e-05	6.04785e-05	
215	0.177742	0.161307	0.0164155	1.99093e-05	0.79149	0.718303	0.0730986	8.86567e-05	2.28214e-05	0.000101624	
216	0.0958738	0.0846532	0.0112206	0	0.426927	0.376961	0.0499656	0	0	0	
217	0.198849	0.140624	0.0574237	0.000800516	0.885477	0.626204	0.255708	0.0035647	0.000984425	0.00438365	
218	0.0972949	0.0969787	0.000316192	0	0.433255	0.431847	0.001408	0	0	0	
219	0.133272	0.132805	0.00046751	0	0.593464	0.591382	0.00208182	0	0	0	
220	0.095361	0.0836592	0.0117015	2.6283e-07	0.424643	0.372535	0.052107	1.17038e-06	1.12779e-06	5.02207e-06	
221	0.110193	0.0936738	0.0164978	2.20978e-05	0.490694	0.41713	0.0734652	9.84021e-05	2.59063e-05	0.000115361	
222	0.0514397	0.0501771	0.00126263	0	0.229062	0.223439	0.00562255	0	0	0	
223	0.0969607	0.0965821	0.000378615	0	0.431767	0.430081	0.00168597	0	0	0	
224	0.159401	0.144952	0.0144487	1.42225e-07	0.709816	0.645474	0.0643406	6.33331e-07	1.19937e-07	5.34083e-07	
225	0.0805915	0.0781397	0.00245082	9.89244e-07	0.358875	0.347957	0.0109135	4.40511e-06	1.8235e-06	8.12011e-06	
226	0.232782	0.224567	0.00820047	1.50067e-05	1.03658	1	0.0365168	6.68253e-05	1.52383e-05	6.78566e-05	
227	0.0840121	0.0820826	0.00192756	2.02487e-06	0.374107	0.365514	0.00858347	9.01678e-06	3.09128e-06	1.37655e-05	
228	0.0935697	0.0791677	0.014402	0	0.416667	0.352534	0.0641323	0	0	0	
229	0.128688	0.123606	0.00508169	0	0.573049	0.55042	0.0226288	0	0	0	
230	0.108289	0.106333	0.00195605	0	0.482214	0.473504	0.00871034	0	0	0	
231	0.0921441	0.0918045	0.000339642	0	0.410319	0.408806	0.00151243	0	0	0	
232	0.0857487	0.074901	0.0108476	0	0.38184	0.333535	0.0483045	0	0	0	
233	0.0792014	0.0779387	0.00125873	3.99761e-06	0.352685	0.347062	0.00560514	1.78014e-05	3.97545e-06	1.77027e-05	
234	0.104048	0.104048	0	0	0.463329	0.463329	0	0	0	0	
235	0.135915	0.135915	0	0	0.605233	0.605233	0	0	0	0	
236	0.0696734	0.0660078	0.00365219	1.34353e-05	0.310256	0.293933	0.0162632	5.98277e-05	1.61038e-05	7.17104e-05	
237	0.0491239	0.0472543	0.0018696	0	0.218749	0.210423	0.00832537	0	0	0	
238	0.0892861	0.0892861	0	0	0.397592	0.397592	0	0	0	0	
239	0.152162	0.121688	0.0302335	0.000240248	0.677579	0.541879	0.13463	0.00106983	0.000240239	0.00106979	
240	0.092624	0.090461	0.00216307	0	0.412456	0.402824	0.00963218	0	0	0	
241	0.149222	0.118318	0.0308567	4.65391e-05	0.664487	0.526874	0.137405	0.000207239	4.94665e-05	0.000220275	
242	0.0853802	0.0853753	4.82661e-06	0	0.380199	0.380177	2.14929e-05	0	0	0	
243	0.0859399	0.0859399	0	0	0.382691	0.382691	0	0	0	0	
244	0.0886824	0.0886405	4.18584e-05	0	0.394903	0.394717	0.000186396	0	0	0	
245	0.123459	0.0950319	0.0280085	0.00041898	0.549766	0.423178	0.124722	0.00186572	0.000458815	0.00204311	
246	0.105153	0.0894439	0.0157093	0	0.468248	0.398294	0.0699538	0	0	0	
247	0.110866	0.107073	0.00377986	1.3061e-05	0.493691	0.476801	0.0168317	5.81608e-05	1.35078e-05	6.01507e-05	
248	0.0835105	0.0835105	0	0	0.371873	0.371873	0	0	0	0	
249	0.0743681	0.0699378	0.0044303	0	0.331162	0.311433	0.0197282	0	0	0	
250	0.0686311	0.0665852	0.00203839	7.46819e-06	0.305615	0.296504	0.009077	3.32559e-05	7.44606e-06	3.31574e-05	
251	0.126246	0.109167	0.0169989	8.05059e-05	0.562178	0.486123	0.0756967	0.000358493	8.04838e-05	0.000358395	
252	0.0775082	0.0692103	0.00824002	5.78675e-05	0.345145	0.308194	0.0366929	0.000257684	5.83065e-05	0.000259639	
253	0.0980781	0.0977208	0.000357291	0	0.436743	0.435152	0.00159102	0	0	0	
254	0.0778105	0.0775934	0.000217175	0	0.346491	0.345524	0.000967086	0	0	0	
255	0.0866836	0.0866422	4.13839e-05	0	0.386003	0.385818	0.000184283	0	0	0	
256	0.0997122	0.0966238	0.00308754	8.92952e-07	0.444019	0.430266	0.0137488	3.97632e-06	9.78332e-07	4.35652e-06	
257	0.089123	0.0887133	0.000409646	0	0.396865	0.395041	0.00182415	0	0	0	
258	0.100703	0.0961011	0.00458955	1.28005e-05	0.448433	0.427939	0.0204373	5.7001e-05	1.44205e-05	6.42147e-05	
259	0.0511196	0.0452248	0.00581969	7.50439e-05	0.227636	0.201386	0.0259151	0.000334171	7.89717e-05	0.000351662	
260	0.0448165	0.0417046	0.00311188	0	0.199568	0.185711	0.0138572	0	0	0	
261	0.110434	0.10976	0.000674012	0	0.491764	0.488762	0.00300138	0	0	0	
262	0.115842	0.110994	0.00484838	0	0.515849	0.494259	0.0215899	0	0	0	
263	0.060609	0.0437184	0.0164182	0.000472338	0.269892	0.194678	0.0731107	0.00210333	0.000540776	0.00240808	
264	0.191263	0.139828	0.0510936	0.00034191	0.8517	0.622657	0.22752	0.00152253	0.0011092	0.00493928	
265	0.0480449	0.0433158	0.00472755	1.57923e-06	0.213944	0.192885	0.0210518	7.03236e-06	5.6059e-06	2.49631e-05	
266	0.0853665	0.0833381	0.00202807	3.19195e-07	0.380138	0.371105	0.00903105	1.42138e-06	2.97057e-07	1.3228e-06	
267	0.048623	0.0455111	0.00311188	0	0.216518	0.202661	0.0138572	0	0	0	
268	0.0852981	0.0850975	0.000200605	0	0.379833	0.37894	0.000893298	0	0	0	
269	0.205699	0.204597	0.00110186	3.92549e-07	0.915984	0.911075	0.00490663	1.74802e-06	4.17715e-07	1.86009e-06	
270	0.107442	0.107225	0.000217175	0	0.478441	0.477474	0.000967086	0	0	0	
271	0.0844946	0.0844946	0	0	0.376255	0.376255	0	0	0	0	
272	0.105479	0.103518	0.00196047	0	0.469699	0.460969	0.00873	0	0	0	
273	0.107473	0.0914999	0.0159017	7.18401e-05	0.47858	0.40745	0.0708106	0.000319905	0.0001129	0.000502745	
274	0.101367	0.0941358	0.00723116	5.17905e-08	0.451388	0.419188	0.0322004	2.30623e-07	1.89373e-07	8.43282e-07	
275	0.120187	0.111021	0.00906927	9.6441e-05	0.535195	0.49438	0.0403855	0.000429453	0.00010185	0.00045354	
276	0.0910324	0.089627	0.00140545	0	0.405368	0.39911	0.00625851	0	0	0	
277	0.105732	0.103854	0.00187292	5.42775e-06	0.470829	0.462465	0.00834013	2.41698e-05	5.4142e-06	2.41095e-05	
278	0.177986	0.147694	0.0302156	7.63013e-05	0.792576	0.657686	0.13455	0.00033977	0.000147382	0.000656295	
279	0.0780146	0.0768852	0.00112935	0	0.347399	0.34237	0.00502902	0	0	0	
280	0.140275	0.121133	0.0191389	2.83472e-06	0.624647	0.539409	0.0852259	1.2623e-05	1.75743e-05	7.82588e-05	
281	0.114604	0.0949259	0.0195784	0.000100326	0.510336	0.422706	0.0871831	0.000446755	0.000114535	0.000510028	
282	0.0853905	0.0810657	0.00432476	0	0.380245	0.360986	0.0192582	0	0	0	
283	0.10089	0.0909494	0.00991823	2.32087e-05	0.449268	0.404999	0.044166	0.000103348	2.80702e-05	0.000124997	
284	0.139212	0.110389	0.0287601	6.2502e-05	0.619914	0.491567	0.128069	0.000278322	7.77586e-05	0.00034626	
285	0.100591	0.0870529	0.0135388	0	0.447936	0.387648	0.0602885	0	0	0	
286	0.120225	0.0819086	0.0382502	6.646e-05	0.535365	0.36474	0.170328	0.000295947	0.000172853	0.000769718	
287	0.077521	0.0652489	0.0122721	0	0.345202	0.290554	0.0546478	0	0	0	
288	0.217023	0.140201	0.0750329	0.00178977	0.966409	0.624317	0.334122	0.00796987	0.0023112	0.0102918	
289	0.0674543	0.0654938	0.00196047	0	0.300375	0.291645	0.00873	0	0	0	
290	0.0697095	0.0688451	0.000864431	0	0.310417	0.306568	0.00384932	0	0	0	
291	0.209126	0.136882	0.0710092	0.00123535	0.931243	0.609537	0.316205	0.00550106	0.00145082	0.00646054	
292	0.134284	0.11642	0.0177962	6.72819e-05	0.597969	0.518423	0.0792468	0.000299607	7.30589e-05	0.000325332	
293	0.064587	0.0474696	0.0171174	0	0.287606	0.211382	0.0762241	0	0	0	
294	0.0642547	0.0608662	0.00337756	1.09289e-05	0.286127	0.271038	0.0150403	4.86668e-05	2.04303e-05	9.09767e-05	
295	0.178364	0.15184	0.0264557	6.84914e-05	0.79426	0.676147	0.117807	0.000304993	0.000162301	0.000722731	
296	0.118052	0.118052	0	0	0.525688	0.525688	0	0	0	0	
297	0.172822	0.146277	0.0265242	2.13781e-05	0.769582	0.651374	0.118112	9.51972e-05	3.59504e-05	0.000160087	
298	0.103382	0.0906465	0.0126609	7.45707e-05	0.460361	0.40365	0.0563794	0.000332064	8.26476e-05	0.000368031	
299	0.0960502	0.0792516	0.0163556	0.000442971	0.427712	0.352908	0.072832	0.00197255	0.000442948	0.00197245	
300	0.0774499	0.0765854	0.000864431	0	0.344885	0.341036	0.00384932	0	0	0	
301	0.0634694	0.0621085	0.00136095	0	0.28263	0.27657	0.00606036	0	0	0	
302	0.0720426	0.0692042	0.00283781	6.2848e-07	0.320806	0.308167	0.0126368	2.79863e-06	9.13493e-07	4.06779e-06	
303	0.123764	0.105591	0.0180749	9.79099e-05	0.551125	0.470201	0.0804879	0.000435994	0.00011459	0.000510271	
304	0.0952505	0.0952505	0	0	0.424151	0.424151	0	0	0	0	
305	0.0513293	0.041187	0.0100645	7.77175e-05	0.22857	0.183406	0.0448177	0.000346077	8.08996e-05	0.000360247	
306	0.0589418	0.0528243	0.00611745	0	0.262468	0.235227	0.0272411	0	0	0	
307	0.0884266	0.0871236	0.00130298	0	0.393764	0.387962	0.0058022	0	0	0	
308	0.0899316	0.0753712	0.0145441	1.63085e-05	0.400466	0.335629	0.0647651	7.26219e-05	2.7562e-05	0.000122734	
309	0.124299	0.110539	0.0136239	0.000135403	0.553506	0.492235	0.0606677	0.000602953	0.000138608	0.000617225	
310	0.145514	0.143045	0.00246261	5.69497e-06	0.647976	0.636985	0.010966	2.53597e-05	5.835e-06	2.59833e-05	
311	0.0807235	0.0737935	0.00687837	5.16439e-05	0.359462	0.328603	0.0306294	0.000229971	5.41484e-05	0.000241123	
312	0.141946	0.0956462	0.0458168	0.000483163	0.632088	0.425913	0.204022	0.00215153	0.000590778	0.00263074	
313	0.103103	0.0932405	0.00983382	2.91436e-05	0.459121	0.415201	0.0437901	0.000129776	3.01394e-05	0.000134211	
314	0.0787674	0.0771215	0.0016459	0	0.350752	0.343423	0.00732925	0	0	0	
315	0.109785	0.0947849	0.0149069	9.32939e-05	0.488874	0.422078	0.0663807	0.000415439	9.89146e-05	0.000440468	
316	0.0750396	0.0704619	0.00457771	0	0.334152	0.313767	0.0203846	0	0	0	
317	0.123256	0.0766113	0.0464032	0.000241794	0.548861	0.341151	0.206634	0.00107671	0.000752969	0.00335298	
318	0.177527	0.122031	0.0554927	2.85614e-06	0.790531	0.543408	0.24711	1.27184e-05	2.83465e-06	1.26227e-05	
319	0.246797	0.143298	0.0999931	0.00350582	1.09899	0.638109	0.44527	0.0156114	0.00468963	0.020883	
320	0.0876564	0.0759429	0.011693	2.05466e-05	0.390335	0.338174	0.0520691	9.14946e-05	2.90979e-05	0.000129573	
321	0.150432	0.0986161	0.0503737	0.00144216	0.669875	0.439138	0.224314	0.00642199	0.00156737	0.00697954	
322	0.144718	0.0786495	0.0650677	0.0010014	0.644434	0.350227	0.289747	0.00445926	0.00117415	0.00522853	
323	0.0978199	0.0946811	0.00313881	0	0.435593	0.421616	0.0139771	0	0	0	
324	0.12663	0.124969	0.0016611	0	0.563885	0.556488	0.00739694	0	0	0	
325	0.0904452	0.0900648	0.00038041	0	0.402753	0.401059	0.00169397	0	0	0	
326	0.0715051	0.0709438	0.000561269	0	0.318413	0.315913	0.00249933	0	0	0	
327	0.0784642	0.0750049	0.00345789	1.40845e-06	0.349402	0.333998	0.015398	6.27185e-06	1.38627e-06	6.17311e-06	
328	0.0907318	0.0905534	0.000178367	0	0.404029	0.403235	0.000794272	0	0	0	
329	0.0957232	0.0913127	0.00440134	9.18486e-06	0.426256	0.406616	0.0195992	4.09003e-05	1.27753e-05	5.68887e-05	
330	0.145693	0.0881262	0.0555904	0.00197669	0.648774	0.392427	0.247545	0.00880224	0.00261288	0.0116352	
331	0.126548	0.116655	0.00986108	3.24092e-05	0.563523	0.519467	0.0439115	0.000144318	3.5252e-05	0.000156977	
332	0.1103	0.0961964	0.0140317	7.24999e-05	0.49117	0.428364	0.0624833	0.000322843	9.93538e-05	0.000442424	
333	0.124099	0.0982718	0.025823	4.67641e-06	0.552616	0.437605	0.11499	2.08241e-05	5.03857e-06	2.24368e-05	
334	0.143348	0.0882681	0.0545704	0.000510274	0.638334	0.393059	0.243002	0.00227226	0.000743814	0.00331221	
335	0.0833214	0.0803068	0.00301455	0	0.371031	0.357607	0.0134238	0	0	0	
336	0.106792	0.0892716	0.0174728	4.80544e-05	0.475548	0.397527	0.0778068	0.000213987	5.72068e-05	0.000254742	
337	0.119471	0.111614	0.00784578	1.08537e-05	0.532008	0.497022	0.0349373	4.83317e-05	1.4448e-05	6.43375e-05	
338	0.112291	0.10149	0.0107438	5.67651e-05	0.500035	0.451939	0.0478425	0.000252776	6.72172e-05	0.000299319	
339	0.0850046	0.0768956	0.00808238	2.65895e-05	0.378526	0.342417	0.0359909	0.000118403	3.01964e-05	0.000134465	
340	0.102569	0.0834152	0.0190735	8.03961e-05	0.456742	0.371449	0.0849349	0.000358004	0.00010882	0.000484579	
341	0.105365	0.104134	0.00123051	0	0.469193	0.463714	0.00547948	0	0	0	
342	0.112641	0.0752564	0.0372077	0.000177046	0.501592	0.335117	0.165686	0.000788392	0.000267815	0.00119258	
343	0.149646	0.0880839	0.0591836	0.00237883	0.666377	0.392238	0.263545	0.0105929	0.00469269	0.0208966	
344	0.0836834	0.0823452	0.00133801	2.46847e-07	0.372643	0.366684	0.00595817	1.09921e-06	2.36561e-07	1.0534e-06	
345	0.12136	0.0949315	0.0262758	0.000153575	0.540421	0.422731	0.117006	0.000683872	0.000205315	0.000914271	
346	0.141847	0.0981119	0.0431695	0.000565801	0.631647	0.436893	0.192234	0.00251951	0.000786643	0.00350293	
347	0.0973518	0.0753756	0.0217365	0.000239671	0.433508	0.335648	0.0967929	0.00106726	0.000275171	0.00122534	
348	0.0975664	0.0836081	0.0139582	0	0.434464	0.372308	0.0621564	0	0	0	
349	0.0805628	0.0721011	0.00840304	5.8638e-05	0.358747	0.321067	0.0374188	0.000261115	7.78171e-05	0.00034652	
350	0.144831	0.0759829	0.0677609	0.00108789	0.644937	0.338353	0.30174	0.00484443	0.00187674	0.00835715	
351	0.159203	0.0935681	0.0653791	0.000255688	0.708933	0.41666	0.291134	0.00113858	0.000489346	0.00217906	
352	0.138133	0.0816268	0.0559114	0.000595246	0.61511	0.363485	0.248974	0.00265064	0.000763156	0.00339834	
353	0.0865724	0.0778521	0.00869762	2.27191e-05	0.385508	0.346676	0.0387306	0.000101168	2.34038e-05	0.000104217	
354	0.0897586	0.0790672	0.0105736	0.000117723	0.399696	0.352087	0.0470845	0.000524224	0.000126111	0.000561576	
355	0.0833177	0.0833177	0	0	0.371014	0.371014	0	0	0	0	
356	0.122848	0.108655	0.0141283	6.43793e-05	0.547044	0.483844	0.0629136	0.000286681	6.81289e-05	0.000303379	
357	0.22015	0.10785	0.105822	0.00647714	0.980333	0.480259	0.47123	0.0288427	0.00889295	0.0396004	
358	0.167517	0.0976771	0.0677092	0.00213092	0.745956	0.434957	0.30151	0.00948904	0.00289049	0.0128714	
359	0.106294	0.0780472	0.0278033	0.000444222	0.473331	0.347545	0.123808	0.00197812	0.000502292	0.00223671	
360	0.101037	0.0964377	0.00459969	4.64447e-07	0.449923	0.429438	0.0204824	2.06818e-06	4.44155e-07	1.97782e-06	
361	0.0469009	0.0469009	0	0	0.20885	0.20885	0	0	0	0	
362	0.103354	0.0868916	0.0163815	8.13205e-05	0.460238	0.386929	0.0729473	0.000362121	9.31569e-05	0.000414829	
363	0.0490225	0.0489858	3.67428e-05	0	0.218298	0.218134	0.000163616	0	0	0	
364	0.1295	0.113164	0.0163211	1.44887e-05	0.576666	0.503923	0.0726784	6.45186e-05	1.57869e-05	7.02994e-05	
365	0.0814614	0.0790539	0.002403	4.47005e-06	0.362748	0.352028	0.0107006	1.99052e-05	5.56846e-06	2.47964e-05	
366	0.106857	0.091261	0.0155844	1.15242e-05	0.475835	0.406386	0.0693979	5.13175e-05	3.16611e-05	0.000140987	
367	0.124572	0.104769	0.0196605	0.000143168	0.554724	0.466538	0.0875485	0.00063753	0.000206371	0.000918976	
368	0.0802285	0.0753898	0.00483377	4.95422e-06	0.357258	0.335711	0.0215248	2.20612e-05	4.93213e-06	2.19628e-05	
369	0.0828366	0.0799027	0.00293387	2.21204e-08	0.368872	0.355808	0.0130645	9.85027e-08	3.01371e-08	1.342e-07	
370	0.114372	0.0911779	0.0229815	0.000212743	0.509301	0.406016	0.102337	0.00094735	0.000277682	0.00123652	
371	0.106247	0.0789243	0.0273115	1.21466e-05	0.473123	0.35145	0.121618	5.40891e-05	1.82462e-05	8.12509e-05	
372	0.100134	0.0786474	0.0214244	6.23782e-05	0.445898	0.350217	0.0954034	0.000277771	8.18924e-05	0.000364667	
373	0.0854799	0.078802	0.00666968	8.15507e-06	0.380643	0.350906	0.0297001	3.63146e-05	9.74765e-06	4.34064e-05	
374	0.204353	0.103404	0.0908355	0.0101139	0.909989	0.460459	0.404491	0.0450377	0.0184325	0.0820804	
375	0.152952	0.126484	0.0262774	0.000190167	0.681098	0.563238	0.117013	0.000846816	0.000194861	0.000867721	
376	0.0992902	0.0983797	0.000910462	4.57039e-08	0.44214	0.438086	0.0040543	2.0352e-07	2.60036e-08	1.15794e-07	
377	0.104315	0.0995574	0.00473751	2.00627e-05	0.464516	0.44333	0.0210962	8.93395e-05	2.67207e-05	0.000118987	
378	0.12009	0.103158	0.0168666	6.50781e-05	0.534762	0.459365	0.0751074	0.000289793	8.90461e-05	0.000396523	
379	0.0953941	0.0763116	0.019024	5.85644e-05	0.424791	0.339816	0.0847142	0.000260788	8.7192e-05	0.000388267	
380	0.107803	0.0819731	0.0258008	2.94002e-05	0.480049	0.365027	0.114891	0.000130919	5.78671e-05	0.000257683	
381	0.101758	0.0793679	0.0222636	0.000126473	0.453129	0.353426	0.0991402	0.000563186	0.000183616	0.000817646	
382	0.105777	0.103475	0.00230121	1.60084e-06	0.47103	0.460776	0.0102473	7.12859e-06	3.29035e-06	1.46519e-05	
383	0.0812688	0.0755053	0.00576349	0	0.361891	0.336226	0.0256649	0	0	0	
384	0.0918073	0.0898965	0.00191084	0	0.408819	0.40031	0.00850901	0	0	0	
385	0.132288	0.106737	0.0254041	0.000146429	0.589081	0.475305	0.113124	0.000652051	0.000393594	0.00175268	
386	0.0963653	0.0791732	0.0170255	0.000166651	0.429116	0.352559	0.0758148	0.000742101	0.000233221	0.00103853	
387	0.0927593	0.0837513	0.00894015	6.78241e-05	0.413058	0.372945	0.0398106	0.000302021	7.37917e-05	0.000328595	
388	0.0830576	0.076544	0.00651361	0	0.369856	0.340851	0.0290052	0	0	0	
389	0.140272	0.11055	0.0297203	1.61723e-06	0.624634	0.492282	0.132345	7.20158e-06	1.65033e-06	7.34898e-06	
390	0.0828402	0.0739453	0.00889203	2.9298e-06	0.368888	0.329279	0.0395963	1.30464e-05	3.03213e-06	1.35021e-05	
391	0.0958134	0.0907534	0.00505999	0	0.426658	0.404126	0.0225321	0	0	0	
392	0.100514	0.0495655	0.0504845	0.000464627	0.447593	0.220715	0.224808	0.00206899	0.000572189	0.00254796	
393	0.0862926	0.0804544	0.00583814	0	0.384262	0.358264	0.0259973	0	0	0	
394	0.0967336	0.0921211	0.00461246	0	0.430755	0.410216	0.0205393	0	0	0	
395	0.156394	0.137531	0.0188472	1.56775e-05	0.696427	0.61243	0.0839271	6.98123e-05	1.59204e-05	7.08939e-05	
396	0.108256	0.0588286	0.0494282	0	0.482069	0.261964	0.220104	0	0	0	
397	0.129756	0.100781	0.0288426	0.000132883	0.577807	0.448779	0.128436	0.00059173	0.000588119	0.0026189	
398	0.091552	0.0906833	0.000867808	9.44107e-07	0.407682	0.403813	0.00386436	4.20412e-06	9.23374e-07	4.11179e-06	
399	0.0788098	0.0781113	0.000698533	0	0.350941	0.34783	0.00311057	0	0	0	
400	0.145523	0.128381	0.0171424	0	0.648019	0.571684	0.0763354	0	0	0	
401	0.102015	0.100105	0.00191019	0	0.454277	0.445771	0.00850611	0	0	0	
402	0.105703	0.0829674	0.0227345	1.41434e-06	0.470698	0.369455	0.101237	6.29809e-06	1.66708e-06	7.42353e-06	
403	0.119059	0.0883564	0.0305004	0.00020294	0.530174	0.393452	0.135818	0.000903696	0.000297349	0.0013241	
404	0.107076	0.0982674	0.00880561	3.44227e-06	0.476812	0.437586	0.0392115	1.53284e-05	3.41981e-06	1.52284e-05	
405	0.106768	0.10665	0.000118185	0	0.475442	0.474916	0.000526282	0	0	0	
406	0.199385	0.176014	0.0233661	5.07682e-06	0.887865	0.783793	0.104049	2.26071e-05	1.573e-05	7.00458e-05	
407	0.12132	0.0850646	0.0360812	0.000174621	0.540241	0.378793	0.16067	0.000777592	0.00020189	0.000899019	
408	0.129997	0.127036	0.00296098	0	0.578878	0.565693	0.0131853	0	0	0	
409	0.0933823	0.0915448	0.00183741	0	0.415832	0.40765	0.00818201	0	0	0	
410	0.109914	0.0875207	0.0223667	2.70793e-05	0.48945	0.389731	0.0995992	0.000120584	2.85661e-05	0.000127205	
411	0.13532	0.11696	0.0183546	5.78884e-06	0.602584	0.520825	0.0817333	2.57777e-05	5.76586e-06	2.56754e-05	
412	0.151233	0.121844	0.0293807	8.14065e-06	0.673444	0.542575	0.130832	3.62504e-05	1.10782e-05	4.93316e-05	
413	0.093708	0.0913301	0.00237789	0	0.417283	0.406694	0.0105887	0	0	0	
414	0.145702	0.112298	0.0333469	5.63114e-05	0.648813	0.500068	0.148494	0.000250755	5.94137e-05	0.00026457	
415	0.0929664	0.0917553	0.00121107	0	0.41398	0.408587	0.00539293	0	0	0	
416	0.134162	0.105875	0.028287	0	0.597429	0.471466	0.125962	0	0	0	
417	0.104311	0.0955602	0.00875173	0	0.464502	0.42553	0.0389715	0	0	0	
418	0.0838003	0.0767639	0.00703618	2.61027e-07	0.373164	0.34183	0.0313322	1.16236e-06	5.97389e-07	2.66018e-06	
419	0.132561	0.101921	0.0305932	4.70101e-05	0.590297	0.453856	0.136232	0.000209336	9.79694e-05	0.000436259	
420	0.0835842	0.0835842	0	0	0.372201	0.372201	0	0	0	0	
421	0.0946072	0.0859777	0.00862952	0	0.421287	0.382859	0.0384273	0	0	0	
422	0.11281	0.0808798	0.0312091	0.00072181	0.502347	0.360158	0.138974	0.00321423	0.000767112	0.00341596	
423	0.0657576	0.0559087	0.00982572	2.31825e-05	0.292819	0.248962	0.043754	0.000103232	2.58204e-05	0.000114978	
424	0.1108	0.110407	0.00039364	0	0.493396	0.491644	0.00175288	0	0	0	
425	0.0754507	0.0694732	0.00594661	3.09074e-05	0.335983	0.309365	0.0264803	0.000137631	3.18539e-05	0.000141846	
426	0.113808	0.108911	0.00487873	1.83346e-05	0.506789	0.484983	0.021725	8.16442e-05	1.8355e-05	8.1735e-05	
427	0.0916053	0.0903709	0.0012311	3.3381e-06	0.407919	0.402422	0.00548211	1.48646e-05	3.3159e-06	1.47657e-05	
428	0.096465	0.0939419	0.00250951	1.36136e-05	0.42956	0.418324	0.0111748	6.06216e-05	1.38375e-05	6.16186e-05	
429	0.119925	0.0881243	0.0318009	0	0.534029	0.392418	0.14161	0	0	0	
430	0.22324	0.212139	0.0111006	1.11241e-06	0.994094	0.944658	0.0494314	4.9536e-06	1.09087e-06	4.85768e-06	
431	0.173647	0.166154	0.00749315	0	0.773253	0.739886	0.0333671	0	0	0	
432	0.136595	0.112057	0.0245163	2.17448e-05	0.608261	0.498992	0.109171	9.68299e-05	2.39493e-05	0.000106646	
433	0.106383	0.0984669	0.00789639	1.98114e-05	0.473725	0.438474	0.0351627	8.82207e-05	2.87828e-05	0.00012817	
434	0.087703	0.0805025	0.00719704	3.45276e-06	0.390542	0.358478	0.0320485	1.53752e-05	1.02914e-05	4.58281e-05	
435	0.216108	0.151944	0.0641055	5.8414e-05	0.962334	0.676611	0.285462	0.000260118	8.45221e-05	0.000376378	
436	0.127743	0.0860722	0.0415747	9.6057e-05	0.568841	0.38328	0.185132	0.000427743	0.000146032	0.000650283	
437	0.145902	0.0861215	0.0586927	0.00108859	0.649707	0.3835	0.261359	0.00484754	0.00161618	0.00719687	
438	0.180899	0.130337	0.0497476	0.000815031	0.805548	0.580392	0.221526	0.00362934	0.000905739	0.00403326	
439	0.131982	0.127012	0.00496207	8.09161e-06	0.58772	0.565588	0.0220961	3.6032e-05	8.2437e-06	3.67093e-05	
440	0.0820592	0.080115	0.00194146	2.76138e-06	0.36541	0.356753	0.00864536	1.22964e-05	3.2342e-06	1.44019e-05	
441	0.0699099	0.0676079	0.00230206	0	0.311309	0.301058	0.0102511	0	0	0	
442	0.141785	0.094891	0.0440322	0.00286194	0.631371	0.42255	0.196076	0.0127442	0.00385695	0.017175	
443	0.176403	0.137898	0.0380561	0.00044865	0.785525	0.614062	0.169464	0.00199784	0.000726317	0.0032343	
444	0.137775	0.107914	0.029822	3.85053e-05	0.613516	0.480546	0.132798	0.000171464	6.77963e-05	0.000301897	
445	0.112702	0.0881839	0.0244326	8.62423e-05	0.501867	0.392684	0.108798	0.000384038	0.000144057	0.000641491	
446	0.150656	0.0906764	0.0591813	0.000798881	0.670875	0.403783	0.263535	0.00355742	0.00121509	0.00541081	
447	0.162545	0.121936	0.0406095	0	0.723819	0.542984	0.180834	0	0	0	
448	0.0467299	0.0375414	0.00918855	0	0.208089	0.167172	0.0409167	0	0	0	
449	0.274955	0.154149	0.120547	0.000257992	1.22438	0.686431	0.5368	0.00114884	0.000394064	0.00175477	
450	0.0894163	0.0794022	0.0100141	0	0.398172	0.353579	0.044593	0	0	0	
451	0.135355	0.120182	0.0151669	5.83827e-06	0.60274	0.535176	0.0675387	2.59979e-05	8.03582e-06	3.57836e-05	
452	0.179718	0.100017	0.0783761	0.00132565	0.80029	0.445377	0.349009	0.00590314	0.00161312	0.00718326	
453	0.106335	0.0955409	0.0107909	3.77293e-06	0.473513	0.425444	0.0480521	1.68009e-05	5.03303e-06	2.24121e-05	
454	0.137232	0.0891343	0.0480981	0	0.611097	0.396916	0.214181	0	0	0	
455	0.161837	0.105032	0.056444	0.000361028	0.720664	0.46771	0.251346	0.00160766	0.00049549	0.00220642	
456	0.146975	0.111851	0.0349923	0.000131614	0.654484	0.498076	0.155821	0.000586082	0.00045937	0.00204558	
457	0.125291	0.10052	0.0247555	1.53309e-05	0.557924	0.447619	0.110236	6.8269e-05	0.000102959	0.00045848	
458	0.0953117	0.0789029	0.0164087	0	0.424424	0.351356	0.0730685	0	0	0	
459	0.100721	0.0888796	0.0118422	0	0.448515	0.395781	0.0527337	0	0	0	
460	0.150572	0.0853355	0.065233	3.55643e-06	0.670499	0.38	0.290483	1.58368e-05	1.76655e-05	7.8665e-05	
461	0.14788	0.0855077	0.0623596	1.28814e-05	0.658512	0.380766	0.277688	5.73613e-05	3.6585e-05	0.000162913	
462	0.122443	0.0999711	0.0224189	5.30736e-05	0.54524	0.445172	0.0998318	0.000236337	9.88793e-05	0.00044031	
463	0.140386	0.119468	0.0209184	0	0.625142	0.531992	0.0931501	0	0	0	
464	0.0826967	0.068973	0.0136992	2.45619e-05	0.368249	0.307137	0.0610027	0.000109374	3.73033e-05	0.000166112	
465	0.0857466	0.0826628	0.0030838	0	0.38183	0.368098	0.0137322	0	0	0	
466	0.177064	0.109912	0.0669222	0.000229965	0.78847	0.489441	0.298005	0.00102403	0.000281369	0.00125294	
467	0.113009	0.0797607	0.0327587	0.000489941	0.503232	0.355175	0.145874	0.00218171	0.00127339	0.00567042	
468	0.10734	0.101527	0.00581249	8.30813e-07	0.477987	0.452101	0.0258831	3.69962e-06	1.16339e-06	5.18059e-06	
469	0.0767747	0.0767747	0	0	0.341879	0.341879	0	0	0	0	
470	0.106088	0.0949072	0.0111811	0	0.472412	0.422623	0.0497898	0	0	0	
471	0.128001	0.0790186	0.0487993	0.000183367	0.569991	0.351871	0.217304	0.000816538	0.000228491	0.00101747	
472	0.131377	0.0891681	0.0395933	0.00261633	0.585027	0.397067	0.176309	0.0116505	0.00303754	0.0135262	
473	0.162589	0.0991831	0.0610577	0.00234837	0.724011	0.441663	0.27189	0.0104573	0.0028674	0.0127685	
474	0.103176	0.0769443	0.0262318	0	0.459445	0.342634	0.11681	0	0	0	
475	0.125389	0.113252	0.0121368	0	0.55836	0.504315	0.0540455	0	0	0	
476	0.159818	0.112691	0.0470669	6.00535e-05	0.711674	0.501817	0.209589	0.000267419	0.000186336	0.000829757	
477	0.129162	0.0969981	0.0319909	0.000173321	0.575161	0.431933	0.142456	0.0007718	0.000404552	0.00180147	
478	0.0955326	0.0788898	0.0165934	4.93216e-05	0.425408	0.351297	0.0738909	0.000219629	9.80465e-05	0.000436602	
479	0.105042	0.097684	0.00734755	1.1251e-05	0.467757	0.434988	0.0327187	5.01008e-05	1.26648e-05	5.63968e-05	
480	0.127083	0.0975809	0.0294897	1.31872e-05	0.565905	0.434529	0.131318	5.87231e-05	5.44897e-05	0.000242643	
481	0.0893472	0.0758834	0.0134577	6.05275e-06	0.397864	0.337909	0.0599276	2.6953e-05	7.4014e-06	3.29585e-05	
482	0.137561	0.105762	0.0317916	7.52487e-06	0.612563	0.470961	0.141568	3.35083e-05	1.63589e-05	7.28464e-05	
483	0.110852	0.0924545	0.0183982	4.38784e-08	0.493629	0.411701	0.0819275	1.95391e-07	1.75656e-06	7.822e-06	
484	0.18253	0.116634	0.0643195	0.00157604	0.81281	0.519376	0.286415	0.00701812	0.00187507	0.00834974	
485	0.124207	0.094831	0.0291182	0.000258242	0.553097	0.422283	0.129663	0.00114995	0.000288985	0.00128685	
486	0.0842741	0.0798908	0.00438331	0	0.375273	0.355754	0.0195189	0	0	0	
487	0.105162	0.0996589	0.00550404	0	0.468291	0.443782	0.0245095	0	0	0	
488	0.14245	0.0953642	0.0469809	0.000104892	0.634332	0.424658	0.209206	0.000467088	0.000175922	0.000783386	
489	0.145165	0.0980178	0.0471444	3.6625e-06	0.646425	0.436474	0.209934	1.63091e-05	6.82731e-06	3.04021e-05	
490	0.097785	0.0906211	0.00716387	0	0.435438	0.403537	0.0319008	0	0	0	
491	0.100261	0.0781503	0.0221086	2.87819e-06	0.446467	0.348004	0.0984502	1.28166e-05	4.34303e-06	1.93395e-05	
492	0.146558	0.0968533	0.0489404	0.00076455	0.652625	0.431289	0.217932	0.00340455	0.000992062	0.00441766	
493	0.194455	0.111509	0.0828852	6.01223e-05	0.86591	0.496553	0.369089	0.000267725	7.79304e-05	0.000347025	
494	0.196728	0.116899	0.0796839	0.000144622	0.876033	0.520556	0.354833	0.000644007	0.000243066	0.00108237	
495	0.0885348	0.0837722	0.00476257	0	0.394246	0.373038	0.0212077	0	0	0	
496	0.105509	0.0895572	0.015471	0.000480785	0.469833	0.398799	0.0688928	0.00214094	0.000480763	0.00214084	
497	0.121175	0.0774224	0.0435999	0.000153236	0.539596	0.344762	0.194151	0.000682364	0.000211118	0.000940114	
498	0.178171	0.133278	0.044635	0.000257748	0.793399	0.59349	0.19876	0.00114775	0.000294373	0.00131084	
499	0.158283	0.157663	0.000619879	5.38118e-07	0.704839	0.702076	0.00276033	2.39625e-06	5.15902e-07	2.29731e-06	
500	0.149327	0.0805874	0.0683599	0.000380516	0.664959	0.358857	0.304407	0.00169444	0.000657276	0.00292685	
501	0.162058	0.108211	0.0528354	0.00101215	0.72165	0.481866	0.235276	0.00450713	0.00123604	0.00550413	
502	0.0922946	0.0907437	0.00155088	0	0.410989	0.404083	0.00690611	0	0	0	
503	0.114692	0.102779	0.0118889	2.43088e-05	0.510728	0.457678	0.0529418	0.000108247	2.42866e-05	0.000108148	
504	0.12496	0.119081	0.0058673	1.14123e-05	0.556448	0.53027	0.0261271	5.08194e-05	1.18547e-05	5.27892e-05	
505	0.0775807	0.0685115	0.00905865	1.05416e-05	0.345467	0.305082	0.0403382	4.69422e-05	1.29149e-05	5.75102e-05	
506	0.151729	0.0975765	0.0532278	0.000924842	0.675651	0.434509	0.237024	0.00411833	0.00161722	0.0072015	
507	0.189522	0.157619	0.0317377	0.000165278	0.843947	0.701883	0.141328	0.000735989	0.00016543	0.000736662	
508	0.0948974	0.0878257	0.00707179	0	0.422579	0.391088	0.0314907	0	0	0	
509	0.0930649	0.0869748	0.00608242	7.64168e-06	0.414419	0.3873	0.0270851	3.40285e-05	1.55308e-05	6.91588e-05	
510	0.13886	0.10505	0.0335698	0.000241034	0.618349	0.467789	0.149486	0.00107332	0.000337036	0.00150082	
511	0.0800685	0.074966	0.00510084	1.70582e-06	0.356546	0.333824	0.0227141	7.59604e-06	3.47113e-06	1.5457e-05	
512	0.168807	0.0881158	0.0801211	0.000570428	0.751701	0.39238	0.35678	0.00254012	0.00118388	0.00527185	
513	0.11598	0.0909145	0.0247064	0.000360072	0.516464	0.404843	0.110018	0.0016034	0.00046534	0.00207216	
514	0.23763	0.128133	0.107413	0.00208285	1.05816	0.570579	0.478314	0.00927499	0.00276073	0.0122935	
515	0.0678137	0.0564521	0.0113576	3.94554e-06	0.301975	0.251382	0.0505756	1.75695e-05	1.06528e-05	4.74371e-05	
516	0.112753	0.0882758	0.0242981	0.00017968	0.502093	0.393093	0.108199	0.000800121	0.000206664	0.000920279	
517	0.0872512	0.0815159	0.00573532	0	0.38853	0.362991	0.0255394	0	0	0	
518	0.183304	0.15543	0.0278744	2.97254e-08	0.816258	0.692133	0.124125	1.32367e-07	7.30213e-09	3.25164e-08	
519	0.0712188	0.0419968	0.029222	0	0.317138	0.187012	0.130125	0	0	0	
520	0.167531	0.12204	0.0440803	0.00141052	0.746019	0.543448	0.19629	0.00628107	0.00176875	0.00787627	
521	0.250621	0.109583	0.140612	0.000426158	1.11602	0.487975	0.626147	0.00189769	0.000898381	0.0040005	
522	0.182621	0.0781449	0.1039	0.000576994	0.813217	0.34798	0.462668	0.00256936	0.00148011	0.00659094	
523	0.0923811	0.0760147	0.0163664	0	0.411374	0.338494	0.07288	0	0	0	
524	0.14453	0.105719	0.038696	0.000115634	0.643597	0.470768	0.172313	0.000514922	0.000158179	0.000704374	
525	0.14913	0.099531	0.0490425	0.000557101	0.664081	0.443213	0.218387	0.00248077	0.000884393	0.00393821	
526	0.128463	0.101231	0.027166	6.67763e-05	0.572051	0.450783	0.12097	0.000297355	0.0001055	0.000469793	
527	0.117116	0.0777773	0.0392403	9.89158e-05	0.521521	0.346343	0.174737	0.000440473	0.000151298	0.000673736	
528	0.0882858	0.0802385	0.00804032	6.95181e-06	0.393137	0.357303	0.0358036	3.09565e-05	9.84755e-06	4.38513e-05	
529	0.135518	0.0809035	0.0537967	0.000818512	0.603467	0.360264	0.239557	0.00364484	0.00118089	0.00525853	
530	0.0910456	0.0806709	0.0103333	4.14835e-05	0.405427	0.359228	0.0460143	0.000184726	5.33085e-05	0.000237383	
531	0.173782	0.104816	0.0683655	0.000600443	0.773854	0.466748	0.304432	0.00267378	0.000941009	0.00419032	
532	0.117801	0.0836111	0.0338113	0.000379257	0.524572	0.372321	0.150562	0.00168883	0.000673361	0.00299848	
533	0.166027	0.11774	0.048106	0.000180914	0.739323	0.5243	0.214217	0.000805613	0.000386507	0.00172112	
534	0.125845	0.113245	0.0123861	0.000214174	0.560392	0.504283	0.0551555	0.00095372	0.00021429	0.000954237	
535	0.0849416	0.0775751	0.00732685	3.96553e-05	0.378246	0.345443	0.0326265	0.000176585	4.03622e-05	0.000179733	
536	0.0705429	0.0657989	0.00474406	0	0.314128	0.293003	0.0211253	0	0	0	
537	0.132753	0.0767163	0.0559419	9.52813e-05	0.591153	0.341618	0.24911	0.000424289	0.000141035	0.000628031	
538	0.142166	0.0803668	0.0605298	0.00126959	0.633068	0.357874	0.269539	0.0056535	0.00145494	0.00647888	
539	0.130006	0.0831202	0.0466839	0.000201984	0.578919	0.370135	0.207884	0.000899438	0.000282934	0.0012599	
540	0.0909357	0.0798976	0.0109651	7.30306e-05	0.404938	0.355785	0.0488277	0.000325206	9.9877e-05	0.000444753	
541	0.0903495	0.0821583	0.00819119	2.19232e-08	0.402327	0.365852	0.0364754	9.76243e-08	3.27056e-07	1.45638e-06	
542	0.22029	0.14992	0.0699054	0.000464051	0.980954	0.667597	0.31129	0.00206642	0.000731663	0.0032581	
543	0.136315	0.0893698	0.0468254	0.000120048	0.607013	0.397965	0.208514	0.000534579	0.0002311	0.00102909	
544	0.179755	0.126658	0.0528775	0.000219126	0.800453	0.564013	0.235464	0.000975774	0.000461152	0.00205351	
545	0.145536	0.0751677	0.0703692	5.26863e-08	0.648077	0.334722	0.313355	2.34613e-07	3.89702e-08	1.73534e-07	
546	0.136318	0.116535	0.0197522	3.10411e-05	0.607028	0.518933	0.0879568	0.000138226	3.95533e-05	0.000176131	
547	0.0904141	0.0754692	0.0149448	0	0.402615	0.336065	0.0665497	0	0	0	
548	0.118056	0.110762	0.00729416	0	0.525708	0.493227	0.032481	0	0	0	
549	0.141286	0.0849821	0.0558115	0.000493167	0.629152	0.378426	0.248529	0.00219608	0.000928668	0.00413537	
550	0.186305	0.119708	0.0658888	0.000707934	0.82962	0.533063	0.293403	0.00315243	0.00126114	0.00561589	
551	0.0966691	0.0965383	0.000130776	0	0.430468	0.429886	0.000582347	0	0	0	
552	0.0826494	0.0725811	0.0100345	3.37355e-05	0.368039	0.323204	0.0446841	0.000150224	4.74931e-05	0.000211487	
553	0.184139	0.182949	0.00119016	9.54254e-08	0.819975	0.814674	0.00529983	4.2493e-07	1.04783e-07	4.66604e-07	
554	0.145186	0.102409	0.0422728	0.00050465	0.646517	0.456029	0.188241	0.00224721	0.000788877	0.00351288	
555	0.106392	0.0751244	0.031171	9.71137e-05	0.473767	0.33453	0.138805	0.000432448	0.000130805	0.000582476	
556	0.177547	0.149542	0.0279584	4.68723e-05	0.790623	0.665915	0.124499	0.000208723	4.6939e-05	0.00020902	
557	0.0904273	0.0789329	0.0114865	7.80226e-06	0.402673	0.351489	0.0511496	3.47435e-05	1.62326e-05	7.22842e-05	
558	0.104548	0.097403	0.00714515	0	0.465554	0.433737	0.0318174	0	0	0	
559	0.0965369	0.0790371	0.0173373	0.000162503	0.42988	0.351953	0.0772033	0.00072363	0.000189275	0.000842846	
560	0.0921805	0.0847945	0.007386	2.1919e-08	0.41048	0.37759	0.0328899	9.7606e-08	2.93949e-08	1.30895e-07	
561	0.107975	0.09306	0.0148632	5.25926e-05	0.480817	0.414397	0.066186	0.000234195	7.8997e-05	0.000351774	
562	0.0741834	0.049827	0.0243563	0	0.330339	0.22188	0.108459	0	0	0	
563	0.100895	0.0787963	0.0219391	0.000159574	0.449286	0.350881	0.0976951	0.000710588	0.000250153	0.00111393	
564	0.116637	0.0814426	0.0350358	0.000158751	0.519387	0.362665	0.156015	0.000706921	0.000198353	0.000883271	
565	0.100098	0.0849523	0.0150315	0.000114669	0.44574	0.378293	0.0669358	0.000510623	0.00015514	0.000690844	
566	0.126764	0.103726	0.022773	0.000264763	0.564483	0.461896	0.101408	0.00117899	0.00041338	0.00184078	
567	0.204682	0.160809	0.0433345	0.000539046	0.911455	0.716085	0.192969	0.00240037	0.000545168	0.00242764	
568	0.154118	0.115234	0.0388825	1.61812e-06	0.686289	0.513138	0.173144	7.20551e-06	1.59467e-06	7.10109e-06	
569	0.0758899	0.0758524	3.74979e-05	0	0.337938	0.337771	0.000166978	0	0	0	
570	0.14106	0.119736	0.0211581	0.000166499	0.628145	0.533186	0.0942173	0.000741425	0.00023329	0.00103884	
571	0.107978	0.0914959	0.0164704	1.19732e-05	0.480828	0.407432	0.0733431	5.3317e-05	1.75588e-05	7.81897e-05	
572	0.114927	0.0975835	0.0170332	0.000310354	0.511771	0.43454	0.075849	0.00138201	0.000317348	0.00141315	
573	0.0923523	0.0843541	0.00795452	4.36535e-05	0.411246	0.37563	0.0354215	0.000194389	4.91494e-05	0.000218863	
574	0.14007	0.0798461	0.0589468	0.00127732	0.623734	0.355555	0.262491	0.00568796	0.00164379	0.00731984	
575	0.143291	0.0842942	0.0579056	0.00109148	0.638078	0.375363	0.257854	0.0048604	0.00212002	0.00944047	
576	0.0613716	0.0544794	0.00689215	0	0.273288	0.242597	0.0306908	0	0	0	
577	0.128557	0.113143	0.0154142	0	0.572467	0.503827	0.0686396	0	0	0	
578	0.0985394	0.0890129	0.00952641	0	0.438797	0.396375	0.0424212	0	0	0	
579	0.0885263	0.0872919	0.00123444	0	0.394209	0.388712	0.00549701	0	0	0	
580	0.0840952	0.0667682	0.0172871	3.98412e-05	0.374477	0.29732	0.0769799	0.000177413	7.37456e-05	0.00032839	
581	0.0849653	0.0752251	0.00974013	1.64046e-07	0.378351	0.334978	0.0433729	7.30503e-07	1.15097e-05	5.12532e-05	
582	0.0878392	0.0844864	0.00335279	0	0.391149	0.376219	0.01493	0	0	0	
583	0.113011	0.0929177	0.0200499	4.40902e-05	0.503242	0.413763	0.0892824	0.000196334	5.10398e-05	0.00022728	
584	0.207899	0.128167	0.0795613	0.000171003	0.925781	0.570732	0.354287	0.00076148	0.000419711	0.00186897	
585	0.122579	0.0750238	0.0475478	8.15623e-06	0.545849	0.334082	0.211731	3.63198e-05	8.98183e-06	3.99962e-05	
586	0.136435	0.0844844	0.0519243	2.70218e-05	0.60755	0.37621	0.231219	0.000120328	0.000157405	0.00070093	
587	0.102197	0.0891117	0.0130307	5.47045e-05	0.455085	0.396815	0.0580259	0.000243599	7.951e-05	0.000354059	
588	0.0684821	0.0677439	0.000738262	0	0.304951	0.301664	0.00328749	0	0	0	
589	0.153478	0.10945	0.0434919	0.000536591	0.683443	0.487383	0.19367	0.00238944	0.000987041	0.0043953	
590	0.135017	0.107594	0.0270687	0.000354856	0.601236	0.479118	0.120537	0.00158017	0.000385457	0.00171644	
591	0.138626	0.0961344	0.0424917	2.69189e-07	0.617305	0.428087	0.189216	1.1987e-06	1.23416e-06	5.49576e-06	
592	0.115324	0.0859735	0.029252	9.90037e-05	0.513541	0.382841	0.130259	0.000440865	0.000175717	0.000782473	
593	0.103011	0.0941957	0.00872756	8.84578e-05	0.458712	0.419454	0.0388639	0.000393903	9.52516e-05	0.000424156	
594	0.0918156	0.0806871	0.0111164	1.20338e-05	0.408856	0.3593	0.0495016	5.35867e-05	1.84781e-05	8.22836e-05	
595	0.115218	0.0940413	0.0211391	3.85218e-05	0.513071	0.418767	0.0941329	0.000171538	4.3251e-05	0.000192597	
596	0.106626	0.0904504	0.0160535	0.000122316	0.474807	0.402776	0.0714866	0.000544678	0.00013886	0.000618345	
597	0.157676	0.141259	0.0163666	5.005e-05	0.702134	0.629031	0.072881	0.000222873	5.51094e-05	0.000245402	
598	0.114564	0.108446	0.00609928	1.87267e-05	0.510156	0.482912	0.0271602	8.33905e-05	1.87047e-05	8.32924e-05	
599	0.105163	0.0935969	0.0115669	0	0.468295	0.416788	0.0515077	0	0	0	
600	0.109281	0.108176	0.00110517	0	0.486631	0.48171	0.00492136	0	0	0	
601	0.313597	0.148361	0.163274	0.00196155	1.39645	0.660653	0.727065	0.00873483	0.00197192	0.00878099	
602	0.104624	0.102785	0.00183881	7.86389e-07	0.465895	0.457703	0.00818824	3.5018e-06	2.08179e-06	9.27026e-06	
603	0.131359	0.0520655	0.0792937	0	0.584944	0.231848	0.353095	0	0	0	
604	0.0860326	0.0811123	0.00492027	0	0.383104	0.361194	0.02191	0	0	0	
605	0.133714	0.0496478	0.0840669	0	0.595433	0.221082	0.374351	0	0	0	
606	0.13732	0.093972	0.0427201	0.000628675	0.611491	0.418458	0.190233	0.00279949	0.000880836	0.00392237	
607	0.0887681	0.0783306	0.0103203	0.000117229	0.395285	0.348807	0.0459564	0.000522025	0.000117289	0.000522291	
608	0.0886245	0.0789482	0.00964657	2.9779e-05	0.394646	0.351557	0.0429563	0.000132606	3.53203e-05	0.000157281	
609	0.0904775	0.087269	0.00320847	0	0.402897	0.38861	0.0142873	0	0	0	
610	0.0945583	0.0801675	0.0142059	0.000184943	0.421069	0.356987	0.063259	0.000823557	0.000208739	0.000929519	
611	0.0641728	0.0578185	0.00635428	0	0.285762	0.257466	0.0282956	0	0	0	
612	0.0951374	0.0907693	0.00436712	9.89688e-07	0.423648	0.404197	0.0194468	4.40709e-06	1.17098e-06	5.21441e-06	
613	0.0858428	0.0767606	0.00900534	7.68823e-05	0.382259	0.341816	0.0401009	0.000342357	0.000108731	0.000484184	
614	0.0941416	0.0837526	0.0102983	9.07401e-05	0.419213	0.372951	0.0458584	0.000404067	0.000110024	0.00048994	
615	0.0931278	0.0868766	0.00624751	3.714e-06	0.414699	0.386862	0.0278202	1.65385e-05	3.69173e-06	1.64393e-05	
616	0.102107	0.0890765	0.0127112	0.000319482	0.454684	0.396659	0.0566031	0.00142266	0.000337634	0.00150348	
617	0.119443	0.0917752	0.0275056	0.000162567	0.531883	0.408676	0.122483	0.000723915	0.000217523	0.000968636	
618	0.0617734	0.0559766	0.00579679	0	0.275077	0.249264	0.0258131	0	0	0	
619	0.133926	0.0989542	0.0349409	3.10909e-05	0.596375	0.440644	0.155592	0.000138448	5.36238e-05	0.000238787	
620	0.10992	0.0877853	0.0221293	6.00377e-06	0.489478	0.390909	0.0985424	2.67348e-05	2.11362e-05	9.41198e-05	
621	0.372399	0.186271	0.181798	0.00432923	1.65829	0.829469	0.809552	0.0192781	0.00439095	0.0195529	
622	0.0372865	0.0305039	0.0067682	1.44473e-05	0.166037	0.135834	0.0301389	6.43341e-05	3.1766e-05	0.000141454	
623	0.0795426	0.0718875	0.00765116	3.91675e-06	0.354204	0.320116	0.0340707	1.74413e-05	3.94386e-06	1.7562e-05	
624	0.103377	0.0827408	0.0206044	3.19465e-05	0.46034	0.368446	0.0917519	0.000142258	3.26968e-05	0.000145599	
625	0.075793	0.055006	0.0207864	5.14935e-07	0.337507	0.244942	0.0925624	2.29301e-06	4.92543e-07	2.1933e-06	
626	0.070182	0.0638559	0.00632611	0	0.312521	0.284351	0.0281702	0	0	0	
627	0.0930499	0.0791445	0.0139054	0	0.414352	0.352431	0.0619209	0	0	0	
628	0.0601358	0.0601358	0	0	0.267785	0.267785	0	0	0	0	
629	0.226835	0.137675	0.0855383	0.00362187	1.0101	0.613069	0.380903	0.0161282	0.00369225	0.0164416	
630	0.200576	0.145642	0.054865	6.91208e-05	0.893168	0.648545	0.244314	0.000307796	6.90978e-05	0.000307693	
631	0.112004	0.0958827	0.0161221	0	0.498759	0.426966	0.0717923	0	0	0	
632	0.043275	0.043275	0	0	0.192704	0.192704	0	0	0	0	
633	0.0659508	0.0451791	0.0207717	0	0.29368	0.201183	0.0924968	0	0	0	
634	0.0426554	0.04199	0.000665399	0	0.189945	0.186982	0.00296303	0	0	0	
635	0.0717788	0.0655877	0.00619107	0	0.319631	0.292062	0.0275689	0	0	0	
636	0.117748	0.065036	0.0527119	0	0.524333	0.289606	0.234727	0	0	0	
637	0.0812959	0.0736763	0.00761574	3.91805e-06	0.362011	0.328081	0.0339129	1.74471e-05	4.06798e-06	1.81147e-05	
638	0.134598	0.0815896	0.0529825	2.59004e-05	0.599367	0.363319	0.235932	0.000115335	4.10757e-05	0.00018291	
639	0.135948	0.0761779	0.0597709	0	0.605381	0.339221	0.26616	0	0	0	
640	0.0844979	0.0805412	0.00394731	9.40542e-06	0.37627	0.358651	0.0175774	4.18824e-05	9.39171e-06	4.18214e-05	
641	0.0756062	0.075081	0.000525248	0	0.336675	0.334336	0.00233893	0	0	0	
642	0.0638113	0.0631139	0.000697426	0	0.284152	0.281047	0.00310564	0	0	0	
643	0.178934	0.142022	0.0365331	0.000379453	0.796799	0.632427	0.162682	0.00168971	0.000469952	0.0020927	
644	0.108172	0.0824551	0.0257171	0	0.481692	0.367173	0.114518	0	0	0	
645	0.0817409	0.0804485	0.00129241	0	0.363993	0.358238	0.00575513	0	0	0	
646	0.124494	0.0750422	0.0490785	0.000373719	0.554375	0.334163	0.218547	0.00166417	0.000554003	0.00246698	
647	0.164674	0.12392	0.0404474	0.000306321	0.733297	0.55182	0.180113	0.00136405	0.000473701	0.00210939	
648	0.145099	0.117367	0.02771	2.22328e-05	0.646129	0.522637	0.123393	9.9003e-05	4.41219e-05	0.000196475	
649	0.0652642	0.0643816	0.000882005	5.85661e-07	0.290622	0.286692	0.00392757	2.60795e-06	5.63461e-07	2.5091e-06	
650	0.0734785	0.0730318	0.000446662	0	0.3272	0.325211	0.00198899	0	0	0	
651	0.103049	0.101569	0.00148046	0	0.458881	0.452288	0.00659253	0	0	0	
652	0.113173	0.082524	0.0302555	0.000393544	0.503961	0.36748	0.134728	0.00175245	0.000535698	0.00238547	
653	0.101574	0.087721	0.01385	2.98158e-06	0.45231	0.390623	0.0616744	1.3277e-05	3.53948e-06	1.57613e-05	
654	0.116586	0.088319	0.0282076	5.98427e-05	0.519161	0.393285	0.125608	0.00026648	9.63342e-05	0.000428977	
655	0.135205	0.0811233	0.0522581	0.00182443	0.602073	0.361243	0.232706	0.00812422	0.00262802	0.0117026	
656	0.218058	0.118521	0.0962339	0.00330303	0.971017	0.527778	0.42853	0.0147084	0.00476034	0.0211978	
657	0.122757	0.0801789	0.0425786	0	0.546641	0.357037	0.189603	0	0	0	
658	0.111503	0.0754248	0.0360512	2.78223e-05	0.496527	0.335867	0.160536	0.000123893	4.65781e-05	0.000207412	
659	0.123608	0.0958774	0.0274115	0.000319909	0.550431	0.426943	0.122064	0.00142455	0.000415192	0.00184885	
660	0.156783	0.100577	0.0559145	0.000290853	0.698156	0.447873	0.248988	0.00129517	0.000835469	0.00372035	
661	0.18086	0.0984982	0.0814755	0.00088651	0.805372	0.438613	0.362811	0.00394763	0.00178136	0.00793245	
662	0.119346	0.0805842	0.0385796	0.000182704	0.531451	0.358842	0.171795	0.000813585	0.000297373	0.0013242	
663	0.109558	0.0805025	0.0288405	0.00021533	0.487865	0.358478	0.128427	0.000958868	0.000276335	0.00123052	
664	0.0972751	0.0874868	0.00978778	5.53868e-07	0.433167	0.38958	0.0435851	2.46638e-06	3.80002e-06	1.69215e-05	
665	0.107183	0.0873813	0.0198009	9.97281e-07	0.477288	0.38911	0.0881737	4.4409e-06	2.10565e-06	9.37652e-06	
666	0.102381	0.0791028	0.0232078	7.12273e-05	0.455907	0.352245	0.103344	0.000317176	0.000114274	0.000508865	
667	0.163578	0.10503	0.0547145	0.00383297	0.728416	0.467704	0.243644	0.0170682	0.00420221	0.0187125	
668	0.102976	0.0832186	0.019756	1.35034e-06	0.458553	0.370573	0.0879741	6.01311e-06	3.41389e-06	1.52021e-05	
669	0.0457196	0.0435959	0.00212366	0	0.20359	0.194133	0.00945672	0	0	0	
670	0.0907718	0.0827942	0.00794459	3.30367e-05	0.404208	0.368683	0.0353773	0.000147113	3.34183e-05	0.000148812	
671	0.0529753	0.0507456	0.00222966	0	0.235899	0.225971	0.00992872	0	0	0	
672	0.145064	0.112196	0.0328372	3.16501e-05	0.645976	0.49961	0.146224	0.000140938	5.99329e-05	0.000266882	
673	0.14505	0.10167	0.0422344	0.00114519	0.645909	0.452739	0.18807	0.00509954	0.0014282	0.00635981	
674	0.128	0.0955454	0.032381	7.365e-05	0.569986	0.425465	0.144193	0.000327964	0.00013255	0.000590249	
675	0.111193	0.0813577	0.0298047	3.13356e-05	0.495147	0.362287	0.132721	0.000139537	4.27659e-05	0.000190437	
676	0.142715	0.110011	0.0322715	0.000432532	0.635514	0.489883	0.143705	0.00192607	0.00059495	0.00264932	
677	0.101811	0.0936268	0.00814113	4.37685e-05	0.453368	0.416921	0.0362525	0.000194902	5.79791e-05	0.000258181	
678	0.0933283	0.0804794	0.0128477	1.22059e-06	0.415592	0.358376	0.0572111	5.4353e-06	1.33451e-06	5.94259e-06	
679	0.127406	0.0911836	0.0362227	0	0.567342	0.406041	0.1613	0	0	0	
680	0.122373	0.110631	0.0117423	0	0.54493	0.492641	0.0522887	0	0	0	
681	0.11179	0.0979586	0.0137955	3.59072e-05	0.497802	0.436211	0.0614317	0.000159895	4.30231e-05	0.000191582	
682	0.0994572	0.0978585	0.00159876	0	0.442884	0.435765	0.00711933	0	0	0	
683	0.0972242	0.0913848	0.00583932	0	0.43294	0.406937	0.0260025	0	0	0	
684	0.116038	0.0944805	0.021558	8.00182e-08	0.516721	0.420722	0.095998	3.56322e-07	1.05428e-07	4.69475e-07	
685	0.198127	0.14106	0.0558921	0.0011754	0.882265	0.628142	0.248888	0.00523407	0.00117726	0.00524238	
686	0.107422	0.0907235	0.0165566	0.000142607	0.478354	0.403992	0.073727	0.000635034	0.000173666	0.000773337	
687	0.0823007	0.0780055	0.00427686	1.83329e-05	0.366486	0.347359	0.0190449	8.16367e-05	2.48507e-05	0.00011066	
688	0.0661258	0.0643889	0.00173695	0	0.294459	0.286724	0.00773468	0	0	0	
689	0.00766969	0.00716812	0.000501567	0	0.0341532	0.0319197	0.00223348	0	0	0	
690	0.0605275	0.0599718	0.000555714	0	0.269529	0.267055	0.0024746	0	0	0	
691	0.107715	0.0983459	0.00933045	3.9201e-05	0.479658	0.437935	0.0415486	0.000174562	4.71534e-05	0.000209974	
692	0.0730844	0.0730844	0	0	0.325446	0.325446	0	0	0	0	
693	0.0936881	0.0795134	0.0141558	1.88932e-05	0.417194	0.354074	0.063036	8.41319e-05	2.71865e-05	0.000121062	
694	0.204305	0.154754	0.0488771	0.000674637	0.909777	0.689122	0.21765	0.00300416	0.000957542	0.00426394	
695	0.089695	0.0794965	0.0101908	7.62678e-06	0.399413	0.353999	0.0453801	3.39621e-05	1.47111e-05	6.55087e-05	
696	0.200064	0.160106	0.0396446	0.000313536	0.89089	0.712955	0.176538	0.00139618	0.000391739	0.00174441	
697	0.14899	0.0829686	0.0659739	4.74583e-05	0.663454	0.36946	0.293783	0.000211332	0.000102434	0.000456144	
698	0.26266	0.196231	0.0654543	0.000974737	1.16962	0.873819	0.291468	0.00434051	0.00113248	0.00504296	
699	0.300914	0.185753	0.113641	0.00151899	1.33997	0.827164	0.506047	0.0067641	0.00161532	0.00719306	
700	0.0827016	0.0827016	0	0	0.368271	0.368271	0	0	0	0	
701	0.0825577	0.0825577	0	0	0.36763	0.36763	0	0	0	0	
702	0.11347	0.106474	0.00699478	1.1517e-06	0.505286	0.474133	0.0311478	5.12853e-06	1.57928e-06	7.03255e-06	
703	0.0928736	0.0878157	0.00500576	5.215e-05	0.413567	0.391044	0.0222907	0.000232224	5.21278e-05	0.000232126	
704	0.0928335	0.0795986	0.0132348	0	0.413388	0.354453	0.0589349	0	0	0	
705	0.100114	0.0882421	0.0118686	3.21036e-06	0.445809	0.392943	0.0528514	1.42958e-05	3.18775e-06	1.4195e-05	
706	0.214405	0.15848	0.0558809	4.44509e-05	0.954752	0.705716	0.248838	0.00019794	0.000115203	0.000513003	
707	0.086912	0.0804059	0.00650608	0	0.38702	0.358048	0.0289716	0	0	0	
708	0.080074	0.080074	0	0	0.35657	0.35657	0	0	0	0	
709	0.125567	0.103545	0.0217782	0.000243685	0.559152	0.461088	0.0969787	0.00108513	0.000254485	0.00113322	
710	0.167947	0.0961492	0.0714605	0.000337579	0.747871	0.428153	0.318214	0.00150324	0.000371253	0.00165319	
711	0.0946148	0.0808006	0.0138023	1.18834e-05	0.421321	0.359806	0.0614622	5.29169e-05	1.47369e-05	6.56239e-05	
712	0.0771296	0.0766828	0.00044679	0	0.343459	0.341469	0.00198956	0	0	0	
713	0.0911901	0.0785296	0.0126605	0	0.40607	0.349693	0.0563776	0	0	0	
714	0.0939852	0.0817952	0.0121899	0	0.418517	0.364235	0.0542821	0	0	0	
715	0.0709648	0.0701559	0.000806829	2.12291e-06	0.316007	0.312405	0.00359282	9.45338e-06	2.13664e-06	9.51452e-06	
716	0.0818731	0.0750944	0.00676189	1.6873e-05	0.364582	0.334396	0.0301108	7.51357e-05	1.68507e-05	7.50365e-05	
717	0.0961974	0.0884155	0.00777042	1.15738e-05	0.428368	0.393715	0.0346018	5.15383e-05	1.15515e-05	5.14391e-05	
718	0.1185	0.108309	0.0100808	0.000109858	0.527683	0.482304	0.0448899	0.000489202	0.000111119	0.000494814	
719	0.0719669	0.0630198	0.00884569	0.000101423	0.320469	0.280628	0.0393899	0.000451638	0.0001014	0.000451539	
720	0.0623839	0.0621791	0.00020479	0	0.277796	0.276884	0.000911933	0	0	0	
721	0.126534	0.106484	0.0198546	0.000195291	0.56346	0.474178	0.0884128	0.000869637	0.000240145	0.00106937	
722	0.0809744	0.0809744	0	0	0.36058	0.36058	0	0	0	0	
723	0.113883	0.102197	0.0116852	0	0.507122	0.455088	0.0520346	0	0	0	
724	0.0806083	0.0806083	0	0	0.35895	0.35895	0	0	0	0	
725	0.0941143	0.06248	0.0316342	0	0.419092	0.278224	0.140867	0	0	0	
726	0.0440538	0.0425968	0.001457	0	0.196172	0.189684	0.00648806	0	0	0	
727	0.0892357	0.0888725	0.00036327	0	0.397368	0.39575	0.00161765	0	0	0	
728	0.101377	0.0853328	0.0157398	0.000304454	0.451433	0.379988	0.0700897	0.00135573	0.000349605	0.00155679	
729	0.0998622	0.0775153	0.0223406	6.2453e-06	0.444687	0.345176	0.0994833	2.78104e-05	8.48458e-06	3.77819e-05	
730	0.10896	0.104771	0.00418738	9.64945e-07	0.4852	0.46655	0.0186464	4.29691e-06	1.0445e-06	4.65118e-06	
731	0.125295	0.0943359	0.0303411	0.000618837	0.557943	0.420079	0.135109	0.00275569	0.000654205	0.00291318	
732	0.0852098	0.0772874	0.00792235	0	0.37944	0.344162	0.0352783	0	0	0	
733	0.101883	0.091871	0.00996633	4.63793e-05	0.453689	0.409103	0.0443801	0.000206527	5.27995e-05	0.000235117	
734	0.114075	0.106724	0.00732176	2.91736e-05	0.50798	0.475246	0.0326039	0.00012991	2.91516e-05	0.000129812	
735	0.0676655	0.0656548	0.00201075	0	0.301315	0.292361	0.00895391	0	0	0	
736	0.0563033	0.0554321	0.000871223	0	0.250719	0.246839	0.00387956	0	0	0	
737	0.10213	0.0795573	0.0225671	6.31826e-06	0.454789	0.35427	0.100491	2.81352e-05	7.09947e-06	3.1614e-05	
738	0.123528	0.113047	0.0103751	0.000105841	0.550073	0.503402	0.0462006	0.000471315	0.000106965	0.00047632	
739	0.0677574	0.0647566	0.00300076	0	0.301724	0.288362	0.0133624	0	0	0	
740	0.0367388	0.0366545	8.42621e-05	0	0.163598	0.163223	0.00037522	0	0	0	
741	0.0894809	0.0862956	0.00318274	2.54778e-06	0.398459	0.384275	0.0141728	1.13453e-05	3.21856e-06	1.43323e-05	
742	0.144494	0.122815	0.0216693	9.94506e-06	0.643437	0.546899	0.0964937	4.42855e-05	9.92188e-06	4.41822e-05	
743	0.0883608	0.0840844	0.00423105	4.53092e-05	0.393471	0.374429	0.0188409	0.000201762	4.52872e-05	0.000201664	
744	0.0559612	0.0552893	0.000671912	0	0.249196	0.246204	0.00299203	0	0	0	
745	0.127645	0.101616	0.0259956	3.36463e-05	0.568407	0.452498	0.115758	0.000149827	3.36238e-05	0.000149727	
746	0.0789062	0.0750533	0.00384749	5.37116e-06	0.35137	0.334213	0.0171329	2.39178e-05	5.37215e-06	2.39222e-05	
747	0.086684	0.0841428	0.00254115	0	0.386005	0.374689	0.0113158	0	0	0	
748	0.107249	0.0821257	0.0246935	0.000430509	0.477584	0.365707	0.10996	0.00191706	0.000430904	0.00191882	
749	0.124304	0.112227	0.0120661	1.09412e-05	0.55353	0.49975	0.0537306	4.87213e-05	1.09188e-05	4.86217e-05	
750	0.0924803	0.0820259	0.0104473	7.18837e-06	0.411816	0.365262	0.0465219	3.20099e-05	7.16641e-06	3.19121e-05	
751	0.313048	0.151737	0.145658	0.0156527	1.39401	0.675689	0.64862	0.0697018	0.0175105	0.0779748	
752	0.0884351	0.0762728	0.0121622	0	0.393802	0.339644	0.0541586	0	0	0	
753	0.102755	0.0923849	0.0103704	0	0.457571	0.411391	0.0461796	0	0	0	
754	0.215414	0.176234	0.0391803	0	0.959242	0.784772	0.17447	0	0	0	
755	0.112569	0.0919122	0.0206151	4.24122e-05	0.501275	0.409286	0.0917997	0.000188862	4.47391e-05	0.000199223	
756	0.20219	0.113875	0.088311	3.65029e-06	0.900356	0.50709	0.39325	1.62548e-05	2.14048e-05	9.53162e-05	
757	0.139061	0.0774222	0.0551131	0.00652652	0.619244	0.344762	0.245419	0.0290627	0.00700423	0.0311899	
758	0.211728	0.127624	0.0841034	0	0.942828	0.568314	0.374513	0	0	0	
759	0.120815	0.0712146	0.0495934	7.7747e-06	0.537994	0.317119	0.22084	3.46208e-05	6.89393e-05	0.000306987	
760	0.121848	0.0865693	0.035279	0	0.542592	0.385494	0.157098	0	0	0	
761	0.121463	0.109693	0.0116307	0.000138753	0.540876	0.488467	0.0517918	0.000617869	0.000141467	0.000629957	
762	0.0505699	0.0505699	0	0	0.225188	0.225188	0	0	0	0	
763	0.0558623	0.0538484	0.0020139	0	0.248755	0.239787	0.00896793	0	0	0	
764	0.0780307	0.076546	0.00148345	1.25746e-06	0.347471	0.34086	0.00660583	5.59952e-06	1.23532e-06	5.50092e-06	
765	0.0845872	0.0836303	0.00095692	0	0.376668	0.372406	0.00426117	0	0	0	
766	0.0515969	0.0444031	0.0070844	0.000109444	0.229761	0.197727	0.0315469	0.000487358	0.000117876	0.000524907	
767	0.0519335	0.0430516	0.00888187	0	0.23126	0.191709	0.0395511	0	0	0	
768	0.0452582	0.0452058	5.24191e-05	0	0.201535	0.201302	0.000233423	0	0	0	
769	0.0793834	0.0523502	0.0266479	0.000385264	0.353495	0.233116	0.118663	0.00171558	0.000734527	0.00327085	
770	0.0801249	0.0564335	0.0236913	0	0.356797	0.251299	0.105497	0	0	0	
771	0.100562	0.0780667	0.0224958	0	0.447806	0.347632	0.100174	0	0	0	
772	0.10315	0.103018	0.000132578	0	0.459331	0.458741	0.000590373	0	0	0	
773	0.104924	0.0903127	0.0146122	2.53265e-08	0.467232	0.402163	0.0650684	1.12779e-07	8.00205e-09	3.56332e-08	
774	0.0775121	0.0774458	6.63243e-05	0	0.345162	0.344867	0.000295343	0	0	0	
775	0.0754704	0.0754704	0	0	0.33607	0.33607	0	0	0	0	
776	0.0647442	0.0647442	0	0	0.288306	0.288306	0	0	0	0	
777	0.0741465	0.0741465	0	0	0.330175	0.330175	0	0	0	0	
778	0.0920591	0.0920591	0	0	0.40994	0.40994	0	0	0	0	
779	0.159494	0.110483	0.0490113	0	0.710232	0.491984	0.218247	0	0	0	
780	0.0513112	0.0433817	0.00792951	0	0.228489	0.193179	0.0353102	0	0	0	
781	0.0561374	0.0423848	0.0137526	0	0.24998	0.18874	0.0612406	0	0	0	
782	0.107285	0.0949452	0.0123394	1.05049e-06	0.477744	0.422792	0.0549477	4.67785e-06	1.02823e-06	4.57872e-06	
783	0.250099	0.134589	0.105965	0.00954439	1.11369	0.599329	0.471866	0.0425012	0.0145911	0.0649743	
784	0.0715947	0.0715947	0	0	0.318812	0.318812	0	0	0	0	
785	0.125459	0.0751899	0.0502685	1.49082e-06	0.558674	0.334821	0.223846	6.63866e-06	3.52727e-06	1.57069e-05	
786	0.139359	0.0947195	0.043491	0.00114924	0.620571	0.421787	0.193666	0.00511762	0.00147111	0.0065509	
787	0.188723	0.083892	0.104381	0.000449961	0.840386	0.373572	0.46481	0.00200368	0.00105265	0.00468746	
788	0.136004	0.0914636	0.0444989	4.20224e-05	0.605629	0.407288	0.198154	0.000187126	5.40254e-05	0.000240576	
789	0.102666	0.102599	6.63243e-05	0	0.457173	0.456878	0.000295343	0	0	0	
790	0.120989	0.0844035	0.0365861	0	0.538768	0.37585	0.162918	0	0	0	
791	0.129475	0.0871733	0.0418648	0.000437177	0.576555	0.388183	0.186424	0.00194675	0.00127109	0.0056602	
792	0.0947836	0.0824583	0.0123252	0	0.422072	0.367188	0.0548846	0	0	0	
793	0.255912	0.147395	0.101819	0.00669724	1.13958	0.656354	0.453405	0.0298229	0.00710367	0.0316327	
794	0.101757	0.0896459	0.0120994	1.20602e-05	0.453126	0.399194	0.0538789	5.37045e-05	1.87758e-05	8.3609e-05	
795	0.123152	0.105658	0.0174882	5.60804e-06	0.5484	0.4705	0.0778751	2.49726e-05	8.45576e-06	3.76536e-05	
796	0.0938794	0.0938794	0	0	0.418046	0.418046	0	0	0	0	
797	0.0546936	0.0533112	0.0013824	0	0.243551	0.237395	0.00615587	0	0	0	
798	0.181574	0.103904	0.0775242	0.000145801	0.808552	0.462686	0.345216	0.000649256	0.000365479	0.00162748	
799	0.167144	0.129439	0.0376969	7.72634e-06	0.744296	0.576397	0.167865	3.44055e-05	9.97464e-06	4.44171e-05	
800	0.20373	0.158925	0.044777	2.864e-05	0.907216	0.707695	0.199392	0.000127534	2.86174e-05	0.000127434	
801	0.150706	0.0853635	0.0651609	0.000181773	0.671096	0.380124	0.290162	0.000809438	0.000296564	0.0013206	
802	0.112971	0.08644	0.0265311	7.88414e-07	0.503065	0.384918	0.118143	3.51082e-06	1.66915e-06	7.43275e-06	
803	0.0833886	0.0833886	0	0	0.37133	0.37133	0	0	0	0	
804	0.186523	0.151189	0.0346518	0.000682029	0.830592	0.67325	0.154305	0.00303708	0.000741845	0.00330344	
805	0.221725	0.144059	0.0766473	0.00101795	0.987344	0.6415	0.341311	0.00453297	0.00125926	0.00560751	
806	0.134332	0.107052	0.0271075	0.000172383	0.598183	0.476705	0.12071	0.000767626	0.000202673	0.000902507	
807	0.142564	0.11947	0.0229745	0.00012019	0.634842	0.532001	0.102306	0.000535211	0.000154238	0.000686823	
808	0.169293	0.152783	0.0164403	6.93292e-05	0.753865	0.680348	0.0732091	0.000308724	9.47758e-05	0.000422038	
809	0.190678	0.112325	0.0781279	0.000224824	0.849094	0.500189	0.347904	0.00100114	0.000476115	0.00212014	
810	0.0780798	0.0780297	5.0129e-05	0	0.34769	0.347467	0.000223225	0	0	0	
811	0.121875	0.0972181	0.0245615	9.60552e-05	0.542714	0.432913	0.109373	0.000427735	0.000106571	0.000474565	
812	0.161346	0.112275	0.0489552	0.000116008	0.71848	0.499965	0.217998	0.000516588	0.000174416	0.000776678	
813	0.064021	0.064021	0	0	0.285086	0.285086	0	0	0	0	
814	0.0854992	0.081558	0.0039412	0	0.380729	0.363179	0.0175502	0	0	0	
815	0.149581	0.132743	0.0164641	0.000374222	0.666088	0.591106	0.0733152	0.00166641	0.000376364	0.00167595	
816	0.233991	0.155928	0.0774239	0.000639678	1.04196	0.69435	0.344769	0.00284849	0.000981946	0.00437262	
817	0.147137	0.0972542	0.0494032	0.000479747	0.655203	0.433074	0.219993	0.00213632	0.00071916	0.00320243	
818	0.184877	0.124346	0.0598936	0.000637442	0.82326	0.553714	0.266706	0.00283854	0.00157057	0.00699376	
819	0.0670026	0.0670026	0	0	0.298363	0.298363	0	0	0	0	
820	0.093746	0.0908134	0.00293119	1.40739e-06	0.417452	0.404393	0.0130526	6.26716e-06	1.7781e-06	7.91792e-06	
821	0.027643	0.0275795	6.34572e-05	0	0.123094	0.122812	0.000282575	0	0	0	
822	0.093434	0.0843166	0.00911739	0	0.416062	0.375463	0.0405998	0	0	0	
823	0.0624837	0.0590405	0.00339657	4.6647e-05	0.278241	0.262908	0.0151249	0.000207719	4.6625e-05	0.000207621	
824	0.119659	0.119631	2.84331e-05	0	0.532845	0.532718	0.000126613	0	0	0	
825	0.0785638	0.0785638	0	0	0.349845	0.349845	0	0	0	0	
826	0.119298	0.106126	0.0131714	0	0.531236	0.472584	0.0586526	0	0	0	
827	0.0841415	0.0841131	2.84331e-05	0	0.374683	0.374556	0.000126613	0	0	0	
828	0.153981	0.103639	0.0502201	0.000122081	0.685682	0.461508	0.22363	0.000543628	0.000163866	0.000729698	
829	0.133671	0.101539	0.0321317	2.7145e-07	0.59524	0.452156	0.143082	1.20877e-06	3.10653e-07	1.38334e-06	
830	0.16195	0.133895	0.028055	0	0.721168	0.596238	0.124929	0	0	0	
831	0.100624	0.100624	0	0	0.448081	0.448081	0	0	0	0	
832	0.085018	0.0838325	0.00118548	0	0.378586	0.373307	0.00527896	0	0	0	
833	0.0906869	0.0883913	0.00229271	2.90593e-06	0.40383	0.393607	0.0102095	1.29401e-05	3.0032e-06	1.33732e-05	
834	0.0988248	0.0978777	0.000947062	0	0.440068	0.43585	0.00421728	0	0	0	
835	0.0981224	0.0965437	0.00157867	0	0.43694	0.42991	0.00702985	0	0	0	
836	0.142556	0.116123	0.0263406	9.18389e-05	0.634805	0.517101	0.117295	0.00040896	9.24961e-05	0.000411886	
837	0.126843	0.120063	0.00674422	3.58679e-05	0.564833	0.534642	0.030032	0.00015972	3.88996e-05	0.00017322	
838	0.139784	0.0972194	0.0425046	6.07863e-05	0.622463	0.432919	0.189273	0.000270682	9.86612e-05	0.000439339	
839	0.212672	0.152186	0.0599856	0.000499677	0.947032	0.67769	0.267116	0.00222507	0.000532051	0.00236923	
840	0.112225	0.0765497	0.0356662	9.26615e-06	0.49974	0.340877	0.158822	4.12623e-05	3.00731e-05	0.000133916	
841	0.113319	0.0797978	0.0335184	2.76651e-06	0.50461	0.35534	0.149257	1.23193e-05	1.68498e-05	7.50326e-05	
842	0.102914	0.0977429	0.00517142	0	0.458278	0.43525	0.0230284	0	0	0	
843	0.143593	0.12117	0.022215	0.000208023	0.639425	0.539575	0.0989237	0.000926329	0.000222184	0.00098939	
844	0.123918	0.109697	0.0142174	4.3103e-06	0.551812	0.488482	0.0633103	1.91938e-05	4.67549e-06	2.082e-05	
845	0.193873	0.134194	0.0582703	0.00140899	0.86332	0.597568	0.259478	0.00627426	0.00245303	0.0109234	
846	0.103683	0.0936471	0.0100365	0	0.461704	0.417011	0.0446927	0	0	0	
847	0.121356	0.095489	0.0258451	2.18644e-05	0.5404	0.425213	0.115088	9.73625e-05	2.21095e-05	9.8454e-05	
848	0.105026	0.102347	0.00267756	8.47313e-07	0.467682	0.455755	0.0119232	3.77309e-06	1.62529e-06	7.23747e-06	
849	0.0996105	0.0964363	0.00317221	2.01393e-06	0.443566	0.429432	0.0141259	8.96806e-06	5.0255e-06	2.23786e-05	
850	0.0798952	0.0797963	9.89072e-05	0	0.355774	0.355334	0.000440434	0	0	0	
851	0.0642926	0.0642926	0	0	0.286295	0.286295	0	0	0	0	
852	0.092062	0.0844565	0.00758332	2.22232e-05	0.409953	0.376086	0.0337686	9.89606e-05	3.26558e-05	0.000145416	
853	0.105238	0.103026	0.0022122	0	0.468629	0.458778	0.00985096	0	0	0	
854	0.0987486	0.094125	0.00461877	4.8632e-06	0.439729	0.41914	0.0205674	2.16558e-05	5.53457e-06	2.46455e-05	
855	0.110051	0.0928277	0.0166508	0.000572564	0.490058	0.413363	0.0741463	0.00254963	0.000572541	0.00254953	
856	0.112345	0.10319	0.00915543	0	0.500277	0.459507	0.0407692	0	0	0	
857	0.0630934	0.0630934	0	0	0.280955	0.280955	0	0	0	0	
858	0.106223	0.0849934	0.021221	9.41566e-06	0.473016	0.378476	0.0944977	4.1928e-05	1.96466e-05	8.74866e-05	
859	0.127658	0.111394	0.0162636	0	0.568465	0.496043	0.0724223	0	0	0	
860	0.0928585	0.0837031	0.00915543	0	0.4135	0.37273	0.0407692	0	0	0	
861	0.0865627	0.0858491	0.000713614	0	0.385464	0.382287	0.00317773	0	0	0	
862	0.11309	0.0784315	0.0344156	0.000243676	0.503594	0.349256	0.153253	0.00108509	0.000279896	0.00124638	
863	0.119166	0.114428	0.00473822	2.48098e-07	0.53065	0.50955	0.0210993	1.10478e-06	1.32735e-06	5.91072e-06	
864	0.10728	0.0946557	0.0126244	0	0.47772	0.421503	0.0562169	0	0	0	
865	0.116443	0.115972	0.000471576	0	0.518526	0.516426	0.00209993	0	0	0	
866	0.0760255	0.075368	0.000657581	0	0.338542	0.335614	0.00292821	0	0	0	
867	0.0858816	0.0858816	0	0	0.382432	0.382432	0	0	0	0	
868	0.103486	0.0991495	0.00431698	2.0395e-05	0.460828	0.441514	0.0192235	9.08195e-05	2.16805e-05	9.65438e-05	
869	0.0971976	0.0938558	0.00333397	7.9243e-06	0.432822	0.417941	0.0148462	3.5287e-05	7.90228e-06	3.51889e-05	
870	0.130465	0.125222	0.00524329	0	0.580963	0.557615	0.0233484	0	0	0	
871	0.107658	0.0981063	0.00953962	1.24404e-05	0.479404	0.436868	0.04248	5.53972e-05	1.24181e-05	5.52981e-05	
872	0.0421644	0.0415754	0.00058899	0	0.187758	0.185135	0.00262278	0	0	0	
873	0.0997621	0.09921	0.000552048	0	0.444241	0.441783	0.00245827	0	0	0	
874	0.106147	0.0902436	0.0159033	0	0.472673	0.401856	0.0708177	0	0	0	
875	0.081268	0.0809317	0.000336233	0	0.361887	0.36039	0.00149725	0	0	0	
876	0.0441517	0.0441517	0	0	0.196608	0.196608	0	0	0	0	
877	0.101638	0.0870348	0.014425	0.000178602	0.452597	0.387567	0.0642347	0.000795319	0.00017858	0.000795219	
878	0.100796	0.0986886	0.00210738	0	0.448846	0.439461	0.00938421	0	0	0	
879	0.0866487	0.0866487	0	0	0.385847	0.385847	0	0	0	0	
880	0.0921076	0.0870986	0.00500903	0	0.410156	0.387851	0.0223052	0	0	0	
881	0.0821066	0.0788038	0.00327501	2.78942e-05	0.365622	0.350914	0.0145836	0.000124213	2.7872e-05	0.000124114	
882	0.0913664	0.0888619	0.00250234	2.19819e-06	0.406856	0.395703	0.0111429	9.7886e-06	2.22324e-06	9.90012e-06	
883	0.059465	0.058876	0.00058899	0	0.264798	0.262175	0.00262278	0	0	0	
884	0.0782994	0.0782994	0	0	0.348668	0.348668	0	0	0	0	
885	0.0889463	0.0889463	0	0	0.396079	0.396079	0	0	0	0	
886	0.102757	0.101073	0.00168424	0	0.457579	0.450079	0.00749995	0	0	0	
887	0.0656912	0.0656912	0	0	0.292523	0.292523	0	0	0	0	
888	0.096211	0.096211	0	0	0.428429	0.428429	0	0	0	0	
889	0.0663336	0.0642136	0.00211999	0	0.295384	0.285944	0.00944034	0	0	0	
890	0.093538	0.0910624	0.00247557	0	0.416526	0.405502	0.0110237	0	0	0	
891	0.0410764	0.0410133	6.31103e-05	0	0.182914	0.182633	0.000281031	0	0	0	
892	0.0581809	0.0581809	0	0	0.25908	0.25908	0	0	0	0	
893	0.086351	0.086351	0	0	0.384522	0.384522	0	0	0	0	
894	0.0837652	0.0832525	0.000512761	0	0.373007	0.370724	0.00228333	0	0	0	
895	0.0795417	0.0795417	0	0	0.3542	0.3542	0	0	0	0	
896	0.0788548	0.0783421	0.000512761	0	0.351141	0.348858	0.00228333	0	0	0	
897	0.0740333	0.0712699	0.00276335	0	0.329671	0.317366	0.0123052	0	0	0	
898	0.0727	0.0727	0	0	0.323734	0.323734	0	0	0	0	
899	0.0960833	0.0951227	0.000960539	0	0.42786	0.423582	0.00427729	0	0	0	
900	0.0813878	0.0813878	0	0	0.36242	0.36242	0	0	0	0	
901	0.19338	0.111746	0.0811895	0.000444727	0.861126	0.497607	0.361538	0.00198037	0.000603023	0.00268527	
902	0.0747952	0.0747952	0	0	0.333064	0.333064	0	0	0	0	
903	0.217729	0.115598	0.101649	0.000481346	0.96955	0.514759	0.452647	0.00214344	0.000527194	0.0023476	
904	0.0674931	0.0674931	0	0	0.300547	0.300547	0	0	0	0	
905	0.161883	0.0924799	0.0694033	0	0.720868	0.411814	0.309054	0	0	0	
906	0.207706	0.130129	0.0768513	0.000725184	0.924917	0.579468	0.342219	0.00322925	0.00100548	0.00447741	
907	0.0800951	0.0800459	4.91565e-05	0	0.356664	0.356445	0.000218894	0	0	0	
908	0.113343	0.0989612	0.014379	3.18993e-06	0.504719	0.440675	0.0640299	1.42048e-05	1.89034e-05	8.41772e-05	
909	0.105964	0.105203	0.000761628	0	0.471862	0.46847	0.00339153	0	0	0	
910	0.122042	0.0899299	0.0321126	0	0.543457	0.400459	0.142997	0	0	0	
911	0.12536	0.106346	0.018532	0.000482092	0.558232	0.473562	0.0825234	0.00214676	0.000486336	0.00216566	
912	0.107844	0.0956586	0.0121448	4.0844e-05	0.480231	0.425968	0.0540812	0.000181879	5.35245e-05	0.000238345	
913	0.111573	0.0984811	0.0130317	6.0113e-05	0.496836	0.438537	0.0580305	0.000267684	6.00909e-05	0.000267585	
914	0.0765321	0.0765321	0	0	0.340798	0.340798	0	0	0	0	
915	0.132259	0.091525	0.0406225	0.000112403	0.588955	0.407562	0.180892	0.000500534	0.000116187	0.000517384	
916	0.10663	0.10663	0	0	0.474825	0.474825	0	0	0	0	
917	0.116547	0.0923896	0.0241578	0	0.518987	0.411412	0.107575	0	0	0	
918	0.128107	0.0887731	0.0384548	0.000879507	0.570463	0.395307	0.171239	0.00391645	0.00109479	0.00487515	
919	0.0910574	0.0860717	0.00498566	0	0.405479	0.383278	0.0222012	0	0	0	
920	0.116233	0.0856382	0.0305688	2.59912e-05	0.517587	0.381348	0.136123	0.000115739	5.0662e-05	0.000225598	
921	0.0382393	0.0382393	0	0	0.17028	0.17028	0	0	0	0	
922	0.0196803	0.0191089	0.000571337	0	0.0876367	0.0850925	0.00254417	0	0	0	
923	0.0615132	0.0590908	0.00242237	2.21782e-08	0.273919	0.263132	0.0107868	9.87599e-08	1.96774e-06	8.76237e-06	
924	0.0605954	0.0515965	0.00899888	0	0.269832	0.22976	0.0400721	0	0	0	
925	0.0487704	0.04476	0.00398689	2.34805e-05	0.217175	0.199317	0.0177536	0.000104559	2.54261e-05	0.000113222	
926	0.0675964	0.0587292	0.00884559	2.15956e-05	0.301007	0.261522	0.0393895	9.61658e-05	2.15733e-05	9.60665e-05	
927	0.0781828	0.0771704	0.00101239	0	0.348149	0.34364	0.00450822	0	0	0	
928	0.103638	0.0949963	0.00864208	0	0.461503	0.423019	0.0384833	0	0	0	
929	0.0446643	0.042939	0.00172538	0	0.198891	0.191207	0.00768314	0	0	0	
930	0.0753389	0.0746648	0.000674069	0	0.335485	0.332483	0.00300164	0	0	0	
931	0.0929776	0.0824688	0.0103847	0.000124082	0.41403	0.367234	0.0462435	0.000552543	0.00012406	0.000552444	
932	0.085738	0.0840283	0.00170967	0	0.381792	0.374179	0.00761322	0	0	0	
933	0.0476558	0.0476558	0	0	0.212212	0.212212	0	0	0	0	
934	0.0464569	0.0454056	0.00105131	0	0.206873	0.202191	0.0046815	0	0	0	
935	0.0924183	0.077621	0.0147973	0	0.411539	0.345647	0.0658925	0	0	0	
936	0.0757241	0.0757241	0	0	0.3372	0.3372	0	0	0	0	
937	0.0618222	0.0618222	0	0	0.275295	0.275295	0	0	0	0	
938	0.0672544	0.0672544	0	0	0.299484	0.299484	0	0	0	0	
939	0.073232	0.0728271	0.000404963	0	0.326103	0.324299	0.0018033	0	0	0	
940	0.0754007	0.0744101	0.000990569	0	0.33576	0.331349	0.00441102	0	0	0	
941	0.0686602	0.0686602	0	0	0.305744	0.305744	0	0	0	0	
942	0.0707684	0.0707684	0	0	0.315132	0.315132	0	0	0	0	
943	0.080155	0.080155	0	0	0.356931	0.356931	0	0	0	0	
944	0.0639611	0.0635561	0.000404963	0	0.284819	0.283016	0.0018033	0	0	0	
945	0.063276	0.063276	0	0	0.281769	0.281769	0	0	0	0	
946	0.0655712	0.0655712	0	0	0.291989	0.291989	0	0	0	0	
947	0.0957445	0.0957445	0	0	0.426351	0.426351	0	0	0	0	
948	0.0600588	0.0542204	0.00583846	0	0.267442	0.241444	0.0259987	0	0	0	
949	0.064694	0.064694	0	0	0.288083	0.288083	0	0	0	0	
950	0.0860645	0.0860645	0	0	0.383246	0.383246	0	0	0	0	
951	0.115986	0.115986	0	0	0.516488	0.516488	0	0	0	0	
952	0.0497378	0.0494969	0.000240826	0	0.221483	0.22041	0.0010724	0	0	0	
953	0.0540527	0.0533029	0.000749743	0	0.240697	0.237358	0.00333861	0	0	0	
954	0.0873459	0.0864042	0.000941704	0	0.388952	0.384759	0.00419341	0	0	0	
955	0.0890895	0.0890895	0	0	0.396716	0.396716	0	0	0	0	
956	0.0559966	0.0497022	0.00621264	8.17218e-05	0.249353	0.221324	0.0276649	0.000363908	8.16999e-05	0.00036381	
957	0.078976	0.078976	0	0	0.351681	0.351681	0	0	0	0	
958	0.0773292	0.0693128	0.00801639	0	0.344348	0.308651	0.035697	0	0	0	
959	0.0909366	0.0909366	0	0	0.404941	0.404941	0	0	0	0	
960	0.0566598	0.0566598	0	0	0.252306	0.252306	0	0	0	0	
961	0.0791127	0.0749145	0.00419812	0	0.352289	0.333595	0.0186942	0	0	0	
962	0.0981436	0.097939	0.000204604	0	0.437034	0.436123	0.000911104	0	0	0	
963	0.145768	0.14567	9.7774e-05	0	0.649108	0.648673	0.000435389	0	0	0	
964	0.105225	0.104283	0.000941704	0	0.468568	0.464375	0.00419341	0	0	0	
965	0.152494	0.0961512	0.0561504	0.000193274	0.679061	0.428162	0.250038	0.000860652	0.000193251	0.00086055	
966	0.157043	0.101581	0.0554618	0	0.699314	0.452342	0.246972	0	0	0	
967	0.0452451	0.0442979	0.000947204	0	0.201477	0.197259	0.00421791	0	0	0	
968	0.0706073	0.0706073	0	0	0.314415	0.314415	0	0	0	0	
969	0.196133	0.177715	0.0184179	0	0.873385	0.79137	0.0820154	0	0	0	
970	0.198668	0.173516	0.0249404	0.00021151	0.884671	0.772669	0.11106	0.000941858	0.000336912	0.00150027	
