Node	dPC	dPCintra	dPCflux	dPCconnector	varPC	varPCintra	varPCflux	varPCconnector	dBC_PC	varBC_PC	
1	0.172615	0.165217	0.00739272	5.37194e-06	0.769614	0.736629	0.0329607	2.3951e-05	5.33951e-06	2.38064e-05	
2	0.0917287	0.0831692	0.00854818	1.12998e-05	0.408976	0.370813	0.0381124	5.03809e-05	1.12674e-05	5.02364e-05	
3	0.0961073	0.0814776	0.0146061	2.35753e-05	0.428498	0.363271	0.065122	0.000105111	5.0869e-05	0.000226801	
4	0.0571978	0.0571978	0	0	0.255019	0.255019	0	0	0	0	
5	0.11224	0.10584	0.00640008	1.6797e-07	0.50043	0.471894	0.028535	7.48902e-07	2.79404e-07	1.24573e-06	
6	0.0907877	0.0891483	0.00163863	7.9862e-07	0.404781	0.397471	0.00730592	3.56068e-06	7.66123e-07	3.41579e-06	
7	0.0864075	0.0858627	0.00054406	8.28876e-07	0.385251	0.382822	0.00242571	3.69558e-06	7.96386e-07	3.55072e-06	
8	0.122242	0.10261	0.0195669	6.47894e-05	0.545023	0.457494	0.0872401	0.000288866	6.47559e-05	0.000288717	
9	0.088216	0.0862902	0.00192092	4.91083e-06	0.393315	0.384729	0.00856455	2.18951e-05	4.87836e-06	2.17504e-05	
10	0.0597686	0.0591152	0.000653361	0	0.266481	0.263568	0.00291303	0	0	0	
11	0.0858233	0.0789048	0.00691852	0	0.382647	0.3518	0.0308465	0	0	0	
12	0.0956636	0.0942311	0.00142971	2.86173e-06	0.42652	0.420133	0.00637446	1.27591e-05	2.86609e-06	1.27786e-05	
13	0.102808	0.102808	0	0	0.458377	0.458377	0	0	0	0	
14	0.0835207	0.0832635	0.00025715	0	0.37238	0.371234	0.00114651	0	0	0	
15	0.0942413	0.0925656	0.00167537	3.44282e-07	0.420179	0.412708	0.00746973	1.53499e-06	3.11781e-07	1.39009e-06	
16	0.0731623	0.0731623	0	0	0.326197	0.326197	0	0	0	0	
17	0.0875635	0.0843534	0.00320964	5.32872e-07	0.390406	0.376093	0.0143103	2.37583e-06	3.00225e-06	1.33857e-05	
18	0.0724646	0.0720348	0.000429806	0	0.323086	0.32117	0.00191631	0	0	0	
19	0.0876797	0.0841668	0.00351123	1.69506e-06	0.390924	0.375261	0.0156549	7.55751e-06	1.9704e-06	8.78513e-06	
20	0.0591703	0.0590264	0.000143948	0	0.263813	0.263171	0.0006418	0	0	0	
21	0.0849246	0.081619	0.00330002	5.60061e-06	0.37864	0.363902	0.0147133	2.49705e-05	5.57972e-06	2.48774e-05	
22	0.0894724	0.0874303	0.00204071	1.44523e-06	0.398916	0.389811	0.00909863	6.44362e-06	1.41268e-06	6.29851e-06	
23	0.098131	0.0948116	0.00331362	5.79051e-06	0.437521	0.422722	0.0147739	2.58172e-05	6.81666e-06	3.03924e-05	
24	0.0670062	0.0649878	0.00201849	0	0.29875	0.289751	0.00899955	0	0	0	
25	0.123547	0.115349	0.0081854	1.22875e-05	0.550841	0.514291	0.0364949	5.47846e-05	1.22628e-05	5.46744e-05	
26	0.0851237	0.0841498	0.000973923	0	0.379528	0.375185	0.00434227	0	0	0	
27	0.083638	0.0761148	0.00746278	6.04468e-05	0.372903	0.339361	0.0332731	0.000269504	9.72456e-05	0.000433573	
28	0.0621195	0.0620166	0.000102864	0	0.276962	0.276504	0.000458624	0	0	0	
29	0.104157	0.101115	0.00304126	6.52308e-08	0.464389	0.450829	0.0135596	2.90834e-07	3.15444e-07	1.40642e-06	
30	0.169176	0.148611	0.0204548	0.000110228	0.754282	0.662592	0.0911987	0.000491459	0.000111815	0.000498535	
31	0.140336	0.1382	0.00213575	0	0.625696	0.616173	0.00952237	0	0	0	
32	0.147435	0.138663	0.00875589	1.58036e-05	0.657345	0.618236	0.0390385	7.04613e-05	1.57868e-05	7.03863e-05	
33	0.0791957	0.0765292	0.00265664	9.84369e-06	0.353097	0.341209	0.0118447	4.38885e-05	9.81117e-06	4.37435e-05	
34	0.102196	0.0970052	0.00518859	2.97743e-06	0.455648	0.432502	0.0231335	1.3275e-05	3.18882e-06	1.42175e-05	
35	0.0641928	0.0608711	0.00331867	3.09335e-06	0.286206	0.271396	0.0147964	1.37918e-05	3.8091e-06	1.6983e-05	
36	0.0826421	0.0810362	0.00160593	0	0.368463	0.361303	0.00716011	0	0	0	
37	0.173519	0.0948401	0.078447	0.000232078	0.773643	0.422848	0.349759	0.00103473	0.00029364	0.0013092	
38	0.0788617	0.0782975	0.00056418	0	0.351608	0.349093	0.00251542	0	0	0	
39	0.0892942	0.0837746	0.00550073	1.89081e-05	0.398122	0.373513	0.0245252	8.43026e-05	2.05894e-05	9.17987e-05	
40	0.103861	0.1008	0.00306087	0	0.463071	0.449424	0.013647	0	0	0	
41	0.10011	0.095783	0.00432735	1.15687e-07	0.446347	0.427053	0.0192937	5.15795e-07	1.22749e-07	5.47281e-07	
42	0.0745761	0.0738253	0.000750852	0	0.332501	0.329153	0.0033477	0	0	0	
43	0.0590304	0.0552478	0.00378008	2.54636e-06	0.263189	0.246325	0.0168536	1.1353e-05	3.77099e-06	1.68131e-05	
44	0.065115	0.0645037	0.000611282	0	0.290318	0.287592	0.00272542	0	0	0	
45	0.0574592	0.0520608	0.00539663	1.87037e-06	0.256184	0.232115	0.0240611	8.33915e-06	3.06346e-06	1.36585e-05	
46	0.0935499	0.084996	0.0085539	0	0.417096	0.378958	0.0381379	0	0	0	
47	0.135497	0.134643	0.000854005	0	0.604119	0.600312	0.00380761	0	0	0	
48	0.103	0.0849002	0.0181001	0	0.459231	0.378531	0.0807001	0	0	0	
49	0.166818	0.158128	0.00868941	0	0.743767	0.705025	0.0387421	0	0	0	
50	0.0999413	0.0951256	0.00480039	1.52748e-05	0.445592	0.424122	0.0214027	6.81034e-05	1.81712e-05	8.10173e-05	
51	0.0845836	0.0845435	4.01188e-05	0	0.377119	0.376941	0.000178871	0	0	0	
52	0.0784165	0.076124	0.00229248	3.24113e-08	0.349623	0.339402	0.0102211	1.44507e-07	1.0631e-07	4.7399e-07	
53	0.0985355	0.0948274	0.00369928	8.86531e-06	0.439325	0.422792	0.0164934	3.95264e-05	1.13469e-05	5.0591e-05	
54	0.0923887	0.0906246	0.00176413	0	0.411919	0.404053	0.00786545	0	0	0	
55	0.099427	0.0926313	0.00678807	7.70744e-06	0.4433	0.413	0.0302649	3.43639e-05	1.15627e-05	5.15532e-05	
56	0.117448	0.111892	0.00555456	6.43732e-07	0.523647	0.498879	0.0247652	2.8701e-06	1.21295e-06	5.40799e-06	
57	0.10182	0.100641	0.00117926	4.58281e-07	0.453972	0.448712	0.00525779	2.04326e-06	5.11084e-07	2.27869e-06	
58	0.119814	0.091228	0.0285529	3.38182e-05	0.534199	0.406744	0.127304	0.00015078	4.44817e-05	0.000198323	
59	0.180367	0.111939	0.0684265	1.05495e-06	0.804175	0.499087	0.305082	4.70358e-06	1.68251e-06	7.50157e-06	
60	0.073722	0.073532	0.000190015	0	0.328693	0.327845	0.000847191	0	0	0	
61	0.0872394	0.0870561	0.000183292	0	0.388961	0.388143	0.000817216	0	0	0	
62	0.0998111	0.0933321	0.0064592	1.98205e-05	0.445012	0.416125	0.0287986	8.83709e-05	2.34389e-05	0.000104503	
63	0.125471	0.0938163	0.0316121	4.31399e-05	0.55942	0.418284	0.140944	0.000192341	6.0247e-05	0.000268614	
64	0.0977274	0.0967189	0.00100734	1.2602e-06	0.435722	0.431225	0.00449131	5.61865e-06	1.2277e-06	5.47376e-06	
65	0.105894	0.102463	0.00341452	1.69932e-05	0.472137	0.456837	0.0152238	7.57651e-05	1.8083e-05	8.06239e-05	
66	0.117322	0.100817	0.0164999	4.55342e-06	0.523087	0.449501	0.0735657	2.03016e-05	5.936e-06	2.64659e-05	
67	0.17354	0.137187	0.0363338	1.94719e-05	0.773737	0.611654	0.161995	8.68165e-05	2.97493e-05	0.000132638	
68	0.0923452	0.0797763	0.0125543	1.4487e-05	0.411725	0.355686	0.0559742	6.45912e-05	1.48653e-05	6.62778e-05	
69	0.118081	0.113625	0.00443948	1.63581e-05	0.52647	0.506603	0.0197936	7.29334e-05	2.05879e-05	9.17923e-05	
70	0.0773868	0.0762616	0.00112334	1.89246e-06	0.345032	0.340015	0.00500848	8.43763e-06	1.86e-06	8.29292e-06	
71	0.065237	0.0441345	0.0211024	0	0.290862	0.196775	0.0940863	0	0	0	
72	0.173703	0.129319	0.0442006	0.000183802	0.774465	0.576575	0.19707	0.000819491	0.000217309	0.000968883	
73	0.0803688	0.0595869	0.0207819	0	0.358328	0.265671	0.0926571	0	0	0	
74	0.121672	0.105858	0.0156875	0.000126558	0.54248	0.471973	0.0699435	0.000564266	0.000130851	0.000583407	
75	0.182167	0.142631	0.0392207	0.0003158	0.812202	0.635927	0.174867	0.00140801	0.000467303	0.00208349	
76	0.147497	0.140088	0.0073695	3.87591e-05	0.657622	0.624593	0.0328572	0.000172809	4.21332e-05	0.000187853	
77	0.0888299	0.0888299	0	0	0.396052	0.396052	0	0	0	0	
78	0.149357	0.0978528	0.0513592	0.000145062	0.665915	0.436281	0.228987	0.000646768	0.000162009	0.000722325	
79	0.159323	0.135821	0.0231634	0.00033765	0.710348	0.605568	0.103275	0.00150542	0.000442577	0.00197325	
80	0.136194	0.124041	0.0121452	7.72643e-06	0.607228	0.553044	0.05415	3.44486e-05	1.03586e-05	4.61846e-05	
81	0.108734	0.105266	0.00346747	0	0.484797	0.469337	0.0154599	0	0	0	
82	0.253618	0.159665	0.0928787	0.00107418	1.13076	0.711875	0.414103	0.0047893	0.00181214	0.00807954	
83	0.156286	0.124034	0.0321959	5.64435e-05	0.696811	0.553012	0.143546	0.000251656	7.30703e-05	0.000325787	
84	0.118065	0.0952937	0.022771	9.72525e-07	0.526401	0.424871	0.101525	4.33604e-06	1.66758e-06	7.435e-06	
85	0.147793	0.100169	0.0476246	0	0.658945	0.446609	0.212336	0	0	0	
86	0.166756	0.144854	0.0217111	0.000191189	0.743491	0.645839	0.0968	0.000852428	0.000193206	0.000861418	
87	0.0793265	0.0768865	0.00243996	0	0.35368	0.342802	0.0108787	0	0	0	
88	0.0834617	0.0808723	0.00258343	5.994e-06	0.372118	0.360573	0.0115183	2.67245e-05	7.10499e-06	3.16779e-05	
89	0.0775642	0.076241	0.00132321	0	0.345823	0.339923	0.0058996	0	0	0	
90	0.106611	0.0978851	0.00872648	0	0.475332	0.436425	0.0389074	0	0	0	
91	0.102947	0.101424	0.00152254	2.95656e-07	0.458996	0.452207	0.00678832	1.31819e-06	5.79115e-07	2.58201e-06	
92	0.0857039	0.0830868	0.00261589	1.26192e-06	0.382114	0.370446	0.011663	5.62635e-06	1.59125e-06	7.09466e-06	
93	0.0928458	0.0894381	0.0033928	1.49278e-05	0.413957	0.398764	0.0151269	6.65564e-05	1.86241e-05	8.30365e-05	
94	0.0867576	0.0849783	0.00177925	0	0.386812	0.378879	0.00793288	0	0	0	
95	0.151808	0.130289	0.021476	4.23699e-05	0.676843	0.580902	0.0957517	0.000188908	9.49561e-05	0.000423366	
96	0.195068	0.15813	0.0365578	0.000379987	0.869719	0.70503	0.162994	0.00169418	0.000396816	0.00176922	
97	0.109693	0.0938572	0.0157788	5.76712e-05	0.489074	0.418466	0.0703506	0.000257129	7.22207e-05	0.000321999	
98	0.108577	0.0888105	0.0197327	3.45095e-05	0.484098	0.395965	0.0879792	0.000153862	3.75426e-05	0.000167385	
99	0.107516	0.099572	0.00794178	2.5686e-06	0.479366	0.443946	0.0354087	1.14522e-05	6.60366e-06	2.94427e-05	
100	0.0952642	0.0915439	0.0037147	5.71961e-06	0.42474	0.408152	0.0165621	2.55011e-05	7.89718e-06	3.52099e-05	
101	0.144764	0.14362	0.00114375	0	0.645438	0.640339	0.00509948	0	0	0	
102	0.165031	0.106757	0.0581833	9.09842e-05	0.735801	0.475982	0.259412	0.000405657	0.000108862	0.000485367	
103	0.0802912	0.0729764	0.00731426	5.9891e-07	0.357982	0.325368	0.0326109	2.67026e-06	8.49826e-07	3.78898e-06	
104	0.105839	0.0829111	0.0229283	0	0.471889	0.369662	0.102226	0	0	0	
105	0.0981914	0.0858147	0.0122726	0.000104066	0.437791	0.382608	0.0547183	0.000463985	0.000127501	0.000568471	
106	0.138914	0.111008	0.0279018	3.30926e-06	0.619354	0.494938	0.124401	1.47545e-05	2.14974e-05	9.58472e-05	
107	0.217321	0.146002	0.0710742	0.000244617	0.968938	0.65096	0.316887	0.00109063	0.000296126	0.00132029	
108	0.103483	0.0964581	0.00701667	9.10149e-06	0.461387	0.430063	0.0312841	4.05794e-05	1.22639e-05	5.46795e-05	
109	0.130443	0.107591	0.0227994	5.2436e-05	0.581589	0.479703	0.101652	0.000233788	7.59063e-05	0.000338431	
110	0.116322	0.108111	0.00821115	0	0.518628	0.482018	0.0366097	0	0	0	
111	0.102773	0.0957795	0.00694774	4.60888e-05	0.458219	0.427037	0.0309768	0.000205489	5.30325e-05	0.000236448	
112	0.102183	0.0943607	0.00781593	6.48491e-06	0.455587	0.420711	0.0348476	2.89132e-05	8.06529e-06	3.59594e-05	
113	0.0964716	0.0913429	0.00512824	4.39539e-07	0.430123	0.407256	0.0228645	1.9597e-06	6.2636e-07	2.79265e-06	
114	0.162047	0.12357	0.0379157	0.000561722	0.722498	0.550944	0.169048	0.00250446	0.000640388	0.0028552	
115	0.116213	0.106312	0.00989893	2.11337e-06	0.518143	0.473999	0.0441348	9.42257e-06	2.13144e-06	9.50313e-06	
116	0.123118	0.113823	0.00929373	5.69276e-07	0.548928	0.507489	0.0414365	2.53814e-06	5.91293e-07	2.6363e-06	
117	0.110027	0.0964006	0.013619	7.5323e-06	0.490561	0.429806	0.0607212	3.35831e-05	1.02103e-05	4.55233e-05	
118	0.10342	0.10113	0.00228972	5.82335e-07	0.461106	0.450895	0.0102088	2.59636e-06	1.07266e-06	4.78251e-06	
119	0.11875	0.113024	0.00572598	0	0.529452	0.503922	0.0255295	0	0	0	
120	0.115053	0.095676	0.0191445	0.000233275	0.512973	0.426576	0.085357	0.00104007	0.000298804	0.00133223	
121	0.0911772	0.0839206	0.00724815	8.46388e-06	0.406517	0.374163	0.0323162	3.77366e-05	1.09202e-05	4.86885e-05	
122	0.181803	0.156896	0.0247745	0.000132147	0.810577	0.69953	0.110458	0.000589185	0.000180084	0.000802913	
123	0.111729	0.106446	0.00527842	4.29489e-06	0.498149	0.474595	0.0235341	1.91489e-05	6.08901e-06	2.71481e-05	
124	0.168141	0.095867	0.0689212	0.00335321	0.749666	0.427427	0.307288	0.0149504	0.00669973	0.029871	
125	0.108792	0.102873	0.00591859	0	0.485055	0.458667	0.0263883	0	0	0	
126	0.140667	0.10382	0.0362891	0.000557954	0.62717	0.462886	0.161796	0.00248766	0.000869141	0.0038751	
127	0.201779	0.190633	0.0111361	9.4431e-06	0.899642	0.849949	0.0496512	4.21025e-05	1.10916e-05	4.94528e-05	
128	0.132758	0.120039	0.0126899	2.9252e-05	0.591909	0.5352	0.0565785	0.000130421	3.29068e-05	0.000146716	
129	0.122515	0.11745	0.00506369	1.76003e-06	0.54624	0.523656	0.0225767	7.84717e-06	3.13077e-06	1.39587e-05	
130	0.098813	0.0957516	0.00305965	1.81075e-06	0.440562	0.426912	0.0136415	8.07331e-06	2.91772e-06	1.30088e-05	
131	0.130749	0.123995	0.00673314	2.07954e-05	0.582953	0.55284	0.03002	9.27174e-05	2.17448e-05	9.69503e-05	
132	0.109705	0.0847245	0.0249812	0	0.489128	0.377748	0.111379	0	0	0	
133	0.141786	0.110246	0.0314505	8.96403e-05	0.632162	0.491539	0.140223	0.000399665	0.000148905	0.000663903	
134	0.096242	0.0951511	0.00109091	0	0.429099	0.424235	0.00486389	0	0	0	
135	0.0701956	0.0701956	0	0	0.31297	0.31297	0	0	0	0	
136	0.108465	0.102983	0.00548009	1.91353e-06	0.483597	0.459156	0.0244332	8.53157e-06	5.74499e-06	2.56143e-05	
137	0.122708	0.101597	0.0209353	0.000175819	0.5471	0.452975	0.0933411	0.000783897	0.000206221	0.000919447	
138	0.113597	0.103815	0.00978122	5.17083e-07	0.506477	0.462865	0.04361	2.30543e-06	5.76641e-07	2.57098e-06	
139	0.108307	0.105667	0.00263968	1.6038e-07	0.482894	0.471125	0.0117691	7.15064e-07	7.03808e-07	3.13796e-06	
140	0.141611	0.12044	0.0211621	9.10795e-06	0.631381	0.536989	0.0943522	4.06082e-05	2.96578e-05	0.00013223	
141	0.0941758	0.0925526	0.00162276	5.11918e-07	0.419887	0.41265	0.00723516	2.28241e-06	7.99132e-07	3.56296e-06	
142	0.0858481	0.0830082	0.0028399	0	0.382757	0.370095	0.0126618	0	0	0	
143	0.155063	0.154015	0.0010482	0	0.691356	0.686683	0.00467347	0	0	0	
144	0.100512	0.0982673	0.00224481	0	0.448137	0.438129	0.0100085	0	0	0	
145	0.0892021	0.086334	0.00286349	4.68142e-06	0.397711	0.384924	0.012767	2.08723e-05	4.64896e-06	2.07276e-05	
146	0.0638994	0.0608865	0.00301291	0	0.284898	0.271465	0.0134332	0	0	0	
147	0.0768133	0.0723457	0.00443278	3.49064e-05	0.342475	0.322556	0.0197637	0.000155631	3.48739e-05	0.000155486	
148	0.108588	0.107301	0.00128698	0	0.484146	0.478408	0.00573807	0	0	0	
149	0.114287	0.0994431	0.01483	1.45648e-05	0.509556	0.443371	0.0661204	6.49381e-05	1.75155e-05	7.80936e-05	
150	0.0860761	0.0822183	0.0038574	4.27679e-07	0.383774	0.366574	0.0171984	1.90682e-06	3.95019e-07	1.76121e-06	
151	0.136347	0.12387	0.0124688	7.452e-06	0.60791	0.552284	0.0555928	3.3225e-05	1.06218e-05	4.7358e-05	
152	0.100777	0.0843787	0.0163882	1.07162e-05	0.449321	0.376206	0.0730677	4.7779e-05	1.95187e-05	8.7025e-05	
153	0.138929	0.135007	0.00392217	0	0.619422	0.601934	0.0174871	0	0	0	
154	0.0987552	0.0972785	0.00147561	1.16306e-06	0.440304	0.43372	0.00657909	5.18556e-06	1.13058e-06	5.04074e-06	
155	0.0989135	0.0914468	0.00746532	1.36738e-06	0.44101	0.407719	0.0332844	6.09653e-06	1.35264e-06	6.03083e-06	
156	0.0988198	0.0943445	0.00447526	0	0.440592	0.420639	0.0199531	0	0	0	
157	0.0896143	0.0879771	0.00163711	0	0.399549	0.39225	0.00729913	0	0	0	
158	0.12344	0.103071	0.0203646	4.52834e-06	0.550365	0.459549	0.0907967	2.01898e-05	1.90957e-05	8.51392e-05	
159	0.104629	0.0988612	0.0057628	5.27225e-06	0.466494	0.440777	0.0256937	2.35065e-05	8.15836e-06	3.63744e-05	
160	0.172098	0.155186	0.0169088	3.21441e-06	0.767308	0.691905	0.0753887	1.43316e-05	6.6375e-06	2.95936e-05	
161	0.22433	0.173283	0.0508025	0.000244981	1.00018	0.77259	0.226505	0.00109225	0.00038056	0.00169674	
162	0.116607	0.0939246	0.0226583	2.45331e-05	0.519899	0.418767	0.101023	0.000109382	2.92291e-05	0.000130319	
163	0.0924698	0.0782913	0.0141785	0	0.41228	0.349065	0.0632155	0	0	0	
164	0.123195	0.0894586	0.0337257	1.12495e-05	0.549273	0.398855	0.150367	5.01565e-05	1.29219e-05	5.76132e-05	
165	0.158732	0.114883	0.043458	0.000390955	0.707716	0.512213	0.193759	0.00174309	0.0005919	0.00263901	
166	0.100008	0.0971455	0.00285991	2.61173e-06	0.44589	0.433127	0.012751	1.16445e-05	2.98249e-06	1.32975e-05	
167	0.103361	0.0968428	0.00651157	6.77424e-06	0.46084	0.431778	0.0290321	3.02032e-05	9.35601e-06	4.17142e-05	
168	0.11141	0.0977856	0.0136206	3.89742e-06	0.496727	0.435981	0.0607282	1.73768e-05	5.48374e-06	2.44495e-05	
169	0.100303	0.0945173	0.00578308	3.23921e-06	0.447208	0.421409	0.0257841	1.44421e-05	3.3227e-06	1.48144e-05	
170	0.14372	0.10838	0.0350854	0.000254412	0.640785	0.483221	0.15643	0.0011343	0.000304079	0.00135575	
171	0.218343	0.194844	0.0234282	7.10025e-05	0.973493	0.86872	0.104456	0.000316568	9.52809e-05	0.000424814	
172	0.134113	0.121829	0.0122846	0	0.597953	0.543181	0.0547715	0	0	0	
173	0.18247	0.135348	0.0461775	0.000944323	0.813554	0.603459	0.205884	0.0042103	0.00135456	0.00603938	
174	0.122784	0.112975	0.00980886	0	0.547439	0.503706	0.0437332	0	0	0	
175	0.103425	0.0960285	0.007396	1.10303e-06	0.461127	0.428147	0.0329754	4.91794e-06	1.72359e-06	7.6847e-06	
176	0.111736	0.0946192	0.0169933	0.00012419	0.498183	0.421864	0.0757657	0.00055371	0.000138279	0.000616526	
177	0.182662	0.141473	0.0401273	0.00106208	0.81441	0.630765	0.178909	0.00473537	0.00116784	0.0052069	
178	0.135021	0.106188	0.0288236	9.1046e-06	0.601998	0.473446	0.128511	4.05932e-05	1.13092e-05	5.04226e-05	
179	0.19528	0.140114	0.0545314	0.000634089	0.870664	0.624706	0.24313	0.00282711	0.000960906	0.00428424	
180	0.114996	0.101209	0.0135732	0.000213952	0.512718	0.451247	0.0605169	0.000953916	0.000235078	0.0010481	
181	0.131913	0.125058	0.00685297	2.24553e-06	0.588142	0.557578	0.0305543	1.00118e-05	3.55779e-06	1.58625e-05	
182	0.10279	0.0992057	0.00358459	0	0.458295	0.442313	0.015982	0	0	0	
183	0.116439	0.111282	0.00515671	0	0.51915	0.496158	0.0229914	0	0	0	
184	0.0982453	0.0878355	0.0103945	1.53187e-05	0.438031	0.391618	0.0463445	6.82991e-05	2.39811e-05	0.000106921	
185	0.0946147	0.0824017	0.0121871	2.58994e-05	0.421844	0.367391	0.0543371	0.000115473	3.46988e-05	0.000154706	
186	0.132532	0.113561	0.018964	7.66353e-06	0.590902	0.506316	0.0845518	3.41682e-05	7.93183e-06	3.53644e-05	
187	0.0919388	0.0880854	0.00385333	7.66248e-08	0.409913	0.392732	0.0171802	3.41635e-07	2.31335e-07	1.03142e-06	
188	0.0860545	0.0805038	0.00552882	2.18972e-05	0.383677	0.358929	0.0246505	9.76299e-05	2.90402e-05	0.000129477	
189	0.107434	0.102073	0.00535821	3.02073e-06	0.479001	0.455098	0.0238898	1.3468e-05	3.05147e-06	1.36051e-05	
190	0.0763918	0.0592503	0.0171414	0	0.340596	0.26417	0.076426	0	0	0	
191	0.358796	0.212884	0.142588	0.00332405	1.59971	0.949155	0.635736	0.0148204	0.00380661	0.0169719	
192	0.0728477	0.0728337	1.39951e-05	0	0.324795	0.324732	6.23977e-05	0	0	0	
193	0.118156	0.118156	0	0	0.526805	0.526805	0	0	0	0	
194	0.176649	0.120816	0.0556117	0.000221712	0.7876	0.538664	0.247947	0.000988514	0.000242657	0.00108189	
195	0.0915216	0.0884298	0.00309185	0	0.408053	0.394268	0.0137851	0	0	0	
196	0.0892051	0.0892051	0	0	0.397725	0.397725	0	0	0	0	
197	0.0775088	0.0559058	0.0215022	0.000100773	0.345576	0.249258	0.0958688	0.000449304	0.000101397	0.000452084	
198	0.156292	0.114059	0.0409319	0.00130156	0.696838	0.508538	0.182497	0.0058031	0.00173433	0.0077326	
199	0.154126	0.114096	0.0400278	1.90698e-06	0.687178	0.508704	0.178465	8.50239e-06	6.78585e-06	3.0255e-05	
200	0.107502	0.0870288	0.020474	0	0.479306	0.388022	0.0912846	0	0	0	
201	0.158174	0.100373	0.0576494	0.000151397	0.705228	0.447521	0.257032	0.000675014	0.000205011	0.000914053	
202	0.105696	0.105632	6.33668e-05	0	0.47125	0.470968	0.000282523	0	0	0	
203	0.0980707	0.0942873	0.00378234	1.05766e-06	0.437252	0.420384	0.0168637	4.71565e-06	1.14624e-06	5.11057e-06	
204	0.168769	0.133479	0.0351505	0.000140185	0.752468	0.595122	0.15672	0.000625021	0.00018433	0.000821847	
205	0.117463	0.089647	0.027742	7.48416e-05	0.523718	0.399695	0.123689	0.000333684	0.000103867	0.000463098	
206	0.194713	0.148972	0.0456125	0.000129192	0.86814	0.664198	0.203365	0.000576011	0.000200312	0.000893102	
207	0.0708278	0.0517782	0.0190485	1.0824e-06	0.315788	0.230855	0.0849286	4.82597e-06	1.77016e-06	7.89237e-06	
208	0.106605	0.0980344	0.00857098	0	0.475305	0.437091	0.0382141	0	0	0	
209	0.152041	0.0949579	0.0570619	2.15294e-05	0.677883	0.423374	0.254413	9.59898e-05	0.000100485	0.00044802	
210	0.113924	0.113372	0.000552377	0	0.507937	0.505474	0.0024628	0	0	0	
211	0.168288	0.103221	0.0650663	0	0.75032	0.460219	0.290101	0	0	0	
212	0.116693	0.116021	0.000671913	0	0.520281	0.517285	0.00299575	0	0	0	
213	0.240322	0.164149	0.0752235	0.000949138	1.07148	0.731869	0.335387	0.00423177	0.00144447	0.00644023	
214	0.117695	0.115466	0.00222241	7.00002e-06	0.524751	0.514811	0.00990872	3.12099e-05	7.04507e-06	3.14107e-05	
215	0.222431	0.161107	0.0609929	0.000331634	0.991721	0.718303	0.271939	0.0014786	0.000413881	0.00184531	
216	0.10232	0.0845481	0.0177595	1.24294e-05	0.456198	0.376961	0.0791816	5.54171e-05	3.38871e-05	0.000151087	
217	0.199085	0.14045	0.0579401	0.000695291	0.887633	0.626204	0.258328	0.00309998	0.000891184	0.00397338	
218	0.0971476	0.0968584	0.000289171	0	0.433136	0.431847	0.00128928	0	0	0	
219	0.132996	0.13264	0.000355782	0	0.592969	0.591382	0.00158627	0	0	0	
220	0.0921421	0.0835554	0.00858667	0	0.410819	0.372535	0.038284	0	0	0	
221	0.11766	0.0935576	0.024058	4.47322e-05	0.524594	0.41713	0.107263	0.00019944	6.5864e-05	0.000293657	
222	0.0501907	0.0501148	7.58641e-05	0	0.223777	0.223439	0.000338243	0	0	0	
223	0.096734	0.0964622	0.000271773	0	0.431293	0.430081	0.00121171	0	0	0	
224	0.184247	0.144772	0.0394269	4.79087e-05	0.821475	0.645474	0.175786	0.000213603	7.48599e-05	0.000333766	
225	0.0834458	0.0780427	0.00539713	5.92768e-06	0.372046	0.347957	0.0240633	2.64288e-05	5.97112e-06	2.66225e-05	
226	0.251528	0.224288	0.0271907	4.96411e-05	1.12145	1	0.121231	0.000221327	5.08835e-05	0.000226866	
227	0.0841793	0.0819807	0.0021986	0	0.375317	0.365514	0.00980259	0	0	0	
228	0.0906661	0.0790695	0.0115966	0	0.404239	0.352534	0.0517042	0	0	0	
229	0.126985	0.123453	0.00353252	0	0.56617	0.55042	0.0157499	0	0	0	
230	0.107468	0.106201	0.00126665	0	0.479151	0.473504	0.00564744	0	0	0	
231	0.0924523	0.0916906	0.000761671	0	0.412202	0.408806	0.00339594	0	0	0	
232	0.0844469	0.0748081	0.00963721	1.58826e-06	0.37651	0.333535	0.0429679	7.08136e-06	1.5558e-06	6.93661e-06	
233	0.0795953	0.077842	0.00175022	3.07922e-06	0.354879	0.347062	0.00780346	1.37288e-05	3.32652e-06	1.48314e-05	
234	0.103919	0.103919	0	0	0.463329	0.463329	0	0	0	0	
235	0.135746	0.135746	0	0	0.605233	0.605233	0	0	0	0	
236	0.0767669	0.0659259	0.0108013	3.97196e-05	0.342268	0.293933	0.0481582	0.000177091	5.82945e-05	0.000259908	
237	0.0472936	0.0471956	9.79673e-05	0	0.21086	0.210423	0.000436791	0	0	0	
238	0.0891753	0.0891753	0	0	0.397592	0.397592	0	0	0	0	
239	0.139135	0.121537	0.0175824	1.55417e-05	0.62034	0.541879	0.0783921	6.92935e-05	2.11528e-05	9.4311e-05	
240	0.0934569	0.0903487	0.0031082	0	0.416682	0.402824	0.013858	0	0	0	
241	0.135997	0.118171	0.0177704	5.53822e-05	0.606352	0.526874	0.0792305	0.000246924	5.76508e-05	0.000257038	
242	0.0856554	0.0852694	0.000386014	0	0.381898	0.380177	0.00172106	0	0	0	
243	0.0858512	0.0858333	1.79599e-05	0	0.382771	0.382691	8.0075e-05	0	0	0	
244	0.088827	0.0885305	0.000296449	0	0.396039	0.394717	0.00132173	0	0	0	
245	0.126053	0.0949139	0.0306616	0.00047773	0.562014	0.423178	0.136706	0.00212998	0.000566767	0.00252695	
246	0.107602	0.0893329	0.0182699	0	0.479752	0.398294	0.0814572	0	0	0	
247	0.112416	0.106941	0.00546245	1.3529e-05	0.501216	0.476801	0.0243546	6.03198e-05	1.55862e-05	6.94917e-05	
248	0.0843568	0.0834069	0.000949864	0	0.376108	0.371873	0.00423501	0	0	0	
249	0.0752546	0.069851	0.00540357	0	0.335526	0.311433	0.024092	0	0	0	
250	0.0671453	0.0665026	0.000642694	0	0.29937	0.296504	0.00286548	0	0	0	
251	0.128548	0.109031	0.019411	0.000105942	0.57314	0.486123	0.086545	0.00047235	0.00010591	0.000472204	
252	0.0782356	0.0691244	0.00909323	1.7985e-05	0.348817	0.308194	0.0405426	8.01869e-05	2.66653e-05	0.000118888	
253	0.0989533	0.0975995	0.00135371	0	0.441187	0.435152	0.00603559	0	0	0	
254	0.0778767	0.0774971	0.000379586	0	0.347216	0.345524	0.0016924	0	0	0	
255	0.0865347	0.0865347	0	0	0.385818	0.385818	0	0	0	0	
256	0.102003	0.0965039	0.00549952	3.35838e-07	0.454788	0.430266	0.0245198	1.49735e-06	4.20488e-07	1.87476e-06	
257	0.0982962	0.0886033	0.00969295	0	0.438258	0.395041	0.0432164	0	0	0	
258	0.101354	0.0959818	0.0053687	3.76347e-06	0.451892	0.427939	0.0239366	1.67796e-05	6.81409e-06	3.03809e-05	
259	0.0518457	0.0451687	0.00661541	6.16202e-05	0.231156	0.201386	0.0294951	0.000274736	7.00291e-05	0.000312228	
260	0.0442429	0.0416529	0.00259001	0	0.197259	0.185711	0.0115477	0	0	0	
261	0.11256	0.109623	0.00293363	3.41215e-06	0.501857	0.488762	0.0130797	1.52132e-05	3.39191e-06	1.51229e-05	
262	0.115312	0.110856	0.00445546	6.93299e-07	0.514127	0.494259	0.0198648	3.0911e-06	9.91387e-07	4.42014e-06	
263	0.0597899	0.0436642	0.0160573	6.83972e-05	0.266576	0.194678	0.0715923	0.000304952	9.02945e-05	0.000402582	
264	0.204897	0.139654	0.0646469	0.000595386	0.913542	0.622657	0.288231	0.00265455	0.0008032	0.0035811	
265	0.0488064	0.043262	0.00554037	3.99121e-06	0.217605	0.192885	0.0247019	1.7795e-05	1.26176e-05	5.62562e-05	
266	0.0955616	0.0832347	0.0121579	0.000168962	0.426065	0.371105	0.0542069	0.000753327	0.000168929	0.000753181	
267	0.0480446	0.0454546	0.00259001	0	0.214209	0.202661	0.0115477	0	0	0	
268	0.0856348	0.0849919	0.000642362	5.75627e-07	0.381806	0.37894	0.002864	2.56646e-06	5.43133e-07	2.42158e-06	
269	0.217388	0.204343	0.0130337	1.05484e-05	0.969234	0.911075	0.0581116	4.70308e-05	1.1818e-05	5.26912e-05	
270	0.107471	0.107092	0.000379586	0	0.479167	0.477474	0.0016924	0	0	0	
271	0.0845919	0.0843897	0.000202155	0	0.377156	0.376255	0.000901318	0	0	0	
272	0.104031	0.10339	0.000640794	7.06854e-07	0.463829	0.460969	0.00285701	3.15154e-06	6.74335e-07	3.00655e-06	
273	0.115173	0.0913863	0.023768	1.95724e-05	0.513508	0.40745	0.10597	8.72645e-05	4.42962e-05	0.000197497	
274	0.107473	0.094019	0.0134548	0	0.479177	0.419188	0.0599891	0	0	0	
275	0.116713	0.110883	0.00579405	3.56216e-05	0.520372	0.49438	0.025833	0.00015882	3.69743e-05	0.000164851	
276	0.0907342	0.0895158	0.00121838	0	0.404542	0.39911	0.00543221	0	0	0	
277	0.114141	0.103725	0.0103647	5.11186e-05	0.508905	0.462465	0.0462117	0.000227914	6.86386e-05	0.000306028	
278	0.183378	0.147511	0.035779	8.78781e-05	0.8176	0.657686	0.159522	0.000391808	0.000117154	0.000522339	
279	0.0779737	0.0767898	0.00118388	0	0.347649	0.34237	0.00527838	0	0	0	
280	0.146544	0.120983	0.0255461	1.49634e-05	0.653374	0.539409	0.113898	6.67152e-05	4.76055e-05	0.000212251	
281	0.11591	0.0948081	0.0210714	3.11602e-05	0.516793	0.422706	0.0939479	0.000138929	4.83886e-05	0.000215743	
282	0.0830672	0.0809652	0.00210208	0	0.370359	0.360986	0.00937225	0	0	0	
283	0.099346	0.0908366	0.00850507	4.3427e-06	0.442938	0.404999	0.0379202	1.93621e-05	7.47969e-06	3.33485e-05	
284	0.154605	0.110252	0.044248	0.00010475	0.689315	0.491567	0.197281	0.000467032	0.00018824	0.000839278	
285	0.10604	0.0869449	0.0190876	7.51793e-06	0.472784	0.387648	0.0851033	3.3519e-05	1.1991e-05	5.34625e-05	
286	0.128927	0.081807	0.0470807	3.94732e-05	0.574827	0.36474	0.209911	0.000175993	6.15278e-05	0.000274324	
287	0.0834709	0.0651679	0.0175581	0.000744902	0.372159	0.290554	0.0782837	0.00332118	0.000908613	0.00405109	
288	0.226216	0.140027	0.0834942	0.00269474	1.00859	0.624317	0.372262	0.0120146	0.00363089	0.0161885	
289	0.0667482	0.0654126	0.0013314	4.27737e-06	0.2976	0.291645	0.00593612	1.90708e-05	4.24489e-06	1.8926e-05	
290	0.0692622	0.0687596	0.000502551	0	0.308808	0.306568	0.00224064	0	0	0	
291	0.204167	0.136712	0.0671537	0.000301514	0.910289	0.609537	0.299407	0.00134431	0.00138913	0.00619353	
292	0.136584	0.116276	0.0202141	9.4353e-05	0.608969	0.518423	0.0901257	0.000420677	0.000108965	0.000485829	
293	0.067224	0.0474107	0.0198132	0	0.299721	0.211382	0.0883384	0	0	0	
294	0.0734268	0.0607907	0.0124563	0.000179755	0.327376	0.271038	0.0555373	0.000801449	0.000222343	0.000991326	
295	0.198882	0.151652	0.0467814	0.000449365	0.886728	0.676147	0.208577	0.00200351	0.000601007	0.00267961	
296	0.117905	0.117905	0	0	0.525688	0.525688	0	0	0	0	
297	0.176673	0.146095	0.0304899	8.82519e-05	0.787708	0.651374	0.13594	0.000393475	0.000115309	0.000514111	
298	0.10769	0.0905341	0.0169658	0.000190686	0.480143	0.40365	0.075643	0.000850182	0.000190653	0.000850037	
299	0.0974518	0.0791532	0.0182974	1.23709e-06	0.434493	0.352908	0.0815798	5.51564e-06	1.20488e-06	5.37201e-06	
300	0.0767754	0.0764904	0.000284939	0	0.342306	0.341036	0.00127041	0	0	0	
301	0.0728152	0.0620314	0.0107768	6.94899e-06	0.324649	0.27657	0.0480489	3.09824e-05	3.30462e-05	0.000147338	
302	0.0715382	0.0691183	0.00241995	0	0.318956	0.308167	0.0107894	0	0	0	
303	0.125496	0.10546	0.0198865	0.000149039	0.559531	0.470201	0.0886652	0.000664497	0.000171645	0.000765289	
304	0.0951323	0.0951323	0	0	0.424151	0.424151	0	0	0	0	
305	0.050997	0.0411359	0.00986103	0	0.227372	0.183406	0.0439658	0	0	0	
306	0.0618554	0.0527588	0.00909661	0	0.275785	0.235227	0.0405576	0	0	0	
307	0.0940598	0.0870155	0.00704436	0	0.41937	0.387962	0.0314076	0	0	0	
308	0.0934865	0.0752777	0.0181944	1.43694e-05	0.416813	0.335629	0.0811207	6.40669e-05	4.03767e-05	0.000180021	
309	0.12517	0.110402	0.0146308	0.00013654	0.558076	0.492235	0.0652321	0.000608769	0.000146288	0.000652233	
310	0.145323	0.142868	0.00245255	2.31681e-06	0.64793	0.636985	0.0109348	1.03296e-05	2.28428e-06	1.01846e-05	
311	0.0842491	0.0737019	0.0104228	0.000124392	0.375628	0.328603	0.0464707	0.000554607	0.000140341	0.00062572	
312	0.148347	0.0955275	0.0524119	0.000407538	0.661411	0.425913	0.23368	0.00181702	0.000509952	0.00227364	
313	0.107437	0.0931248	0.0143131	0	0.479017	0.415201	0.0638158	0	0	0	
314	0.0800054	0.0770258	0.00297929	3.69848e-07	0.356707	0.343423	0.0132833	1.64898e-06	7.48054e-07	3.33523e-06	
315	0.10409	0.0946673	0.00940154	2.19471e-05	0.464093	0.422078	0.0419172	9.78525e-05	3.50994e-05	0.000156492	
316	0.0736348	0.0703745	0.00326002	3.13934e-07	0.328304	0.313767	0.0145349	1.39969e-06	4.14221e-07	1.84682e-06	
317	0.125939	0.0765162	0.0489207	0.000502527	0.561506	0.341151	0.218115	0.00224054	0.000721691	0.00321769	
318	0.148313	0.12188	0.0264329	0	0.661261	0.543408	0.117852	0	0	0	
319	0.234132	0.14312	0.0891927	0.00181916	1.04388	0.638109	0.397669	0.00811081	0.00211707	0.00943909	
320	0.0974979	0.0758486	0.0216248	2.45066e-05	0.434699	0.338174	0.0964152	0.000109263	4.38712e-05	0.000195601	
321	0.155418	0.0984937	0.0552688	0.00165582	0.692939	0.439138	0.246418	0.00738255	0.0020335	0.00906648	
322	0.136929	0.0785519	0.0577326	0.000645217	0.610507	0.350227	0.257403	0.00287673	0.000972869	0.00433758	
323	0.103152	0.0945636	0.00858874	0	0.459909	0.421616	0.0382933	0	0	0	
324	0.12719	0.124813	0.00237664	0	0.567085	0.556488	0.0105963	0	0	0	
325	0.0902293	0.089953	0.000276257	0	0.402291	0.401059	0.0012317	0	0	0	
326	0.0721429	0.0708558	0.00128712	0	0.321652	0.315913	0.00573871	0	0	0	
327	0.077071	0.0749118	0.00215917	0	0.343624	0.333998	0.00962676	0	0	0	
328	0.0912574	0.0904411	0.000816386	0	0.406875	0.403235	0.00363989	0	0	0	
329	0.0949505	0.0911994	0.00374319	7.91894e-06	0.423341	0.406616	0.0166891	3.53069e-05	1.06678e-05	4.75631e-05	
330	0.14966	0.0880168	0.0603078	0.00133537	0.667266	0.392427	0.268885	0.0059538	0.00186898	0.00833293	
331	0.132016	0.11651	0.0154584	4.7491e-05	0.588601	0.519467	0.068922	0.00021174	6.26525e-05	0.000279338	
332	0.109395	0.0960771	0.0132694	4.86702e-05	0.487743	0.428364	0.0591626	0.000216998	6.81079e-05	0.000303662	
333	0.122751	0.0981499	0.0245831	1.80215e-05	0.547291	0.437605	0.109604	8.035e-05	2.31543e-05	0.000103234	
334	0.143676	0.0881586	0.054799	0.000719307	0.64059	0.393059	0.244324	0.00320706	0.000974739	0.00434591	
335	0.0869408	0.0802072	0.00673358	0	0.387629	0.357607	0.0300219	0	0	0	
336	0.113391	0.0891609	0.0241039	0.000126271	0.505559	0.397527	0.107468	0.000562986	0.000227935	0.00101625	
337	0.120386	0.111476	0.00890754	2.72014e-06	0.536749	0.497022	0.0397146	1.21278e-05	3.91588e-06	1.74591e-05	
338	0.119395	0.101364	0.0178998	0.000130325	0.532328	0.451939	0.0798074	0.000581063	0.000152019	0.000677787	
339	0.0888374	0.0768002	0.0119914	4.58087e-05	0.396085	0.342417	0.0534644	0.00020424	5.71179e-05	0.000254663	
340	0.109965	0.0833117	0.0263619	0.000291663	0.490285	0.371449	0.117535	0.00130039	0.000437439	0.00195034	
341	0.10913	0.104005	0.00512491	3.40736e-07	0.486565	0.463714	0.0228496	1.51918e-06	5.99165e-07	2.6714e-06	
342	0.109283	0.075163	0.0338815	0.000238879	0.487245	0.335117	0.151062	0.00106505	0.000254268	0.00113366	
343	0.141842	0.0879746	0.0530072	0.000860758	0.632411	0.392238	0.236335	0.00383773	0.00150082	0.0066915	
344	0.0840152	0.082243	0.00177174	5.09621e-07	0.374585	0.366684	0.00789938	2.27217e-06	6.88741e-07	3.07078e-06	
345	0.124136	0.0948137	0.0292569	6.62953e-05	0.55347	0.422731	0.130443	0.00029558	0.00011517	0.000513492	
346	0.144867	0.0979902	0.0460266	0.000850434	0.645897	0.436893	0.205211	0.00379169	0.00135709	0.00605068	
347	0.0968637	0.0752821	0.0215454	3.61485e-05	0.431871	0.335648	0.0960615	0.000161169	4.41521e-05	0.000196854	
348	0.0989132	0.0835044	0.015391	1.78766e-05	0.441009	0.372308	0.0686215	7.97038e-05	3.52548e-05	0.000157185	
349	0.0832383	0.0720116	0.0112026	2.39959e-05	0.371121	0.321067	0.0499476	0.000106987	4.42676e-05	0.000197369	
350	0.139523	0.0758887	0.0620437	0.00159072	0.62207	0.338353	0.276624	0.00709231	0.00225828	0.0100686	
351	0.151052	0.093452	0.057314	0.000286888	0.673476	0.41666	0.255537	0.0012791	0.000473784	0.00211239	
352	0.125207	0.0815255	0.0436633	1.90672e-05	0.558245	0.363485	0.194674	8.50122e-05	3.43984e-05	0.000153366	
353	0.0849984	0.0777555	0.00723392	9.03697e-06	0.378969	0.346676	0.0322527	4.02917e-05	1.35488e-05	6.04083e-05	
354	0.0884362	0.0789691	0.00941673	5.03982e-05	0.394297	0.352087	0.0419849	0.000224702	5.37166e-05	0.000239497	
355	0.0845946	0.0832143	0.00138005	3.04106e-07	0.377169	0.371014	0.00615303	1.35587e-06	3.39651e-07	1.51435e-06	
356	0.127084	0.10852	0.0184194	0.000144244	0.566611	0.483844	0.0821239	0.000643119	0.000166875	0.000744022	
357	0.213941	0.107716	0.103067	0.0031575	0.953867	0.480259	0.459529	0.0140778	0.006502	0.0289894	
358	0.173995	0.0975559	0.075461	0.000978537	0.775766	0.434957	0.336446	0.00436285	0.00370992	0.0165408	
359	0.109653	0.0779504	0.0312309	0.000471683	0.488892	0.347545	0.139244	0.00210302	0.000922235	0.00411182	
360	0.100478	0.0963181	0.00416005	8.14376e-07	0.447989	0.429438	0.0185478	3.63093e-06	1.39511e-06	6.22018e-06	
361	0.0468427	0.0468427	0	0	0.20885	0.20885	0	0	0	0	
362	0.103833	0.0867837	0.0169716	7.85227e-05	0.462948	0.386929	0.0756689	0.000350097	9.26572e-05	0.000413116	
363	0.049243	0.048925	0.000317971	0	0.219552	0.218134	0.00141768	0	0	0	
364	0.135249	0.113024	0.0222057	1.99203e-05	0.603017	0.503923	0.0990054	8.88155e-05	2.98127e-05	0.000132921	
365	0.0843449	0.0789559	0.00536332	2.57388e-05	0.376055	0.352028	0.0239126	0.000114757	3.07565e-05	0.000137129	
366	0.113341	0.0911477	0.0219203	0.000272983	0.505336	0.406386	0.097733	0.0012171	0.000337416	0.00150438	
367	0.127364	0.104639	0.0226496	7.5741e-05	0.56786	0.466538	0.100984	0.000337694	0.000131519	0.000586383	
368	0.079412	0.0752962	0.00407737	3.84658e-05	0.354062	0.335711	0.0181791	0.000171501	3.84584e-05	0.000171468	
369	0.0851238	0.0798036	0.00530709	1.3126e-05	0.379528	0.355808	0.0236619	5.85232e-05	1.4742e-05	6.5728e-05	
370	0.116316	0.0910648	0.0250915	0.000160274	0.518602	0.406016	0.111871	0.000714592	0.000282453	0.00125933	
371	0.115741	0.0788263	0.0367068	0.000208466	0.516039	0.35145	0.163659	0.000929458	0.000244361	0.00108949	
372	0.0979483	0.0785498	0.0193745	2.40002e-05	0.436706	0.350217	0.0863822	0.000107006	3.80981e-05	0.000169862	
373	0.08477	0.0787043	0.00605967	6.06768e-06	0.37795	0.350906	0.0270173	2.7053e-05	1.00523e-05	4.48186e-05	
374	0.161609	0.103275	0.0541063	0.00422699	0.720541	0.460459	0.241235	0.0188462	0.00509965	0.022737	
375	0.14475	0.126327	0.0181665	0.000256271	0.645376	0.563238	0.0809962	0.00114259	0.000259085	0.00115514	
376	0.100237	0.0982576	0.00197708	2.3256e-06	0.446911	0.438086	0.0088149	1.03688e-05	2.48389e-06	1.10745e-05	
377	0.105645	0.0994339	0.0061939	1.75644e-05	0.471024	0.44333	0.0276158	7.83118e-05	2.01921e-05	9.00273e-05	
378	0.122959	0.10303	0.0198814	4.80197e-05	0.548221	0.459365	0.0886424	0.000214098	8.57542e-05	0.000382339	
379	0.0933653	0.0762169	0.0170776	7.0836e-05	0.416273	0.339816	0.0761413	0.000315825	9.4282e-05	0.00042036	
380	0.106338	0.0818714	0.0243554	0.000111315	0.474113	0.365027	0.108589	0.000496304	0.000152241	0.000678774	
381	0.106361	0.0792694	0.0268171	0.000274636	0.474216	0.353426	0.119565	0.00122448	0.000450725	0.00200958	
382	0.106805	0.103346	0.00344868	1.05387e-05	0.476199	0.460776	0.0153761	4.69875e-05	1.09764e-05	4.89391e-05	
383	0.0806021	0.0754116	0.00519047	0	0.359368	0.336226	0.0231419	0	0	0	
384	0.0995526	0.089785	0.00976761	0	0.443859	0.40031	0.0435493	0	0	0	
385	0.147229	0.106605	0.0396891	0.000935331	0.65643	0.475305	0.176955	0.00417021	0.00128441	0.00572661	
386	0.0994244	0.0790749	0.0201542	0.000195213	0.443288	0.352559	0.0898586	0.000870367	0.000312836	0.00139479	
387	0.0948291	0.0836474	0.0110993	8.23655e-05	0.422799	0.372945	0.0494869	0.00036723	9.71192e-05	0.00043301	
388	0.0895614	0.076449	0.0128728	0.00023964	0.399313	0.340851	0.057394	0.00106844	0.000239608	0.0010683	
389	0.134752	0.110413	0.024302	3.69129e-05	0.600798	0.492282	0.108351	0.000164577	4.30645e-05	0.000192005	
390	0.0833264	0.0738535	0.00939474	7.81702e-05	0.371514	0.329279	0.0418868	0.000348525	8.12133e-05	0.000362093	
391	0.102102	0.0906408	0.0114614	0	0.455227	0.404126	0.0511014	0	0	0	
392	0.0908272	0.049504	0.0410493	0.000273899	0.404957	0.220715	0.18302	0.00122119	0.000311726	0.00138984	
393	0.0907024	0.0803546	0.0103478	0	0.404401	0.358264	0.0461362	0	0	0	
394	0.096413	0.0920068	0.00440617	0	0.429861	0.410216	0.0196451	0	0	0	
395	0.148187	0.137361	0.0108258	8.57771e-07	0.660701	0.61243	0.0482675	3.82441e-06	3.66248e-06	1.63293e-05	
396	0.09701	0.0587556	0.0382543	0	0.432523	0.261964	0.170558	0	0	0	
397	0.13181	0.100655	0.0308204	0.000334298	0.587683	0.448779	0.137414	0.00149048	0.000904967	0.00403483	
398	0.0908804	0.0905708	0.00030959	0	0.405194	0.403813	0.00138032	0	0	0	
399	0.0789086	0.0780144	0.000894283	0	0.351817	0.34783	0.0039872	0	0	0	
400	0.145809	0.128222	0.0175875	0	0.650099	0.571684	0.0784149	0	0	0	
401	0.100775	0.0999814	0.000793723	0	0.44931	0.445771	0.00353885	0	0	0	
402	0.111356	0.0828645	0.0284916	0	0.496486	0.369455	0.127031	0	0	0	
403	0.116796	0.0882468	0.0283488	0.000200647	0.520741	0.393452	0.126394	0.000894597	0.000601165	0.00268032	
404	0.108162	0.0981455	0.0100065	1.07923e-05	0.482248	0.437586	0.0446148	4.81181e-05	1.07598e-05	4.7973e-05	
405	0.106585	0.106518	6.77161e-05	0	0.475218	0.474916	0.000301915	0	0	0	
406	0.200547	0.175795	0.0246828	6.85841e-05	0.894148	0.783793	0.110049	0.000305785	7.69287e-05	0.00034299	
407	0.131522	0.0849591	0.0462754	0.0002876	0.586397	0.378793	0.206321	0.00128227	0.000302605	0.00134917	
408	0.13003	0.126878	0.00315183	0	0.579745	0.565693	0.0140525	0	0	0	
409	0.091532	0.0914313	0.000100726	0	0.408099	0.40765	0.000449094	0	0	0	
410	0.113277	0.0874121	0.0255197	0.000345398	0.505051	0.389731	0.11378	0.00153997	0.000396021	0.00176567	
411	0.136802	0.116815	0.0199822	4.91447e-06	0.609938	0.520825	0.0890916	2.19114e-05	4.95643e-06	2.20984e-05	
412	0.154778	0.121693	0.0330795	5.63652e-06	0.690087	0.542575	0.147486	2.51306e-05	6.51564e-06	2.90503e-05	
413	0.0936012	0.0912168	0.00238376	6.00159e-07	0.417325	0.406694	0.0106281	2.67583e-06	5.86205e-07	2.61362e-06	
414	0.149325	0.112159	0.0371177	4.85726e-05	0.665776	0.500068	0.165491	0.000216563	5.36932e-05	0.000239393	
415	0.0926949	0.0916415	0.00105338	0	0.413284	0.408587	0.00469657	0	0	0	
416	0.12839	0.105744	0.0226353	1.07975e-05	0.572435	0.471466	0.10092	4.81412e-05	1.07665e-05	4.80029e-05	
417	0.105226	0.0954416	0.00978519	0	0.469158	0.42553	0.0436277	0	0	0	
418	0.0802089	0.0766686	0.0035403	0	0.357615	0.34183	0.0157845	0	0	0	
419	0.13812	0.101794	0.0361798	0.000145579	0.615814	0.453856	0.161309	0.000649073	0.000163969	0.000731065	
420	0.0834804	0.0834804	0	0	0.372201	0.372201	0	0	0	0	
421	0.0878606	0.085871	0.00198965	0	0.39173	0.382859	0.00887095	0	0	0	
422	0.104434	0.0807795	0.023387	0.000268451	0.465627	0.360158	0.104272	0.0011969	0.00026842	0.00119676	
423	0.0672204	0.0558393	0.0113203	6.0867e-05	0.299705	0.248962	0.0504721	0.000271378	9.30165e-05	0.000414718	
424	0.110381	0.11027	0.000111051	0	0.492139	0.491644	0.000495127	0	0	0	
425	0.0758771	0.069387	0.00645506	3.50894e-05	0.338301	0.309365	0.0287802	0.000156447	3.56136e-05	0.000158785	
426	0.113736	0.108776	0.00495251	8.02131e-06	0.5071	0.484983	0.0220809	3.57634e-05	9.68276e-06	4.3171e-05	
427	0.0953446	0.0902587	0.0050462	3.96742e-05	0.425098	0.402422	0.0224987	0.000176889	4.38264e-05	0.000195402	
428	0.0955491	0.0938253	0.00172349	3.00053e-07	0.42601	0.418324	0.00768428	1.3378e-06	3.03884e-07	1.35488e-06	
429	0.124975	0.088015	0.0369556	4.67286e-06	0.557207	0.392418	0.164768	2.08341e-05	6.80947e-06	3.03603e-05	
430	0.229593	0.211875	0.0177031	1.47386e-05	1.02365	0.944658	0.0789302	6.57128e-05	1.471e-05	6.55853e-05	
431	0.178654	0.165947	0.0126937	1.26466e-05	0.796538	0.739886	0.0565955	5.63855e-05	1.59676e-05	7.11923e-05	
432	0.133487	0.111918	0.0215024	6.70494e-05	0.595161	0.498992	0.0958698	0.000298942	8.44761e-05	0.00037664	
433	0.113933	0.0983447	0.0152565	0.000332562	0.507979	0.438474	0.0680221	0.00148274	0.000383796	0.00171117	
434	0.0896971	0.0804026	0.00929449	0	0.399918	0.358478	0.0414399	0	0	0	
435	0.200371	0.151756	0.0485833	3.23797e-05	0.893366	0.676611	0.216611	0.000144366	4.65832e-05	0.000207693	
436	0.123624	0.0859654	0.0372572	0.000401923	0.551185	0.38328	0.166113	0.00179199	0.000569656	0.00253984	
437	0.13399	0.0860147	0.0469321	0.00104321	0.5974	0.3835	0.209248	0.0046512	0.00147376	0.00657082	
438	0.175002	0.130175	0.0439283	0.000898471	0.780255	0.580392	0.195856	0.00400587	0.000963796	0.00429713	
439	0.142637	0.126854	0.0157498	3.27819e-05	0.635955	0.565588	0.0702212	0.000146159	4.32602e-05	0.000192877	
440	0.0856712	0.0800156	0.00564405	1.15806e-05	0.381968	0.356753	0.0251642	5.16326e-05	1.415e-05	6.30884e-05	
441	0.0681771	0.067524	0.000653094	0	0.30397	0.301058	0.00291185	0	0	0	
442	0.139402	0.0947732	0.0429319	0.00169699	0.621531	0.42255	0.191414	0.00756614	0.002461	0.0109725	
443	0.170785	0.137727	0.0327374	0.000321253	0.761456	0.614062	0.145961	0.00143232	0.000450876	0.00201025	
444	0.133869	0.107781	0.0260822	6.60832e-06	0.596864	0.480546	0.116288	2.94634e-05	1.73972e-05	7.75663e-05	
445	0.11421	0.0880745	0.0260552	8.05542e-05	0.509211	0.392684	0.116168	0.000359154	0.000149459	0.000666371	
446	0.148486	0.0905639	0.0575174	0.000404621	0.662031	0.403783	0.256444	0.00180402	0.000696828	0.00310684	
447	0.158829	0.121785	0.0370445	0	0.708148	0.542984	0.165164	0	0	0	
448	0.0434596	0.0374948	0.00596482	0	0.193766	0.167172	0.0265944	0	0	0	
449	0.23278	0.153958	0.0785766	0.000245554	1.03786	0.686431	0.350337	0.00109481	0.000378502	0.00168756	
450	0.0877848	0.0793037	0.00848113	0	0.391392	0.353579	0.0378135	0	0	0	
451	0.13529	0.120033	0.0152451	1.15931e-05	0.603198	0.535176	0.0679711	5.16885e-05	1.60333e-05	7.14854e-05	
452	0.171732	0.0998929	0.0701866	0.00165313	0.765677	0.445377	0.31293	0.00737057	0.00287066	0.0127989	
453	0.112537	0.0954223	0.0171042	1.04404e-05	0.501751	0.425444	0.07626	4.65493e-05	1.77465e-05	7.91237e-05	
454	0.140794	0.0890237	0.051685	8.61506e-05	0.62774	0.396916	0.23044	0.000384106	0.000252109	0.00112404	
455	0.158867	0.104902	0.0536771	0.000288599	0.708319	0.46771	0.239321	0.00128673	0.000412888	0.00184088	
456	0.144359	0.111712	0.032407	0.000239134	0.643631	0.498076	0.144488	0.00106619	0.000386131	0.00172158	
457	0.125689	0.100395	0.0252874	5.94176e-06	0.560391	0.447619	0.112745	2.64916e-05	6.15817e-06	2.74564e-05	
458	0.0947425	0.078805	0.0159333	4.21648e-06	0.422414	0.351356	0.0710393	1.87994e-05	5.16634e-06	2.30343e-05	
459	0.102072	0.0887693	0.0133032	0	0.455095	0.395781	0.059313	0	0	0	
460	0.126211	0.0852296	0.0408757	0.000106362	0.56272	0.38	0.182246	0.00047422	0.000124101	0.000553312	
461	0.130084	0.0854016	0.0446576	2.49171e-05	0.579985	0.380766	0.199108	0.000111094	3.96754e-05	0.000176894	
462	0.122558	0.099847	0.0225263	0.000184894	0.546431	0.445172	0.100434	0.000824362	0.00023982	0.00106924	
463	0.13674	0.119319	0.0174203	1.13256e-07	0.609662	0.531992	0.0776694	5.04959e-07	2.78308e-07	1.24084e-06	
464	0.0859457	0.0688874	0.0170405	1.78483e-05	0.383193	0.307137	0.0759759	7.95777e-05	2.63232e-05	0.000117363	
465	0.0837607	0.0825602	0.00120046	0	0.37345	0.368098	0.0053523	0	0	0	
466	0.169066	0.109776	0.05772	0.00157009	0.753789	0.489441	0.257347	0.00700033	0.00177196	0.00790038	
467	0.120188	0.0796617	0.0393563	0.00117057	0.535866	0.355175	0.175472	0.00521907	0.00159067	0.00709209	
468	0.107065	0.101401	0.00566399	0	0.477354	0.452101	0.0252531	0	0	0	
469	0.076883	0.0766795	0.00020349	0	0.342786	0.341879	0.000907273	0	0	0	
470	0.105818	0.0947894	0.0110289	0	0.471795	0.422623	0.0491728	0	0	0	
471	0.131891	0.0789206	0.052971	0	0.588044	0.351871	0.236173	0	0	0	
472	0.122833	0.0890575	0.0323362	0.00143953	0.547657	0.397067	0.144172	0.00641822	0.00157095	0.00700416	
473	0.170627	0.09906	0.068986	0.0025816	0.76075	0.441663	0.307577	0.0115101	0.00300397	0.0133933	
474	0.106036	0.0768489	0.0291878	0	0.472769	0.342634	0.130135	0	0	0	
475	0.126721	0.113112	0.0135938	1.51836e-05	0.564991	0.504315	0.0606087	6.76971e-05	1.91342e-05	8.53106e-05	
476	0.162784	0.112551	0.0502092	2.33321e-05	0.725781	0.501817	0.22386	0.000104027	0.000225647	0.00100605	
477	0.124672	0.0968777	0.0276559	0.000138569	0.555857	0.431933	0.123305	0.000617816	0.000156112	0.000696033	
478	0.0945541	0.0787919	0.0157621	0	0.421574	0.351297	0.0702764	0	0	0	
479	0.104059	0.0975628	0.00646454	3.19765e-05	0.463953	0.434988	0.0288224	0.000142568	3.53402e-05	0.000157566	
480	0.128033	0.0974598	0.0304823	9.18318e-05	0.570845	0.434529	0.135906	0.000409436	0.000140335	0.000625692	
481	0.0861884	0.0757892	0.0103924	6.70805e-06	0.384274	0.337909	0.0463352	2.99081e-05	1.03542e-05	4.6165e-05	
482	0.136065	0.105631	0.0304291	5.23691e-06	0.606654	0.470961	0.135669	2.33489e-05	9.89028e-06	4.40962e-05	
483	0.104339	0.0923398	0.0119987	6.5511e-07	0.465201	0.411701	0.053497	2.92084e-06	1.66024e-06	7.40229e-06	
484	0.166532	0.11649	0.0490023	0.0010395	0.74249	0.519376	0.218479	0.00463469	0.00127917	0.00570325	
485	0.114656	0.0947134	0.0196301	0.000312842	0.5112	0.422283	0.0875218	0.00139482	0.000331477	0.0014779	
486	0.0820303	0.0797917	0.00223769	1.0025e-06	0.365736	0.355754	0.00997688	4.46969e-06	1.08434e-06	4.83458e-06	
487	0.103686	0.0995352	0.00415167	0	0.462292	0.443782	0.0185104	0	0	0	
488	0.142475	0.0952459	0.047038	0.000191789	0.635234	0.424658	0.209721	0.0008551	0.000336113	0.00149857	
489	0.153521	0.0978962	0.0555652	6.03869e-05	0.684483	0.436474	0.24774	0.000269237	0.000121565	0.000542006	
490	0.0938353	0.0905087	0.00332661	0	0.418369	0.403537	0.0148318	0	0	0	
491	0.0980935	0.0780533	0.0199803	5.97945e-05	0.437354	0.348004	0.0890833	0.000266596	6.38561e-05	0.000284705	
492	0.1505	0.0967331	0.0525558	0.00121189	0.671014	0.431289	0.234322	0.00540328	0.00148004	0.00659884	
493	0.202241	0.111371	0.0908511	1.87184e-05	0.901701	0.496553	0.405063	8.34571e-05	3.98791e-05	0.000177803	
494	0.18701	0.116754	0.0701955	5.98904e-05	0.833793	0.520556	0.312969	0.000267024	0.000100156	0.00044655	
495	0.0881023	0.0836683	0.004434	0	0.392808	0.373038	0.0197692	0	0	0	
496	0.103332	0.0894461	0.0134635	0.000422419	0.46071	0.398799	0.060028	0.00188337	0.000422387	0.00188323	
497	0.119928	0.0773263	0.0425348	6.77833e-05	0.534708	0.344762	0.189643	0.000302215	8.79081e-05	0.000391942	
498	0.168013	0.133113	0.0348165	8.4109e-05	0.749096	0.59349	0.15523	0.000375003	0.000127451	0.000568249	
499	0.159483	0.157467	0.00201586	1.59277e-07	0.711065	0.702076	0.00898782	7.10146e-07	1.65857e-07	7.39482e-07	
500	0.150823	0.0804874	0.0696918	0.000643709	0.672451	0.358857	0.310724	0.00287	0.00113772	0.00507259	
501	0.13964	0.108077	0.0315226	4.06969e-05	0.622593	0.481866	0.140545	0.000181449	8.74897e-05	0.000390077	
502	0.0925878	0.0906311	0.00195594	7.87991e-07	0.412807	0.404083	0.00872068	3.51329e-06	7.55534e-07	3.36858e-06	
503	0.112724	0.102651	0.0100648	7.49164e-06	0.502586	0.457678	0.0448743	3.34018e-05	8.64295e-06	3.8535e-05	
504	0.127827	0.118933	0.00886331	3.07155e-05	0.569925	0.53027	0.0395174	0.000136946	3.30132e-05	0.00014719	
505	0.0741526	0.0684265	0.00572179	4.39342e-06	0.330612	0.305082	0.0255108	1.95882e-05	7.51179e-06	3.34916e-05	
506	0.157906	0.0974554	0.057657	0.00279385	0.704032	0.434509	0.257066	0.0124565	0.00301308	0.0134339	
507	0.204852	0.157424	0.0466155	0.000813085	0.913345	0.701883	0.207837	0.00362517	0.00108537	0.00483921	
508	0.0941082	0.0877167	0.00639155	0	0.419585	0.391088	0.028497	0	0	0	
509	0.0938685	0.0868669	0.00698418	1.7415e-05	0.418516	0.3873	0.0311392	7.76455e-05	2.73993e-05	0.000122161	
510	0.132651	0.104919	0.0270678	0.000664036	0.591432	0.467789	0.120683	0.00296063	0.000745934	0.00332578	
511	0.077216	0.074873	0.00234193	1.09056e-06	0.344271	0.333824	0.0104416	4.86233e-06	1.13032e-06	5.03958e-06	
512	0.175415	0.0880064	0.0871504	0.000258293	0.782096	0.39238	0.388564	0.00115161	0.000612968	0.00273294	
513	0.114526	0.0908016	0.0236737	5.12923e-05	0.510622	0.404843	0.10555	0.000228689	7.7126e-05	0.00034387	
514	0.255065	0.127974	0.123336	0.00375476	1.13722	0.570579	0.5499	0.0167407	0.00551512	0.0245894	
515	0.067799	0.0563821	0.0113541	6.2806e-05	0.302285	0.251382	0.050623	0.000280023	8.81586e-05	0.000393059	
516	0.113748	0.0881663	0.025282	0.000300449	0.507153	0.393093	0.112721	0.00133956	0.000355212	0.00158373	
517	0.0855736	0.0814147	0.00415884	0	0.381533	0.362991	0.0185424	0	0	0	
518	0.191644	0.155237	0.0364066	8.38647e-08	0.854454	0.692133	0.16232	3.73914e-07	1.39696e-07	6.22844e-07	
519	0.0703313	0.0419447	0.028382	4.5988e-06	0.313575	0.187012	0.126542	2.05039e-05	1.10627e-05	4.93239e-05	
520	0.161811	0.121889	0.0390422	0.000879963	0.721443	0.543448	0.174071	0.00392335	0.00128391	0.00572438	
521	0.272352	0.109447	0.162162	0.000742472	1.21429	0.487975	0.723008	0.00331034	0.00200912	0.00895778	
522	0.185909	0.0780479	0.106908	0.000952559	0.828885	0.34798	0.476658	0.00424703	0.00129074	0.00575483	
523	0.0917384	0.0759203	0.0157973	2.07319e-05	0.409019	0.338494	0.0704332	9.24341e-05	3.91517e-05	0.000174559	
524	0.154309	0.105587	0.0482641	0.000457222	0.687994	0.470768	0.215187	0.00203854	0.000595884	0.00265677	
525	0.157694	0.0994075	0.0580388	0.000248439	0.703089	0.443213	0.258768	0.00110768	0.000473335	0.00211038	
526	0.113793	0.101105	0.0126555	3.25806e-05	0.507354	0.450783	0.0564252	0.000145262	4.26193e-05	0.00019002	
527	0.101344	0.0776808	0.0235364	0.000127639	0.45185	0.346343	0.104938	0.000569087	0.000175917	0.000784335	
528	0.0851554	0.0801389	0.00501644	3.91809e-08	0.379669	0.357303	0.022366	1.74689e-07	3.71903e-08	1.65814e-07	
529	0.138084	0.0808031	0.0569808	0.000300835	0.615657	0.360264	0.254051	0.00134128	0.000605922	0.00270153	
530	0.096091	0.0805708	0.0154829	3.72842e-05	0.428426	0.359228	0.0690313	0.000166233	5.85262e-05	0.000260942	
531	0.162768	0.104686	0.0579452	0.000136674	0.725709	0.466748	0.258351	0.00060937	0.000268364	0.00119651	
532	0.128311	0.0835074	0.0426299	0.0021739	0.572081	0.372321	0.190067	0.00969243	0.00240274	0.0107127	
533	0.168737	0.117594	0.0509717	0.000171306	0.752324	0.5243	0.227259	0.000763779	0.000237254	0.00105781	
534	0.133259	0.113105	0.0199132	0.000241037	0.594142	0.504283	0.0887839	0.00107467	0.00028657	0.00127768	
535	0.0952966	0.0774789	0.017394	0.000423717	0.424884	0.345443	0.0775521	0.00188916	0.000694952	0.00309847	
536	0.0776754	0.0657172	0.011956	2.20872e-06	0.346319	0.293003	0.0533063	9.84768e-06	3.68777e-06	1.6442e-05	
537	0.130894	0.0766211	0.0541855	8.79436e-05	0.583599	0.341618	0.241588	0.0003921	0.000475957	0.00212207	
538	0.144302	0.0802671	0.0624388	0.00159638	0.643378	0.357874	0.278386	0.00711754	0.00193198	0.00861383	
539	0.136464	0.083017	0.0534359	1.18944e-05	0.608435	0.370135	0.238246	5.30319e-05	2.18568e-05	9.74496e-05	
540	0.09537	0.0797985	0.015281	0.000290497	0.425211	0.355785	0.0681312	0.00129519	0.000337063	0.00150281	
541	0.088342	0.0820563	0.0062798	5.93178e-06	0.393877	0.365852	0.0279987	2.64471e-05	1.53252e-05	6.83285e-05	
542	0.203149	0.149734	0.0530438	0.000371252	0.905751	0.667597	0.236498	0.00165524	0.000479082	0.00213601	
543	0.128878	0.0892589	0.0395575	6.2134e-05	0.57461	0.397965	0.176368	0.000277027	0.000139201	0.000620634	
544	0.162214	0.126501	0.0357073	5.62342e-06	0.72324	0.564013	0.159202	2.50722e-05	7.48918e-05	0.000333908	
545	0.158123	0.0750744	0.0829415	0.000107887	0.705002	0.334722	0.369798	0.000481021	0.000307593	0.00137141	
546	0.135579	0.11639	0.0191708	1.82455e-05	0.604489	0.518933	0.0854739	8.13487e-05	2.08067e-05	9.27676e-05	
547	0.0874392	0.0753755	0.0120636	0	0.389851	0.336065	0.0537864	0	0	0	
548	0.119163	0.110625	0.00853858	0	0.531297	0.493227	0.0380696	0	0	0	
549	0.145831	0.0848767	0.0605747	0.000379885	0.650195	0.378426	0.270075	0.00169373	0.000908982	0.00405274	
550	0.188259	0.11956	0.067931	0.000768503	0.839363	0.533063	0.302873	0.0034264	0.00145296	0.0064781	
551	0.0965907	0.0964186	0.000172134	0	0.430654	0.429886	0.000767469	0	0	0	
552	0.0858843	0.0724911	0.0132748	0.000118444	0.382919	0.323204	0.0591864	0.000528087	0.000143098	0.000638012	
553	0.194573	0.182722	0.0118177	3.36378e-05	0.867514	0.814674	0.0526901	0.000149975	6.20423e-05	0.000276618	
554	0.149462	0.102282	0.0455517	0.00162886	0.666386	0.456029	0.203094	0.00726235	0.00180972	0.00806873	
555	0.106333	0.0750312	0.0311226	0.000179977	0.474094	0.33453	0.138761	0.000802438	0.000195605	0.000872116	
556	0.177343	0.149357	0.0277961	0.000190321	0.790694	0.665915	0.12393	0.000848555	0.000190731	0.000850383	
557	0.0912626	0.078835	0.0123748	5.27061e-05	0.406898	0.351489	0.055174	0.000234992	7.02736e-05	0.000313318	
558	0.105236	0.0972822	0.00795403	5.11034e-07	0.469202	0.433737	0.0354634	2.27847e-06	4.78901e-07	2.1352e-06	
559	0.103964	0.078939	0.0244579	0.00056722	0.463529	0.351953	0.109047	0.00252897	0.000732682	0.00326669	
560	0.0932115	0.0846892	0.00852224	0	0.415587	0.37759	0.0379967	0	0	0	
561	0.11573	0.0929445	0.0226658	0.000120352	0.51599	0.414397	0.101056	0.000536595	0.000186482	0.000831442	
562	0.0712263	0.0497652	0.0214611	0	0.317566	0.22188	0.0956855	0	0	0	
563	0.0973768	0.0786986	0.0185667	0.000111528	0.434159	0.350881	0.0827808	0.000497255	0.000188976	0.000842561	
564	0.113571	0.0813415	0.0321033	0.000126569	0.506363	0.362665	0.143134	0.000564314	0.000225428	0.00100508	
565	0.100541	0.0848468	0.0155359	0.000159137	0.44827	0.378293	0.0692677	0.00070952	0.000213399	0.000951451	
566	0.121193	0.103597	0.0175274	6.82832e-05	0.540347	0.461896	0.078147	0.000304443	8.61483e-05	0.000384096	
567	0.215352	0.160609	0.0538461	0.000896229	0.960157	0.716085	0.240075	0.00399587	0.000967678	0.00431443	
568	0.14171	0.115091	0.0266197	0	0.631823	0.513138	0.118685	0	0	0	
569	0.0780341	0.0757583	0.00227582	0	0.347918	0.337771	0.0101468	0	0	0	
570	0.132204	0.119587	0.0126011	1.5421e-05	0.589438	0.533186	0.0561829	6.87553e-05	1.94864e-05	8.68813e-05	
571	0.100785	0.0913823	0.00940328	0	0.449357	0.407432	0.0419249	0	0	0	
572	0.112482	0.0974624	0.0148098	0.000209995	0.501506	0.43454	0.0660301	0.000936273	0.000288859	0.00128789	
573	0.102145	0.0842495	0.0177763	0.000120003	0.455421	0.37563	0.0792568	0.000535041	0.000201656	0.000899096	
574	0.141197	0.079747	0.0609553	0.000495008	0.629534	0.355555	0.271771	0.00220701	0.000811596	0.00361853	
575	0.146337	0.0841896	0.0619126	0.000235048	0.652451	0.375363	0.27604	0.00104797	0.000360723	0.0016083	
576	0.0636102	0.0544118	0.00919841	0	0.283609	0.242597	0.0410115	0	0	0	
577	0.12764	0.113002	0.014638	0	0.569092	0.503827	0.0652641	0	0	0	
578	0.102647	0.0889025	0.0137408	4.38823e-06	0.457659	0.396375	0.0612641	1.95651e-05	4.61387e-06	2.05711e-05	
579	0.094722	0.0871836	0.0075278	1.06093e-05	0.422322	0.388712	0.033563	4.73024e-05	1.44143e-05	6.42671e-05	
580	0.0860752	0.0666854	0.0193708	1.8962e-05	0.38377	0.29732	0.0863657	8.45431e-05	4.68656e-05	0.000208952	
581	0.080088	0.0751317	0.00495626	0	0.357076	0.334978	0.0220977	0	0	0	
582	0.0897243	0.0843815	0.00529124	5.15567e-05	0.40004	0.376219	0.0235912	0.000229867	5.55601e-05	0.000247717	
583	0.116245	0.0928024	0.0231762	0.000266834	0.518285	0.413763	0.103332	0.00118969	0.000369433	0.00164713	
584	0.175424	0.128008	0.0465869	0.0008285	0.782135	0.570732	0.207709	0.0036939	0.000986776	0.00439958	
585	0.108544	0.0749307	0.0335664	4.71269e-05	0.483949	0.334082	0.149657	0.000210117	7.83248e-05	0.000349214	
586	0.116704	0.0843796	0.032198	0.000127202	0.520333	0.37621	0.143556	0.000567138	0.000150042	0.000668971	
587	0.108542	0.0890011	0.0194271	0.000114193	0.483941	0.396815	0.0866169	0.000509138	0.000156182	0.000696348	
588	0.0691219	0.0676598	0.00146058	1.567e-06	0.308183	0.301664	0.00651207	6.98656e-06	1.57296e-06	7.01313e-06	
589	0.157239	0.109314	0.0470125	0.00091252	0.701059	0.487383	0.209607	0.00406851	0.00126063	0.00562059	
590	0.146773	0.10746	0.0387974	0.000514884	0.654394	0.479118	0.17298	0.00229563	0.00161599	0.00720497	
591	0.139201	0.0960151	0.0431683	1.82985e-05	0.620637	0.428087	0.192468	8.15849e-05	5.07633e-05	0.00022633	
592	0.107837	0.0858668	0.0219435	2.75132e-05	0.480799	0.382841	0.0978361	0.000122669	3.40615e-05	0.000151865	
593	0.104036	0.0940788	0.00990234	5.56903e-05	0.463852	0.419454	0.04415	0.000248297	6.8905e-05	0.000307216	
594	0.0883579	0.080587	0.00776641	4.52773e-06	0.393947	0.3593	0.0346268	2.01871e-05	7.49589e-06	3.34207e-05	
595	0.120349	0.0939246	0.0262922	0.000132722	0.536584	0.418767	0.117225	0.00059175	0.000152479	0.000679836	
596	0.113647	0.0903381	0.023187	0.000122435	0.506702	0.402776	0.10338	0.000545882	0.000169284	0.000754762	
597	0.148808	0.141084	0.00770849	1.57185e-05	0.663469	0.629031	0.0343686	7.0082e-05	1.80665e-05	8.05504e-05	
598	0.113084	0.108311	0.00476261	9.70243e-06	0.50419	0.482912	0.0212343	4.32587e-05	1.12136e-05	4.99965e-05	
599	0.103693	0.0934807	0.0102126	0	0.462321	0.416788	0.0455336	0	0	0	
600	0.108948	0.108042	0.000906047	0	0.48575	0.48171	0.00403965	0	0	0	
601	0.230107	0.148176	0.0814816	0.00044896	1.02594	0.660653	0.363289	0.00200171	0.00044945	0.00200389	
602	0.11221	0.102657	0.00951104	4.1886e-05	0.500295	0.457703	0.0424054	0.00018675	4.54559e-05	0.000202667	
603	0.112573	0.0520009	0.0605689	3.8744e-06	0.501915	0.231848	0.270049	1.72741e-05	1.45142e-05	6.47124e-05	
604	0.0857694	0.0810117	0.00475775	3.23781e-08	0.382406	0.361194	0.0212126	1.44359e-07	1.30322e-07	5.81048e-07	
605	0.114372	0.0495862	0.0647862	0	0.509934	0.221082	0.288852	0	0	0	
606	0.12682	0.0938554	0.0324116	0.000552992	0.565433	0.418458	0.144508	0.00246554	0.000745715	0.0033248	
607	0.0839188	0.0782334	0.00567937	6.0278e-06	0.374155	0.348807	0.0253217	2.68752e-05	9.55538e-06	4.2603e-05	
608	0.0853615	0.0788502	0.00651123	0	0.380588	0.351557	0.0290306	0	0	0	
609	0.0904319	0.0871608	0.00326205	9.12841e-06	0.403194	0.38861	0.014544	4.06994e-05	1.01876e-05	4.54221e-05	
610	0.108251	0.080068	0.0276028	0.000580808	0.482644	0.356987	0.123068	0.00258956	0.000701515	0.00312773	
611	0.0635464	0.0577467	0.00574922	5.04941e-05	0.283324	0.257466	0.0256331	0.00022513	5.97377e-05	0.000266343	
612	0.0948715	0.0906567	0.00421351	1.33406e-06	0.422989	0.404197	0.0187861	5.94798e-06	1.44875e-06	6.45931e-06	
613	0.0958035	0.0766653	0.0188366	0.000301572	0.427144	0.341816	0.0839839	0.00134457	0.000342385	0.00152654	
614	0.0965844	0.0836486	0.0128653	7.05333e-05	0.430626	0.372951	0.0573605	0.000314475	7.2296e-05	0.000322335	
615	0.097544	0.0867688	0.0107751	0	0.434904	0.386862	0.0480413	0	0	0	
616	0.117694	0.088966	0.0270203	0.00170831	0.524746	0.396659	0.120471	0.0076166	0.00172389	0.00768607	
617	0.113829	0.0916613	0.0219971	0.000171284	0.507515	0.408676	0.0980753	0.000763679	0.000244591	0.00109052	
618	0.061402	0.0559071	0.00547242	2.24644e-05	0.273763	0.249264	0.024399	0.000100158	2.24377e-05	0.000100039	
619	0.132038	0.0988314	0.0330774	0.00012988	0.5887	0.440644	0.147477	0.000579075	0.000136191	0.000607214	
620	0.10521	0.0876764	0.017524	1.01934e-05	0.469086	0.390909	0.0781318	4.54477e-05	1.38972e-05	6.19617e-05	
621	0.346777	0.18604	0.15792	0.00281671	1.54612	0.829469	0.704094	0.0125584	0.00291003	0.0129745	
622	0.0355858	0.030466	0.00510332	1.64652e-05	0.158661	0.135834	0.0227534	7.34111e-05	1.82058e-05	8.11717e-05	
623	0.0979225	0.0717983	0.0257879	0.000336304	0.436592	0.320116	0.114976	0.00149942	0.000416895	0.00185874	
624	0.113937	0.0826382	0.0310604	0.000239098	0.507996	0.368446	0.138484	0.00106603	0.000259712	0.00115793	
625	0.0674886	0.0549377	0.0125508	0	0.300901	0.244942	0.0559584	0	0	0	
626	0.0697959	0.0637767	0.00601921	0	0.311188	0.284351	0.0268369	0	0	0	
627	0.102977	0.0790463	0.023931	0	0.459129	0.352431	0.106697	0	0	0	
628	0.0600612	0.0600612	0	0	0.267785	0.267785	0	0	0	0	
629	0.200477	0.137504	0.062554	0.000418643	0.893835	0.613069	0.278899	0.00186654	0.00056703	0.00252812	
630	0.174195	0.145461	0.0286973	3.66084e-05	0.776657	0.648545	0.127948	0.00016322	5.81287e-05	0.000259169	
631	0.107338	0.0957637	0.0115749	0	0.478574	0.426966	0.0516076	0	0	0	
632	0.0434838	0.0432213	0.000262409	0	0.193874	0.192704	0.00116996	0	0	0	
633	0.0583507	0.045123	0.0131753	5.23167e-05	0.260159	0.201183	0.058743	0.000233256	5.22842e-05	0.000233111	
634	0.0466959	0.0419379	0.00475799	0	0.208195	0.186982	0.0212137	0	0	0	
635	0.0758866	0.0655063	0.0103503	2.99074e-05	0.338343	0.292062	0.0461476	0.000133343	7.7921e-05	0.000347414	
636	0.09436	0.0649553	0.0294013	3.37297e-06	0.420708	0.289606	0.131087	1.50385e-05	4.78062e-06	2.13146e-05	
637	0.0873062	0.0735849	0.0136501	7.12662e-05	0.389259	0.328081	0.0608597	0.000317743	9.76309e-05	0.000435291	
638	0.121841	0.0814884	0.04035	2.75477e-06	0.543234	0.363319	0.179902	1.22822e-05	4.54196e-06	2.02505e-05	
639	0.117403	0.0760833	0.0412148	0.000105494	0.523449	0.339221	0.183758	0.000470353	0.000108865	0.000485379	
640	0.0847442	0.0804413	0.00428739	1.55955e-05	0.377836	0.358651	0.0191155	6.95336e-05	1.56741e-05	6.98837e-05	
641	0.0760923	0.0749878	0.00110445	0	0.33926	0.334336	0.00492426	0	0	0	
642	0.0638305	0.0630356	0.00079487	0	0.284591	0.281047	0.00354396	0	0	0	
643	0.175894	0.141846	0.0329177	0.00113089	0.784234	0.632427	0.146765	0.00504213	0.0012351	0.00550679	
644	0.102678	0.0823528	0.0203256	0	0.457796	0.367173	0.0906226	0	0	0	
645	0.0822964	0.0803487	0.00194537	2.36856e-06	0.366922	0.358238	0.00867354	1.05603e-05	3.26034e-06	1.45363e-05	
646	0.112207	0.0749491	0.0370972	0.000161621	0.500284	0.334163	0.165399	0.000720596	0.00019241	0.00085787	
647	0.157416	0.123766	0.0330796	0.000570133	0.701849	0.55182	0.147486	0.00254196	0.000627298	0.00279683	
648	0.146817	0.117221	0.0293868	0.000209445	0.654593	0.522637	0.131022	0.000933823	0.000232356	0.00103597	
649	0.0643017	0.0643017	0	0	0.286692	0.286692	0	0	0	0	
650	0.0738322	0.0729412	0.000888911	2.15323e-06	0.329184	0.325211	0.00396325	9.60031e-06	2.16287e-06	9.64327e-06	
651	0.102189	0.101443	0.000746282	0	0.455616	0.452288	0.00332733	0	0	0	
652	0.105544	0.0824216	0.0226565	0.000466735	0.470576	0.36748	0.101015	0.00208096	0.000686272	0.00305977	
653	0.099662	0.0876122	0.0120475	2.30701e-06	0.444347	0.390623	0.0537143	1.02859e-05	3.22925e-06	1.43977e-05	
654	0.119727	0.0882094	0.0313981	0.000119557	0.533808	0.393285	0.13999	0.000533051	0.000171772	0.000765855	
655	0.135865	0.0810226	0.0540098	0.000832893	0.605761	0.361243	0.240805	0.00371349	0.00104021	0.00463784	
656	0.219393	0.118374	0.0970628	0.00395583	0.978174	0.527778	0.432759	0.0176372	0.00608004	0.0271081	
657	0.0985737	0.0800794	0.0184943	0	0.439495	0.357037	0.0824577	0	0	0	
658	0.118039	0.0753312	0.0427037	4.8577e-06	0.526285	0.335867	0.190396	2.16582e-05	7.60868e-06	3.39236e-05	
659	0.128464	0.0957584	0.0317898	0.000916328	0.572765	0.426943	0.141736	0.00408549	0.00110526	0.00492786	
660	0.16179	0.100452	0.0602125	0.00112485	0.721349	0.447873	0.26846	0.00501521	0.00143961	0.00641859	
661	0.190029	0.0983759	0.090764	0.000889579	0.847255	0.438613	0.404675	0.00396623	0.00391099	0.0174373	
662	0.114651	0.0804842	0.0339268	0.000240035	0.511176	0.358842	0.151264	0.0010702	0.000346014	0.00154272	
663	0.101362	0.0804026	0.020704	0.000255389	0.451927	0.358478	0.0923101	0.00113866	0.000406979	0.00181453	
664	0.108062	0.0873783	0.0203935	0.000290463	0.4818	0.38958	0.0909254	0.00129504	0.000309946	0.00138191	
665	0.103518	0.0872729	0.0162389	6.31095e-06	0.46154	0.38911	0.072402	2.81376e-05	7.0186e-06	3.12927e-05	
666	0.102764	0.0790046	0.0235367	0.000222839	0.458178	0.352245	0.104939	0.00099354	0.000321102	0.00143164	
667	0.158956	0.1049	0.0510459	0.0030104	0.708716	0.467704	0.22759	0.013422	0.00399207	0.0177988	
668	0.103169	0.0831153	0.0200349	1.92397e-05	0.459985	0.370573	0.0893267	8.57811e-05	2.21782e-05	9.88826e-05	
669	0.0435418	0.0435418	0	0	0.194133	0.194133	0	0	0	0	
670	0.0900836	0.0826914	0.00737618	1.59845e-05	0.401641	0.368683	0.032887	7.12676e-05	1.74526e-05	7.78133e-05	
671	0.0520841	0.0506827	0.00140143	0	0.232219	0.225971	0.00624837	0	0	0	
672	0.151649	0.112056	0.0395376	5.53959e-05	0.676137	0.49961	0.17628	0.000246985	6.30723e-05	0.00028121	
673	0.147617	0.101544	0.0451899	0.000883519	0.65816	0.452739	0.201481	0.0039392	0.00141877	0.00632569	
674	0.131283	0.0954269	0.0358367	1.97337e-05	0.585332	0.425465	0.159779	8.79839e-05	4.05904e-05	0.000180974	
675	0.121122	0.0812568	0.0397651	0.000100946	0.540032	0.362287	0.177294	0.000450074	0.000157109	0.000700477	
676	0.149084	0.109875	0.0379993	0.00121048	0.664701	0.489883	0.169421	0.00539701	0.00131587	0.00586686	
677	0.102673	0.0935106	0.00913492	2.74499e-05	0.457772	0.416921	0.0407284	0.000122386	4.11697e-05	0.000183557	
678	0.109751	0.0803795	0.0293344	3.75718e-05	0.489332	0.358376	0.130788	0.000167515	5.26249e-05	0.00023463	
679	0.129459	0.0910705	0.0383894	0	0.577202	0.406041	0.17116	0	0	0	
680	0.133006	0.110493	0.0225124	0	0.593014	0.492641	0.100372	0	0	0	
681	0.110203	0.0978371	0.0122992	6.72792e-05	0.491347	0.436211	0.0548367	0.000299967	8.12283e-05	0.00036216	
682	0.100298	0.0977371	0.00256135	0	0.447185	0.435765	0.0114199	0	0	0	
683	0.0936603	0.0912714	0.00238887	0	0.417588	0.406937	0.0106508	0	0	0	
684	0.113489	0.0943633	0.0191093	1.69164e-05	0.505998	0.420722	0.0851997	7.54226e-05	3.67912e-05	0.000164035	
685	0.18581	0.140885	0.0439181	0.00100732	0.828444	0.628142	0.19581	0.00449122	0.00103077	0.00459574	
686	0.10293	0.0906109	0.0120917	0.000228241	0.458922	0.403992	0.0539116	0.00101762	0.000230389	0.0010272	
687	0.0826351	0.0779088	0.00472637	0	0.368432	0.347359	0.0210727	0	0	0	
688	0.064309	0.064309	0	0	0.286724	0.286724	0	0	0	0	
689	0.00728275	0.00715923	0.000123517	0	0.0324704	0.0319197	0.000550706	0	0	0	
690	0.0599228	0.0598974	2.54147e-05	0	0.267168	0.267055	0.000113312	0	0	0	
691	0.110459	0.0982239	0.0120147	0.000221196	0.49249	0.437935	0.0535682	0.000986213	0.000234336	0.00104479	
692	0.0729937	0.0729937	0	0	0.325446	0.325446	0	0	0	0	
693	0.0911257	0.0794148	0.0116949	1.60363e-05	0.406288	0.354074	0.0521424	7.14985e-05	1.6004e-05	7.13549e-05	
694	0.182425	0.154562	0.0277192	0.000144218	0.813352	0.689122	0.123587	0.000643004	0.000276291	0.00123185	
695	0.0962576	0.0793978	0.0168168	4.29735e-05	0.429169	0.353999	0.0749785	0.000191599	4.91322e-05	0.000219058	
696	0.272364	0.159907	0.108771	0.00368519	1.21434	0.712955	0.484961	0.0164305	0.0042158	0.0187963	
697	0.170162	0.0828657	0.0860918	0.00120519	0.758678	0.36946	0.383844	0.0053734	0.0016935	0.00755058	
698	0.248297	0.195987	0.0518223	0.000487804	1.10704	0.873819	0.231052	0.00217489	0.000723281	0.00322478	
699	0.295813	0.185523	0.108922	0.00136764	1.31889	0.827164	0.485636	0.00609772	0.00165658	0.00738594	
700	0.082599	0.082599	0	0	0.368271	0.368271	0	0	0	0	
701	0.0824553	0.0824553	0	0	0.36763	0.36763	0	0	0	0	
702	0.109711	0.106342	0.0033687	3.57584e-08	0.489152	0.474133	0.0150195	1.5943e-07	3.19452e-07	1.42429e-06	
703	0.0911578	0.0877067	0.00343677	1.43078e-05	0.406431	0.391044	0.0153229	6.37919e-05	1.42752e-05	6.36468e-05	
704	0.0949617	0.0794998	0.0154618	0	0.423391	0.354453	0.0689374	0	0	0	
705	0.0967564	0.0881326	0.00861585	7.96149e-06	0.431393	0.392943	0.0384141	3.54966e-05	7.92912e-06	3.53523e-05	
706	0.196347	0.158283	0.037864	0.000199816	0.875425	0.705716	0.168818	0.000890889	0.000457886	0.0020415	
707	0.0854058	0.0803061	0.00509973	0	0.380785	0.358048	0.0227373	0	0	0	
708	0.0799747	0.0799747	0	0	0.35657	0.35657	0	0	0	0	
709	0.130112	0.103416	0.0262509	0.000444712	0.580111	0.461088	0.11704	0.00198276	0.000457819	0.0020412	
710	0.186993	0.0960299	0.0908127	0.00015076	0.833718	0.428153	0.404892	0.000672173	0.000210733	0.000939563	
711	0.0995532	0.0807003	0.0188529	0	0.443862	0.359806	0.0840566	0	0	0	
712	0.0772108	0.0765877	0.00062317	0	0.344248	0.341469	0.00277843	0	0	0	
713	0.0892229	0.0784321	0.0107737	1.71076e-05	0.397804	0.349693	0.0480352	7.62751e-05	1.70754e-05	7.61315e-05	
714	0.0923433	0.0816937	0.0106495	0	0.411716	0.364235	0.0474813	0	0	0	
715	0.0700688	0.0700688	0	0	0.312405	0.312405	0	0	0	0	
716	0.082081	0.0750012	0.00700163	7.8167e-05	0.365961	0.334396	0.0312171	0.000348511	9.87582e-05	0.000440318	
717	0.0956321	0.0883057	0.00729459	3.17732e-05	0.42638	0.393715	0.0325233	0.000141662	3.55933e-05	0.000158694	
718	0.12356	0.108175	0.0153008	8.49382e-05	0.550902	0.482304	0.0682194	0.000378701	9.04501e-05	0.000403276	
719	0.0777187	0.0629416	0.0146327	0.000144336	0.346512	0.280628	0.0652409	0.00064353	0.000147907	0.000659451	
720	0.0629107	0.062102	0.000808715	0	0.28049	0.276884	0.00360569	0	0	0	
721	0.126849	0.106352	0.0202892	0.000208086	0.565566	0.474178	0.0904603	0.000927762	0.000223823	0.000997927	
722	0.0811141	0.0808739	0.000240151	0	0.361651	0.36058	0.00107072	0	0	0	
723	0.110687	0.10207	0.00860963	6.5876e-06	0.493503	0.455088	0.0383864	2.93711e-05	6.55522e-06	2.92267e-05	
724	0.0807485	0.0805083	0.000240151	0	0.36002	0.35895	0.00107072	0	0	0	
725	0.0858533	0.0624025	0.0233047	0.000146206	0.382781	0.278224	0.103905	0.000651869	0.000151088	0.000673633	
726	0.0454552	0.0425439	0.00291132	0	0.202664	0.189684	0.0129802	0	0	0	
727	0.0890729	0.0887622	0.000310686	0	0.397135	0.39575	0.00138521	0	0	0	
728	0.0972821	0.0852269	0.0119519	0.000103257	0.433736	0.379988	0.0532883	0.000460379	0.000114588	0.000510898	
729	0.101292	0.0774191	0.0238736	0	0.451618	0.345176	0.106441	0	0	0	
730	0.120748	0.104641	0.0160729	3.42021e-05	0.538364	0.46655	0.0716617	0.000152491	4.00534e-05	0.00017858	
731	0.110328	0.0942188	0.0158733	0.000236503	0.491905	0.420079	0.070772	0.00105445	0.000248479	0.00110785	
732	0.0823059	0.0771915	0.00511439	0	0.366964	0.344162	0.0228027	0	0	0	
733	0.104602	0.091757	0.0127578	8.7691e-05	0.466375	0.409103	0.0568815	0.000390974	0.000154274	0.000687841	
734	0.123973	0.106592	0.0173787	2.70983e-06	0.552742	0.475246	0.0774839	1.20818e-05	2.94384e-06	1.31252e-05	
735	0.0690765	0.0655733	0.00349105	1.21264e-05	0.30798	0.292361	0.015565	5.40663e-05	1.21394e-05	5.41243e-05	
736	0.0569553	0.0553633	0.00159196	0	0.253937	0.246839	0.00709783	0	0	0	
737	0.0879789	0.0794586	0.00850113	1.91628e-05	0.392258	0.35427	0.0379026	8.54383e-05	2.13141e-05	9.50303e-05	
738	0.122801	0.112907	0.00976382	0.000130166	0.547514	0.503402	0.0435324	0.000580352	0.000141165	0.000629391	
739	0.0684243	0.0646762	0.00372864	1.94289e-05	0.305072	0.288362	0.0166243	8.66248e-05	2.44964e-05	0.000109218	
740	0.0366658	0.036609	5.67198e-05	0	0.163476	0.163223	0.000252887	0	0	0	
741	0.0887318	0.0861885	0.00254105	2.2197e-06	0.395614	0.384275	0.0113294	9.89664e-06	2.59983e-06	1.15914e-05	
742	0.138868	0.122663	0.0161808	2.47435e-05	0.619152	0.546899	0.072143	0.00011032	2.4711e-05	0.000110175	
743	0.0863085	0.0839801	0.00231444	1.40048e-05	0.38481	0.374429	0.010319	6.24413e-05	1.39723e-05	6.22962e-05	
744	0.0556782	0.0552207	0.000457523	0	0.248243	0.246204	0.00203988	0	0	0	
745	0.12304	0.10149	0.0215354	1.49907e-05	0.548581	0.452498	0.0960167	6.68368e-05	1.65544e-05	7.38087e-05	
746	0.0784827	0.0749602	0.00352247	0	0.349918	0.334213	0.0157051	0	0	0	
747	0.0848025	0.0840384	0.000764055	0	0.378095	0.374689	0.00340657	0	0	0	
748	0.101549	0.0820238	0.0195235	2.21001e-06	0.452763	0.365707	0.0870466	9.85346e-06	5.24612e-06	2.33901e-05	
749	0.120137	0.112088	0.00804117	8.46534e-06	0.53564	0.49975	0.0358519	3.7743e-05	8.43341e-06	3.76007e-05	
750	0.0887812	0.0819241	0.00685714	0	0.395835	0.365262	0.0305729	0	0	0	
751	0.268129	0.151549	0.111907	0.00467274	1.19546	0.675689	0.498942	0.0208336	0.00603432	0.0269043	
752	0.0816516	0.0761782	0.00546992	3.52622e-06	0.364047	0.339644	0.0243878	1.57218e-05	1.42035e-05	6.33272e-05	
753	0.0991274	0.0922703	0.00685714	0	0.441964	0.411391	0.0305729	0	0	0	
754	0.240463	0.176015	0.0629633	0.00148432	1.07211	0.784772	0.280725	0.00661793	0.00222636	0.00992634	
755	0.114467	0.0917982	0.0226696	4.20186e-08	0.51036	0.409286	0.101073	1.87341e-07	6.3489e-07	2.83068e-06	
756	0.179358	0.113734	0.0656244	0	0.799679	0.50709	0.292589	0	0	0	
757	0.131088	0.0773262	0.0500674	0.0036951	0.584465	0.344762	0.223228	0.0164747	0.00507163	0.022612	
758	0.213403	0.127466	0.0859304	6.21446e-06	0.951466	0.568314	0.383124	2.77074e-05	7.11693e-06	3.17311e-05	
759	0.123551	0.0711262	0.0524031	2.26253e-05	0.550862	0.317119	0.233641	0.000100876	0.00306862	0.0136816	
760	0.118079	0.0864619	0.0316017	1.55539e-05	0.526461	0.385494	0.140897	6.93479e-05	0.000263862	0.00117644	
761	0.125436	0.109557	0.0156415	0.000237649	0.559264	0.488467	0.0697384	0.00105957	0.000257134	0.00114644	
762	0.0505071	0.0505071	0	0	0.225188	0.225188	0	0	0	0	
763	0.0557578	0.0537815	0.00197625	0	0.248598	0.239787	0.00881124	0	0	0	
764	0.0778743	0.076451	0.0014204	2.97412e-06	0.347206	0.34086	0.00633294	1.32602e-05	2.94355e-06	1.31239e-05	
765	0.0845468	0.0835265	0.00102029	0	0.376955	0.372406	0.00454901	0	0	0	
766	0.0488457	0.044348	0.00446953	2.82318e-05	0.217781	0.197727	0.0199276	0.000125872	2.96568e-05	0.000132226	
767	0.0516859	0.0429982	0.00866144	2.62921e-05	0.230443	0.191709	0.0386174	0.000117224	2.62595e-05	0.000117079	
768	0.0451692	0.0451497	1.95373e-05	0	0.201389	0.201302	8.71081e-05	0	0	0	
769	0.0728378	0.0522853	0.0205161	3.64458e-05	0.32475	0.233116	0.091472	0.000162495	3.64131e-05	0.000162349	
770	0.0758695	0.0563635	0.0195059	0	0.338267	0.251299	0.086968	0	0	0	
771	0.116591	0.0779698	0.0383237	0.000297936	0.519828	0.347632	0.170868	0.00132836	0.000328013	0.00146246	
772	0.10289	0.10289	0	0	0.458741	0.458741	0	0	0	0	
773	0.130057	0.0902006	0.0397637	9.26967e-05	0.579865	0.402163	0.177288	0.000413292	0.000256767	0.00114481	
774	0.077703	0.0773497	0.000353291	0	0.346442	0.344867	0.00157516	0	0	0	
775	0.0753767	0.0753767	0	0	0.33607	0.33607	0	0	0	0	
776	0.0646639	0.0646639	0	0	0.288306	0.288306	0	0	0	0	
777	0.0740545	0.0740545	0	0	0.330175	0.330175	0	0	0	0	
778	0.0919449	0.0919449	0	0	0.40994	0.40994	0	0	0	0	
779	0.133995	0.110346	0.0236473	1.57375e-06	0.597424	0.491984	0.105432	7.01664e-06	1.83044e-06	8.16113e-06	
780	0.0488254	0.0433278	0.00549758	0	0.21769	0.193179	0.0245112	0	0	0	
781	0.0526853	0.0423322	0.0103531	0	0.2349	0.18874	0.04616	0	0	0	
782	0.105478	0.0948274	0.0106504	4.78045e-07	0.470279	0.422792	0.0474855	2.13138e-06	4.45114e-07	1.98456e-06	
783	0.209862	0.134422	0.0748982	0.000541729	0.935681	0.599329	0.333937	0.00241532	0.00205066	0.00914299	
784	0.0715059	0.0715059	0	0	0.318812	0.318812	0	0	0	0	
785	0.137154	0.0750966	0.0618858	0.000172388	0.61151	0.334821	0.27592	0.000768602	0.00019463	0.00086777	
786	0.125475	0.094602	0.0308478	2.55529e-05	0.559437	0.421787	0.137536	0.000113929	3.52743e-05	0.000157272	
787	0.155124	0.0837879	0.0712295	0.000106851	0.691628	0.373572	0.31758	0.000476404	0.000113595	0.000506472	
788	0.167936	0.0913501	0.0759578	0.000628755	0.748753	0.407288	0.338661	0.00280333	0.000931634	0.00415373	
789	0.102825	0.102472	0.000353291	0	0.458453	0.456878	0.00157516	0	0	0	
790	0.115745	0.0842988	0.0314462	0	0.516054	0.37585	0.140204	0	0	0	
791	0.120219	0.0870651	0.033067	8.75389e-05	0.536005	0.388183	0.147431	0.000390296	0.000132194	0.000589396	
792	0.0932386	0.082356	0.0108646	1.80095e-05	0.415708	0.367188	0.0484404	8.02964e-05	1.79766e-05	8.01496e-05	
793	0.22308	0.147212	0.0740226	0.00184564	0.994616	0.656354	0.330033	0.00822888	0.00299019	0.0133319	
794	0.0953217	0.0895346	0.00577662	1.04709e-05	0.424996	0.399194	0.0257553	4.66852e-05	1.1143e-05	4.96818e-05	
795	0.154194	0.105527	0.0485416	0.000124811	0.687482	0.4705	0.216425	0.000556479	0.00019771	0.000881502	
796	0.0946794	0.093763	0.000916403	0	0.422132	0.418046	0.00408582	0	0	0	
797	0.0539361	0.053245	0.000691107	0	0.240476	0.237395	0.00308133	0	0	0	
798	0.20966	0.103775	0.105407	0.000477476	0.934779	0.462686	0.469964	0.00212885	0.00125292	0.00558623	
799	0.164027	0.129279	0.0346302	0.000118428	0.731325	0.576397	0.1544	0.000528018	0.000482321	0.00215045	
800	0.222587	0.158728	0.0636168	0.000242287	0.992414	0.707695	0.283638	0.00108024	0.000758179	0.00338037	
801	0.176379	0.0852576	0.0903761	0.000745872	0.786396	0.380124	0.402945	0.0033255	0.0011017	0.004912	
802	0.137705	0.0863327	0.0512075	0.000164968	0.613964	0.384918	0.228311	0.000735517	0.000215003	0.000958604	
803	0.0832851	0.0832851	0	0	0.37133	0.37133	0	0	0	0	
804	0.192873	0.151002	0.0415465	0.000325177	0.859937	0.67325	0.185236	0.00144981	0.000428988	0.00191266	
805	0.204115	0.143881	0.0601037	0.000130868	0.910059	0.6415	0.267975	0.000583484	0.000264917	0.00118114	
806	0.152722	0.106919	0.0447799	0.00102362	0.680922	0.476705	0.199653	0.00456385	0.00154297	0.00687941	
807	0.157223	0.119321	0.0377504	0.000151019	0.700986	0.532001	0.168311	0.000673324	0.000251933	0.00112325	
808	0.170905	0.152594	0.0183046	6.96264e-06	0.76199	0.680348	0.081612	3.10432e-05	7.94346e-06	3.54162e-05	
809	0.178158	0.112186	0.0644242	0.00154781	0.794328	0.500189	0.287238	0.006901	0.00223851	0.00998053	
810	0.0781296	0.0779329	0.00019675	0	0.348344	0.347467	0.000877221	0	0	0	
811	0.129772	0.0970975	0.0326639	1.05776e-05	0.578594	0.432913	0.145633	4.71607e-05	2.20412e-05	9.8272e-05	
812	0.172234	0.112136	0.0600508	4.75471e-05	0.767916	0.499965	0.267739	0.00021199	0.000225153	0.00100385	
813	0.0639415	0.0639415	0	0	0.285086	0.285086	0	0	0	0	
814	0.095637	0.0814568	0.0141801	0	0.426401	0.363179	0.0632227	0	0	0	
815	0.146717	0.132578	0.0140163	0.000122863	0.654146	0.591106	0.0624926	0.000547793	0.000123493	0.0005506	
816	0.191044	0.155734	0.0351948	0.000114532	0.851778	0.69435	0.156917	0.000510648	0.000342127	0.00152539	
817	0.166129	0.0971335	0.0664523	0.00254347	0.740695	0.433074	0.29628	0.0113401	0.0033038	0.0147301	
818	0.179625	0.124191	0.054984	0.000449836	0.800869	0.553714	0.245148	0.00200561	0.000750976	0.00334826	
819	0.0669194	0.0669194	0	0	0.298363	0.298363	0	0	0	0	
820	0.0929452	0.0907008	0.00224441	0	0.4144	0.404393	0.0100068	0	0	0	
821	0.0276368	0.0275453	9.15426e-05	0	0.12322	0.122812	0.000408146	0	0	0	
822	0.0931948	0.084212	0.00898286	0	0.415513	0.375463	0.0400504	0	0	0	
823	0.0618431	0.0589673	0.00285174	2.40778e-05	0.27573	0.262908	0.0127146	0.000107352	2.40454e-05	0.000107207	
824	0.119568	0.119482	8.55857e-05	0	0.5331	0.532718	0.000381587	0	0	0	
825	0.0788533	0.0784663	0.000387012	0	0.351571	0.349845	0.00172551	0	0	0	
826	0.11862	0.105995	0.012625	0	0.528873	0.472584	0.0562894	0	0	0	
827	0.084481	0.0840087	0.000471814	4.24574e-07	0.376662	0.374556	0.0021036	1.89298e-06	3.92073e-07	1.74807e-06	
828	0.17053	0.10351	0.0662526	0.000766805	0.760317	0.461508	0.29539	0.00341883	0.001394	0.00621521	
829	0.130678	0.101413	0.0292137	5.08574e-05	0.582634	0.452156	0.13025	0.00022675	5.32407e-05	0.000237376	
830	0.156427	0.133729	0.022697	1.29586e-06	0.69744	0.596238	0.101195	5.77769e-06	1.56804e-05	6.99121e-05	
831	0.100583	0.100499	8.42843e-05	0	0.448457	0.448081	0.000375785	0	0	0	
832	0.0859761	0.0837285	0.00224755	1.12109e-07	0.383328	0.373307	0.0100208	4.99844e-07	7.96089e-08	3.54939e-07	
833	0.0901659	0.0882816	0.0018839	4.64947e-07	0.402009	0.393607	0.00839948	2.07298e-06	7.00299e-07	3.12231e-06	
834	0.0978584	0.0977562	0.000102114	0	0.436306	0.43585	0.000455282	0	0	0	
835	0.0993449	0.0964239	0.00292095	0	0.442933	0.42991	0.0130232	0	0	0	
836	0.146561	0.115979	0.030405	0.000176528	0.65345	0.517101	0.135562	0.000787061	0.000287376	0.00128127	
837	0.139257	0.119914	0.0191142	0.000229191	0.620885	0.534642	0.0852219	0.00102185	0.000269376	0.00120102	
838	0.14317	0.0970988	0.0455998	0.000472065	0.638332	0.432919	0.203308	0.00210472	0.000537291	0.00239553	
839	0.193243	0.151998	0.0406546	0.000590598	0.861584	0.67769	0.18126	0.0026332	0.00112203	0.00500264	
840	0.102475	0.0764547	0.0260208	0	0.456892	0.340877	0.116015	0	0	0	
841	0.110465	0.0796988	0.030714	5.27412e-05	0.492515	0.35534	0.13694	0.000235149	7.31318e-05	0.000326061	
842	0.103869	0.0976216	0.00624794	0	0.463107	0.43525	0.0278567	0	0	0	
843	0.136397	0.12102	0.0153007	7.61553e-05	0.608134	0.539575	0.0682188	0.000339542	0.000106511	0.000474885	
844	0.135402	0.109561	0.0258216	1.95096e-05	0.603696	0.488482	0.115126	8.69846e-05	1.94768e-05	8.68383e-05	
845	0.190998	0.134027	0.0550442	0.00192658	0.851575	0.597568	0.245417	0.00858975	0.00194191	0.00865812	
846	0.10461	0.0935309	0.0110796	0	0.46641	0.417011	0.0493989	0	0	0	
847	0.121709	0.0953705	0.0262585	8.04105e-05	0.542647	0.425213	0.117074	0.000358513	8.06136e-05	0.000359419	
848	0.105281	0.10222	0.00306117	0	0.469404	0.455755	0.0136483	0	0	0	
849	0.110995	0.0963166	0.0146584	2.07251e-05	0.494879	0.429432	0.0653554	9.24041e-05	2.08894e-05	9.31367e-05	
850	0.0796973	0.0796973	0	0	0.355334	0.355334	0	0	0	0	
851	0.0642292	0.0642128	1.63623e-05	0	0.286368	0.286295	7.29521e-05	0	0	0	
852	0.0952786	0.0843517	0.0109004	2.64303e-05	0.424804	0.376086	0.0486003	0.00011784	2.77072e-05	0.000123534	
853	0.107728	0.102898	0.00483014	0	0.480314	0.458778	0.0215354	0	0	0	
854	0.0982514	0.0940082	0.00423665	6.54673e-06	0.438058	0.41914	0.0188893	2.91888e-05	7.2588e-06	3.23636e-05	
855	0.106202	0.0927125	0.0131445	0.000344946	0.473506	0.413363	0.0586057	0.00153796	0.00045928	0.00204772	
856	0.113396	0.103062	0.0103343	0	0.505583	0.459507	0.046076	0	0	0	
857	0.0637977	0.0630151	0.000782575	0	0.284444	0.280955	0.00348914	0	0	0	
858	0.0991443	0.0848879	0.0142462	1.00667e-05	0.442039	0.378476	0.0635177	4.48828e-05	1.22641e-05	5.46802e-05	
859	0.124057	0.111256	0.0128008	0	0.553116	0.496043	0.0570732	0	0	0	
860	0.0941704	0.0835992	0.0105688	2.38075e-06	0.419863	0.37273	0.0471216	1.06147e-05	2.34824e-06	1.04697e-05	
861	0.0858014	0.0857425	5.88168e-05	0	0.382549	0.382287	0.000262237	0	0	0	
862	0.112829	0.0783342	0.0344922	3.51581e-06	0.503057	0.349256	0.153785	1.56754e-05	3.48291e-06	1.55287e-05	
863	0.11756	0.114286	0.0032739	0	0.524147	0.50955	0.0145968	0	0	0	
864	0.102353	0.0945383	0.00781521	0	0.456347	0.421503	0.0348444	0	0	0	
865	0.116617	0.115828	0.000789086	0	0.519944	0.516426	0.00351817	0	0	0	
866	0.0765469	0.0752745	0.00127246	0	0.341288	0.335614	0.00567333	0	0	0	
867	0.085775	0.085775	0	0	0.382432	0.382432	0	0	0	0	
868	0.104336	0.0990265	0.00528652	2.33158e-05	0.465188	0.441514	0.0235702	0.000103954	2.32835e-05	0.00010381	
869	0.0964226	0.0937393	0.00267692	6.37554e-06	0.429904	0.417941	0.0119351	2.84256e-05	6.34317e-06	2.82813e-05	
870	0.130411	0.125066	0.00534492	0	0.581446	0.557615	0.0238305	0	0	0	
871	0.10749	0.0979846	0.00939364	0.000112286	0.479251	0.436868	0.0418819	0.000500635	0.000112254	0.00050049	
872	0.0415238	0.0415238	0	0	0.185135	0.185135	0	0	0	0	
873	0.103077	0.0990869	0.00399049	0	0.459575	0.441783	0.0177918	0	0	0	
874	0.104062	0.0901317	0.0139309	0	0.463968	0.401856	0.0621119	0	0	0	
875	0.0812303	0.0808313	0.000399013	0	0.362169	0.36039	0.00177901	0	0	0	
876	0.0440969	0.0440969	0	0	0.196608	0.196608	0	0	0	0	
877	0.100877	0.0869268	0.0138402	0.000110789	0.449768	0.387567	0.0617071	0.000493961	0.000110757	0.000493817	
878	0.0998686	0.0985662	0.00130243	0	0.445268	0.439461	0.00580698	0	0	0	
879	0.0865412	0.0865412	0	0	0.385847	0.385847	0	0	0	0	
880	0.0929345	0.0869905	0.00594399	0	0.414352	0.387851	0.0265015	0	0	0	
881	0.0813011	0.078706	0.00258321	1.19498e-05	0.362484	0.350914	0.0115173	5.32788e-05	1.19173e-05	5.31341e-05	
882	0.090167	0.0887516	0.0014125	2.9193e-06	0.402013	0.395703	0.00629771	1.30158e-05	2.8868e-06	1.28709e-05	
883	0.0588029	0.0588029	0	0	0.262175	0.262175	0	0	0	0	
884	0.078296	0.0782022	9.38168e-05	0	0.349086	0.348668	0.000418286	0	0	0	
885	0.0888359	0.0888359	0	0	0.396079	0.396079	0	0	0	0	
886	0.102151	0.100947	0.00120393	0	0.455447	0.450079	0.00536778	0	0	0	
887	0.0656096	0.0656096	0	0	0.292523	0.292523	0	0	0	0	
888	0.0961854	0.0960916	9.38168e-05	0	0.428847	0.428429	0.000418286	0	0	0	
889	0.0653091	0.0641339	0.0011752	0	0.291183	0.285944	0.0052397	0	0	0	
890	0.0943114	0.0909494	0.00335711	4.87335e-06	0.420491	0.405502	0.0149678	2.1728e-05	4.84086e-06	2.15832e-05	
891	0.0410903	0.0409625	0.000127819	0	0.183203	0.182633	0.000569887	0	0	0	
892	0.0581087	0.0581087	0	0	0.25908	0.25908	0	0	0	0	
893	0.0862438	0.0862438	0	0	0.384522	0.384522	0	0	0	0	
894	0.0834692	0.0831492	0.000320078	0	0.372151	0.370724	0.00142708	0	0	0	
895	0.079443	0.079443	0	0	0.3542	0.3542	0	0	0	0	
896	0.0785649	0.0782448	0.000320078	0	0.350285	0.348858	0.00142708	0	0	0	
897	0.0754732	0.0711815	0.00429172	0	0.3365	0.317366	0.0191348	0	0	0	
898	0.0726098	0.0726098	0	0	0.323734	0.323734	0	0	0	0	
899	0.104252	0.0950047	0.00924686	1.04782e-06	0.464815	0.423582	0.0412275	4.67177e-06	1.01501e-06	4.52547e-06	
900	0.0812868	0.0812868	0	0	0.36242	0.36242	0	0	0	0	
901	0.171235	0.111607	0.0575612	0.00206667	0.763461	0.497607	0.256639	0.00921435	0.00230932	0.0102962	
902	0.0750687	0.0747024	0.000366334	0	0.334697	0.333064	0.00163331	0	0	0	
903	0.194936	0.115454	0.0780909	0.0013911	0.869133	0.514759	0.348172	0.0062023	0.00277453	0.0123703	
904	0.0674093	0.0674093	0	0	0.300547	0.300547	0	0	0	0	
905	0.154096	0.0923652	0.0617309	0	0.687044	0.411814	0.27523	0	0	0	
906	0.189825	0.129968	0.0594036	0.000453256	0.846343	0.579468	0.264853	0.00202086	0.000453223	0.00202071	
907	0.0799466	0.0799466	0	0	0.356445	0.356445	0	0	0	0	
908	0.111066	0.0988384	0.0121662	6.19652e-05	0.495195	0.440675	0.0542436	0.000276274	6.19326e-05	0.000276129	
909	0.108319	0.105072	0.0032396	7.24637e-06	0.482946	0.46847	0.0144439	3.23082e-05	7.26971e-06	3.24123e-05	
910	0.110495	0.0898183	0.0206775	0	0.49265	0.400459	0.0921916	0	0	0	
911	0.119797	0.106214	0.013357	0.000225411	0.53412	0.473562	0.0595531	0.001005	0.000225378	0.00100486	
912	0.10487	0.0955399	0.00933096	0	0.467571	0.425968	0.0416025	0	0	0	
913	0.114122	0.0983589	0.0156147	0.000148729	0.508819	0.438537	0.069619	0.000663119	0.000148752	0.000663219	
914	0.0764372	0.0764372	0	0	0.340798	0.340798	0	0	0	0	
915	0.118764	0.0914114	0.0273161	3.66066e-05	0.529515	0.407562	0.12179	0.000163212	3.65731e-05	0.000163063	
916	0.106497	0.106497	0	0	0.474825	0.474825	0	0	0	0	
917	0.119393	0.092275	0.0271189	0	0.532323	0.411412	0.12091	0	0	0	
918	0.128618	0.0886629	0.0390397	0.000915958	0.573451	0.395307	0.17406	0.00408384	0.00132468	0.00590618	
919	0.0924843	0.0859649	0.0065194	0	0.412345	0.383278	0.029067	0	0	0	
920	0.117741	0.085532	0.0321062	0.000103507	0.524956	0.381348	0.143147	0.000461491	0.000181427	0.000808904	
921	0.0381919	0.0381919	0	0	0.17028	0.17028	0	0	0	0	
922	0.0192461	0.0190852	0.000160884	0	0.0858099	0.0850925	0.00071731	0	0	0	
923	0.0632292	0.0590175	0.00417681	3.4879e-05	0.28191	0.263132	0.0186225	0.000155509	3.48494e-05	0.000155377	
924	0.0581563	0.0515325	0.00662377	3.24094e-08	0.259292	0.22976	0.0295323	1.44499e-07	1.42847e-06	6.36891e-06	
925	0.0536125	0.0447045	0.00882616	8.18969e-05	0.239034	0.199317	0.0393518	0.000365141	9.94371e-05	0.000443345	
926	0.066325	0.0586564	0.00766862	3.23535e-08	0.295713	0.261522	0.0341909	1.44249e-07	1.42847e-06	6.36891e-06	
927	0.0799422	0.0770746	0.00285483	1.27226e-05	0.356425	0.34364	0.0127284	5.67244e-05	1.26929e-05	5.65919e-05	
928	0.102344	0.0948784	0.00746572	0	0.456306	0.423019	0.0332862	0	0	0	
929	0.0435589	0.0428857	0.000673233	0	0.194209	0.191207	0.00300164	0	0	0	
930	0.0752454	0.0745721	0.000673233	0	0.335485	0.332483	0.00300164	0	0	0	
931	0.0912864	0.0823665	0.00889952	2.04701e-05	0.407004	0.367234	0.0396789	9.1267e-05	2.04372e-05	9.11203e-05	
932	0.0843404	0.0839241	0.000416349	0	0.376035	0.374179	0.00185631	0	0	0	
933	0.0476844	0.0475967	8.7644e-05	0	0.212603	0.212212	0.000390765	0	0	0	
934	0.046109	0.0453492	0.000759781	0	0.205579	0.202191	0.00338751	0	0	0	
935	0.0928111	0.0775246	0.0152161	7.03609e-05	0.413802	0.345647	0.0678419	0.000313707	0.000281313	0.00125425	
936	0.0756301	0.0756301	0	0	0.3372	0.3372	0	0	0	0	
937	0.0617455	0.0617455	0	0	0.275295	0.275295	0	0	0	0	
938	0.0671709	0.0671709	0	0	0.299484	0.299484	0	0	0	0	
939	0.0727367	0.0727367	0	0	0.324299	0.324299	0	0	0	0	
940	0.0762559	0.0743177	0.0019333	4.87946e-06	0.33999	0.331349	0.0086197	2.17553e-05	4.84703e-06	2.16107e-05	
941	0.0693576	0.068575	0.000782575	0	0.309234	0.305744	0.00348914	0	0	0	
942	0.0706806	0.0706806	0	0	0.315132	0.315132	0	0	0	0	
943	0.0800555	0.0800555	0	0	0.356931	0.356931	0	0	0	0	
944	0.0634773	0.0634773	0	0	0.283016	0.283016	0	0	0	0	
945	0.0641139	0.0631975	0.000916403	0	0.285854	0.281769	0.00408582	0	0	0	
946	0.0654899	0.0654899	0	0	0.291989	0.291989	0	0	0	0	
947	0.0956257	0.0956257	0	0	0.426351	0.426351	0	0	0	0	
948	0.0609682	0.0541531	0.00681517	0	0.271829	0.241444	0.0303857	0	0	0	
949	0.0646137	0.0646137	0	0	0.288083	0.288083	0	0	0	0	
950	0.0859577	0.0859577	0	0	0.383246	0.383246	0	0	0	0	
951	0.115842	0.115842	0	0	0.516488	0.516488	0	0	0	0	
952	0.0511241	0.0494355	0.00168854	0	0.227939	0.22041	0.00752844	0	0	0	
953	0.0534912	0.0532368	0.000254451	0	0.238493	0.237358	0.00113448	0	0	0	
954	0.0863597	0.0862969	6.27023e-05	0	0.385038	0.384759	0.000279561	0	0	0	
955	0.0889789	0.0889789	0	0	0.396716	0.396716	0	0	0	0	
956	0.0527316	0.0496406	0.00309108	0	0.235106	0.221324	0.0137817	0	0	0	
957	0.078878	0.078878	0	0	0.351681	0.351681	0	0	0	0	
958	0.0777539	0.0692268	0.00852706	0	0.346669	0.308651	0.0380182	0	0	0	
959	0.0908237	0.0908237	0	0	0.404941	0.404941	0	0	0	0	
960	0.0565895	0.0565895	0	0	0.252306	0.252306	0	0	0	0	
961	0.0773407	0.0748216	0.00251667	2.48175e-06	0.344827	0.333595	0.0112207	1.1065e-05	2.44934e-06	1.09205e-05	
962	0.0978523	0.0978175	3.48512e-05	0	0.436279	0.436123	0.000155385	0	0	0	
963	0.145545	0.145489	5.59006e-05	0	0.648922	0.648673	0.000249235	0	0	0	
964	0.104216	0.104153	6.27023e-05	0	0.464654	0.464375	0.000279561	0	0	0	
965	0.145064	0.0960319	0.0490285	3.81441e-06	0.646775	0.428162	0.218596	1.70067e-05	3.78364e-06	1.68695e-05	
966	0.15047	0.101455	0.049015	0	0.670878	0.452342	0.218535	0	0	0	
967	0.0442429	0.0442429	0	0	0.197259	0.197259	0	0	0	0	
968	0.0705197	0.0705197	0	0	0.314415	0.314415	0	0	0	0	
969	0.202594	0.177495	0.0249313	0.000168277	0.903277	0.79137	0.111157	0.000750271	0.000183286	0.000817191	
970	0.203316	0.1733	0.029797	0.000218986	0.906496	0.772669	0.132851	0.000976359	0.000326926	0.00145761	
