Node	dPC	dPCintra	dPCflux	dPCconnector	varPC	varPCintra	varPCflux	varPCconnector	dBC_PC	varBC_PC	
1	0.171806	0.164921	0.0068841	2.17573e-07	0.767378	0.736629	0.0307481	9.71799e-07	1.51604e-07	6.77147e-07	
2	0.090314	0.0830203	0.0072748	1.89063e-05	0.403391	0.370813	0.0324932	8.44458e-05	1.88404e-05	8.41517e-05	
3	0.0998335	0.0813317	0.0184704	3.14213e-05	0.44591	0.363271	0.0824989	0.000140344	6.74563e-05	0.000301296	
4	0.0570954	0.0570954	0	0	0.255019	0.255019	0	0	0	0	
5	0.111799	0.105651	0.00614526	3.0163e-06	0.499355	0.471894	0.027448	1.34724e-05	3.70952e-06	1.65687e-05	
6	0.0902659	0.0889887	0.00127698	2.88432e-07	0.403176	0.397471	0.0057037	1.28829e-06	2.22328e-07	9.9304e-07	
7	0.0867687	0.0857089	0.00105974	0	0.387556	0.382822	0.0047334	0	0	0	
8	0.122992	0.102427	0.0205655	0	0.549351	0.457494	0.0918567	0	0	0	
9	0.0868102	0.0861357	0.000673946	5.73204e-07	0.387741	0.384729	0.00301021	2.56024e-06	5.07165e-07	2.26527e-06	
10	0.0596653	0.0590094	0.000655846	0	0.266497	0.263568	0.00292936	0	0	0	
11	0.0850155	0.0787635	0.00625196	0	0.379725	0.3518	0.0279246	0	0	0	
12	0.0948568	0.0940623	0.000792936	1.57362e-06	0.423682	0.420133	0.00354168	7.02868e-06	1.5076e-06	6.73378e-06	
13	0.102624	0.102624	0	0	0.458377	0.458377	0	0	0	0	
14	0.0831144	0.0831144	0	0	0.371234	0.371234	0	0	0	0	
15	0.0946466	0.0923999	0.00224489	1.94343e-06	0.422743	0.412708	0.0100268	8.68043e-06	1.87732e-06	8.38515e-06	
16	0.0730313	0.0730313	0	0	0.326197	0.326197	0	0	0	0	
17	0.0863888	0.0842023	0.00218643	0	0.385859	0.376093	0.0097658	0	0	0	
18	0.072808	0.0719058	0.000899445	2.83919e-06	0.3252	0.32117	0.0040174	1.26813e-05	2.77724e-06	1.24046e-05	
19	0.0873845	0.0840161	0.00336618	2.2457e-06	0.390306	0.375261	0.0150352	1.00305e-05	2.17976e-06	9.73601e-06	
20	0.0589207	0.0589207	0	0	0.263171	0.263171	0	0	0	0	
21	0.0834937	0.0814729	0.00201972	1.09884e-06	0.372928	0.363902	0.00902118	4.90802e-06	1.49186e-06	6.66345e-06	
22	0.0887644	0.0872737	0.00149065	0	0.396469	0.389811	0.00665808	0	0	0	
23	0.0976452	0.0946419	0.00299485	8.5171e-06	0.436136	0.422722	0.0133766	3.80419e-05	8.86996e-06	3.9618e-05	
24	0.0658112	0.0648714	0.000939799	0	0.293948	0.289751	0.00419765	0	0	0	
25	0.122373	0.115143	0.00721575	1.47216e-05	0.546586	0.514291	0.0322294	6.57548e-05	1.50698e-05	6.73101e-05	
26	0.0857406	0.0839991	0.00173892	2.64505e-06	0.382964	0.375185	0.00776699	1.18142e-05	3.21979e-06	1.43813e-05	
27	0.0791274	0.0759785	0.0031335	1.54341e-05	0.353425	0.339361	0.0139959	6.89372e-05	1.58288e-05	7.07002e-05	
28	0.0619056	0.0619056	0	0	0.276504	0.276504	0	0	0	0	
29	0.103757	0.100934	0.00282284	0	0.463438	0.450829	0.0126083	0	0	0	
30	0.168775	0.148345	0.0203868	4.32219e-05	0.753843	0.662592	0.0910585	0.000193052	4.41329e-05	0.000197121	
31	0.140206	0.137953	0.00225361	0	0.626239	0.616173	0.0100658	0	0	0	
32	0.144964	0.138415	0.00654896	4.70102e-07	0.647489	0.618236	0.0292512	2.09973e-06	4.42346e-07	1.97575e-06	
33	0.0785163	0.0763922	0.00212407	0	0.350696	0.341209	0.00948728	0	0	0	
34	0.102559	0.0968315	0.00571813	9.89206e-06	0.458086	0.432502	0.0255402	4.41832e-05	1.18779e-05	5.30533e-05	
35	0.066072	0.0607621	0.00528486	2.5069e-05	0.295113	0.271396	0.023605	0.000111971	2.64381e-05	0.000118087	
36	0.0809434	0.0808911	5.22991e-05	0	0.361537	0.361303	0.000233596	0	0	0	
37	0.178791	0.0946703	0.0811202	0.00300067	0.798578	0.422848	0.362326	0.0134026	0.007461	0.0333248	
38	0.0802734	0.0781573	0.00211594	1.39269e-07	0.358544	0.349093	0.00945096	6.22054e-07	7.49872e-08	3.34933e-07	
39	0.0920301	0.0836246	0.00840376	1.7363e-06	0.411056	0.373513	0.0375357	7.75527e-06	2.55067e-06	1.13926e-05	
40	0.10194	0.10062	0.00131933	1.42036e-06	0.455323	0.449424	0.00589287	6.34413e-06	1.3637e-06	6.09105e-06	
41	0.0991742	0.0956115	0.00354393	1.88407e-05	0.442966	0.427053	0.0158291	8.41529e-05	1.87747e-05	8.38582e-05	
42	0.0748501	0.0736931	0.00115698	0	0.334321	0.329153	0.00516771	0	0	0	
43	0.0581014	0.0551489	0.00293437	1.82206e-05	0.259512	0.246325	0.0131065	8.13833e-05	1.81547e-05	8.10888e-05	
44	0.0646837	0.0643882	0.000295515	0	0.288912	0.287592	0.00131993	0	0	0	
45	0.0536745	0.0519676	0.0017018	5.23633e-06	0.239739	0.232115	0.00760118	2.33883e-05	7.7555e-06	3.46403e-05	
46	0.093647	0.0848438	0.00880314	0	0.418278	0.378958	0.0393196	0	0	0	
47	0.135055	0.134402	0.000653648	0	0.603231	0.600312	0.00291954	0	0	0	
48	0.0991599	0.0847482	0.0144024	9.2849e-06	0.442901	0.378531	0.064329	4.14714e-05	1.49959e-05	6.69801e-05	
49	0.166355	0.157845	0.00850933	0	0.743032	0.705025	0.0380072	0	0	0	
50	0.101649	0.0949553	0.00668924	5.19048e-06	0.454022	0.424122	0.0298777	2.31835e-05	5.94746e-06	2.65646e-05	
51	0.0843921	0.0843921	0	0	0.376941	0.376941	0	0	0	0	
52	0.0786362	0.0759877	0.00264853	0	0.351232	0.339402	0.0118297	0	0	0	
53	0.0963101	0.0946576	0.0016506	1.91217e-06	0.430173	0.422792	0.0073725	8.54079e-06	2.01827e-06	9.01471e-06	
54	0.09261	0.0904623	0.00214199	5.76479e-06	0.413646	0.404053	0.0095673	2.57487e-05	5.70002e-06	2.54593e-05	
55	0.0995773	0.0924654	0.00711011	1.76552e-06	0.444766	0.413	0.0317576	7.8858e-06	3.95843e-06	1.76805e-05	
56	0.11884	0.111692	0.00714798	2.72757e-07	0.530807	0.498879	0.0319267	1.21828e-06	2.19795e-07	9.81723e-07	
57	0.101807	0.10046	0.00134584	7.72157e-07	0.454727	0.448712	0.00601127	3.44887e-06	7.06471e-07	3.15548e-06	
58	0.119507	0.0910647	0.0283559	8.67215e-05	0.533784	0.406744	0.126652	0.000387345	9.09156e-05	0.000406078	
59	0.18174	0.111739	0.0699911	1.04032e-05	0.811752	0.499087	0.312618	4.64666e-05	1.07224e-05	4.78923e-05	
60	0.0757581	0.0734004	0.00235774	0	0.338376	0.327845	0.0105309	0	0	0	
61	0.0879214	0.0869003	0.00102111	0	0.392704	0.388143	0.00456086	0	0	0	
62	0.101547	0.093165	0.00837226	1.00095e-05	0.453564	0.416125	0.037395	4.47082e-05	1.05516e-05	4.71293e-05	
63	0.125494	0.0936483	0.0317602	8.6158e-05	0.560527	0.418284	0.141858	0.000384828	0.000118656	0.000529984	
64	0.0980103	0.0965457	0.00146459	0	0.437767	0.431225	0.00654166	0	0	0	
65	0.107456	0.102279	0.00517595	5.51701e-07	0.479958	0.456837	0.0231186	2.46419e-06	7.94373e-07	3.5481e-06	
66	0.112611	0.100637	0.0119743	0	0.502985	0.449501	0.053484	0	0	0	
67	0.166065	0.136941	0.0290838	4.00267e-05	0.741737	0.611654	0.129904	0.000178781	5.5182e-05	0.000246472	
68	0.0947971	0.0796335	0.0150685	9.51381e-05	0.423415	0.355686	0.0673042	0.000424938	0.000101336	0.000452623	
69	0.116051	0.113421	0.00262139	7.86358e-06	0.518346	0.506603	0.0117085	3.5123e-05	1.06269e-05	4.74656e-05	
70	0.0765257	0.076125	0.000400689	0	0.341805	0.340015	0.00178969	0	0	0	
71	0.0577739	0.0440555	0.0137183	0	0.258049	0.196775	0.0612736	0	0	0	
72	0.16904	0.129087	0.0399177	3.53727e-05	0.755027	0.576575	0.178294	0.000157993	5.68424e-05	0.000253889	
73	0.0767464	0.0594802	0.017205	6.12379e-05	0.342791	0.265671	0.076847	0.000273521	0.000134983	0.00060291	
74	0.118239	0.105668	0.0125316	3.95209e-05	0.528122	0.471973	0.0559729	0.000176522	4.90156e-05	0.00021893	
75	0.184036	0.142375	0.0413012	0.000359168	0.822005	0.635927	0.184473	0.00160423	0.000425203	0.00189918	
76	0.145129	0.139838	0.00526655	2.45522e-05	0.648225	0.624593	0.0235232	0.000109663	2.46091e-05	0.000109917	
77	0.0886708	0.0886708	0	0	0.396052	0.396052	0	0	0	0	
78	0.149749	0.0976776	0.0519749	9.73284e-05	0.668863	0.436281	0.232148	0.000434721	0.000123309	0.000550766	
79	0.152886	0.135578	0.0172156	9.16431e-05	0.682871	0.605568	0.0768945	0.000409327	0.000129064	0.00057647	
80	0.136201	0.123819	0.0123687	1.31759e-05	0.608348	0.553044	0.0552455	5.88508e-05	1.76679e-05	7.89146e-05	
81	0.108311	0.105078	0.00323248	0	0.483775	0.469337	0.014438	0	0	0	
82	0.236944	0.159379	0.0768241	0.000741204	1.05832	0.711875	0.343138	0.00331062	0.000860286	0.0038425	
83	0.157397	0.123812	0.0335017	8.36041e-05	0.703023	0.553012	0.149637	0.000373421	9.67239e-05	0.000432021	
84	0.115868	0.0951231	0.0207455	0	0.517532	0.424871	0.0926609	0	0	0	
85	0.148293	0.0999899	0.048304	0	0.662361	0.446609	0.215751	0	0	0	
86	0.166431	0.144594	0.0215525	0.00028418	0.743373	0.645839	0.0962654	0.0012693	0.000286771	0.00128087	
87	0.07955	0.0767489	0.0028011	0	0.355313	0.342802	0.0125112	0	0	0	
88	0.0835803	0.0807275	0.00283755	1.52598e-05	0.373315	0.360573	0.012674	6.81587e-05	1.63388e-05	7.2978e-05	
89	0.0776536	0.0761044	0.00154766	1.51306e-06	0.346843	0.339923	0.00691269	6.75818e-06	2.59116e-06	1.15735e-05	
90	0.104111	0.0977098	0.00640051	1.19709e-06	0.465018	0.436425	0.0285881	5.34686e-06	1.13125e-06	5.05278e-06	
91	0.104228	0.101243	0.00298526	2.27343e-07	0.465541	0.452207	0.0133338	1.01543e-06	8.94892e-07	3.99707e-06	
92	0.0850851	0.082938	0.00214631	8.19547e-07	0.380036	0.370446	0.00958659	3.66054e-06	8.0516e-07	3.59628e-06	
93	0.0923108	0.089278	0.00303252	3.50214e-07	0.41231	0.398764	0.0135449	1.56424e-06	2.84269e-07	1.2697e-06	
94	0.088455	0.0848262	0.00362403	4.86596e-06	0.395088	0.378879	0.0161869	2.1734e-05	5.3896e-06	2.40728e-05	
95	0.149076	0.130056	0.0189975	2.24077e-05	0.665855	0.580902	0.0848534	0.000100084	4.80286e-05	0.000214521	
96	0.203085	0.157847	0.0449712	0.000266848	0.907087	0.70503	0.200865	0.00119189	0.000276325	0.00123421	
97	0.110174	0.0936891	0.016448	3.68388e-05	0.492096	0.418466	0.0734659	0.000164542	4.31313e-05	0.000192648	
98	0.103606	0.0886515	0.0149546	0	0.462761	0.395965	0.0667955	0	0	0	
99	0.105106	0.0993937	0.00570923	3.92517e-06	0.469464	0.443946	0.0255005	1.75319e-05	5.72618e-06	2.55762e-05	
100	0.0944032	0.09138	0.00302247	8.16631e-07	0.421655	0.408152	0.0134999	3.64751e-06	2.52648e-06	1.12846e-05	
101	0.144374	0.143363	0.0010106	0	0.644853	0.640339	0.00451392	0	0	0	
102	0.153027	0.106566	0.0464425	1.87885e-05	0.683503	0.475982	0.207437	8.39197e-05	2.9282e-05	0.000130789	
103	0.0779069	0.0728457	0.00504866	1.25683e-05	0.347974	0.325368	0.02255	5.61372e-05	1.40152e-05	6.25995e-05	
104	0.111851	0.0827626	0.0290281	6.08736e-05	0.499589	0.369662	0.129655	0.000271894	6.81812e-05	0.000304534	
105	0.0953672	0.085661	0.00961073	9.54404e-05	0.425961	0.382608	0.0429267	0.000426288	0.000122314	0.000546324	
106	0.14144	0.11081	0.0305955	3.47654e-05	0.631749	0.494938	0.136656	0.000155281	3.71787e-05	0.00016606	
107	0.23542	0.145741	0.0891	0.000578916	1.05151	0.65096	0.397968	0.00258575	0.000621496	0.00277593	
108	0.106954	0.0962854	0.0106624	6.84505e-06	0.477717	0.430063	0.0476241	3.05737e-05	1.70221e-05	7.60302e-05	
109	0.133571	0.107399	0.0259671	0.000205069	0.596602	0.479703	0.115983	0.000915952	0.000393218	0.00175632	
110	0.115047	0.107917	0.00712979	0	0.513863	0.482018	0.0318455	0	0	0	
111	0.101298	0.095608	0.00568716	3.58658e-06	0.452455	0.427037	0.0254019	1.60196e-05	5.11317e-06	2.28381e-05	
112	0.101705	0.0941917	0.00751327	7.2432e-07	0.454272	0.420711	0.0335583	3.2352e-06	5.10258e-06	2.27908e-05	
113	0.0988619	0.0911794	0.00767445	8.14158e-06	0.441571	0.407256	0.0342782	3.63647e-05	1.38724e-05	6.19619e-05	
114	0.162486	0.123349	0.0384942	0.000642861	0.725752	0.550944	0.171936	0.00287136	0.000697169	0.00311393	
115	0.116804	0.106122	0.0106669	1.53708e-05	0.521711	0.473999	0.0476441	6.86544e-05	1.69016e-05	7.54917e-05	
116	0.118082	0.11362	0.00446264	2.68443e-07	0.527422	0.507489	0.0199325	1.19901e-06	2.02424e-07	9.04136e-07	
117	0.109197	0.096228	0.0129694	0	0.487734	0.429806	0.0579285	0	0	0	
118	0.102036	0.100949	0.00108702	4.93676e-07	0.455752	0.450895	0.00485524	2.20502e-06	4.27655e-07	1.91014e-06	
119	0.119345	0.112821	0.00652396	0	0.533062	0.503922	0.0291395	0	0	0	
120	0.111501	0.0955047	0.0159841	1.2305e-05	0.498024	0.426576	0.0713938	5.4961e-05	1.86939e-05	8.34975e-05	
121	0.091454	0.0837703	0.0076837	0	0.408483	0.374163	0.0343195	0	0	0	
122	0.172891	0.156615	0.0162351	4.05365e-05	0.772225	0.69953	0.0725149	0.000181058	4.9999e-05	0.000223322	
123	0.109771	0.106255	0.0035149	5.59542e-07	0.490297	0.474595	0.0156994	2.49922e-06	8.69104e-07	3.88189e-06	
124	0.149578	0.0956954	0.0535177	0.000365506	0.668098	0.427427	0.239039	0.00163254	0.00224665	0.0100348	
125	0.106794	0.102689	0.00410499	0	0.477002	0.458667	0.0183351	0	0	0	
126	0.127422	0.103634	0.0236844	0.000103573	0.569136	0.462886	0.105787	0.000462616	0.000453597	0.00202601	
127	0.199875	0.190292	0.00956306	2.02812e-05	0.892753	0.849949	0.0427138	9.05869e-05	2.02982e-05	9.0663e-05	
128	0.126299	0.119824	0.00647455	5.54516e-07	0.564121	0.5352	0.0289188	2.47677e-06	4.8838e-07	2.18137e-06	
129	0.121355	0.117239	0.00411435	1.77043e-06	0.54204	0.523656	0.0183769	7.90772e-06	1.93139e-06	8.62666e-06	
130	0.100248	0.0955802	0.00466606	1.87759e-06	0.447762	0.426912	0.0208411	8.38634e-06	3.04026e-06	1.35794e-05	
131	0.129255	0.123773	0.00547761	4.15653e-06	0.577324	0.55284	0.0244659	1.85653e-05	4.47138e-06	1.99716e-05	
132	0.101347	0.0845729	0.0167741	0	0.45267	0.377748	0.0749222	0	0	0	
133	0.131082	0.110049	0.0207092	0.000323842	0.585484	0.491539	0.0924986	0.00144645	0.000394612	0.00176255	
134	0.0960476	0.0949807	0.00106672	1.94504e-07	0.429	0.424235	0.00476458	8.68763e-07	1.29255e-07	5.77326e-07	
135	0.0718066	0.0700699	0.00173667	0	0.320727	0.31297	0.00775693	0	0	0	
136	0.109731	0.102799	0.00692088	1.17764e-05	0.49012	0.459156	0.0309124	5.25999e-05	1.32144e-05	5.90227e-05	
137	0.115909	0.101415	0.0144753	1.94105e-05	0.517716	0.452975	0.0646548	8.66979e-05	3.70732e-05	0.000165589	
138	0.108914	0.103629	0.00528529	0	0.486472	0.462865	0.023607	0	0	0	
139	0.107534	0.105478	0.00205609	0	0.480308	0.471125	0.00918363	0	0	0	
140	0.134741	0.120224	0.0144319	8.47688e-05	0.601828	0.536989	0.0644608	0.000378623	9.37051e-05	0.000418538	
141	0.0952625	0.0923869	0.00286902	6.65345e-06	0.425494	0.41265	0.0128146	2.97179e-05	9.94516e-06	4.44204e-05	
142	0.0828595	0.0828595	0	0	0.370095	0.370095	0	0	0	0	
143	0.15515	0.153739	0.00141141	0	0.692987	0.686683	0.00630413	0	0	0	
144	0.101049	0.0980913	0.0029578	2.88222e-07	0.451341	0.438129	0.0132111	1.28735e-06	3.23166e-07	1.44343e-06	
145	0.0894353	0.0861794	0.00325392	2.05465e-06	0.399466	0.384924	0.0145337	9.17719e-06	1.98862e-06	8.88227e-06	
146	0.0623818	0.0607775	0.00160433	0	0.278631	0.271465	0.00716583	0	0	0	
147	0.075054	0.0722161	0.00281094	2.70101e-05	0.335232	0.322556	0.0125552	0.000120641	2.69441e-05	0.000120347	
148	0.10916	0.107109	0.00205131	1.98502e-07	0.487571	0.478408	0.00916229	8.8662e-07	2.10579e-07	9.40561e-07	
149	0.111851	0.099265	0.0125862	0	0.499588	0.443371	0.0562168	0	0	0	
150	0.0861994	0.0820711	0.00412829	0	0.385013	0.366574	0.0184392	0	0	0	
151	0.13876	0.123649	0.0150863	2.46632e-05	0.619777	0.552284	0.0673837	0.000110159	3.85042e-05	0.00017198	
152	0.0944043	0.0842277	0.0101629	1.3756e-05	0.42166	0.376206	0.0453932	6.14417e-05	1.50832e-05	6.73698e-05	
153	0.139105	0.134765	0.00434031	0	0.621321	0.601934	0.0193862	0	0	0	
154	0.0981563	0.0971043	0.00105197	0	0.438419	0.43372	0.0046987	0	0	0	
155	0.0960583	0.0912831	0.00477516	0	0.429048	0.407719	0.0213284	0	0	0	
156	0.0983039	0.0941756	0.00412829	0	0.439078	0.420639	0.0184392	0	0	0	
157	0.0891469	0.0878196	0.00132624	1.08948e-06	0.398178	0.39225	0.00592371	4.86622e-06	1.16515e-06	5.2042e-06	
158	0.119776	0.102886	0.01685	3.98803e-05	0.534988	0.459549	0.0752616	0.000178127	7.53708e-05	0.000336647	
159	0.104539	0.0986842	0.00585488	4.13003e-07	0.466929	0.440777	0.026151	1.84469e-06	1.16241e-06	5.19198e-06	
160	0.163014	0.154908	0.0081039	2.29613e-06	0.728111	0.691905	0.0361964	1.02557e-05	2.4903e-06	1.1123e-05	
161	0.218256	0.172972	0.0452507	3.33698e-05	0.974853	0.77259	0.202114	0.000149048	6.04064e-05	0.000269808	
162	0.117241	0.0937564	0.023479	5.62091e-06	0.523662	0.418767	0.10487	2.5106e-05	3.39245e-05	0.000151525	
163	0.0867503	0.0781511	0.00859362	5.63855e-06	0.387473	0.349065	0.0383838	2.51848e-05	9.74235e-06	4.35146e-05	
164	0.12351	0.0892984	0.0341538	5.79427e-05	0.551663	0.398855	0.152549	0.000258803	7.23202e-05	0.000323021	
165	0.153332	0.114677	0.0385572	9.7854e-05	0.684867	0.512213	0.172217	0.000437069	0.000325699	0.00145475	
166	0.0986	0.0969716	0.0016282	2.96047e-07	0.440401	0.433127	0.00727243	1.3223e-06	2.35563e-07	1.05215e-06	
167	0.0991476	0.0966694	0.00247626	2.01689e-06	0.442847	0.431778	0.0110603	9.00852e-06	2.06565e-06	9.22635e-06	
168	0.107249	0.0976105	0.00963104	8.07363e-06	0.479034	0.435981	0.0430174	3.60612e-05	8.71448e-06	3.89236e-05	
169	0.0991938	0.0943481	0.00482545	2.03329e-05	0.443053	0.421409	0.021553	9.08178e-05	2.07088e-05	9.24967e-05	
170	0.128599	0.108186	0.0199058	0.000506913	0.574395	0.483221	0.0889104	0.00226415	0.000535525	0.00239194	
171	0.215051	0.194495	0.0205339	2.2311e-05	0.960536	0.86872	0.0917159	9.9653e-05	2.40521e-05	0.000107429	
172	0.130661	0.121611	0.00905056	0	0.583606	0.543181	0.0404247	0	0	0	
173	0.171877	0.135106	0.0360962	0.000674906	0.767698	0.603459	0.161225	0.00301449	0.000747083	0.00333687	
174	0.121082	0.112773	0.00830922	0	0.540819	0.503706	0.0371134	0	0	0	
175	0.101414	0.0958565	0.00555263	5.21207e-06	0.452971	0.428147	0.024801	2.32799e-05	6.42935e-06	2.87169e-05	
176	0.10552	0.0944498	0.0110103	6.06974e-05	0.471313	0.421864	0.0491782	0.000271107	6.91737e-05	0.000308967	
177	0.184004	0.14122	0.0421175	0.000666384	0.821861	0.630765	0.188119	0.00297643	0.000801464	0.00357977	
178	0.11883	0.105998	0.0128071	2.52073e-05	0.530762	0.473446	0.0572037	0.000112589	3.3454e-05	0.000149423	
179	0.191321	0.139863	0.0504019	0.00105554	0.854543	0.624706	0.225122	0.00471464	0.00137167	0.00612662	
180	0.115396	0.101028	0.0142842	8.36404e-05	0.515421	0.451247	0.0638009	0.000373583	0.000104819	0.000468179	
181	0.141451	0.124834	0.0166147	1.94195e-06	0.631797	0.557578	0.0742103	8.67384e-06	5.12852e-06	2.29067e-05	
182	0.103802	0.0990281	0.00477444	0	0.463638	0.442313	0.0213252	0	0	0	
183	0.116558	0.111083	0.00547441	2.6772e-07	0.520611	0.496158	0.0244516	1.19578e-06	7.4445e-07	3.32511e-06	
184	0.0925344	0.0876782	0.00485613	0	0.413308	0.391618	0.0216901	0	0	0	
185	0.0926588	0.0822541	0.0104046	0	0.413864	0.367391	0.0464727	0	0	0	
186	0.127394	0.113357	0.0140171	1.96661e-05	0.569012	0.506316	0.062608	8.78397e-05	3.08978e-05	0.000138006	
187	0.0921496	0.0879277	0.00422189	0	0.41159	0.392732	0.0188572	0	0	0	
188	0.0870018	0.0803596	0.00659814	4.40347e-05	0.388597	0.358929	0.0294709	0.000196682	4.75434e-05	0.000212354	
189	0.104907	0.10189	0.00301132	5.94599e-06	0.468574	0.455098	0.0134502	2.6558e-05	6.06546e-06	2.70916e-05	
190	0.0791545	0.0591442	0.0200102	0	0.353547	0.26417	0.0893767	0	0	0	
191	0.368552	0.212503	0.15271	0.00333861	1.64615	0.949155	0.682087	0.014912	0.00382677	0.0170924	
192	0.0727178	0.0727033	1.44992e-05	0	0.324797	0.324732	6.47613e-05	0	0	0	
193	0.117944	0.117944	0	0	0.526805	0.526805	0	0	0	0	
194	0.155397	0.120599	0.0343485	0.000448631	0.694087	0.538664	0.153419	0.00200383	0.000449457	0.00200751	
195	0.0937844	0.0882715	0.0055066	6.44485e-06	0.418892	0.394268	0.0245954	2.87862e-05	8.27679e-06	3.69686e-05	
196	0.0890454	0.0890454	0	0	0.397725	0.397725	0	0	0	0	
197	0.0766939	0.0558057	0.0208882	0	0.342556	0.249258	0.0932981	0	0	0	
198	0.168346	0.113855	0.0522204	0.00227129	0.751927	0.508538	0.233244	0.0101448	0.00295181	0.0131843	
199	0.150228	0.113892	0.0363181	1.85904e-05	0.671003	0.508704	0.162216	8.30351e-05	5.48011e-05	0.000244771	
200	0.110784	0.086873	0.023911	0	0.494821	0.388022	0.106799	0	0	0	
201	0.151234	0.100194	0.0503475	0.000693054	0.675495	0.447521	0.224879	0.00309555	0.00117965	0.00526895	
202	0.105443	0.105443	0	0	0.470968	0.470968	0	0	0	0	
203	0.0957189	0.0941185	0.00160043	0	0.427532	0.420384	0.0071484	0	0	0	
204	0.173081	0.13324	0.039177	0.000664703	0.773077	0.595122	0.174986	0.00296892	0.00106005	0.00473477	
205	0.117052	0.0894865	0.0275583	8.04708e-06	0.522821	0.399695	0.12309	3.59426e-05	1.61327e-05	7.20573e-05	
206	0.194576	0.148705	0.0457599	0.000111053	0.869083	0.664198	0.204388	0.000496025	0.000222903	0.000995607	
207	0.0624501	0.0516855	0.0107646	0	0.278936	0.230855	0.0480805	0	0	0	
208	0.103269	0.0978589	0.00541009	0	0.461255	0.437091	0.0241644	0	0	0	
209	0.148051	0.0947878	0.0532452	1.84198e-05	0.661278	0.423374	0.237822	8.22728e-05	8.68846e-05	0.000388073	
210	0.113835	0.113169	0.000666242	0	0.50845	0.505474	0.00297579	0	0	0	
211	0.16848	0.103037	0.065443	0	0.752523	0.460219	0.292304	0	0	0	
212	0.116682	0.115813	0.000868696	0	0.521165	0.517285	0.00388006	0	0	0	
213	0.246278	0.163856	0.0810612	0.00136102	1.10001	0.731869	0.362063	0.00607909	0.00214688	0.00958916	
214	0.117446	0.115259	0.00217877	8.41889e-06	0.52458	0.514811	0.00973156	3.76033e-05	8.35287e-06	3.73084e-05	
215	0.18703	0.160818	0.0261184	9.36293e-05	0.83538	0.718303	0.116659	0.000418199	0.000102604	0.000458288	
216	0.0995235	0.0843968	0.015111	1.57307e-05	0.444526	0.376961	0.0674942	7.02621e-05	2.25323e-05	0.000100641	
217	0.204236	0.140198	0.0631133	0.000924122	0.91223	0.626204	0.281898	0.00412763	0.00107841	0.00481677	
218	0.0974268	0.096685	0.000741873	0	0.435161	0.431847	0.0033136	0	0	0	
219	0.132813	0.132402	0.000410777	0	0.593217	0.591382	0.00183475	0	0	0	
220	0.0938641	0.0834058	0.0104582	0	0.419248	0.372535	0.0467123	0	0	0	
221	0.112146	0.0933901	0.0187414	1.51459e-05	0.500907	0.41713	0.0837095	6.76498e-05	1.63954e-05	7.32311e-05	
222	0.0505097	0.0500251	0.000484571	0	0.225603	0.223439	0.00216436	0	0	0	
223	0.097513	0.0962895	0.00122346	0	0.435546	0.430081	0.00546466	0	0	0	
224	0.162293	0.144513	0.0177785	1.96273e-06	0.724892	0.645474	0.0794086	8.76665e-06	1.91874e-06	8.57015e-06	
225	0.0842195	0.077903	0.00629105	2.54895e-05	0.37617	0.347957	0.0280992	0.00011385	2.94931e-05	0.000131732	
226	0.232124	0.223886	0.00822515	1.24337e-05	1.03679	1	0.0367379	5.55357e-05	1.27488e-05	5.69431e-05	
227	0.0840852	0.0818339	0.00225122	0	0.37557	0.365514	0.0100551	0	0	0	
228	0.087395	0.0789279	0.0084656	1.57638e-06	0.390353	0.352534	0.0378119	7.041e-06	1.51058e-06	6.7471e-06	
229	0.126367	0.123232	0.00313546	0	0.564425	0.55042	0.0140046	0	0	0	
230	0.106931	0.106011	0.000920371	0	0.477615	0.473504	0.00411087	0	0	0	
231	0.0921418	0.0915264	0.000615418	0	0.411555	0.408806	0.00274879	0	0	0	
232	0.08153	0.0746742	0.00685583	0	0.364157	0.333535	0.0306218	0	0	0	
233	0.079946	0.0777027	0.002242	1.43316e-06	0.357082	0.347062	0.010014	6.40129e-06	2.45458e-06	1.09635e-05	
234	0.103923	0.103733	0.000190095	0	0.464178	0.463329	0.000849069	0	0	0	
235	0.135503	0.135503	0	0	0.605233	0.605233	0	0	0	0	
236	0.0719591	0.0658078	0.00610724	4.41033e-05	0.321408	0.293933	0.0272782	0.000196989	5.00329e-05	0.000223474	
237	0.0471111	0.0471111	0	0	0.210423	0.210423	0	0	0	0	
238	0.0890156	0.0890156	0	0	0.397592	0.397592	0	0	0	0	
239	0.138169	0.121319	0.0168493	5.40703e-07	0.617139	0.541879	0.0752581	2.41507e-06	4.75118e-07	2.12213e-06	
240	0.0905651	0.090187	0.000378184	0	0.404513	0.402824	0.00168917	0	0	0	
241	0.135412	0.11796	0.0174111	4.10395e-05	0.604825	0.526874	0.0777674	0.000183304	4.35478e-05	0.000194508	
242	0.0855018	0.0851167	0.000385106	0	0.381897	0.380177	0.00172009	0	0	0	
243	0.085715	0.0856796	3.54312e-05	0	0.382849	0.382691	0.000158255	0	0	0	
244	0.0886202	0.088372	0.000248052	1.90893e-07	0.395826	0.394717	0.00110793	8.52633e-07	1.24856e-07	5.57677e-07	
245	0.121976	0.094744	0.0270539	0.000178146	0.544811	0.423178	0.120837	0.000795696	0.000231876	0.00103568	
246	0.105275	0.0891729	0.016102	0	0.470215	0.398294	0.0719206	0	0	0	
247	0.112141	0.106749	0.00535186	4.03561e-05	0.500885	0.476801	0.0239043	0.000180252	4.3682e-05	0.000195107	
248	0.0835717	0.0832576	0.000314096	0	0.373276	0.371873	0.00140292	0	0	0	
249	0.0749884	0.0697259	0.00526217	3.27424e-07	0.334938	0.311433	0.0235037	1.46245e-06	4.25996e-07	1.90273e-06	
250	0.068687	0.0663835	0.0023009	2.67317e-06	0.306793	0.296504	0.010277	1.19398e-05	2.60725e-06	1.16454e-05	
251	0.125886	0.108836	0.0169695	8.01173e-05	0.562275	0.486123	0.0757949	0.000357847	8.00512e-05	0.000357552	
252	0.0733127	0.0690007	0.0043069	5.21159e-06	0.327454	0.308194	0.0192369	2.32778e-05	7.58081e-06	3.386e-05	
253	0.0975366	0.0974248	0.000111814	0	0.435651	0.435152	0.000499423	0	0	0	
254	0.0780113	0.0773583	0.000652986	0	0.348441	0.345524	0.00291658	0	0	0	
255	0.0884504	0.0863797	0.00207066	0	0.395067	0.385818	0.00924871	0	0	0	
256	0.100846	0.0963311	0.00450992	5.11809e-06	0.450433	0.430266	0.0201437	2.28601e-05	5.15709e-06	2.30343e-05	
257	0.0935382	0.0884446	0.00509352	0	0.417792	0.395041	0.0227504	0	0	0	
258	0.101053	0.09581	0.00523248	1.0705e-05	0.451358	0.427939	0.0233711	4.78147e-05	1.30098e-05	5.8109e-05	
259	0.0478946	0.0450879	0.00280289	3.96546e-06	0.213923	0.201386	0.0125192	1.77119e-05	5.38717e-06	2.4062e-05	
260	0.0436466	0.0415783	0.0020683	0	0.194949	0.185711	0.00923816	0	0	0	
261	0.111268	0.109427	0.00183955	1.10499e-06	0.496983	0.488762	0.00821646	4.93551e-06	1.59071e-06	7.10497e-06	
262	0.116473	0.110658	0.00581495	0	0.520231	0.494259	0.0259727	0	0	0	
263	0.0606767	0.043586	0.0166969	0.000393804	0.271015	0.194678	0.0745774	0.00175894	0.000440398	0.00196705	
264	0.20277	0.139404	0.0627263	0.000639063	0.90568	0.622657	0.280169	0.0028544	0.000951308	0.00424905	
265	0.0466894	0.0431846	0.0034825	2.24236e-05	0.20854	0.192885	0.0155547	0.000100156	2.82806e-05	0.000126316	
266	0.0884736	0.0830857	0.00538697	1.04856e-06	0.395171	0.371105	0.0240611	4.68345e-06	9.82634e-07	4.38897e-06	
267	0.0474415	0.0453732	0.0020683	0	0.211899	0.202661	0.00923816	0	0	0	
268	0.0848397	0.0848397	0	0	0.37894	0.37894	0	0	0	0	
269	0.212121	0.203977	0.0081381	5.25255e-06	0.947448	0.911075	0.0363491	2.34607e-05	6.01668e-06	2.68737e-05	
270	0.108118	0.1069	0.0012144	3.49825e-06	0.482914	0.477474	0.0054242	1.56251e-05	3.43219e-06	1.533e-05	
271	0.0848069	0.0842386	0.000568286	0	0.378793	0.376255	0.00253827	0	0	0	
272	0.105171	0.103205	0.00196651	0	0.469753	0.460969	0.0087835	0	0	0	
273	0.11003	0.0912227	0.0187155	9.24497e-05	0.491456	0.40745	0.083594	0.00041293	0.000113603	0.000507415	
274	0.103068	0.0938507	0.00921718	1.04522e-06	0.460361	0.419188	0.0411689	4.66855e-06	1.49873e-06	6.69418e-06	
275	0.11662	0.110685	0.00589901	3.67244e-05	0.520892	0.49438	0.0263481	0.000164031	3.76026e-05	0.000167953	
276	0.0914721	0.0893555	0.00211659	0	0.408564	0.39911	0.00945387	0	0	0	
277	0.105495	0.10354	0.00195329	1.77418e-06	0.471197	0.462465	0.00872447	7.92447e-06	2.21739e-06	9.90408e-06	
278	0.177684	0.147247	0.0303301	0.000107084	0.793634	0.657686	0.13547	0.000478297	0.000117702	0.000525725	
279	0.0779875	0.0766523	0.00133515	0	0.348334	0.34237	0.00596351	0	0	0	
280	0.143813	0.120766	0.0230291	1.82255e-05	0.64235	0.539409	0.10286	8.1405e-05	5.08892e-05	0.000227298	
281	0.116909	0.0946384	0.0220948	0.000176332	0.522181	0.422706	0.0986874	0.000787598	0.000201751	0.000901132	
282	0.0825431	0.0808202	0.00172287	0	0.368682	0.360986	0.00769527	0	0	0	
283	0.103452	0.0906739	0.012662	0.000116042	0.462072	0.404999	0.0565557	0.000518307	0.000140122	0.000625863	
284	0.150116	0.110055	0.0400336	2.7127e-05	0.670499	0.491567	0.178812	0.000121163	0.000104826	0.000468213	
285	0.103267	0.0867892	0.0164656	1.23772e-05	0.461247	0.387648	0.0735446	5.52834e-05	1.57925e-05	7.0538e-05	
286	0.121309	0.0816605	0.0396493	0	0.541835	0.36474	0.177095	0	0	0	
287	0.0818277	0.0650512	0.0164884	0.000287997	0.365486	0.290554	0.0736465	0.00128635	0.000397243	0.0017743	
288	0.234766	0.139776	0.0914066	0.00358351	1.04859	0.624317	0.408271	0.0160059	0.00476704	0.0212921	
289	0.0676621	0.0652955	0.00235468	1.20439e-05	0.302215	0.291645	0.0105172	5.37949e-05	1.19779e-05	5.35001e-05	
290	0.0693359	0.0686365	0.000697682	1.78374e-06	0.309691	0.306568	0.00311622	7.96718e-06	1.71773e-06	7.67232e-06	
291	0.196861	0.136467	0.0601198	0.000274369	0.87929	0.609537	0.268527	0.00122548	0.000874524	0.0039061	
292	0.1298	0.116068	0.013703	2.93465e-05	0.579759	0.518423	0.0612052	0.000131077	4.06385e-05	0.000181513	
293	0.0628194	0.0473258	0.0154936	0	0.280585	0.211382	0.0692028	0	0	0	
294	0.0666951	0.0606819	0.00592047	9.28197e-05	0.297896	0.271038	0.026444	0.000414583	0.000105466	0.000471068	
295	0.201073	0.15138	0.0492343	0.000458469	0.898102	0.676147	0.219907	0.00204777	0.000665137	0.00297086	
296	0.117752	0.117694	5.79264e-05	0	0.525947	0.525688	0.00025873	0	0	0	
297	0.175189	0.145834	0.0293052	5.0057e-05	0.782491	0.651374	0.130893	0.000223581	6.73555e-05	0.000300846	
298	0.106497	0.090372	0.0161145	1.13509e-05	0.475677	0.40365	0.0719762	5.06996e-05	3.38557e-05	0.000151218	
299	0.102066	0.0790115	0.0226593	0.000395574	0.455883	0.352908	0.101209	0.00176685	0.000415546	0.00185605	
300	0.0766425	0.0763535	0.000288988	0	0.342326	0.341036	0.00129078	0	0	0	
301	0.0635094	0.0619204	0.00158904	0	0.283667	0.27657	0.00709751	0	0	0	
302	0.0734177	0.0689945	0.00442174	1.47863e-06	0.327923	0.308167	0.0197499	6.60439e-06	1.5438e-06	6.89548e-06	
303	0.124518	0.105272	0.0191702	7.66854e-05	0.556169	0.470201	0.0856249	0.000342518	0.000140814	0.000628951	
304	0.094962	0.094962	0	0	0.424151	0.424151	0	0	0	0	
305	0.0538816	0.0410623	0.0128192	0	0.240664	0.183406	0.0572579	0	0	0	
306	0.0628479	0.0526643	0.0101835	1.39132e-07	0.280713	0.235227	0.0454852	6.21442e-07	1.09595e-07	4.89512e-07	
307	0.090938	0.0868597	0.00407826	0	0.406178	0.387962	0.0182157	0	0	0	
308	0.0942597	0.0751429	0.0189821	0.000134767	0.421015	0.335629	0.0847843	0.000601944	0.000173464	0.000774785	
309	0.121743	0.110205	0.0114695	6.91737e-05	0.543773	0.492235	0.0512293	0.000308967	7.65277e-05	0.000341814	
310	0.145509	0.142612	0.00289145	5.55147e-06	0.649924	0.636985	0.0129148	2.47958e-05	5.53193e-06	2.47086e-05	
311	0.0824963	0.07357	0.00881773	0.000108637	0.368473	0.328603	0.0393847	0.000485235	0.000123067	0.000549683	
312	0.136994	0.0953565	0.0414693	0.000169036	0.611893	0.425913	0.185224	0.000755009	0.000217224	0.000970243	
313	0.104865	0.092958	0.011896	1.18074e-05	0.468387	0.415201	0.0531342	5.27385e-05	1.63926e-05	7.32186e-05	
314	0.0778416	0.0768879	0.000953747	0	0.347683	0.343423	0.00425995	0	0	0	
315	0.102512	0.0944978	0.00799394	2.06114e-05	0.457875	0.422078	0.0357052	9.20617e-05	2.47615e-05	0.000110598	
316	0.0776457	0.0702485	0.00733307	6.41782e-05	0.346807	0.313767	0.0327534	0.000286654	7.20381e-05	0.000321761	
317	0.123033	0.0763792	0.0464126	0.000242088	0.549536	0.341151	0.207304	0.00108129	0.000283025	0.00126414	
318	0.151865	0.121662	0.0302038	0	0.678315	0.543408	0.134906	0	0	0	
319	0.248882	0.142864	0.1029	0.00311827	1.11164	0.638109	0.459608	0.0139278	0.00354142	0.0158179	
320	0.0957635	0.0757128	0.0200397	1.09442e-05	0.427731	0.338174	0.0895085	4.88831e-05	1.55318e-05	6.93736e-05	
321	0.147245	0.0983174	0.0474791	0.00144873	0.657677	0.439138	0.212067	0.00647082	0.0014781	0.00660199	
322	0.14092	0.0784113	0.0615672	0.000941871	0.629426	0.350227	0.274992	0.0042069	0.00155302	0.00693667	
323	0.0995832	0.0943943	0.0051889	0	0.444792	0.421616	0.0231764	0	0	0	
324	0.125888	0.12459	0.00129817	0	0.562287	0.556488	0.00579836	0	0	0	
325	0.090162	0.0897919	0.000370028	0	0.402712	0.401059	0.00165274	0	0	0	
326	0.0708319	0.0707289	0.000102996	0	0.316373	0.315913	0.000460038	0	0	0	
327	0.0786314	0.0747777	0.00384839	5.36033e-06	0.35121	0.333998	0.017189	2.39421e-05	5.68407e-06	2.53881e-05	
328	0.0904613	0.0902791	0.000182181	0	0.404049	0.403235	0.000813722	0	0	0	
329	0.0956421	0.0910361	0.00459049	1.55829e-05	0.427189	0.406616	0.0205036	6.96018e-05	1.77891e-05	7.94561e-05	
330	0.148066	0.0878592	0.057898	0.00230937	0.661345	0.392427	0.258604	0.0103149	0.00297879	0.0133049	
331	0.124236	0.116301	0.00792493	9.47094e-06	0.554906	0.519467	0.035397	4.23023e-05	1.14339e-05	5.10703e-05	
332	0.113646	0.095905	0.0176019	0.000139921	0.507608	0.428364	0.07862	0.000624966	0.000200313	0.00089471	
333	0.122083	0.0979742	0.0241086	4.06806e-07	0.545289	0.437605	0.107682	1.81701e-06	3.9327e-06	1.75655e-05	
334	0.141343	0.0880007	0.0529763	0.000366478	0.631316	0.393059	0.236621	0.00163689	0.000471209	0.00210467	
335	0.0840331	0.0800636	0.00396954	0	0.375337	0.357607	0.0177301	0	0	0	
336	0.105222	0.0890012	0.0161785	4.31201e-05	0.469982	0.397527	0.0722619	0.000192598	5.15037e-05	0.000230043	
337	0.117931	0.111276	0.00664274	1.14868e-05	0.526744	0.497022	0.0296701	5.13063e-05	1.45527e-05	6.50005e-05	
338	0.117501	0.101183	0.0162403	7.77284e-05	0.524825	0.451939	0.0725384	0.000347177	0.000110622	0.0004941	
339	0.0855476	0.0766627	0.00884565	3.93489e-05	0.382102	0.342417	0.0395094	0.000175753	4.5533e-05	0.000203375	
340	0.104572	0.0831625	0.021228	0.000181974	0.467077	0.371449	0.0948159	0.000812796	0.000270642	0.00120883	
341	0.108073	0.103819	0.00425436	0	0.482716	0.463714	0.0190023	0	0	0	
342	0.110908	0.0750284	0.0357717	0.000108426	0.495377	0.335117	0.159775	0.00048429	0.00011781	0.000526206	
343	0.140777	0.0878171	0.051628	0.00133197	0.628786	0.392238	0.230598	0.00594933	0.00285031	0.012731	
344	0.0852345	0.0820958	0.00313865	1.58884e-07	0.380703	0.366684	0.0140189	7.09663e-07	2.78827e-07	1.24539e-06	
345	0.125806	0.0946439	0.0311237	3.87526e-05	0.561919	0.422731	0.139015	0.00017309	7.8925e-05	0.000352521	
346	0.149117	0.0978147	0.050529	0.00077342	0.666038	0.436893	0.22569	0.00345451	0.00103431	0.00461982	
347	0.0991984	0.0751473	0.0239564	9.47117e-05	0.443074	0.335648	0.107002	0.000423034	0.000118897	0.00053106	
348	0.0997727	0.0833549	0.0163519	6.59345e-05	0.445639	0.372308	0.0730368	0.000294499	8.6011e-05	0.000384172	
349	0.0834287	0.0718827	0.0115427	3.29261e-06	0.372637	0.321067	0.051556	1.47066e-05	9.10708e-06	4.06771e-05	
350	0.141378	0.0757528	0.0645541	0.00107195	0.631474	0.338353	0.288333	0.00478792	0.00192249	0.00858691	
351	0.152902	0.0932847	0.0594464	0.000171609	0.682946	0.41666	0.26552	0.000766499	0.000313604	0.00140072	
352	0.129568	0.0813795	0.0481574	3.19364e-05	0.578724	0.363485	0.215097	0.000142645	4.10427e-05	0.000183319	
353	0.0874328	0.0776163	0.00976253	5.41128e-05	0.390522	0.346676	0.0436047	0.000241697	6.44891e-05	0.000288043	
354	0.0872096	0.0788277	0.00833914	4.28087e-05	0.389525	0.352087	0.0372471	0.000191207	5.1549e-05	0.000230246	
355	0.084754	0.0830653	0.00168867	0	0.378557	0.371014	0.00754252	0	0	0	
356	0.12915	0.108326	0.0206928	0.000131316	0.576855	0.483844	0.0924254	0.000586529	0.000155898	0.000696325	
357	0.214716	0.107523	0.104059	0.00313295	0.959038	0.480259	0.464785	0.0139934	0.00410902	0.0183531	
358	0.173729	0.0973813	0.0744512	0.00189722	0.775971	0.434957	0.332539	0.00847403	0.00312583	0.0139616	
359	0.120088	0.0778108	0.0411644	0.00111322	0.53638	0.347545	0.183862	0.00497227	0.00167718	0.00749122	
360	0.101298	0.0961456	0.00515116	1.24777e-06	0.452451	0.429438	0.0230078	5.57322e-06	1.8386e-06	8.21221e-06	
361	0.0467588	0.0467588	0	0	0.20885	0.20885	0	0	0	0	
362	0.105751	0.0866283	0.0189599	0.000163248	0.472343	0.386929	0.0846853	0.000729155	0.00020165	0.000900682	
363	0.048873	0.0488374	3.55606e-05	0	0.218293	0.218134	0.000158833	0	0	0	
364	0.130485	0.112821	0.0176619	2.04209e-06	0.58282	0.503923	0.0788879	9.12111e-06	2.51981e-06	1.12548e-05	
365	0.0822391	0.0788145	0.00342038	4.27968e-06	0.367324	0.352028	0.0152772	1.91153e-05	6.49921e-06	2.9029e-05	
366	0.115586	0.0909845	0.0245903	1.18961e-05	0.516273	0.406386	0.109833	5.31347e-05	2.05643e-05	9.18516e-05	
367	0.126635	0.104451	0.0220867	9.73589e-05	0.565624	0.466538	0.0986511	0.000434857	0.000166818	0.000745103	
368	0.0804529	0.0751614	0.00525862	3.29283e-05	0.359346	0.335711	0.0234878	0.000147075	3.29782e-05	0.000147298	
369	0.0817728	0.0796607	0.00211208	0	0.365241	0.355808	0.00943371	0	0	0	
370	0.112318	0.0909017	0.021248	0.000168521	0.501674	0.406016	0.0949052	0.000752707	0.000270434	0.0012079	
371	0.119959	0.0786852	0.0409776	0.000297126	0.535806	0.35145	0.183028	0.00132712	0.000370682	0.00165566	
372	0.101151	0.0784091	0.0226943	4.80195e-05	0.451797	0.350217	0.101365	0.000214481	7.7416e-05	0.000345782	
373	0.0824018	0.0785634	0.00383743	1.04795e-06	0.368051	0.350906	0.01714	4.68075e-06	1.65704e-06	7.40125e-06	
374	0.173747	0.10309	0.0646582	0.00599835	0.77605	0.460459	0.288798	0.0267918	0.00792112	0.03538	
375	0.144825	0.126101	0.0185182	0.000205203	0.646867	0.563238	0.0827125	0.000916548	0.000218963	0.000978007	
376	0.100135	0.0980817	0.00205228	2.04237e-06	0.447261	0.438086	0.00916662	9.12234e-06	2.15646e-06	9.63192e-06	
377	0.106804	0.0992559	0.00749655	5.20926e-05	0.477046	0.44333	0.0334836	0.000232673	5.82647e-05	0.000260241	
378	0.12027	0.102845	0.0172354	0.00018891	0.537191	0.459365	0.0769827	0.000843778	0.000213979	0.000955749	
379	0.0934624	0.0760804	0.017345	3.70193e-05	0.417453	0.339816	0.0774723	0.000165348	5.37685e-05	0.000240159	
380	0.114793	0.0817248	0.0328102	0.000258267	0.512729	0.365027	0.146548	0.00115356	0.000297623	0.00132934	
381	0.111502	0.0791275	0.0319889	0.000385819	0.498029	0.353426	0.142879	0.00172327	0.000621939	0.00277792	
382	0.110651	0.103161	0.00748095	8.84403e-06	0.494229	0.460776	0.033414	3.95022e-05	9.13769e-06	4.08138e-05	
383	0.0817385	0.0752766	0.00646187	0	0.365088	0.336226	0.0288622	0	0	0	
384	0.0939218	0.0896242	0.00429755	0	0.419505	0.40031	0.0191951	0	0	0	
385	0.141362	0.106414	0.0343359	0.000612001	0.631401	0.475305	0.153363	0.00273353	0.000789741	0.00352741	
386	0.0981905	0.0789334	0.0191244	0.000132715	0.438572	0.352559	0.0854201	0.00059278	0.000178241	0.000796124	
387	0.0940407	0.0834976	0.0104494	9.37233e-05	0.420037	0.372945	0.0466728	0.000418619	0.000103523	0.000462389	
388	0.0862924	0.0763121	0.00982585	0.000154517	0.385428	0.340851	0.0438875	0.00069016	0.000154451	0.000689864	
389	0.140076	0.110215	0.0298219	3.90745e-05	0.625657	0.492282	0.1332	0.000174527	4.78739e-05	0.000213831	
390	0.0824105	0.0737213	0.00868923	0	0.36809	0.329279	0.0388108	0	0	0	
391	0.0976237	0.0904785	0.00711339	3.18687e-05	0.43604	0.404126	0.0317722	0.000142343	3.56653e-05	0.0001593	
392	0.0910598	0.0494153	0.0412696	0.000374774	0.406722	0.220715	0.184332	0.00167394	0.000385829	0.00172332	
393	0.0883597	0.0802107	0.00814892	0	0.394662	0.358264	0.0363975	0	0	0	
394	0.0968673	0.0918421	0.00502528	0	0.432662	0.410216	0.0224456	0	0	0	
395	0.148309	0.137115	0.0111943	0	0.66243	0.61243	0.0499999	0	0	0	
396	0.0981243	0.0586504	0.0394739	0	0.438276	0.261964	0.176311	0	0	0	
397	0.131314	0.100475	0.03044	0.000398429	0.586519	0.448779	0.135961	0.0017796	0.000700551	0.00312904	
398	0.0914177	0.0904086	0.00100905	0	0.40832	0.403813	0.00450699	0	0	0	
399	0.0786718	0.0778747	0.000796863	3.47548e-07	0.351391	0.34783	0.00355922	1.55233e-06	3.9417e-07	1.76057e-06	
400	0.147551	0.127992	0.0195534	5.34993e-06	0.659044	0.571684	0.0873363	2.38957e-05	1.20467e-05	5.38071e-05	
401	0.101209	0.0998024	0.00140744	0	0.452058	0.445771	0.00628639	0	0	0	
402	0.11239	0.0827161	0.0296195	5.44496e-05	0.501995	0.369455	0.132297	0.000243201	5.7681e-05	0.000257634	
403	0.116377	0.0880888	0.028072	0.000216469	0.519804	0.393452	0.125384	0.000966869	0.000359102	0.00160394	
404	0.108729	0.0979697	0.0107554	4.19179e-06	0.485644	0.437586	0.0480398	1.87228e-05	4.12596e-06	1.84288e-05	
405	0.106887	0.106327	0.000560223	0	0.477418	0.474916	0.00250226	0	0	0	
406	0.206582	0.175481	0.0309891	0.000112428	0.922709	0.783793	0.138414	0.000502165	0.000121555	0.000542932	
407	0.129103	0.084807	0.0441292	0.000167298	0.576646	0.378793	0.197105	0.000747245	0.000180846	0.000807756	
408	0.129111	0.126651	0.0024603	0	0.576682	0.565693	0.010989	0	0	0	
409	0.0915657	0.0912676	0.000298142	0	0.408982	0.40765	0.00133166	0	0	0	
410	0.112654	0.0872556	0.0251659	0.000232567	0.503174	0.389731	0.112404	0.00103877	0.00102449	0.00457595	
411	0.134219	0.116605	0.0175972	1.68923e-05	0.599499	0.520825	0.0785987	7.54503e-05	1.68353e-05	7.51956e-05	
412	0.147566	0.121475	0.0260909	2.16612e-07	0.659112	0.542575	0.116536	9.67508e-07	3.80094e-07	1.6977e-06	
413	0.0927084	0.0910535	0.00165494	0	0.414086	0.406694	0.00739187	0	0	0	
414	0.147303	0.111958	0.0353189	2.60889e-05	0.657938	0.500068	0.157753	0.000116527	2.64232e-05	0.00011802	
415	0.0925298	0.0914774	0.0010524	0	0.413288	0.408587	0.00470062	0	0	0	
416	0.121787	0.105555	0.0162318	0	0.543967	0.471466	0.0725002	0	0	0	
417	0.105932	0.0952707	0.0106619	0	0.473153	0.42553	0.0476222	0	0	0	
418	0.0799115	0.0765314	0.00338012	0	0.356928	0.34183	0.0150974	0	0	0	
419	0.13432	0.101612	0.0326405	6.78416e-05	0.599949	0.453856	0.14579	0.000303017	0.000138744	0.000619708	
420	0.0835999	0.083331	0.000268827	1.57594e-07	0.373402	0.372201	0.00120072	7.03902e-07	1.33159e-07	5.9476e-07	
421	0.0872376	0.0857172	0.00152037	0	0.38965	0.382859	0.00679082	0	0	0	
422	0.0984229	0.0806348	0.0176561	0.00013202	0.43961	0.360158	0.0788617	0.000589676	0.000132401	0.000591375	
423	0.065241	0.0557393	0.00950165	0	0.291401	0.248962	0.0424395	0	0	0	
424	0.110238	0.110072	0.000165984	0	0.492385	0.491644	0.000741376	0	0	0	
425	0.0740223	0.0692628	0.00473279	2.67663e-05	0.330623	0.309365	0.0211392	0.000119552	2.67228e-05	0.000119358	
426	0.112143	0.108581	0.00355671	5.11337e-06	0.500892	0.484983	0.0158862	2.28391e-05	5.89066e-06	2.63109e-05	
427	0.0946443	0.0900971	0.00452555	2.16438e-05	0.422732	0.402422	0.0202135	9.6673e-05	2.25718e-05	0.000100818	
428	0.0961469	0.0936574	0.00248773	1.83614e-06	0.429444	0.418324	0.0111115	8.2012e-06	1.888e-06	8.43284e-06	
429	0.121786	0.0878574	0.0339214	7.81243e-06	0.543965	0.392418	0.151511	3.48945e-05	7.98596e-06	3.56696e-05	
430	0.246537	0.211496	0.0350262	1.48488e-05	1.10117	0.944658	0.156446	6.63231e-05	2.43954e-05	0.000108963	
431	0.18104	0.16565	0.0153899	0	0.808626	0.739886	0.0687397	0	0	0	
432	0.134978	0.111717	0.023207	5.37988e-05	0.602887	0.498992	0.103655	0.000240294	7.95135e-05	0.00035515	
433	0.110398	0.0981686	0.0120946	0.000135064	0.493098	0.438474	0.0540212	0.000603273	0.000145641	0.000650515	
434	0.0912361	0.0802587	0.0109773	0	0.407509	0.358478	0.0490309	0	0	0	
435	0.211817	0.151484	0.060118	0.000215493	0.946093	0.676611	0.268519	0.00096251	0.000295295	0.00131894	
436	0.11895	0.0858115	0.0328207	0.000318601	0.531298	0.38328	0.146595	0.00142304	0.000394803	0.0017634	
437	0.147614	0.0858606	0.0596246	0.00212883	0.659324	0.3835	0.266315	0.00950852	0.00329001	0.0146949	
438	0.180059	0.129942	0.0490556	0.00106195	0.804244	0.580392	0.219109	0.00474327	0.00115515	0.00515955	
439	0.135654	0.126627	0.00901904	8.22314e-06	0.605908	0.565588	0.0402839	3.6729e-05	9.38404e-06	4.19142e-05	
440	0.086084	0.0798723	0.00617445	3.7357e-05	0.384498	0.356753	0.0275784	0.000166856	4.311e-05	0.000192553	
441	0.0690218	0.0674031	0.00161449	4.33584e-06	0.308289	0.301058	0.0072112	1.93662e-05	4.58217e-06	2.04664e-05	
442	0.134269	0.0946035	0.0384911	0.00117497	0.59972	0.42255	0.171922	0.00524809	0.0015472	0.00691065	
443	0.167376	0.13748	0.0296736	0.000222508	0.747595	0.614062	0.132538	0.000993845	0.000341302	0.00152444	
444	0.137279	0.107588	0.0296101	8.15111e-05	0.613165	0.480546	0.132255	0.000364073	9.41915e-05	0.00042071	
445	0.112809	0.0879168	0.0248151	7.75315e-05	0.503868	0.392684	0.110837	0.000346297	0.000145873	0.000651551	
446	0.155032	0.0904018	0.0642622	0.00036816	0.692457	0.403783	0.287029	0.0016444	0.000494734	0.00220975	
447	0.160964	0.121567	0.0393973	0	0.718954	0.542984	0.175969	0	0	0	
448	0.0491069	0.0374277	0.0116777	1.52201e-06	0.219338	0.167172	0.0521591	6.79816e-06	1.66392e-06	7.43198e-06	
449	0.258891	0.153682	0.104797	0.000411078	1.15635	0.686431	0.468084	0.00183609	0.000639514	0.00285641	
450	0.0881311	0.0791617	0.00896937	0	0.393641	0.353579	0.040062	0	0	0	
451	0.132757	0.119818	0.0129261	1.20223e-05	0.592964	0.535176	0.0577352	5.36984e-05	1.40589e-05	6.27949e-05	
452	0.172175	0.099714	0.0713972	0.00106421	0.769028	0.445377	0.318898	0.00475334	0.00114206	0.00510106	
453	0.107824	0.0952515	0.012573	2.67106e-07	0.481604	0.425444	0.0561581	1.19304e-06	2.94861e-07	1.317e-06	
454	0.13972	0.0888643	0.0507602	9.55594e-05	0.624065	0.396916	0.226722	0.00042682	0.000204696	0.000914285	
455	0.1576	0.104714	0.0525864	0.000299431	0.703927	0.46771	0.234879	0.00133742	0.000379499	0.00169504	
456	0.149121	0.111512	0.0371745	0.000433882	0.666056	0.498076	0.166041	0.00193795	0.000587521	0.00262419	
457	0.132567	0.100216	0.0323393	1.23807e-05	0.592119	0.447619	0.144444	5.52989e-05	2.37398e-05	0.000106034	
458	0.102591	0.078664	0.0238548	7.25036e-05	0.458228	0.351356	0.106548	0.00032384	8.37782e-05	0.000374199	
459	0.099667	0.0886103	0.0110456	1.10849e-05	0.445167	0.395781	0.0493359	4.95113e-05	2.62828e-05	0.000117393	
460	0.131145	0.085077	0.0460385	3.02783e-05	0.585768	0.38	0.205633	0.000135239	4.87882e-05	0.000217914	
461	0.144122	0.0852487	0.0588511	2.24724e-05	0.643728	0.380766	0.262861	0.000100373	3.4154e-05	0.00015255	
462	0.118293	0.0996683	0.0185362	8.88962e-05	0.528362	0.445172	0.0827931	0.000397058	0.0001139	0.000508741	
463	0.140709	0.119106	0.0216037	6.60833e-08	0.628486	0.531992	0.0964939	2.95164e-07	7.15125e-09	3.19413e-08	
464	0.08219	0.068764	0.0134168	9.26166e-06	0.367105	0.307137	0.0599267	4.13676e-05	1.8194e-05	8.12643e-05	
465	0.0846663	0.0824124	0.00225394	0	0.378165	0.368098	0.0100673	0	0	0	
466	0.175792	0.109579	0.0655901	0.000622392	0.785182	0.489441	0.292961	0.00277994	0.000872928	0.00389897	
467	0.114944	0.0795191	0.0349716	0.000454204	0.513406	0.355175	0.156202	0.00202872	0.000590354	0.00263684	
468	0.106311	0.101219	0.00509098	5.83352e-07	0.474842	0.452101	0.0227391	2.60556e-06	1.55689e-06	6.95395e-06	
469	0.0766896	0.0765422	0.000147408	0	0.342537	0.341879	0.000658405	0	0	0	
470	0.10829	0.0946197	0.0136013	6.93625e-05	0.483683	0.422623	0.0607509	0.00030981	0.000126642	0.000565654	
471	0.127968	0.0787793	0.0491896	0	0.571578	0.351871	0.219707	0	0	0	
472	0.12942	0.088898	0.037789	0.00273329	0.578061	0.397067	0.168786	0.0122083	0.00306935	0.0137094	
473	0.160984	0.0988826	0.0597685	0.00233324	0.719043	0.441663	0.266958	0.0104215	0.00305161	0.0136301	
474	0.105798	0.0767113	0.0290873	0	0.472553	0.342634	0.129919	0	0	0	
475	0.117119	0.112909	0.00420831	1.34234e-06	0.523117	0.504315	0.0187966	5.99564e-06	1.35802e-06	6.06567e-06	
476	0.155969	0.11235	0.0436053	1.36967e-05	0.696643	0.501817	0.194765	6.11772e-05	1.43114e-05	6.39228e-05	
477	0.125114	0.0967043	0.028341	6.91808e-05	0.558829	0.431933	0.126586	0.000308999	9.30079e-05	0.000415423	
478	0.092161	0.0786509	0.0134569	5.32419e-05	0.411641	0.351297	0.0601058	0.000237807	7.13775e-05	0.00031881	
479	0.107029	0.0973882	0.00953134	0.000109678	0.47805	0.434988	0.0425721	0.000489883	0.000115975	0.00051801	
480	0.121676	0.0972853	0.0243884	2.32923e-06	0.543471	0.434529	0.108932	1.04036e-05	3.52397e-06	1.57399e-05	
481	0.0841074	0.0756535	0.00842561	2.82685e-05	0.375669	0.337909	0.0376333	0.000126262	3.79781e-05	0.00016963	
482	0.131757	0.105442	0.0262722	4.35519e-05	0.588502	0.470961	0.117346	0.000194526	7.59622e-05	0.000339288	
483	0.104172	0.0921745	0.0119954	2.9469e-06	0.465292	0.411701	0.0535779	1.31624e-05	4.65947e-06	2.08117e-05	
484	0.154883	0.116281	0.0379463	0.000655296	0.691792	0.519376	0.169489	0.00292691	0.00110441	0.00493291	
485	0.110893	0.0945438	0.016226	0.000123332	0.495308	0.422283	0.0724742	0.000550869	0.000130735	0.000583934	
486	0.0837389	0.0796488	0.00408963	4.87933e-07	0.374023	0.355754	0.0182665	2.17937e-06	4.19434e-06	1.87342e-05	
487	0.103085	0.099357	0.00372797	0	0.460433	0.443782	0.0166511	0	0	0	
488	0.132754	0.0950754	0.0374848	0.000194294	0.592953	0.424658	0.167427	0.000867823	0.000234382	0.00104687	
489	0.146281	0.0977209	0.0483123	0.000248554	0.653373	0.436474	0.215789	0.00111017	0.000269552	0.00120396	
490	0.0955026	0.0903466	0.00515597	0	0.426566	0.403537	0.0230293	0	0	0	
491	0.101934	0.0779136	0.0240138	6.82147e-06	0.455293	0.348004	0.107258	3.04684e-05	1.50909e-05	6.74042e-05	
492	0.148278	0.0965599	0.0504198	0.00129905	0.662293	0.431289	0.225202	0.00580227	0.00149301	0.0066686	
493	0.196048	0.111171	0.0846146	0.000262456	0.87566	0.496553	0.377934	0.00117227	0.000360411	0.00160979	
494	0.178035	0.116545	0.0613088	0.00018123	0.795204	0.520556	0.273838	0.000809474	0.00023016	0.00102802	
495	0.0883205	0.0835185	0.00480201	0	0.394487	0.373038	0.0214484	0	0	0	
496	0.10437	0.0892859	0.0147492	0.000335607	0.466176	0.398799	0.0658781	0.001499	0.000340894	0.00152261	
497	0.115228	0.0771878	0.0379511	8.93803e-05	0.514672	0.344762	0.16951	0.000399221	0.00021834	0.000975228	
498	0.168499	0.132874	0.0352914	0.00033375	0.752611	0.59349	0.15763	0.0014907	0.000366042	0.00163494	
499	0.160526	0.157185	0.00333928	1.03541e-06	0.716996	0.702076	0.014915	4.62471e-06	1.04448e-06	4.66525e-06	
500	0.146048	0.0803433	0.0651909	0.000514276	0.652332	0.358857	0.291178	0.00229703	0.000986488	0.00440619	
501	0.147217	0.107883	0.0389429	0.000390953	0.657552	0.481866	0.17394	0.00174621	0.000636531	0.00284309	
502	0.092449	0.0904688	0.0019801	0	0.412927	0.404083	0.00884423	0	0	0	
503	0.113592	0.102468	0.0111118	1.24172e-05	0.507364	0.457678	0.0496313	5.54623e-05	1.23514e-05	5.51681e-05	
504	0.132768	0.11872	0.0139678	8.0566e-05	0.593018	0.53027	0.0623878	0.000359851	8.79519e-05	0.000392841	
505	0.0732168	0.068304	0.00490967	3.18991e-06	0.327025	0.305082	0.0219292	1.42478e-05	8.13727e-06	3.63454e-05	
506	0.145946	0.0972809	0.0477655	0.000899931	0.651875	0.434509	0.213346	0.00401957	0.00108468	0.00484481	
507	0.212568	0.157142	0.0547235	0.000702966	0.949447	0.701883	0.244424	0.00313982	0.000779825	0.00348312	
508	0.0942267	0.0875596	0.00666709	0	0.420867	0.391088	0.0297788	0	0	0	
509	0.0970525	0.0867114	0.0103225	1.87469e-05	0.433489	0.3873	0.0461058	8.37339e-05	2.44762e-05	0.000109324	
510	0.140596	0.104731	0.0352292	0.000635636	0.627981	0.467789	0.157353	0.00283909	0.000823185	0.00367679	
511	0.0784628	0.0747389	0.00371645	7.48086e-06	0.350457	0.333824	0.0165996	3.34136e-05	7.91644e-06	3.53591e-05	
512	0.153638	0.0878489	0.0656033	0.000186327	0.686232	0.39238	0.293019	0.000832238	0.000374127	0.00167105	
513	0.11148	0.0906391	0.0208049	3.69013e-05	0.497933	0.404843	0.0929259	0.000164821	8.78066e-05	0.000392192	
514	0.244387	0.127745	0.114208	0.00243371	1.09156	0.570579	0.510117	0.0108702	0.00348745	0.0155768	
515	0.0682564	0.0562811	0.0119122	6.30476e-05	0.30487	0.251382	0.0532065	0.000281605	7.86647e-05	0.000351359	
516	0.105548	0.0880084	0.0172521	0.000288127	0.471437	0.393093	0.0770572	0.00128693	0.000321462	0.00143582	
517	0.0874787	0.081269	0.00620582	3.91652e-06	0.390727	0.362991	0.0277185	1.74933e-05	1.00328e-05	4.48119e-05	
518	0.188056	0.154959	0.0330973	6.83839e-08	0.839963	0.692133	0.14783	3.05439e-07	1.59249e-08	7.11295e-08	
519	0.0646951	0.0418696	0.0228247	8.32625e-07	0.288963	0.187012	0.101947	3.71895e-06	2.55598e-06	1.14164e-05	
520	0.159987	0.12167	0.037579	0.000737706	0.714591	0.543448	0.167848	0.00329499	0.000941892	0.004207	
521	0.261285	0.109251	0.150787	0.00124668	1.16704	0.487975	0.673497	0.00556836	0.0029107	0.0130007	
522	0.172893	0.0779082	0.0949449	4.04094e-05	0.772236	0.34798	0.424075	0.00018049	0.000148964	0.000665357	
523	0.0905965	0.0757844	0.0148121	0	0.404653	0.338494	0.0661588	0	0	0	
524	0.147479	0.105398	0.041663	0.000417337	0.658722	0.470768	0.186089	0.00186405	0.000614926	0.00274659	
525	0.156282	0.0992296	0.0564193	0.000633943	0.698043	0.443213	0.251999	0.00283153	0.000980751	0.00438056	
526	0.119112	0.100924	0.0180745	0.000113677	0.532021	0.450783	0.0807305	0.000507744	0.000131386	0.000586842	
527	0.111695	0.0775417	0.0338465	0.000307385	0.498893	0.346343	0.151176	0.00137294	0.000343792	0.00153556	
528	0.0886879	0.0799955	0.00867411	1.8385e-05	0.396128	0.357303	0.0387433	8.21177e-05	2.96522e-05	0.000132443	
529	0.124622	0.0806584	0.0435335	0.000430053	0.556629	0.360264	0.194444	0.00192084	0.000808421	0.00361084	
530	0.0943728	0.0804265	0.0138801	6.61793e-05	0.42152	0.359228	0.0619963	0.000295592	7.5364e-05	0.000336616	
531	0.171735	0.104498	0.0668347	0.000401883	0.767063	0.466748	0.298519	0.00179502	0.00120637	0.00538831	
532	0.120021	0.0833579	0.0352975	0.00136583	0.536079	0.372321	0.157658	0.00610056	0.00145101	0.00648101	
533	0.169099	0.117384	0.0514867	0.000229258	0.755291	0.5243	0.229967	0.00102399	0.000433742	0.00193732	
534	0.13672	0.112902	0.0232798	0.000538458	0.610669	0.504283	0.10398	0.00240504	0.000557464	0.00248993	
535	0.103057	0.0773402	0.0253376	0.000379903	0.460311	0.345443	0.113171	0.00169685	0.00043965	0.00196371	
536	0.0740372	0.0655996	0.00843604	1.62735e-06	0.33069	0.293003	0.0376799	7.26864e-06	2.21738e-06	9.90405e-06	
537	0.124851	0.0764839	0.0475801	0.000787299	0.557653	0.341618	0.212518	0.0035165	0.00149542	0.00667938	
538	0.144924	0.0801234	0.061805	0.00299595	0.647311	0.357874	0.276054	0.0133815	0.00579911	0.0259019	
539	0.132889	0.0828684	0.0499173	0.000103324	0.593554	0.370135	0.222957	0.000461501	0.000175675	0.000784661	
540	0.0926378	0.0796556	0.012859	0.000123222	0.413771	0.355785	0.0574356	0.000550379	0.000144357	0.00064478	
541	0.0911012	0.0819094	0.00917042	2.14453e-05	0.406907	0.365852	0.04096	9.57864e-05	2.75499e-05	0.000123052	
542	0.204211	0.149466	0.0542623	0.000482683	0.912118	0.667597	0.242365	0.00215592	0.000613913	0.00274207	
543	0.131592	0.0890991	0.0424632	2.97829e-05	0.587761	0.397965	0.189664	0.000133026	3.72844e-05	0.000166532	
544	0.167982	0.126275	0.0416914	1.63584e-05	0.750302	0.564013	0.186216	7.30655e-05	0.00020997	0.000937842	
545	0.149669	0.07494	0.0747145	1.51206e-05	0.668505	0.334722	0.333715	6.75369e-05	1.83534e-05	8.19766e-05	
546	0.135925	0.116182	0.0197394	3.34267e-06	0.607115	0.518933	0.0881672	1.49301e-05	4.22362e-06	1.88649e-05	
547	0.0860077	0.0752406	0.0107671	0	0.384157	0.336065	0.0480919	0	0	0	
548	0.116386	0.110427	0.00595884	0	0.519843	0.493227	0.0266154	0	0	0	
549	0.153338	0.0847247	0.0675553	0.00105793	0.68489	0.378426	0.301738	0.00472532	0.00185233	0.00827352	
550	0.185818	0.119346	0.0651081	0.00136409	0.829964	0.533063	0.290808	0.00609278	0.0023261	0.0103896	
551	0.0966593	0.0962459	0.000413381	0	0.431733	0.429886	0.00184638	0	0	0	
552	0.0825418	0.0723613	0.0100826	9.78689e-05	0.368676	0.323204	0.0450346	0.000437135	0.000102444	0.00045757	
553	0.190969	0.182395	0.00856552	9.45285e-06	0.852975	0.814674	0.0382582	4.22215e-05	1.17482e-05	5.24742e-05	
554	0.142951	0.102099	0.0395226	0.00132975	0.638498	0.456029	0.176529	0.00593941	0.00142428	0.00636161	
555	0.0963292	0.0748968	0.0212946	0.000137739	0.430258	0.33453	0.0951135	0.000615219	0.000156425	0.000698681	
556	0.189464	0.149089	0.0399062	0.000468987	0.846252	0.665915	0.178242	0.00209475	0.000472797	0.00211177	
557	0.0894569	0.0786938	0.0107236	3.94163e-05	0.399563	0.351489	0.0478977	0.000176054	6.89916e-05	0.000308153	
558	0.106559	0.097108	0.00945175	0	0.475953	0.433737	0.0422166	0	0	0	
559	0.0990157	0.0787977	0.0199413	0.000276677	0.442257	0.351953	0.0890689	0.00123579	0.000385707	0.00172277	
560	0.0949684	0.0845376	0.0104307	0	0.42418	0.37759	0.0465895	0	0	0	
561	0.11112	0.0927781	0.0181773	0.000164845	0.496323	0.414397	0.08119	0.00073629	0.000262503	0.00117248	
562	0.0752506	0.0496761	0.0255745	0	0.33611	0.22188	0.114229	0	0	0	
563	0.107109	0.0785576	0.0285172	3.51218e-05	0.478411	0.350881	0.127373	0.000156873	6.53583e-05	0.000291925	
564	0.123927	0.0811959	0.0425141	0.000217922	0.553529	0.362665	0.18989	0.000973357	0.000420248	0.00187705	
565	0.102504	0.0846949	0.0175865	0.00022283	0.457839	0.378293	0.0785511	0.000995283	0.000278029	0.00124182	
566	0.122009	0.103412	0.0185221	7.51033e-05	0.544961	0.461896	0.0827299	0.000335452	8.46106e-05	0.000377917	
567	0.219899	0.160322	0.0586554	0.000921477	0.982188	0.716085	0.261986	0.00411581	0.000972433	0.00434341	
568	0.139385	0.114884	0.0245004	0	0.62257	0.513138	0.109432	0	0	0	
569	0.0756821	0.0756226	5.94887e-05	0	0.338037	0.337771	0.000265709	0	0	0	
570	0.135986	0.119373	0.0164908	0.000122043	0.607388	0.533186	0.073657	0.000545113	0.000168563	0.000752896	
571	0.109958	0.0912187	0.0187332	6.28815e-06	0.491132	0.407432	0.0836726	2.80862e-05	9.63418e-06	4.30314e-05	
572	0.114611	0.0972879	0.0172426	8.13149e-05	0.511918	0.43454	0.077015	0.000363196	0.000102824	0.000459269	
573	0.101563	0.0840986	0.0174013	6.40342e-05	0.453639	0.37563	0.0777237	0.000286011	9.1764e-05	0.000409868	
574	0.143288	0.0796043	0.0632575	0.00042674	0.640003	0.355555	0.282542	0.00190605	0.000677284	0.00302511	
575	0.149589	0.0840389	0.0636408	0.00190929	0.668145	0.375363	0.284254	0.00852792	0.00219705	0.00981325	
576	0.0678228	0.0543144	0.0135084	0	0.302933	0.242597	0.0603359	0	0	0	
577	0.134767	0.1128	0.0219419	2.50381e-05	0.601944	0.503827	0.0980046	0.000111833	3.25758e-05	0.000145501	
578	0.110937	0.0887433	0.0221916	2.74419e-06	0.495507	0.396375	0.0991197	1.2257e-05	2.90918e-06	1.2994e-05	
579	0.0952216	0.0870275	0.00818516	9.01868e-06	0.425311	0.388712	0.0365593	4.02823e-05	1.1362e-05	5.0749e-05	
580	0.0842277	0.066566	0.0176373	2.44092e-05	0.376206	0.29732	0.0787777	0.000109025	6.69769e-05	0.000299155	
581	0.080412	0.0749972	0.00541482	0	0.359163	0.334978	0.0241855	0	0	0	
582	0.0869844	0.0842305	0.00275314	8.42024e-07	0.388519	0.376219	0.012297	3.76093e-06	8.4108e-07	3.75672e-06	
583	0.111922	0.0926362	0.0192055	8.12262e-05	0.499908	0.413763	0.0857822	0.0003628	0.000108872	0.000486282	
584	0.180387	0.127779	0.0519071	0.000701103	0.805708	0.570732	0.231845	0.0031315	0.000831437	0.00371364	
585	0.113543	0.0747965	0.0387179	2.8979e-05	0.507146	0.334082	0.172935	0.000129436	5.07231e-05	0.000226557	
586	0.125181	0.0842285	0.0406591	0.000294211	0.55913	0.37621	0.181605	0.0013141	0.000342267	0.00152875	
587	0.106933	0.0888418	0.0179419	0.000149351	0.47762	0.396815	0.0801384	0.000667082	0.000188912	0.000843786	
588	0.0686228	0.0675387	0.00108416	0	0.306506	0.301664	0.00484246	0	0	0	
589	0.162757	0.109118	0.0527674	0.000870887	0.726961	0.487383	0.235687	0.00388985	0.00150912	0.00674056	
590	0.136729	0.107268	0.0291338	0.000327503	0.610709	0.479118	0.130127	0.0014628	0.000352614	0.00157496	
591	0.133119	0.0958432	0.0371253	0.000150908	0.594583	0.428087	0.165821	0.000674037	0.000292973	0.00130857	
592	0.113719	0.0857131	0.0279628	4.38011e-05	0.507933	0.382841	0.124897	0.000195639	5.61333e-05	0.000250721	
593	0.0968354	0.0939103	0.00292426	8.96325e-07	0.432519	0.419454	0.0130613	4.00347e-06	1.42066e-06	6.34547e-06	
594	0.0879643	0.0804427	0.00750472	1.69814e-05	0.392896	0.3593	0.0335201	7.58482e-05	3.07619e-05	0.000137399	
595	0.112058	0.0937564	0.0182408	6.14482e-05	0.500515	0.418767	0.0814737	0.000274461	0.00010428	0.000465773	
596	0.108544	0.0901764	0.0182854	8.26968e-05	0.484818	0.402776	0.0816725	0.000369369	0.000131083	0.000585489	
597	0.153541	0.140831	0.0126965	1.35674e-05	0.6858	0.629031	0.0567095	6.05994e-05	2.04815e-05	9.14815e-05	
598	0.115141	0.108117	0.00695908	6.49067e-05	0.514285	0.482912	0.031083	0.000289908	6.57768e-05	0.000293795	
599	0.106741	0.0933134	0.0134279	0	0.476764	0.416788	0.0599764	0	0	0	
600	0.10897	0.107848	0.00112172	0	0.48672	0.48171	0.00501023	0	0	0	
601	0.26002	0.147911	0.110988	0.00112038	1.16139	0.660653	0.495732	0.00500425	0.00112547	0.00502696	
602	0.114146	0.102473	0.011557	0.000115841	0.50984	0.457703	0.05162	0.000517412	0.000138041	0.000616567	
603	0.108048	0.0519078	0.0561401	0	0.482601	0.231848	0.250752	0	0	0	
604	0.0857572	0.0808666	0.00488999	6.0488e-07	0.383038	0.361194	0.0218413	2.70172e-06	3.3315e-06	1.48803e-05	
605	0.126035	0.0494974	0.0765382	0	0.562943	0.221082	0.341861	0	0	0	
606	0.144232	0.0936874	0.0497461	0.000798674	0.644218	0.418458	0.222193	0.00356731	0.000973494	0.00434815	
607	0.086814	0.0780933	0.00868133	3.94466e-05	0.387758	0.348807	0.0387755	0.00017619	4.95488e-05	0.000221312	
608	0.0871854	0.0787091	0.00845174	2.46958e-05	0.389417	0.351557	0.03775	0.000110305	2.5621e-05	0.000114437	
609	0.0900771	0.0870047	0.00307054	1.89939e-06	0.402333	0.38861	0.0137147	8.4837e-06	2.04746e-06	9.1451e-06	
610	0.106555	0.0799247	0.0260345	0.00059669	0.475936	0.356987	0.116284	0.00266514	0.000732064	0.00326979	
611	0.0605805	0.0576433	0.00293712	0	0.270585	0.257466	0.0131187	0	0	0	
612	0.0976799	0.0904944	0.00718551	0	0.436291	0.404197	0.0320944	0	0	0	
613	0.0923153	0.0765281	0.0156706	0.00011657	0.41233	0.341816	0.0699936	0.000520666	0.0001599	0.000714201	
614	0.0980404	0.0834989	0.0144086	0.000132933	0.437901	0.372951	0.0643568	0.000593753	0.000142329	0.000635721	
615	0.0999159	0.0866135	0.0133024	0	0.446278	0.386862	0.0594158	0	0	0	
616	0.125663	0.0888067	0.0340267	0.00283016	0.561281	0.396659	0.151981	0.012641	0.00288868	0.0129024	
617	0.124301	0.0914972	0.0325716	0.000232868	0.555198	0.408676	0.145482	0.00104011	0.000253618	0.00113279	
618	0.0593526	0.055807	0.00354561	0	0.265101	0.249264	0.0158366	0	0	0	
619	0.139569	0.0986545	0.0408541	6.08757e-05	0.623392	0.440644	0.182476	0.000271904	7.41403e-05	0.00033115	
620	0.104473	0.0875194	0.0169389	1.46474e-05	0.466633	0.390909	0.0756584	6.54233e-05	1.75185e-05	7.82473e-05	
621	0.334178	0.185707	0.145655	0.00281621	1.49262	0.829469	0.650575	0.0125787	0.0036222	0.0161787	
622	0.0345605	0.0304115	0.00413336	1.57062e-05	0.154366	0.135834	0.0184618	7.01525e-05	2.00065e-05	8.93598e-05	
623	0.101825	0.0716698	0.0300398	0.000116211	0.454809	0.320116	0.134174	0.000519061	0.000193178	0.000862839	
624	0.119442	0.0824902	0.0368091	0.000143117	0.533494	0.368446	0.164409	0.000639241	0.000153169	0.000684139	
625	0.0647023	0.0548394	0.00986293	0	0.288995	0.244942	0.0440532	0	0	0	
626	0.0692231	0.0636625	0.00556058	0	0.309187	0.284351	0.0248365	0	0	0	
627	0.097201	0.0789048	0.0182961	0	0.434152	0.352431	0.0817207	0	0	0	
628	0.0599585	0.0599536	4.84895e-06	0	0.267807	0.267785	2.1658e-05	0	0	0	
629	0.207528	0.137258	0.0697647	0.000505446	0.926933	0.613069	0.311607	0.00225759	0.000628237	0.00280604	
630	0.189113	0.1452	0.0439043	8.79321e-06	0.844685	0.648545	0.1961	3.92752e-05	1.22945e-05	5.4914e-05	
631	0.109198	0.0955922	0.0136064	0	0.48774	0.426966	0.0607736	0	0	0	
632	0.0436858	0.043144	0.00054189	0	0.195124	0.192704	0.00242037	0	0	0	
633	0.055811	0.0450422	0.0106928	7.59276e-05	0.249282	0.201183	0.0477601	0.000339134	8.8505e-05	0.000395311	
634	0.0453778	0.0418628	0.00350815	6.84459e-06	0.202681	0.186982	0.0156693	3.05716e-05	8.83594e-06	3.9466e-05	
635	0.0773372	0.065389	0.0117948	0.000153378	0.345429	0.292062	0.052682	0.00068507	0.000157484	0.000703413	
636	0.083568	0.064839	0.0187207	8.30468e-06	0.37326	0.289606	0.0836169	3.70932e-05	1.00184e-05	4.47476e-05	
637	0.0792545	0.0734531	0.00577668	2.47855e-05	0.353993	0.328081	0.0258017	0.000110705	3.29407e-05	0.000147131	
638	0.123902	0.0813425	0.0425541	5.899e-06	0.553415	0.363319	0.190069	2.63481e-05	1.62612e-05	7.26316e-05	
639	0.123189	0.0759471	0.0472034	3.94212e-05	0.550233	0.339221	0.210836	0.000176076	5.23643e-05	0.000233887	
640	0.0890608	0.0802973	0.00867323	9.0375e-05	0.397794	0.358651	0.0387393	0.000403664	9.5764e-05	0.000427734	
641	0.0757149	0.0748535	0.000859984	1.42078e-06	0.338183	0.334336	0.00384115	6.34599e-06	1.69622e-06	7.57625e-06	
642	0.0629242	0.0629227	1.48899e-06	0	0.281053	0.281047	6.65066e-06	0	0	0	
643	0.232148	0.141592	0.08262	0.00793649	1.0369	0.632427	0.369026	0.0354486	0.010227	0.0456797	
644	0.103241	0.0822053	0.0210364	0	0.461134	0.367173	0.0939602	0	0	0	
645	0.0827665	0.0802049	0.00255202	9.69895e-06	0.36968	0.358238	0.0113987	4.33208e-05	1.12507e-05	5.02517e-05	
646	0.131081	0.0748149	0.0562663	3.06797e-07	0.585481	0.334163	0.251316	1.37032e-06	8.99056e-07	4.01567e-06	
647	0.223427	0.123545	0.0885326	0.0113493	0.997947	0.55182	0.395434	0.0506923	0.0122946	0.0549146	
648	0.140366	0.117011	0.0232296	0.000125403	0.626953	0.522637	0.103756	0.000560121	0.000182867	0.000816786	
649	0.0641866	0.0641866	0	0	0.286692	0.286692	0	0	0	0	
650	0.0749897	0.0728106	0.00217909	0	0.334944	0.325211	0.009733	0	0	0	
651	0.101712	0.101261	0.000450772	0	0.454302	0.452288	0.00201339	0	0	0	
652	0.108688	0.082274	0.0260229	0.000391477	0.485461	0.36748	0.116232	0.00174855	0.000495322	0.00221237	
653	0.102866	0.0874553	0.0154004	1.04337e-05	0.459456	0.390623	0.0687866	4.66025e-05	1.47933e-05	6.60752e-05	
654	0.109969	0.0880515	0.0217546	0.00016366	0.491184	0.393285	0.0971681	0.000730995	0.000187197	0.000836125	
655	0.119522	0.0808776	0.0381466	0.00049878	0.533854	0.361243	0.170383	0.00222782	0.000593879	0.00265258	
656	0.213151	0.118162	0.0934085	0.00158041	0.95205	0.527778	0.417213	0.00705898	0.00350691	0.0156637	
657	0.116138	0.079936	0.0362028	0	0.518739	0.357037	0.161701	0	0	0	
658	0.101926	0.0751963	0.0267298	8.67924e-08	0.455257	0.335867	0.11939	3.87662e-07	4.36773e-08	1.95086e-07	
659	0.132882	0.095587	0.0363471	0.000947992	0.593523	0.426943	0.162345	0.00423424	0.0010706	0.00478191	
660	0.148807	0.100273	0.048483	5.17565e-05	0.664656	0.447873	0.216551	0.000231172	0.00016065	0.00071755	
661	0.174654	0.0981998	0.0759821	0.000472772	0.780102	0.438613	0.339377	0.00211165	0.000915153	0.00408756	
662	0.121698	0.0803401	0.0413427	1.61556e-05	0.543573	0.358842	0.184659	7.21597e-05	2.35879e-05	0.000105356	
663	0.108261	0.0802587	0.0278029	0.000199353	0.483552	0.358478	0.124183	0.000890419	0.000227423	0.00101579	
664	0.0995087	0.0872218	0.0122716	1.53784e-05	0.44446	0.38958	0.0548117	6.86886e-05	2.38314e-05	0.000106444	
665	0.104803	0.0871167	0.0176618	2.47514e-05	0.468108	0.38911	0.0788874	0.000110553	2.90198e-05	0.000129618	
666	0.109336	0.0788632	0.030135	0.000337931	0.488354	0.352245	0.134599	0.00150938	0.000417074	0.00186288	
667	0.150299	0.104712	0.043963	0.00162391	0.67132	0.467704	0.196362	0.0072533	0.00217249	0.00970352	
668	0.108125	0.0829665	0.0251446	1.47834e-05	0.482948	0.370573	0.112309	6.60309e-05	4.63785e-05	0.000207151	
669	0.0456876	0.0434639	0.00222374	6.59523e-08	0.204065	0.194133	0.00993246	2.94578e-07	1.12943e-06	5.04464e-06	
670	0.0888451	0.0825434	0.00628125	2.049e-05	0.39683	0.368683	0.0280554	9.15195e-05	2.13985e-05	9.55775e-05	
671	0.0554623	0.0505919	0.0048704	0	0.247725	0.225971	0.0217538	0	0	0	
672	0.14548	0.111856	0.033555	6.91664e-05	0.649793	0.49961	0.149874	0.000308934	0.000132397	0.00059136	
673	0.130399	0.101362	0.028843	0.000193674	0.582433	0.452739	0.128828	0.000865057	0.000299681	0.00133854	
674	0.127791	0.095256	0.0322838	0.000251324	0.570784	0.425465	0.144197	0.00112254	0.000316059	0.00141169	
675	0.107447	0.0811113	0.0263133	2.25031e-05	0.479917	0.362287	0.117529	0.000100511	2.48275e-05	0.000110893	
676	0.136214	0.109678	0.0262194	0.000316911	0.608408	0.489883	0.11711	0.00141549	0.000369009	0.00164819	
677	0.100845	0.0933432	0.00749795	4.33407e-06	0.45043	0.416921	0.0334899	1.93583e-05	6.53905e-06	2.92069e-05	
678	0.101371	0.0802356	0.0211354	6.62069e-08	0.452778	0.358376	0.0944024	2.95716e-07	2.95248e-07	1.31874e-06	
679	0.124695	0.0909074	0.0337399	4.79798e-05	0.556956	0.406041	0.1507	0.000214303	7.99204e-05	0.000356968	
680	0.127821	0.110296	0.0175251	0	0.570918	0.492641	0.0782769	0	0	0	
681	0.10853	0.0976619	0.0108287	3.96811e-05	0.484755	0.436211	0.0483669	0.000177237	6.68855e-05	0.000298747	
682	0.0992867	0.0975621	0.00172462	0	0.443468	0.435765	0.00770309	0	0	0	
683	0.0965645	0.091108	0.00545645	0	0.431309	0.406937	0.0243714	0	0	0	
684	0.105139	0.0941943	0.0109456	0	0.469612	0.420722	0.048889	0	0	0	
685	0.1848	0.140632	0.0433219	0.000845267	0.825417	0.628142	0.193499	0.00377542	0.000850517	0.00379887	
686	0.105578	0.0904487	0.0147195	0.000410508	0.471571	0.403992	0.0657456	0.00183355	0.00041095	0.00183552	
687	0.0815821	0.0777693	0.00380448	8.39951e-06	0.36439	0.347359	0.0169929	3.75167e-05	1.04985e-05	4.68921e-05	
688	0.0641938	0.0641938	0	0	0.286724	0.286724	0	0	0	0	
689	0.00822978	0.00714641	0.00108336	0	0.0367586	0.0319197	0.00483888	0	0	0	
690	0.0605026	0.0597901	0.000712494	0	0.270237	0.267055	0.00318238	0	0	0	
691	0.107329	0.098048	0.00917563	0.000105533	0.47939	0.437935	0.0409833	0.00047137	0.000115031	0.000513791	
692	0.0728631	0.0728631	0	0	0.325446	0.325446	0	0	0	0	
693	0.0854013	0.0792726	0.00612583	2.91248e-06	0.381448	0.354074	0.0273612	1.30087e-05	3.41565e-06	1.52561e-05	
694	0.236756	0.154285	0.0774977	0.00497332	1.05748	0.689122	0.346146	0.0222135	0.0057787	0.0258108	
695	0.0914085	0.0792557	0.0121161	3.67733e-05	0.40828	0.353999	0.0541171	0.000164249	4.10872e-05	0.000183517	
696	0.240209	0.159621	0.0788062	0.00178149	1.0729	0.712955	0.351991	0.0079571	0.00210108	0.00938459	
697	0.142714	0.0827173	0.0596012	0.000396009	0.63744	0.36946	0.266211	0.00176879	0.000917181	0.00409663	
698	0.385297	0.195636	0.187293	0.00236693	1.72094	0.873819	0.836554	0.0105719	0.00320822	0.0143296	
699	0.343989	0.185191	0.154484	0.00431338	1.53644	0.827164	0.690013	0.0192659	0.0101137	0.0451735	
700	0.0824511	0.0824511	0	0	0.368271	0.368271	0	0	0	0	
701	0.0826002	0.0823077	0.00029257	0	0.368937	0.36763	0.00130678	0	0	0	
702	0.110453	0.106152	0.0043003	6.2151e-07	0.493343	0.474133	0.0192074	2.776e-06	9.5586e-07	4.26939e-06	
703	0.0900249	0.0875497	0.00247015	5.11142e-06	0.4021	0.391044	0.011033	2.28303e-05	5.04546e-06	2.25357e-05	
704	0.0908697	0.0793575	0.0115122	0	0.405873	0.354453	0.0514198	0	0	0	
705	0.102626	0.0879748	0.0146517	0	0.458386	0.392943	0.0654427	0	0	0	
706	0.208518	0.158	0.0504239	9.42599e-05	0.931357	0.705716	0.22522	0.000421015	0.000146973	0.000656462	
707	0.0861043	0.0801623	0.00594194	0	0.384588	0.358048	0.0265399	0	0	0	
708	0.0798315	0.0798315	0	0	0.35657	0.35657	0	0	0	0	
709	0.117435	0.103231	0.0140572	0.000147127	0.524532	0.461088	0.0627873	0.000657152	0.000147068	0.000656888	
710	0.174128	0.095858	0.0781635	0.000106771	0.77775	0.428153	0.34912	0.000476899	0.000176994	0.000790552	
711	0.0918983	0.0805558	0.0113424	0	0.410467	0.359806	0.0506614	0	0	0	
712	0.0764506	0.0764506	0	0	0.341469	0.341469	0	0	0	0	
713	0.0852798	0.0782917	0.00698811	0	0.380906	0.349693	0.0312127	0	0	0	
714	0.0895513	0.0815475	0.00800383	0	0.399984	0.364235	0.0357494	0	0	0	
715	0.0710158	0.0699434	0.00107243	0	0.317195	0.312405	0.00479005	0	0	0	
716	0.0834339	0.0748669	0.00855669	1.03428e-05	0.372661	0.334396	0.0382188	4.61966e-05	1.75825e-05	7.85333e-05	
717	0.09788	0.0881476	0.00967028	6.20997e-05	0.437185	0.393715	0.0431927	0.000277371	6.20655e-05	0.000277218	
718	0.118294	0.107981	0.0102233	8.9239e-05	0.528365	0.482304	0.045663	0.00039859	9.05692e-05	0.000404531	
719	0.0705203	0.0628289	0.00768489	6.56584e-06	0.314981	0.280628	0.0343249	2.93266e-05	7.18179e-06	3.20777e-05	
720	0.0621144	0.0619908	0.000123679	0	0.277436	0.276884	0.000552419	0	0	0	
721	0.124054	0.106162	0.0176708	0.000221318	0.554094	0.474178	0.0789276	0.000988529	0.000225933	0.00100914	
722	0.081688	0.0807292	0.000958887	0	0.364863	0.36058	0.0042829	0	0	0	
723	0.116433	0.101888	0.014545	0	0.520054	0.455088	0.0649661	0	0	0	
724	0.0813883	0.0803642	0.00102417	0	0.363524	0.35895	0.0045745	0	0	0	
725	0.0822325	0.0622907	0.0199418	0	0.367295	0.278224	0.0890709	0	0	0	
726	0.0441632	0.0424677	0.00169545	0	0.197256	0.189684	0.00757282	0	0	0	
727	0.0887859	0.0886033	0.000182605	0	0.396566	0.39575	0.000815614	0	0	0	
728	0.104479	0.0850743	0.0189053	0.000499604	0.466661	0.379988	0.0844417	0.0022315	0.000592179	0.00264499	
729	0.102469	0.0772805	0.0251154	7.32465e-05	0.457682	0.345176	0.112179	0.000327158	8.04779e-05	0.000359458	
730	0.11177	0.104454	0.00727291	4.3469e-05	0.499228	0.46655	0.0324847	0.000194156	4.61739e-05	0.000206237	
731	0.121394	0.0940501	0.0269343	0.000409659	0.542212	0.420079	0.120303	0.00182975	0.000690135	0.00308252	
732	0.08836	0.0770533	0.0113066	0	0.394663	0.344162	0.0505017	0	0	0	
733	0.0999579	0.0915927	0.00828869	7.6519e-05	0.446466	0.409103	0.0370218	0.000341775	7.64529e-05	0.00034148	
734	0.112529	0.106401	0.00612667	1.53073e-06	0.502617	0.475246	0.027365	6.83708e-06	1.72596e-06	7.7091e-06	
735	0.066251	0.0654559	0.00079509	0	0.295913	0.292361	0.0035513	0	0	0	
736	0.0556668	0.0552642	0.000402617	0	0.248638	0.246839	0.0017983	0	0	0	
737	0.0984279	0.0793164	0.0191048	6.75792e-06	0.439632	0.35427	0.0853325	3.01845e-05	1.19799e-05	5.35091e-05	
738	0.123475	0.112705	0.0107347	3.58573e-05	0.551509	0.503402	0.0479473	0.000160158	4.09295e-05	0.000182813	
739	0.0673654	0.0645604	0.00279584	9.2256e-06	0.30089	0.288362	0.0124877	4.12065e-05	9.28382e-06	4.14665e-05	
740	0.0365611	0.0365435	1.76085e-05	0	0.163301	0.163223	7.86491e-05	0	0	0	
741	0.0917692	0.0860342	0.00565251	8.24858e-05	0.40989	0.384275	0.0252472	0.000368426	8.24198e-05	0.000368131	
742	0.14418	0.122443	0.0217158	2.1159e-05	0.643988	0.546899	0.0969946	9.45077e-05	2.10937e-05	9.42161e-05	
743	0.0891829	0.0838297	0.00528549	6.77326e-05	0.398339	0.374429	0.0236078	0.00030253	6.76665e-05	0.000302235	
744	0.0556956	0.0551218	0.000573762	0	0.248766	0.246204	0.00256273	0	0	0	
745	0.116603	0.101308	0.0152952	0	0.520815	0.452498	0.0683167	0	0	0	
746	0.0812226	0.074826	0.00639658	0	0.362784	0.334213	0.0285705	0	0	0	
747	0.0854531	0.083888	0.00156514	0	0.38168	0.374689	0.00699079	0	0	0	
748	0.0951677	0.081877	0.0132842	6.60312e-06	0.42507	0.365707	0.0593345	2.94931e-05	7.68631e-06	3.43312e-05	
749	0.11861	0.111887	0.00671584	7.39879e-06	0.52978	0.49975	0.0299966	3.3047e-05	7.33278e-06	3.27522e-05	
750	0.0893972	0.0817774	0.00761976	0	0.399296	0.365262	0.0340339	0	0	0	
751	0.336584	0.151277	0.154325	0.0309803	1.50336	0.675689	0.689303	0.138374	0.0368699	0.164681	
752	0.0957407	0.0760418	0.0195664	0.000132538	0.42763	0.339644	0.0873943	0.000591989	0.00015176	0.000677844	
753	0.0997248	0.0921051	0.00761976	0	0.445425	0.411391	0.0340339	0	0	0	
754	0.234068	0.1757	0.0583425	2.62213e-05	1.04547	0.784772	0.260589	0.000117118	0.000355815	0.00158926	
755	0.116931	0.0916338	0.0252854	1.20214e-05	0.522278	0.409286	0.112938	5.36941e-05	1.19665e-05	5.3449e-05	
756	0.213178	0.11353	0.099648	0	0.952172	0.50709	0.445082	0	0	0	
757	0.12016	0.0771877	0.0399516	0.00302111	0.536701	0.344762	0.178445	0.0134939	0.003067	0.0136989	
758	0.228285	0.127238	0.100957	9.05879e-05	1.01964	0.568314	0.450929	0.000404614	0.000143472	0.000640823	
759	0.117521	0.0709989	0.0465008	2.19936e-05	0.524915	0.317119	0.207698	9.82357e-05	0.000125701	0.000561452	
760	0.109012	0.0863071	0.0227055	0	0.486909	0.385494	0.101415	0	0	0	
761	0.11956	0.109361	0.0100959	0.00010283	0.53402	0.488467	0.0450941	0.000459296	0.000103868	0.000463933	
762	0.0504167	0.0504167	0	0	0.225188	0.225188	0	0	0	0	
763	0.0557641	0.0536853	0.00207889	0	0.249073	0.239787	0.00928545	0	0	0	
764	0.0791463	0.0763141	0.00283162	6.39921e-07	0.35351	0.34086	0.0126475	2.85823e-06	5.74012e-07	2.56385e-06	
765	0.0875158	0.083377	0.0041388	0	0.390893	0.372406	0.0184861	0	0	0	
766	0.0497979	0.0442686	0.00543321	9.61657e-05	0.222424	0.197727	0.0242676	0.000429528	0.000105674	0.000472001	
767	0.0514303	0.0429212	0.0084217	8.74825e-05	0.229715	0.191709	0.0376158	0.000390744	0.000104541	0.000466939	
768	0.0450884	0.0450688	1.95548e-05	0	0.201389	0.201302	8.73427e-05	0	0	0	
769	0.0835705	0.0521916	0.0304827	0.000896162	0.373271	0.233116	0.136152	0.00400274	0.000902837	0.00403255	
770	0.0837346	0.0562626	0.027472	0	0.374004	0.251299	0.122705	0	0	0	
771	0.114677	0.0778302	0.0368167	3.09388e-05	0.512213	0.347632	0.164443	0.000138189	0.000204392	0.000912925	
772	0.102706	0.102706	0	0	0.458741	0.458741	0	0	0	0	
773	0.132361	0.0900391	0.0423093	1.32759e-05	0.591199	0.402163	0.188976	5.92975e-05	2.21478e-05	9.89244e-05	
774	0.0772773	0.0772112	6.61234e-05	0	0.345162	0.344867	0.000295343	0	0	0	
775	0.0752418	0.0752418	0	0	0.33607	0.33607	0	0	0	0	
776	0.0645481	0.0645481	0	0	0.288306	0.288306	0	0	0	0	
777	0.0739219	0.0739219	0	0	0.330175	0.330175	0	0	0	0	
778	0.0917803	0.0917803	0	0	0.40994	0.40994	0	0	0	0	
779	0.134881	0.110148	0.0247327	7.10566e-08	0.602454	0.491984	0.110469	3.17377e-07	1.43364e-07	6.40344e-07	
780	0.0503788	0.0432503	0.00712853	0	0.225019	0.193179	0.0318398	0	0	0	
781	0.0568348	0.0422564	0.0145784	0	0.253855	0.18874	0.0651151	0	0	0	
782	0.108099	0.0946576	0.0134421	0	0.482832	0.422792	0.0600397	0	0	0	
783	0.285515	0.134182	0.131938	0.0193952	1.27526	0.599329	0.589309	0.0866298	0.024545	0.109631	
784	0.0713779	0.0713779	0	0	0.318812	0.318812	0	0	0	0	
785	0.129545	0.0749621	0.0545689	1.43145e-05	0.57862	0.334821	0.243734	6.39366e-05	2.77591e-05	0.000123987	
786	0.118213	0.0944326	0.0237483	3.28888e-05	0.528006	0.421787	0.106073	0.000146899	3.34792e-05	0.000149536	
787	0.200503	0.0836379	0.115444	0.00142142	0.895559	0.373572	0.515638	0.00634883	0.00707565	0.0316036	
788	0.172094	0.0911865	0.080733	0.000174493	0.768665	0.407288	0.360597	0.000779384	0.000216545	0.000967209	
789	0.102355	0.102289	6.61234e-05	0	0.457173	0.456878	0.000295343	0	0	0	
790	0.113041	0.0841479	0.0288779	1.55837e-05	0.504904	0.37585	0.128984	6.96056e-05	1.55208e-05	6.93243e-05	
791	0.120978	0.0869092	0.0340194	4.96017e-05	0.540354	0.388183	0.151949	0.000221548	4.97588e-05	0.00022225	
792	0.0956507	0.0822086	0.0134421	0	0.427227	0.367188	0.0600397	0	0	0	
793	0.292574	0.146949	0.132673	0.0129514	1.30679	0.656354	0.592592	0.0578483	0.0187196	0.0836122	
794	0.106311	0.0893743	0.016937	2.37986e-07	0.474845	0.399194	0.0756501	1.06297e-06	6.34453e-07	2.83381e-06	
795	0.148606	0.105338	0.0432109	5.65019e-05	0.663756	0.4705	0.193003	0.000252368	8.27674e-05	0.000369684	
796	0.0935951	0.0935951	0	0	0.418046	0.418046	0	0	0	0	
797	0.0531497	0.0531497	0	0	0.237395	0.237395	0	0	0	0	
798	0.196162	0.103589	0.0918233	0.000750222	0.87617	0.462686	0.410132	0.00335089	0.00153199	0.00684274	
799	0.176361	0.129047	0.0473137	5.43683e-07	0.787728	0.576397	0.211328	2.42838e-06	4.95518e-07	2.21325e-06	
800	0.22302	0.158443	0.0645723	4.61753e-06	0.996131	0.707695	0.288414	2.06244e-05	5.09671e-06	2.27646e-05	
801	0.148086	0.0851049	0.0629401	4.15658e-05	0.661435	0.380124	0.281124	0.000185655	6.91544e-05	0.000308881	
802	0.137006	0.0861781	0.0507256	0.000102395	0.611943	0.384918	0.226568	0.000457352	0.000147367	0.000658224	
803	0.083136	0.083136	0	0	0.37133	0.37133	0	0	0	0	
804	0.198058	0.150731	0.0472853	4.16616e-05	0.884638	0.67325	0.211202	0.000186083	5.22327e-05	0.000233299	
805	0.206412	0.143623	0.0622745	0.000514152	0.921948	0.6415	0.278151	0.00229648	0.00142167	0.00634995	
806	0.168504	0.106728	0.0575716	0.00420476	0.752631	0.476705	0.257146	0.0187807	0.00499318	0.0223022	
807	0.16698	0.119108	0.0475944	0.000277887	0.745825	0.532001	0.212582	0.00124119	0.000339515	0.00151646	
808	0.176589	0.15232	0.0242148	5.4034e-05	0.788745	0.680348	0.108156	0.000241345	6.3679e-05	0.000284425	
809	0.182415	0.111985	0.0696981	0.00073163	0.814766	0.500189	0.311309	0.00326785	0.000920136	0.00410982	
810	0.0791053	0.0777933	0.00131192	0	0.353327	0.347467	0.00585976	0	0	0	
811	0.141812	0.0969236	0.0448354	5.36152e-05	0.633412	0.432913	0.200259	0.000239474	6.29896e-05	0.000281345	
812	0.182827	0.111935	0.0708322	5.979e-05	0.816607	0.499965	0.316375	0.000267054	0.000426041	0.00190293	
813	0.0645557	0.063827	0.000728674	0	0.28834	0.285086	0.00325465	0	0	0	
814	0.102853	0.081311	0.0215422	1.31037e-07	0.459398	0.363179	0.0962194	5.85283e-07	3.01065e-07	1.34472e-06	
815	0.153611	0.132341	0.0206605	0.0006097	0.68611	0.591106	0.0922812	0.00272325	0.000628969	0.00280932	
816	0.215025	0.155455	0.0590422	0.000527447	0.96042	0.69435	0.263714	0.00235586	0.00120327	0.00537445	
817	0.165429	0.0969596	0.066214	0.00225548	0.738896	0.433074	0.295747	0.0100742	0.00435016	0.0194301	
818	0.19191	0.123969	0.0664953	0.00144537	0.857174	0.553714	0.297004	0.0064558	0.00229986	0.0102724	
819	0.0674048	0.0667996	0.000605174	0	0.301066	0.298363	0.00270303	0	0	0	
820	0.0953872	0.0905384	0.00484879	0	0.42605	0.404393	0.0216573	0	0	0	
821	0.0276889	0.027496	0.000192893	0	0.123673	0.122812	0.000861568	0	0	0	
822	0.0923452	0.0840612	0.00828395	0	0.412463	0.375463	0.0370006	0	0	0	
823	0.0602368	0.0588617	0.00137508	0	0.26905	0.262908	0.00614189	0	0	0	
824	0.119268	0.119268	0	0	0.532718	0.532718	0	0	0	0	
825	0.07876	0.0783258	0.000434169	0	0.351784	0.349845	0.00193923	0	0	0	
826	0.116874	0.105805	0.0110692	0	0.522025	0.472584	0.049441	0	0	0	
827	0.0842925	0.0838583	0.000434169	0	0.376496	0.374556	0.00193923	0	0	0	
828	0.182954	0.103325	0.0789436	0.000684955	0.817172	0.461508	0.352605	0.00305938	0.00146891	0.00656096	
829	0.12804	0.101231	0.0268081	8.29923e-07	0.5719	0.452156	0.119739	3.70688e-06	1.62345e-05	7.25122e-05	
830	0.170205	0.13349	0.0367142	1.67222e-06	0.760231	0.596238	0.163985	7.46904e-06	2.11894e-06	9.46433e-06	
831	0.100319	0.100319	0	0	0.448081	0.448081	0	0	0	0	
832	0.0880514	0.0835786	0.00446993	2.95751e-06	0.393285	0.373307	0.0199651	1.32098e-05	6.2857e-06	2.80753e-05	
833	0.0926739	0.0881235	0.00453998	1.03889e-05	0.413931	0.393607	0.020278	4.64027e-05	1.32612e-05	5.9232e-05	
834	0.0988909	0.0975812	0.00130727	2.43596e-06	0.4417	0.43585	0.00583897	1.08803e-05	2.36994e-06	1.05854e-05	
835	0.102335	0.0962513	0.00608452	0	0.457087	0.42991	0.0271767	0	0	0	
836	0.144596	0.115772	0.0286519	0.000172502	0.645846	0.517101	0.127975	0.000770488	0.000175563	0.00078416	
837	0.133809	0.119699	0.0138682	0.00024218	0.597666	0.534642	0.061943	0.0010817	0.000254091	0.00113491	
838	0.13265	0.0969249	0.0356753	5.07096e-05	0.59249	0.432919	0.159345	0.000226496	0.000127988	0.000571666	
839	0.206664	0.151725	0.0538809	0.00105762	0.923075	0.67769	0.240661	0.00472391	0.00112479	0.00502394	
840	0.108399	0.0763179	0.0320819	0	0.484172	0.340877	0.143295	0	0	0	
841	0.107931	0.0795561	0.028356	1.93963e-05	0.48208	0.35534	0.126653	8.66348e-05	4.16463e-05	0.000186015	
842	0.105718	0.0974468	0.00827171	0	0.472196	0.43525	0.0369459	0	0	0	
843	0.133117	0.120803	0.0122444	6.88755e-05	0.594573	0.539575	0.0546902	0.000307635	7.26573e-05	0.000324526	
844	0.140292	0.109364	0.0308821	4.51908e-05	0.62662	0.488482	0.137936	0.000201846	4.67872e-05	0.000208977	
845	0.177383	0.133787	0.0427783	0.000817626	0.792291	0.597568	0.191071	0.00365196	0.00120719	0.00539198	
846	0.105647	0.0933634	0.0122838	2.43285e-07	0.471878	0.417011	0.0548662	1.08664e-06	6.85049e-07	3.0598e-06	
847	0.121131	0.0951998	0.0259186	1.34386e-05	0.54104	0.425213	0.115766	6.00244e-05	1.36882e-05	6.11392e-05	
848	0.104984	0.102037	0.00294663	1.52308e-07	0.468917	0.455755	0.0131612	6.80291e-07	1.53157e-07	6.84085e-07	
849	0.100252	0.0961442	0.00410821	2.86211e-07	0.447782	0.429432	0.0183495	1.27837e-06	6.27568e-07	2.80305e-06	
850	0.0801047	0.0795546	0.000550071	0	0.357791	0.355334	0.00245691	0	0	0	
851	0.0640978	0.0640978	0	0	0.286295	0.286295	0	0	0	0	
852	0.094522	0.0842007	0.0103013	2.0012e-05	0.422186	0.376086	0.0460115	8.93845e-05	2.88902e-05	0.000129039	
853	0.106982	0.102714	0.004268	0	0.477841	0.458778	0.0190632	0	0	0	
854	0.0997501	0.0938399	0.00590986	3.9253e-07	0.445538	0.41914	0.0263966	1.75325e-06	3.26344e-07	1.45763e-06	
855	0.110386	0.0925465	0.0170733	0.000766276	0.493044	0.413363	0.0762588	0.0034226	0.00076621	0.00342231	
856	0.110888	0.102877	0.00801086	0	0.495288	0.459507	0.0357808	0	0	0	
857	0.0629023	0.0629023	0	0	0.280955	0.280955	0	0	0	0	
858	0.101563	0.084736	0.0168275	0	0.453637	0.378476	0.075161	0	0	0	
859	0.125269	0.111057	0.0142124	0	0.559523	0.496043	0.0634803	0	0	0	
860	0.0914604	0.0834495	0.00801086	0	0.408511	0.37273	0.0357808	0	0	0	
861	0.085589	0.085589	0	0	0.382287	0.382287	0	0	0	0	
862	0.117669	0.078194	0.0394684	7.52633e-06	0.525577	0.349256	0.176287	3.36166e-05	1.77935e-05	7.94754e-05	
863	0.119925	0.114081	0.00584322	1.94957e-07	0.53565	0.50955	0.026099	8.70786e-07	1.28773e-07	5.75172e-07	
864	0.104703	0.094369	0.010334	0	0.46766	0.421503	0.0461574	0	0	0	
865	0.116531	0.115621	0.000910103	0	0.520491	0.516426	0.00406501	0	0	0	
866	0.0760239	0.0751397	0.000884217	0	0.339564	0.335614	0.00394939	0	0	0	
867	0.0856215	0.0856215	0	0	0.382432	0.382432	0	0	0	0	
868	0.104036	0.0988492	0.00516384	2.39503e-05	0.464685	0.441514	0.0230645	0.000106975	2.38844e-05	0.00010668	
869	0.0960542	0.0935715	0.00248197	7.94772e-07	0.42903	0.417941	0.0110858	3.54988e-06	7.28857e-07	3.25547e-06	
870	0.131389	0.124842	0.00654653	0	0.586855	0.557615	0.0292403	0	0	0	
871	0.110502	0.0978091	0.0126065	8.66601e-05	0.493563	0.436868	0.0563075	0.000387071	8.65941e-05	0.000386776	
872	0.0414494	0.0414494	0	0	0.185135	0.185135	0	0	0	0	
873	0.0991894	0.0989095	0.000279914	0	0.443033	0.441783	0.00125024	0	0	0	
874	0.111182	0.0899703	0.0210767	0.000135312	0.4966	0.401856	0.0941401	0.000604379	0.000135918	0.000607085	
875	0.0806866	0.0806866	0	0	0.36039	0.36039	0	0	0	0	
876	0.044018	0.044018	0	0	0.196608	0.196608	0	0	0	0	
877	0.106622	0.0867712	0.0196706	0.000180563	0.476233	0.387567	0.0878596	0.000806493	0.000180497	0.000806198	
878	0.0991796	0.0983897	0.000789843	0	0.442989	0.439461	0.00352786	0	0	0	
879	0.0865573	0.0863862	0.000171106	0	0.386612	0.385847	0.000764255	0	0	0	
880	0.0939384	0.0868347	0.00710362	0	0.419579	0.387851	0.0317286	0	0	0	
881	0.0798393	0.0785651	0.00126937	4.90574e-06	0.356605	0.350914	0.0056697	2.19117e-05	4.83969e-06	2.16167e-05	
882	0.0904171	0.0885927	0.00182439	0	0.403852	0.395703	0.00814873	0	0	0	
883	0.0594263	0.0586976	0.000728674	0	0.26543	0.262175	0.00325465	0	0	0	
884	0.0780622	0.0780622	0	0	0.348668	0.348668	0	0	0	0	
885	0.0886768	0.0886768	0	0	0.396079	0.396079	0	0	0	0	
886	0.102149	0.100766	0.00138266	0	0.456255	0.450079	0.00617574	0	0	0	
887	0.0655959	0.0654922	0.000103765	0	0.292987	0.292523	0.000463471	0	0	0	
888	0.0960092	0.0959196	8.96612e-05	0	0.428829	0.428429	0.000400475	0	0	0	
889	0.0677862	0.0640191	0.00376709	0	0.30277	0.285944	0.0168259	0	0	0	
890	0.0926192	0.0907866	0.00183118	1.53105e-06	0.413687	0.405502	0.00817904	6.8385e-06	1.46507e-06	6.54379e-06	
891	0.0416828	0.0408891	0.000793683	0	0.186178	0.182633	0.00354501	0	0	0	
892	0.0580047	0.0580047	0	0	0.25908	0.25908	0	0	0	0	
893	0.0862605	0.0860894	0.000171106	0	0.385286	0.384522	0.000764255	0	0	0	
894	0.0843017	0.0830003	0.00129749	3.98071e-06	0.376537	0.370724	0.00579531	1.778e-05	3.91464e-06	1.74849e-05	
895	0.0793008	0.0793008	0	0	0.3542	0.3542	0	0	0	0	
896	0.0790672	0.0781048	0.000962431	0	0.353157	0.348858	0.00429873	0	0	0	
897	0.0752429	0.071054	0.00418882	0	0.336075	0.317366	0.0187095	0	0	0	
898	0.0724798	0.0724798	0	0	0.323734	0.323734	0	0	0	0	
899	0.0982099	0.0948346	0.00337531	0	0.438658	0.423582	0.0150759	0	0	0	
900	0.0811412	0.0811412	0	0	0.36242	0.36242	0	0	0	0	
901	0.181173	0.111407	0.0690516	0.000714298	0.809219	0.497607	0.308422	0.00319044	0.000804274	0.00359232	
902	0.0749456	0.0745686	0.000376916	0	0.334747	0.333064	0.00168351	0	0	0	
903	0.214938	0.115247	0.0991823	0.000508737	0.960033	0.514759	0.443002	0.00227229	0.000533993	0.0023851	
904	0.0672886	0.0672886	0	0	0.300547	0.300547	0	0	0	0	
905	0.159289	0.0921998	0.0670896	0	0.711473	0.411814	0.299658	0	0	0	
906	0.207932	0.129735	0.0778577	0.00033892	0.928737	0.579468	0.347755	0.0015138	0.000578068	0.00258196	
907	0.0805484	0.0798035	0.000744958	0	0.359773	0.356445	0.00332738	0	0	0	
908	0.110994	0.0986615	0.0122702	6.31451e-05	0.495763	0.440675	0.0548055	0.00028204	6.30791e-05	0.000281745	
909	0.106709	0.104884	0.00182465	0	0.47662	0.46847	0.00814987	0	0	0	
910	0.114628	0.0896575	0.0249708	0	0.511992	0.400459	0.111533	0	0	0	
911	0.126041	0.106024	0.0196883	0.000329022	0.56297	0.473562	0.0879388	0.00146959	0.000439816	0.00196445	
912	0.108737	0.0953688	0.0133686	0	0.48568	0.425968	0.0597116	0	0	0	
913	0.11297	0.0981828	0.0146451	0.000142215	0.504585	0.438537	0.0654131	0.00063521	0.000142149	0.000634915	
914	0.0763003	0.0763003	0	0	0.340798	0.340798	0	0	0	0	
915	0.132936	0.0912478	0.0415607	0.000128493	0.593768	0.407562	0.185632	0.000573919	0.000128428	0.000573631	
916	0.106307	0.106307	0	0	0.474825	0.474825	0	0	0	0	
917	0.115744	0.0921098	0.023635	0	0.516979	0.411412	0.105567	0	0	0	
918	0.124041	0.0885042	0.0347324	0.000804941	0.554036	0.395307	0.155134	0.0035953	0.00155183	0.00693135	
919	0.0918355	0.085811	0.00602445	0	0.410187	0.383278	0.0269084	0	0	0	
920	0.114076	0.0853788	0.0285324	0.000165045	0.509526	0.381348	0.127441	0.000737183	0.000174923	0.000781303	
921	0.0381235	0.0381235	0	0	0.17028	0.17028	0	0	0	0	
922	0.0191905	0.0190511	0.000139449	0	0.0857154	0.0850925	0.000622857	0	0	0	
923	0.0606585	0.0589119	0.00174274	3.98958e-06	0.270934	0.263132	0.00778405	1.78196e-05	3.92356e-06	1.75247e-05	
924	0.05714	0.0514403	0.00569969	0	0.255218	0.22976	0.0254579	0	0	0	
925	0.0495245	0.0446244	0.00490008	0	0.221203	0.199317	0.0218864	0	0	0	
926	0.064297	0.0585513	0.00574562	0	0.287185	0.261522	0.025663	0	0	0	
927	0.0772077	0.0769366	0.000271081	0	0.344851	0.34364	0.00121079	0	0	0	
928	0.105042	0.0947086	0.0103343	0	0.469178	0.423019	0.0461588	0	0	0	
929	0.0463252	0.0428089	0.00351635	0	0.206913	0.191207	0.0157059	0	0	0	
930	0.0753347	0.0744386	0.000896037	0	0.336485	0.332483	0.00400218	0	0	0	
931	0.0903584	0.082219	0.00813943	0	0.403589	0.367234	0.0363551	0	0	0	
932	0.0837738	0.0837738	0	0	0.374179	0.374179	0	0	0	0	
933	0.0475115	0.0475115	0	0	0.212212	0.212212	0	0	0	0	
934	0.0478883	0.045268	0.00262031	0	0.213895	0.202191	0.0117037	0	0	0	
935	0.0931283	0.0773858	0.0157424	0	0.415961	0.345647	0.0703143	0	0	0	
936	0.0754947	0.0754947	0	0	0.3372	0.3372	0	0	0	0	
937	0.061635	0.061635	0	0	0.275295	0.275295	0	0	0	0	
938	0.0670507	0.0670507	0	0	0.299484	0.299484	0	0	0	0	
939	0.0735556	0.0726065	0.000949147	0	0.328539	0.324299	0.0042394	0	0	0	
940	0.074914	0.0741847	0.000729352	0	0.334606	0.331349	0.00325768	0	0	0	
941	0.0684522	0.0684522	0	0	0.305744	0.305744	0	0	0	0	
942	0.070554	0.070554	0	0	0.315132	0.315132	0	0	0	0	
943	0.0799122	0.0799122	0	0	0.356931	0.356931	0	0	0	0	
944	0.0637674	0.0633636	0.000403737	0	0.284819	0.283016	0.0018033	0	0	0	
945	0.0630843	0.0630843	0	0	0.281769	0.281769	0	0	0	0	
946	0.0653726	0.0653726	0	0	0.291989	0.291989	0	0	0	0	
947	0.0954545	0.0954545	0	0	0.426351	0.426351	0	0	0	0	
948	0.0656977	0.0540561	0.0116415	0	0.293441	0.241444	0.0519975	0	0	0	
949	0.064498	0.064498	0	0	0.288083	0.288083	0	0	0	0	
950	0.0858038	0.0858038	0	0	0.383246	0.383246	0	0	0	0	
951	0.11618	0.115634	0.000545409	0	0.518924	0.516488	0.00243609	0	0	0	
952	0.0498272	0.049347	0.000480194	0	0.222555	0.22041	0.00214481	0	0	0	
953	0.0533906	0.0531415	0.000249157	0	0.238471	0.237358	0.00111287	0	0	0	
954	0.0867058	0.0861424	0.00056331	0	0.387275	0.384759	0.00251605	0	0	0	
955	0.0888196	0.0888196	0	0	0.396716	0.396716	0	0	0	0	
956	0.0495517	0.0495517	0	0	0.221324	0.221324	0	0	0	0	
957	0.0787367	0.0787367	0	0	0.351681	0.351681	0	0	0	0	
958	0.0810295	0.0691029	0.0119266	0	0.361922	0.308651	0.0532708	0	0	0	
959	0.0906611	0.0906611	0	0	0.404941	0.404941	0	0	0	0	
960	0.0564882	0.0564882	0	0	0.252306	0.252306	0	0	0	0	
961	0.0749727	0.0746876	0.000285083	0	0.334868	0.333595	0.00127333	0	0	0	
962	0.0977032	0.0976424	6.08804e-05	0	0.436395	0.436123	0.000271924	0	0	0	
963	0.1453	0.145229	7.06386e-05	0	0.648988	0.648673	0.00031551	0	0	0	
964	0.10453	0.103967	0.00056331	0	0.466891	0.464375	0.00251605	0	0	0	
965	0.145546	0.0958599	0.0496857	1.20793e-06	0.65009	0.428162	0.221923	5.39531e-06	1.14073e-06	5.09512e-06	
966	0.150951	0.101273	0.0496782	0	0.674232	0.452342	0.221889	0	0	0	
967	0.0444956	0.0441637	0.000331886	0	0.198741	0.197259	0.00148238	0	0	0	
968	0.0707253	0.0703934	0.000331886	0	0.315897	0.314415	0.00148238	0	0	0	
969	0.225329	0.177177	0.0480943	5.82367e-05	1.00644	0.79137	0.214815	0.000260117	8.14013e-05	0.000363582	
970	0.217511	0.17299	0.0443894	0.000132125	0.971526	0.772669	0.198267	0.000590142	0.000172101	0.000768698	
