Node	dPC	dPCintra	dPCflux	dPCconnector	varPC	varPCintra	varPCflux	varPCconnector	dBC_PC	varBC_PC	
1	0.172107	0.166368	0.00573247	6.4593e-06	0.76204	0.736629	0.0253816	2.85998e-05	6.44216e-06	2.85239e-05	
2	0.0883946	0.0837487	0.00464589	0	0.391384	0.370813	0.0205706	0	0	0	
3	0.0930234	0.0820453	0.010977	1.04213e-06	0.411879	0.363271	0.0486028	4.61424e-06	3.75979e-06	1.66472e-05	
4	0.0575963	0.0575964	0	0	0.255019	0.255019	0	0	0	0	
5	0.115742	0.106578	0.00916279	1.66667e-06	0.512472	0.471894	0.04057	7.37951e-06	4.27188e-06	1.89145e-05	
6	0.0915001	0.0897695	0.00172541	5.22421e-06	0.405134	0.397471	0.00763959	2.31312e-05	5.20738e-06	2.30566e-05	
7	0.090193	0.0864609	0.00373173	3.40833e-07	0.399347	0.382822	0.0165229	1.5091e-06	3.24099e-07	1.43501e-06	
8	0.126222	0.103325	0.0228965	0	0.558873	0.457494	0.101378	0	0	0	
9	0.0905469	0.0868915	0.0036554	0	0.400914	0.384729	0.016185	0	0	0	
10	0.0604783	0.0595272	0.000951141	0	0.267779	0.263568	0.00421136	0	0	0	
11	0.0849487	0.0794546	0.00548464	9.50495e-06	0.376127	0.3518	0.0242843	4.2085e-05	9.48795e-06	4.20097e-05	
12	0.0998076	0.0948877	0.00491354	6.3668e-06	0.441917	0.420133	0.0217556	2.81902e-05	6.35005e-06	2.8116e-05	
13	0.103525	0.103525	0	0	0.458377	0.458377	0	0	0	0	
14	0.0838475	0.0838437	3.85659e-06	0	0.371251	0.371234	1.70758e-05	0	0	0	
15	0.0976624	0.0932106	0.00444338	8.47621e-06	0.432419	0.412708	0.0196739	3.753e-05	8.45947e-06	3.74559e-05	
16	0.0736721	0.0736721	0	0	0.326197	0.326197	0	0	0	0	
17	0.0871224	0.0849411	0.00218127	0	0.385751	0.376093	0.00965802	0	0	0	
18	0.0737723	0.0725367	0.00123271	2.90282e-06	0.326641	0.32117	0.00545806	1.28528e-05	2.88597e-06	1.27782e-05	
19	0.0889228	0.0847533	0.00416954	0	0.393723	0.375261	0.0184614	0	0	0	
20	0.0594377	0.0594377	0	0	0.263171	0.263171	0	0	0	0	
21	0.085897	0.0821878	0.0036899	1.937e-05	0.380325	0.363902	0.0163377	8.57644e-05	2.28137e-05	0.000101012	
22	0.0899334	0.0880395	0.00189338	5.31762e-07	0.398197	0.389811	0.00838332	2.35448e-06	5.14931e-07	2.27995e-06	
23	0.0985128	0.0954723	0.00303074	9.76376e-06	0.436184	0.422722	0.0134192	4.32309e-05	1.12226e-05	4.96904e-05	
24	0.0673102	0.0654406	0.00186958	0	0.298028	0.289751	0.00827795	0	0	0	
25	0.122581	0.116153	0.00636529	6.23666e-05	0.542751	0.514291	0.0281835	0.00027614	6.23497e-05	0.000276065	
26	0.0861924	0.0847361	0.00145623	0	0.381633	0.375185	0.00644775	0	0	0	
27	0.0823256	0.0766451	0.00565921	2.12685e-05	0.364512	0.339361	0.0250572	9.41707e-05	2.8167e-05	0.000124715	
28	0.0634909	0.0624488	0.00104214	0	0.281118	0.276504	0.00461428	0	0	0	
29	0.107863	0.10182	0.00604275	0	0.477585	0.450829	0.0267554	0	0	0	
30	0.173803	0.149647	0.0239926	0.000163577	0.769548	0.662592	0.106232	0.000724271	0.0002558	0.0011326	
31	0.145067	0.139163	0.0059023	1.33893e-06	0.642313	0.616173	0.0261335	5.92841e-06	1.32222e-06	5.8544e-06	
32	0.143818	0.139629	0.00418849	0	0.636782	0.618236	0.0185453	0	0	0	
33	0.080421	0.0770625	0.00335856	0	0.356079	0.341209	0.0148706	0	0	0	
34	0.10826	0.0976811	0.0105602	1.92936e-05	0.479344	0.432502	0.0467575	8.54265e-05	2.23088e-05	9.87765e-05	
35	0.0742073	0.0612953	0.0126501	0.000261832	0.328567	0.271396	0.0560111	0.00115931	0.000264473	0.001171	
36	0.0847976	0.0816008	0.00319681	0	0.375458	0.361303	0.0141545	0	0	0	
37	0.175213	0.0955009	0.0788803	0.000832248	0.775791	0.422848	0.349258	0.00368494	0.00607315	0.02689	
38	0.0800125	0.0788431	0.00116945	0	0.354271	0.349093	0.00517798	0	0	0	
39	0.090682	0.0843584	0.00632306	6.38458e-07	0.401512	0.373513	0.0279965	2.8269e-06	6.6089e-07	2.92622e-06	
40	0.10414	0.101502	0.00263221	5.25693e-06	0.461101	0.449424	0.0116546	2.32761e-05	5.32352e-06	2.35709e-05	
41	0.10126	0.0964504	0.00478731	2.24205e-05	0.448348	0.427053	0.0211967	9.92711e-05	2.24037e-05	9.9197e-05	
42	0.0765165	0.0743397	0.00217675	0	0.338791	0.329153	0.00963801	0	0	0	
43	0.0567131	0.0556328	0.00108034	0	0.251108	0.246325	0.00478345	0	0	0	
44	0.065249	0.0649531	0.000295904	0	0.288902	0.287592	0.00131017	0	0	0	
45	0.0572151	0.0524235	0.00479161	0	0.253331	0.232115	0.0212158	0	0	0	
46	0.0925821	0.0855883	0.00699384	0	0.409925	0.378958	0.0309666	0	0	0	
47	0.136706	0.135581	0.00112485	0	0.605292	0.600312	0.00498049	0	0	0	
48	0.101828	0.0854918	0.0163364	0	0.450864	0.378531	0.0723328	0	0	0	
49	0.166126	0.15923	0.00688984	6.01065e-06	0.735557	0.705025	0.030506	2.66133e-05	1.05252e-05	4.66024e-05	
50	0.0998797	0.0957885	0.00408938	1.84138e-06	0.442236	0.424122	0.0181065	8.1531e-06	1.82601e-06	8.08505e-06	
51	0.0856016	0.0851326	0.000469065	0	0.379017	0.376941	0.00207687	0	0	0	
52	0.0786937	0.0766544	0.00203923	0	0.348431	0.339402	0.0090291	0	0	0	
53	0.0980108	0.0954881	0.0025138	8.91141e-06	0.433962	0.422792	0.0111303	3.9457e-05	9.32646e-06	4.12947e-05	
54	0.0947516	0.091256	0.00348781	7.78278e-06	0.419531	0.404053	0.0154429	3.44597e-05	8.65013e-06	3.83001e-05	
55	0.0987575	0.0932767	0.0054744	6.42502e-06	0.437268	0.413	0.024239	2.8448e-05	8.42532e-06	3.73047e-05	
56	0.11842	0.112672	0.00574663	8.90904e-07	0.524327	0.498879	0.0254443	3.94465e-06	2.30907e-06	1.02238e-05	
57	0.101599	0.101342	0.000256545	1.66484e-07	0.449849	0.448712	0.0011359	7.3714e-07	1.51314e-07	6.69973e-07	
58	0.124803	0.0918637	0.0328614	7.87277e-05	0.552593	0.406744	0.1455	0.000348582	0.000150588	0.000666757	
59	0.179413	0.112719	0.0666824	1.17908e-05	0.794389	0.499087	0.295249	5.2206e-05	1.4341e-05	6.34975e-05	
60	0.0757981	0.0740444	0.00175375	0	0.335611	0.327845	0.00776506	0	0	0	
61	0.0878466	0.0876627	0.000183836	0	0.388957	0.388143	0.000813972	0	0	0	
62	0.100655	0.0939824	0.00665856	1.47087e-05	0.445672	0.416125	0.0294821	6.51258e-05	1.64619e-05	7.28884e-05	
63	0.129199	0.09447	0.0346889	4.03178e-05	0.572054	0.418284	0.153592	0.000178515	5.66346e-05	0.00025076	
64	0.0981222	0.0973928	0.000728906	5.20538e-07	0.434455	0.431225	0.00322737	2.30478e-06	5.03698e-07	2.23022e-06	
65	0.110903	0.103177	0.00770852	1.79869e-05	0.491048	0.456837	0.034131	7.96405e-05	2.12773e-05	9.42095e-05	
66	0.11323	0.10152	0.0117099	0	0.501349	0.449501	0.0518481	0	0	0	
67	0.161533	0.138143	0.0232919	9.85689e-05	0.715221	0.611654	0.103129	0.000436433	0.000139433	0.000617369	
68	0.11043	0.0803322	0.0300905	7.40846e-06	0.48895	0.355686	0.133231	3.28024e-05	1.3524e-05	5.98803e-05	
69	0.118304	0.114417	0.00388317	4.52131e-06	0.523817	0.506603	0.0171935	2.00189e-05	9.45058e-06	4.18442e-05	
70	0.0815239	0.076793	0.00471699	1.39827e-05	0.360963	0.340015	0.0208854	6.19113e-05	1.72141e-05	7.62189e-05	
71	0.0668006	0.044442	0.0223585	0	0.295772	0.196775	0.098997	0	0	0	
72	0.166839	0.13022	0.0365851	3.36825e-05	0.738712	0.576575	0.161987	0.000149135	5.19508e-05	0.000230022	
73	0.0759783	0.0600021	0.0159719	4.34834e-06	0.336408	0.265671	0.0707187	1.92531e-05	7.21918e-06	3.19643e-05	
74	0.146424	0.106595	0.0396418	0.000187282	0.648324	0.471973	0.175522	0.000829229	0.000213721	0.000946292	
75	0.181221	0.143625	0.0373274	0.000269325	0.802394	0.635927	0.165274	0.00119249	0.0003101	0.00137303	
76	0.161401	0.141065	0.0201273	0.000209394	0.714637	0.624593	0.0891176	0.000927136	0.000232143	0.00102786	
77	0.0894488	0.0894488	0	0	0.396052	0.396052	0	0	0	0	
78	0.150557	0.0985346	0.0519993	2.34816e-05	0.666622	0.436281	0.230237	0.000103969	3.25496e-05	0.000144119	
79	0.155966	0.136768	0.0190448	0.00015331	0.690571	0.605568	0.0843246	0.000678809	0.000174439	0.000772362	
80	0.139947	0.124905	0.0150055	3.60234e-05	0.619643	0.553044	0.0664399	0.0001595	4.03002e-05	0.000178437	
81	0.109744	0.106	0.00374449	0	0.485917	0.469337	0.0165794	0	0	0	
82	0.266385	0.160778	0.104489	0.00111876	1.17947	0.711875	0.462645	0.00495353	0.00151581	0.00671156	
83	0.16387	0.124898	0.0388959	7.56496e-05	0.725567	0.553012	0.172219	0.000334953	8.45073e-05	0.000374172	
84	0.12207	0.0959577	0.0261126	2.70599e-07	0.540491	0.424871	0.115618	1.19813e-06	7.67533e-07	3.3984e-06	
85	0.149957	0.100867	0.0490903	0	0.663965	0.446609	0.217356	0	0	0	
86	0.168342	0.145863	0.0223537	0.000125258	0.745369	0.645839	0.0989754	0.000554608	0.000221686	0.00098156	
87	0.0832583	0.0774222	0.005836	0	0.368642	0.342802	0.02584	0	0	0	
88	0.0846669	0.0814358	0.00323106	0	0.374879	0.360573	0.0143061	0	0	0	
89	0.0774877	0.0767722	0.000715488	0	0.343091	0.339923	0.00316796	0	0	0	
90	0.106314	0.0985671	0.00772425	2.3317e-05	0.470728	0.436425	0.0342006	0.00010324	2.38578e-05	0.000105635	
91	0.107835	0.102131	0.00570394	0	0.477462	0.452207	0.0252553	0	0	0	
92	0.0857152	0.0836657	0.0020495	0	0.37952	0.370446	0.00907458	0	0	0	
93	0.0979227	0.0900613	0.00786136	0	0.433571	0.398764	0.0348077	0	0	0	
94	0.0940601	0.0855704	0.00848966	0	0.416469	0.378879	0.0375896	0	0	0	
95	0.152687	0.131197	0.0214883	1.2123e-06	0.676051	0.580902	0.0951436	5.36771e-06	1.4048e-06	6.22006e-06	
96	0.203352	0.159232	0.0440812	3.8677e-05	0.90038	0.70503	0.195178	0.00017125	4.4902e-05	0.000198812	
97	0.111725	0.0945112	0.0172078	6.82251e-06	0.494687	0.418466	0.0761911	3.02079e-05	7.97215e-06	3.52982e-05	
98	0.106169	0.0894293	0.0167385	1.13192e-06	0.470083	0.395965	0.074113	5.01181e-06	1.37243e-06	6.0767e-06	
99	0.10689	0.100265	0.0066248	3.6229e-07	0.47328	0.443946	0.0293325	1.6041e-06	5.18237e-07	2.29459e-06	
100	0.0984162	0.0921817	0.0062285	5.98177e-06	0.435756	0.408152	0.0275779	2.64854e-05	1.00829e-05	4.46443e-05	
101	0.147613	0.144621	0.00299181	0	0.653586	0.640339	0.0132468	0	0	0	
102	0.147439	0.107501	0.0399381	1.17275e-07	0.652816	0.475982	0.176833	5.19258e-07	1.13775e-06	5.03764e-06	
103	0.0774797	0.0734849	0.00399484	0	0.343056	0.325368	0.0176879	0	0	0	
104	0.105267	0.0834888	0.0217625	1.61751e-05	0.466092	0.369662	0.0963578	7.16183e-05	2.1474e-05	9.50805e-05	
105	0.0954103	0.0864126	0.00880456	0.000193105	0.422447	0.382608	0.0389839	0.000855013	0.000194458	0.000861003	
106	0.133817	0.111782	0.0220213	1.33619e-05	0.592501	0.494938	0.0975039	5.91624e-05	1.3747e-05	6.08679e-05	
107	0.229675	0.14702	0.0822852	0.000370215	1.01693	0.65096	0.364333	0.00163919	0.000458433	0.0020298	
108	0.104268	0.0971303	0.00711493	2.3102e-05	0.461668	0.430063	0.0315027	0.000102288	3.32557e-05	0.000147246	
109	0.132502	0.108341	0.0238918	0.000268976	0.586679	0.479703	0.105785	0.00119094	0.000279153	0.001236	
110	0.11792	0.108864	0.00905601	4.7553e-07	0.522117	0.482018	0.0400972	2.1055e-06	4.84817e-07	2.14662e-06	
111	0.10273	0.0964469	0.00627345	1.00512e-05	0.454858	0.427037	0.0277769	4.45036e-05	1.14662e-05	5.07688e-05	
112	0.102165	0.0950182	0.00714684	3.85451e-07	0.452357	0.420711	0.031644	1.70665e-06	1.78546e-06	7.9055e-06	
113	0.0964018	0.0919794	0.00442142	1.00638e-06	0.426837	0.407256	0.0195767	4.45597e-06	1.53689e-06	6.8049e-06	
114	0.151467	0.124431	0.0268748	0.000160929	0.670651	0.550944	0.118993	0.000712544	0.000175204	0.000775749	
115	0.114354	0.107053	0.00728621	1.46561e-05	0.506325	0.473999	0.0322611	6.48929e-05	1.48089e-05	6.55696e-05	
116	0.122925	0.114617	0.00830648	1.66616e-06	0.544274	0.507489	0.0367785	7.37726e-06	1.67062e-06	7.39703e-06	
117	0.106755	0.0970723	0.00968324	0	0.47268	0.429806	0.0428744	0	0	0	
118	0.103781	0.101835	0.0019444	1.40103e-06	0.45951	0.450895	0.00860924	6.20336e-06	1.58686e-06	7.02616e-06	
119	0.116321	0.113811	0.00250926	9.57689e-07	0.515037	0.503922	0.0111102	4.24035e-06	9.43033e-07	4.17546e-06	
120	0.106799	0.0963427	0.0104271	2.95627e-05	0.472875	0.426576	0.0461682	0.000130894	4.02906e-05	0.000178394	
121	0.0928227	0.0845053	0.00826255	5.48608e-05	0.41099	0.374163	0.036584	0.000242907	7.67542e-05	0.000339844	
122	0.174922	0.157989	0.0168787	5.40383e-05	0.774503	0.69953	0.0747337	0.000239265	6.2226e-05	0.000275517	
123	0.110966	0.107188	0.00377828	6.20432e-08	0.491325	0.474595	0.016729	2.74708e-07	2.35547e-07	1.04293e-06	
124	0.145378	0.096535	0.0483277	0.000515823	0.643691	0.427427	0.21398	0.00228391	0.00213647	0.00945966	
125	0.106723	0.10359	0.00313307	0	0.472539	0.458667	0.0138723	0	0	0	
126	0.134942	0.104543	0.0302101	0.000189327	0.597485	0.462886	0.133761	0.000838281	0.00063845	0.00282686	
127	0.205705	0.191962	0.0137174	2.61664e-05	0.910801	0.849949	0.0607366	0.000115857	3.13379e-05	0.000138754	
128	0.138487	0.120875	0.0176055	6.01537e-06	0.613178	0.5352	0.077952	2.66342e-05	7.11524e-06	3.15041e-05	
129	0.122934	0.118268	0.00466491	1.55849e-06	0.544318	0.523656	0.0206548	6.90054e-06	3.17174e-06	1.40434e-05	
130	0.0972835	0.0964188	0.000864745	0	0.430741	0.426912	0.00382882	0	0	0	
131	0.130144	0.124859	0.00527195	1.25846e-05	0.576238	0.55284	0.0233425	5.57208e-05	1.27647e-05	5.65182e-05	
132	0.108353	0.0853149	0.0230386	0	0.479756	0.377748	0.102007	0	0	0	
133	0.134496	0.111014	0.0231587	0.000322624	0.595507	0.491539	0.10254	0.00142848	0.000363852	0.00161102	
134	0.0964359	0.0958141	0.000621801	7.05572e-08	0.426988	0.424235	0.00275314	3.12405e-07	1.92855e-07	8.53903e-07	
135	0.0723116	0.0706847	0.00162691	0	0.320173	0.31297	0.00720348	0	0	0	
136	0.105814	0.1037	0.00210772	5.49873e-06	0.468512	0.459156	0.00933237	2.43467e-05	6.46072e-06	2.8606e-05	
137	0.110081	0.102304	0.00774137	3.51632e-05	0.487407	0.452975	0.0342764	0.000155691	4.46829e-05	0.000197842	
138	0.1136	0.104538	0.00906044	1.18707e-06	0.502987	0.462865	0.0401168	5.256e-06	3.38206e-06	1.49747e-05	
139	0.109574	0.106404	0.00316959	4.36804e-07	0.485161	0.471125	0.0140339	1.93403e-06	1.39773e-06	6.18873e-06	
140	0.136063	0.121279	0.0147495	3.39889e-05	0.602446	0.536989	0.0653065	0.000150492	4.8596e-05	0.000215168	
141	0.0996734	0.0931975	0.0064744	1.52245e-06	0.441323	0.41265	0.0286666	6.74097e-06	1.65381e-06	7.32259e-06	
142	0.0885331	0.0835866	0.00494648	0	0.391997	0.370095	0.0219015	0	0	0	
143	0.156207	0.155088	0.00111884	0	0.691636	0.686683	0.00495388	0	0	0	
144	0.100351	0.098952	0.00139968	0	0.444326	0.438129	0.00619738	0	0	0	
145	0.0921391	0.0869356	0.00520349	0	0.407963	0.384924	0.0230394	0	0	0	
146	0.065078	0.0613107	0.0037672	8.3518e-08	0.288145	0.271465	0.01668	3.69792e-07	6.68107e-08	2.95817e-07	
147	0.0746932	0.0728498	0.00184339	0	0.330718	0.322556	0.00816198	0	0	0	
148	0.113264	0.108049	0.00521501	1.55505e-07	0.501499	0.478408	0.0230905	6.88532e-07	1.64396e-07	7.27898e-07	
149	0.113979	0.100136	0.0138271	1.63565e-05	0.504666	0.443371	0.0612222	7.24215e-05	2.1415e-05	9.48193e-05	
150	0.0910847	0.0827912	0.0082725	2.09771e-05	0.403295	0.366574	0.0366281	9.28804e-05	2.09603e-05	9.28061e-05	
151	0.134989	0.124734	0.0101963	5.95456e-05	0.597693	0.552284	0.0451461	0.000263649	6.68522e-05	0.000296001	
152	0.0940783	0.0849667	0.00910967	2.02121e-06	0.41655	0.376206	0.0403348	8.9493e-06	7.75355e-06	3.43303e-05	
153	0.139957	0.135947	0.00400957	0	0.619688	0.601934	0.0177531	0	0	0	
154	0.104424	0.0979563	0.00646602	2.45664e-06	0.462361	0.43372	0.0286295	1.08772e-05	3.90391e-06	1.72853e-05	
155	0.112752	0.092084	0.020662	6.40966e-06	0.499233	0.407719	0.0914853	2.838e-05	9.87317e-06	4.37153e-05	
156	0.104073	0.0950019	0.00906601	5.62537e-06	0.460805	0.420639	0.0401415	2.49074e-05	5.60829e-06	2.48318e-05	
157	0.0893581	0.0885902	0.000767969	0	0.39565	0.39225	0.00340033	0	0	0	
158	0.110295	0.103789	0.00647389	3.15166e-05	0.488352	0.459549	0.0286644	0.000139546	3.26548e-05	0.000144585	
159	0.100833	0.0995501	0.0012831	0	0.446458	0.440777	0.00568119	0	0	0	
160	0.178957	0.156267	0.0226894	0	0.792366	0.691905	0.100461	0	0	0	
161	0.207802	0.17449	0.0330919	0.000220028	0.920085	0.77259	0.146521	0.00097422	0.000270688	0.00119852	
162	0.122961	0.094579	0.0283142	6.82662e-05	0.544436	0.418767	0.125367	0.000302262	8.6269e-05	0.000381972	
163	0.0936162	0.0788368	0.0147431	3.626e-05	0.414504	0.349065	0.0652782	0.000160548	3.95083e-05	0.000174931	
164	0.124556	0.0900819	0.0344487	2.61329e-05	0.551499	0.398855	0.152528	0.000115708	0.000103826	0.000459709	
165	0.153032	0.115684	0.0371678	0.000180645	0.67758	0.512213	0.164567	0.000799842	0.000221177	0.000979303	
166	0.105329	0.0978224	0.00750694	0	0.466366	0.433127	0.0332384	0	0	0	
167	0.106076	0.0975176	0.00854179	1.71642e-05	0.469674	0.431778	0.0378204	7.5998e-05	1.96072e-05	8.68147e-05	
168	0.107287	0.098467	0.0088184	1.78751e-06	0.475034	0.435981	0.0390451	7.91456e-06	6.84744e-06	3.03183e-05	
169	0.0972976	0.0951759	0.00212111	6.03968e-07	0.430804	0.421409	0.00939165	2.67418e-06	5.8725e-07	2.60016e-06	
170	0.143747	0.109136	0.0338838	0.000727152	0.636467	0.483221	0.150027	0.0032196	0.000903773	0.00400163	
171	0.216131	0.196201	0.0199263	3.67642e-06	0.956964	0.86872	0.0882275	1.6278e-05	4.27433e-06	1.89254e-05	
172	0.134338	0.122678	0.0116602	0	0.594809	0.543181	0.051628	0	0	0	
173	0.179037	0.136292	0.0424487	0.000296713	0.792723	0.603459	0.18795	0.00131375	0.000334949	0.00148305	
174	0.119492	0.113762	0.00572852	1.6152e-06	0.529077	0.503706	0.0253641	7.15163e-06	1.75146e-06	7.75496e-06	
175	0.104668	0.0966976	0.00797123	0	0.463441	0.428147	0.0352941	0	0	0	
176	0.108273	0.0952785	0.0128793	0.00011589	0.479402	0.421864	0.0570256	0.000513125	0.000137905	0.000610604	
177	0.180781	0.142459	0.0381843	0.00013757	0.800443	0.630765	0.169068	0.000609117	0.000137552	0.000609039	
178	0.136535	0.106928	0.0295522	5.50419e-05	0.604538	0.473446	0.130848	0.000243708	0.000100288	0.000444045	
179	0.172958	0.14109	0.0316691	0.00019849	0.765807	0.624706	0.140221	0.000878857	0.000273773	0.00121218	
180	0.115822	0.101914	0.0139013	5.89802e-06	0.512824	0.451247	0.0615508	2.61146e-05	5.88145e-06	2.60412e-05	
181	0.12917	0.125929	0.00324102	0	0.571928	0.557578	0.0143502	0	0	0	
182	0.100567	0.0998969	0.000670802	0	0.445283	0.442313	0.0029701	0	0	0	
183	0.11688	0.112058	0.00482281	0	0.517512	0.496158	0.0213539	0	0	0	
184	0.0952794	0.0884475	0.00682709	4.78335e-06	0.421868	0.391618	0.0302282	2.11792e-05	9.00189e-06	3.98576e-05	
185	0.0944066	0.0829758	0.0114308	0	0.418003	0.367391	0.050612	0	0	0	
186	0.132186	0.114352	0.0178341	0	0.58528	0.506316	0.0789641	0	0	0	
187	0.0890633	0.0886992	0.000364161	0	0.394345	0.392732	0.00161239	0	0	0	
188	0.0852355	0.0810647	0.00417078	0	0.377396	0.358929	0.0184669	0	0	0	
189	0.110838	0.102784	0.00804221	1.17621e-05	0.490758	0.455098	0.0356084	5.20793e-05	1.72021e-05	7.6166e-05	
190	0.0811163	0.0596631	0.0214479	5.23084e-06	0.359158	0.26417	0.0949648	2.31605e-05	8.29537e-06	3.67293e-05	
191	0.319313	0.214367	0.102924	0.00202049	1.41382	0.949155	0.455718	0.00894612	0.00245806	0.0108835	
192	0.0733412	0.0733412	0	0	0.324732	0.324732	0	0	0	0	
193	0.118979	0.118979	0	0	0.526805	0.526805	0	0	0	0	
194	0.153917	0.121658	0.032117	0.000142802	0.6815	0.538664	0.142204	0.000632285	0.00040932	0.00181234	
195	0.089046	0.089046	0	0	0.394268	0.394268	0	0	0	0	
196	0.0898267	0.0898267	0	0	0.397725	0.397725	0	0	0	0	
197	0.0800176	0.0562953	0.0236915	3.07735e-05	0.354293	0.249258	0.104899	0.000136255	3.55822e-05	0.000157547	
198	0.139416	0.114854	0.0241455	0.000416565	0.617291	0.508538	0.106909	0.00184442	0.00050041	0.00221566	
199	0.13444	0.114891	0.0195493	0	0.595263	0.508704	0.0865584	0	0	0	
200	0.108576	0.0876352	0.0209375	3.58463e-06	0.480743	0.388022	0.0927052	1.58716e-05	1.6085e-05	7.12197e-05	
201	0.140857	0.101073	0.0393897	0.000394648	0.623674	0.447521	0.174405	0.00174738	0.000518291	0.00229483	
202	0.106368	0.106368	0	0	0.470968	0.470968	0	0	0	0	
203	0.0954835	0.0949443	0.000539156	0	0.422771	0.420384	0.00238722	0	0	0	
204	0.162022	0.134409	0.027589	2.3758e-05	0.717383	0.595122	0.122155	0.000105193	2.77886e-05	0.000123039	
205	0.110712	0.0902717	0.020377	6.40382e-05	0.490202	0.399695	0.0902233	0.000283541	8.15782e-05	0.000361203	
206	0.186882	0.15001	0.036725	0.000146937	0.827456	0.664198	0.162607	0.000650595	0.000243548	0.00107835	
207	0.0624933	0.052139	0.0103543	1.67896e-08	0.276701	0.230855	0.0458457	7.43393e-08	7.02716e-07	3.11141e-06	
208	0.102723	0.0987175	0.00400596	0	0.454828	0.437091	0.0177371	0	0	0	
209	0.148853	0.0956195	0.0532326	1.33533e-06	0.659077	0.423374	0.235697	5.91246e-06	1.92337e-05	8.51609e-05	
210	0.114812	0.114162	0.000650101	0	0.508352	0.505474	0.00287845	0	0	0	
211	0.160053	0.103941	0.0561123	0	0.708667	0.460219	0.248448	0	0	0	
212	0.116956	0.116829	0.000126818	0	0.517847	0.517285	0.000561514	0	0	0	
213	0.236264	0.165293	0.0702958	0.000675372	1.0461	0.731869	0.311248	0.00299034	0.00217587	0.00963408	
214	0.1193	0.11627	0.0030219	8.32468e-06	0.528228	0.514811	0.01338	3.68591e-05	8.42038e-06	3.72828e-05	
215	0.174681	0.162229	0.0124359	1.60851e-05	0.773436	0.718303	0.0550627	7.122e-05	1.68503e-05	7.4608e-05	
216	0.100184	0.0851373	0.0150468	0	0.443584	0.376961	0.0666227	0	0	0	
217	0.189817	0.141429	0.0478303	0.000558185	0.840453	0.626204	0.211778	0.00247147	0.000590039	0.00261251	
218	0.0978138	0.0975333	0.00028053	0	0.433089	0.431847	0.0012421	0	0	0	
219	0.134012	0.133564	0.000447764	0	0.593365	0.591382	0.00198256	0	0	0	
220	0.0978866	0.0841376	0.0137489	0	0.433411	0.372535	0.060876	0	0	0	
221	0.106342	0.0942095	0.0121053	2.79942e-05	0.470853	0.41713	0.0535987	0.000123949	2.86709e-05	0.000126946	
222	0.0505875	0.050464	0.00012349	0	0.223986	0.223439	0.00054678	0	0	0	
223	0.0972612	0.0971344	0.000126818	0	0.430642	0.430081	0.000561514	0	0	0	
224	0.154276	0.145781	0.00849475	2.87158e-07	0.683088	0.645474	0.0376121	1.27145e-06	2.70123e-07	1.19602e-06	
225	0.0822255	0.0785865	0.00361282	2.61338e-05	0.364069	0.347957	0.0159964	0.000115712	2.64129e-05	0.000116948	
226	0.228414	0.225851	0.00256147	1.64012e-06	1.01134	1	0.0113414	7.26196e-06	1.62573e-06	7.19823e-06	
227	0.084778	0.082552	0.00221823	7.8417e-06	0.375371	0.365514	0.00982164	3.47206e-05	7.82494e-06	3.46464e-05	
228	0.0889626	0.0796204	0.00917457	0.000167639	0.393899	0.352534	0.0406221	0.000742254	0.000167622	0.000742181	
229	0.128478	0.124313	0.00416571	0	0.568865	0.55042	0.0184445	0	0	0	
230	0.107621	0.106941	0.000679566	1.83696e-07	0.476514	0.473504	0.00300891	8.1335e-07	1.69805e-07	7.51846e-07	
231	0.0928346	0.0923295	0.00050457	5.98184e-07	0.411043	0.408806	0.00223408	2.64857e-06	5.81341e-07	2.574e-06	
232	0.0807716	0.0753294	0.0054401	2.17088e-06	0.357632	0.333535	0.0240871	9.612e-06	2.15413e-06	9.53784e-06	
233	0.0797657	0.0783844	0.00138128	0	0.353178	0.347062	0.00611592	0	0	0	
234	0.104643	0.104643	0	0	0.463329	0.463329	0	0	0	0	
235	0.136692	0.136692	0	0	0.605233	0.605233	0	0	0	0	
236	0.0687789	0.0663852	0.00239364	0	0.304532	0.293933	0.0105983	0	0	0	
237	0.0475245	0.0475245	0	0	0.210423	0.210423	0	0	0	0	
238	0.0899726	0.0897966	0.00017599	0	0.398371	0.397592	0.000779229	0	0	0	
239	0.145811	0.122384	0.0234253	2.35147e-06	0.64561	0.541879	0.10372	1.04115e-05	3.3328e-06	1.47566e-05	
240	0.0924891	0.0909783	0.00151081	0	0.409513	0.402824	0.00668942	0	0	0	
241	0.142249	0.118995	0.0232372	1.69957e-05	0.629837	0.526874	0.102887	7.52518e-05	1.80029e-05	7.97114e-05	
242	0.0860856	0.0858636	0.000222071	0	0.38116	0.380177	0.000983266	0	0	0	
243	0.0864313	0.0864314	0	0	0.382691	0.382691	0	0	0	0	
244	0.0892331	0.0891474	8.56652e-05	0	0.395096	0.394717	0.000379299	0	0	0	
245	0.122142	0.0955753	0.0258786	0.000688098	0.540807	0.423178	0.114582	0.00304668	0.000806623	0.00357147	
246	0.103069	0.0899553	0.0131138	0	0.456359	0.398294	0.0580642	0	0	0	
247	0.112199	0.107686	0.00448373	2.91856e-05	0.496783	0.476801	0.0198526	0.000129225	2.91706e-05	0.000129158	
248	0.0839881	0.0839881	0	0	0.371873	0.371873	0	0	0	0	
249	0.0720204	0.0703377	0.00168274	0	0.318884	0.311433	0.00745066	0	0	0	
250	0.0675952	0.066966	0.000629266	0	0.299291	0.296504	0.00278619	0	0	0	
251	0.122905	0.109791	0.0131138	0	0.544187	0.486123	0.0580642	0	0	0	
252	0.0748788	0.0696061	0.00523152	4.12447e-05	0.33154	0.308194	0.0231635	0.000182619	4.29937e-05	0.000190362	
253	0.0985495	0.0982796	0.000269875	0	0.436347	0.435152	0.00119492	0	0	0	
254	0.0782555	0.0780371	0.000218417	0	0.346491	0.345524	0.000967086	0	0	0	
255	0.0872171	0.0871376	7.94883e-05	0	0.38617	0.385818	0.000351949	0	0	0	
256	0.0999695	0.0971763	0.00278945	3.7285e-06	0.442634	0.430266	0.0123508	1.65086e-05	4.02326e-06	1.78137e-05	
257	0.0892206	0.0892206	0	0	0.395041	0.395041	0	0	0	0	
258	0.102717	0.0966506	0.00605081	1.6435e-05	0.454803	0.427939	0.0267911	7.27694e-05	2.26231e-05	0.000100168	
259	0.0539344	0.0454835	0.00835266	9.82639e-05	0.238805	0.201386	0.036983	0.000435082	0.000115818	0.000512807	
260	0.0440296	0.0419431	0.00208645	0	0.194949	0.185711	0.00923816	0	0	0	
261	0.110624	0.110387	0.000236957	0	0.489811	0.488762	0.00104917	0	0	0	
262	0.114675	0.111629	0.00304669	0	0.507749	0.494259	0.0134898	0	0	0	
263	0.0609298	0.0439684	0.0169612	1.24229e-07	0.269778	0.194678	0.0750993	5.50049e-07	5.55034e-06	2.45752e-05	
264	0.183845	0.140627	0.0429384	0.00027918	0.814011	0.622657	0.190118	0.00123612	0.0009421	0.00417133	
265	0.0528605	0.0435635	0.00928034	1.67283e-05	0.23405	0.192885	0.0410905	7.40679e-05	2.34875e-05	0.000103995	
266	0.0838147	0.0838147	0	0	0.371105	0.371105	0	0	0	0	
267	0.0478578	0.0457713	0.00208645	0	0.211899	0.202661	0.00923816	0	0	0	
268	0.0859902	0.0855841	0.000406097	0	0.380738	0.37894	0.00179807	0	0	0	
269	0.206457	0.205767	0.000690139	2.20979e-08	0.914131	0.911075	0.00305572	9.7843e-08	5.25339e-09	2.32604e-08	
270	0.108056	0.107838	0.000218417	0	0.478441	0.477474	0.000967086	0	0	0	
271	0.0853838	0.0849777	0.000406097	0	0.378053	0.376255	0.00179807	0	0	0	
272	0.105096	0.10411	0.000985841	0	0.465334	0.460969	0.004365	0	0	0	
273	0.108412	0.0920231	0.0162897	0.000100104	0.480019	0.40745	0.072126	0.00044323	0.000133605	0.000591564	
274	0.10074	0.0946741	0.00606656	0	0.446049	0.419188	0.0268608	0	0	0	
275	0.121422	0.111656	0.00966725	9.88988e-05	0.537621	0.49438	0.0428036	0.000437893	0.00010366	0.000458976	
276	0.0918101	0.0901395	0.0016706	0	0.406507	0.39911	0.0073969	0	0	0	
277	0.104587	0.104448	0.000138805	0	0.46308	0.462465	0.000614588	0	0	0	
278	0.177136	0.148539	0.0284095	0.000187344	0.784304	0.657686	0.125788	0.000829505	0.00027895	0.0012351	
279	0.0774181	0.0773249	9.32565e-05	0	0.342783	0.34237	0.000412911	0	0	0	
280	0.137129	0.121826	0.0153026	2.08831e-07	0.607165	0.539409	0.0677553	9.24643e-07	1.6562e-06	7.33318e-06	
281	0.118273	0.0954687	0.0227724	3.21896e-05	0.523678	0.422706	0.100829	0.000142525	3.92474e-05	0.000173775	
282	0.084024	0.0815293	0.00249469	0	0.372032	0.360986	0.0110457	0	0	0	
283	0.105469	0.0914695	0.0139717	2.83901e-05	0.466987	0.404999	0.0618628	0.000125702	5.01196e-05	0.000221914	
284	0.133685	0.111021	0.0226312	3.32369e-05	0.591918	0.491567	0.100204	0.000147162	4.01336e-05	0.000177699	
285	0.0984188	0.0875507	0.010868	0	0.435768	0.387648	0.0481202	0	0	0	
286	0.118734	0.082377	0.0363577	0	0.525721	0.36474	0.16098	0	0	0	
287	0.0747525	0.065622	0.00913052	0	0.330981	0.290554	0.0404271	0	0	0	
288	0.207571	0.141002	0.065434	0.00113438	0.919061	0.624317	0.289721	0.0050227	0.00141102	0.00624759	
289	0.0668542	0.0658684	0.000985841	0	0.29601	0.291645	0.004365	0	0	0	
290	0.0712673	0.0692387	0.00202854	0	0.315549	0.306568	0.00898175	0	0	0	
291	0.177367	0.137664	0.0394646	0.000238043	0.785328	0.609537	0.174737	0.00105398	0.000577915	0.00255883	
292	0.145581	0.117086	0.028433	6.22945e-05	0.644592	0.518423	0.125892	0.000275821	9.40944e-05	0.000416621	
293	0.075202	0.047741	0.0274474	1.36088e-05	0.332971	0.211382	0.121528	6.02558e-05	1.58666e-05	7.02527e-05	
294	0.0677968	0.0612143	0.00652946	5.31029e-05	0.300183	0.271038	0.0289104	0.000235123	6.80759e-05	0.000301419	
295	0.171439	0.152708	0.0186128	0.000117411	0.759079	0.676147	0.082412	0.00051986	0.000159539	0.00070639	
296	0.118727	0.118727	0	0	0.525688	0.525688	0	0	0	0	
297	0.167726	0.147113	0.0205864	2.598e-05	0.74264	0.651374	0.0911505	0.000115031	2.84289e-05	0.000125874	
298	0.110052	0.0911649	0.0188608	2.69635e-05	0.487279	0.40365	0.0835099	0.000119386	4.57235e-05	0.000202449	
299	0.0980165	0.0797047	0.0182993	1.23888e-05	0.433987	0.352908	0.081024	5.4854e-05	1.23723e-05	5.47809e-05	
300	0.0790519	0.0770234	0.00202854	0	0.350017	0.341036	0.00898175	0	0	0	
301	0.0634986	0.0624636	0.00103498	0	0.281152	0.27657	0.00458261	0	0	0	
302	0.0718264	0.0695999	0.00222654	0	0.318025	0.308167	0.00985843	0	0	0	
303	0.132214	0.106195	0.0259211	9.76648e-05	0.585405	0.470201	0.11477	0.00043243	0.00016293	0.000721407	
304	0.0957952	0.0957952	0	0	0.424151	0.424151	0	0	0	0	
305	0.053406	0.0414226	0.0119834	0	0.236465	0.183406	0.0530588	0	0	0	
306	0.0700021	0.0531264	0.0168756	0	0.309947	0.235227	0.0747202	0	0	0	
307	0.0905297	0.0876218	0.0029079	0	0.400837	0.387962	0.0128753	0	0	0	
308	0.0952267	0.0758022	0.0194217	2.71601e-06	0.421634	0.335629	0.0859934	1.20256e-05	4.09223e-06	1.81191e-05	
309	0.114504	0.111172	0.00332969	2.45861e-06	0.506989	0.492235	0.0147428	1.08859e-05	2.48868e-06	1.10191e-05	
310	0.151703	0.143863	0.00783886	5.542e-07	0.671695	0.636985	0.034708	2.45382e-06	2.29656e-06	1.01684e-05	
311	0.0781404	0.0742155	0.0038896	3.5368e-05	0.345982	0.328603	0.0172219	0.000156598	3.53512e-05	0.000156524	
312	0.142703	0.0961932	0.0462399	0.000269853	0.631845	0.425913	0.204736	0.00119482	0.000334566	0.00148135	
313	0.100785	0.0937737	0.00701227	0	0.446249	0.415201	0.0310482	0	0	0	
314	0.078996	0.0775625	0.0014335	0	0.34977	0.343423	0.0063471	0	0	0	
315	0.106255	0.0953269	0.0109047	2.42972e-05	0.470468	0.422078	0.0482827	0.00010758	4.5474e-05	0.000201344	
316	0.074213	0.0708648	0.00334748	7.23029e-07	0.328592	0.313767	0.0148216	3.20135e-06	7.06328e-07	3.1274e-06	
317	0.120176	0.0770493	0.0428462	0.000280867	0.532104	0.341151	0.189709	0.00124359	0.000345252	0.00152867	
318	0.186361	0.122729	0.0636308	9.57823e-07	0.82515	0.543408	0.281737	4.24095e-06	9.44615e-07	4.18246e-06	
319	0.243633	0.144117	0.0954174	0.00409804	1.07873	0.638109	0.422479	0.0181448	0.00465953	0.0206309	
320	0.0835471	0.0763771	0.00716829	1.65732e-06	0.36992	0.338174	0.0317389	7.33814e-06	4.18907e-06	1.85479e-05	
321	0.130239	0.09918	0.0306639	0.000395668	0.576661	0.439138	0.13577	0.00175189	0.00039719	0.00175863	
322	0.14116	0.0790993	0.0606116	0.00144931	0.625014	0.350227	0.268369	0.00641712	0.00271155	0.0120059	
323	0.0957487	0.0952225	0.000526161	0	0.423945	0.421616	0.00232968	0	0	0	
324	0.127085	0.125683	0.0014022	0	0.562697	0.556488	0.00620853	0	0	0	
325	0.0915298	0.0905798	0.000949999	0	0.405265	0.401059	0.0042063	0	0	0	
326	0.0738133	0.0713495	0.00246378	0	0.326822	0.315913	0.0109088	0	0	0	
327	0.078247	0.0754338	0.00281319	0	0.346453	0.333998	0.0124559	0	0	0	
328	0.0914396	0.0910712	0.000368393	0	0.404866	0.403235	0.00163113	0	0	0	
329	0.0965259	0.0918349	0.00467045	2.05982e-05	0.427387	0.406616	0.0206793	9.12026e-05	2.49176e-05	0.000110327	
330	0.151174	0.0886301	0.060868	0.00167589	0.669352	0.392427	0.269505	0.00742036	0.00194251	0.00860085	
331	0.124714	0.117322	0.00737666	1.53023e-05	0.552196	0.519467	0.0326615	6.77539e-05	1.76499e-05	7.81487e-05	
332	0.109559	0.0967465	0.0127997	1.34555e-05	0.485097	0.428364	0.0566734	5.95769e-05	3.04612e-05	0.000134873	
333	0.120977	0.0988338	0.0221433	5.50746e-08	0.535649	0.437605	0.0980438	2.43853e-07	5.20624e-07	2.30516e-06	
334	0.137908	0.0887729	0.048897	0.000238695	0.610617	0.393059	0.216501	0.00105687	0.000290859	0.00128783	
335	0.0827794	0.0807661	0.00201331	0	0.366521	0.357607	0.00891436	0	0	0	
336	0.107953	0.0897821	0.018	0.000171538	0.477986	0.397527	0.0796986	0.000759518	0.000173995	0.000770397	
337	0.116063	0.112253	0.00380764	2.69305e-06	0.513893	0.497022	0.016859	1.1924e-05	2.73119e-06	1.20928e-05	
338	0.115265	0.102071	0.0131405	5.36552e-05	0.510359	0.451939	0.0581821	0.000237569	6.78233e-05	0.000300301	
339	0.0835365	0.0773353	0.00619188	9.30923e-06	0.369874	0.342417	0.0274157	4.12184e-05	1.55905e-05	6.90303e-05	
340	0.112099	0.0838922	0.0281561	5.14647e-05	0.496343	0.371449	0.124666	0.00022787	9.02831e-05	0.000399745	
341	0.10829	0.10473	0.00355928	1.2015e-06	0.479478	0.463714	0.0157594	5.31988e-06	1.18474e-06	5.24566e-06	
342	0.113655	0.0756867	0.0379683	0	0.50323	0.335117	0.168112	0	0	0	
343	0.149991	0.0885876	0.0586128	0.00279112	0.664116	0.392238	0.259519	0.0123582	0.00493783	0.0218632	
344	0.0830076	0.0828161	0.000191575	0	0.367532	0.366684	0.000848235	0	0	0	
345	0.128451	0.0954743	0.0325215	0.00045507	0.568741	0.422731	0.143995	0.00201491	0.000825492	0.00365502	
346	0.136105	0.098673	0.0368121	0.000619858	0.602631	0.436893	0.162992	0.00274454	0.000755068	0.00334321	
347	0.0952587	0.0758067	0.0193685	8.35206e-05	0.421776	0.335648	0.085758	0.000369803	0.000116084	0.000513984	
348	0.0997508	0.0840862	0.0155997	6.48978e-05	0.441666	0.372308	0.0690706	0.000287347	7.98371e-05	0.000353494	
349	0.085906	0.0725134	0.0133375	5.5072e-05	0.380365	0.321067	0.0590545	0.000243842	5.94505e-05	0.000263228	
350	0.126052	0.0764174	0.0491715	0.000463376	0.558121	0.338353	0.217716	0.00205168	0.000591469	0.00261884	
351	0.145867	0.0941032	0.0512953	0.000469377	0.645858	0.41666	0.227119	0.00207825	0.000573369	0.0025387	
352	0.142471	0.0820936	0.0602398	0.000138362	0.630821	0.363485	0.266723	0.000612626	0.000228902	0.0010135	
353	0.086582	0.0782973	0.00826211	2.26488e-05	0.383358	0.346676	0.0365821	0.000100282	2.64721e-05	0.00011721	
354	0.0865662	0.0795194	0.00703143	1.53934e-05	0.383288	0.352087	0.031133	6.81576e-05	1.95133e-05	8.63991e-05	
355	0.0840365	0.0837941	0.000242358	0	0.372088	0.371014	0.00107308	0	0	0	
356	0.121134	0.109276	0.0118051	5.2558e-05	0.536346	0.483844	0.0522694	0.00023271	5.39943e-05	0.00023907	
357	0.215378	0.108467	0.099233	0.00767777	0.953628	0.480259	0.439373	0.0339948	0.00896954	0.0397143	
358	0.159196	0.0982357	0.0603754	0.000585195	0.704872	0.434957	0.267323	0.00259106	0.00164684	0.00729171	
359	0.102789	0.0784935	0.0239065	0.000388936	0.455118	0.347545	0.10585	0.00172209	0.000970569	0.00429738	
360	0.101239	0.0969892	0.0042503	0	0.448257	0.429438	0.018819	0	0	0	
361	0.0471691	0.0471691	0	0	0.20885	0.20885	0	0	0	0	
362	0.103291	0.0873884	0.0157588	0.000143902	0.457341	0.386929	0.0697751	0.000637158	0.000161191	0.000713706	
363	0.0492829	0.0492659	1.69915e-05	0	0.218209	0.218134	7.52333e-05	0	0	0	
364	0.124985	0.113811	0.0110982	7.58343e-05	0.553399	0.503923	0.0491397	0.000335771	8.46154e-05	0.000374651	
365	0.08082	0.079506	0.00131402	0	0.357846	0.352028	0.00581811	0	0	0	
366	0.107623	0.0917828	0.0157311	0.000109335	0.476523	0.406386	0.0696527	0.000484104	0.000139279	0.000616685	
367	0.126469	0.105368	0.0210481	5.28866e-05	0.559967	0.466538	0.0931948	0.000234165	7.02222e-05	0.000310922	
368	0.0787175	0.0758209	0.00289658	0	0.348536	0.335711	0.0128252	0	0	0	
369	0.0831478	0.0803597	0.00278573	2.42117e-06	0.368153	0.355808	0.0123343	1.07202e-05	2.41568e-06	1.06959e-05	
370	0.114934	0.0916993	0.0230338	0.000201529	0.508895	0.406016	0.101986	0.000892309	0.000282713	0.00125176	
371	0.12044	0.0793756	0.04096	0.000104802	0.533273	0.35145	0.181358	0.000464035	0.00010995	0.000486826	
372	0.104055	0.0790971	0.0249585	0	0.460726	0.350217	0.110508	0	0	0	
373	0.0835886	0.0792527	0.00432508	1.08111e-05	0.370104	0.350906	0.0191501	4.78682e-05	1.1196e-05	4.95726e-05	
374	0.214297	0.103995	0.102284	0.00801819	0.948844	0.460459	0.452882	0.035502	0.0222547	0.098537	
375	0.139833	0.127208	0.0125059	0.000119188	0.619138	0.563238	0.0553725	0.000527729	0.00012738	0.000563999	
376	0.0994908	0.0989422	0.000548012	5.59032e-07	0.440514	0.438086	0.00242643	2.47522e-06	5.42866e-07	2.40364e-06	
377	0.105602	0.100126	0.00545998	1.61204e-05	0.467577	0.44333	0.0241751	7.13763e-05	1.73721e-05	7.69184e-05	
378	0.117695	0.103748	0.0139294	1.81035e-05	0.52112	0.459365	0.0616753	8.0157e-05	2.14342e-05	9.49041e-05	
379	0.101695	0.0767479	0.024929	1.83315e-05	0.450275	0.339816	0.110378	8.11666e-05	3.19981e-05	0.000141677	
380	0.111774	0.0824419	0.0292997	3.26875e-05	0.494902	0.365027	0.12973	0.00014473	3.30512e-05	0.00014634	
381	0.101118	0.0798218	0.0212212	7.56381e-05	0.447722	0.353426	0.0939609	0.000334902	0.000122168	0.000540925	
382	0.105719	0.104066	0.00164989	2.30062e-06	0.468091	0.460776	0.00730521	1.01864e-05	2.28382e-06	1.0112e-05	
383	0.0779272	0.0759371	0.00199012	0	0.345037	0.336226	0.00881164	0	0	0	
384	0.095547	0.0904106	0.0051364	0	0.423052	0.40031	0.0227424	0	0	0	
385	0.123987	0.107348	0.016635	4.42971e-06	0.548979	0.475305	0.0736549	1.96134e-05	9.18885e-06	4.06854e-05	
386	0.0998332	0.0796259	0.0201123	9.49558e-05	0.44203	0.352559	0.0890512	0.000420435	0.000195854	0.000867183	
387	0.0936535	0.0842302	0.00932469	9.8569e-05	0.414669	0.372945	0.0412868	0.000436433	0.000109016	0.000482689	
388	0.0815911	0.0769817	0.00455943	4.99697e-05	0.36126	0.340851	0.0201877	0.00022125	4.9953e-05	0.000221176	
389	0.13061	0.111182	0.0193537	7.39616e-05	0.578302	0.492282	0.0856923	0.000327479	8.33686e-05	0.00036913	
390	0.0848537	0.0743681	0.0104798	5.7877e-06	0.375706	0.329279	0.0464014	2.56261e-05	3.32182e-05	0.00014708	
391	0.0966945	0.0912723	0.00542129	8.50298e-07	0.428133	0.404126	0.0240038	3.76486e-06	8.53171e-07	3.77758e-06	
392	0.100634	0.0498489	0.0498371	0.000948574	0.445579	0.220715	0.220663	0.00419999	0.00127641	0.00565156	
393	0.0837049	0.0809145	0.00279035	0	0.370619	0.358264	0.0123548	0	0	0	
394	0.0977045	0.0926479	0.00505666	0	0.432605	0.410216	0.0223893	0	0	0	
395	0.153132	0.138318	0.0148081	5.74283e-06	0.678021	0.61243	0.0655659	2.54275e-05	3.35725e-05	0.000148648	
396	0.10893	0.059165	0.0497653	0	0.48231	0.261964	0.220345	0	0	0	
397	0.125487	0.101357	0.0240425	8.78156e-05	0.55562	0.448779	0.106452	0.00038882	0.00020322	0.000899797	
398	0.0914434	0.0912018	0.000241517	0	0.404883	0.403813	0.00106936	0	0	0	
399	0.0792182	0.078558	0.000660242	0	0.350754	0.34783	0.00292335	0	0	0	
400	0.144545	0.129115	0.0154226	7.5779e-06	0.640004	0.571684	0.0682869	3.35526e-05	8.00557e-06	3.54462e-05	
401	0.104378	0.100678	0.00370026	0	0.462155	0.445771	0.0163836	0	0	0	
402	0.104581	0.0834419	0.0211068	3.26388e-05	0.463054	0.369455	0.0934544	0.000144514	3.96374e-05	0.000175502	
403	0.110918	0.0888617	0.0218265	0.00022999	0.491111	0.393452	0.0966411	0.00101832	0.000230509	0.00102062	
404	0.108459	0.0988293	0.00963055	0	0.480227	0.437586	0.0426411	0	0	0	
405	0.10726	0.10726	0	0	0.474916	0.474916	0	0	0	0	
406	0.189737	0.17702	0.0127142	2.30158e-06	0.840098	0.783793	0.0562946	1.01907e-05	2.30432e-06	1.02028e-05	
407	0.120441	0.085551	0.034215	0.00067493	0.533275	0.378793	0.151493	0.00298838	0.000701032	0.00310395	
408	0.130479	0.127762	0.00271672	0	0.577722	0.565693	0.0120288	0	0	0	
409	0.0940346	0.0920683	0.00196628	0	0.416356	0.40765	0.00870608	0	0	0	
410	0.110139	0.0880212	0.0217984	0.000319987	0.487664	0.389731	0.096517	0.0014168	0.000322802	0.00142927	
411	0.138181	0.117629	0.0205521	8.20537e-08	0.611824	0.520825	0.0909985	3.63308e-07	7.93277e-08	3.51239e-07	
412	0.150244	0.122541	0.0277007	2.50057e-06	0.665237	0.542575	0.12265	1.10717e-05	1.37581e-05	6.09168e-05	
413	0.094691	0.0918524	0.00283855	0	0.419262	0.406694	0.0125682	0	0	0	
414	0.147442	0.112941	0.034405	9.6377e-05	0.65283	0.500068	0.152335	0.000426728	9.95213e-05	0.00044065	
415	0.0945352	0.09228	0.00225517	0	0.418573	0.408587	0.0099852	0	0	0	
416	0.125384	0.106481	0.0189028	0	0.555162	0.471466	0.0836958	0	0	0	
417	0.105753	0.0961066	0.00964564	7.41683e-07	0.468241	0.42553	0.0427079	3.28394e-06	7.2527e-07	3.21127e-06	
418	0.0806079	0.0772029	0.00340502	0	0.356907	0.34183	0.0150764	0	0	0	
419	0.138458	0.102504	0.0359231	3.14125e-05	0.613052	0.453856	0.159056	0.000139085	3.50073e-05	0.000155001	
420	0.0840621	0.0840621	0	0	0.372201	0.372201	0	0	0	0	
421	0.0896183	0.0864693	0.00314892	0	0.396802	0.382859	0.0139424	0	0	0	
422	0.101859	0.0813423	0.0202536	0.000263459	0.451002	0.360158	0.0896769	0.00116651	0.000263443	0.00116644	
423	0.0645863	0.0562284	0.00832261	3.52909e-05	0.285968	0.248962	0.0368499	0.000156257	3.80783e-05	0.000168599	
424	0.111038	0.111038	0	0	0.491644	0.491644	0	0	0	0	
425	0.0769114	0.0698705	0.00695795	8.29627e-05	0.34054	0.309365	0.0308076	0.000367333	8.30353e-05	0.000367655	
426	0.112245	0.109534	0.00270849	2.58286e-06	0.496987	0.484983	0.0119923	1.14361e-05	2.56767e-06	1.13688e-05	
427	0.0910128	0.0908877	0.00012513	0	0.402976	0.402422	0.000554037	0	0	0	
428	0.0946303	0.0944791	0.000151239	0	0.418994	0.418324	0.000669642	0	0	0	
429	0.121099	0.0886283	0.0324663	4.51828e-06	0.536189	0.392418	0.14375	2.00055e-05	4.62095e-06	2.04601e-05	
430	0.223484	0.213352	0.0101322	3.9653e-08	0.98952	0.944658	0.0448625	1.75571e-07	2.26657e-08	1.00357e-07	
431	0.172389	0.167104	0.00528546	0	0.763288	0.739886	0.0234024	0	0	0	
432	0.130418	0.112698	0.0177185	1.98391e-06	0.577453	0.498992	0.0784524	8.78418e-06	1.9885e-06	8.80449e-06	
433	0.107571	0.09903	0.00849968	4.15147e-05	0.476292	0.438474	0.037634	0.000183814	4.17856e-05	0.000185014	
434	0.0856353	0.0809629	0.00466504	7.38383e-06	0.379166	0.358478	0.0206553	3.26933e-05	1.00655e-05	4.4567e-05	
435	0.195723	0.152813	0.0427295	0.000180264	0.866602	0.676611	0.189193	0.000798157	0.000426028	0.00188632	
436	0.117496	0.0865644	0.0308057	0.00012597	0.520236	0.38328	0.136398	0.000557759	0.000168086	0.000744234	
437	0.141484	0.086614	0.0531585	0.00171175	0.626449	0.3835	0.235369	0.00757912	0.00284161	0.0125818	
438	0.176458	0.131082	0.0449017	0.000474617	0.781305	0.580392	0.198811	0.00210145	0.000537919	0.00238174	
439	0.136793	0.127738	0.00903665	1.84222e-05	0.605681	0.565588	0.0400115	8.15679e-05	2.46938e-05	0.000109336	
440	0.0828852	0.0805731	0.00230279	9.2828e-06	0.36699	0.356753	0.010196	4.11014e-05	9.91393e-06	4.38958e-05	
441	0.0692995	0.0679945	0.00130144	3.57956e-06	0.306836	0.301058	0.0057624	1.58492e-05	3.62954e-06	1.60704e-05	
442	0.143929	0.0954336	0.0461086	0.00238678	0.637273	0.42255	0.204155	0.0105679	0.00310162	0.013733	
443	0.168894	0.138686	0.0300188	0.00018838	0.747811	0.614062	0.132914	0.000834093	0.000274998	0.0012176	
444	0.130332	0.108532	0.0217745	2.54743e-05	0.57707	0.480546	0.0964108	0.000112792	3.66357e-05	0.000162211	
445	0.108124	0.0886882	0.0193125	0.000123341	0.47874	0.392684	0.0855098	0.000546117	0.000154809	0.00068545	
446	0.150457	0.091195	0.0590793	0.00018317	0.666179	0.403783	0.261585	0.000811022	0.000231705	0.00102591	
447	0.154178	0.122633	0.0315445	9.08756e-08	0.682653	0.542984	0.139669	4.02369e-07	2.07457e-06	9.18559e-06	
448	0.0434319	0.0377561	0.00567584	0	0.192303	0.167172	0.0251308	0	0	0	
449	0.260562	0.155031	0.105292	0.000239174	1.15369	0.686431	0.466202	0.00105899	0.000552184	0.0024449	
450	0.0860222	0.0798562	0.00616598	0	0.38088	0.353579	0.0273011	0	0	0	
451	0.134759	0.12087	0.0138604	2.90722e-05	0.596674	0.535176	0.0613697	0.000128723	4.25238e-05	0.000188282	
452	0.169245	0.100588	0.0675056	0.00115133	0.749369	0.445377	0.298894	0.00509776	0.00154239	0.00682925	
453	0.108884	0.0960872	0.0127596	3.72749e-05	0.482105	0.425444	0.0564956	0.000165042	4.06744e-05	0.000180093	
454	0.126419	0.089644	0.0367753	0	0.559746	0.396916	0.16283	0	0	0	
455	0.158158	0.105633	0.0522315	0.000293543	0.700275	0.46771	0.231265	0.00129972	0.000545178	0.00241388	
456	0.145881	0.112491	0.0329665	0.00042415	0.64592	0.498076	0.145965	0.001878	0.000467017	0.0020678	
457	0.123276	0.101095	0.0221453	3.5824e-05	0.54583	0.447619	0.0980526	0.000158617	4.55532e-05	0.000201695	
458	0.0954682	0.0793542	0.016114	0	0.422704	0.351356	0.0713481	0	0	0	
459	0.100939	0.0893878	0.011552	0	0.44693	0.395781	0.0511487	0	0	0	
460	0.156632	0.0858234	0.0708092	0	0.693521	0.38	0.313521	0	0	0	
461	0.158028	0.0859966	0.0719829	4.87639e-05	0.699701	0.380766	0.318718	0.000215911	6.88936e-05	0.000305039	
462	0.116609	0.100542	0.0160464	2.03416e-05	0.516311	0.445172	0.0710485	9.00666e-05	4.22564e-05	0.000187098	
463	0.126936	0.120151	0.00678523	0	0.562035	0.531992	0.0300429	0	0	0	
464	0.0828075	0.0693674	0.0134345	5.6052e-06	0.366646	0.307137	0.0594841	2.48181e-05	1.02232e-05	4.52655e-05	
465	0.0884	0.0831355	0.00526452	0	0.391408	0.368098	0.0233096	0	0	0	
466	0.172199	0.11054	0.0607963	0.000862552	0.762448	0.489441	0.269187	0.00381911	0.00103208	0.00456977	
467	0.103171	0.0802168	0.0228371	0.000117907	0.456813	0.355175	0.101116	0.000522056	0.000330142	0.00146176	
468	0.107377	0.102107	0.00527004	0	0.475435	0.452101	0.0233341	0	0	0	
469	0.0772138	0.0772138	0	0	0.341879	0.341879	0	0	0	0	
470	0.102824	0.0954499	0.00736319	1.10161e-05	0.455273	0.422623	0.0326019	4.87762e-05	1.36795e-05	6.05686e-05	
471	0.115654	0.0794705	0.036184	0	0.512083	0.351871	0.160212	0	0	0	
472	0.128063	0.089678	0.0366002	0.00178493	0.567024	0.397067	0.162054	0.00790313	0.00289159	0.012803	
473	0.162161	0.0997502	0.0594334	0.00297794	0.718001	0.441663	0.263152	0.0131854	0.00366953	0.0162475	
474	0.106379	0.0773843	0.0289956	0	0.471017	0.342634	0.128383	0	0	0	
475	0.122658	0.1139	0.00875783	4.19687e-07	0.543094	0.504315	0.038777	1.85824e-06	6.99483e-07	3.09709e-06	
476	0.162401	0.113336	0.0490655	0	0.719064	0.501817	0.217247	0	0	0	
477	0.127035	0.0975528	0.029452	3.04264e-05	0.562473	0.431933	0.130404	0.000134718	4.0004e-05	0.000177125	
478	0.0940843	0.079341	0.0147287	1.45462e-05	0.416576	0.351297	0.0652145	6.44062e-05	1.99604e-05	8.83785e-05	
479	0.105212	0.0982426	0.00692307	4.66337e-05	0.465848	0.434988	0.0306532	0.000206479	4.8325e-05	0.000213968	
480	0.131666	0.0981389	0.0333846	0.000142723	0.582977	0.434529	0.147816	0.000631936	0.000239229	0.00105923	
481	0.0821108	0.0763173	0.0057935	0	0.363561	0.337909	0.0256518	0	0	0	
482	0.138707	0.106367	0.0323039	3.58282e-05	0.614152	0.470961	0.143031	0.000158636	4.90449e-05	0.000217156	
483	0.102406	0.0929832	0.00942274	0	0.453422	0.411701	0.041721	0	0	0	
484	0.183178	0.117301	0.0654936	0.00038284	0.811057	0.519376	0.289985	0.00169509	0.000481112	0.00213022	
485	0.109915	0.0953733	0.0144446	9.75361e-05	0.486672	0.422283	0.0639562	0.00043186	0.000110586	0.000489643	
486	0.0832791	0.0803477	0.00293095	5.41567e-07	0.368734	0.355754	0.0129773	2.39789e-06	6.52443e-07	2.88882e-06	
487	0.104342	0.100228	0.00411358	0	0.461996	0.443782	0.0182137	0	0	0	
488	0.13428	0.0959095	0.0380302	0.000340435	0.594551	0.424658	0.168386	0.00150734	0.000530456	0.00234869	
489	0.147122	0.0985783	0.0484506	9.37027e-05	0.651414	0.436474	0.214524	0.000414886	9.61336e-05	0.00042565	
490	0.0944935	0.0911393	0.00335416	0	0.418388	0.403537	0.0148511	0	0	0	
491	0.0933881	0.0785972	0.01475	4.08649e-05	0.413493	0.348004	0.0653086	0.000180937	4.2977e-05	0.000190289	
492	0.140614	0.0974071	0.0427424	0.000465394	0.622599	0.431289	0.18925	0.00206062	0.000623359	0.00276004	
493	0.188843	0.112147	0.0766635	3.30034e-05	0.836142	0.496553	0.339442	0.000146128	8.69163e-05	0.000384838	
494	0.202689	0.117568	0.0849843	0.000136804	0.897446	0.520556	0.376284	0.000605727	0.000160622	0.000711187	
495	0.0879696	0.0842512	0.00371834	0	0.389502	0.373038	0.0164637	0	0	0	
496	0.0998634	0.0900693	0.00967036	0.000123731	0.442164	0.398799	0.0428173	0.000547845	0.000123714	0.000547769	
497	0.120781	0.0778651	0.0428183	9.80328e-05	0.534783	0.344762	0.189586	0.000434059	0.000306661	0.0013578	
498	0.166721	0.13404	0.0324936	0.000186902	0.73819	0.59349	0.143871	0.000827546	0.00021793	0.000964927	
499	0.158613	0.158564	4.83552e-05	0	0.70229	0.702076	0.000214102	0	0	0	
500	0.158548	0.0810483	0.076978	0.000521767	0.702002	0.358857	0.340834	0.00231022	0.00102892	0.00455577	
501	0.168148	0.10883	0.0593186	0	0.744511	0.481866	0.262644	0	0	0	
502	0.0932341	0.0912626	0.00197146	0	0.412812	0.404083	0.00872903	0	0	0	
503	0.112526	0.103367	0.00914269	1.66565e-05	0.498233	0.457678	0.040481	7.37502e-05	1.66394e-05	7.36742e-05	
504	0.12154	0.119762	0.00177811	2.9797e-07	0.538144	0.53027	0.00787295	1.31932e-06	2.8115e-07	1.24484e-06	
505	0.069914	0.0689033	0.00101072	0	0.309557	0.305082	0.00447519	0	0	0	
506	0.14898	0.0981345	0.0499073	0.000939016	0.659641	0.434509	0.220974	0.00415767	0.0011165	0.00494354	
507	0.184473	0.158521	0.0258423	0.000109864	0.816791	0.701883	0.114421	0.000486446	0.000116748	0.000516925	
508	0.0927933	0.0883279	0.00446392	1.49612e-06	0.41086	0.391088	0.0197649	6.62439e-06	1.47948e-06	6.55071e-06	
509	0.0925553	0.0874722	0.00508313	3.97007e-08	0.409806	0.3873	0.0225065	1.75782e-07	2.46807e-08	1.09278e-07	
510	0.136325	0.10565	0.0302344	0.000440363	0.603607	0.467789	0.133868	0.00194979	0.00048831	0.00216208	
511	0.0809042	0.0753947	0.00550949	0	0.358219	0.333824	0.0243943	0	0	0	
512	0.180711	0.0886197	0.0917163	0.000375399	0.800134	0.39238	0.406091	0.00166215	0.000476843	0.00211131	
513	0.110043	0.0914343	0.0185851	2.37172e-05	0.487237	0.404843	0.0822892	0.000105012	3.92438e-05	0.000173759	
514	0.229657	0.128866	0.0983236	0.00246755	1.01685	0.570579	0.435346	0.0109255	0.00324988	0.0143895	
515	0.0674939	0.056775	0.010678	4.08924e-05	0.298842	0.251382	0.0472792	0.000181059	5.5154e-05	0.000244205	
516	0.102711	0.0887806	0.0138717	5.94265e-05	0.454776	0.393093	0.0614198	0.000263122	6.3897e-05	0.000282916	
517	0.0853332	0.081982	0.00335115	0	0.377829	0.362991	0.0148379	0	0	0	
518	0.176878	0.156319	0.0205596	0	0.783165	0.692133	0.0910317	0	0	0	
519	0.0783021	0.042237	0.0360651	0	0.346697	0.187012	0.159685	0	0	0	
520	0.151687	0.122738	0.0285926	0.000356567	0.671626	0.543448	0.126599	0.00157877	0.000393785	0.00174355	
521	0.269983	0.110209	0.158281	0.00149206	1.1954	0.487975	0.700821	0.0066064	0.00272012	0.0120438	
522	0.185392	0.0785917	0.106041	0.000759812	0.820863	0.34798	0.469518	0.00336421	0.000975819	0.00432062	
523	0.0899721	0.0764493	0.0135091	1.3616e-05	0.398368	0.338494	0.0598142	6.02875e-05	2.40807e-05	0.000106622	
524	0.142527	0.106323	0.0360076	0.00019615	0.631067	0.470768	0.15943	0.000868493	0.000255166	0.00112979	
525	0.143414	0.1001	0.0430455	0.000268578	0.634994	0.443213	0.190592	0.00118918	0.00082724	0.00366276	
526	0.114989	0.10181	0.0131593	1.98558e-05	0.509137	0.450783	0.0582656	8.79155e-05	2.5302e-05	0.000112029	
527	0.108389	0.0782221	0.0300749	9.28498e-05	0.479917	0.346343	0.133162	0.00041111	0.000117049	0.000518257	
528	0.0911339	0.0806973	0.0104337	2.80437e-06	0.403513	0.357303	0.0461974	1.24168e-05	5.11928e-06	2.26666e-05	
529	0.139072	0.0813661	0.0571352	0.000570844	0.615769	0.360264	0.252977	0.00252752	0.000849829	0.00376278	
530	0.0934156	0.0811322	0.0122609	2.24934e-05	0.413615	0.359228	0.0542875	9.95939e-05	3.76303e-05	0.000166615	
531	0.179173	0.105415	0.0736338	0.000124176	0.793326	0.466748	0.326028	0.000549813	0.000450518	0.00199475	
532	0.104167	0.0840892	0.0197553	0.000323253	0.461223	0.372321	0.0874705	0.00143126	0.000407748	0.00180538	
533	0.172836	0.118413	0.0534407	0.000982089	0.765268	0.5243	0.236619	0.00434839	0.0012232	0.00541599	
534	0.120967	0.113893	0.00702876	4.52522e-05	0.535605	0.504283	0.0311211	0.000200362	4.52413e-05	0.000200314	
535	0.0840574	0.0780187	0.00599316	4.55077e-05	0.37218	0.345443	0.0265358	0.000201494	4.55545e-05	0.000201701	
536	0.0676892	0.0661751	0.00151409	2.35149e-08	0.299707	0.293003	0.00670394	1.04116e-07	6.72066e-09	2.9757e-08	
537	0.123139	0.077155	0.0459849	0	0.545226	0.341618	0.203607	0	0	0	
538	0.130171	0.0808264	0.0489228	0.000422544	0.576361	0.357874	0.216615	0.00187089	0.000534111	0.00236488	
539	0.127243	0.0835955	0.0431737	0.000474048	0.563394	0.370135	0.19116	0.00209893	0.000685459	0.003035	
540	0.0956191	0.0803545	0.0149817	0.000282882	0.423372	0.355785	0.0663346	0.00125251	0.000312227	0.00138244	
541	0.0914935	0.0826281	0.00885471	1.06728e-05	0.405105	0.365852	0.0392059	4.7256e-05	1.63708e-05	7.24852e-05	
542	0.201633	0.150777	0.0505369	0.000318459	0.89277	0.667597	0.223762	0.00141004	0.000419149	0.00185586	
543	0.13045	0.0898809	0.0404708	9.88542e-05	0.577595	0.397965	0.179192	0.000437696	0.000206226	0.000913106	
544	0.159351	0.127383	0.0317906	0.000178054	0.70556	0.564013	0.140759	0.00078837	0.000186315	0.000824945	
545	0.148508	0.0755975	0.0727036	0.000206936	0.657548	0.334722	0.321909	0.000916249	0.000388239	0.001719	
546	0.134909	0.117201	0.0176788	2.90388e-05	0.597338	0.518933	0.0782765	0.000128575	3.86852e-05	0.000171286	
547	0.0867778	0.0759007	0.0108628	1.41634e-05	0.384225	0.336065	0.0480975	6.27112e-05	1.54073e-05	6.8219e-05	
548	0.119212	0.111396	0.00781652	0	0.527836	0.493227	0.0346091	0	0	0	
549	0.139226	0.0854681	0.0528859	0.000872277	0.616451	0.378426	0.234162	0.00386217	0.00148276	0.00656521	
550	0.172845	0.120393	0.0519151	0.000536975	0.765305	0.533063	0.229864	0.00237756	0.000849112	0.00375961	
551	0.0976044	0.0970904	0.000514059	0	0.432162	0.429886	0.00227609	0	0	0	
552	0.0857519	0.0729962	0.0126604	9.53587e-05	0.379683	0.323204	0.0560564	0.000422219	0.000112558	0.000498372	
553	0.186967	0.183995	0.00297045	1.50183e-06	0.827833	0.814674	0.0131522	6.64968e-06	1.69495e-06	7.50473e-06	
554	0.133685	0.102994	0.0299679	0.000723141	0.59192	0.456029	0.132688	0.00320184	0.000781209	0.00345895	
555	0.0972392	0.075554	0.0216652	1.99966e-05	0.430545	0.33453	0.0959268	8.85389e-05	3.8455e-05	0.000170267	
556	0.168802	0.150397	0.0184011	3.16473e-06	0.747403	0.665915	0.0814745	1.40124e-05	3.14645e-06	1.39315e-05	
557	0.0891901	0.0793843	0.00975913	4.66964e-05	0.394906	0.351489	0.0432104	0.000206757	6.6026e-05	0.000292343	
558	0.102861	0.09796	0.00489381	7.66465e-06	0.455439	0.433737	0.0216683	3.39367e-05	7.64777e-06	3.3862e-05	
559	0.0998385	0.0794891	0.0200553	0.000294145	0.442054	0.351953	0.0887987	0.00130238	0.000417865	0.00185018	
560	0.0957404	0.0852793	0.010461	0	0.423909	0.37759	0.0463183	0	0	0	
561	0.112149	0.0935921	0.0184486	0.000108495	0.496562	0.414397	0.0816849	0.000480383	0.000215656	0.000954859	
562	0.0685833	0.0501119	0.0184713	0	0.303665	0.22188	0.0817854	0	0	0	
563	0.0868323	0.0792469	0.00756184	2.36047e-05	0.384467	0.350881	0.0334815	0.000104514	3.16122e-05	0.000139969	
564	0.107089	0.0819083	0.0249721	0.000208525	0.474157	0.362665	0.110568	0.000923284	0.000276291	0.00122333	
565	0.0956907	0.085438	0.0101985	5.41289e-05	0.423689	0.378293	0.0451558	0.000239666	7.3597e-05	0.000325865	
566	0.119332	0.104319	0.0149622	5.09239e-05	0.528369	0.461896	0.066248	0.000225475	5.56435e-05	0.000246372	
567	0.199826	0.161728	0.0376061	0.000491908	0.884772	0.716085	0.166508	0.00217802	0.000498158	0.00220569	
568	0.179169	0.115892	0.0632729	3.16675e-06	0.793305	0.513138	0.280153	1.40214e-05	4.24605e-06	1.88002e-05	
569	0.0762862	0.0762862	0	0	0.337771	0.337771	0	0	0	0	
570	0.128952	0.12042	0.00851097	2.07632e-05	0.570962	0.533186	0.0376839	9.19331e-05	3.12991e-05	0.000138582	
571	0.102869	0.0920191	0.0108472	2.72956e-06	0.455472	0.407432	0.0480283	1.20856e-05	4.03294e-06	1.78566e-05	
572	0.117324	0.0981415	0.0191389	4.45196e-05	0.519479	0.43454	0.0847413	0.000197119	6.60285e-05	0.000292354	
573	0.0969543	0.0848365	0.0120902	2.76285e-05	0.429284	0.37563	0.0535318	0.00012233	3.16226e-05	0.000140015	
574	0.130277	0.0803027	0.0493296	0.000645025	0.576828	0.355555	0.218416	0.00285597	0.00102024	0.00451735	
575	0.128597	0.0847763	0.0431969	0.000624327	0.56939	0.375363	0.191262	0.00276433	0.0010614	0.00469959	
576	0.0618699	0.0547909	0.00707893	0	0.273941	0.242597	0.0313433	0	0	0	
577	0.127274	0.11379	0.0134845	0	0.563533	0.503827	0.0597055	0	0	0	
578	0.0966397	0.089522	0.00711777	0	0.427891	0.396375	0.0315153	0	0	0	
579	0.0916374	0.0877911	0.00383253	1.37927e-05	0.405742	0.388712	0.0169692	6.10702e-05	1.46839e-05	6.50158e-05	
580	0.0808429	0.0671501	0.0136398	5.30337e-05	0.357947	0.29732	0.0603929	0.000234817	7.01876e-05	0.000310769	
581	0.0857771	0.0756552	0.0101218	5.58508e-08	0.379794	0.334978	0.0448162	2.4729e-07	6.8359e-08	3.02673e-07	
582	0.0895405	0.0849695	0.00455374	1.72277e-05	0.396457	0.376219	0.0201625	7.62793e-05	1.79575e-05	7.95104e-05	
583	0.11444	0.093449	0.0209588	3.27562e-05	0.506708	0.413763	0.0927994	0.000145034	5.03736e-05	0.000223039	
584	0.203815	0.1289	0.0747898	0.000125108	0.902432	0.570732	0.331146	0.00055394	0.000162657	0.000720196	
585	0.124477	0.0754528	0.0490248	0	0.551149	0.334082	0.217067	0	0	0	
586	0.138243	0.0849675	0.0531924	8.32907e-05	0.612099	0.37621	0.23552	0.000368785	0.00014261	0.000631436	
587	0.102593	0.0896212	0.0129568	1.53937e-05	0.454252	0.396815	0.0573689	6.81586e-05	2.29908e-05	0.000101796	
588	0.0685005	0.0681312	0.000369267	0	0.303299	0.301664	0.001635	0	0	0	
589	0.155132	0.110076	0.0444038	0.000652773	0.68688	0.487383	0.196606	0.00289028	0.000818586	0.00362445	
590	0.13334	0.108209	0.0251103	2.05206e-05	0.59039	0.479118	0.11118	9.08592e-05	4.6429e-05	0.000205573	
591	0.125311	0.0966841	0.0286223	5.4952e-06	0.554842	0.428087	0.12673	2.4331e-05	1.27076e-05	5.62654e-05	
592	0.113491	0.0864651	0.0269335	9.31493e-05	0.502506	0.382841	0.119253	0.000412436	0.000133649	0.000591758	
593	0.102777	0.0947343	0.00802097	2.19472e-05	0.455066	0.419454	0.0355144	9.71757e-05	2.92453e-05	0.000129489	
594	0.0895822	0.0811485	0.00842592	7.8354e-06	0.396642	0.3593	0.0373074	3.46927e-05	1.26586e-05	5.60484e-05	
595	0.10964	0.0945791	0.0149882	7.3201e-05	0.485454	0.418767	0.0663635	0.000324111	8.23366e-05	0.000364561	
596	0.106059	0.0909676	0.015005	8.65391e-05	0.469597	0.402776	0.0664378	0.000383168	9.93367e-05	0.000439832	
597	0.147729	0.142067	0.00565234	9.99819e-06	0.654102	0.629031	0.0250268	4.42689e-05	1.11174e-05	4.92246e-05	
598	0.113178	0.109066	0.0040964	1.58699e-05	0.50112	0.482912	0.0181376	7.02672e-05	1.58532e-05	7.01933e-05	
599	0.104824	0.0941321	0.010692	0	0.464129	0.416788	0.047341	0	0	0	
600	0.10976	0.108794	0.000965873	0	0.485987	0.48171	0.00427659	0	0	0	
601	0.376453	0.149209	0.220782	0.00646128	1.66682	0.660653	0.977559	0.0286085	0.00647564	0.0286721	
602	0.104054	0.103372	0.000681854	0	0.460722	0.457703	0.00301904	0	0	0	
603	0.142465	0.0523632	0.090102	0	0.630792	0.231848	0.398944	0	0	0	
604	0.0890189	0.0815761	0.00744186	9.54866e-07	0.394148	0.361194	0.0329502	4.22785e-06	9.37625e-07	4.15151e-06	
605	0.141207	0.0499317	0.0912756	0	0.625223	0.221082	0.40414	0	0	0	
606	0.145403	0.0945094	0.0500172	0.00087728	0.643804	0.418458	0.221461	0.00388432	0.0014337	0.006348	
607	0.087705	0.0787785	0.0089244	2.13174e-06	0.388331	0.348807	0.0395145	9.43872e-06	3.86571e-06	1.71162e-05	
608	0.0864747	0.0793997	0.00707501	0	0.382883	0.351557	0.031326	0	0	0	
609	0.0895429	0.0877681	0.00177484	0	0.396468	0.38861	0.00785846	0	0	0	
610	0.094904	0.0806259	0.0142131	6.48745e-05	0.420205	0.356987	0.0629315	0.000287244	8.09429e-05	0.00035839	
611	0.0632629	0.0581491	0.00511378	0	0.280108	0.257466	0.0226422	0	0	0	
612	0.0958283	0.0912884	0.00453991	0	0.424298	0.404197	0.0201013	0	0	0	
613	0.086535	0.0771995	0.00929789	3.76059e-05	0.38315	0.341816	0.0411682	0.000166507	4.09869e-05	0.000181477	
614	0.091645	0.0842315	0.00740166	1.18564e-05	0.405776	0.372951	0.0327722	5.24965e-05	1.38009e-05	6.11062e-05	
615	0.0919228	0.0873734	0.00453661	1.27941e-05	0.407006	0.386862	0.0200867	5.66485e-05	1.33242e-05	5.89957e-05	
616	0.0993514	0.0895859	0.00961395	0.000151601	0.439897	0.396659	0.0425676	0.000671243	0.000156539	0.00069311	
617	0.122667	0.0923	0.0303511	1.60069e-05	0.543132	0.408676	0.134385	7.08737e-05	2.59169e-05	0.000114752	
618	0.0613266	0.0562967	0.00502995	0	0.271535	0.249264	0.0222711	0	0	0	
619	0.134582	0.0995201	0.0349888	7.38979e-05	0.595891	0.440644	0.154919	0.000327197	8.50833e-05	0.000376723	
620	0.110375	0.0882873	0.0220868	9.83385e-07	0.488707	0.390909	0.097794	4.35412e-06	1.83672e-06	8.13245e-06	
621	0.308645	0.187336	0.117419	0.00388914	1.36658	0.829469	0.519898	0.0172199	0.00398884	0.0176613	
622	0.0408195	0.0306783	0.0101392	1.97004e-06	0.180736	0.135834	0.0448933	8.72273e-06	2.6175e-06	1.15895e-05	
623	0.0823167	0.0722986	0.00998279	3.53644e-05	0.364473	0.320116	0.0442007	0.000156583	4.02728e-05	0.000178315	
624	0.105203	0.083214	0.0219392	5.06855e-05	0.46581	0.368446	0.0971401	0.00022442	5.92227e-05	0.00026222	
625	0.0668735	0.0553206	0.0115529	0	0.296095	0.244942	0.0511528	0	0	0	
626	0.0680986	0.0642211	0.00387751	0	0.301519	0.284351	0.0171684	0	0	0	
627	0.0876145	0.0795971	0.00801254	4.90592e-06	0.38793	0.352431	0.0354771	2.17219e-05	1.65103e-05	7.31028e-05	
628	0.0604929	0.0604797	1.32624e-05	0	0.267844	0.267785	5.87221e-05	0	0	0	
629	0.219894	0.138462	0.0807549	0.000676931	0.973624	0.613069	0.357558	0.00299724	0.000695552	0.00307969	
630	0.18691	0.146474	0.0404164	1.96678e-05	0.827584	0.648545	0.178951	8.70831e-05	3.34991e-05	0.000148324	
631	0.114323	0.0964309	0.0178921	0	0.506187	0.426966	0.0792207	0	0	0	
632	0.0435225	0.0435225	0	0	0.192704	0.192704	0	0	0	0	
633	0.0578669	0.0454374	0.0123905	3.89884e-05	0.256217	0.201183	0.0548614	0.000172628	3.89716e-05	0.000172554	
634	0.0423305	0.0422301	0.000100415	0	0.187426	0.186982	0.000444609	0	0	0	
635	0.069243	0.0659627	0.00327277	7.54566e-06	0.306587	0.292062	0.0144908	3.34098e-05	7.52926e-06	3.33372e-05	
636	0.0840091	0.0654079	0.0185539	4.73157e-05	0.371966	0.289606	0.082151	0.000209499	9.95696e-05	0.000440863	
637	0.0788592	0.0740976	0.00475998	1.59897e-06	0.349164	0.328081	0.0210757	7.07978e-06	4.64423e-06	2.05632e-05	
638	0.140556	0.0820562	0.0585	0	0.622339	0.363319	0.25902	0	0	0	
639	0.141406	0.0766135	0.0647927	0	0.626103	0.339221	0.286882	0	0	0	
640	0.0868345	0.0810018	0.00581267	2.00518e-05	0.384476	0.358651	0.0257367	8.87834e-05	2.59535e-05	0.000114914	
641	0.0755103	0.0755103	0	0	0.334336	0.334336	0	0	0	0	
642	0.0638465	0.0634748	0.00037169	0	0.282692	0.281047	0.00164573	0	0	0	
643	0.180821	0.142834	0.0374812	0.000505572	0.800621	0.632427	0.165955	0.00223852	0.000634864	0.00281098	
644	0.0985327	0.0829266	0.0156061	0	0.436272	0.367173	0.0690991	0	0	0	
645	0.0835528	0.0809086	0.00263613	8.10824e-06	0.369946	0.358238	0.011672	3.59008e-05	1.24539e-05	5.51421e-05	
646	0.118527	0.0754713	0.0428777	0.000178328	0.524803	0.334163	0.189849	0.000789585	0.000182203	0.000806741	
647	0.178232	0.124629	0.0517919	0.00181076	0.789156	0.55182	0.229318	0.00801751	0.00438099	0.0193977	
648	0.144267	0.118038	0.026037	0.000192414	0.638773	0.522637	0.115284	0.000851952	0.000236026	0.00104505	
649	0.0647498	0.0647498	0	0	0.286692	0.286692	0	0	0	0	
650	0.0734494	0.0734494	0	0	0.325211	0.325211	0	0	0	0	
651	0.104083	0.102149	0.00193362	0	0.46085	0.452288	0.00856148	0	0	0	
652	0.109832	0.0829959	0.0266327	0.000203754	0.486304	0.36748	0.117921	0.000902161	0.000336858	0.0014915	
653	0.10496	0.0882227	0.0167373	0	0.464731	0.390623	0.0741079	0	0	0	
654	0.114208	0.0888241	0.025302	8.24717e-05	0.50568	0.393285	0.112029	0.000365159	0.000155803	0.00068985	
655	0.131232	0.0815872	0.0474521	0.00219345	0.581058	0.361243	0.210103	0.00971195	0.00250722	0.0111012	
656	0.219146	0.119199	0.0976569	0.00229029	0.970314	0.527778	0.432395	0.0101407	0.00377243	0.0167031	
657	0.129757	0.0806373	0.04912	0	0.574526	0.357037	0.217488	0	0	0	
658	0.106717	0.0758561	0.0308505	1.04682e-05	0.47251	0.335867	0.136596	4.635e-05	1.98648e-05	8.79553e-05	
659	0.129293	0.0964256	0.0324465	0.000421707	0.572473	0.426943	0.143663	0.00186719	0.000562482	0.0024905	
660	0.162059	0.101152	0.0606207	0.00028561	0.717548	0.447873	0.26841	0.00126459	0.000422632	0.00187128	
661	0.177638	0.0990614	0.0774775	0.0010994	0.786528	0.438613	0.343046	0.00486784	0.00212254	0.00939798	
662	0.116008	0.081045	0.0346692	0.000293829	0.513648	0.358842	0.153504	0.00130098	0.000392223	0.00173664	
663	0.112237	0.0809629	0.0311591	0.000115011	0.496951	0.358478	0.137963	0.000509235	0.000270757	0.00119882	
664	0.0983017	0.0879871	0.0103145	0	0.435249	0.38958	0.0456697	0	0	0	
665	0.107011	0.087881	0.0191182	1.19233e-05	0.473812	0.38911	0.0846498	5.2793e-05	2.54475e-05	0.000112674	
666	0.110984	0.0795551	0.0313612	6.84756e-05	0.491407	0.352245	0.138857	0.000303189	0.000129575	0.000573719	
667	0.168243	0.105631	0.0601415	0.00247017	0.744929	0.467704	0.266288	0.0109371	0.00527574	0.0233593	
668	0.104156	0.0836944	0.0204567	5.63076e-06	0.461174	0.370573	0.090576	2.49312e-05	3.8003e-05	0.000168265	
669	0.0454634	0.0438452	0.00161819	0	0.201298	0.194133	0.00716486	0	0	0	
670	0.0892458	0.0832676	0.00595517	2.29952e-05	0.395153	0.368683	0.0263676	0.000101816	3.03934e-05	0.000134572	
671	0.0565283	0.0510358	0.00549229	1.70725e-07	0.25029	0.225971	0.0243181	7.55918e-07	2.30918e-06	1.02243e-05	
672	0.150882	0.112837	0.038008	3.722e-05	0.668062	0.49961	0.168287	0.000164799	4.85244e-05	0.000214851	
673	0.148685	0.102251	0.0459073	0.000525919	0.658332	0.452739	0.203263	0.00232861	0.0010383	0.0045973	
674	0.130575	0.0960918	0.0343022	0.000181136	0.578146	0.425465	0.151879	0.000802018	0.000262455	0.00116207	
675	0.113923	0.081823	0.0319797	0.000120718	0.504418	0.362287	0.141596	0.000534503	0.00013298	0.000588795	
676	0.144403	0.11064	0.0333679	0.00039504	0.639375	0.489883	0.147742	0.00174912	0.000494483	0.00218942	
677	0.102375	0.0941622	0.00815519	5.83469e-05	0.453288	0.416921	0.0361086	0.000258342	6.72125e-05	0.000297596	
678	0.101827	0.0809396	0.0207593	0.000128653	0.450861	0.358376	0.091916	0.000569636	0.000200565	0.000888044	
679	0.132562	0.091705	0.0408576	0	0.586947	0.406041	0.180905	0	0	0	
680	0.126577	0.111263	0.0153142	0	0.560448	0.492641	0.0678065	0	0	0	
681	0.108781	0.0985188	0.0102519	1.11938e-05	0.481653	0.436211	0.0453923	4.9563e-05	2.22651e-05	9.85831e-05	
682	0.100451	0.0984181	0.00203304	0	0.444766	0.435765	0.00900168	0	0	0	
683	0.0988337	0.0919074	0.00692627	0	0.437605	0.406937	0.0306674	0	0	0	
684	0.122711	0.0950208	0.0276547	3.55891e-05	0.543327	0.420722	0.122446	0.000157577	3.64326e-05	0.000161312	
685	0.185604	0.141866	0.0433316	0.000406277	0.8218	0.628142	0.191859	0.00179887	0.000410677	0.00181835	
686	0.107922	0.0912423	0.0161315	0.000548311	0.477845	0.403992	0.0714253	0.00242775	0.000561298	0.00248525	
687	0.0833549	0.0784516	0.00489158	1.17094e-05	0.36907	0.347359	0.0216584	5.18459e-05	1.4739e-05	6.52599e-05	
688	0.0652922	0.0647571	0.000535132	0	0.289094	0.286724	0.0023694	0	0	0	
689	0.00741203	0.00720911	0.000202914	0	0.0328182	0.0319197	0.000898442	0	0	0	
690	0.060934	0.0603147	0.000619307	0	0.269797	0.267055	0.0027421	0	0	0	
691	0.118491	0.0989083	0.0191436	0.000439464	0.524643	0.437935	0.0847619	0.00194581	0.000471427	0.00208733	
692	0.0735023	0.0735024	0	0	0.325446	0.325446	0	0	0	0	
693	0.0919434	0.0799681	0.0119457	2.95406e-05	0.407097	0.354074	0.0528919	0.000130796	4.0393e-05	0.000178848	
694	0.212696	0.155639	0.0559465	0.00111068	0.941754	0.689122	0.247714	0.00491776	0.00140092	0.00620286	
695	0.091637	0.0799511	0.0116778	8.15319e-06	0.40574	0.353999	0.0517057	3.60998e-05	1.25716e-05	5.56632e-05	
696	0.214156	0.161021	0.052296	0.000838845	0.94822	0.712955	0.23155	0.00371415	0.000961421	0.00425688	
697	0.146763	0.0834431	0.0622768	0.0010432	0.649822	0.36946	0.275742	0.00461901	0.0020406	0.00903519	
698	0.255571	0.197353	0.0576156	0.000602287	1.13159	0.873819	0.255104	0.00266674	0.00124043	0.00549226	
699	0.292413	0.186816	0.103434	0.00216285	1.29471	0.827164	0.457976	0.00957644	0.00284358	0.0125905	
700	0.0831746	0.0831746	0	0	0.368271	0.368271	0	0	0	0	
701	0.0830298	0.0830298	0	0	0.36763	0.36763	0	0	0	0	
702	0.113508	0.107083	0.00642454	0	0.502579	0.474133	0.0284459	0	0	0	
703	0.0929161	0.0883179	0.00458837	9.90564e-06	0.411404	0.391044	0.0203159	4.38591e-05	9.88902e-06	4.37855e-05	
704	0.095113	0.0800538	0.0150387	2.04893e-05	0.421131	0.354453	0.0665867	9.07207e-05	2.54353e-05	0.000112619	
705	0.097468	0.0887467	0.00872123	0	0.431558	0.392943	0.0386149	0	0	0	
706	0.243046	0.159386	0.0835585	0.000101289	1.07613	0.705716	0.369971	0.000448477	0.000165379	0.000732248	
707	0.0880967	0.0808657	0.007231	0	0.390065	0.358048	0.0320166	0	0	0	
708	0.0805319	0.0805319	0	0	0.35657	0.35657	0	0	0	0	
709	0.129453	0.104137	0.024969	0.000347124	0.57318	0.461088	0.110555	0.00153696	0.000355641	0.00157466	
710	0.144798	0.096699	0.0480638	3.57487e-05	0.641123	0.428153	0.212811	0.000158284	5.41565e-05	0.000239788	
711	0.0998082	0.0812626	0.0185455	0	0.44192	0.359806	0.0821141	0	0	0	
712	0.0771746	0.0771213	5.32702e-05	0	0.341705	0.341469	0.000235864	0	0	0	
713	0.0915396	0.0789786	0.0125609	0	0.405309	0.349693	0.0556161	0	0	0	
714	0.0940248	0.082263	0.0117618	0	0.416313	0.364235	0.0520777	0	0	0	
715	0.0752553	0.070557	0.00469821	0	0.333207	0.312405	0.0208022	0	0	0	
716	0.083608	0.0755238	0.00805803	2.61898e-05	0.37019	0.334396	0.0356784	0.00011596	2.61729e-05	0.000115885	
717	0.0977115	0.088921	0.00878523	5.26888e-06	0.432636	0.393715	0.0388983	2.33289e-05	5.25209e-06	2.32546e-05	
718	0.116535	0.108928	0.00755907	4.77246e-05	0.515984	0.482304	0.0334692	0.00021131	4.88894e-05	0.000216467	
719	0.070655	0.0633801	0.00719642	7.8456e-05	0.312838	0.280628	0.0318635	0.000347379	7.9168e-05	0.000350531	
720	0.0627414	0.0625347	0.00020676	0	0.2778	0.276884	0.000915473	0	0	0	
721	0.126171	0.107093	0.0189616	0.000116372	0.558649	0.474178	0.0839562	0.000515262	0.000126895	0.000561855	
722	0.0816793	0.0814375	0.000241825	0	0.361651	0.36058	0.00107072	0	0	0	
723	0.111671	0.102782	0.00888461	4.34562e-06	0.494445	0.455088	0.0393383	1.9241e-05	4.32876e-06	1.91664e-05	
724	0.0813111	0.0810693	0.000241825	0	0.36002	0.35895	0.00107072	0	0	0	
725	0.0852047	0.0628373	0.0223673	0	0.37726	0.278224	0.0990359	0	0	0	
726	0.042938	0.0428403	9.76927e-05	0	0.190116	0.189684	0.000432553	0	0	0	
727	0.0899567	0.0893807	0.000576071	0	0.398301	0.39575	0.00255066	0	0	0	
728	0.0986084	0.0858208	0.0126693	0.000118396	0.436608	0.379988	0.0560958	0.000524225	0.000122007	0.000540211	
729	0.106293	0.0779586	0.0275426	0.000792665	0.470636	0.345176	0.12195	0.00350968	0.0013485	0.00597078	
730	0.113018	0.10537	0.00761567	3.17264e-05	0.50041	0.46655	0.0337198	0.000140475	3.98509e-05	0.000176447	
731	0.116496	0.0948753	0.0211945	0.000426174	0.515808	0.420079	0.0938428	0.00188696	0.000442699	0.00196013	
732	0.0828367	0.0777294	0.00510725	0	0.366775	0.344162	0.0226133	0	0	0	
733	0.105511	0.0923964	0.0129566	0.000158073	0.46717	0.409103	0.0573681	0.0006999	0.000184346	0.000816229	
734	0.113612	0.107334	0.00627752	0	0.503041	0.475246	0.0277949	0	0	0	
735	0.0677415	0.0660302	0.00171126	0	0.299938	0.292361	0.00757696	0	0	0	
736	0.0559964	0.0557491	0.000247289	0	0.247934	0.246839	0.00109492	0	0	0	
737	0.0922887	0.0800123	0.0122764	0	0.408626	0.35427	0.0543561	0	0	0	
738	0.120042	0.113693	0.0063003	4.82241e-05	0.531511	0.503402	0.0278958	0.000213521	5.2675e-05	0.000233228	
739	0.0664464	0.0651269	0.00131626	3.29454e-06	0.294204	0.288362	0.00582803	1.45872e-05	4.21427e-06	1.86595e-05	
740	0.0369203	0.0368641	5.61277e-05	0	0.163471	0.163223	0.000248516	0	0	0	
741	0.0910011	0.0867891	0.00421109	9.23492e-07	0.402925	0.384275	0.0186454	4.08894e-06	1.20508e-06	5.33572e-06	
742	0.147096	0.123517	0.0235545	2.43564e-05	0.651299	0.546899	0.104292	0.000107842	2.43395e-05	0.000107767	
743	0.0883253	0.0845652	0.00372769	3.24163e-05	0.391077	0.374429	0.0165051	0.000143529	3.23995e-05	0.000143455	
744	0.057876	0.0556055	0.0022682	2.37071e-06	0.256257	0.246204	0.0100429	1.04968e-05	2.75287e-06	1.21888e-05	
745	0.122895	0.102197	0.0206861	1.24014e-05	0.544145	0.452498	0.091592	5.49098e-05	3.36449e-05	0.000148969	
746	0.0814123	0.0754825	0.00590355	2.62437e-05	0.360468	0.334213	0.0261391	0.000116199	3.00898e-05	0.000133228	
747	0.0856635	0.084624	0.00103947	0	0.379291	0.374689	0.00460249	0	0	0	
748	0.100778	0.0825953	0.0181831	0	0.446216	0.365707	0.0805092	0	0	0	
749	0.121001	0.112869	0.00811299	1.91932e-05	0.535757	0.49975	0.0359218	8.4982e-05	1.91764e-05	8.49074e-05	
750	0.0921358	0.0824949	0.00964084	0	0.407949	0.365262	0.0426866	0	0	0	
751	0.301614	0.152605	0.129225	0.0197844	1.33545	0.675689	0.572169	0.0875996	0.0217316	0.0962209	
752	0.0875109	0.076709	0.0107883	1.36287e-05	0.387471	0.339644	0.0477673	6.03438e-05	1.36321e-05	6.03588e-05	
753	0.102554	0.0929132	0.00964084	0	0.454078	0.411391	0.0426866	0	0	0	
754	0.233474	0.177241	0.056217	1.58668e-05	1.03375	0.784772	0.248911	7.02536e-05	1.61511e-05	7.15123e-05	
755	0.112769	0.0924378	0.0203149	1.64248e-05	0.499307	0.409286	0.0899482	7.27243e-05	1.64885e-05	7.30061e-05	
756	0.217734	0.114526	0.103207	0	0.964063	0.50709	0.456972	0	0	0	
757	0.123682	0.077865	0.04261	0.0032073	0.547627	0.344762	0.188664	0.0142009	0.00327056	0.014481	
758	0.201181	0.128354	0.0728273	0	0.890771	0.568314	0.322457	0	0	0	
759	0.111676	0.0716218	0.0397963	0.000258119	0.494468	0.317119	0.176206	0.00114287	0.000272507	0.00120657	
760	0.113612	0.0870643	0.0265131	3.47578e-05	0.50304	0.385494	0.117391	0.000153897	0.000158921	0.000703657	
761	0.121491	0.11032	0.0110623	0.000107877	0.537925	0.488467	0.0489807	0.000477649	0.000109548	0.000485044	
762	0.0508591	0.0508591	0	0	0.225188	0.225188	0	0	0	0	
763	0.0556147	0.0541563	0.00145836	0	0.246244	0.239787	0.00645718	0	0	0	
764	0.0800386	0.0769837	0.00305494	0	0.354386	0.34086	0.0135263	0	0	0	
765	0.0854902	0.0841085	0.00138164	0	0.378524	0.372406	0.00611748	0	0	0	
766	0.0517048	0.044657	0.00694476	0.000103016	0.228933	0.197727	0.0307492	0.000456125	0.000102999	0.000456051	
767	0.0486045	0.0432978	0.00530678	0	0.215206	0.191709	0.0234968	0	0	0	
768	0.0454742	0.0454643	9.94892e-06	0	0.201346	0.201302	4.40507e-05	0	0	0	
769	0.0736915	0.0526496	0.0208949	0.000146935	0.326283	0.233116	0.0925166	0.000650587	0.000213948	0.000947297	
770	0.077144	0.0567562	0.0203877	0	0.34157	0.251299	0.0902705	0	0	0	
771	0.0968445	0.0785131	0.0183276	3.76485e-06	0.428797	0.347632	0.0811491	1.66696e-05	5.04184e-06	2.23237e-05	
772	0.103683	0.103607	7.65276e-05	0	0.45908	0.458741	0.00033884	0	0	0	
773	0.101785	0.0908292	0.0109513	4.61407e-06	0.450673	0.402163	0.0484893	2.04297e-05	2.43368e-05	0.000107756	
774	0.0780888	0.0778887	0.00020011	0	0.345753	0.344867	0.000886029	0	0	0	
775	0.075902	0.075902	0	0	0.33607	0.33607	0	0	0	0	
776	0.0651144	0.0651144	0	0	0.288306	0.288306	0	0	0	0	
777	0.0745705	0.0745705	0	0	0.330175	0.330175	0	0	0	0	
778	0.0925856	0.0925856	0	0	0.40994	0.40994	0	0	0	0	
779	0.153409	0.111115	0.0422938	0	0.679248	0.491984	0.187264	0	0	0	
780	0.0490185	0.0436297	0.0053887	0	0.217038	0.193179	0.0238595	0	0	0	
781	0.0617407	0.0426272	0.0191131	4.18558e-07	0.273369	0.18874	0.0846272	1.85324e-06	4.01779e-07	1.77895e-06	
782	0.104419	0.0954881	0.00893015	1.54858e-06	0.462339	0.422792	0.03954	6.85666e-06	1.53184e-06	6.78255e-06	
783	0.260816	0.135359	0.112289	0.0131674	1.15481	0.599329	0.497184	0.0583015	0.0155886	0.0690218	
784	0.0720042	0.0720042	0	0	0.318812	0.318812	0	0	0	0	
785	0.131618	0.0756199	0.0559988	0	0.582767	0.334821	0.247945	0	0	0	
786	0.136057	0.0952611	0.0407841	1.17604e-05	0.602418	0.421787	0.180579	5.20716e-05	1.17422e-05	5.19909e-05	
787	0.179165	0.0843718	0.0947937	4.03842e-07	0.793291	0.373572	0.419717	1.78809e-06	3.97993e-07	1.76219e-06	
788	0.141097	0.0919866	0.0490872	2.33085e-05	0.624735	0.407288	0.217343	0.000103202	4.49215e-05	0.000198898	
789	0.103386	0.103186	0.00020011	0	0.457764	0.456878	0.000886029	0	0	0	
790	0.12135	0.0848862	0.0364638	0	0.5373	0.37585	0.16145	0	0	0	
791	0.130172	0.0876718	0.0425009	0	0.576364	0.388183	0.188181	0	0	0	
792	0.0918302	0.0829299	0.00890031	0	0.406596	0.367188	0.0394078	0	0	0	
793	0.271075	0.148238	0.114024	0.00881257	1.20024	0.656354	0.504866	0.0390193	0.0129073	0.0571497	
794	0.100095	0.0901585	0.00993678	3.73061e-07	0.443193	0.399194	0.043997	1.6518e-06	3.55866e-07	1.57566e-06	
795	0.120614	0.106263	0.0143391	1.21143e-05	0.534043	0.4705	0.0634895	5.36387e-05	1.45853e-05	6.45792e-05	
796	0.0944163	0.0944163	0	0	0.418046	0.418046	0	0	0	0	
797	0.053616	0.053616	0	0	0.237395	0.237395	0	0	0	0	
798	0.193242	0.104498	0.0871656	0.00157851	0.855618	0.462686	0.385942	0.00698919	0.00258354	0.0114391	
799	0.171252	0.13018	0.0410228	4.93752e-05	0.758252	0.576397	0.181636	0.000218618	4.9856e-05	0.000220747	
800	0.210758	0.159834	0.0509245	1.0469e-07	0.933174	0.707695	0.225478	4.63536e-07	1.00814e-07	4.46373e-07	
801	0.156741	0.0858516	0.0708692	2.09225e-05	0.694005	0.380124	0.313787	9.26387e-05	0.000169448	0.000750267	
802	0.103947	0.0869343	0.0170128	4.86394e-07	0.460248	0.384918	0.0753278	2.1536e-06	1.67867e-06	7.43265e-06	
803	0.0838655	0.0838655	0	0	0.37133	0.37133	0	0	0	0	
804	0.188931	0.152054	0.0360835	0.000793832	0.836532	0.67325	0.159766	0.00351484	0.000808878	0.00358146	
805	0.203067	0.144883	0.0578183	0.000365848	0.899122	0.6415	0.256001	0.00161986	0.000423396	0.00187466	
806	0.138285	0.107664	0.030394	0.000226855	0.612285	0.476705	0.134575	0.00100444	0.0002478	0.00109718	
807	0.129433	0.120153	0.00925192	2.85854e-05	0.573092	0.532001	0.0409646	0.000126567	3.04555e-05	0.000134847	
808	0.16995	0.153657	0.0162705	2.24724e-05	0.752488	0.680348	0.072041	9.95011e-05	8.30981e-05	0.000367932	
809	0.183637	0.112968	0.070422	0.000247062	0.813089	0.500189	0.311807	0.00109391	0.000330344	0.00146266	
810	0.0785704	0.0784759	9.44926e-05	0	0.347885	0.347467	0.000418384	0	0	0	
811	0.12162	0.097774	0.0237844	6.23062e-05	0.538499	0.432913	0.10531	0.000275873	7.3174e-05	0.000323992	
812	0.17358	0.112917	0.0601915	0.00047134	0.768562	0.499965	0.266509	0.00208694	0.00110621	0.00489799	
813	0.0651221	0.0643871	0.000735068	0	0.28834	0.285086	0.00325465	0	0	0	
814	0.098729	0.0820244	0.0167033	1.30217e-06	0.437142	0.363179	0.0739572	5.76561e-06	1.88313e-06	8.33794e-06	
815	0.145274	0.133502	0.0117191	5.34699e-05	0.643232	0.591106	0.051889	0.000236748	5.37514e-05	0.000237995	
816	0.234985	0.156819	0.0778951	0.000270014	1.04044	0.69435	0.344895	0.00119554	0.000516135	0.00228528	
817	0.14924	0.0978103	0.0512211	0.00020949	0.660793	0.433074	0.226791	0.000927559	0.000512237	0.00226802	
818	0.185202	0.125057	0.0599093	0.000235499	0.820017	0.553714	0.26526	0.00104271	0.000346065	0.00153227	
819	0.0673857	0.0673857	0	0	0.298363	0.298363	0	0	0	0	
820	0.0953997	0.0913328	0.00406349	3.48621e-06	0.4224	0.404393	0.0179919	1.54358e-05	6.23179e-06	2.75924e-05	
821	0.027776	0.0277372	3.8756e-05	0	0.122983	0.122812	0.0001716	0	0	0	
822	0.0935465	0.0847988	0.00874691	8.87683e-07	0.414195	0.375463	0.0387286	3.93038e-06	9.43998e-07	4.17973e-06	
823	0.065283	0.0593781	0.00590482	0	0.289053	0.262908	0.0261447	0	0	0	
824	0.120343	0.120315	2.86615e-05	0	0.532845	0.532718	0.000126904	0	0	0	
825	0.0794511	0.079013	0.000438044	0	0.351785	0.349845	0.00193952	0	0	0	
826	0.118253	0.106733	0.0115198	0	0.52359	0.472584	0.0510064	0	0	0	
827	0.0850607	0.0845941	0.000466574	8.26412e-08	0.376623	0.374556	0.00206584	3.6591e-07	6.58008e-08	2.91346e-07	
828	0.170075	0.104232	0.0655533	0.000290255	0.753043	0.461508	0.290249	0.00128516	0.000519435	0.00229989	
829	0.133353	0.10212	0.0312333	0	0.590448	0.452156	0.138291	0	0	0	
830	0.159619	0.134661	0.0249577	1.13285e-07	0.706744	0.596238	0.110505	5.01593e-07	4.15692e-06	1.84055e-05	
831	0.10133	0.101199	0.000130519	0	0.448659	0.448081	0.000577898	0	0	0	
832	0.0872554	0.0843119	0.00294216	1.30753e-06	0.38634	0.373307	0.0130269	5.78936e-06	1.72643e-06	7.6441e-06	
833	0.0899481	0.0888967	0.00105136	0	0.398262	0.393607	0.0046551	0	0	0	
834	0.0988154	0.0984374	0.000377923	1.1325e-07	0.437524	0.43585	0.00167333	5.0144e-07	2.18184e-07	9.66055e-07	
835	0.0986031	0.0970958	0.00150736	0	0.436584	0.42991	0.00667415	0	0	0	
836	0.148096	0.116787	0.0312946	1.34472e-05	0.655723	0.517101	0.138563	5.95401e-05	1.42141e-05	6.2936e-05	
837	0.12922	0.120749	0.0083975	7.39076e-05	0.57215	0.534642	0.0371815	0.00032724	7.62754e-05	0.000337724	
838	0.142049	0.0977753	0.0442682	5.61235e-06	0.62895	0.432919	0.196006	2.48498e-05	1.38278e-05	6.12255e-05	
839	0.200137	0.153057	0.0464179	0.000662024	0.886145	0.67769	0.205524	0.00293124	0.000746463	0.0033051	
840	0.108648	0.0769875	0.0316607	0	0.481061	0.340877	0.140184	0	0	0	
841	0.111579	0.0802541	0.0313248	0	0.494037	0.35534	0.138696	0	0	0	
842	0.101217	0.0983018	0.00291549	0	0.448159	0.43525	0.0129089	0	0	0	
843	0.139434	0.121863	0.0173874	0.00018338	0.617373	0.539575	0.0769861	0.00081195	0.000198182	0.00087749	
844	0.115474	0.110324	0.00514812	2.20044e-06	0.511286	0.488482	0.0227942	9.74291e-06	2.18367e-06	9.66865e-06	
845	0.195186	0.134961	0.0587249	0.00150022	0.864226	0.597568	0.260016	0.00664251	0.00177915	0.00787754	
846	0.103681	0.0941826	0.00949882	0	0.459069	0.417011	0.0420578	0	0	0	
847	0.125936	0.0960351	0.0298846	1.69884e-05	0.557608	0.425213	0.132319	7.52195e-05	1.73466e-05	7.68056e-05	
848	0.106043	0.102933	0.00310993	1.0141e-06	0.46953	0.455755	0.0137698	4.49013e-06	9.97345e-07	4.41593e-06	
849	0.101473	0.0969877	0.00448344	2.08679e-06	0.449292	0.429432	0.0198513	9.23969e-06	3.82192e-06	1.69222e-05	
850	0.0802733	0.0802526	2.07256e-05	0	0.355425	0.355334	9.17669e-05	0	0	0	
851	0.0648347	0.0646602	0.00017448	0	0.287068	0.286295	0.000772547	0	0	0	
852	0.0961234	0.0849395	0.0110965	8.73723e-05	0.425605	0.376086	0.0491322	0.000386857	0.00010101	0.000447241	
853	0.105551	0.103615	0.00193612	0	0.467351	0.458778	0.00857258	0	0	0	
854	0.0990815	0.0946633	0.00441542	2.82805e-06	0.438702	0.41914	0.0195501	1.25217e-05	7.30938e-06	3.23636e-05	
855	0.106387	0.0933585	0.0128376	0.000191092	0.47105	0.413363	0.0568409	0.000846098	0.000191075	0.000846022	
856	0.114114	0.10378	0.0103344	0	0.505265	0.459507	0.0457576	0	0	0	
857	0.0634542	0.0634542	0	0	0.280955	0.280955	0	0	0	0	
858	0.104127	0.0854794	0.0186441	4.13363e-06	0.461045	0.378476	0.0825507	1.83024e-05	5.50118e-06	2.43575e-05	
859	0.126527	0.112031	0.0144954	0	0.560224	0.496043	0.0641812	0	0	0	
860	0.0945161	0.0841817	0.0103344	0	0.418488	0.37273	0.0457576	0	0	0	
861	0.0864009	0.08634	6.0934e-05	0	0.382556	0.382287	0.000269797	0	0	0	
862	0.0871652	0.07888	0.00826828	1.69018e-05	0.38594	0.349256	0.0366094	7.48363e-05	1.77415e-05	7.85542e-05	
863	0.119598	0.115082	0.00451598	0	0.529545	0.50955	0.0199953	0	0	0	
864	0.105501	0.095197	0.0103042	0	0.467127	0.421503	0.045624	0	0	0	
865	0.118344	0.116635	0.00170878	0	0.523992	0.516426	0.00756598	0	0	0	
866	0.0775752	0.075799	0.00177624	0	0.343479	0.335614	0.00786465	0	0	0	
867	0.0863727	0.0863727	0	0	0.382432	0.382432	0	0	0	0	
868	0.103347	0.0997165	0.00361279	1.78875e-05	0.457589	0.441514	0.0159963	7.92005e-05	1.80105e-05	7.97452e-05	
869	0.0965258	0.0943925	0.00212691	6.41222e-06	0.427386	0.417941	0.00941731	2.83913e-05	6.82222e-06	3.02067e-05	
870	0.127513	0.125938	0.0015755	0	0.564591	0.557615	0.00697583	0	0	0	
871	0.102997	0.0986673	0.00432445	5.21661e-06	0.456039	0.436868	0.0191473	2.30975e-05	5.1998e-06	2.30231e-05	
872	0.0418131	0.0418131	0	0	0.185135	0.185135	0	0	0	0	
873	0.100743	0.0997773	0.000966411	0	0.446062	0.441783	0.00427897	0	0	0	
874	0.0972188	0.0907597	0.00645912	0	0.430455	0.401856	0.028599	0	0	0	
875	0.0813945	0.0813945	0	0	0.36039	0.36039	0	0	0	0	
876	0.0444042	0.0444042	0	0	0.196608	0.196608	0	0	0	0	
877	0.0945892	0.0875325	0.00704101	1.57484e-05	0.418812	0.387567	0.0311754	6.9729e-05	1.60286e-05	7.09698e-05	
878	0.099253	0.099253	0	0	0.439461	0.439461	0	0	0	0	
879	0.0871442	0.0871442	0	0	0.385847	0.385847	0	0	0	0	
880	0.0889609	0.0875966	0.0013643	0	0.393891	0.387851	0.0060407	0	0	0	
881	0.0796739	0.0792544	0.000419506	0	0.352771	0.350914	0.00185744	0	0	0	
882	0.0913428	0.08937	0.00197248	2.94315e-07	0.404438	0.395703	0.00873355	1.30314e-06	7.66468e-07	3.39368e-06	
883	0.0599477	0.0592126	0.000735068	0	0.26543	0.262175	0.00325465	0	0	0	
884	0.0787471	0.0787471	0	0	0.348668	0.348668	0	0	0	0	
885	0.0894549	0.0894549	0	0	0.396079	0.396079	0	0	0	0	
886	0.102747	0.101651	0.00109629	0	0.454934	0.450079	0.00485407	0	0	0	
887	0.0660668	0.0660668	0	0	0.292523	0.292523	0	0	0	0	
888	0.0967612	0.0967612	0	0	0.428429	0.428429	0	0	0	0	
889	0.0645808	0.0645808	0	0	0.285944	0.285944	0	0	0	0	
890	0.0963957	0.0915832	0.00480279	9.79142e-06	0.42681	0.405502	0.0212652	4.33534e-05	9.83023e-06	4.35252e-05	
891	0.0412479	0.0412479	0	0	0.182633	0.182633	0	0	0	0	
892	0.0585136	0.0585136	0	0	0.25908	0.25908	0	0	0	0	
893	0.0868448	0.0868448	0	0	0.384522	0.384522	0	0	0	0	
894	0.0840508	0.0837285	0.000322308	0	0.372151	0.370724	0.00142708	0	0	0	
895	0.080128	0.0799966	0.00013144	0	0.354782	0.3542	0.000581977	0	0	0	
896	0.0791124	0.07879	0.000322308	0	0.350285	0.348858	0.00142708	0	0	0	
897	0.0726227	0.0716775	0.000945251	0	0.321551	0.317366	0.00418528	0	0	0	
898	0.0731157	0.0731157	0	0	0.323734	0.323734	0	0	0	0	
899	0.0989919	0.0956667	0.00332525	0	0.438306	0.423582	0.0147231	0	0	0	
900	0.0818532	0.0818532	0	0	0.36242	0.36242	0	0	0	0	
901	0.170076	0.112385	0.0568259	0.000865109	0.753045	0.497607	0.251607	0.00383043	0.00115775	0.00512616	
902	0.0753087	0.0752229	8.57344e-05	0	0.333443	0.333064	0.000379605	0	0	0	
903	0.199703	0.116259	0.0789152	0.00452917	0.884225	0.514759	0.349412	0.0200537	0.00533202	0.0236085	
904	0.067879	0.067879	0	0	0.300547	0.300547	0	0	0	0	
905	0.153556	0.0930088	0.060548	0	0.679902	0.411814	0.268087	0	0	0	
906	0.180819	0.130873	0.0495056	0.000439815	0.800611	0.579468	0.219195	0.00194736	0.000466079	0.00206365	
907	0.0805258	0.0805037	2.20911e-05	0	0.356543	0.356445	9.78126e-05	0	0	0	
908	0.115769	0.0995271	0.0162244	1.76067e-05	0.51259	0.440675	0.071837	7.79574e-05	2.33313e-05	0.000103303	
909	0.10634	0.105804	0.000535827	0	0.470843	0.46847	0.00237248	0	0	0	
910	0.116676	0.0904442	0.0262188	1.32734e-05	0.516607	0.400459	0.116089	5.87706e-05	1.32565e-05	5.86961e-05	
911	0.118025	0.106954	0.010928	0.000142877	0.52258	0.473562	0.0483858	0.000632616	0.000153471	0.000679525	
912	0.103464	0.0962056	0.00724245	1.6289e-05	0.458108	0.425968	0.0320673	7.21228e-05	2.40106e-05	0.000106311	
913	0.117457	0.0990443	0.0183487	6.39876e-05	0.520063	0.438537	0.0812428	0.000283317	6.75843e-05	0.000299242	
914	0.0769698	0.0769698	0	0	0.340798	0.340798	0	0	0	0	
915	0.101002	0.0920484	0.00895402	0	0.447207	0.407562	0.0396456	0	0	0	
916	0.107239	0.107239	0	0	0.474825	0.474825	0	0	0	0	
917	0.117791	0.0929179	0.0248731	4.26521e-07	0.521544	0.411412	0.11013	1.8885e-06	2.87407e-06	1.27255e-05	
918	0.12489	0.0892807	0.0353939	0.000215575	0.552975	0.395307	0.156713	0.0009545	0.000668558	0.00296017	
919	0.0909812	0.0865639	0.00441724	0	0.402836	0.383278	0.0195581	0	0	0	
920	0.118631	0.086128	0.0324136	8.99824e-05	0.525264	0.381348	0.143517	0.000398414	0.000196817	0.000871449	
921	0.038458	0.038458	0	0	0.17028	0.17028	0	0	0	0	
922	0.0192757	0.0192182	5.74964e-05	0	0.0853471	0.0850925	0.000254576	0	0	0	
923	0.0613401	0.0594287	0.00190952	1.85654e-06	0.271595	0.263132	0.00845479	8.22023e-06	1.92989e-06	8.54498e-06	
924	0.0570702	0.0518916	0.00517865	0	0.252689	0.22976	0.0229294	0	0	0	
925	0.0472195	0.045016	0.00220354	0	0.209073	0.199317	0.0097566	0	0	0	
926	0.063338	0.0590651	0.00427295	0	0.280441	0.261522	0.0189193	0	0	0	
927	0.0793191	0.0776117	0.0017074	0	0.3512	0.34364	0.00755985	0	0	0	
928	0.100993	0.0955395	0.00545393	0	0.447168	0.423019	0.0241483	0	0	0	
929	0.0434105	0.0431845	0.000225974	0	0.192208	0.191207	0.00100054	0	0	0	
930	0.0753177	0.0750918	0.000225974	0	0.333484	0.332483	0.00100054	0	0	0	
931	0.0916552	0.0829404	0.00862748	8.73188e-05	0.405821	0.367234	0.0381998	0.000386621	8.73018e-05	0.000386545	
932	0.0865895	0.0845088	0.00208065	0	0.383391	0.374179	0.00921251	0	0	0	
933	0.0479284	0.0479284	0	0	0.212212	0.212212	0	0	0	0	
934	0.0456652	0.0456652	0	0	0.202191	0.202191	0	0	0	0	
935	0.0888741	0.0780648	0.0107991	1.01716e-05	0.393507	0.345647	0.0478154	4.50367e-05	1.20889e-05	5.35261e-05	
936	0.0768572	0.0761571	0.000700159	0	0.3403	0.3372	0.00310009	0	0	0	
937	0.0621757	0.0621757	0	0	0.275295	0.275295	0	0	0	0	
938	0.067639	0.067639	0	0	0.299484	0.299484	0	0	0	0	
939	0.0746083	0.0732435	0.00136475	0	0.330342	0.324299	0.00604271	0	0	0	
940	0.0755622	0.0748356	0.000726612	0	0.334566	0.331349	0.00321721	0	0	0	
941	0.0690528	0.0690528	0	0	0.305744	0.305744	0	0	0	0	
942	0.071173	0.071173	0	0	0.315132	0.315132	0	0	0	0	
943	0.0806133	0.0806133	0	0	0.356931	0.356931	0	0	0	0	
944	0.0647341	0.0639196	0.000814559	0	0.286623	0.283016	0.00360661	0	0	0	
945	0.0636378	0.0636378	0	0	0.281769	0.281769	0	0	0	0	
946	0.0659462	0.0659462	0	0	0.291989	0.291989	0	0	0	0	
947	0.096292	0.096292	0	0	0.426351	0.426351	0	0	0	0	
948	0.0670081	0.0545304	0.0124776	0	0.296691	0.241444	0.0552473	0	0	0	
949	0.0650639	0.0650639	0	0	0.288083	0.288083	0	0	0	0	
950	0.0865566	0.0865567	0	0	0.383246	0.383246	0	0	0	0	
951	0.117199	0.116649	0.000550195	0	0.518924	0.516488	0.00243609	0	0	0	
952	0.0505066	0.04978	0.000726612	0	0.223627	0.22041	0.00321721	0	0	0	
953	0.0536077	0.0536077	0	0	0.237358	0.237358	0	0	0	0	
954	0.0875296	0.0868983	0.000631392	0	0.387554	0.384759	0.00279561	0	0	0	
955	0.0895989	0.0895989	0	0	0.396716	0.396716	0	0	0	0	
956	0.0528809	0.0499864	0.00289447	0	0.23414	0.221324	0.0128158	0	0	0	
957	0.0794276	0.0794276	0	0	0.351681	0.351681	0	0	0	0	
958	0.0831772	0.0697092	0.013468	0	0.368283	0.308651	0.0596322	0	0	0	
959	0.0914566	0.0914566	0	0	0.404941	0.404941	0	0	0	0	
960	0.0569838	0.0569838	0	0	0.252306	0.252306	0	0	0	0	
961	0.0778222	0.0753429	0.00247932	0	0.344573	0.333595	0.0109777	0	0	0	
962	0.0985254	0.0984991	2.63205e-05	0	0.43624	0.436123	0.000116539	0	0	0	
963	0.146541	0.146503	3.76842e-05	0	0.648839	0.648673	0.000166854	0	0	0	
964	0.105511	0.104879	0.000631392	0	0.46717	0.464375	0.00279561	0	0	0	
965	0.150932	0.096701	0.0542317	0	0.668283	0.428162	0.240121	0	0	0	
966	0.156402	0.102162	0.0542382	2.44776e-06	0.692503	0.452342	0.24015	1.08379e-05	2.42853e-06	1.07528e-05	
967	0.044886	0.0445512	0.000334798	0	0.198741	0.197259	0.00148238	0	0	0	
968	0.0713458	0.071011	0.000334798	0	0.315897	0.314415	0.00148238	0	0	0	
969	0.194417	0.178731	0.0156853	4.14258e-07	0.860821	0.79137	0.0694497	1.83421e-06	3.98385e-07	1.76392e-06	
970	0.204358	0.174508	0.029433	0.000417336	0.904837	0.772669	0.13032	0.00184783	0.000489798	0.00216867	
