Node	dPC	dPCintra	dPCflux	dPCconnector	varPC	varPCintra	varPCflux	varPCconnector	dBC_PC	varBC_PC	
1	0.17276	0.165356	0.00739893	5.3767e-06	0.769614	0.736629	0.0329607	2.39521e-05	5.34399e-06	2.38064e-05	
2	0.0918057	0.0832391	0.00855536	1.13096e-05	0.408976	0.370813	0.0381124	5.0382e-05	1.12769e-05	5.02364e-05	
3	0.0961879	0.081546	0.0146183	2.35954e-05	0.428498	0.363271	0.0651218	0.000105112	5.09117e-05	0.000226801	
4	0.0572458	0.0572458	0	0	0.255019	0.255019	0	0	0	0	
5	0.112131	0.105929	0.00620179	4.16492e-08	0.499522	0.471894	0.0276277	1.85539e-07	1.39819e-07	6.22868e-07	
6	0.0908639	0.0892232	0.00164001	7.99548e-07	0.404781	0.397471	0.00730592	3.56183e-06	7.66766e-07	3.41579e-06	
7	0.0864801	0.0859347	0.000544517	8.2983e-07	0.385251	0.382822	0.00242571	3.69673e-06	7.97055e-07	3.55072e-06	
8	0.122344	0.102696	0.0195826	6.48412e-05	0.54502	0.457494	0.0872367	0.000288855	6.48074e-05	0.000288704	
9	0.0882901	0.0863627	0.00192254	4.91521e-06	0.393315	0.384729	0.00856455	2.18963e-05	4.88246e-06	2.17504e-05	
10	0.0598188	0.0591649	0.000653909	0	0.266481	0.263568	0.00291303	0	0	0	
11	0.0858954	0.078971	0.00692433	0	0.382647	0.3518	0.0308465	0	0	0	
12	0.0957439	0.0943102	0.00143091	2.86439e-06	0.42652	0.420133	0.00637446	1.27603e-05	2.8685e-06	1.27786e-05	
13	0.102895	0.102895	0	0	0.458377	0.458377	0	0	0	0	
14	0.0835908	0.0833334	0.000257366	0	0.37238	0.371234	0.00114651	0	0	0	
15	0.0943204	0.0926433	0.00167678	3.44829e-07	0.420179	0.412708	0.00746973	1.53614e-06	3.12043e-07	1.39009e-06	
16	0.0732237	0.0732237	0	0	0.326197	0.326197	0	0	0	0	
17	0.087637	0.0844242	0.00321234	5.33578e-07	0.390406	0.376093	0.0143103	2.37698e-06	3.00478e-06	1.33857e-05	
18	0.0725254	0.0720953	0.000430167	0	0.323086	0.32117	0.00191631	0	0	0	
19	0.0877533	0.0842375	0.00351418	1.69674e-06	0.390924	0.375261	0.0156549	7.55866e-06	1.97205e-06	8.78513e-06	
20	0.05922	0.0590759	0.000144069	0	0.263813	0.263171	0.0006418	0	0	0	
21	0.0849959	0.0816876	0.00330279	5.60727e-06	0.37864	0.363902	0.0147133	2.49793e-05	5.59177e-06	2.49102e-05	
22	0.0895475	0.0875037	0.00204243	1.4467e-06	0.398916	0.389811	0.00909863	6.44477e-06	1.41386e-06	6.29851e-06	
23	0.0982134	0.0948912	0.00331637	5.79716e-06	0.437521	0.422722	0.0147738	2.58252e-05	6.82959e-06	3.04244e-05	
24	0.0670625	0.0650423	0.00202018	0	0.29875	0.289751	0.00899953	0	0	0	
25	0.123608	0.115446	0.00815066	1.15966e-05	0.550653	0.514291	0.0363096	5.16609e-05	1.15643e-05	5.15168e-05	
26	0.0851952	0.0842204	0.00097474	0	0.379528	0.375185	0.00434227	0	0	0	
27	0.0837082	0.0761787	0.00746904	6.04976e-05	0.372903	0.339361	0.0332731	0.000269505	9.73271e-05	0.000433573	
28	0.0621717	0.0620687	0.00010295	0	0.276962	0.276504	0.000458624	0	0	0	
29	0.104244	0.1012	0.00304381	6.55435e-08	0.464389	0.450829	0.0135596	2.91983e-07	3.15708e-07	1.40642e-06	
30	0.16931	0.148736	0.0204645	0.000109466	0.754245	0.662592	0.0911657	0.000487653	0.000111055	0.000494728	
31	0.140454	0.138316	0.00213755	0	0.625696	0.616173	0.00952237	0	0	0	
32	0.147558	0.138779	0.00876255	1.58132e-05	0.657342	0.618236	0.0390354	7.04447e-05	1.57887e-05	7.03358e-05	
33	0.0792622	0.0765935	0.00265887	9.85222e-06	0.353097	0.341209	0.0118447	4.38897e-05	9.81941e-06	4.37435e-05	
34	0.102282	0.0970866	0.00519288	2.98018e-06	0.455648	0.432502	0.0231332	1.32761e-05	3.1915e-06	1.42175e-05	
35	0.0642467	0.0609222	0.00332145	3.0962e-06	0.286206	0.271396	0.0147964	1.37929e-05	3.8123e-06	1.6983e-05	
36	0.0827115	0.0811042	0.00160728	0	0.368463	0.361303	0.00716011	0	0	0	
37	0.173664	0.0949197	0.0785124	0.000232272	0.773641	0.422848	0.349757	0.00103472	0.000293885	0.0013092	
38	0.0789262	0.0783633	0.000562906	0	0.3516	0.349093	0.00250763	0	0	0	
39	0.0888239	0.083845	0.00496286	1.61339e-05	0.395693	0.373513	0.0221085	7.18736e-05	1.77284e-05	7.89768e-05	
40	0.103948	0.100885	0.00306344	0	0.463071	0.449424	0.013647	0	0	0	
41	0.100194	0.0958634	0.00433098	1.16042e-07	0.446347	0.427053	0.0192937	5.16944e-07	1.22852e-07	5.47281e-07	
42	0.0746388	0.0738873	0.000751483	0	0.332501	0.329153	0.0033477	0	0	0	
43	0.05908	0.0552942	0.00378326	2.54876e-06	0.263189	0.246325	0.0168536	1.13542e-05	3.77416e-06	1.68131e-05	
44	0.0651696	0.0645578	0.000611795	0	0.290318	0.287592	0.00272542	0	0	0	
45	0.0575075	0.0521045	0.00540117	1.8722e-06	0.256184	0.232115	0.0240611	8.3403e-06	3.06603e-06	1.36585e-05	
46	0.0936285	0.0850674	0.00856108	0	0.417096	0.378958	0.0381379	0	0	0	
47	0.13561	0.134756	0.000854722	0	0.604119	0.600312	0.00380761	0	0	0	
48	0.103086	0.0849715	0.0181152	0	0.459231	0.378531	0.0807	0	0	0	
49	0.166958	0.158261	0.00869671	0	0.743767	0.705025	0.0387421	0	0	0	
50	0.100024	0.0952055	0.00480401	1.5287e-05	0.44559	0.424122	0.0214009	6.81006e-05	1.81861e-05	8.10158e-05	
51	0.0846546	0.0846145	4.01525e-05	0	0.377119	0.376941	0.000178871	0	0	0	
52	0.0784822	0.0761879	0.00229432	3.26964e-08	0.349623	0.339402	0.0102207	1.45656e-07	1.07131e-07	4.77251e-07	
53	0.0985759	0.094907	0.00366015	8.80269e-06	0.439136	0.422792	0.0163052	3.92142e-05	1.12846e-05	5.02709e-05	
54	0.0924663	0.0907007	0.0017656	0	0.411919	0.404053	0.00786544	0	0	0	
55	0.0995103	0.0927091	0.00679357	7.7142e-06	0.443299	0.413	0.030264	3.43652e-05	1.1573e-05	5.15555e-05	
56	0.117546	0.111986	0.0055592	6.4453e-07	0.523647	0.498879	0.0247651	2.87125e-06	1.21396e-06	5.40799e-06	
57	0.101812	0.100725	0.00108699	0	0.453555	0.448712	0.00484233	0	0	0	
58	0.119913	0.0913046	0.028575	3.38414e-05	0.534191	0.406744	0.127296	0.000150757	4.45118e-05	0.000198291	
59	0.180518	0.112033	0.0684838	1.05593e-06	0.804174	0.499087	0.305082	4.70397e-06	1.68365e-06	7.50034e-06	
60	0.0737757	0.0735938	0.000181906	0	0.328656	0.327845	0.000810356	0	0	0	
61	0.0873127	0.0871292	0.000183443	0	0.388961	0.388143	0.000817205	0	0	0	
62	0.0998943	0.0934104	0.00646402	1.98345e-05	0.445009	0.416125	0.0287959	8.83588e-05	2.3454e-05	0.000104483	
63	0.125234	0.0938951	0.0313033	3.59872e-05	0.557895	0.418284	0.13945	0.000160316	5.24041e-05	0.00023345	
64	0.0978083	0.0968001	0.00100698	1.25923e-06	0.435716	0.431225	0.00448589	5.60962e-06	1.22644e-06	5.46358e-06	
65	0.105983	0.102549	0.00341739	1.70077e-05	0.472137	0.456837	0.0152238	7.57662e-05	1.80981e-05	8.06238e-05	
66	0.117405	0.100902	0.0164972	5.30581e-06	0.523016	0.449501	0.0734918	2.36363e-05	6.26313e-06	2.7901e-05	
67	0.173684	0.137302	0.0363627	1.94719e-05	0.77373	0.611654	0.161989	8.67436e-05	2.97623e-05	0.000132585	
68	0.0924227	0.0798433	0.0125649	1.44994e-05	0.411725	0.355686	0.0559742	6.45923e-05	1.48778e-05	6.62778e-05	
69	0.118043	0.11372	0.00430733	1.51437e-05	0.525859	0.506603	0.0191883	6.74626e-05	1.83533e-05	8.17603e-05	
70	0.0774518	0.0763256	0.00112428	1.89431e-06	0.345032	0.340015	0.00500848	8.43878e-06	1.86156e-06	8.29292e-06	
71	0.0652918	0.0441716	0.0211201	0	0.290862	0.196775	0.0940862	0	0	0	
72	0.173702	0.129427	0.0440895	0.000185074	0.77381	0.576575	0.19641	0.000824472	0.000220325	0.000981504	
73	0.0804362	0.0596369	0.0207993	0	0.358327	0.265671	0.0926568	0	0	0	
74	0.121774	0.105947	0.0157006	0.000126665	0.54248	0.471973	0.0699435	0.000564267	0.000130961	0.000583407	
75	0.182321	0.14275	0.0392534	0.000316621	0.812204	0.635927	0.174866	0.00141048	0.000467689	0.00208346	
76	0.147626	0.140206	0.00737569	4.46563e-05	0.657649	0.624593	0.0328572	0.000198935	4.87723e-05	0.000217271	
77	0.0889045	0.0889045	0	0	0.396052	0.396052	0	0	0	0	
78	0.149049	0.0979349	0.0509862	0.000128664	0.663988	0.436281	0.227133	0.000573173	0.00014513	0.000646528	
79	0.159431	0.135936	0.0231579	0.000337834	0.710237	0.605568	0.103164	0.00150498	0.000442849	0.0019728	
80	0.136308	0.124145	0.0121554	7.73318e-06	0.607228	0.553044	0.05415	3.44498e-05	1.03673e-05	4.61846e-05	
81	0.108825	0.105355	0.00347006	0	0.484796	0.469337	0.0154584	0	0	0	
82	0.253473	0.159799	0.092615	0.00105877	1.12917	0.711875	0.412581	0.00471663	0.0017971	0.00800576	
83	0.156402	0.124138	0.0322074	5.64674e-05	0.696742	0.553012	0.143478	0.000251551	7.31079e-05	0.000325681	
84	0.117722	0.0953737	0.0223477	9.36255e-07	0.52443	0.424871	0.0995547	4.17083e-06	1.54795e-06	6.89582e-06	
85	0.147624	0.100253	0.0473715	0	0.65764	0.446609	0.211031	0	0	0	
86	0.166896	0.144975	0.0217293	0.00019135	0.743491	0.645839	0.0968	0.000852429	0.000193368	0.000861418	
87	0.0793931	0.0769511	0.00244201	0	0.35368	0.342802	0.0108787	0	0	0	
88	0.0833872	0.0809402	0.00244144	5.58637e-06	0.371473	0.360573	0.0108761	2.48862e-05	6.6257e-06	2.95162e-05	
89	0.0776293	0.076305	0.00132432	0	0.345823	0.339923	0.0058996	0	0	0	
90	0.1067	0.0979672	0.00873361	0	0.475331	0.436425	0.0389065	0	0	0	
91	0.103034	0.101509	0.00152382	4.58122e-07	0.458997	0.452207	0.00678832	2.04084e-06	5.80071e-07	2.5841e-06	
92	0.0857744	0.0831565	0.00261663	1.26324e-06	0.382108	0.370446	0.0116566	5.6275e-06	1.59258e-06	7.09466e-06	
93	0.0929241	0.0895132	0.00339565	1.52146e-05	0.413958	0.398764	0.0151269	6.77781e-05	1.86397e-05	8.30365e-05	
94	0.0868304	0.0850496	0.00178074	0	0.386812	0.378879	0.00793288	0	0	0	
95	0.151935	0.130399	0.0214939	4.23963e-05	0.676842	0.580902	0.0957513	0.000188867	9.50234e-05	0.00042331	
96	0.195188	0.158262	0.0365466	0.000378598	0.869525	0.70503	0.162808	0.00168658	0.000395441	0.00176161	
97	0.109785	0.093936	0.0157916	5.77779e-05	0.489072	0.418466	0.0703486	0.000257389	7.226e-05	0.000321904	
98	0.108634	0.0888851	0.0197136	3.55591e-05	0.483944	0.395965	0.0878204	0.000158409	3.75965e-05	0.000167485	
99	0.107374	0.0996556	0.00771592	2.57025e-06	0.47833	0.443946	0.0343729	1.14499e-05	6.60844e-06	2.94393e-05	
100	0.0951998	0.0916207	0.00357324	5.84127e-06	0.424096	0.408152	0.0159181	2.60217e-05	8.13703e-06	3.62488e-05	
101	0.144874	0.143741	0.00113308	0	0.645386	0.640339	0.00504767	0	0	0	
102	0.165083	0.106847	0.058145	9.10755e-05	0.735412	0.475982	0.259024	0.000405723	0.000108953	0.000485367	
103	0.0803586	0.0730377	0.00732037	6.03617e-07	0.357982	0.325368	0.0326108	2.68899e-06	8.5646e-07	3.81536e-06	
104	0.105928	0.0829807	0.0229474	0	0.471889	0.369662	0.102226	0	0	0	
105	0.0982738	0.0858867	0.0122829	0.000104155	0.43779	0.382608	0.0547179	0.000463991	0.000127608	0.00056847	
106	0.139028	0.111102	0.0279211	5.59183e-06	0.619346	0.494938	0.124383	2.49105e-05	2.15154e-05	9.58472e-05	
107	0.216907	0.146125	0.0705376	0.000244731	0.966281	0.65096	0.314231	0.00109023	0.000292627	0.00130359	
108	0.103567	0.0965391	0.00701893	9.22234e-06	0.461372	0.430063	0.0312679	4.10837e-05	1.2505e-05	5.57075e-05	
109	0.130553	0.107682	0.0228185	5.24808e-05	0.581588	0.479703	0.101651	0.000233792	7.59702e-05	0.000338432	
110	0.116417	0.108201	0.00821534	0	0.518616	0.482018	0.0365977	0	0	0	
111	0.102733	0.0958599	0.00683139	4.25026e-05	0.457659	0.427037	0.0304325	0.000189341	4.92183e-05	0.000219258	
112	0.102267	0.0944399	0.00782157	6.49061e-06	0.455583	0.420711	0.0348435	2.89144e-05	8.07206e-06	3.59594e-05	
113	0.0965524	0.0914196	0.00513239	4.40165e-07	0.430122	0.407256	0.0228638	1.96085e-06	6.26886e-07	2.79265e-06	
114	0.162183	0.123674	0.0379469	0.000562204	0.722495	0.550944	0.169046	0.00250451	0.000640947	0.00285529	
115	0.11631	0.106401	0.00990621	2.11558e-06	0.518138	0.473999	0.0441302	9.42453e-06	2.13362e-06	9.50488e-06	
116	0.12313	0.113919	0.00921005	5.25563e-07	0.54852	0.507489	0.041029	2.34128e-06	5.46963e-07	2.43661e-06	
117	0.110119	0.0964815	0.0136299	7.53847e-06	0.490558	0.429806	0.0607189	3.35824e-05	1.02184e-05	4.55213e-05	
118	0.103421	0.101215	0.00220515	6.25575e-07	0.460721	0.450895	0.00982352	2.78681e-06	1.07355e-06	4.78249e-06	
119	0.118849	0.113118	0.00573066	0	0.529451	0.503922	0.0255289	0	0	0	
120	0.115143	0.0957564	0.0191532	0.000234253	0.512943	0.426576	0.085324	0.00104355	0.000298804	0.00133111	
121	0.0909478	0.0839911	0.00695678	0	0.405155	0.374163	0.030991	0	0	0	
122	0.181746	0.157028	0.0245859	0.00013203	0.809643	0.69953	0.109525	0.000588169	0.000183365	0.000816856	
123	0.111738	0.106535	0.00519872	4.21602e-06	0.497773	0.474595	0.0231593	1.87815e-05	4.8986e-06	2.18223e-05	
124	0.168127	0.0959475	0.0688269	0.00335346	0.748976	0.427427	0.30661	0.014939	0.00670062	0.0298499	
125	0.108883	0.10296	0.00592354	0	0.485055	0.458667	0.0263882	0	0	0	
126	0.140791	0.103907	0.0363165	0.00056806	0.627199	0.462886	0.161783	0.00253059	0.00087827	0.00391252	
127	0.201823	0.190793	0.0110207	9.01966e-06	0.899084	0.849949	0.0490954	4.01808e-05	1.06659e-05	4.75149e-05	
128	0.132787	0.120139	0.0126184	2.92774e-05	0.591543	0.5352	0.0562127	0.000130425	3.29344e-05	0.000146716	
129	0.122528	0.117548	0.00497791	1.58743e-06	0.545838	0.523656	0.0221756	7.07173e-06	2.80271e-06	1.24855e-05	
130	0.0988935	0.095832	0.0030597	1.81252e-06	0.440551	0.426912	0.0136303	8.07442e-06	2.92022e-06	1.3009e-05	
131	0.130859	0.124099	0.00673847	2.08131e-05	0.582951	0.55284	0.0300185	9.27184e-05	2.1763e-05	9.69501e-05	
132	0.109796	0.0847957	0.0250009	0	0.489122	0.377748	0.111374	0	0	0	
133	0.141888	0.110339	0.0314582	9.09412e-05	0.632084	0.491539	0.14014	0.000405125	0.000152116	0.00067765	
134	0.0963227	0.095231	0.00109177	0	0.429099	0.424235	0.00486363	0	0	0	
135	0.0702545	0.0702545	0	0	0.31297	0.31297	0	0	0	0	
136	0.108553	0.103069	0.00548177	2.09842e-06	0.483585	0.459156	0.0244202	9.34807e-06	5.99563e-06	2.67093e-05	
137	0.122047	0.101682	0.0201919	0.000173705	0.543699	0.452975	0.089951	0.000773823	0.000203035	0.000904481	
138	0.113689	0.103902	0.00978695	5.17775e-07	0.506466	0.462865	0.0435989	2.30658e-06	5.77125e-07	2.57098e-06	
139	0.108398	0.105756	0.00264189	1.60773e-07	0.482894	0.471125	0.0117691	7.16213e-07	7.04399e-07	3.13796e-06	
140	0.141729	0.120541	0.0211791	9.16196e-06	0.631378	0.536989	0.094349	4.08147e-05	2.9691e-05	0.000132267	
141	0.0942549	0.0926303	0.00162412	5.12606e-07	0.419887	0.41265	0.00723516	2.28356e-06	7.99803e-07	3.56296e-06	
142	0.0859201	0.0830779	0.00284228	0	0.382757	0.370095	0.0126618	0	0	0	
143	0.155193	0.154144	0.00104862	0	0.691354	0.686683	0.00467139	0	0	0	
144	0.100595	0.0983498	0.0022461	0	0.448135	0.438129	0.0100059	0	0	0	
145	0.089277	0.0864065	0.00286589	4.68561e-06	0.397711	0.384924	0.012767	2.08735e-05	4.65286e-06	2.07276e-05	
146	0.0639292	0.0609376	0.0029916	0	0.284792	0.271465	0.013327	0	0	0	
147	0.076116	0.0724064	0.00370962	0	0.339082	0.322556	0.0165256	0	0	0	
148	0.108679	0.107391	0.00128792	0	0.484146	0.478408	0.00573746	0	0	0	
149	0.114382	0.0995265	0.014841	1.45773e-05	0.50955	0.443371	0.0661141	6.49392e-05	1.75302e-05	7.80936e-05	
150	0.0861461	0.0822874	0.00385831	4.28207e-07	0.383764	0.366574	0.017188	1.90758e-06	3.95262e-07	1.76081e-06	
151	0.13646	0.123974	0.0124782	7.45851e-06	0.607905	0.552284	0.0555882	3.32262e-05	1.06307e-05	4.7358e-05	
152	0.100849	0.0844496	0.0163894	1.06948e-05	0.449265	0.376206	0.0730118	4.76433e-05	1.95006e-05	8.68714e-05	
153	0.138951	0.13512	0.00383105	0	0.619001	0.601934	0.0170665	0	0	0	
154	0.0988381	0.0973602	0.00147685	1.16429e-06	0.440304	0.43372	0.00657909	5.1867e-06	1.13152e-06	5.04073e-06	
155	0.0989946	0.0915236	0.00746964	1.36878e-06	0.441001	0.407719	0.0332758	6.09768e-06	1.35378e-06	6.03083e-06	
156	0.098894	0.0944237	0.00447023	0	0.440553	0.420639	0.019914	0	0	0	
157	0.0896892	0.088051	0.00163817	0	0.399547	0.39225	0.00729776	0	0	0	
158	0.123013	0.103158	0.0198506	4.44157e-06	0.547999	0.459549	0.0884307	1.97863e-05	1.76763e-05	7.87447e-05	
159	0.104251	0.0989442	0.00530427	3.35159e-06	0.464421	0.440777	0.0236295	1.49306e-05	5.56757e-06	2.48024e-05	
160	0.172092	0.155316	0.0167726	3.47135e-06	0.766639	0.691905	0.0747189	1.54641e-05	6.25542e-06	2.78667e-05	
161	0.221129	0.173428	0.0475377	0.000163131	0.985088	0.77259	0.211771	0.00072672	0.000246726	0.00109911	
162	0.116677	0.0940034	0.0226494	2.45188e-05	0.519775	0.418767	0.100899	0.000109226	2.91757e-05	0.000129972	
163	0.0925448	0.078357	0.0141869	9.29882e-07	0.412269	0.349065	0.0632001	4.14244e-06	1.86211e-05	8.29537e-05	
164	0.123072	0.0895337	0.0335291	1.00101e-05	0.548265	0.398855	0.149365	4.45931e-05	1.11489e-05	4.96666e-05	
165	0.158781	0.114979	0.0434126	0.000388603	0.707339	0.512213	0.193394	0.00173115	0.000588171	0.00262019	
166	0.100092	0.0972271	0.00286231	2.61418e-06	0.44589	0.433127	0.012751	1.16456e-05	2.98499e-06	1.32975e-05	
167	0.103296	0.0969241	0.0063677	4.29253e-06	0.460163	0.431778	0.0283669	1.91224e-05	5.81824e-06	2.59191e-05	
168	0.111502	0.0978677	0.0136313	3.90095e-06	0.496723	0.435981	0.0607249	1.73779e-05	5.48835e-06	2.44495e-05	
169	0.100218	0.0945967	0.00561814	3.32235e-06	0.446452	0.421409	0.0250277	1.48004e-05	3.33974e-06	1.48779e-05	
170	0.143755	0.108471	0.0350409	0.000243021	0.640403	0.483221	0.1561	0.00108261	0.000286678	0.00127709	
171	0.217095	0.195007	0.0220166	7.13068e-05	0.967118	0.86872	0.0980797	0.000317657	0.000100878	0.000449395	
172	0.13409	0.121931	0.0121591	0	0.597348	0.543181	0.0541664	0	0	0	
173	0.179988	0.135462	0.0435217	0.00100406	0.801812	0.603459	0.19388	0.00447291	0.00135367	0.00603035	
174	0.122796	0.11307	0.00972608	0	0.547034	0.503706	0.0433278	0	0	0	
175	0.10351	0.0961091	0.00740025	1.10422e-06	0.461118	0.428147	0.0329666	4.91909e-06	1.72503e-06	7.6847e-06	
176	0.111829	0.0946987	0.0170064	0.000124295	0.498178	0.421864	0.0757603	0.000553711	0.000138395	0.000616526	
177	0.179931	0.141592	0.0373466	0.000992351	0.801558	0.630765	0.166372	0.00442072	0.00103353	0.00460419	
178	0.135124	0.106277	0.0288371	9.11801e-06	0.601951	0.473446	0.128463	4.06189e-05	1.13175e-05	5.04173e-05	
179	0.192889	0.140232	0.0520225	0.00063457	0.859283	0.624706	0.23175	0.00282688	0.000946534	0.00421662	
180	0.114084	0.101294	0.0125885	0.000201232	0.508222	0.451247	0.0560793	0.000896451	0.000215647	0.000960666	
181	0.130992	0.125163	0.00582686	2.33908e-06	0.583546	0.557578	0.0259575	1.04201e-05	3.45445e-06	1.53889e-05	
182	0.102876	0.099289	0.00358759	0	0.458295	0.442313	0.015982	0	0	0	
183	0.116536	0.111376	0.00516079	0	0.519149	0.496158	0.0229903	0	0	0	
184	0.0983275	0.0879092	0.0104029	1.53321e-05	0.438029	0.391618	0.0463431	6.83017e-05	2.39969e-05	0.000106901	
185	0.0933837	0.0824709	0.0109052	7.62311e-06	0.416006	0.367391	0.0485807	3.39594e-05	1.59676e-05	7.11327e-05	
186	0.132643	0.113656	0.0189799	7.67022e-06	0.590902	0.506316	0.0845518	3.41693e-05	7.93849e-06	3.53644e-05	
187	0.0918428	0.0881594	0.00368344	0	0.409141	0.392732	0.016409	0	0	0	
188	0.0850817	0.0805714	0.00449927	1.11037e-05	0.379022	0.358929	0.0200433	4.9465e-05	1.31955e-05	5.87836e-05	
189	0.107521	0.102158	0.00535964	3.02353e-06	0.478987	0.455098	0.0238761	1.34692e-05	3.05404e-06	1.36051e-05	
190	0.0764559	0.0593	0.0171558	0	0.340596	0.26417	0.076426	0	0	0	
191	0.359073	0.213063	0.142691	0.0033187	1.5996	0.949155	0.635661	0.0147842	0.00380157	0.0169352	
192	0.0729089	0.0728949	1.40058e-05	0	0.324795	0.324732	6.23932e-05	0	0	0	
193	0.118255	0.118255	0	0	0.526805	0.526805	0	0	0	0	
194	0.176805	0.120917	0.0556584	0.000229004	0.787631	0.538664	0.247947	0.00102016	0.000244426	0.00108887	
195	0.0890433	0.088504	0.000539224	0	0.39667	0.394268	0.00240214	0	0	0	
196	0.08928	0.08928	0	0	0.397725	0.397725	0	0	0	0	
197	0.0775739	0.0559527	0.0215203	0.000100858	0.345576	0.249258	0.0958688	0.000449305	0.000101482	0.000452084	
198	0.156363	0.114155	0.040906	0.00130225	0.696568	0.508538	0.182228	0.00580128	0.00173375	0.00772354	
199	0.154257	0.114192	0.0400614	3.47125e-06	0.687185	0.508704	0.178465	1.54637e-05	1.23724e-05	5.5117e-05	
200	0.107593	0.0871019	0.0204912	0	0.479306	0.388022	0.0912846	0	0	0	
201	0.158307	0.100458	0.0576977	0.000151518	0.705228	0.447521	0.257032	0.000674984	0.000205171	0.000913998	
202	0.105784	0.105721	6.342e-05	0	0.47125	0.470968	0.000282523	0	0	0	
203	0.0980276	0.0943665	0.00365973	1.40011e-06	0.436693	0.420384	0.0163034	6.23723e-06	1.56073e-06	6.95274e-06	
204	0.168901	0.133591	0.0351696	0.000140303	0.752421	0.595122	0.156673	0.000625023	0.000184485	0.000821847	
205	0.117562	0.0897223	0.0277651	7.50135e-05	0.523717	0.399695	0.123688	0.00033417	0.000103961	0.00046313	
206	0.194875	0.149097	0.0456491	0.000129301	0.868132	0.664198	0.203357	0.00057601	0.000200481	0.000893104	
207	0.0700802	0.0518217	0.0182575	1.08361e-06	0.312193	0.230855	0.0813336	4.82727e-06	1.77165e-06	7.89237e-06	
208	0.106058	0.0981167	0.00794211	0	0.472471	0.437091	0.0353805	0	0	0	
209	0.152165	0.0950376	0.0571067	2.15477e-05	0.677869	0.423374	0.254399	9.59909e-05	0.00010057	0.00044802	
210	0.11402	0.113467	0.000552841	0	0.507937	0.505474	0.0024628	0	0	0	
211	0.168428	0.103308	0.0651201	0	0.750316	0.460219	0.290097	0	0	0	
212	0.11679	0.116118	0.000672216	0	0.52028	0.517285	0.00299459	0	0	0	
213	0.240523	0.164287	0.0752854	0.000949937	1.07148	0.731869	0.335382	0.00423178	0.00144568	0.00644024	
214	0.117794	0.115563	0.00222417	7.04419e-06	0.52475	0.514811	0.00990828	3.13805e-05	7.072e-06	3.15044e-05	
215	0.221478	0.161242	0.0599063	0.000329507	0.986641	0.718303	0.266871	0.00146789	0.000414345	0.00184582	
216	0.101602	0.0846191	0.0169706	1.28844e-05	0.45262	0.376961	0.0756009	5.73978e-05	3.02487e-05	0.000134752	
217	0.19903	0.140568	0.0577702	0.000691636	0.88664	0.626204	0.257355	0.0030811	0.000885537	0.00394489	
218	0.0972288	0.0969397	0.00028908	0	0.433135	0.431847	0.00128779	0	0	0	
219	0.133107	0.132751	0.000356081	0	0.592969	0.591382	0.00158627	0	0	0	
220	0.0922111	0.0836256	0.00858554	0	0.410782	0.372535	0.0382469	0	0	0	
221	0.117493	0.0936361	0.0238115	4.53305e-05	0.523408	0.41713	0.106075	0.000201938	6.53017e-05	0.000290906	
222	0.0502328	0.0501569	7.59277e-05	0	0.223777	0.223439	0.000338243	0	0	0	
223	0.096815	0.0965432	0.000271799	0	0.431292	0.430081	0.00121081	0	0	0	
224	0.184313	0.144894	0.0393713	4.79444e-05	0.821079	0.645474	0.175391	0.000213583	7.48834e-05	0.000333591	
225	0.0835143	0.0781083	0.00540014	5.93266e-06	0.37204	0.347957	0.0240565	2.64288e-05	5.97585e-06	2.66212e-05	
226	0.251733	0.224476	0.0272068	4.96483e-05	1.12142	1	0.121201	0.000221173	5.08581e-05	0.000226563	
227	0.0842494	0.0820496	0.00219982	0	0.375314	0.365514	0.00979979	0	0	0	
228	0.0907422	0.0791358	0.0116064	0	0.404239	0.352534	0.0517042	0	0	0	
229	0.127092	0.123556	0.00353549	0	0.56617	0.55042	0.0157499	0	0	0	
230	0.107556	0.10629	0.00126601	0	0.479144	0.473504	0.00563983	0	0	0	
231	0.0925289	0.0917676	0.000761305	0	0.412198	0.408806	0.00339146	0	0	0	
232	0.0845178	0.0748709	0.0096453	1.58985e-06	0.37651	0.333535	0.0429679	7.08251e-06	1.5571e-06	6.93661e-06	
233	0.0796606	0.0779074	0.0017502	3.09237e-06	0.354872	0.347062	0.00779681	1.37759e-05	3.32928e-06	1.48313e-05	
234	0.104006	0.104006	0	0	0.463329	0.463329	0	0	0	0	
235	0.13586	0.13586	0	0	0.605233	0.605233	0	0	0	0	
236	0.0768453	0.0659812	0.010806	5.8036e-05	0.34233	0.293933	0.0481388	0.000258539	7.78847e-05	0.000346961	
237	0.0473333	0.0472352	9.80496e-05	0	0.21086	0.210423	0.000436791	0	0	0	
238	0.0892501	0.0892501	0	0	0.397592	0.397592	0	0	0	0	
239	0.138788	0.121639	0.0171342	1.49447e-05	0.618275	0.541879	0.0763295	6.65761e-05	2.27774e-05	0.000101469	
240	0.0935341	0.0904246	0.0031095	0	0.416676	0.402824	0.0138522	0	0	0	
241	0.13578	0.118271	0.0174539	5.54643e-05	0.604875	0.526874	0.077754	0.000247082	5.76932e-05	0.000257012	
242	0.0857271	0.085341	0.000386106	0	0.381897	0.380177	0.00172002	0	0	0	
243	0.0859232	0.0859053	1.79019e-05	0	0.382771	0.382691	7.97496e-05	0	0	0	
244	0.0886625	0.0886049	5.76426e-05	0	0.394974	0.394717	0.000256786	0	0	0	
245	0.125839	0.0949936	0.0303926	0.000453518	0.560591	0.423178	0.135393	0.00202033	0.000540397	0.00240736	
246	0.107693	0.0894079	0.0182852	0	0.479752	0.398294	0.0814572	0	0	0	
247	0.11214	0.10703	0.0050837	2.55264e-05	0.499561	0.476801	0.0226469	0.000113715	2.74994e-05	0.000122504	
248	0.0844271	0.0834769	0.000950184	0	0.376106	0.371873	0.00423288	0	0	0	
249	0.0753177	0.0699096	0.00540807	0	0.335525	0.311433	0.0240919	0	0	0	
250	0.0672017	0.0665584	0.000643234	0	0.29937	0.296504	0.00286548	0	0	0	
251	0.128656	0.109123	0.0194271	0.000106016	0.573139	0.486123	0.0865442	0.000472284	0.000105983	0.000472137	
252	0.0776763	0.0691825	0.0084757	1.81638e-05	0.346032	0.308194	0.0377575	8.09163e-05	2.30769e-05	0.000102803	
253	0.0990358	0.0976815	0.00135433	0	0.441185	0.435152	0.00603327	0	0	0	
254	0.0779421	0.0775622	0.000379904	0	0.347216	0.345524	0.0016924	0	0	0	
255	0.0866073	0.0866073	0	0	0.385818	0.385818	0	0	0	0	
256	0.101411	0.0965849	0.00482638	3.39672e-07	0.451768	0.430266	0.0215006	1.51317e-06	4.2706e-07	1.90247e-06	
257	0.0983787	0.0886777	0.00970108	0	0.438258	0.395041	0.0432164	0	0	0	
258	0.101437	0.0960624	0.00537172	3.77992e-06	0.451886	0.427939	0.0239299	1.68388e-05	6.82133e-06	3.03877e-05	
259	0.0518563	0.0452066	0.00658983	5.9832e-05	0.231009	0.201386	0.0293564	0.000266539	6.81522e-05	0.000303604	
260	0.04428	0.0416878	0.00259219	0	0.197259	0.185711	0.0115477	0	0	0	
261	0.112567	0.109715	0.00284763	3.79715e-06	0.501465	0.488762	0.0126856	1.69155e-05	4.31875e-06	1.92392e-05	
262	0.115409	0.110949	0.00445919	6.94139e-07	0.514127	0.494259	0.0198648	3.09225e-06	9.92219e-07	4.42014e-06	
263	0.0598161	0.0437008	0.0160468	6.84549e-05	0.266469	0.194678	0.0714856	0.000304953	9.03703e-05	0.000402582	
264	0.204742	0.139772	0.0643784	0.00059217	0.912088	0.622657	0.286793	0.002638	0.000770562	0.0034327	
265	0.0488455	0.0432984	0.00554317	3.99578e-06	0.217597	0.192885	0.0246937	1.78004e-05	1.26282e-05	5.62562e-05	
266	0.0956418	0.0833046	0.0121681	0.000169104	0.426065	0.371105	0.0542069	0.000753328	0.000169071	0.000753181	
267	0.048085	0.0454928	0.00259219	0	0.214209	0.202661	0.0115477	0	0	0	
268	0.0857067	0.0850633	0.000642853	5.76126e-07	0.381806	0.37894	0.00286378	2.56652e-06	5.43346e-07	2.4205e-06	
269	0.217368	0.204515	0.0128414	1.19299e-05	0.968334	0.911075	0.0572059	5.31457e-05	1.31641e-05	5.86435e-05	
270	0.107561	0.107181	0.000379904	0	0.479167	0.477474	0.0016924	0	0	0	
271	0.0846629	0.0844606	0.000202325	0	0.377156	0.376255	0.000901318	0	0	0	
272	0.104119	0.103477	0.000641332	7.07706e-07	0.463829	0.460969	0.00285701	3.15269e-06	6.74901e-07	3.00655e-06	
273	0.115092	0.091463	0.0236098	1.96712e-05	0.512714	0.40745	0.105177	8.76315e-05	4.43333e-05	0.000197496	
274	0.107193	0.094098	0.0130952	0	0.477525	0.419188	0.0583368	0	0	0	
275	0.116811	0.110976	0.00579875	3.59298e-05	0.520372	0.49438	0.0258323	0.00016006	3.70422e-05	0.000165015	
276	0.0905372	0.0895909	0.000946307	0	0.403325	0.39911	0.00421561	0	0	0	
277	0.114234	0.103812	0.0103706	5.11595e-05	0.508892	0.462465	0.0461991	0.000227905	6.8693e-05	0.000306014	
278	0.183419	0.147635	0.0357003	8.36676e-05	0.817096	0.657686	0.159038	0.000372723	0.000110418	0.000491893	
279	0.078033	0.0768543	0.00117867	0	0.347621	0.34237	0.00525077	0	0	0	
280	0.146663	0.121084	0.0255632	1.49762e-05	0.653355	0.539409	0.113879	6.67161e-05	4.76453e-05	0.00021225	
281	0.116008	0.0948877	0.0210891	3.11866e-05	0.516793	0.422706	0.0939479	0.00013893	4.84293e-05	0.000215743	
282	0.083137	0.0810331	0.00210385	0	0.370359	0.360986	0.00937224	0	0	0	
283	0.0994292	0.0909129	0.00851204	4.34332e-06	0.442937	0.404999	0.0379194	1.93486e-05	7.48192e-06	3.33304e-05	
284	0.154416	0.110345	0.0439684	0.000102935	0.687896	0.491567	0.195871	0.000458559	0.000186266	0.000829779	
285	0.105926	0.0870179	0.0188995	9.04687e-06	0.471882	0.387648	0.0841938	4.0302e-05	1.36026e-05	6.05972e-05	
286	0.128442	0.0818757	0.0465348	3.22772e-05	0.572187	0.36474	0.207303	0.000143788	5.1539e-05	0.000229596	
287	0.0815884	0.0652226	0.0157521	0.000613671	0.36346	0.290554	0.0701729	0.00273378	0.000763706	0.00340216	
288	0.226351	0.140144	0.0835107	0.00269589	1.00835	0.624317	0.372024	0.0120097	0.0036268	0.0161567	
289	0.0668043	0.0654675	0.00133252	4.28122e-06	0.2976	0.291645	0.00593612	1.9072e-05	4.24845e-06	1.8926e-05	
290	0.0693203	0.0688174	0.000502973	0	0.308808	0.306568	0.00224064	0	0	0	
291	0.204334	0.136827	0.0672055	0.000301767	0.910269	0.609537	0.299387	0.00134431	0.00139029	0.00619348	
292	0.136699	0.116374	0.0202311	9.44325e-05	0.608969	0.518423	0.0901257	0.000420678	0.000109057	0.000485829	
293	0.0672804	0.0474505	0.0198299	0	0.299721	0.211382	0.0883384	0	0	0	
294	0.0726564	0.0608417	0.0117058	0.000108859	0.32367	0.271038	0.0521473	0.000484947	0.000148768	0.000662735	
295	0.198694	0.151779	0.0464881	0.000426543	0.885143	0.676147	0.207095	0.00190016	0.000570658	0.00254217	
296	0.118004	0.118004	0	0	0.525688	0.525688	0	0	0	0	
297	0.176795	0.146218	0.0304892	8.82356e-05	0.787591	0.651374	0.135823	0.000393072	0.00011529	0.000513598	
298	0.107781	0.0906101	0.01698	0.000190846	0.480143	0.40365	0.075643	0.000850182	0.000190813	0.000850037	
299	0.0975336	0.0792197	0.0183127	1.23615e-06	0.434493	0.352908	0.0815796	5.50683e-06	1.20365e-06	5.36205e-06	
300	0.0768398	0.0765546	0.000285178	0	0.342306	0.341036	0.00127041	0	0	0	
301	0.0727491	0.0620835	0.0106583	7.30323e-06	0.324083	0.27657	0.0474808	3.25344e-05	3.2141e-05	0.000143182	
302	0.0715899	0.0691763	0.00241355	0	0.318919	0.308167	0.0107518	0	0	0	
303	0.125601	0.105549	0.019903	0.000149162	0.55953	0.470201	0.088664	0.000664489	0.000171785	0.00076527	
304	0.0952122	0.0952122	0	0	0.424151	0.424151	0	0	0	0	
305	0.0510398	0.0411705	0.00986931	0	0.227372	0.183406	0.0439658	0	0	0	
306	0.0619073	0.0528031	0.00910425	0	0.275785	0.235227	0.0405576	0	0	0	
307	0.0941388	0.0870885	0.00705028	0	0.41937	0.387962	0.0314076	0	0	0	
308	0.093565	0.0753409	0.0182097	1.43817e-05	0.416813	0.335629	0.0811207	6.4068e-05	4.04106e-05	0.000180021	
309	0.124973	0.110495	0.0143429	0.000135089	0.556732	0.492235	0.0638951	0.000601798	0.000144113	0.000641995	
310	0.145445	0.142988	0.00245461	2.31901e-06	0.64793	0.636985	0.0109348	1.03307e-05	2.2862e-06	1.01846e-05	
311	0.083877	0.0737638	0.0100158	9.73829e-05	0.373655	0.328603	0.0446184	0.000433821	0.000110939	0.000494212	
312	0.147473	0.0956077	0.0514975	0.000367909	0.656964	0.425913	0.229411	0.00163896	0.000468226	0.00208585	
313	0.107516	0.093203	0.0143139	0	0.478967	0.415201	0.0637659	0	0	0	
314	0.0800616	0.0770904	0.00297079	3.70415e-07	0.356658	0.343423	0.0132343	1.65013e-06	7.48682e-07	3.33523e-06	
315	0.104163	0.0947468	0.00939363	2.28017e-05	0.464026	0.422078	0.0418468	0.000101577	3.51165e-05	0.000156437	
316	0.0736943	0.0704336	0.00326041	3.15167e-07	0.328293	0.313767	0.0145245	1.404e-06	4.15284e-07	1.85001e-06	
317	0.125606	0.0765804	0.048607	0.000418607	0.55955	0.341151	0.216534	0.00186481	0.000633571	0.00282243	
318	0.148437	0.121982	0.0264551	0	0.661261	0.543408	0.117852	0	0	0	
319	0.234328	0.14324	0.0892674	0.00182069	1.04388	0.638109	0.397669	0.00811081	0.00211884	0.00943905	
320	0.0975634	0.0759123	0.0216266	2.45274e-05	0.434626	0.338174	0.0963423	0.000109265	4.3908e-05	0.000195601	
321	0.155545	0.0985764	0.0553118	0.00165697	0.692923	0.439138	0.246403	0.00738148	0.00203492	0.0090652	
322	0.137042	0.0786179	0.0577777	0.000646422	0.610495	0.350227	0.257388	0.00287968	0.000973792	0.00433805	
323	0.103238	0.094643	0.00859584	0	0.459909	0.421616	0.0382928	0	0	0	
324	0.127297	0.124918	0.00237861	0	0.567085	0.556488	0.0105962	0	0	0	
325	0.090305	0.0900285	0.000276489	0	0.402291	0.401059	0.0012317	0	0	0	
326	0.0716754	0.0709153	0.000760105	0	0.3193	0.315913	0.00338612	0	0	0	
327	0.0771309	0.0749747	0.00215619	0	0.343603	0.333998	0.00960541	0	0	0	
328	0.0913329	0.090517	0.000815946	0	0.40687	0.403235	0.00363488	0	0	0	
329	0.0946242	0.091276	0.00334198	6.25125e-06	0.421532	0.406616	0.0148878	2.78481e-05	7.65611e-06	3.41065e-05	
330	0.1494	0.0880907	0.0600152	0.00129457	0.66555	0.392427	0.267356	0.00576709	0.00181146	0.0080697	
331	0.132123	0.116608	0.0154671	4.75334e-05	0.588582	0.519467	0.068903	0.000211752	6.27049e-05	0.000279338	
332	0.109487	0.0961577	0.0132806	4.87114e-05	0.487743	0.428364	0.0591626	0.000216999	6.81651e-05	0.000303662	
333	0.122852	0.0982323	0.0246017	1.80334e-05	0.547282	0.437605	0.109595	8.03353e-05	2.31073e-05	0.000102938	
334	0.143793	0.0882326	0.054841	0.000720146	0.640573	0.393059	0.244306	0.0032081	0.000975823	0.0043471	
335	0.0870131	0.0802745	0.00673856	0	0.387626	0.357607	0.0300189	0	0	0	
336	0.112926	0.0892357	0.0235802	0.000110748	0.503066	0.397527	0.105045	0.000493361	0.000212906	0.000948454	
337	0.120482	0.11157	0.0089101	2.74618e-06	0.536727	0.497022	0.0396927	1.22337e-05	3.91232e-06	1.74286e-05	
338	0.118198	0.10145	0.0166452	0.000103079	0.52655	0.451939	0.0741513	0.000459197	0.000124522	0.000554722	
339	0.0889094	0.0768647	0.0119989	4.58486e-05	0.396074	0.342417	0.0534528	0.000204246	5.71662e-05	0.000254664	
340	0.109948	0.0833817	0.0262888	0.000278166	0.489799	0.371449	0.117111	0.00123917	0.000423874	0.00188828	
341	0.109222	0.104093	0.00512914	3.4128e-07	0.486564	0.463714	0.0228493	1.52033e-06	5.99668e-07	2.6714e-06	
342	0.109374	0.0752261	0.0339097	0.000239074	0.487243	0.335117	0.151061	0.00106503	0.000254474	0.00113363	
343	0.141961	0.0880485	0.053051	0.000861498	0.632408	0.392238	0.236331	0.0038378	0.00150202	0.00669121	
344	0.0839191	0.082312	0.00160692	1.29598e-07	0.373843	0.366684	0.00715853	5.77335e-07	9.76507e-08	4.35015e-07	
345	0.124241	0.0948933	0.0292815	6.63511e-05	0.55347	0.422731	0.130443	0.000295581	0.000115266	0.00051349	
346	0.144986	0.0980725	0.0460627	0.000851185	0.645885	0.436893	0.2052	0.00379186	0.0013586	0.00605233	
347	0.096945	0.0753453	0.0215635	3.61791e-05	0.431871	0.335648	0.0960615	0.00016117	4.41892e-05	0.000196854	
348	0.0989962	0.0835745	0.0154038	1.78912e-05	0.441009	0.372308	0.0686213	7.9702e-05	3.52821e-05	0.000157175	
349	0.0833081	0.0720721	0.0112119	2.40163e-05	0.371121	0.321067	0.0499471	0.000106988	4.43048e-05	0.000197369	
350	0.139637	0.0759524	0.0620929	0.00159187	0.622056	0.338353	0.276612	0.00709147	0.00225992	0.0100675	
351	0.151177	0.0935305	0.0573594	0.000287141	0.673464	0.41666	0.255525	0.00127916	0.000474166	0.00211231	
352	0.125312	0.0815939	0.0436999	1.90835e-05	0.558244	0.363485	0.194674	8.50134e-05	3.44272e-05	0.000153366	
353	0.084985	0.0778208	0.00715518	9.04485e-06	0.378591	0.346676	0.0318749	4.0293e-05	1.35602e-05	6.04083e-05	
354	0.088507	0.0790354	0.00942113	5.04357e-05	0.394281	0.352087	0.0419693	0.000224681	5.37563e-05	0.000239474	
355	0.0846649	0.0832842	0.00138041	3.0462e-07	0.377165	0.371014	0.00614948	1.35702e-06	3.39936e-07	1.51435e-06	
356	0.126872	0.108611	0.018124	0.000136502	0.565191	0.483844	0.0807391	0.000608092	0.000158103	0.000704319	
357	0.21412	0.107807	0.103153	0.0031601	0.953865	0.480259	0.459528	0.0140776	0.00650738	0.0289891	
358	0.17414	0.0976378	0.0755233	0.000979349	0.775761	0.434957	0.336441	0.00436281	0.003713	0.0165407	
359	0.109743	0.0780158	0.031256	0.00047207	0.488887	0.347545	0.139239	0.00210298	0.000922997	0.00411177	
360	0.100559	0.0963989	0.00415945	8.15318e-07	0.447971	0.429438	0.0185295	3.63208e-06	1.39628e-06	6.22018e-06	
361	0.046882	0.046882	0	0	0.20885	0.20885	0	0	0	0	
362	0.10392	0.0868566	0.0169854	7.85888e-05	0.462946	0.386929	0.0756667	0.000350098	9.2735e-05	0.000413116	
363	0.0491691	0.0489661	0.000203013	0	0.219038	0.218134	0.000904384	0	0	0	
364	0.135347	0.113119	0.0222071	2.0803e-05	0.602944	0.503923	0.0989283	9.26736e-05	3.139e-05	0.000139836	
365	0.0843835	0.0790221	0.00533593	2.54397e-05	0.375912	0.352028	0.0237705	0.000113329	3.03796e-05	0.000135335	
366	0.113434	0.0912243	0.0219372	0.000273238	0.505329	0.406386	0.097726	0.00121722	0.000337698	0.00150438	
367	0.127469	0.104727	0.0226652	7.72732e-05	0.567852	0.466538	0.100969	0.000344237	0.000131921	0.000587682	
368	0.0794775	0.0753594	0.00407965	3.84676e-05	0.354057	0.335711	0.018174	0.000171365	3.846e-05	0.000171331	
369	0.0851952	0.0798706	0.00531146	1.31373e-05	0.379528	0.355808	0.0236615	5.85244e-05	1.47544e-05	6.5728e-05	
370	0.116411	0.0911412	0.0251097	0.000160405	0.51859	0.406016	0.111859	0.000714574	0.000282688	0.00125932	
371	0.115368	0.0788925	0.0362771	0.000199252	0.513946	0.35145	0.161607	0.000887633	0.000233673	0.00104096	
372	0.0980123	0.0786157	0.0193721	2.44573e-05	0.436625	0.350217	0.0862989	0.000108952	3.87716e-05	0.000172719	
373	0.0848394	0.0787703	0.00606303	6.07283e-06	0.377943	0.350906	0.0270096	2.70532e-05	1.006e-05	4.48157e-05	
374	0.161744	0.103362	0.0541517	0.00423053	0.720541	0.460459	0.241235	0.0188462	0.00510393	0.022737	
375	0.144872	0.126433	0.0181817	0.000256484	0.645376	0.563238	0.080996	0.00114258	0.000259301	0.00115513	
376	0.100079	0.0983401	0.0017378	1.55374e-06	0.445834	0.438086	0.00774159	6.92161e-06	1.64716e-06	7.33778e-06	
377	0.105362	0.0995174	0.00582634	1.84494e-05	0.469368	0.44333	0.0259552	8.21885e-05	2.10989e-05	9.39918e-05	
378	0.122704	0.103116	0.0195209	6.71638e-05	0.546626	0.459365	0.0869618	0.000299201	0.000103797	0.000462396	
379	0.0934338	0.0762809	0.0170766	7.63603e-05	0.416229	0.339816	0.076073	0.00034017	9.82878e-05	0.000437852	
380	0.106377	0.0819401	0.0243304	0.000106704	0.47389	0.365027	0.108387	0.000475347	0.000147166	0.000655596	
381	0.106447	0.079336	0.0268369	0.000274848	0.474203	0.353426	0.119553	0.00122439	0.000451087	0.0020095	
382	0.106868	0.103433	0.00342435	1.05233e-05	0.476077	0.460776	0.0152548	4.68795e-05	1.09407e-05	4.8739e-05	
383	0.0806697	0.0754749	0.00519483	0	0.359368	0.336226	0.0231419	0	0	0	
384	0.0996362	0.0898603	0.00977581	0	0.443859	0.40031	0.0435493	0	0	0	
385	0.146718	0.106694	0.0391169	0.00090678	0.653602	0.475305	0.174258	0.00403952	0.00122941	0.00547682	
386	0.0995042	0.0791413	0.0201675	0.000195369	0.443271	0.352559	0.0898424	0.00087033	0.000313073	0.00139468	
387	0.0949052	0.0837176	0.0111051	8.24261e-05	0.422784	0.372945	0.0494712	0.000367192	9.71931e-05	0.000432976	
388	0.0896366	0.0765132	0.0128836	0.000239838	0.399313	0.340851	0.0573939	0.00106843	0.000239805	0.00106828	
389	0.134374	0.110505	0.0238459	2.24497e-05	0.598611	0.492282	0.106228	0.000100009	2.63939e-05	0.000117579	
390	0.0833964	0.0739156	0.00940262	7.82361e-05	0.371514	0.329279	0.0418868	0.000348526	8.12815e-05	0.000362093	
391	0.102187	0.0907169	0.011471	0	0.455227	0.404126	0.0511011	0	0	0	
392	0.0909034	0.0495455	0.0410837	0.000274129	0.404957	0.220715	0.18302	0.00122119	0.000311988	0.00138984	
393	0.0907786	0.0804221	0.0103565	0	0.4044	0.358264	0.0461362	0	0	0	
394	0.0964934	0.092084	0.0044094	0	0.429859	0.410216	0.019643	0	0	0	
395	0.148312	0.137476	0.0108348	8.58749e-07	0.660701	0.61243	0.0482673	3.82556e-06	3.66555e-06	1.63293e-05	
396	0.0970914	0.0588049	0.0382865	0	0.432523	0.261964	0.170558	0	0	0	
397	0.13136	0.10074	0.0303016	0.000318769	0.585186	0.448779	0.134987	0.00142005	0.000865575	0.00385596	
398	0.0909565	0.0906468	0.000309683	0	0.405193	0.403813	0.00137957	0	0	0	
399	0.0789735	0.0780799	0.000893631	0	0.351811	0.34783	0.00398095	0	0	0	
400	0.145862	0.128329	0.0175323	0	0.649787	0.571684	0.0781032	0	0	0	
401	0.100859	0.100065	0.000794389	0	0.44931	0.445771	0.00353885	0	0	0	
402	0.111449	0.0829341	0.0285155	0	0.496486	0.369455	0.127031	0	0	0	
403	0.116893	0.0883209	0.0283722	0.000200815	0.520739	0.393452	0.126392	0.000894595	0.000601668	0.00268031	
404	0.108253	0.0982279	0.0100149	1.08015e-05	0.482248	0.437586	0.0446148	4.81187e-05	1.07687e-05	4.79724e-05	
405	0.106675	0.106607	6.77689e-05	0	0.475218	0.474916	0.000301897	0	0	0	
406	0.197958	0.175943	0.0219617	5.30121e-05	0.881865	0.783793	0.0978353	0.000236158	5.51281e-05	0.000245585	
407	0.131632	0.0850304	0.0463142	0.000287842	0.586397	0.378793	0.206321	0.00128228	0.000302858	0.00134917	
408	0.130139	0.126985	0.00315448	0	0.579745	0.565693	0.0140525	0	0	0	
409	0.0916088	0.091508	0.000100811	0	0.408099	0.40765	0.000449094	0	0	0	
410	0.113372	0.0874855	0.0255411	0.000345689	0.505051	0.389731	0.11378	0.00153997	0.000396353	0.00176567	
411	0.136917	0.116913	0.0199989	4.91886e-06	0.609938	0.520825	0.0890916	2.19125e-05	4.96059e-06	2.20984e-05	
412	0.154908	0.121795	0.0331072	5.64151e-06	0.690087	0.542575	0.147486	2.51318e-05	6.52111e-06	2.90503e-05	
413	0.0936797	0.0912934	0.00238571	6.00921e-07	0.417324	0.406694	0.0106278	2.67698e-06	5.86697e-07	2.61362e-06	
414	0.14945	0.112253	0.0371486	4.86149e-05	0.665774	0.500068	0.165489	0.000216569	5.37384e-05	0.000239394	
415	0.0927693	0.0917184	0.00105086	0	0.413269	0.408587	0.00468141	0	0	0	
416	0.128498	0.105833	0.0226543	1.08068e-05	0.572435	0.471466	0.10092	4.81424e-05	1.07755e-05	4.80029e-05	
417	0.105315	0.0955217	0.0097934	0	0.469158	0.42553	0.0436277	0	0	0	
418	0.0802763	0.076733	0.00354327	0	0.357615	0.34183	0.0157845	0	0	0	
419	0.138236	0.10188	0.0362101	0.000145702	0.615814	0.453856	0.161309	0.000649074	0.000164107	0.000731065	
420	0.0835505	0.0835505	0	0	0.372201	0.372201	0	0	0	0	
421	0.0879344	0.0859431	0.00199132	0	0.39173	0.382859	0.00887095	0	0	0	
422	0.104522	0.0808473	0.0234066	0.000268677	0.465627	0.360158	0.104272	0.0011969	0.000268645	0.00119676	
423	0.0672762	0.0558862	0.0113291	6.09184e-05	0.299702	0.248962	0.0504691	0.000271379	9.30946e-05	0.000414718	
424	0.110473	0.110362	0.000111092	0	0.492138	0.491644	0.000494894	0	0	0	
425	0.0759388	0.0694453	0.0064585	3.51197e-05	0.338292	0.309365	0.0287713	0.000156451	3.56442e-05	0.000158788	
426	0.113779	0.108867	0.00490427	7.30865e-06	0.506863	0.484983	0.0218476	3.25586e-05	8.89871e-06	3.9642e-05	
427	0.0949157	0.0903345	0.0045556	2.56349e-05	0.422831	0.402422	0.0202943	0.000114198	2.61598e-05	0.000116537	
428	0.0955936	0.0939041	0.00168943	0	0.42585	0.418324	0.00752608	0	0	0	
429	0.125079	0.0880889	0.0369862	4.67712e-06	0.557206	0.392418	0.164766	2.08356e-05	6.8153e-06	3.03608e-05	
430	0.229683	0.212053	0.0176159	1.37489e-05	1.02319	0.944658	0.0784754	6.12487e-05	1.37204e-05	6.11217e-05	
431	0.178801	0.166087	0.0127011	1.26575e-05	0.796523	0.739886	0.0565809	5.63867e-05	1.5981e-05	7.11923e-05	
432	0.133599	0.112012	0.0215202	6.70699e-05	0.595159	0.498992	0.0958685	0.000298783	8.45015e-05	0.000376437	
433	0.113984	0.0984273	0.0152264	0.00033068	0.507778	0.438474	0.067831	0.00147311	0.000381273	0.0016985	
434	0.0897725	0.0804701	0.00930229	0	0.399918	0.358478	0.0414399	0	0	0	
435	0.20054	0.151883	0.0486241	3.24071e-05	0.893366	0.676611	0.216611	0.000144367	4.66223e-05	0.000207693	
436	0.123728	0.0860376	0.0372885	0.00040226	0.551185	0.38328	0.166113	0.00179199	0.000570134	0.00253983	
437	0.134102	0.0860869	0.0469714	0.00104408	0.5974	0.3835	0.209248	0.00465119	0.00147499	0.00657081	
438	0.175147	0.130284	0.0439636	0.00089916	0.780247	0.580392	0.195849	0.00400558	0.000964533	0.0042968	
439	0.142456	0.126961	0.0154617	3.36366e-05	0.634616	0.565588	0.0688791	0.000149844	4.33607e-05	0.000193163	
440	0.0857412	0.0800827	0.00564685	1.15994e-05	0.38196	0.356753	0.0251556	5.16734e-05	1.41731e-05	6.31384e-05	
441	0.0682343	0.0675807	0.000653642	0	0.30397	0.301058	0.00291185	0	0	0	
442	0.139518	0.0948528	0.0429672	0.00169835	0.621527	0.42255	0.19141	0.00756582	0.00246297	0.010972	
443	0.170907	0.137842	0.0327428	0.000321471	0.761357	0.614062	0.145862	0.00143209	0.000451176	0.0020099	
444	0.133982	0.107871	0.0261041	6.61412e-06	0.596864	0.480546	0.116288	2.94646e-05	1.74118e-05	7.75663e-05	
445	0.114305	0.0881485	0.0260766	8.05782e-05	0.509209	0.392684	0.116166	0.00035896	0.000149534	0.000666148	
446	0.14861	0.09064	0.0575657	0.000404962	0.662031	0.403783	0.256444	0.00180403	0.000697413	0.00310684	
447	0.158962	0.121887	0.0370756	0	0.708148	0.542984	0.165164	0	0	0	
448	0.0434961	0.0375263	0.00596983	0	0.193766	0.167172	0.0265944	0	0	0	
449	0.232101	0.154087	0.0777808	0.000232716	1.03396	0.686431	0.346498	0.0010367	0.000354988	0.0015814	
450	0.0878585	0.0793703	0.00848824	0	0.391392	0.353579	0.0378134	0	0	0	
451	0.135403	0.120134	0.0152577	1.1602e-05	0.603198	0.535176	0.0679703	5.16849e-05	1.60408e-05	7.14589e-05	
452	0.171876	0.0999768	0.0702453	0.00165451	0.765676	0.445377	0.312929	0.00737053	0.00287305	0.0127989	
453	0.112631	0.0955025	0.0171186	1.04504e-05	0.501751	0.425444	0.07626	4.65547e-05	1.77769e-05	7.91926e-05	
454	0.140913	0.0890984	0.0517284	8.62232e-05	0.62774	0.396916	0.23044	0.000384107	0.00025232	0.00112403	
455	0.159	0.10499	0.0537219	0.000288836	0.708318	0.46771	0.23932	0.00128671	0.000413204	0.00184074	
456	0.14448	0.111806	0.0324342	0.000239335	0.643631	0.498076	0.144488	0.00106619	0.000386456	0.00172158	
457	0.125794	0.10048	0.0253086	5.94701e-06	0.56039	0.447619	0.112745	2.64927e-05	6.16334e-06	2.74564e-05	
458	0.0948221	0.0788712	0.0159466	4.22028e-06	0.422413	0.351356	0.0710391	1.88005e-05	5.17068e-06	2.30343e-05	
459	0.102158	0.0888438	0.0133144	0	0.455095	0.395781	0.059313	0	0	0	
460	0.126238	0.0853011	0.0408503	8.69908e-05	0.562367	0.38	0.18198	0.000387527	0.000102996	0.000458827	
461	0.130183	0.0854733	0.0446854	2.49622e-05	0.579942	0.380766	0.199064	0.000111202	3.97296e-05	0.000176987	
462	0.122661	0.0999309	0.0225452	0.000185049	0.546431	0.445172	0.100434	0.00082436	0.000240019	0.00106924	
463	0.136838	0.119419	0.0174186	1.13608e-07	0.609589	0.531992	0.0775967	5.06104e-07	2.78542e-07	1.24085e-06	
464	0.0860179	0.0689452	0.0170548	1.78636e-05	0.383193	0.307137	0.0759759	7.95788e-05	2.63453e-05	0.000117363	
465	0.083831	0.0826295	0.00120146	0	0.37345	0.368098	0.0053523	0	0	0	
466	0.168942	0.109868	0.0575357	0.00153811	0.752603	0.489441	0.25631	0.00685202	0.00173268	0.00771877	
467	0.120289	0.0797286	0.0393893	0.00117155	0.535866	0.355175	0.175471	0.00521906	0.001592	0.00709208	
468	0.107154	0.101486	0.00566874	0	0.477354	0.452101	0.0252531	0	0	0	
469	0.0769475	0.0767438	0.000203661	0	0.342786	0.341879	0.000907272	0	0	0	
470	0.105907	0.094869	0.0110381	0	0.471795	0.422623	0.0491728	0	0	0	
471	0.132002	0.0789868	0.0530155	0	0.588044	0.351871	0.236173	0	0	0	
472	0.122936	0.0891323	0.0323633	0.00144073	0.547657	0.397067	0.144172	0.0064182	0.00157226	0.00700414	
473	0.17077	0.0991431	0.0690439	0.00258377	0.76075	0.441663	0.307577	0.0115101	0.00300649	0.0133933	
474	0.106125	0.0769134	0.0292123	0	0.472769	0.342634	0.130135	0	0	0	
475	0.126795	0.113207	0.013573	1.51966e-05	0.564848	0.504315	0.0604654	6.76982e-05	1.91502e-05	8.53106e-05	
476	0.162921	0.112646	0.0502514	2.33519e-05	0.725781	0.501817	0.22386	0.000104028	0.000225837	0.00100605	
477	0.124776	0.0969591	0.027679	0.000138664	0.555856	0.431933	0.123304	0.000617722	0.000156213	0.0006959	
478	0.0946335	0.0788581	0.0157754	0	0.421574	0.351297	0.0702764	0	0	0	
479	0.104146	0.0976447	0.00646997	3.20036e-05	0.463953	0.434988	0.0288224	0.000142569	3.53699e-05	0.000157565	
480	0.128124	0.0975417	0.0304897	9.32692e-05	0.57077	0.434529	0.135825	0.000415496	0.00014141	0.000629956	
481	0.086261	0.0758529	0.0104011	6.94017e-06	0.384275	0.337909	0.0463352	3.09171e-05	1.37563e-05	6.1282e-05	
482	0.136179	0.105719	0.0304546	5.24156e-06	0.606654	0.470961	0.135669	2.33501e-05	9.89858e-06	4.40962e-05	
483	0.104426	0.0924174	0.0120088	6.55918e-07	0.465201	0.411701	0.053497	2.92199e-06	1.66164e-06	7.40229e-06	
484	0.166671	0.116588	0.0490434	0.00104038	0.74249	0.519376	0.218479	0.00463469	0.00128024	0.00570325	
485	0.114752	0.0947929	0.0196466	0.000313104	0.5112	0.422283	0.0875218	0.00139482	0.000331756	0.0014779	
486	0.0820953	0.0798587	0.00223563	1.0036e-06	0.365718	0.355754	0.00995931	4.47085e-06	1.08525e-06	4.83458e-06	
487	0.103773	0.0996188	0.00415515	0	0.462292	0.443782	0.0185104	0	0	0	
488	0.14218	0.0953259	0.0467004	0.000153803	0.633384	0.424658	0.208041	0.000685162	0.000298139	0.00132815	
489	0.153616	0.0979784	0.0555772	6.05352e-05	0.684329	0.436474	0.247585	0.000269672	0.000121668	0.000542009	
490	0.0939121	0.0905847	0.00332737	0	0.41836	0.403537	0.0148228	0	0	0	
491	0.0981699	0.0781189	0.019991	6.00604e-05	0.437328	0.348004	0.0890561	0.000267557	6.38639e-05	0.000284501	
492	0.150468	0.0968143	0.0524223	0.00123151	0.670306	0.431289	0.233531	0.00548616	0.00149202	0.00664669	
493	0.202142	0.111464	0.0906593	1.87344e-05	0.900506	0.496553	0.403869	8.34583e-05	3.99126e-05	0.000177803	
494	0.187167	0.116852	0.0702544	5.9941e-05	0.833792	0.520556	0.312969	0.000267025	0.00010024	0.00044655	
495	0.0881762	0.0837385	0.00443772	0	0.392808	0.373038	0.0197692	0	0	0	
496	0.103418	0.0895212	0.0134748	0.000422774	0.46071	0.398799	0.060028	0.00188337	0.000422741	0.00188323	
497	0.120029	0.0773912	0.0425704	6.78405e-05	0.534708	0.344762	0.189643	0.000302216	8.79819e-05	0.000391942	
498	0.168154	0.133224	0.0348457	8.41798e-05	0.749096	0.59349	0.15523	0.000375004	0.000127558	0.000568249	
499	0.159447	0.157599	0.00184775	9.91835e-08	0.710308	0.702076	0.00823136	4.41843e-07	8.42289e-08	3.75223e-07	
500	0.150949	0.080555	0.0697503	0.000644249	0.672451	0.358857	0.310724	0.00287	0.00113867	0.00507259	
501	0.139757	0.108167	0.0315491	4.07313e-05	0.622593	0.481866	0.140545	0.00018145	8.75632e-05	0.000390077	
502	0.0926656	0.0907072	0.00195758	7.88911e-07	0.412807	0.404083	0.00872066	3.51444e-06	7.56168e-07	3.36858e-06	
503	0.112818	0.102738	0.0100732	7.49819e-06	0.502586	0.457678	0.0448743	3.34029e-05	8.65021e-06	3.8535e-05	
504	0.127919	0.119033	0.00885493	3.136e-05	0.569857	0.53027	0.0394469	0.000139702	3.36598e-05	0.000149948	
505	0.0742086	0.0684839	0.00571999	4.67499e-06	0.330584	0.305082	0.0254814	2.08261e-05	8.0352e-06	3.57952e-05	
506	0.157016	0.0975372	0.0569723	0.00250694	0.699478	0.434509	0.2538	0.0111679	0.00279848	0.0124667	
507	0.204875	0.157556	0.0465253	0.000793777	0.91268	0.701883	0.207261	0.00353612	0.00106277	0.00473447	
508	0.0941872	0.0877903	0.00639692	0	0.419585	0.391088	0.028497	0	0	0	
509	0.0936182	0.0869398	0.00665979	1.86544e-05	0.417051	0.3873	0.029668	8.31019e-05	2.73269e-05	0.000121736	
510	0.132103	0.105007	0.0264742	0.000621084	0.588493	0.467789	0.117937	0.0027668	0.000698579	0.00311203	
511	0.0771945	0.0749359	0.00225762	1.08827e-06	0.343886	0.333824	0.0100572	4.84805e-06	1.1276e-06	5.02327e-06	
512	0.175562	0.0880803	0.0872236	0.000258509	0.782096	0.39238	0.388564	0.0011516	0.00061348	0.00273293	
513	0.114622	0.0908779	0.0236936	5.13366e-05	0.510622	0.404843	0.10555	0.000228694	7.72063e-05	0.000343938	
514	0.255244	0.128081	0.123414	0.00374816	1.13706	0.570579	0.549788	0.0166973	0.0055062	0.024529	
515	0.0678559	0.0564294	0.0113636	6.28559e-05	0.302284	0.251382	0.0506227	0.000280011	8.82284e-05	0.00039304	
516	0.113844	0.0882403	0.0253032	0.000300701	0.507153	0.393093	0.112721	0.00133956	0.00035551	0.00158373	
517	0.0856454	0.0814831	0.00416228	0	0.381533	0.362991	0.0185421	0	0	0	
518	0.19178	0.155367	0.0364121	8.80483e-08	0.854342	0.692133	0.162208	3.92238e-07	1.39814e-07	6.22844e-07	
519	0.0703903	0.0419799	0.0284058	4.60292e-06	0.313575	0.187012	0.126542	2.05051e-05	1.1072e-05	4.93239e-05	
520	0.161947	0.121991	0.039075	0.000880702	0.721443	0.543448	0.174071	0.00392335	0.00128499	0.00572438	
521	0.27258	0.109539	0.162298	0.000743095	1.21429	0.487975	0.723008	0.00331034	0.00201081	0.00895778	
522	0.186066	0.0781134	0.106998	0.000954063	0.828888	0.34798	0.476658	0.00425016	0.00129182	0.00575483	
523	0.0918154	0.0759841	0.0158106	2.07495e-05	0.409019	0.338494	0.0704331	9.24352e-05	3.91845e-05	0.000174559	
524	0.154438	0.105676	0.0483045	0.000457611	0.687994	0.470768	0.215187	0.00203857	0.000596384	0.00265677	
525	0.157827	0.099491	0.0580875	0.000248645	0.703089	0.443213	0.258768	0.00110766	0.000473726	0.00211035	
526	0.1138	0.10119	0.0125787	3.17538e-05	0.50696	0.450783	0.0560357	0.000141457	4.15993e-05	0.000185317	
527	0.101388	0.0777461	0.023515	0.000127668	0.451667	0.346343	0.104754	0.000568738	0.000175939	0.000783775	
528	0.0852041	0.0802062	0.00499782	0	0.379567	0.357303	0.0222643	0	0	0	
529	0.1382	0.080871	0.0570285	0.000301084	0.615656	0.360264	0.25405	0.00134127	0.000606424	0.0027015	
530	0.0961438	0.0806384	0.0154618	4.35898e-05	0.428302	0.359228	0.0688794	0.000194184	5.95374e-05	0.000265227	
531	0.162904	0.104774	0.0579936	0.000136789	0.725707	0.466748	0.25835	0.000609371	0.000268589	0.00119651	
532	0.128418	0.0835775	0.0426657	0.00217572	0.572081	0.372321	0.190067	0.00969244	0.00240475	0.0107127	
533	0.168879	0.117693	0.0510145	0.00017145	0.752324	0.5243	0.227259	0.00076378	0.000237453	0.00105781	
534	0.133361	0.1132	0.0199208	0.000240903	0.5941	0.504283	0.0887433	0.00107317	0.000286371	0.00127572	
535	0.095036	0.0775439	0.0170852	0.000406854	0.423366	0.345443	0.0761114	0.00181245	0.000674904	0.00300656	
536	0.075912	0.0657724	0.0101382	1.41279e-06	0.338173	0.293003	0.0451639	6.29371e-06	2.20403e-06	9.81853e-06	
537	0.131004	0.0766854	0.054231	8.80177e-05	0.583599	0.341618	0.241588	0.000392101	0.000476357	0.00212207	
538	0.144423	0.0803345	0.0624912	0.00159772	0.643378	0.357874	0.278386	0.00711754	0.0019336	0.00861383	
539	0.136579	0.0830867	0.0534803	1.1978e-05	0.608432	0.370135	0.238244	5.33597e-05	2.21935e-05	9.88678e-05	
540	0.0954405	0.0798655	0.0152846	0.000290426	0.425168	0.355785	0.0680899	0.00129379	0.000337034	0.00150142	
541	0.088414	0.0821252	0.00628287	5.93643e-06	0.393867	0.365852	0.0279889	2.64456e-05	1.53366e-05	6.83218e-05	
542	0.203319	0.14986	0.0530882	0.000371552	0.90575	0.667597	0.236497	0.00165519	0.00047947	0.00213594	
543	0.128986	0.0893339	0.0395905	6.21865e-05	0.574609	0.397965	0.176367	0.000277028	0.000139318	0.000620634	
544	0.16235	0.126607	0.0357373	5.6284e-06	0.72324	0.564013	0.159202	2.50734e-05	7.49547e-05	0.000333908	
545	0.158251	0.0751374	0.0830056	0.000107942	0.704977	0.334722	0.369774	0.000480863	0.000307785	0.00137112	
546	0.135692	0.116488	0.0191858	1.82666e-05	0.604484	0.518933	0.0854691	8.13742e-05	2.0823e-05	9.27625e-05	
547	0.0875126	0.0754388	0.0120738	0	0.389851	0.336065	0.0537864	0	0	0	
548	0.119263	0.110718	0.00854575	0	0.531297	0.493227	0.0380696	0	0	0	
549	0.145951	0.084948	0.0606231	0.000380204	0.650184	0.378426	0.270064	0.00169373	0.000909745	0.00405273	
550	0.188417	0.11966	0.067988	0.000769231	0.839363	0.533063	0.302873	0.00342677	0.00145418	0.0064781	
551	0.0966718	0.0964995	0.000172279	0	0.430654	0.429886	0.000767469	0	0	0	
552	0.0859445	0.0725519	0.0132742	0.000118391	0.382866	0.323204	0.059134	0.000527411	0.000143014	0.000637103	
553	0.194281	0.182875	0.011369	3.70397e-05	0.865486	0.814674	0.0506471	0.000165004	5.93884e-05	0.000264563	
554	0.148687	0.102368	0.044811	0.00150884	0.662375	0.456029	0.199624	0.0067216	0.00168338	0.00749916	
555	0.10577	0.0750942	0.0306387	3.7174e-05	0.471185	0.33453	0.136489	0.000165603	4.27395e-05	0.000190396	
556	0.177174	0.149482	0.0275237	0.000167756	0.789275	0.665915	0.122612	0.000747322	0.000167847	0.000747729	
557	0.0904492	0.0789012	0.0115226	2.54217e-05	0.402933	0.351489	0.051331	0.000113248	4.16624e-05	0.000185597	
558	0.105325	0.0973639	0.00796071	5.1172e-07	0.469202	0.433737	0.0354634	2.27961e-06	4.79303e-07	2.1352e-06	
559	0.104022	0.0790053	0.0244507	0.000566561	0.4634	0.351953	0.108923	0.00252392	0.000731919	0.00326055	
560	0.0932897	0.0847603	0.00852938	0	0.415587	0.37759	0.0379967	0	0	0	
561	0.115821	0.0930226	0.0226789	0.000120376	0.515963	0.414397	0.10103	0.000536253	0.000186527	0.000830941	
562	0.07127	0.0498069	0.021463	0	0.317494	0.22188	0.0956136	0	0	0	
563	0.0974581	0.0787646	0.0185819	0.000111622	0.434157	0.350881	0.0827788	0.000497257	0.000189135	0.000842561	
564	0.113666	0.0814098	0.03213	0.000126674	0.506362	0.362665	0.143132	0.000564307	0.000225616	0.00100507	
565	0.0998653	0.0849181	0.0148006	0.000146599	0.44488	0.378293	0.065934	0.000653073	0.000196429	0.000875056	
566	0.121295	0.103684	0.0175421	6.83409e-05	0.540347	0.461896	0.078147	0.000304445	8.62208e-05	0.000384096	
567	0.214308	0.160744	0.0527021	0.000861421	0.9547	0.716085	0.234777	0.00383746	0.000929361	0.00414012	
568	0.141829	0.115187	0.0266415	0	0.631821	0.513138	0.118682	0	0	0	
569	0.0780996	0.0758219	0.00227773	0	0.347918	0.337771	0.0101468	0	0	0	
570	0.132314	0.119687	0.0126111	1.54216e-05	0.589435	0.533186	0.0561803	6.87005e-05	1.94815e-05	8.67864e-05	
571	0.10087	0.091459	0.00941117	0	0.449357	0.407432	0.0419249	0	0	0	
572	0.112576	0.0975442	0.0148217	0.000210161	0.501504	0.43454	0.0660281	0.00093623	0.000289092	0.00128784	
573	0.102003	0.0843202	0.0175654	0.000117795	0.454405	0.37563	0.0782507	0.000524755	0.000194262	0.000865402	
574	0.141315	0.079814	0.0610063	0.000495401	0.629533	0.355555	0.271771	0.00220691	0.000812242	0.00361838	
575	0.146458	0.0842603	0.0619632	0.000235346	0.652445	0.375363	0.276033	0.00104842	0.000361103	0.00160864	
576	0.0636579	0.0544575	0.0092004	0	0.283583	0.242597	0.0409859	0	0	0	
577	0.127747	0.113097	0.0146497	0	0.569089	0.503827	0.0652617	0	0	0	
578	0.102724	0.0889771	0.0137431	4.41925e-06	0.457618	0.396375	0.061223	1.96868e-05	4.61798e-06	2.05722e-05	
579	0.0945255	0.0872568	0.00726709	1.70136e-06	0.421093	0.388712	0.0323735	7.57926e-06	6.15078e-06	2.74005e-05	
580	0.0861383	0.0667414	0.0193779	1.89782e-05	0.383729	0.29732	0.086325	8.45443e-05	4.69049e-05	0.000208952	
581	0.0801552	0.0751948	0.00496042	0	0.357076	0.334978	0.0220977	0	0	0	
582	0.0886676	0.0844524	0.00418547	2.97366e-05	0.394996	0.376219	0.0186454	0.000132471	3.11324e-05	0.000138688	
583	0.114465	0.0928803	0.0213781	0.000207467	0.509923	0.413763	0.0952354	0.000924228	0.000265271	0.00118173	
584	0.17418	0.128116	0.0453129	0.000751148	0.775938	0.570732	0.20186	0.00334621	0.000901884	0.00401771	
585	0.108595	0.0749936	0.0335491	5.2761e-05	0.483771	0.334082	0.149454	0.00023504	8.12461e-05	0.000361935	
586	0.116432	0.0844504	0.0318904	9.19498e-05	0.518685	0.37621	0.142065	0.000409618	0.000115235	0.000513353	
587	0.107566	0.0890758	0.0184028	8.77554e-05	0.479187	0.396815	0.0819811	0.000390933	0.000110737	0.000493315	
588	0.0682641	0.0677166	0.000547525	0	0.304103	0.301664	0.00243912	0	0	0	
589	0.157369	0.109406	0.0470503	0.000913125	0.701051	0.487383	0.2096	0.00406779	0.00126141	0.00561937	
590	0.146895	0.107551	0.038829	0.0005152	0.654389	0.479118	0.172975	0.00229511	0.00161719	0.0072043	
591	0.139318	0.0960957	0.0432044	1.83141e-05	0.620636	0.428087	0.192467	8.15861e-05	5.0806e-05	0.00022633	
592	0.107928	0.0859389	0.0219619	2.75366e-05	0.480799	0.382841	0.097836	0.00012267	3.40901e-05	0.000151865	
593	0.104116	0.0941578	0.00990283	5.63065e-05	0.46382	0.419454	0.0441152	0.000250834	6.92291e-05	0.000308402	
594	0.0884177	0.0806546	0.00775857	4.5279e-06	0.393883	0.3593	0.0345629	2.01709e-05	7.49824e-06	3.34031e-05	
595	0.12045	0.0940035	0.0263138	0.000132832	0.536581	0.418767	0.117223	0.00059174	0.000152604	0.000679825	
596	0.112618	0.090414	0.0221452	5.94667e-05	0.501694	0.402776	0.0986526	0.000264912	0.000102382	0.000456093	
597	0.148933	0.141202	0.00771447	1.57318e-05	0.663467	0.629031	0.0343664	7.00822e-05	1.80814e-05	8.05493e-05	
598	0.113091	0.108402	0.00467971	9.17166e-06	0.5038	0.482912	0.0208472	4.08579e-05	1.05413e-05	4.69594e-05	
599	0.10378	0.0935592	0.0102212	0	0.462321	0.416788	0.0455336	0	0	0	
600	0.109039	0.108132	0.000906401	0	0.485748	0.48171	0.00403784	0	0	0	
601	0.230256	0.148301	0.0815116	0.000443388	1.02574	0.660653	0.363118	0.0019752	0.0004438	0.00197704	
602	0.112065	0.102743	0.00928083	4.11597e-05	0.499231	0.457703	0.0413442	0.000183358	4.47449e-05	0.000199329	
603	0.112665	0.0520446	0.0606171	3.87791e-06	0.501903	0.231848	0.270037	1.72753e-05	1.45264e-05	6.47124e-05	
604	0.0858414	0.0810797	0.00476167	3.26628e-08	0.382406	0.361194	0.0212123	1.45506e-07	1.30431e-07	5.81048e-07	
605	0.114465	0.0496278	0.064838	0	0.509923	0.221082	0.28884	0	0	0	
606	0.125765	0.0939342	0.0313071	0.000524538	0.560262	0.418458	0.139467	0.00233671	0.000695489	0.00309827	
607	0.0839819	0.0782991	0.00567684	6.01117e-06	0.374123	0.348807	0.0252892	2.67785e-05	9.51967e-06	4.24082e-05	
608	0.0854259	0.0789164	0.00650944	0	0.380555	0.351557	0.0289982	0	0	0	
609	0.0901485	0.0872339	0.00291458	0	0.401594	0.38861	0.0129839	0	0	0	
610	0.107196	0.0801353	0.0265438	0.000517562	0.47754	0.356987	0.118247	0.00230563	0.000633036	0.00282005	
611	0.0635826	0.0577952	0.00573729	5.01521e-05	0.283248	0.257466	0.0255585	0.000223418	5.93416e-05	0.000264355	
612	0.0949348	0.0907328	0.00420063	1.33374e-06	0.422916	0.404197	0.018713	5.94158e-06	1.44798e-06	6.45051e-06	
613	0.0947818	0.0767297	0.0179197	0.000132316	0.422234	0.341816	0.079829	0.000589445	0.000170257	0.000758462	
614	0.0963086	0.0837189	0.0125207	6.89386e-05	0.429036	0.372951	0.0557776	0.000307108	6.9389e-05	0.000309114	
615	0.0973997	0.0868417	0.010558	0	0.433896	0.386862	0.0470338	0	0	0	
616	0.117731	0.0890407	0.026966	0.00172488	0.524471	0.396659	0.120128	0.00768404	0.00173343	0.00772211	
617	0.11245	0.0917383	0.0206028	0.000109484	0.500945	0.408676	0.0917818	0.000487732	0.000172766	0.000769638	
618	0.0614524	0.0559541	0.00547589	2.24835e-05	0.273758	0.249264	0.024394	0.00010016	2.24565e-05	0.000100039	
619	0.131806	0.0989144	0.0327649	0.000126828	0.58717	0.440644	0.145961	0.000564995	0.000132842	0.000591789	
620	0.102318	0.08775	0.0145651	3.77696e-06	0.45581	0.390909	0.0648848	1.68256e-05	6.55089e-06	2.91829e-05	
621	0.337007	0.186196	0.148284	0.00252608	1.5013	0.829469	0.660578	0.0112532	0.0026099	0.0116266	
622	0.0349191	0.0304916	0.00442744	0	0.155557	0.135834	0.0197233	0	0	0	
623	0.0978142	0.0718586	0.0256128	0.000342873	0.435743	0.320116	0.1141	0.00152743	0.000416782	0.00185668	
624	0.113627	0.0827076	0.0307711	0.000148583	0.506187	0.368446	0.137079	0.000661912	0.000164097	0.000731024	
625	0.0675447	0.0549839	0.0125608	0	0.300898	0.244942	0.0559559	0	0	0	
626	0.0698509	0.0638302	0.00602071	0	0.311172	0.284351	0.0268211	0	0	0	
627	0.10305	0.0791127	0.0239381	0	0.459071	0.352431	0.106639	0	0	0	
628	0.0601116	0.0601116	0	0	0.267785	0.267785	0	0	0	0	
629	0.200137	0.137619	0.0621319	0.000385318	0.891571	0.613069	0.276785	0.00171651	0.00052933	0.00235806	
630	0.173881	0.145583	0.0282632	3.49685e-05	0.774608	0.648545	0.125907	0.000155778	5.59477e-05	0.000249236	
631	0.107407	0.0958441	0.0115596	3.26895e-06	0.478477	0.426966	0.051496	1.45625e-05	3.36616e-06	1.49955e-05	
632	0.0435194	0.0432576	0.000261809	0	0.19387	0.192704	0.0011663	0	0	0	
633	0.0583982	0.0451609	0.013185	5.23185e-05	0.260152	0.201183	0.0587367	0.000233068	5.22857e-05	0.000232922	
634	0.0467338	0.0419731	0.00476065	0	0.20819	0.186982	0.0212077	0	0	0	
635	0.0754896	0.0655613	0.00990014	2.82198e-05	0.336291	0.292062	0.0441032	0.000125713	7.65888e-05	0.000341188	
636	0.0943916	0.0650098	0.0293784	3.37936e-06	0.420496	0.289606	0.130875	1.50544e-05	4.78555e-06	2.13187e-05	
637	0.0859148	0.0736467	0.0122417	2.64404e-05	0.382734	0.328081	0.0545347	0.000117786	3.62723e-05	0.000161586	
638	0.121542	0.0815568	0.0399829	2.74277e-06	0.541448	0.363319	0.178116	1.22185e-05	4.52137e-06	2.01418e-05	
639	0.116687	0.0761472	0.0405325	7.81259e-06	0.51982	0.339221	0.180564	3.48035e-05	8.53554e-06	3.80241e-05	
640	0.084808	0.0805088	0.00428368	1.55592e-05	0.377803	0.358651	0.0190829	6.93135e-05	1.56344e-05	6.96485e-05	
641	0.076152	0.0750508	0.0011012	0	0.339242	0.334336	0.00490564	0	0	0	
642	0.063884	0.0630885	0.000795492	0	0.28459	0.281047	0.00354376	0	0	0	
643	0.173731	0.141965	0.0307401	0.00102619	0.77394	0.632427	0.136941	0.00457148	0.00109802	0.00489148	
644	0.102372	0.0824219	0.0199508	0	0.456051	0.367173	0.0888773	0	0	0	
645	0.0820891	0.0804162	0.00167288	0	0.36569	0.358238	0.00745239	0	0	0	
646	0.112059	0.075012	0.036894	0.000153123	0.499201	0.334163	0.164355	0.000682136	0.000179736	0.000800691	
647	0.156258	0.12387	0.0319503	0.000436812	0.696098	0.55182	0.142332	0.00194591	0.000475347	0.00211758	
648	0.146351	0.117319	0.0288604	0.000171255	0.651967	0.522637	0.128567	0.000762907	0.000191887	0.00085482	
649	0.0643557	0.0643557	0	0	0.286692	0.286692	0	0	0	0	
650	0.0738739	0.0730024	0.00086931	2.18117e-06	0.329093	0.325211	0.0038726	9.71672e-06	2.20477e-06	9.82185e-06	
651	0.102275	0.101528	0.000746829	0	0.455615	0.452288	0.00332697	0	0	0	
652	0.103441	0.0824908	0.0205321	0.000418876	0.460813	0.36748	0.0914667	0.00186601	0.000583073	0.00259747	
653	0.0997311	0.0876857	0.012043	2.31005e-06	0.444282	0.390623	0.0536493	1.02908e-05	3.23286e-06	1.44017e-05	
654	0.119623	0.0882835	0.0312112	0.00012832	0.532897	0.393285	0.139039	0.000571644	0.000172388	0.000767954	
655	0.135475	0.0810907	0.0536603	0.0007249	0.603518	0.361243	0.239046	0.00322928	0.000912145	0.00406343	
656	0.218675	0.118474	0.0964711	0.00372998	0.974154	0.527778	0.42976	0.0166163	0.00564542	0.0251492	
657	0.0985825	0.0801466	0.0184359	0	0.439166	0.357037	0.0821284	0	0	0	
658	0.116773	0.0753944	0.0413742	4.94779e-06	0.520203	0.335867	0.184314	2.20414e-05	7.93292e-06	3.53396e-05	
659	0.125725	0.0958388	0.0292736	0.000613468	0.560084	0.426943	0.130408	0.00273288	0.000757622	0.00337506	
660	0.161432	0.100537	0.0597949	0.00110058	0.719151	0.447873	0.266375	0.00490287	0.00143428	0.00638945	
661	0.189919	0.0984586	0.0905701	0.000890489	0.846052	0.438613	0.403472	0.00396695	0.00391241	0.017429	
662	0.113827	0.0805517	0.033052	0.00022339	0.507077	0.358842	0.14724	0.000995161	0.000326091	0.00145267	
663	0.0998192	0.0804701	0.0190851	0.000264035	0.444675	0.358478	0.0850204	0.00117622	0.000365098	0.00162644	
664	0.107851	0.0874516	0.020112	0.000287484	0.480455	0.38958	0.0895953	0.00128068	0.00030731	0.001369	
665	0.102825	0.0873462	0.0154729	6.54415e-06	0.458068	0.38911	0.0689288	2.91529e-05	7.02758e-06	3.13064e-05	
666	0.100963	0.079071	0.0217699	0.00012291	0.449774	0.352245	0.0969807	0.000547544	0.000144821	0.00064515	
667	0.158529	0.104988	0.0506249	0.00291565	0.706216	0.467704	0.225524	0.0129886	0.0038892	0.0173256	
668	0.102312	0.0831851	0.0191195	8.30388e-06	0.455784	0.370573	0.0851739	3.69921e-05	9.42833e-06	4.20014e-05	
669	0.0435784	0.0435784	0	0	0.194133	0.194133	0	0	0	0	
670	0.0901308	0.0827609	0.00735469	1.5297e-05	0.401515	0.368683	0.0327637	6.81455e-05	1.66979e-05	7.43861e-05	
671	0.0521252	0.0507252	0.00139991	0	0.232207	0.225971	0.00623632	0	0	0	
672	0.151429	0.11215	0.0392225	5.63754e-05	0.67459	0.49961	0.174728	0.000251141	6.34085e-05	0.000282472	
673	0.147634	0.101629	0.0451179	0.000887196	0.657683	0.452739	0.200991	0.00395228	0.00142072	0.00632905	
674	0.1312	0.095507	0.0356886	5.05919e-06	0.584473	0.425465	0.158985	2.25377e-05	7.90805e-06	3.52288e-05	
675	0.12115	0.081325	0.03973	9.51043e-05	0.5397	0.362287	0.176989	0.000423671	0.000150825	0.000671897	
676	0.148975	0.109967	0.0378076	0.00120035	0.663655	0.489883	0.168425	0.00534733	0.00130075	0.00579459	
677	0.102606	0.0935891	0.00899164	2.56318e-05	0.457091	0.416921	0.040056	0.000114184	3.93314e-05	0.000175214	
678	0.109525	0.080447	0.029041	3.7165e-05	0.487913	0.358376	0.129372	0.000165563	5.08743e-05	0.000226635	
679	0.129298	0.0911469	0.0381512	0	0.575998	0.406041	0.169956	0	0	0	
680	0.133116	0.110586	0.0225301	0	0.593008	0.492641	0.100367	0	0	0	
681	0.110289	0.0979192	0.0123029	6.73455e-05	0.491318	0.436211	0.0548073	0.000300011	8.12985e-05	0.000362169	
682	0.100379	0.0978191	0.00256036	0	0.447171	0.435765	0.0114059	0	0	0	
683	0.0937354	0.0913481	0.00238729	0	0.417572	0.406937	0.0106349	0	0	0	
684	0.113272	0.0944425	0.0187886	4.13065e-05	0.504606	0.420722	0.0836998	0.000184012	6.3476e-05	0.000282773	
685	0.184616	0.141003	0.0426966	0.000916167	0.822429	0.628142	0.190205	0.00408134	0.000928304	0.00413541	
686	0.102862	0.090687	0.0119518	0.00022409	0.458234	0.403992	0.0532432	0.000998278	0.000226165	0.00100752	
687	0.0822082	0.0779742	0.00423406	0	0.366221	0.347359	0.0188619	0	0	0	
688	0.064363	0.064363	0	0	0.286724	0.286724	0	0	0	0	
689	0.00728886	0.00716524	0.00012362	0	0.0324704	0.0319197	0.000550706	0	0	0	
690	0.0599622	0.0599477	1.45378e-05	0	0.26712	0.267055	6.47633e-05	0	0	0	
691	0.109729	0.0983064	0.0112121	0.000210505	0.488821	0.437935	0.0499478	0.000937762	0.000218822	0.000974811	
692	0.073055	0.073055	0	0	0.325446	0.325446	0	0	0	0	
693	0.0911885	0.0794815	0.011691	1.60499e-05	0.406227	0.354074	0.0520811	7.14994e-05	1.60174e-05	7.13547e-05	
694	0.182559	0.154691	0.0277241	0.000143885	0.813268	0.689122	0.123505	0.000640981	0.000276048	0.00122974	
695	0.0963213	0.0794645	0.0168138	4.29383e-05	0.429092	0.353999	0.0749023	0.000191281	4.90906e-05	0.000218689	
696	0.272425	0.160042	0.108701	0.00368192	1.2136	0.712955	0.484243	0.0164022	0.00421127	0.0187604	
697	0.170287	0.0829353	0.0861457	0.00120619	0.758596	0.36946	0.383762	0.00537337	0.00169492	0.00755055	
698	0.243771	0.196152	0.0471375	0.000481771	1.08595	0.873819	0.209988	0.00214619	0.000699665	0.00311687	
699	0.293757	0.185679	0.10643	0.0016481	1.30863	0.827164	0.474127	0.00734198	0.00226357	0.0100837	
700	0.0826684	0.0826684	0	0	0.368271	0.368271	0	0	0	0	
701	0.0825245	0.0825245	0	0	0.36763	0.36763	0	0	0	0	
702	0.109802	0.106431	0.00337079	3.60462e-08	0.489149	0.474133	0.0150162	1.60578e-07	3.1972e-07	1.42429e-06	
703	0.0912339	0.0877804	0.00343925	1.43185e-05	0.406429	0.391044	0.0153212	6.37861e-05	1.42856e-05	6.36399e-05	
704	0.0950367	0.0795666	0.01547	0	0.423369	0.354453	0.0689161	0	0	0	
705	0.0968377	0.0882066	0.00862308	7.96842e-06	0.431393	0.392943	0.0384141	3.54977e-05	7.93577e-06	3.53523e-05	
706	0.196485	0.158416	0.0378684	0.000200069	0.875303	0.705716	0.168696	0.00089127	0.000458632	0.00204311	
707	0.085473	0.0803735	0.00509941	0	0.380765	0.358048	0.0227168	0	0	0	
708	0.0800418	0.0800418	0	0	0.35657	0.35657	0	0	0	0	
709	0.130097	0.103503	0.0261664	0.00042773	0.57956	0.461088	0.116566	0.00190545	0.000440853	0.00196391	
710	0.187248	0.0961105	0.0908708	0.000267541	0.834157	0.428153	0.404811	0.00119184	0.000403659	0.00179822	
711	0.0996195	0.0807681	0.0188513	0	0.443785	0.359806	0.0839792	0	0	0	
712	0.0772756	0.076652	0.000623628	0	0.344247	0.341469	0.00277814	0	0	0	
713	0.0892979	0.078498	0.0107827	1.71221e-05	0.397804	0.349693	0.0480352	7.62759e-05	1.70896e-05	7.61312e-05	
714	0.0924208	0.0817623	0.0106584	0	0.411716	0.364235	0.0474813	0	0	0	
715	0.0701276	0.0701276	0	0	0.312405	0.312405	0	0	0	0	
716	0.081596	0.0750642	0.00645865	7.32088e-05	0.363494	0.334396	0.028772	0.000326131	8.96031e-05	0.000399164	
717	0.0956982	0.0883799	0.00728658	3.17909e-05	0.426317	0.393715	0.0324603	0.000141622	3.56265e-05	0.000158709	
718	0.123053	0.108266	0.0147006	8.68094e-05	0.548179	0.482304	0.0654883	0.000386719	9.15012e-05	0.00040762	
719	0.0764181	0.0629944	0.0133116	0.000112047	0.340427	0.280628	0.0593006	0.00049915	0.00011562	0.000515066	
720	0.0629634	0.0621541	0.000809346	0	0.28049	0.276884	0.00360548	0	0	0	
721	0.126458	0.106441	0.0198478	0.000169008	0.563349	0.474178	0.0884182	0.000752897	0.000184125	0.000820241	
722	0.0811822	0.0809419	0.000240353	0	0.361651	0.36058	0.00107072	0	0	0	
723	0.11078	0.102156	0.00861683	6.59241e-06	0.493503	0.455088	0.0383863	2.93679e-05	6.55975e-06	2.92224e-05	
724	0.0808163	0.0805759	0.000240353	0	0.36002	0.35895	0.00107072	0	0	0	
725	0.085282	0.0624548	0.0228271	0	0.379914	0.278224	0.10169	0	0	0	
726	0.0454927	0.0425796	0.00291305	0	0.202661	0.189684	0.012977	0	0	0	
727	0.0891474	0.0888367	0.000310705	0	0.397134	0.39575	0.00138413	0	0	0	
728	0.0970628	0.0852985	0.011668	9.63875e-05	0.432396	0.379988	0.0519787	0.000429387	0.000104854	0.000467106	
729	0.101343	0.0774841	0.0238591	0	0.451464	0.345176	0.106287	0	0	0	
730	0.12064	0.104729	0.0158769	3.39323e-05	0.53743	0.46655	0.0707288	0.000151162	3.97228e-05	0.000176957	
731	0.109528	0.0942979	0.0150518	0.000178698	0.487928	0.420079	0.0670531	0.000796068	0.000187691	0.00083613	
732	0.0823422	0.0772564	0.00508583	0	0.366818	0.344162	0.0226563	0	0	0	
733	0.104686	0.0918341	0.0127649	8.77871e-05	0.466359	0.409103	0.0568655	0.000391074	0.000154415	0.00068789	
734	0.12401	0.106681	0.0173257	2.66916e-06	0.552441	0.475246	0.077183	1.18906e-05	2.83303e-06	1.26206e-05	
735	0.0691021	0.0656284	0.00346158	1.21372e-05	0.307836	0.292361	0.0154206	5.40689e-05	1.21498e-05	5.41253e-05	
736	0.0570026	0.0554098	0.00159281	0	0.253935	0.246839	0.00709565	0	0	0	
737	0.0880602	0.0795253	0.0084687	6.61978e-05	0.392291	0.35427	0.0377264	0.000294898	6.6692e-05	0.000297099	
738	0.122698	0.113002	0.00957388	0.000123055	0.546599	0.503402	0.0426497	0.000548186	0.000133902	0.000596508	
739	0.0670773	0.0647305	0.00234132	5.47996e-06	0.298816	0.288362	0.0104301	2.44121e-05	5.8378e-06	2.60062e-05	
740	0.0366965	0.0366398	5.66939e-05	0	0.163475	0.163223	0.00025256	0	0	0	
741	0.0888044	0.0862609	0.00254136	2.21087e-06	0.395606	0.384275	0.0113212	9.84901e-06	2.58892e-06	1.15331e-05	
742	0.138984	0.122766	0.016194	2.47636e-05	0.61915	0.546899	0.0721413	0.000110317	2.47308e-05	0.000110171	
743	0.0863809	0.0840506	0.00231631	1.40163e-05	0.38481	0.374429	0.0103187	6.24398e-05	1.39834e-05	6.22935e-05	
744	0.0557242	0.055267	0.000457175	0	0.24824	0.246204	0.00203662	0	0	0	
745	0.123015	0.101575	0.021437	3.35986e-06	0.548011	0.452498	0.0954976	1.49675e-05	4.91138e-06	2.18792e-05	
746	0.0785423	0.0750231	0.00351911	0	0.34989	0.334213	0.0156769	0	0	0	
747	0.0848737	0.084109	0.000764696	0	0.378095	0.374689	0.00340657	0	0	0	
748	0.101623	0.0820927	0.0195284	2.21212e-06	0.452712	0.365707	0.0869952	9.85457e-06	5.25051e-06	2.339e-05	
749	0.120238	0.112182	0.00804786	8.47475e-06	0.53564	0.49975	0.0358516	3.77533e-05	8.44214e-06	3.7608e-05	
750	0.0888558	0.0819929	0.0068629	0	0.395835	0.365262	0.0305729	0	0	0	
751	0.267965	0.151676	0.11172	0.00456914	1.19373	0.675689	0.49769	0.0203546	0.00591829	0.0263648	
752	0.081719	0.0762422	0.00547334	3.52944e-06	0.364042	0.339644	0.0243826	1.57229e-05	1.42154e-05	6.33272e-05	
753	0.0992107	0.0923477	0.0068629	0	0.441964	0.411391	0.0305729	0	0	0	
754	0.240354	0.176163	0.0627126	0.00147899	1.07073	0.784772	0.279372	0.00658861	0.00221033	0.00984662	
755	0.114563	0.0918753	0.022688	4.22942e-08	0.510357	0.409286	0.101071	1.88412e-07	6.34228e-07	2.82536e-06	
756	0.179493	0.113829	0.0656631	0	0.799606	0.50709	0.292516	0	0	0	
757	0.131198	0.0773911	0.0501092	0.00369816	0.584463	0.344762	0.223226	0.0164746	0.00507583	0.0226118	
758	0.212202	0.127573	0.0846222	7.03199e-06	0.945321	0.568314	0.376975	3.13261e-05	1.93285e-05	8.61048e-05	
759	0.123655	0.0711859	0.0524467	2.26334e-05	0.55086	0.317119	0.23364	0.000100827	0.00307118	0.0136815	
760	0.118178	0.0865345	0.0316281	1.55672e-05	0.52646	0.385494	0.140897	6.93488e-05	0.000264083	0.00117643	
761	0.125538	0.109649	0.0156507	0.000237866	0.559247	0.488467	0.0697212	0.00105964	0.000257231	0.00114591	
762	0.0505495	0.0505495	0	0	0.225188	0.225188	0	0	0	0	
763	0.0558046	0.0538267	0.00197787	0	0.248598	0.239787	0.00881102	0	0	0	
764	0.0779397	0.0765152	0.00142159	2.97688e-06	0.347206	0.34086	0.00633294	1.32614e-05	2.94603e-06	1.31239e-05	
765	0.0846178	0.0835967	0.00102114	0	0.376955	0.372406	0.00454901	0	0	0	
766	0.0488868	0.0443852	0.00447328	2.82557e-05	0.217781	0.197727	0.0199276	0.000125873	2.96817e-05	0.000132226	
767	0.0517293	0.0430343	0.00866871	2.63144e-05	0.230443	0.191709	0.0386174	0.000117225	2.62816e-05	0.000117079	
768	0.045207	0.0451876	1.94543e-05	0	0.201388	0.201302	8.66655e-05	0	0	0	
769	0.072899	0.0523292	0.0205333	3.64767e-05	0.32475	0.233116	0.091472	0.000162496	3.64437e-05	0.000162349	
770	0.0759332	0.0564108	0.0195223	0	0.338267	0.251299	0.086968	0	0	0	
771	0.116305	0.0780353	0.0379726	0.000297376	0.518117	0.347632	0.16916	0.00132475	0.000323643	0.00144176	
772	0.102976	0.102976	0	0	0.458741	0.458741	0	0	0	0	
773	0.129533	0.0902764	0.039119	0.000137598	0.577044	0.402163	0.174267	0.000612972	0.000243129	0.00108309	
774	0.0777682	0.0774146	0.000353587	0	0.346442	0.344867	0.00157516	0	0	0	
775	0.07544	0.07544	0	0	0.33607	0.33607	0	0	0	0	
776	0.0647182	0.0647182	0	0	0.288306	0.288306	0	0	0	0	
777	0.0741167	0.0741167	0	0	0.330175	0.330175	0	0	0	0	
778	0.0920221	0.0920221	0	0	0.40994	0.40994	0	0	0	0	
779	0.133782	0.110439	0.0233418	1.56222e-06	0.595974	0.491984	0.103983	6.95939e-06	1.64056e-06	7.30838e-06	
780	0.0488664	0.0433642	0.00550219	0	0.21769	0.193179	0.0245112	0	0	0	
781	0.0527296	0.0423677	0.0103618	0	0.2349	0.18874	0.04616	0	0	0	
782	0.105559	0.094907	0.0106525	0	0.470247	0.422792	0.0474552	0	0	0	
783	0.209897	0.134535	0.0748246	0.000537377	0.935052	0.599329	0.333328	0.00239391	0.00204481	0.00910925	
784	0.071566	0.071566	0	0	0.318812	0.318812	0	0	0	0	
785	0.135314	0.0751597	0.0600496	0.000104914	0.602798	0.334821	0.267509	0.000467375	0.000121726	0.000542269	
786	0.125565	0.0946814	0.0308583	2.55803e-05	0.559369	0.421787	0.137468	0.000113955	3.53071e-05	0.000157286	
787	0.1545	0.0838583	0.0706035	3.89999e-05	0.68827	0.373572	0.314524	0.000173736	4.20101e-05	0.000187146	
788	0.166675	0.0914268	0.0747501	0.000498111	0.742504	0.407288	0.332997	0.00221899	0.00081283	0.00362099	
789	0.102912	0.102558	0.000353587	0	0.458453	0.456878	0.00157516	0	0	0	
790	0.115834	0.0843696	0.0314648	0	0.516019	0.37585	0.140169	0	0	0	
791	0.120292	0.0871382	0.033067	8.75155e-05	0.53588	0.388183	0.147307	0.000389864	0.000132193	0.000588894	
792	0.0933164	0.0824252	0.0108732	1.80201e-05	0.415706	0.367188	0.0484382	8.0276e-05	1.79868e-05	8.0128e-05	
793	0.22319	0.147336	0.0740129	0.0018411	0.994269	0.656354	0.329713	0.00820175	0.00298443	0.013295	
794	0.0953094	0.0896098	0.0056899	9.68541e-06	0.424584	0.399194	0.0253474	4.31466e-05	1.01979e-05	4.543e-05	
795	0.152715	0.105616	0.0469778	0.000121102	0.680316	0.4705	0.209277	0.000539485	0.000187569	0.000835586	
796	0.0947589	0.0938417	0.000917172	0	0.422132	0.418046	0.00408582	0	0	0	
797	0.0539813	0.0532897	0.000691635	0	0.240476	0.237395	0.0030811	0	0	0	
798	0.208119	0.103862	0.103903	0.000353807	0.927133	0.462686	0.46287	0.00157614	0.000989981	0.00441017	
799	0.163947	0.129387	0.0344495	0.000110073	0.730353	0.576397	0.153465	0.000490353	0.000472348	0.00210422	
800	0.222761	0.158861	0.0636575	0.000242441	0.992357	0.707695	0.283581	0.00108003	0.000758599	0.00337941	
801	0.174488	0.0853292	0.0887151	0.000443776	0.77731	0.380124	0.395208	0.00197693	0.000610198	0.00271831	
802	0.136457	0.0864052	0.0498999	0.000152622	0.607892	0.384918	0.222294	0.000679901	0.000203555	0.0009068	
803	0.0833551	0.0833551	0	0	0.37133	0.37133	0	0	0	0	
804	0.192996	0.151129	0.0415418	0.000325325	0.85976	0.67325	0.18506	0.00144926	0.000429119	0.00191164	
805	0.204081	0.144001	0.0599672	0.000112579	0.909144	0.6415	0.267142	0.000501519	0.000241874	0.0010775	
806	0.152514	0.107009	0.0445373	0.000967596	0.67942	0.476705	0.198405	0.00431045	0.00147	0.00654859	
807	0.154926	0.119421	0.0354	0.000104406	0.690166	0.532001	0.1577	0.00046511	0.000187649	0.000835942	
808	0.170919	0.152722	0.0181903	6.85367e-06	0.761412	0.680348	0.0810345	3.05317e-05	7.13237e-06	3.17733e-05	
809	0.176945	0.11228	0.063297	0.00136718	0.788255	0.500189	0.281975	0.00609054	0.00243668	0.0108549	
810	0.0781952	0.0779983	0.000196915	0	0.348344	0.347467	0.000877221	0	0	0	
811	0.129814	0.097179	0.0326245	1.05867e-05	0.578296	0.432913	0.145335	4.71618e-05	2.20597e-05	9.8272e-05	
812	0.171337	0.11223	0.0590816	2.50116e-05	0.763273	0.499965	0.263197	0.000111422	5.00292e-05	0.00022287	
813	0.0639952	0.0639952	0	0	0.285086	0.285086	0	0	0	0	
814	0.0956712	0.0815252	0.0141459	0	0.426196	0.363179	0.0630175	0	0	0	
815	0.146837	0.132689	0.0140247	0.000122711	0.65413	0.591106	0.0624776	0.000546654	0.00012334	0.000549459	
816	0.190703	0.155865	0.0347432	9.45784e-05	0.849545	0.69435	0.154774	0.000421328	0.000309351	0.00137809	
817	0.165978	0.0972151	0.0662363	0.0025272	0.739402	0.433074	0.295069	0.0112582	0.00328255	0.0146231	
818	0.179752	0.124296	0.055006	0.000450651	0.800763	0.553714	0.245041	0.00200756	0.000751612	0.00334828	
819	0.0669756	0.0669756	0	0	0.298363	0.298363	0	0	0	0	
820	0.0930232	0.0907769	0.00224625	0	0.4144	0.404393	0.0100066	0	0	0	
821	0.02766	0.0275684	9.16194e-05	0	0.12322	0.122812	0.000408146	0	0	0	
822	0.0932729	0.0842827	0.00899019	0	0.415512	0.375463	0.0400495	0	0	0	
823	0.0618903	0.0590168	0.00284953	2.40462e-05	0.275709	0.262908	0.0126941	0.000107121	2.40135e-05	0.000106975	
824	0.119668	0.119582	8.56576e-05	0	0.5331	0.532718	0.000381587	0	0	0	
825	0.0789195	0.0785322	0.000387337	0	0.351571	0.349845	0.00172551	0	0	0	
826	0.118718	0.106084	0.0126343	0	0.528867	0.472584	0.0562833	0	0	0	
827	0.0845519	0.0840793	0.00047221	4.25188e-07	0.376662	0.374556	0.0021036	1.89413e-06	3.92402e-07	1.74807e-06	
828	0.170152	0.103597	0.0658611	0.000693804	0.757997	0.461508	0.293398	0.00309076	0.00143288	0.0063832	
829	0.130787	0.101498	0.0292368	5.24309e-05	0.582634	0.452156	0.130244	0.000233569	5.36371e-05	0.000238943	
830	0.156555	0.133841	0.0227129	1.29721e-06	0.697426	0.596238	0.101181	5.77883e-06	1.56936e-05	6.99121e-05	
831	0.100668	0.100583	8.43551e-05	0	0.448457	0.448081	0.000375785	0	0	0	
832	0.0860443	0.0837988	0.0022454	1.1246e-07	0.38331	0.373307	0.0100028	5.00989e-07	7.96757e-08	3.54939e-07	
833	0.0902391	0.0883557	0.00188298	4.65596e-07	0.401997	0.393607	0.00838831	2.07413e-06	7.00887e-07	3.12231e-06	
834	0.0979405	0.0978383	0.0001022	0	0.436306	0.43585	0.000455282	0	0	0	
835	0.0994254	0.0965049	0.00292056	0	0.442921	0.42991	0.0130105	0	0	0	
836	0.146683	0.116077	0.0304295	0.000176814	0.653446	0.517101	0.135557	0.000787672	0.000287616	0.00128127	
837	0.139224	0.120014	0.0189893	0.000220745	0.620219	0.534642	0.084594	0.000983379	0.0002572	0.00114577	
838	0.143145	0.0971803	0.0454952	0.000469851	0.637684	0.432919	0.202672	0.00209309	0.000535039	0.00238349	
839	0.193259	0.152125	0.0405485	0.00058544	0.860934	0.67769	0.180635	0.00260802	0.00111142	0.00495117	
840	0.102534	0.0765189	0.0260154	0	0.456771	0.340877	0.115893	0	0	0	
841	0.110548	0.0797657	0.0307302	5.28601e-05	0.492473	0.35534	0.136897	0.000235481	7.31932e-05	0.000326061	
842	0.103956	0.0977036	0.00625318	0	0.463107	0.43525	0.0278567	0	0	0	
843	0.13651	0.121122	0.0153124	7.62108e-05	0.608128	0.539575	0.0682138	0.000339504	0.000106582	0.000474805	
844	0.135515	0.109653	0.0258432	1.95262e-05	0.603696	0.488482	0.115126	8.69858e-05	1.94931e-05	8.68383e-05	
845	0.191135	0.13414	0.0550719	0.00192354	0.851471	0.597568	0.245334	0.00856899	0.00193809	0.00863384	
846	0.10469	0.0936094	0.0110811	0	0.466376	0.417011	0.0493644	0	0	0	
847	0.121811	0.0954506	0.0262801	8.04766e-05	0.542645	0.425213	0.117072	0.000358507	8.06797e-05	0.000359412	
848	0.105114	0.102306	0.00280768	0	0.468263	0.455755	0.0125076	0	0	0	
849	0.11108	0.0963975	0.014662	2.07428e-05	0.49484	0.429432	0.0653165	9.24052e-05	2.0907e-05	9.31367e-05	
850	0.0797642	0.0797642	0	0	0.355334	0.355334	0	0	0	0	
851	0.0642831	0.0642667	1.6376e-05	0	0.286368	0.286295	7.2952e-05	0	0	0	
852	0.0949362	0.0844225	0.0104879	2.57669e-05	0.422922	0.376086	0.0467218	0.000114786	2.69958e-05	0.000120261	
853	0.107819	0.102985	0.00483419	0	0.480314	0.458778	0.0215354	0	0	0	
854	0.0983336	0.0940872	0.00423987	6.55248e-06	0.438057	0.41914	0.0188878	2.919e-05	7.26489e-06	3.23636e-05	
855	0.106291	0.0927903	0.0131556	0.000345236	0.473506	0.413363	0.0586057	0.00153796	0.000459665	0.00204772	
856	0.113491	0.103148	0.010343	0	0.505583	0.459507	0.046076	0	0	0	
857	0.0638512	0.063068	0.000783232	0	0.284444	0.280955	0.00348914	0	0	0	
858	0.0992272	0.0849592	0.0142579	1.00754e-05	0.442037	0.378476	0.0635162	4.4884e-05	1.22744e-05	5.46802e-05	
859	0.124161	0.11135	0.0128115	0	0.553116	0.496043	0.0570731	0	0	0	
860	0.0942495	0.0836694	0.0105777	2.38301e-06	0.419863	0.37273	0.0471216	1.06158e-05	2.35021e-06	1.04697e-05	
861	0.0858734	0.0858145	5.88662e-05	0	0.382549	0.382287	0.000262237	0	0	0	
862	0.112924	0.0784	0.0345211	3.51902e-06	0.503057	0.349256	0.153785	1.56765e-05	3.48583e-06	1.55287e-05	
863	0.117658	0.114382	0.00327653	0	0.524146	0.50955	0.0145963	0	0	0	
864	0.102439	0.0946176	0.00782177	0	0.456347	0.421503	0.0348444	0	0	0	
865	0.116715	0.115925	0.000789748	0	0.519944	0.516426	0.00351817	0	0	0	
866	0.0766112	0.0753377	0.00127352	0	0.341288	0.335614	0.00567332	0	0	0	
867	0.085847	0.085847	0	0	0.382432	0.382432	0	0	0	0	
868	0.104423	0.0991096	0.00529096	2.33357e-05	0.465188	0.441514	0.0235702	0.000103956	2.33031e-05	0.00010381	
869	0.0965027	0.093818	0.00267838	6.37685e-06	0.429901	0.417941	0.0119316	2.84076e-05	6.34419e-06	2.82621e-05	
870	0.130521	0.125171	0.00534941	0	0.581446	0.557615	0.0238305	0	0	0	
871	0.10758	0.0980668	0.00940153	0.000112381	0.479251	0.436868	0.0418819	0.000500636	0.000112348	0.00050049	
872	0.0415587	0.0415587	0	0	0.185135	0.185135	0	0	0	0	
873	0.103074	0.0991701	0.00390444	0	0.459177	0.441783	0.0173935	0	0	0	
874	0.10415	0.0902073	0.0139426	0	0.463968	0.401856	0.0621118	0	0	0	
875	0.0812985	0.0808992	0.000399339	0	0.362169	0.36039	0.00177898	0	0	0	
876	0.044134	0.0441339	0	0	0.196608	0.196608	0	0	0	0	
877	0.100962	0.0869998	0.0138515	0.000110861	0.449766	0.387567	0.0617058	0.000493866	0.000110828	0.000493721	
878	0.0999525	0.0986489	0.00130353	0	0.445268	0.439461	0.00580698	0	0	0	
879	0.0866138	0.0866138	0	0	0.385847	0.385847	0	0	0	0	
880	0.0930125	0.0870635	0.00594898	0	0.414352	0.387851	0.0265015	0	0	0	
881	0.0813694	0.0787721	0.00258538	1.19601e-05	0.362484	0.350914	0.0115173	5.32799e-05	1.19273e-05	5.3134e-05	
882	0.0902398	0.0888261	0.0014108	2.91381e-06	0.402	0.395703	0.00628485	1.29804e-05	2.88103e-06	1.28344e-05	
883	0.0588523	0.0588523	0	0	0.262175	0.262175	0	0	0	0	
884	0.0783618	0.0782679	9.38955e-05	0	0.349086	0.348668	0.000418286	0	0	0	
885	0.0889105	0.0889105	0	0	0.396079	0.396079	0	0	0	0	
886	0.102237	0.101032	0.00120494	0	0.455447	0.450079	0.00536778	0	0	0	
887	0.0656647	0.0656647	0	0	0.292523	0.292523	0	0	0	0	
888	0.0962662	0.0961723	9.38955e-05	0	0.428847	0.428429	0.000418286	0	0	0	
889	0.0653639	0.0641878	0.00117619	0	0.291183	0.285944	0.0052397	0	0	0	
890	0.0943906	0.0910258	0.00335991	4.87709e-06	0.420491	0.405502	0.0149677	2.17265e-05	4.84432e-06	2.15805e-05	
891	0.0411248	0.0409968	0.000127926	0	0.183203	0.182633	0.000569887	0	0	0	
892	0.0581575	0.0581575	0	0	0.25908	0.25908	0	0	0	0	
893	0.0863163	0.0863163	0	0	0.384522	0.384522	0	0	0	0	
894	0.0835393	0.083219	0.000320347	0	0.372151	0.370724	0.00142708	0	0	0	
895	0.0795097	0.0795097	0	0	0.3542	0.3542	0	0	0	0	
896	0.0786309	0.0783105	0.000320347	0	0.350285	0.348858	0.00142708	0	0	0	
897	0.0755366	0.0712412	0.00429532	0	0.3365	0.317366	0.0191348	0	0	0	
898	0.0726708	0.0726708	0	0	0.323734	0.323734	0	0	0	0	
899	0.10434	0.0950845	0.00925463	1.04896e-06	0.464815	0.423582	0.0412275	4.67292e-06	1.01586e-06	4.52547e-06	
900	0.081355	0.081355	0	0	0.36242	0.36242	0	0	0	0	
901	0.171379	0.111701	0.0576095	0.0020684	0.763461	0.497607	0.256639	0.00921436	0.00231126	0.0102962	
902	0.0751318	0.0747651	0.000366641	0	0.334697	0.333064	0.00163331	0	0	0	
903	0.1951	0.115551	0.0781565	0.00139227	0.869133	0.514759	0.348172	0.0062023	0.00277686	0.0123703	
904	0.0674659	0.0674659	0	0	0.300547	0.300547	0	0	0	0	
905	0.154225	0.0924427	0.0617828	0	0.687044	0.411814	0.27523	0	0	0	
906	0.189984	0.130077	0.0594534	0.000453637	0.846343	0.579468	0.264853	0.00202086	0.000453604	0.00202071	
907	0.0800137	0.0800137	0	0	0.356445	0.356445	0	0	0	0	
908	0.111159	0.0989214	0.0121764	6.20175e-05	0.495195	0.440675	0.0542436	0.000276275	6.19846e-05	0.000276129	
909	0.10841	0.10516	0.00324232	7.25271e-06	0.482946	0.46847	0.0144439	3.23094e-05	7.27582e-06	3.24123e-05	
910	0.110588	0.0898937	0.0206948	0	0.49265	0.400459	0.0921916	0	0	0	
911	0.119897	0.106303	0.0133682	0.0002256	0.53412	0.473562	0.0595531	0.001005	0.000225567	0.00100486	
912	0.104958	0.0956201	0.00933879	0	0.467571	0.425968	0.0416025	0	0	0	
913	0.114218	0.0984415	0.0156278	0.000148855	0.508819	0.438537	0.069619	0.00066312	0.000148877	0.000663219	
914	0.0765014	0.0765014	0	0	0.340798	0.340798	0	0	0	0	
915	0.118863	0.0914882	0.0273391	3.66376e-05	0.529515	0.407562	0.12179	0.000163213	3.66039e-05	0.000163063	
916	0.106587	0.106587	0	0	0.474825	0.474825	0	0	0	0	
917	0.119494	0.0923524	0.0271416	0	0.532323	0.411412	0.12091	0	0	0	
918	0.128726	0.0887373	0.0390725	0.000916727	0.573451	0.395307	0.17406	0.00408384	0.0013258	0.00590618	
919	0.092562	0.0860371	0.00652488	0	0.412345	0.383278	0.029067	0	0	0	
920	0.11784	0.0856038	0.0321332	0.000103594	0.524956	0.381348	0.143147	0.000461492	0.00018158	0.000808904	
921	0.038224	0.038224	0	0	0.17028	0.17028	0	0	0	0	
922	0.0192623	0.0191013	0.000161019	0	0.0858099	0.0850925	0.00071731	0	0	0	
923	0.0632823	0.0590671	0.00418032	3.49086e-05	0.28191	0.263132	0.0186225	0.000155511	3.48786e-05	0.000155377	
924	0.0582051	0.0515758	0.00662933	3.26945e-08	0.259292	0.22976	0.0295323	1.45647e-07	1.42967e-06	6.36891e-06	
925	0.0536575	0.044742	0.00883357	8.19659e-05	0.239034	0.199317	0.0393518	0.000365142	9.95206e-05	0.000443345	
926	0.0663807	0.0587056	0.00767506	3.26384e-08	0.295713	0.261522	0.0341909	1.45398e-07	1.42967e-06	6.36891e-06	
927	0.0800093	0.0771393	0.00285723	1.27335e-05	0.356425	0.34364	0.0127284	5.67255e-05	1.27035e-05	5.65919e-05	
928	0.10243	0.0949581	0.00747199	0	0.456306	0.423019	0.0332862	0	0	0	
929	0.0435955	0.0429217	0.000673798	0	0.194209	0.191207	0.00300164	0	0	0	
930	0.0753086	0.0746348	0.000673798	0	0.335485	0.332483	0.00300164	0	0	0	
931	0.0913631	0.0824356	0.00890699	2.04875e-05	0.407004	0.367234	0.0396789	9.12681e-05	2.04543e-05	9.11203e-05	
932	0.0844112	0.0839945	0.000416699	0	0.376035	0.374179	0.00185631	0	0	0	
933	0.0477244	0.0476367	8.77176e-05	0	0.212603	0.212212	0.000390765	0	0	0	
934	0.0461477	0.0453873	0.000760419	0	0.205579	0.202191	0.00338751	0	0	0	
935	0.0928891	0.0775897	0.0152289	7.04203e-05	0.413802	0.345647	0.0678419	0.000313708	0.00028155	0.00125425	
936	0.0756936	0.0756936	0	0	0.3372	0.3372	0	0	0	0	
937	0.0617973	0.0617973	0	0	0.275295	0.275295	0	0	0	0	
938	0.0672273	0.0672273	0	0	0.299484	0.299484	0	0	0	0	
939	0.0727978	0.0727978	0	0	0.324299	0.324299	0	0	0	0	
940	0.0763199	0.0743801	0.00193492	4.88381e-06	0.33999	0.331349	0.0086197	2.17564e-05	4.8511e-06	2.16107e-05	
941	0.0694158	0.0686326	0.000783232	0	0.309234	0.305744	0.00348914	0	0	0	
942	0.0707399	0.0707399	0	0	0.315132	0.315132	0	0	0	0	
943	0.0801227	0.0801227	0	0	0.356931	0.356931	0	0	0	0	
944	0.0635306	0.0635306	0	0	0.283016	0.283016	0	0	0	0	
945	0.0641677	0.0632505	0.000917172	0	0.285854	0.281769	0.00408582	0	0	0	
946	0.0655449	0.0655449	0	0	0.291989	0.291989	0	0	0	0	
947	0.095706	0.095706	0	0	0.426351	0.426351	0	0	0	0	
948	0.0610194	0.0541985	0.00682089	0	0.271829	0.241444	0.0303857	0	0	0	
949	0.064668	0.064668	0	0	0.288083	0.288083	0	0	0	0	
950	0.0860299	0.0860299	0	0	0.383246	0.383246	0	0	0	0	
951	0.115939	0.115939	0	0	0.516488	0.516488	0	0	0	0	
952	0.051167	0.049477	0.00168996	0	0.227939	0.22041	0.00752844	0	0	0	
953	0.0535361	0.0532815	0.000254664	0	0.238493	0.237358	0.00113448	0	0	0	
954	0.0864322	0.0863694	6.2755e-05	0	0.385038	0.384759	0.000279561	0	0	0	
955	0.0890536	0.0890536	0	0	0.396716	0.396716	0	0	0	0	
956	0.0527759	0.0496822	0.00309368	0	0.235106	0.221324	0.0137817	0	0	0	
957	0.0789442	0.0789442	0	0	0.351681	0.351681	0	0	0	0	
958	0.0778192	0.069285	0.00853422	0	0.346669	0.308651	0.0380182	0	0	0	
959	0.0909	0.0909	0	0	0.404941	0.404941	0	0	0	0	
960	0.056637	0.056637	0	0	0.252306	0.252306	0	0	0	0	
961	0.0774056	0.0748844	0.00251879	2.48409e-06	0.344827	0.333595	0.0112207	1.10661e-05	2.4514e-06	1.09205e-05	
962	0.0979345	0.0978996	3.48804e-05	0	0.436279	0.436123	0.000155385	0	0	0	
963	0.145667	0.145612	5.59476e-05	0	0.648922	0.648673	0.000249235	0	0	0	
964	0.104304	0.104241	6.2755e-05	0	0.464654	0.464375	0.000279561	0	0	0	
965	0.145186	0.0961125	0.0490697	3.81787e-06	0.646775	0.428162	0.218596	1.70078e-05	3.78682e-06	1.68695e-05	
966	0.150596	0.10154	0.0490562	0	0.670878	0.452342	0.218535	0	0	0	
967	0.04428	0.04428	0	0	0.197259	0.197259	0	0	0	0	
968	0.0705789	0.0705789	0	0	0.314415	0.314415	0	0	0	0	
969	0.19918	0.177644	0.0215355	5.32225e-07	0.887309	0.79137	0.0959368	2.37095e-06	1.14118e-06	5.08376e-06	
970	0.199585	0.173446	0.025946	0.000193044	0.889113	0.772669	0.115584	0.000859973	0.000273703	0.00121929	
