Node	dPC	dPCintra	dPCflux	dPCconnector	varPC	varPCintra	varPCflux	varPCconnector	dBC_PC	varBC_PC	
1	0.173233	0.165808	0.00741916	5.38839e-06	0.769614	0.736629	0.0329607	2.39387e-05	5.3586e-06	2.38064e-05	
2	0.0920568	0.0834667	0.00857876	1.13375e-05	0.408976	0.370813	0.0381124	5.03686e-05	1.13077e-05	5.02364e-05	
3	0.0962162	0.081769	0.0144233	2.38628e-05	0.427455	0.363271	0.0640779	0.000106014	5.33573e-05	0.000237048	
4	0.0574024	0.0574024	0	0	0.255019	0.255019	0	0	0	0	
5	0.110903	0.106219	0.00468463	7.36951e-08	0.492707	0.471894	0.0208121	3.27401e-07	7.01009e-08	3.11434e-07	
6	0.0911125	0.0894672	0.00164449	7.98712e-07	0.404781	0.397471	0.00730592	3.5484e-06	7.68863e-07	3.41579e-06	
7	0.0867158	0.0861698	0.000545199	8.29077e-07	0.385248	0.382822	0.00242213	3.6833e-06	7.99235e-07	3.55072e-06	
8	0.122565	0.102977	0.0195235	6.45237e-05	0.544517	0.457494	0.0867364	0.000286656	6.44928e-05	0.000286519	
9	0.0885316	0.0865989	0.0019278	4.92564e-06	0.393315	0.384729	0.00856455	2.18829e-05	4.89581e-06	2.17504e-05	
10	0.0599824	0.0593267	0.000655698	0	0.266481	0.263568	0.00291303	0	0	0	
11	0.0861303	0.079187	0.00694327	0	0.382647	0.3518	0.0308465	0	0	0	
12	0.095903	0.0945681	0.00133148	3.41696e-06	0.426064	0.420133	0.00591534	1.51803e-05	3.42412e-06	1.52121e-05	
13	0.103176	0.103176	0	0	0.458377	0.458377	0	0	0	0	
14	0.0838194	0.0835613	0.00025807	0	0.37238	0.371234	0.00114651	0	0	0	
15	0.0945623	0.0928967	0.00166529	3.42748e-07	0.420107	0.412708	0.00739833	1.52271e-06	3.12896e-07	1.39009e-06	
16	0.073424	0.073424	0	0	0.326197	0.326197	0	0	0	0	
17	0.0876839	0.0846551	0.00302833	5.32004e-07	0.389549	0.376093	0.0134538	2.36351e-06	3.01299e-06	1.33857e-05	
18	0.0726456	0.0722924	0.00035314	0	0.322739	0.32117	0.00156887	0	0	0	
19	0.0879933	0.0844679	0.00352379	1.69836e-06	0.390924	0.375261	0.0156549	7.54523e-06	1.97745e-06	8.78513e-06	
20	0.0592375	0.0592375	0	0	0.263171	0.263171	0	0	0	0	
21	0.0851095	0.081911	0.00319293	5.60983e-06	0.378112	0.363902	0.0141851	2.49225e-05	5.59724e-06	2.48666e-05	
22	0.0895353	0.087743	0.00179229	0	0.397774	0.389811	0.00796255	0	0	0	
23	0.0981662	0.0951508	0.00301036	5.0541e-06	0.436118	0.422722	0.013374	2.24536e-05	5.97423e-06	2.65414e-05	
24	0.0672459	0.0652202	0.0020257	0	0.29875	0.289751	0.00899948	0	0	0	
25	0.123816	0.115762	0.00803246	2.22105e-05	0.550075	0.514291	0.0356854	9.86739e-05	2.21811e-05	9.8543e-05	
26	0.0854282	0.0844508	0.000977406	0	0.379528	0.375185	0.00434227	0	0	0	
27	0.0838316	0.076387	0.00738214	6.24948e-05	0.372435	0.339361	0.0327963	0.000277642	9.69918e-05	0.000430901	
28	0.0623417	0.0622385	0.000103232	0	0.276962	0.276504	0.000458624	0	0	0	
29	0.104246	0.101477	0.00276838	0	0.463128	0.450829	0.0122989	0	0	0	
30	0.169524	0.149143	0.0202925	8.83936e-05	0.753137	0.662592	0.0901526	0.000392702	8.83626e-05	0.000392564	
31	0.14077	0.138695	0.00207502	0	0.625392	0.616173	0.0092186	0	0	0	
32	0.147562	0.139159	0.00838769	1.58616e-05	0.65557	0.618236	0.0372636	7.04676e-05	1.58319e-05	7.03358e-05	
33	0.0792861	0.0768029	0.00247416	9.06916e-06	0.352241	0.341209	0.0109918	4.02911e-05	9.0393e-06	4.01585e-05	
34	0.102428	0.0973521	0.0050766	0	0.455055	0.432502	0.0225535	0	0	0	
35	0.0643114	0.0610889	0.00322041	2.16574e-06	0.285713	0.271396	0.0143072	9.62167e-06	2.1378e-06	9.49753e-06	
36	0.0825191	0.081326	0.00119246	6.03019e-07	0.366603	0.361303	0.00529772	2.679e-06	5.85756e-07	2.60231e-06	
37	0.174138	0.0951793	0.078726	0.000232901	0.773635	0.422848	0.349752	0.0010347	0.000294686	0.00130918	
38	0.0786675	0.0785776	8.9904e-05	0	0.349492	0.349093	0.000399412	0	0	0	
39	0.0887006	0.0840743	0.00461266	1.3673e-05	0.394066	0.373513	0.0204924	6.07444e-05	1.36432e-05	6.0612e-05	
40	0.104087	0.101161	0.00292648	0	0.462425	0.449424	0.0130013	0	0	0	
41	0.100111	0.0961256	0.00398543	9.41454e-08	0.444759	0.427053	0.0177058	4.18255e-07	1.01971e-07	4.53024e-07	
42	0.074828	0.0740894	0.000738639	0	0.332435	0.329153	0.00328152	0	0	0	
43	0.0592416	0.0554454	0.0037936	2.55271e-06	0.263189	0.246325	0.0168536	1.13408e-05	3.78448e-06	1.68131e-05	
44	0.0653401	0.0647344	0.000605702	0	0.290283	0.287592	0.00269092	0	0	0	
45	0.0576648	0.052247	0.00541593	1.8743e-06	0.256184	0.232115	0.0240611	8.32687e-06	3.07442e-06	1.36585e-05	
46	0.0934737	0.0853001	0.00817362	0	0.415271	0.378958	0.0363125	0	0	0	
47	0.135965	0.135124	0.000840989	0	0.604048	0.600312	0.00373622	0	0	0	
48	0.103368	0.0852039	0.0181645	0	0.45923	0.378531	0.0806988	0	0	0	
49	0.16696	0.158694	0.00826545	0	0.741745	0.705025	0.0367205	0	0	0	
50	0.0995111	0.0954659	0.00403232	1.28971e-05	0.442093	0.424122	0.0179142	5.72976e-05	1.54655e-05	6.8708e-05	
51	0.0848861	0.0848459	4.02147e-05	0	0.377119	0.376941	0.00017866	0	0	0	
52	0.0776209	0.0763963	0.00122464	2.98038e-08	0.344843	0.339402	0.00544068	1.32408e-07	1.10581e-07	4.91276e-07	
53	0.0980024	0.0951666	0.00283057	5.23369e-06	0.43539	0.422792	0.0125752	2.32514e-05	6.90001e-06	3.06543e-05	
54	0.0923276	0.0909487	0.00137892	0	0.41018	0.404053	0.00612606	0	0	0	
55	0.0986865	0.0929626	0.00571749	6.4521e-06	0.43843	0.413	0.0254008	2.86644e-05	6.61557e-06	2.93907e-05	
56	0.117669	0.112293	0.0053761	6.43272e-07	0.522766	0.498879	0.0238841	2.85783e-06	1.21728e-06	5.40799e-06	
57	0.101782	0.101001	0.00078095	6.20446e-08	0.452182	0.448712	0.00346949	2.75642e-07	1.2749e-07	5.66395e-07	
58	0.120237	0.0915543	0.0286491	3.39071e-05	0.534173	0.406744	0.127278	0.000150637	4.45998e-05	0.000198141	
59	0.181011	0.11234	0.0686705	1.05474e-06	0.804171	0.499087	0.305079	4.68588e-06	1.6867e-06	7.49346e-06	
60	0.0738697	0.073795	7.46197e-05	0	0.328177	0.327845	0.000331509	0	0	0	
61	0.0875515	0.0873675	0.000183943	0	0.388961	0.388143	0.000817198	0	0	0	
62	0.0998443	0.0936659	0.00615409	2.43478e-05	0.443574	0.416125	0.0273405	0.000108168	3.04026e-05	0.000135068	
63	0.124842	0.0941519	0.0306512	3.90752e-05	0.55463	0.418284	0.136172	0.000173597	5.56318e-05	0.000247153	
64	0.0980749	0.0970648	0.00100879	1.25805e-06	0.435712	0.431225	0.00448173	5.5891e-06	1.2282e-06	5.45649e-06	
65	0.105486	0.102829	0.00264433	1.22799e-05	0.46864	0.456837	0.0117478	5.45557e-05	1.32558e-05	5.8891e-05	
66	0.116785	0.101178	0.015607	0	0.518838	0.449501	0.0693367	0	0	0	
67	0.17174	0.137677	0.0340446	1.83968e-05	0.762985	0.611654	0.151248	8.17306e-05	2.03482e-05	9.04e-05	
68	0.0917602	0.0800617	0.0116985	0	0.407659	0.355686	0.0519726	0	0	0	
69	0.118015	0.114031	0.00396892	1.44186e-05	0.5243	0.506603	0.0176325	6.40569e-05	1.56051e-05	6.93281e-05	
70	0.0770178	0.0765344	0.000482813	6.15241e-07	0.342163	0.340015	0.00214497	2.7333e-06	5.85392e-07	2.60069e-06	
71	0.0654698	0.0442924	0.0211774	0	0.290859	0.196775	0.0940838	0	0	0	
72	0.172377	0.129781	0.0423891	0.000206866	0.765814	0.576575	0.18832	0.000919035	0.00024753	0.00109969	
73	0.0806552	0.0598	0.0208552	0	0.358323	0.265671	0.0926524	0	0	0	
74	0.1213	0.106236	0.0149696	9.40866e-05	0.538895	0.471973	0.0665047	0.000417994	9.62195e-05	0.000427469	
75	0.180055	0.143141	0.0366244	0.000289667	0.799923	0.635927	0.162709	0.00128689	0.000434693	0.00193119	
76	0.146852	0.14059	0.00622525	3.66985e-05	0.652412	0.624593	0.0276566	0.000163038	3.83687e-05	0.000170458	
77	0.0891476	0.0891476	0	0	0.396052	0.396052	0	0	0	0	
78	0.14375	0.0982028	0.0453969	0.00015067	0.638633	0.436281	0.201682	0.000669375	0.000166836	0.000741198	
79	0.15983	0.136307	0.0231854	0.000337251	0.710071	0.605568	0.103004	0.00149828	0.00044251	0.00196591	
80	0.136572	0.124485	0.0120796	7.83439e-06	0.606744	0.553044	0.0536657	3.48055e-05	1.02133e-05	4.53743e-05	
81	0.109117	0.105643	0.00347437	0	0.484773	0.469337	0.0154354	0	0	0	
82	0.248954	0.160236	0.087801	0.000917259	1.10602	0.711875	0.390069	0.00407506	0.00160053	0.00711061	
83	0.15624	0.124478	0.0317093	5.36291e-05	0.694124	0.553012	0.140873	0.000238255	6.84707e-05	0.000304191	
84	0.113875	0.0956346	0.0182399	7.21132e-07	0.505908	0.424871	0.0810336	3.20374e-06	6.91972e-07	3.07419e-06	
85	0.142735	0.100527	0.0422077	1.19702e-07	0.634123	0.446609	0.187514	5.31796e-07	1.20914e-07	5.37182e-07	
86	0.16725	0.145372	0.0216891	0.000188474	0.743033	0.645839	0.0963572	0.000837327	0.000190495	0.000846305	
87	0.0796035	0.0771615	0.002442	0	0.353651	0.342802	0.0108489	0	0	0	
88	0.0832876	0.0811616	0.00212121	4.76986e-06	0.370018	0.360573	0.00942382	2.11908e-05	5.37153e-06	2.38638e-05	
89	0.0776987	0.0765137	0.001185	0	0.345188	0.339923	0.00526455	0	0	0	
90	0.106474	0.0982352	0.00823953	2.50688e-07	0.473031	0.436425	0.0366053	1.11372e-06	4.25801e-06	1.89168e-05	
91	0.103076	0.101787	0.00128769	7.59407e-07	0.457931	0.452207	0.00572077	3.37378e-06	1.61857e-06	7.19078e-06	
92	0.0859585	0.083384	0.00257331	1.27699e-06	0.381884	0.370446	0.0114323	5.67324e-06	1.61227e-06	7.16276e-06	
93	0.0928032	0.089758	0.00302838	1.67946e-05	0.412292	0.398764	0.013454	7.46129e-05	1.67649e-05	7.44806e-05	
94	0.0868467	0.0852823	0.00156441	0	0.385829	0.378879	0.00695014	0	0	0	
95	0.152249	0.130755	0.0214386	5.53357e-05	0.676392	0.580902	0.0952446	0.000245837	9.51583e-05	0.000422755	
96	0.190111	0.158695	0.0310806	0.000334518	0.844597	0.70503	0.13808	0.00148614	0.000340381	0.00151219	
97	0.109895	0.0941929	0.0156503	5.21963e-05	0.488227	0.418466	0.0695292	0.00023189	6.94882e-05	0.000308712	
98	0.108703	0.0891282	0.0195756	5.1914e-08	0.482933	0.395965	0.0869678	2.30635e-07	2.42109e-08	1.0756e-07	
99	0.105214	0.0999281	0.0052834	2.88758e-06	0.467431	0.443946	0.0234723	1.28285e-05	6.35215e-06	2.82204e-05	
100	0.0948694	0.0918713	0.00299379	4.3191e-06	0.421472	0.408152	0.0133004	1.91882e-05	6.59659e-06	2.93063e-05	
101	0.145067	0.144134	0.000933139	0	0.644484	0.640339	0.00414561	0	0	0	
102	0.164192	0.107139	0.0569355	0.000117611	0.729449	0.475982	0.252944	0.000522508	0.000142451	0.000632862	
103	0.0805157	0.0732374	0.00727822	0	0.357703	0.325368	0.0323346	0	0	0	
104	0.106184	0.0832076	0.0229769	0	0.471741	0.369662	0.102078	0	0	0	
105	0.0985389	0.0861216	0.0123128	0.000104442	0.437774	0.382608	0.0547017	0.000464002	0.000127938	0.000568388	
106	0.13866	0.111406	0.0272481	6.66191e-06	0.616022	0.494938	0.121054	2.95965e-05	2.16731e-05	9.62864e-05	
107	0.208341	0.146525	0.0616123	0.000204518	0.925591	0.65096	0.273722	0.000908606	0.000227031	0.00100862	
108	0.103041	0.0968032	0.00622937	8.50047e-06	0.457775	0.430063	0.0276749	3.77646e-05	1.17091e-05	5.20198e-05	
109	0.130704	0.107976	0.0226792	4.83237e-05	0.580673	0.479703	0.100755	0.000214685	7.13407e-05	0.000316942	
110	0.11673	0.108497	0.00823249	0	0.518592	0.482018	0.0365741	0	0	0	
111	0.102522	0.0961221	0.00636658	3.40651e-05	0.455473	0.427037	0.0282845	0.000151339	4.01191e-05	0.000178235	
112	0.102406	0.0946982	0.00770206	6.50354e-06	0.454957	0.420711	0.0342176	2.88929e-05	8.09196e-06	3.59498e-05	
113	0.0967679	0.0916696	0.00509755	7.51612e-07	0.429906	0.407256	0.0226466	3.33915e-06	3.68492e-06	1.63708e-05	
114	0.162333	0.124012	0.0377632	0.000557502	0.72119	0.550944	0.167769	0.00247679	0.00063379	0.00281571	
115	0.116479	0.106692	0.00978471	2.44347e-06	0.51748	0.473999	0.0434701	1.08555e-05	2.59098e-06	1.15108e-05	
116	0.122294	0.114231	0.00806255	5.27799e-07	0.54331	0.507489	0.0358191	2.34483e-06	5.69778e-07	2.53133e-06	
117	0.109951	0.0967454	0.0132056	3.9068e-07	0.488475	0.429806	0.0586679	1.73565e-06	5.29998e-07	2.35459e-06	
118	0.103405	0.101492	0.00191272	3.30163e-07	0.459394	0.450895	0.00849756	1.4668e-06	6.52078e-07	2.89695e-06	
119	0.119127	0.113428	0.00569911	0	0.529242	0.503922	0.0253192	0	0	0	
120	0.114761	0.0960183	0.0185503	0.000192973	0.509845	0.426576	0.0824126	0.000857313	0.000258056	0.00114645	
121	0.0911817	0.0842208	0.00696094	0	0.405088	0.374163	0.030925	0	0	0	
122	0.178756	0.157457	0.0212014	9.75594e-05	0.794154	0.69953	0.0941905	0.000433422	0.000129623	0.000575873	
123	0.111742	0.106827	0.00491371	1.62489e-06	0.496432	0.474595	0.0218299	7.21883e-06	2.24046e-06	9.95362e-06	
124	0.16499	0.0962099	0.0657495	0.00303075	0.732994	0.427427	0.292102	0.0134646	0.00597861	0.0265609	
125	0.108638	0.103241	0.0053972	0	0.482645	0.458667	0.0239779	0	0	0	
126	0.140262	0.104191	0.0355125	0.000559052	0.623139	0.462886	0.157769	0.00248367	0.000865624	0.00384567	
127	0.201116	0.191315	0.00979502	5.82294e-06	0.89349	0.849949	0.0435158	2.58693e-05	5.9145e-06	2.6276e-05	
128	0.132603	0.120468	0.0121121	2.29188e-05	0.589112	0.5352	0.0538101	0.00010182	2.45503e-05	0.000109068	
129	0.122565	0.11787	0.0046943	1.47225e-06	0.544517	0.523656	0.0208551	6.54071e-06	1.88349e-06	8.3677e-06	
130	0.0985289	0.0960941	0.00243329	1.57437e-06	0.43773	0.426912	0.0108102	6.9944e-06	2.44138e-06	1.08462e-05	
131	0.131128	0.124439	0.00666823	2.07182e-05	0.582557	0.55284	0.0296246	9.2044e-05	2.12516e-05	9.44139e-05	
132	0.110025	0.0850276	0.024998	0	0.488805	0.377748	0.111057	0	0	0	
133	0.140205	0.11064	0.0294836	8.09591e-05	0.622884	0.491539	0.130985	0.000359673	0.000123949	0.000550666	
134	0.0962558	0.0954914	0.000764347	0	0.427631	0.424235	0.00339573	0	0	0	
135	0.0704466	0.0704466	0	0	0.31297	0.31297	0	0	0	0	
136	0.108361	0.103351	0.00500816	1.3799e-06	0.481411	0.459156	0.0222495	6.13045e-06	1.99191e-06	8.84937e-06	
137	0.116312	0.10196	0.0142078	0.000144102	0.516735	0.452975	0.0631207	0.000640197	0.000160449	0.000712823	
138	0.113704	0.104186	0.00951753	5.18336e-07	0.50515	0.462865	0.0422831	2.30279e-06	5.79586e-07	2.5749e-06	
139	0.108633	0.106045	0.00258773	1.58191e-07	0.482622	0.471125	0.0114964	7.02787e-07	7.06326e-07	3.13796e-06	
140	0.140973	0.120871	0.0200972	5.02063e-06	0.626296	0.536989	0.089285	2.23049e-05	2.29507e-05	0.000101962	
141	0.0944515	0.0928837	0.00156739	5.10983e-07	0.419615	0.41265	0.00696339	2.27012e-06	8.0199e-07	3.56296e-06	
142	0.0861551	0.0833051	0.00285005	0	0.382757	0.370095	0.0126617	0	0	0	
143	0.155606	0.154565	0.00104077	0	0.691306	0.686683	0.00462379	0	0	0	
144	0.100585	0.0986188	0.00196641	0	0.446865	0.438129	0.0087361	0	0	0	
145	0.0895279	0.0866428	0.00287337	1.17587e-05	0.397741	0.384924	0.0127654	5.22401e-05	1.17289e-05	5.21076e-05	
146	0.0641034	0.0611043	0.00299918	0	0.284789	0.271465	0.0133243	0	0	0	
147	0.0763229	0.0726044	0.00371848	0	0.339076	0.322556	0.0165199	0	0	0	
148	0.108659	0.107685	0.000974333	0	0.482737	0.478408	0.00432862	0	0	0	
149	0.114093	0.0997988	0.0142782	1.62089e-05	0.506876	0.443371	0.0634331	7.20107e-05	1.93896e-05	8.61413e-05	
150	0.0862641	0.0825124	0.00375126	4.24043e-07	0.383241	0.366574	0.0166655	1.88387e-06	3.94151e-07	1.75107e-06	
151	0.134406	0.124314	0.0100866	6.16281e-06	0.597122	0.552284	0.0448114	2.73792e-05	9.76406e-06	4.33783e-05	
152	0.0995419	0.0846805	0.0148612	2.28638e-07	0.44223	0.376206	0.0660232	1.01576e-06	1.06013e-06	4.7098e-06	
153	0.138927	0.135489	0.00343728	0	0.617205	0.601934	0.0152706	0	0	0	
154	0.0987403	0.0976264	0.00111314	7.99251e-07	0.438669	0.43372	0.00494532	3.55079e-06	7.69408e-07	3.41821e-06	
155	0.098841	0.0917739	0.00706569	1.36951e-06	0.439116	0.407719	0.0313904	6.08428e-06	1.35748e-06	6.03083e-06	
156	0.0990475	0.094682	0.00436554	0	0.440034	0.420639	0.0193946	0	0	0	
157	0.0895124	0.0882918	0.00122058	0	0.397672	0.39225	0.00542263	0	0	0	
158	0.116572	0.10344	0.0131277	4.7357e-06	0.517892	0.459549	0.0583221	2.10391e-05	1.82971e-05	8.12881e-05	
159	0.102374	0.0992148	0.00315931	4.27421e-07	0.454814	0.440777	0.0140357	1.89888e-06	6.3018e-07	2.79967e-06	
160	0.170523	0.155741	0.0147819	0	0.757576	0.691905	0.0656709	0	0	0	
161	0.211109	0.173902	0.0370982	0.00010814	0.937885	0.77259	0.164814	0.000480428	0.000159475	0.000708493	
162	0.115204	0.0942605	0.0209214	2.25862e-05	0.511814	0.418767	0.0929468	0.000100342	2.67255e-05	0.000118732	
163	0.0914765	0.0785713	0.0129052	0	0.406398	0.349065	0.0573333	0	0	0	
164	0.122691	0.0897786	0.0329128	1.62131e-07	0.545076	0.398855	0.14622	7.20292e-07	2.38265e-07	1.05852e-06	
165	0.158698	0.115294	0.043011	0.000393213	0.705043	0.512213	0.191083	0.00174691	0.000577452	0.00256542	
166	0.100121	0.097493	0.00262588	2.3709e-06	0.444804	0.433127	0.0116658	1.0533e-05	2.34105e-06	1.04004e-05	
167	0.103273	0.0971892	0.00607958	4.30116e-06	0.458806	0.431778	0.0270094	1.91085e-05	5.83416e-06	2.59191e-05	
168	0.110839	0.0981354	0.0127002	3.7238e-06	0.49242	0.435981	0.0564226	1.65435e-05	5.06658e-06	2.2509e-05	
169	0.099038	0.0948554	0.0041753	7.29459e-06	0.439991	0.421409	0.0185494	3.24073e-05	7.2648e-06	3.2275e-05	
170	0.142213	0.108768	0.0331879	0.00025655	0.631803	0.483221	0.147442	0.00113976	0.00034676	0.00154053	
171	0.210853	0.19554	0.0152949	1.74019e-05	0.936748	0.86872	0.0679502	7.73106e-05	3.28849e-05	0.000146096	
172	0.134255	0.122265	0.0119905	0	0.596451	0.543181	0.0532699	0	0	0	
173	0.166714	0.135833	0.0304277	0.000454069	0.740656	0.603459	0.135179	0.00201727	0.000523568	0.00232603	
174	0.121909	0.113379	0.00852985	0	0.541601	0.503706	0.0378951	0	0	0	
175	0.103276	0.096372	0.00690426	1.39878e-07	0.458821	0.428147	0.0306732	6.2143e-07	2.47777e-07	1.10078e-06	
176	0.110904	0.0949577	0.015838	0.000108429	0.492708	0.421864	0.0703628	0.000481715	0.000122092	0.000542414	
177	0.176008	0.141979	0.0331716	0.000856969	0.781943	0.630765	0.14737	0.00380721	0.000866452	0.00384934	
178	0.133226	0.106568	0.0266441	1.36315e-05	0.591877	0.473446	0.11837	6.05601e-05	3.09958e-05	0.000137703	
179	0.176209	0.140615	0.0350765	0.000516817	0.782835	0.624706	0.155833	0.00229604	0.000807699	0.00358832	
180	0.109618	0.101571	0.00801526	3.21111e-05	0.486998	0.451247	0.035609	0.000142658	3.23679e-05	0.000143799	
181	0.129401	0.125505	0.00389548	2.50495e-07	0.574885	0.557578	0.0173062	1.11286e-06	2.2262e-07	9.89026e-07	
182	0.1028	0.0995605	0.00324005	0	0.456707	0.442313	0.0143944	0	0	0	
183	0.116446	0.11168	0.00476548	0	0.51733	0.496158	0.0211714	0	0	0	
184	0.0976837	0.0881497	0.00952469	9.3969e-06	0.433975	0.391618	0.0423149	4.17471e-05	1.76713e-05	7.85075e-05	
185	0.092857	0.0826964	0.0100366	0.0001239	0.412531	0.367391	0.0445894	0.000550448	0.000125819	0.000558973	
186	0.13293	0.113967	0.0189557	7.70087e-06	0.590564	0.506316	0.084214	3.42123e-05	7.96021e-06	3.53644e-05	
187	0.0909561	0.0884005	0.00255558	0	0.404086	0.392732	0.0113536	0	0	0	
188	0.0847715	0.0807917	0.00397795	1.80961e-06	0.37661	0.358929	0.0176726	8.03948e-06	1.8309e-06	8.13408e-06	
189	0.107065	0.102438	0.00462477	2.81353e-06	0.475656	0.455098	0.0205462	1.24995e-05	2.83331e-06	1.25874e-05	
190	0.0766648	0.0594622	0.0172025	0	0.340595	0.26417	0.0764249	0	0	0	
191	0.355935	0.213646	0.139172	0.0031177	1.5813	0.949155	0.618294	0.0138508	0.00354626	0.0157548	
192	0.0731083	0.0730943	1.40118e-05	0	0.324794	0.324732	6.22498e-05	0	0	0	
193	0.118578	0.118578	0	0	0.526805	0.526805	0	0	0	0	
194	0.176816	0.121248	0.0553679	0.00020033	0.785534	0.538664	0.24598	0.000889999	0.000210275	0.000934182	
195	0.0887461	0.0887461	0	0	0.394268	0.394268	0	0	0	0	
196	0.0895242	0.0895242	0	0	0.397725	0.397725	0	0	0	0	
197	0.0777769	0.0561057	0.0215703	0.000100914	0.345536	0.249258	0.0958294	0.000448327	0.000101542	0.000451119	
198	0.15177	0.114467	0.0362265	0.00107662	0.674263	0.508538	0.160941	0.00478306	0.00118427	0.00526132	
199	0.153645	0.114504	0.0391384	1.91104e-06	0.682591	0.508704	0.173878	8.4901e-06	6.81012e-06	3.0255e-05	
200	0.107809	0.0873401	0.0204698	0	0.478962	0.388022	0.0909402	0	0	0	
201	0.158047	0.100732	0.0570119	0.000302903	0.702151	0.447521	0.253284	0.00134569	0.000743608	0.00330359	
202	0.106074	0.10601	6.35933e-05	0	0.47125	0.470968	0.000282523	0	0	0	
203	0.0968247	0.0946246	0.00219959	5.85273e-07	0.430158	0.420384	0.00977202	2.60016e-06	7.69134e-07	3.41699e-06	
204	0.168063	0.133956	0.0339628	0.00014451	0.746649	0.595122	0.150885	0.00064201	0.00018499	0.000821847	
205	0.115213	0.0899677	0.0251658	8.00188e-05	0.511853	0.399695	0.111802	0.000355496	9.73156e-05	0.000432339	
206	0.195367	0.149504	0.045733	0.000129619	0.86795	0.664198	0.203176	0.000575854	0.000200996	0.000892956	
207	0.0691449	0.0519634	0.0171801	1.40633e-06	0.307187	0.230855	0.0763252	6.24783e-06	2.65927e-06	1.18142e-05	
208	0.104215	0.0983851	0.00583004	0	0.462991	0.437091	0.0259008	0	0	0	
209	0.152523	0.0952975	0.0572045	2.16036e-05	0.677609	0.423374	0.254139	9.59775e-05	0.000100845	0.00044802	
210	0.114331	0.113777	0.00055435	0	0.507937	0.505474	0.00246278	0	0	0	
211	0.168877	0.103591	0.0652859	0	0.750262	0.460219	0.290043	0	0	0	
212	0.117108	0.116436	0.000672375	3.92752e-08	0.520272	0.517285	0.00298713	1.74486e-07	5.25046e-08	2.3326e-07	
213	0.24115	0.164737	0.0754609	0.00095202	1.07134	0.731869	0.335247	0.00422949	0.00144912	0.00643796	
214	0.118115	0.115879	0.00222911	7.07089e-06	0.524745	0.514811	0.00990319	3.14135e-05	7.08919e-06	3.14948e-05	
215	0.203273	0.161683	0.0413832	0.000206646	0.903072	0.718303	0.183851	0.000918058	0.000238203	0.00105825	
216	0.101356	0.0848506	0.0164939	1.15391e-05	0.450289	0.376961	0.0732769	5.12645e-05	2.63248e-05	0.000116952	
217	0.198149	0.140952	0.0564706	0.000725763	0.880308	0.626204	0.250879	0.00322431	0.000905167	0.00402134	
218	0.0973568	0.0972048	0.000151925	0	0.432522	0.431847	0.000674951	0	0	0	
219	0.133471	0.133114	0.000357033	0	0.592968	0.591382	0.00158617	0	0	0	
220	0.0920933	0.0838543	0.00823904	0	0.409138	0.372535	0.0366032	0	0	0	
221	0.115889	0.0938922	0.0219698	2.71651e-05	0.514855	0.41713	0.0976044	0.000120685	3.44804e-05	0.000153184	
222	0.0503702	0.0502941	7.61346e-05	0	0.223777	0.223439	0.000338239	0	0	0	
223	0.0970788	0.0968073	0.000271548	0	0.431287	0.430081	0.00120639	0	0	0	
224	0.18431	0.14529	0.0389724	4.80582e-05	0.818829	0.645474	0.17314	0.000213506	7.50472e-05	0.000333409	
225	0.0825366	0.0783219	0.00420745	7.33234e-06	0.366681	0.347957	0.0186922	3.2575e-05	1.13623e-05	5.0479e-05	
226	0.251566	0.22509	0.02643	4.60371e-05	1.11762	1	0.117419	0.000204527	4.68249e-05	0.000208026	
227	0.0844502	0.082274	0.00217628	0	0.375183	0.365514	0.00966846	0	0	0	
228	0.0909904	0.0793523	0.0116381	0	0.404239	0.352534	0.0517042	0	0	0	
229	0.127439	0.123894	0.00354516	0	0.56617	0.55042	0.0157499	0	0	0	
230	0.107631	0.106581	0.00105011	0	0.478169	0.473504	0.00466528	0	0	0	
231	0.0927634	0.0920186	0.000744817	0	0.412115	0.408806	0.00330896	0	0	0	
232	0.0847489	0.0750757	0.00967168	1.59118e-06	0.37651	0.333535	0.0429679	7.06908e-06	1.56136e-06	6.93661e-06	
233	0.0796335	0.0781205	0.00151058	2.52969e-06	0.353784	0.347062	0.00671102	1.12385e-05	2.6448e-06	1.17499e-05	
234	0.104291	0.104291	0	0	0.463329	0.463329	0	0	0	0	
235	0.136232	0.136232	0	0	0.605233	0.605233	0	0	0	0	
236	0.0697508	0.0661617	0.00358907	0	0.309878	0.293933	0.015945	0	0	0	
237	0.0474627	0.0473644	9.83177e-05	0	0.21086	0.210423	0.000436791	0	0	0	
238	0.0894942	0.0894942	0	0	0.397592	0.397592	0	0	0	0	
239	0.137669	0.121972	0.0156843	1.33896e-05	0.611619	0.541879	0.0696802	5.94855e-05	1.43976e-05	6.39637e-05	
240	0.0937752	0.0906719	0.00309872	4.64881e-06	0.416611	0.402824	0.0137665	2.0653e-05	4.74641e-06	2.10866e-05	
241	0.135354	0.118594	0.016705	5.52697e-05	0.601334	0.526874	0.0742146	0.000245544	5.75053e-05	0.000255476	
242	0.0859563	0.0855744	0.000381883	0	0.381874	0.380177	0.00169657	0	0	0	
243	0.0861568	0.0861403	1.65331e-05	0	0.382765	0.382691	7.34512e-05	0	0	0	
244	0.088905	0.0888472	5.78002e-05	0	0.394974	0.394717	0.000256786	0	0	0	
245	0.125218	0.0952534	0.0295742	0.000390907	0.556302	0.423178	0.131388	0.00173666	0.000460442	0.00204558	
246	0.107987	0.0896524	0.0183352	0	0.479751	0.398294	0.081457	0	0	0	
247	0.111198	0.107323	0.0038548	2.03476e-05	0.494017	0.476801	0.0171255	9.03973e-05	2.04118e-05	9.06828e-05	
248	0.0839245	0.0837053	0.000219261	0	0.372847	0.371873	0.000974101	0	0	0	
249	0.0755223	0.0701008	0.00542143	0	0.335519	0.311433	0.0240855	0	0	0	
250	0.0673855	0.0667405	0.000644988	0	0.29937	0.296504	0.00286546	0	0	0	
251	0.129007	0.109421	0.0194796	0.000106249	0.573136	0.486123	0.0865413	0.000472031	0.000106219	0.000471898	
252	0.0741954	0.0693717	0.00482096	2.7504e-06	0.329624	0.308194	0.0214178	1.2219e-05	4.55229e-06	2.02242e-05	
253	0.0990311	0.0979487	0.00108241	0	0.43996	0.435152	0.00480879	0	0	0	
254	0.0781552	0.0777743	0.000380943	0	0.347216	0.345524	0.0016924	0	0	0	
255	0.0868442	0.0868442	0	0	0.385818	0.385818	0	0	0	0	
256	0.0992907	0.096849	0.00244149	1.70108e-07	0.441114	0.430266	0.0108467	7.55732e-07	1.94173e-07	8.62644e-07	
257	0.0986478	0.0889202	0.00972762	0	0.438258	0.395041	0.0432164	0	0	0	
258	0.101424	0.0963251	0.0050962	2.98897e-06	0.450593	0.427939	0.0226406	1.32789e-05	5.94823e-06	2.64259e-05	
259	0.0519787	0.0453303	0.00658903	5.94404e-05	0.230923	0.201386	0.0292727	0.000264073	6.77231e-05	0.00030087	
260	0.0444011	0.0418019	0.00259928	0	0.197259	0.185711	0.0115477	0	0	0	
261	0.112658	0.110015	0.00263927	2.90208e-06	0.5005	0.488762	0.0117253	1.28929e-05	2.87232e-06	1.27607e-05	
262	0.115662	0.111253	0.00440843	6.93012e-07	0.513847	0.494259	0.0195851	3.07881e-06	9.94923e-07	4.4201e-06	
263	0.0599191	0.0438204	0.0160296	6.91036e-05	0.2662	0.194678	0.0712141	0.000307003	9.06013e-05	0.00040251	
264	0.203827	0.140154	0.0631046	0.00056814	0.905533	0.622657	0.280352	0.00252405	0.000727272	0.00323102	
265	0.0488511	0.0434168	0.00543189	2.49143e-06	0.217028	0.192885	0.024132	1.10685e-05	6.68051e-06	2.96792e-05	
266	0.0959034	0.0835324	0.0122014	0.000169563	0.426065	0.371105	0.0542068	0.000753313	0.000169533	0.00075318	
267	0.0482165	0.0456172	0.00259928	0	0.214209	0.202661	0.0115477	0	0	0	
268	0.0859401	0.0852959	0.000643671	5.70075e-07	0.381802	0.37894	0.0028596	2.53264e-06	5.4023e-07	2.40005e-06	
269	0.217352	0.205074	0.0122696	8.18528e-06	0.965622	0.911075	0.0545099	3.63643e-05	9.04414e-06	4.01799e-05	
270	0.107856	0.107475	0.000380943	0	0.479167	0.477474	0.0016924	0	0	0	
271	0.0848945	0.0846916	0.000202876	0	0.377156	0.376255	0.000901308	0	0	0	
272	0.104403	0.10376	0.000643086	7.06618e-07	0.463829	0.460969	0.00285701	3.13926e-06	6.76746e-07	3.00655e-06	
273	0.113471	0.0917132	0.0217415	1.63299e-05	0.504112	0.40745	0.0965901	7.25481e-05	4.0174e-05	0.000178479	
274	0.106692	0.0943553	0.0123366	0	0.473995	0.419188	0.0548076	0	0	0	
275	0.116933	0.11128	0.00561889	3.45911e-05	0.519496	0.49438	0.0249628	0.000153676	3.49143e-05	0.000155112	
276	0.0907795	0.089836	0.000943503	0	0.403301	0.39911	0.00419165	0	0	0	
277	0.114371	0.104096	0.010221	5.38308e-05	0.508113	0.462465	0.0454085	0.000239151	9.01305e-05	0.000400418	
278	0.183543	0.148039	0.0354276	7.64466e-05	0.815418	0.657686	0.157392	0.000339626	9.91079e-05	0.000440302	
279	0.0781464	0.0770645	0.00108194	0	0.347177	0.34237	0.00480672	0	0	0	
280	0.147033	0.121415	0.0256026	1.5014e-05	0.653219	0.539409	0.113743	6.6702e-05	4.7775e-05	0.000212248	
281	0.116323	0.0951472	0.0211448	3.14318e-05	0.516785	0.422706	0.0939392	0.00013964	4.87435e-05	0.00021655	
282	0.0833639	0.0812548	0.00210909	0	0.370356	0.360986	0.00936998	0	0	0	
283	0.0997003	0.0911615	0.00853305	5.77404e-06	0.442934	0.404999	0.0379093	2.5652e-05	8.7636e-06	3.89336e-05	
284	0.152748	0.110647	0.0420126	8.85448e-05	0.678608	0.491567	0.186647	0.000393374	0.000163419	0.000726015	
285	0.103733	0.0872559	0.0164731	4.84488e-06	0.460853	0.387648	0.0731843	2.15241e-05	6.78902e-06	3.01612e-05	
286	0.127182	0.0820996	0.0450699	1.26956e-05	0.565026	0.36474	0.20023	5.64025e-05	2.80867e-05	0.000124779	
287	0.0786454	0.065401	0.0129121	0.000332256	0.349394	0.290554	0.0573642	0.00147609	0.000332226	0.00147596	
288	0.226579	0.140527	0.0833827	0.00266901	1.00661	0.624317	0.37044	0.0118575	0.00358084	0.0159084	
289	0.066987	0.0656465	0.00133616	4.2899e-06	0.2976	0.291645	0.00593612	1.90585e-05	4.26007e-06	1.8926e-05	
290	0.0695099	0.0690056	0.000504349	0	0.308808	0.306568	0.00224064	0	0	0	
291	0.204789	0.137201	0.0672921	0.000296144	0.909808	0.609537	0.298955	0.00131566	0.00138743	0.00616388	
292	0.137015	0.116692	0.0202364	8.68928e-05	0.608713	0.518423	0.0899036	0.000386035	0.000101562	0.000451205	
293	0.067456	0.0475803	0.0198757	0	0.299683	0.211382	0.088301	0	0	0	
294	0.0713395	0.0610082	0.010282	4.93916e-05	0.316937	0.271038	0.0456794	0.000219429	8.05299e-05	0.000357766	
295	0.197898	0.152194	0.0453293	0.000374764	0.879195	0.676147	0.201382	0.00166494	0.000490084	0.00217727	
296	0.118327	0.118327	0	0	0.525688	0.525688	0	0	0	0	
297	0.177138	0.146618	0.0304316	8.88961e-05	0.786966	0.651374	0.135197	0.000394934	0.000116077	0.000515691	
298	0.108075	0.0908579	0.0170265	0.000191364	0.480143	0.40365	0.0756429	0.000850167	0.000191334	0.000850034	
299	0.0978	0.0794363	0.0183624	1.216e-06	0.434491	0.352908	0.0815779	5.40229e-06	1.18644e-06	5.27094e-06	
300	0.07705	0.076764	0.000285958	0	0.342306	0.341036	0.00127041	0	0	0	
301	0.0727856	0.0622533	0.0105234	8.89775e-06	0.323361	0.27657	0.0467518	3.95296e-05	1.59115e-05	7.06895e-05	
302	0.0717599	0.0693655	0.00239435	0	0.318804	0.308167	0.0106372	0	0	0	
303	0.125853	0.105838	0.0198684	0.000147468	0.559125	0.470201	0.0882684	0.000655149	0.00016857	0.0007489	
304	0.0954726	0.0954726	0	0	0.424151	0.424151	0	0	0	0	
305	0.0511794	0.0412831	0.0098963	0	0.227372	0.183406	0.0439658	0	0	0	
306	0.0620766	0.0529475	0.00912915	0	0.275785	0.235227	0.0405576	0	0	0	
307	0.0943963	0.0873267	0.00706956	0	0.41937	0.387962	0.0314076	0	0	0	
308	0.0938202	0.075547	0.0182585	1.47306e-05	0.41681	0.335629	0.0811163	6.54431e-05	4.10558e-05	0.000182396	
309	0.123921	0.110797	0.0130254	9.81833e-05	0.550539	0.492235	0.0578675	0.000436194	9.98282e-05	0.000443502	
310	0.145731	0.143379	0.00235002	2.2374e-06	0.647435	0.636985	0.0104403	9.94002e-06	2.20755e-06	9.8074e-06	
311	0.0837378	0.0739656	0.00967587	9.64165e-05	0.372018	0.328603	0.0429865	0.000428345	0.000108118	0.000480332	
312	0.147126	0.0958692	0.0509195	0.000337373	0.65363	0.425913	0.226218	0.00149883	0.00042893	0.00190559	
313	0.107746	0.0934579	0.0142749	1.4005e-05	0.478681	0.415201	0.0634186	6.22197e-05	1.40302e-05	6.23316e-05	
314	0.0802551	0.0773013	0.00295344	3.68404e-07	0.356545	0.343423	0.0131211	1.63669e-06	7.50729e-07	3.33523e-06	
315	0.103782	0.0950059	0.00875581	2.05607e-05	0.461068	0.422078	0.038899	9.13441e-05	2.72313e-05	0.000120979	
316	0.0738641	0.0706262	0.0032378	1.31944e-07	0.328152	0.313767	0.0143844	5.86183e-07	1.34197e-07	5.96194e-07	
317	0.125291	0.0767899	0.0482027	0.000299265	0.556628	0.341151	0.214148	0.00132953	0.000508801	0.00226042	
318	0.14884	0.122316	0.0265242	0	0.661246	0.543408	0.117837	0	0	0	
319	0.234733	0.143632	0.0893117	0.00178976	1.04284	0.638109	0.396781	0.00795131	0.00207978	0.00923977	
320	0.0978011	0.0761199	0.0216566	2.45967e-05	0.434496	0.338174	0.0962129	0.000109274	4.40286e-05	0.000195604	
321	0.155955	0.098846	0.0554484	0.00166084	0.692855	0.439138	0.246338	0.00737856	0.00203967	0.00906155	
322	0.137397	0.0788329	0.0579102	0.000654006	0.610407	0.350227	0.257274	0.00290552	0.0009777	0.00434358	
323	0.10352	0.0949018	0.00861896	0	0.459907	0.421616	0.038291	0	0	0	
324	0.127645	0.12526	0.00238507	0	0.567084	0.556488	0.010596	0	0	0	
325	0.0905417	0.0902748	0.000266977	0	0.402245	0.401059	0.00118608	0	0	0	
326	0.0718691	0.0711092	0.000759893	0	0.319289	0.315913	0.00337594	0	0	0	
327	0.0773304	0.0751798	0.00215061	0	0.343552	0.333998	0.00955444	0	0	0	
328	0.0912619	0.0907646	0.000497364	0	0.405445	0.403235	0.00220961	0	0	0	
329	0.0940555	0.0915256	0.00252631	3.5889e-06	0.417856	0.406616	0.0112235	1.59442e-05	5.01367e-06	2.2274e-05	
330	0.149436	0.0883316	0.0598611	0.00124412	0.663896	0.392427	0.265942	0.00552723	0.00176022	0.00782005	
331	0.132446	0.116927	0.0154711	4.7708e-05	0.588412	0.519467	0.0687327	0.00021195	6.26819e-05	0.000278474	
332	0.109765	0.0964207	0.0132955	4.88239e-05	0.487648	0.428364	0.0590674	0.000216907	6.83365e-05	0.000303595	
333	0.123184	0.098501	0.0246648	1.8762e-05	0.547266	0.437605	0.109577	8.33534e-05	2.30865e-05	0.000102565	
334	0.144175	0.0884739	0.0549797	0.000721839	0.640522	0.393059	0.244256	0.00320688	0.000977986	0.00434485	
335	0.0872509	0.0804941	0.00675685	0	0.387625	0.357607	0.0300183	0	0	0	
336	0.110925	0.0894798	0.0212703	0.000175498	0.492804	0.397527	0.0944966	0.00077968	0.000198304	0.000880997	
337	0.12074	0.111875	0.00886274	2.30909e-06	0.536407	0.497022	0.0393741	1.02584e-05	3.31058e-06	1.47077e-05	
338	0.11662	0.101727	0.0148057	8.72994e-05	0.518104	0.451939	0.0657769	0.000387841	0.000104939	0.000466211	
339	0.0891312	0.0770749	0.0120103	4.59644e-05	0.395979	0.342417	0.053358	0.000204203	5.73151e-05	0.000254631	
340	0.110246	0.0836097	0.0263562	0.000280225	0.489785	0.371449	0.117091	0.00124494	0.000426782	0.00189604	
341	0.109425	0.104377	0.00504757	3.40028e-07	0.48614	0.463714	0.0224246	1.51062e-06	6.01308e-07	2.6714e-06	
342	0.109662	0.0754319	0.0339906	0.000239725	0.487191	0.335117	0.151008	0.00106501	0.00025517	0.00113363	
343	0.142077	0.0882893	0.0529554	0.000832856	0.631201	0.392238	0.235262	0.00370009	0.00146228	0.00649642	
344	0.0838859	0.0825372	0.00134877	0	0.372676	0.366684	0.00599213	0	0	0	
345	0.124565	0.0951528	0.029345	6.80128e-05	0.553403	0.422731	0.130369	0.000302157	0.000120246	0.000534213	
346	0.145268	0.0983407	0.0460826	0.000844819	0.645376	0.436893	0.204729	0.00375323	0.00135131	0.0060034	
347	0.0968851	0.0755514	0.0212974	3.63057e-05	0.430427	0.335648	0.0946172	0.000161293	4.42698e-05	0.000196675	
348	0.0991457	0.0838031	0.0153247	1.79351e-05	0.44047	0.372308	0.0680823	7.96794e-05	3.53771e-05	0.000157168	
349	0.0835345	0.0722692	0.0112405	2.46894e-05	0.371114	0.321067	0.049938	0.000109686	4.49596e-05	0.00019974	
350	0.140003	0.0761601	0.0622425	0.00160089	0.621987	0.338353	0.276521	0.00711221	0.00227111	0.0100897	
351	0.151578	0.0937863	0.0575043	0.000287687	0.673409	0.41666	0.255471	0.00127809	0.00047505	0.00211048	
352	0.125644	0.0818171	0.0438078	1.91327e-05	0.558193	0.363485	0.194622	8.49999e-05	3.45214e-05	0.000153366	
353	0.0850583	0.0780336	0.00701627	8.44237e-06	0.377884	0.346676	0.0311708	3.75065e-05	1.23975e-05	5.50781e-05	
354	0.0887368	0.0792516	0.00943468	5.05235e-05	0.394226	0.352087	0.041915	0.000224458	5.38367e-05	0.000239177	
355	0.0848911	0.083512	0.00137889	3.0243e-07	0.377142	0.371014	0.00612596	1.34359e-06	3.40866e-07	1.51435e-06	
356	0.126107	0.108908	0.0170664	0.00013261	0.560253	0.483844	0.0758201	0.000589141	0.000150789	0.000669904	
357	0.214621	0.108102	0.103363	0.00315587	0.953488	0.480259	0.459207	0.0140204	0.00651138	0.0289278	
358	0.174499	0.0979049	0.0756148	0.000979703	0.77524	0.434957	0.33593	0.00435248	0.00372016	0.0165274	
359	0.109811	0.0782292	0.0311151	0.000466753	0.487852	0.347545	0.138233	0.00207362	0.000916197	0.00407034	
360	0.100713	0.0966626	0.0040504	0	0.447433	0.429438	0.0179945	0	0	0	
361	0.0470103	0.0470103	0	0	0.20885	0.20885	0	0	0	0	
362	0.104223	0.0870942	0.0170295	0.000100239	0.46303	0.386929	0.0756563	0.000445327	0.000113808	0.000505611	
363	0.0493021	0.0491	0.000202088	0	0.219032	0.218134	0.000897807	0	0	0	
364	0.135693	0.113428	0.0222423	2.24847e-05	0.602838	0.503923	0.0988148	9.98921e-05	3.23875e-05	0.000143886	
365	0.0841863	0.0792383	0.00492594	2.21323e-05	0.37401	0.352028	0.0218842	9.83265e-05	2.6757e-05	0.000118872	
366	0.113531	0.0914738	0.0217861	0.000271676	0.504381	0.406386	0.0967885	0.00120696	0.000333241	0.00148047	
367	0.127637	0.105013	0.0225531	7.04965e-05	0.567047	0.466538	0.100195	0.000313191	0.00012373	0.000549692	
368	0.0796943	0.0755655	0.00409022	3.85543e-05	0.354054	0.335711	0.0181714	0.000171283	3.85497e-05	0.000171263	
369	0.0854277	0.080089	0.00532552	1.31702e-05	0.379525	0.355808	0.0236594	5.85109e-05	1.47947e-05	6.5728e-05	
370	0.116474	0.0913905	0.0249205	0.000162954	0.517453	0.406016	0.110713	0.000723952	0.000304886	0.0013545	
371	0.112761	0.0791083	0.0335339	0.000119565	0.500961	0.35145	0.148979	0.000531186	0.000148199	0.000658399	
372	0.0979124	0.0788307	0.0190603	2.13502e-05	0.434991	0.350217	0.0846786	9.48517e-05	2.90143e-05	0.0001289	
373	0.0846117	0.0789858	0.00561987	6.08474e-06	0.3759	0.350906	0.0249671	2.70324e-05	1.00819e-05	4.47904e-05	
374	0.162164	0.103645	0.0542794	0.00423944	0.720439	0.460459	0.241145	0.0188343	0.00511457	0.0227222	
375	0.145177	0.126779	0.0181425	0.000255192	0.644972	0.563238	0.0806009	0.00113373	0.000257947	0.00114597	
376	0.0998616	0.0986091	0.00125162	9.18585e-07	0.44365	0.438086	0.00556053	4.08095e-06	9.16946e-07	4.07367e-06	
377	0.10279	0.0997896	0.00299371	7.26044e-06	0.456662	0.44333	0.0133	3.22556e-05	7.68359e-06	3.41355e-05	
378	0.120564	0.103398	0.0171048	6.10951e-05	0.535627	0.459365	0.0759909	0.000271424	8.43658e-05	0.000374808	
379	0.0930015	0.0764895	0.0164648	4.71545e-05	0.413173	0.339816	0.0731476	0.000209491	6.43399e-05	0.00028584	
380	0.105919	0.0821642	0.0236987	5.63221e-05	0.470562	0.365027	0.105285	0.000250219	8.07212e-05	0.000358616	
381	0.106385	0.079553	0.0265629	0.000269115	0.472632	0.353426	0.11801	0.00119558	0.000441508	0.00196146	
382	0.107047	0.103716	0.00332065	1.05171e-05	0.475575	0.460776	0.0147525	4.6724e-05	1.09326e-05	4.85698e-05	
383	0.0808901	0.0756813	0.00520875	0	0.359366	0.336226	0.0231407	0	0	0	
384	0.0999079	0.0901061	0.00980179	0	0.443856	0.40031	0.0435459	0	0	0	
385	0.146811	0.106986	0.0389432	0.000881096	0.65223	0.475305	0.173011	0.0039144	0.00119264	0.00529851	
386	0.0997423	0.0793578	0.0201823	0.000202244	0.44312	0.352559	0.089663	0.000898502	0.000321331	0.00142756	
387	0.0951464	0.0839466	0.011117	8.28106e-05	0.422702	0.372945	0.0493892	0.000367899	9.73988e-05	0.000432709	
388	0.0898817	0.0767225	0.0129188	0.000240489	0.399313	0.340851	0.0573938	0.00106841	0.000240459	0.00106827	
389	0.134614	0.110808	0.0237894	1.67871e-05	0.598045	0.492282	0.105688	7.45794e-05	2.01631e-05	8.9578e-05	
390	0.0833271	0.0741177	0.00913099	7.84444e-05	0.370193	0.329279	0.0405658	0.000348501	8.16195e-05	0.000362607	
391	0.102465	0.090965	0.0115008	0	0.45522	0.404126	0.0510942	0	0	0	
392	0.0911525	0.0496811	0.041196	0.000275464	0.404959	0.220715	0.183019	0.00122379	0.000312817	0.00138973	
393	0.0910269	0.080642	0.0103848	0	0.4044	0.358264	0.0461362	0	0	0	
394	0.0967568	0.0923359	0.00442093	0	0.429857	0.410216	0.0196406	0	0	0	
395	0.148715	0.137852	0.0108618	8.58075e-07	0.660689	0.61243	0.0482552	3.81213e-06	3.67558e-06	1.63293e-05	
396	0.0973569	0.0589657	0.0383911	0	0.432523	0.261964	0.170558	0	0	0	
397	0.130495	0.101016	0.029172	0.000307152	0.579744	0.448779	0.129601	0.00136457	0.000865677	0.0038459	
398	0.0911871	0.0908947	0.000292404	0	0.405113	0.403813	0.00129905	0	0	0	
399	0.0791874	0.0782934	0.000893949	0	0.351802	0.34783	0.0039715	0	0	0	
400	0.146011	0.12868	0.0173304	0	0.648677	0.571684	0.076993	0	0	0	
401	0.101135	0.100339	0.00079651	0	0.44931	0.445771	0.00353862	0	0	0	
402	0.111754	0.0831609	0.0285933	0	0.496485	0.369455	0.12703	0	0	0	
403	0.11721	0.0885624	0.0284464	0.000201322	0.520724	0.393452	0.126377	0.000894406	0.000603015	0.00267899	
404	0.108549	0.0984965	0.0100423	1.08271e-05	0.482248	0.437586	0.0446147	4.81012e-05	1.07972e-05	4.79685e-05	
405	0.106967	0.106899	6.7937e-05	0	0.475218	0.474916	0.00030182	0	0	0	
406	0.197179	0.176424	0.0207177	3.72047e-05	0.876	0.783793	0.0920416	0.000165287	3.79582e-05	0.000168635	
407	0.13199	0.085263	0.0464393	0.000288542	0.586389	0.378793	0.206313	0.00128189	0.000303595	0.00134877	
408	0.130492	0.127332	0.00316067	0	0.579735	0.565693	0.0140417	0	0	0	
409	0.0918172	0.0917583	5.88564e-05	0	0.407912	0.40765	0.000261478	0	0	0	
410	0.113681	0.0877248	0.0256102	0.000346597	0.505048	0.389731	0.113777	0.00153981	0.000397277	0.00176496	
411	0.137291	0.117232	0.0200535	4.92931e-06	0.609937	0.520825	0.0890909	2.18992e-05	4.97418e-06	2.20986e-05	
412	0.155306	0.122128	0.0331722	5.65391e-06	0.689973	0.542575	0.147372	2.51184e-05	6.53895e-06	2.90503e-05	
413	0.0939352	0.0915431	0.00239154	5.99542e-07	0.417321	0.406694	0.0106247	2.66355e-06	5.88302e-07	2.61362e-06	
414	0.149859	0.11256	0.0372498	4.87343e-05	0.665773	0.500068	0.165488	0.000216509	5.38737e-05	0.000239342	
415	0.0923884	0.0919693	0.000419155	0	0.41045	0.408587	0.00186216	0	0	0	
416	0.128839	0.106122	0.0227063	1.08281e-05	0.57239	0.471466	0.100876	4.81056e-05	1.07997e-05	4.79793e-05	
417	0.105603	0.095783	0.00982018	0	0.469158	0.42553	0.0436277	0	0	0	
418	0.0804958	0.0769429	0.00355295	0	0.357615	0.34183	0.0157845	0	0	0	
419	0.138603	0.102158	0.0362984	0.000146097	0.615766	0.453856	0.161261	0.000649061	0.000164555	0.000731065	
420	0.083779	0.083779	0	0	0.372201	0.372201	0	0	0	0	
421	0.0881749	0.0861781	0.00199676	0	0.39173	0.382859	0.00887095	0	0	0	
422	0.104758	0.0810684	0.0234308	0.000259359	0.465406	0.360158	0.104095	0.00115224	0.00025933	0.00115211	
423	0.0674575	0.056039	0.0113574	6.1082e-05	0.29969	0.248962	0.0504571	0.000271366	9.33492e-05	0.000414718	
424	0.110775	0.110664	0.000111395	0	0.492138	0.491644	0.000494892	0	0	0	
425	0.0761173	0.0696352	0.00644695	3.52132e-05	0.338163	0.309365	0.0286415	0.00015644	3.57427e-05	0.000158792	
426	0.114088	0.109165	0.00491619	7.32518e-06	0.506856	0.484983	0.0218409	3.25432e-05	8.92261e-06	3.96401e-05	
427	0.0939338	0.0905816	0.00333373	1.84671e-05	0.417315	0.402422	0.0148106	8.20431e-05	1.84373e-05	8.19106e-05	
428	0.0956837	0.094161	0.00152277	0	0.425089	0.418324	0.00676513	0	0	0	
429	0.125421	0.0883298	0.0370871	4.6821e-06	0.557205	0.392418	0.164765	2.08009e-05	6.82693e-06	3.03296e-05	
430	0.229488	0.212633	0.016844	1.0319e-05	1.01953	0.944658	0.0748322	4.58441e-05	1.03579e-05	4.60165e-05	
431	0.179283	0.166541	0.0127278	1.43889e-05	0.796495	0.739886	0.0565456	6.39252e-05	1.60251e-05	7.11942e-05	
432	0.133963	0.112318	0.0215781	6.71946e-05	0.595155	0.498992	0.0958642	0.000298522	8.46626e-05	0.000376127	
433	0.11338	0.0986965	0.0143947	0.000289633	0.503711	0.438474	0.0639509	0.00128674	0.00032594	0.00144804	
434	0.0899569	0.0806902	0.0092667	0	0.399647	0.358478	0.0411687	0	0	0	
435	0.201088	0.152298	0.0487569	3.24927e-05	0.893365	0.676611	0.21661	0.000144353	4.67497e-05	0.000207693	
436	0.124066	0.0862729	0.0373898	0.000403355	0.551182	0.38328	0.16611	0.00179197	0.000571691	0.00253982	
437	0.134463	0.0863223	0.047094	0.0010469	0.597373	0.3835	0.209222	0.00465103	0.00147898	0.00657061	
438	0.175619	0.130641	0.0440774	0.000901371	0.780217	0.580392	0.19582	0.00400448	0.000966898	0.00429559	
439	0.140384	0.127308	0.0130617	1.45767e-05	0.623681	0.565588	0.0580286	6.47592e-05	2.1356e-05	9.48775e-05	
440	0.0852387	0.0803018	0.00492728	9.69445e-06	0.378686	0.356753	0.0218902	4.3069e-05	1.12183e-05	4.98393e-05	
441	0.0684209	0.0677655	0.000655425	0	0.30397	0.301058	0.00291182	0	0	0	
442	0.139736	0.0951122	0.0429466	0.00167787	0.620802	0.42255	0.190797	0.0074542	0.0024397	0.0108387	
443	0.171207	0.138219	0.0326661	0.000321517	0.760615	0.614062	0.145124	0.00142839	0.000451244	0.00200472	
444	0.134348	0.108166	0.0261754	6.62981e-06	0.596864	0.480546	0.116288	2.94539e-05	1.74598e-05	7.75678e-05	
445	0.114612	0.0883896	0.0261424	8.05516e-05	0.509184	0.392684	0.116141	0.000357863	0.000149547	0.000664386	
446	0.149015	0.0908879	0.0577216	0.000406022	0.662024	0.403783	0.256437	0.00180381	0.000699268	0.0031066	
447	0.159397	0.12222	0.037177	0	0.708148	0.542984	0.165164	0	0	0	
448	0.043615	0.0376289	0.00598609	0	0.193766	0.167172	0.0265941	0	0	0	
449	0.229269	0.154509	0.0745976	0.000162492	1.01856	0.686431	0.331411	0.000721899	0.000281486	0.00125054	
450	0.0880981	0.0795873	0.00851072	0	0.391389	0.353579	0.0378102	0	0	0	
451	0.135773	0.120463	0.0152989	1.16294e-05	0.603195	0.535176	0.0679678	5.16655e-05	1.60832e-05	7.14523e-05	
452	0.172337	0.10025	0.0704285	0.00165902	0.765637	0.445377	0.312889	0.00737046	0.00288055	0.0127972	
453	0.112611	0.0957637	0.0168406	7.40894e-06	0.500294	0.425444	0.0748171	3.29153e-05	1.47452e-05	6.55078e-05	
454	0.141298	0.0893421	0.0518697	8.64555e-05	0.627739	0.396916	0.230439	0.000384092	0.000253007	0.00112402	
455	0.159431	0.105277	0.0538646	0.000289111	0.708297	0.46771	0.239301	0.00128442	0.000413749	0.00183814	
456	0.144875	0.112112	0.0325226	0.000239983	0.643629	0.498076	0.144486	0.00106616	0.000387506	0.00172155	
457	0.126138	0.100754	0.0253775	5.96025e-06	0.560389	0.447619	0.112743	2.64793e-05	6.18019e-06	2.74564e-05	
458	0.0950812	0.0790869	0.0159901	4.2288e-06	0.422413	0.351356	0.0710386	1.87871e-05	5.18482e-06	2.30343e-05	
459	0.102437	0.0890868	0.0133507	0	0.455094	0.395781	0.0593129	0	0	0	
460	0.12622	0.0855344	0.040681	4.78581e-06	0.560753	0.38	0.180731	2.12617e-05	1.47746e-05	6.56384e-05	
461	0.130212	0.085707	0.0444803	2.51071e-05	0.578488	0.380766	0.19761	0.000111542	4.13689e-05	0.000183788	
462	0.122996	0.100204	0.0226065	0.000185549	0.546429	0.445172	0.100432	0.00082433	0.000240671	0.00106921	
463	0.136883	0.119746	0.0171371	1.10883e-07	0.608127	0.531992	0.0761342	4.92618e-07	2.79257e-07	1.24064e-06	
464	0.0862531	0.0691338	0.0171014	1.79094e-05	0.383192	0.307137	0.0759757	7.95654e-05	2.64174e-05	0.000117363	
465	0.0840603	0.0828555	0.00120475	0	0.37345	0.368098	0.00535229	0	0	0	
466	0.164707	0.110168	0.0539916	0.00054709	0.731737	0.489441	0.239866	0.00243053	0.000642756	0.00285554	
467	0.120617	0.0799467	0.0394959	0.0011746	0.53586	0.355175	0.175466	0.00521836	0.00159619	0.00709132	
468	0.107447	0.101763	0.00568401	0	0.477353	0.452101	0.0252521	0	0	0	
469	0.077158	0.0769537	0.000204217	0	0.342786	0.341879	0.000907269	0	0	0	
470	0.106196	0.0951285	0.0110681	0	0.471795	0.422623	0.049172	0	0	0	
471	0.132362	0.0792029	0.0531596	0	0.58804	0.351871	0.236169	0	0	0	
472	0.123266	0.089376	0.0324462	0.00144385	0.547629	0.397067	0.144147	0.00641456	0.00157566	0.00700011	
473	0.171237	0.0994143	0.0692323	0.00259076	0.760748	0.441663	0.307575	0.0115098	0.00301462	0.0133929	
474	0.106415	0.0771237	0.0292921	0	0.472769	0.342634	0.130135	0	0	0	
475	0.126427	0.113516	0.0128958	1.52352e-05	0.561674	0.504315	0.0572918	6.76848e-05	1.92026e-05	8.53106e-05	
476	0.163366	0.112954	0.0503887	2.34128e-05	0.725781	0.501817	0.223859	0.000104015	0.000226454	0.00100605	
477	0.125118	0.0972243	0.0277535	0.000140733	0.555858	0.431933	0.123299	0.00062523	0.000156451	0.00069506	
478	0.0948923	0.0790738	0.0158185	0	0.421573	0.351297	0.0702761	0	0	0	
479	0.104359	0.0979118	0.00641814	2.97909e-05	0.463634	0.434988	0.0285135	0.00013235	3.31691e-05	0.000147359	
480	0.128269	0.0978084	0.0303721	8.89859e-05	0.569857	0.434529	0.134932	0.000395333	0.00013661	0.000606914	
481	0.0861894	0.0760603	0.0101221	6.95614e-06	0.382909	0.337909	0.0449691	3.09037e-05	1.3794e-05	6.1282e-05	
482	0.136551	0.106009	0.0305368	5.25286e-06	0.606649	0.470961	0.135664	2.33366e-05	9.92563e-06	4.40961e-05	
483	0.104702	0.0926701	0.0120314	6.54689e-07	0.465155	0.411701	0.0534515	2.90855e-06	1.66618e-06	7.40229e-06	
484	0.166779	0.116906	0.0488152	0.00105727	0.740942	0.519376	0.216869	0.0046971	0.00132524	0.00588762	
485	0.114818	0.0950521	0.0194573	0.000308506	0.510096	0.422283	0.0864422	0.00137058	0.000322424	0.00143242	
486	0.0822322	0.0800771	0.00215413	1.00348e-06	0.365329	0.355754	0.00957009	4.45814e-06	1.08821e-06	4.83458e-06	
487	0.104057	0.0998912	0.00416652	0	0.462292	0.443782	0.0185104	0	0	0	
488	0.1417	0.0955866	0.0459888	0.000125106	0.629526	0.424658	0.204312	0.000555803	0.000259408	0.00115246	
489	0.153608	0.0982463	0.0553561	5.56204e-06	0.682427	0.436474	0.245928	2.47102e-05	1.58566e-05	7.04456e-05	
490	0.0941429	0.0908324	0.00331046	0	0.418244	0.403537	0.0147072	0	0	0	
491	0.098401	0.0783325	0.0200063	6.21456e-05	0.437161	0.348004	0.0888813	0.000276091	6.58179e-05	0.000292406	
492	0.14846	0.0970791	0.0505971	0.000783906	0.659556	0.431289	0.224785	0.00348262	0.00101334	0.00450193	
493	0.201766	0.111769	0.0899788	1.76693e-05	0.896377	0.496553	0.399744	7.84985e-05	3.17963e-05	0.000141259	
494	0.187323	0.117172	0.0700906	6.03396e-05	0.832212	0.520556	0.311388	0.000268068	0.000100514	0.00044655	
495	0.0884174	0.0839675	0.00444986	0	0.392808	0.373038	0.0197692	0	0	0	
496	0.103701	0.089766	0.0135116	0.000423927	0.46071	0.398799	0.0600276	0.00188336	0.000423897	0.00188322	
497	0.120357	0.0776029	0.0426864	6.80236e-05	0.534706	0.344762	0.189641	0.000302205	8.82283e-05	0.000391967	
498	0.168613	0.133589	0.0349399	8.43935e-05	0.749091	0.59349	0.155226	0.000374931	0.000127771	0.000567645	
499	0.159724	0.15803	0.00169338	1.96297e-07	0.7096	0.702076	0.00752311	8.72079e-07	1.68596e-07	7.49017e-07	
500	0.151101	0.0807753	0.0696656	0.00066023	0.67129	0.358857	0.3095	0.00293317	0.00117412	0.00521624	
501	0.139304	0.108463	0.0308064	3.43659e-05	0.618881	0.481866	0.136862	0.000152676	7.89495e-05	0.000350745	
502	0.0929184	0.0909553	0.00196234	7.88045e-07	0.412804	0.404083	0.008718	3.50101e-06	7.58236e-07	3.36858e-06	
503	0.113125	0.103019	0.0100985	7.51491e-06	0.502576	0.457678	0.0448644	3.33861e-05	8.67228e-06	3.85279e-05	
504	0.127451	0.119359	0.00808091	1.19949e-05	0.566224	0.53027	0.0359007	5.32891e-05	1.23126e-05	5.47008e-05	
505	0.0739995	0.0686712	0.00532764	6.41268e-07	0.328754	0.305082	0.0236688	2.84893e-06	1.83422e-06	8.14883e-06	
506	0.15458	0.097804	0.0549695	0.00180709	0.686748	0.434509	0.24421	0.00802828	0.00195508	0.00868576	
507	0.204533	0.157987	0.0458478	0.000697757	0.908669	0.701883	0.203686	0.00309989	0.00094563	0.0042011	
508	0.0944449	0.0880304	0.00641441	0	0.419585	0.391088	0.028497	0	0	0	
509	0.0930962	0.0871776	0.00591494	3.65308e-06	0.413594	0.3873	0.026278	1.62294e-05	5.06264e-06	2.24915e-05	
510	0.129322	0.105294	0.0236319	0.000395783	0.574535	0.467789	0.104988	0.00175833	0.00045307	0.00201283	
511	0.0768147	0.0751408	0.00167285	1.08259e-06	0.341261	0.333824	0.00743191	4.80961e-06	1.12312e-06	4.98966e-06	
512	0.175942	0.0883212	0.0873259	0.000294893	0.781649	0.39238	0.387959	0.0013101	0.000571659	0.00253968	
513	0.114665	0.0911264	0.0234915	4.77297e-05	0.509419	0.404843	0.104364	0.000212046	7.43468e-05	0.000330297	
514	0.255298	0.128432	0.123151	0.00371448	1.1342	0.570579	0.547121	0.0165021	0.00528899	0.0234971	
515	0.0674615	0.0565838	0.0108383	3.94135e-05	0.299708	0.251382	0.0481509	0.0001751	7.49952e-05	0.000333177	
516	0.113899	0.0884816	0.0251153	0.000302619	0.506016	0.393093	0.111578	0.00134443	0.00035679	0.00158509	
517	0.0856881	0.081706	0.00398211	0	0.380682	0.362991	0.0176911	0	0	0	
518	0.192185	0.155792	0.0363926	1.67722e-07	0.853814	0.692133	0.16168	7.45131e-07	1.83625e-07	8.15783e-07	
519	0.0705231	0.0420947	0.0284237	4.61249e-06	0.313309	0.187012	0.126277	2.04917e-05	1.11023e-05	4.93239e-05	
520	0.162388	0.122325	0.0391804	0.000883101	0.721437	0.543448	0.174065	0.00392331	0.00128846	0.0057242	
521	0.273231	0.109838	0.162646	0.000746171	1.21387	0.487975	0.722583	0.00331498	0.00201478	0.00895099	
522	0.186535	0.0783271	0.10725	0.000958607	0.828713	0.34798	0.476474	0.00425876	0.00129707	0.00576245	
523	0.0920652	0.0761919	0.0158524	2.08034e-05	0.409013	0.338494	0.0704271	9.24225e-05	3.92916e-05	0.000174559	
524	0.154775	0.105965	0.0483545	0.000455048	0.687612	0.470768	0.214822	0.00202162	0.000590532	0.00262353	
525	0.158258	0.0997631	0.0582424	0.000252558	0.703086	0.443213	0.25875	0.00112202	0.000479164	0.00212876	
526	0.113474	0.101467	0.0119805	2.72366e-05	0.50413	0.450783	0.0532254	0.000121003	3.57967e-05	0.000159032	
527	0.100824	0.0779587	0.022786	8.00168e-05	0.447929	0.346343	0.10123	0.000355486	0.000122628	0.000544793	
528	0.0852938	0.0804256	0.00486819	0	0.378931	0.357303	0.0216277	0	0	0	
529	0.138237	0.0810921	0.0568464	0.000299353	0.614143	0.360264	0.252549	0.00132992	0.000603587	0.00268153	
530	0.0958116	0.080859	0.0149048	4.78249e-05	0.425657	0.359228	0.066217	0.000212469	6.51007e-05	0.000289219	
531	0.163332	0.10506	0.058134	0.000137557	0.725628	0.466748	0.258269	0.000611119	0.000269321	0.0011965	
532	0.127248	0.0838061	0.0413461	0.00209641	0.565321	0.372321	0.183686	0.00931365	0.00232023	0.0103079	
533	0.168424	0.118015	0.0502766	0.000132586	0.748251	0.5243	0.223361	0.000589034	0.000275908	0.00122576	
534	0.133478	0.113509	0.0197369	0.000231984	0.592998	0.504283	0.0876844	0.00103062	0.000276187	0.001227	
535	0.0948697	0.077756	0.0167005	0.000413258	0.421473	0.345443	0.0741946	0.00183596	0.000678888	0.00301606	
536	0.0730018	0.0659523	0.00704902	5.034e-07	0.324321	0.293003	0.0313163	2.23643e-06	4.75454e-07	2.11227e-06	
537	0.131153	0.0768951	0.0541697	8.83848e-05	0.582668	0.341618	0.240657	0.000392663	0.000477432	0.00212106	
538	0.143895	0.0805542	0.0618826	0.00145821	0.639276	0.357874	0.274923	0.00647834	0.00173152	0.00769255	
539	0.136933	0.083314	0.053605	1.4011e-05	0.608345	0.370135	0.238148	6.22463e-05	5.24296e-05	0.000232926	
540	0.0956734	0.0800839	0.0152965	0.000292915	0.425043	0.355785	0.0679573	0.00130132	0.000337108	0.00149765	
541	0.0886504	0.0823498	0.0062946	5.94218e-06	0.393843	0.365852	0.0279647	2.6399e-05	1.53483e-05	6.81876e-05	
542	0.202824	0.15027	0.0521919	0.00036284	0.90108	0.667597	0.23187	0.00161197	0.00045711	0.00203078	
543	0.12921	0.0895782	0.0395657	6.639e-05	0.574036	0.397965	0.175777	0.000294947	0.000140598	0.000624629	
544	0.162732	0.126954	0.0357723	5.63593e-06	0.722962	0.564013	0.158924	2.50385e-05	7.50949e-05	0.00033362	
545	0.158676	0.0753429	0.0832252	0.000108234	0.704944	0.334722	0.369741	0.000480846	0.000308622	0.0013711	
546	0.136	0.116807	0.019178	1.50915e-05	0.604202	0.518933	0.0852013	6.70464e-05	1.76437e-05	7.83852e-05	
547	0.0877485	0.0756451	0.0121033	0	0.389836	0.336065	0.0537709	0	0	0	
548	0.119583	0.11102	0.00856238	0	0.531267	0.493227	0.0380396	0	0	0	
549	0.146357	0.0851803	0.0607813	0.000396238	0.650217	0.378426	0.27003	0.00176035	0.00102277	0.00454383	
550	0.187549	0.119987	0.0667207	0.00084148	0.833219	0.533063	0.296417	0.0037384	0.0015392	0.00683814	
551	0.096936	0.0967634	0.000172574	0	0.430653	0.429886	0.000766687	0	0	0	
552	0.0861509	0.0727504	0.0132819	0.000118674	0.382738	0.323204	0.0590068	0.00052723	0.000143068	0.000635605	
553	0.193316	0.183375	0.00990451	3.66964e-05	0.85884	0.814674	0.0440023	0.000163029	5.52234e-05	0.000245338	
554	0.146825	0.102648	0.042966	0.00121138	0.652294	0.456029	0.190883	0.00538176	0.00136813	0.00607815	
555	0.104031	0.0752996	0.0287066	2.55079e-05	0.462177	0.33453	0.127533	0.000113322	2.77519e-05	0.000123292	
556	0.176937	0.149891	0.0268912	0.00015452	0.78607	0.665915	0.119468	0.000686479	0.000154492	0.000686358	
557	0.090679	0.079117	0.0115367	2.5352e-05	0.402855	0.351489	0.0512537	0.00011263	4.16199e-05	0.000184903	
558	0.105609	0.0976301	0.00797853	5.08964e-07	0.469185	0.433737	0.0354458	2.26115e-06	4.79484e-07	2.13018e-06	
559	0.103585	0.0792214	0.0238234	0.000540589	0.460194	0.351953	0.105839	0.00240165	0.000701096	0.00311473	
560	0.0935446	0.0849922	0.00855241	0	0.415586	0.37759	0.0379954	0	0	0	
561	0.115911	0.093277	0.0225205	0.000113884	0.514954	0.414397	0.10005	0.000505948	0.000178557	0.00079327	
562	0.0714559	0.0499432	0.0215127	0	0.317454	0.22188	0.0955738	0	0	0	
563	0.0977282	0.0789801	0.0186325	0.00011566	0.434172	0.350881	0.0827778	0.000513837	0.000203422	0.000903736	
564	0.113691	0.0816325	0.0319356	0.000123752	0.505093	0.362665	0.141878	0.000549788	0.000218313	0.000969889	
565	0.0989635	0.0851503	0.0136786	0.000134574	0.43966	0.378293	0.0607693	0.000597868	0.000172174	0.000764913	
566	0.12155	0.103968	0.0175154	6.68278e-05	0.540008	0.461896	0.0778151	0.000296892	8.43927e-05	0.000374927	
567	0.213605	0.161184	0.0516233	0.000798066	0.948975	0.716085	0.229344	0.00354553	0.000864212	0.00383939	
568	0.142215	0.115502	0.0267123	0	0.631812	0.513138	0.118673	0	0	0	
569	0.0783132	0.0760293	0.00228393	0	0.347918	0.337771	0.0101467	0	0	0	
570	0.132289	0.120015	0.0122589	1.51258e-05	0.587715	0.533186	0.0544623	6.71988e-05	1.91354e-05	8.50119e-05	
571	0.101022	0.0917092	0.00931242	4.16716e-07	0.448805	0.407432	0.0413718	1.85132e-06	1.75185e-06	7.78286e-06	
572	0.112876	0.097811	0.0148548	0.000210998	0.501472	0.43454	0.0659948	0.000937392	0.000289604	0.00128661	
573	0.10162	0.0845508	0.0169904	7.90358e-05	0.451463	0.37563	0.0754827	0.000351128	0.000164543	0.000731011	
574	0.140522	0.0800323	0.0599946	0.000495574	0.624292	0.355555	0.266535	0.00220166	0.000809016	0.00359418	
575	0.144796	0.0844908	0.0601169	0.000188998	0.643281	0.375363	0.267078	0.000839652	0.000345456	0.00153474	
576	0.0638285	0.0546064	0.00922203	0	0.283567	0.242597	0.0409703	0	0	0	
577	0.127895	0.113407	0.0144886	0	0.568196	0.503827	0.0643681	0	0	0	
578	0.102535	0.0892205	0.0133103	4.36416e-06	0.455528	0.396375	0.0591332	1.93884e-05	4.4597e-06	1.98129e-05	
579	0.0942282	0.0874954	0.00673097	1.8041e-06	0.418623	0.388712	0.0299033	8.01499e-06	4.9767e-06	2.21097e-05	
580	0.0863568	0.0669239	0.0194104	2.24849e-05	0.383653	0.29732	0.0862338	9.98929e-05	4.70333e-05	0.000208953	
581	0.0799964	0.0754005	0.00459596	0	0.355396	0.334978	0.0204182	0	0	0	
582	0.087594	0.0846834	0.00290203	8.64261e-06	0.38915	0.376219	0.0128927	3.83961e-05	8.68671e-06	3.8592e-05	
583	0.112003	0.0931343	0.0187616	0.000107205	0.497591	0.413763	0.0833514	0.000476277	0.0001419	0.000630413	
584	0.171755	0.128466	0.0426382	0.000650859	0.76305	0.570732	0.189426	0.00289154	0.00074795	0.00332288	
585	0.108574	0.0751987	0.0333448	3.05404e-05	0.482357	0.334082	0.148139	0.00013568	4.7053e-05	0.00020904	
586	0.116299	0.0846814	0.0315398	7.86243e-05	0.51668	0.37621	0.14012	0.0003493	9.69288e-05	0.000430621	
587	0.106662	0.0893195	0.017272	7.1077e-05	0.473864	0.396815	0.0767336	0.00031577	8.35523e-05	0.000371194	
588	0.0684372	0.0679018	0.00053537	0	0.304042	0.301664	0.00237846	0	0	0	
589	0.15687	0.109705	0.0463085	0.000856389	0.696921	0.487383	0.205732	0.00380464	0.00115883	0.00514831	
590	0.146897	0.107845	0.0385505	0.000501821	0.652614	0.479118	0.171266	0.00222941	0.00160283	0.00712082	
591	0.139247	0.0963585	0.0428653	2.35008e-05	0.618627	0.428087	0.190435	0.000104406	4.95372e-05	0.000220077	
592	0.107416	0.0861739	0.0212188	2.36645e-05	0.477214	0.382841	0.0942679	0.000105133	2.9839e-05	0.000132564	
593	0.103365	0.0944153	0.00894501	5.44908e-06	0.459218	0.419454	0.0397396	2.42083e-05	7.94325e-06	3.52891e-05	
594	0.088642	0.0808752	0.00776227	4.54321e-06	0.393806	0.3593	0.034485	2.01839e-05	7.52224e-06	3.34187e-05	
595	0.120764	0.0942606	0.0263703	0.000133704	0.536515	0.418767	0.117154	0.000594004	0.000152951	0.000679511	
596	0.11255	0.0906613	0.021792	9.73607e-05	0.500023	0.402776	0.0968143	0.000432539	0.000130885	0.000581477	
597	0.149337	0.141589	0.00773304	1.57747e-05	0.663456	0.629031	0.0343552	7.00819e-05	1.81292e-05	8.05421e-05	
598	0.113214	0.108699	0.00450773	7.68798e-06	0.502973	0.482912	0.0200263	3.4155e-05	9.05262e-06	4.02176e-05	
599	0.104062	0.0938151	0.0102471	0	0.462312	0.416788	0.0455244	0	0	0	
600	0.109336	0.108428	0.000907845	0	0.485743	0.48171	0.00403324	0	0	0	
601	0.230702	0.148707	0.0815674	0.000428164	1.02493	0.660653	0.362375	0.00190218	0.000428499	0.00190367	
602	0.111868	0.103024	0.00880316	4.01247e-05	0.496991	0.457703	0.0391094	0.00017826	4.16266e-05	0.000184932	
603	0.112966	0.0521869	0.060776	3.88549e-06	0.501872	0.231848	0.270007	1.72619e-05	1.45661e-05	6.47124e-05	
604	0.0860761	0.0813014	0.00477464	2.97292e-08	0.382406	0.361194	0.0212121	1.32076e-07	1.30788e-07	5.81048e-07	
605	0.114772	0.0497635	0.0650084	0	0.509892	0.221082	0.288809	0	0	0	
606	0.12388	0.0941911	0.0293177	0.000371269	0.550356	0.418458	0.130248	0.00164942	0.000519647	0.00230861	
607	0.0842112	0.0785132	0.00569201	6.02403e-06	0.374121	0.348807	0.0252876	2.67627e-05	9.54492e-06	4.24048e-05	
608	0.0856593	0.0791323	0.00652703	0	0.380554	0.351557	0.0289973	0	0	0	
609	0.0903863	0.0874725	0.00291374	0	0.401555	0.38861	0.0129447	0	0	0	
610	0.106252	0.0803544	0.0253446	0.000553517	0.472043	0.356987	0.112597	0.00245908	0.00065615	0.00291505	
611	0.0637454	0.0579533	0.00574216	4.99807e-05	0.283198	0.257466	0.0255104	0.000222047	5.91353e-05	0.000262717	
612	0.0950292	0.090981	0.00404744	7.86881e-07	0.422182	0.404197	0.0179814	3.49584e-06	7.66113e-07	3.40357e-06	
613	0.0945866	0.0769396	0.0174953	0.000151766	0.420215	0.341816	0.0777256	0.000674245	0.000172894	0.000768111	
614	0.0957839	0.0839479	0.0117986	3.74199e-05	0.425534	0.372951	0.0524172	0.000166244	3.74949e-05	0.000166577	
615	0.0974163	0.0870792	0.010337	0	0.432786	0.386862	0.0459238	0	0	0	
616	0.115247	0.0892842	0.0244875	0.00147543	0.512003	0.396659	0.108789	0.00655485	0.00148189	0.00658354	
617	0.109932	0.0919892	0.0179031	4.022e-05	0.488392	0.408676	0.0795374	0.000178683	5.03992e-05	0.000223906	
618	0.0616186	0.0561071	0.00548898	2.2542e-05	0.27375	0.249264	0.0243856	0.000100146	2.2518e-05	0.000100039	
619	0.131263	0.099185	0.0320263	5.2085e-05	0.583158	0.440644	0.142282	0.000231395	5.3207e-05	0.00023638	
620	0.099804	0.08799	0.0118113	2.62939e-06	0.443394	0.390909	0.0524737	1.16814e-05	2.60032e-06	1.15523e-05	
621	0.32785	0.186705	0.13888	0.00226401	1.45652	0.829469	0.616997	0.0100582	0.00232194	0.0103156	
622	0.0349886	0.030575	0.00441361	0	0.155442	0.135834	0.0196081	0	0	0	
623	0.0964677	0.0720551	0.0240538	0.000358805	0.428572	0.320116	0.106862	0.00159405	0.000420375	0.00186758	
624	0.112638	0.0829338	0.0297004	4.73211e-06	0.500415	0.368446	0.131948	2.10231e-05	6.94581e-06	3.08578e-05	
625	0.0677284	0.0551343	0.0125941	0	0.300894	0.244942	0.0559514	0	0	0	
626	0.0700319	0.0640048	0.00602714	0	0.311127	0.284351	0.0267765	0	0	0	
627	0.103291	0.0793291	0.0239622	0	0.458887	0.352431	0.106456	0	0	0	
628	0.060276	0.060276	0	0	0.267785	0.267785	0	0	0	0	
629	0.199663	0.137996	0.0613635	0.000304111	0.887037	0.613069	0.272617	0.00135106	0.000418685	0.00186007	
630	0.173368	0.145981	0.0273578	2.9255e-05	0.770216	0.648545	0.121541	0.00012997	4.69656e-05	0.000208651	
631	0.107347	0.0961062	0.0112417	0	0.476909	0.426966	0.0499431	0	0	0	
632	0.0436351	0.0433759	0.000259143	0	0.193855	0.192704	0.00115128	0	0	0	
633	0.0585548	0.0452844	0.013218	5.23562e-05	0.260138	0.201183	0.0587231	0.0002326	5.23263e-05	0.000232467	
634	0.0458328	0.0420879	0.00374489	0	0.203619	0.186982	0.0166372	0	0	0	
635	0.0753682	0.0657406	0.00960448	2.30915e-05	0.334834	0.292062	0.0426693	0.000102587	7.01359e-05	0.000311589	
636	0.0944988	0.0651876	0.0293111	0	0.419825	0.289606	0.130219	0	0	0	
637	0.0825653	0.0738481	0.0087164	8.21789e-07	0.366809	0.328081	0.0387239	3.65092e-06	9.56791e-07	4.25069e-06	
638	0.121824	0.0817799	0.0400404	4.0461e-06	0.541223	0.363319	0.177885	1.79754e-05	4.62414e-06	2.05434e-05	
639	0.116574	0.0763555	0.0402158	3.41824e-06	0.517901	0.339221	0.178665	1.5186e-05	3.48615e-06	1.54877e-05	
640	0.0850263	0.080729	0.0042817	1.55972e-05	0.377742	0.358651	0.0190221	6.92929e-05	1.56492e-05	6.95241e-05	
641	0.075883	0.075256	0.000626089	9.51441e-07	0.337122	0.334336	0.00278149	4.22692e-06	9.33826e-07	4.14866e-06	
642	0.0640148	0.0632611	0.000753697	0	0.284395	0.281047	0.00334841	0	0	0	
643	0.171948	0.142353	0.0286437	0.000951265	0.763907	0.632427	0.127254	0.00422614	0.000996944	0.00442907	
644	0.10262	0.0826473	0.0199727	0	0.455905	0.367173	0.088732	0	0	0	
645	0.0821585	0.0806361	0.00152236	0	0.365001	0.358238	0.00676335	0	0	0	
646	0.112341	0.0752171	0.0369703	0.000153507	0.499092	0.334163	0.164246	0.00068198	0.000180185	0.000800503	
647	0.156369	0.124209	0.0317258	0.000433503	0.694693	0.55182	0.140946	0.0019259	0.00046969	0.00208667	
648	0.145997	0.11764	0.0282208	0.000135405	0.648614	0.522637	0.125375	0.00060156	0.000147111	0.000653566	
649	0.0645317	0.0645317	0	0	0.286692	0.286692	0	0	0	0	
650	0.0735119	0.0732021	0.000309817	0	0.326588	0.325211	0.0013764	0	0	0	
651	0.102554	0.101805	0.000748804	0	0.455615	0.452288	0.00332668	0	0	0	
652	0.0987607	0.0827164	0.015813	0.000231273	0.438759	0.36748	0.0702518	0.00102747	0.000317694	0.0014114	
653	0.0998533	0.0879256	0.0119254	2.304e-06	0.443613	0.390623	0.0529805	1.02359e-05	3.21934e-06	1.43024e-05	
654	0.118887	0.088525	0.0303081	5.43604e-05	0.528175	0.393285	0.134648	0.000241504	8.38944e-05	0.000372713	
655	0.135309	0.0813125	0.0534216	0.000574969	0.601131	0.361243	0.237334	0.00255438	0.000738717	0.00328186	
656	0.217745	0.118798	0.0954269	0.0035206	0.967368	0.527778	0.423949	0.0156408	0.0052932	0.0235158	
657	0.0987747	0.0803658	0.0184089	0	0.438822	0.357037	0.0817844	0	0	0	
658	0.115543	0.0756006	0.0399379	4.55976e-06	0.513318	0.335867	0.17743	2.02574e-05	5.95708e-06	2.64652e-05	
659	0.123321	0.0961009	0.0270004	0.000220219	0.547875	0.426943	0.119953	0.000978356	0.000316137	0.00140449	
660	0.160338	0.100812	0.0585499	0.000976137	0.712327	0.447873	0.260117	0.00433664	0.00121735	0.00540829	
661	0.189631	0.0987278	0.0901076	0.000796459	0.842468	0.438613	0.400316	0.00353839	0.00381617	0.0169539	
662	0.113388	0.0807721	0.0324045	0.000211864	0.503745	0.358842	0.143962	0.000941238	0.000309474	0.00137488	
663	0.0957899	0.0806902	0.0150587	4.09775e-05	0.425561	0.358478	0.0669008	0.000182049	7.00036e-05	0.000311002	
664	0.107824	0.0876908	0.019849	0.00028516	0.479029	0.38958	0.0881822	0.00126687	0.00030367	0.0013491	
665	0.102326	0.0875851	0.0147376	3.35836e-06	0.454599	0.38911	0.0654742	1.492e-05	3.46743e-06	1.54046e-05	
666	0.0999165	0.0792872	0.020612	1.72565e-05	0.443894	0.352245	0.0915721	7.66649e-05	3.28879e-05	0.000146109	
667	0.158838	0.105275	0.0506644	0.00289848	0.705665	0.467704	0.225084	0.0128769	0.00387297	0.0172063	
668	0.10191	0.0834126	0.0184972	3.8731e-07	0.452752	0.370573	0.0821769	1.72068e-06	5.90511e-07	2.62343e-06	
669	0.0436976	0.0436976	0	0	0.194133	0.194133	0	0	0	0	
670	0.0903558	0.0829872	0.0073533	1.52766e-05	0.401419	0.368683	0.0326681	6.78687e-05	1.66863e-05	7.41315e-05	
671	0.0522648	0.050864	0.00140085	0	0.232194	0.225971	0.00622353	0	0	0	
672	0.151266	0.112457	0.0387803	2.85703e-05	0.672024	0.49961	0.172287	0.000126928	3.45474e-05	0.000153482	
673	0.147735	0.101907	0.0449529	0.000874603	0.656335	0.452739	0.19971	0.00388556	0.0013982	0.00621175	
674	0.131507	0.0957682	0.0357339	5.07e-06	0.58424	0.425465	0.158753	2.25242e-05	7.92968e-06	3.52288e-05	
675	0.121361	0.0815474	0.0397186	9.51643e-05	0.539165	0.362287	0.176456	0.000422782	0.000150835	0.000670108	
676	0.14919	0.110268	0.0377228	0.00119933	0.6628	0.489883	0.167589	0.0053282	0.00129857	0.00576913	
677	0.102528	0.0938451	0.00865889	2.46063e-05	0.455499	0.416921	0.0384684	0.000109317	3.80133e-05	0.00016888	
678	0.10952	0.0806671	0.0288185	3.49482e-05	0.486561	0.358376	0.12803	0.000155263	4.85149e-05	0.000215535	
679	0.129626	0.0913962	0.0382297	0	0.575883	0.406041	0.169841	0	0	0	
680	0.133478	0.110889	0.0225895	0	0.592999	0.492641	0.100357	0	0	0	
681	0.110573	0.098187	0.0123192	6.75136e-05	0.491241	0.436211	0.0547301	0.000299939	8.14814e-05	0.000361993	
682	0.100651	0.0980866	0.00256477	0	0.447159	0.435765	0.0113944	0	0	0	
683	0.0939915	0.0915979	0.00239355	0	0.417571	0.406937	0.0106337	0	0	0	
684	0.11339	0.0947008	0.0186725	1.69693e-05	0.503754	0.420722	0.0829558	7.5389e-05	3.68883e-05	0.000163882	
685	0.184366	0.141389	0.042185	0.00079262	0.819077	0.628142	0.187413	0.00352133	0.00080127	0.00355976	
686	0.103104	0.090935	0.0119468	0.000222195	0.458055	0.403992	0.0530756	0.000987136	0.000224214	0.000996108	
687	0.0814369	0.0781874	0.00324949	0	0.361796	0.347359	0.0144363	0	0	0	
688	0.064539	0.064539	0	0	0.286724	0.286724	0	0	0	0	
689	0.00730878	0.00718484	0.000123947	0	0.0324704	0.0319197	0.000550655	0	0	0	
690	0.0601262	0.0601116	1.45725e-05	0	0.26712	0.267055	6.47408e-05	0	0	0	
691	0.108779	0.0985753	0.0100348	0.000169718	0.483271	0.437935	0.0445814	0.000753999	0.000173831	0.000772271	
692	0.0732548	0.0732548	0	0	0.325446	0.325446	0	0	0	0	
693	0.0914264	0.0796988	0.0117115	1.60907e-05	0.406176	0.354074	0.0520302	7.14857e-05	1.60612e-05	7.13544e-05	
694	0.182989	0.155115	0.0277335	0.000141241	0.81296	0.689122	0.12321	0.000627485	0.000273972	0.00121716	
695	0.0965548	0.0796818	0.01683	4.2935e-05	0.428959	0.353999	0.0747701	0.000190745	4.90998e-05	0.000218133	
696	0.272975	0.160479	0.10881	0.00368495	1.21273	0.712955	0.483408	0.0163709	0.00421231	0.0187138	
697	0.170727	0.0831621	0.0863562	0.00120946	0.758484	0.36946	0.383651	0.00537321	0.00169944	0.00755003	
698	0.235447	0.196688	0.0383264	0.000432581	1.04601	0.873819	0.170271	0.0019218	0.000461095	0.00204848	
699	0.287042	0.186187	0.0991602	0.00169512	1.27522	0.827164	0.440534	0.00753086	0.00189743	0.00842963	
700	0.0828945	0.0828945	0	0	0.368271	0.368271	0	0	0	0	
701	0.0827502	0.0827502	0	0	0.36763	0.36763	0	0	0	0	
702	0.110101	0.106722	0.00337882	3.31211e-08	0.489144	0.474133	0.0150109	1.47145e-07	3.20513e-07	1.42392e-06	
703	0.0914831	0.0880205	0.00344832	1.43532e-05	0.406427	0.391044	0.0153197	6.37667e-05	1.43234e-05	6.36339e-05	
704	0.0952901	0.0797842	0.0155058	0	0.42334	0.354453	0.0688871	0	0	0	
705	0.0971025	0.0884479	0.00864665	7.98647e-06	0.431392	0.392943	0.038414	3.54811e-05	7.95675e-06	3.5349e-05	
706	0.196956	0.15885	0.0379063	0.000199822	0.875008	0.705716	0.168404	0.00088774	0.0004586	0.0020374	
707	0.0857062	0.0805934	0.00511283	0	0.380763	0.358048	0.0227145	0	0	0	
708	0.0802607	0.0802608	0	0	0.35657	0.35657	0	0	0	0	
709	0.130438	0.103786	0.0262249	0.000426877	0.579493	0.461088	0.116508	0.00189646	0.000440033	0.00195491	
710	0.187478	0.0963734	0.0908683	0.000236406	0.8329	0.428153	0.403696	0.00105027	0.000337007	0.0014972	
711	0.0998899	0.080989	0.0189009	0	0.443776	0.359806	0.0839703	0	0	0	
712	0.0774868	0.0768616	0.00062522	0	0.344247	0.341469	0.00277763	0	0	0	
713	0.0895421	0.0787127	0.0108122	1.71659e-05	0.397804	0.349693	0.0480352	7.62622e-05	1.71363e-05	7.61309e-05	
714	0.0926736	0.081986	0.0106876	0	0.411716	0.364235	0.0474813	0	0	0	
715	0.0703194	0.0703194	0	0	0.312405	0.312405	0	0	0	0	
716	0.0805411	0.0752695	0.00523258	3.90683e-05	0.357816	0.334396	0.0232465	0.000173567	5.09021e-05	0.00022614	
717	0.0959236	0.0886216	0.00727006	3.19816e-05	0.426155	0.393715	0.0322983	0.000142083	3.58258e-05	0.000159161	
718	0.122565	0.108562	0.0139505	5.31654e-05	0.544517	0.482304	0.0619775	0.000236195	5.54639e-05	0.000246407	
719	0.0766031	0.0631667	0.0133245	0.000111833	0.340321	0.280628	0.0591963	0.000496835	0.000115353	0.000512476	
720	0.0631356	0.0623241	0.000811545	0	0.280489	0.276884	0.00360541	0	0	0	
721	0.126175	0.106733	0.0193236	0.000118867	0.560554	0.474178	0.0858483	0.000528085	0.000133743	0.000594176	
722	0.0814042	0.0811632	0.00024101	0	0.361651	0.36058	0.00107072	0	0	0	
723	0.111083	0.102436	0.00864035	6.60544e-06	0.493503	0.455088	0.038386	2.93456e-05	6.57571e-06	2.92136e-05	
724	0.0810373	0.0807963	0.00024101	0	0.36002	0.35895	0.00107072	0	0	0	
725	0.0854341	0.0626257	0.0228084	0	0.379554	0.278224	0.10133	0	0	0	
726	0.0456105	0.0426961	0.00291446	0	0.202632	0.189684	0.0129479	0	0	0	
727	0.0893905	0.0890797	0.000310828	0	0.397131	0.39575	0.0013809	0	0	0	
728	0.096658	0.0855318	0.0110656	6.06426e-05	0.429418	0.379988	0.0491608	0.000269414	6.70714e-05	0.000297975	
729	0.101584	0.077696	0.0238882	0	0.451303	0.345176	0.106127	0	0	0	
730	0.120697	0.105016	0.0156481	3.35179e-05	0.536218	0.46655	0.0695192	0.000148908	3.93089e-05	0.000174636	
731	0.109067	0.0945558	0.0143688	0.000142685	0.484548	0.420079	0.0638356	0.000633902	0.00014746	0.000655115	
732	0.0825228	0.0774677	0.00505518	0	0.36662	0.344162	0.0224584	0	0	0	
733	0.104944	0.0920852	0.0127717	8.7581e-05	0.466232	0.409103	0.0567403	0.000389092	0.000154312	0.000685556	
734	0.123499	0.106973	0.0165238	1.88825e-06	0.548664	0.475246	0.0734098	8.38887e-06	1.96358e-06	8.72353e-06	
735	0.0692905	0.0658079	0.00347045	1.21671e-05	0.307833	0.292361	0.015418	5.40545e-05	1.21827e-05	5.41235e-05	
736	0.0571585	0.0555613	0.00159716	0	0.253935	0.246839	0.00709563	0	0	0	
737	0.0874121	0.0797429	0.00765224	1.70655e-05	0.388342	0.35427	0.0339962	7.58165e-05	1.75238e-05	7.78521e-05	
738	0.12253	0.113311	0.00910614	0.000112946	0.544359	0.503402	0.0404554	0.000501783	0.00012416	0.000551602	
739	0.0669573	0.0649076	0.00204797	1.81895e-06	0.297468	0.288362	0.00909845	8.08097e-06	1.78914e-06	7.94853e-06	
740	0.0367968	0.03674	5.68266e-05	0	0.163475	0.163223	0.000252461	0	0	0	
741	0.0890473	0.0864968	0.00254823	2.22956e-06	0.395606	0.384275	0.0113209	9.9052e-06	2.59463e-06	1.1527e-05	
742	0.139167	0.123101	0.0160414	2.43457e-05	0.618274	0.546899	0.0712668	0.000108159	2.43159e-05	0.000108027	
743	0.0866171	0.0842805	0.00232265	1.40516e-05	0.38481	0.374429	0.0103187	6.24263e-05	1.40216e-05	6.22935e-05	
744	0.0558576	0.0554182	0.000439385	0	0.248156	0.246204	0.00195203	0	0	0	
745	0.123352	0.101853	0.0214955	3.37694e-06	0.54801	0.452498	0.0954971	1.50025e-05	4.91924e-06	2.18545e-05	
746	0.0787414	0.0752283	0.00351311	0	0.349821	0.334213	0.0156075	0	0	0	
747	0.0851058	0.084339	0.000766787	0	0.378095	0.374689	0.00340657	0	0	0	
748	0.101901	0.0823172	0.0195817	2.21317e-06	0.452711	0.365707	0.0869948	9.83236e-06	5.26011e-06	2.33688e-05	
749	0.120567	0.112489	0.00806969	8.48251e-06	0.535639	0.49975	0.0358508	3.76848e-05	8.45283e-06	3.7553e-05	
750	0.0890988	0.0822171	0.00688167	0	0.395835	0.365262	0.0305729	0	0	0	
751	0.26698	0.152091	0.110249	0.00463982	1.1861	0.675689	0.489798	0.0206131	0.00567893	0.0252295	
752	0.0814843	0.0764507	0.00503365	0	0.362006	0.339644	0.0223627	0	0	0	
753	0.099482	0.0926003	0.00688167	0	0.441964	0.411391	0.0305729	0	0	0	
754	0.240726	0.176644	0.0626095	0.00147242	1.06946	0.784772	0.278152	0.00654148	0.00219962	0.00977214	
755	0.114873	0.0921266	0.0227473	3.93708e-08	0.510345	0.409286	0.101058	1.7491e-07	6.34845e-07	2.82039e-06	
756	0.179848	0.114141	0.0657052	1.91596e-06	0.799004	0.50709	0.291905	8.51199e-06	2.45878e-05	0.000109235	
757	0.131556	0.0776028	0.0502452	0.00370849	0.584459	0.344762	0.223222	0.0164755	0.00508971	0.0226118	
758	0.209258	0.127922	0.0813362	0	0.929663	0.568314	0.361348	0	0	0	
759	0.123979	0.0713806	0.0525761	2.26923e-05	0.550797	0.317119	0.233577	0.000100814	0.00307958	0.0136815	
760	0.118497	0.0867711	0.0317107	1.55792e-05	0.526443	0.385494	0.14088	6.92131e-05	0.000264337	0.00117435	
761	0.125429	0.109949	0.0152673	0.000212814	0.55724	0.488467	0.0678277	0.000945462	0.000231885	0.00103018	
762	0.0506878	0.0506878	0	0	0.225188	0.225188	0	0	0	0	
763	0.0559535	0.0539739	0.00197956	0	0.248582	0.239787	0.00879452	0	0	0	
764	0.0781529	0.0767245	0.00142548	2.982e-06	0.347206	0.34086	0.00633294	1.3248e-05	2.95408e-06	1.31239e-05	
765	0.0848492	0.0838253	0.00102394	0	0.376955	0.372406	0.00454901	0	0	0	
766	0.0490205	0.0445066	0.00448551	2.833e-05	0.217781	0.197727	0.0199276	0.00012586	2.97628e-05	0.000132226	
767	0.0518707	0.043152	0.00869241	2.63834e-05	0.230443	0.191709	0.0386174	0.000117212	2.63534e-05	0.000117079	
768	0.0453307	0.0453112	1.94974e-05	0	0.201388	0.201302	8.66204e-05	0	0	0	
769	0.0730983	0.0524723	0.0205895	3.65734e-05	0.32475	0.233116	0.091472	0.000162483	3.65434e-05	0.000162349	
770	0.0761408	0.0565651	0.0195757	0	0.338267	0.251299	0.086968	0	0	0	
771	0.115458	0.0782487	0.0369073	0.000302269	0.512941	0.347632	0.163966	0.00134287	0.000313862	0.00139438	
772	0.103258	0.103258	0	0	0.458741	0.458741	0	0	0	0	
773	0.124371	0.0905233	0.0338009	4.75054e-05	0.55254	0.402163	0.150165	0.00021105	0.000159535	0.000708762	
774	0.0779809	0.0776264	0.000354554	0	0.346442	0.344867	0.00157516	0	0	0	
775	0.0756464	0.0756464	0	0	0.33607	0.33607	0	0	0	0	
776	0.0648952	0.0648952	0	0	0.288306	0.288306	0	0	0	0	
777	0.0743194	0.0743194	0	0	0.330175	0.330175	0	0	0	0	
778	0.0922738	0.0922738	0	0	0.40994	0.40994	0	0	0	0	
779	0.133457	0.110741	0.0227165	9.06511e-08	0.592906	0.491984	0.100921	4.02731e-07	9.52378e-08	4.23108e-07	
780	0.0489996	0.0434828	0.00551682	0	0.217688	0.193179	0.0245093	0	0	0	
781	0.0528737	0.0424836	0.0103901	0	0.234899	0.18874	0.0461597	0	0	0	
782	0.10583	0.0951666	0.0106636	0	0.470167	0.422792	0.047375	0	0	0	
783	0.210287	0.134903	0.0748481	0.000535731	0.934233	0.599329	0.332524	0.00238006	0.00204082	0.00906667	
784	0.0717617	0.0717617	0	0	0.318812	0.318812	0	0	0	0	
785	0.133039	0.0753652	0.0576742	0	0.591048	0.334821	0.256226	0	0	0	
786	0.125703	0.0949403	0.0307389	2.46838e-05	0.558459	0.421787	0.136562	0.000109661	3.32359e-05	0.000147655	
787	0.154856	0.0840876	0.0705857	0.00018302	0.687973	0.373572	0.313588	0.000813098	0.00239122	0.0106234	
788	0.162649	0.0916768	0.0705417	0.000430413	0.722593	0.407288	0.313392	0.00191217	0.000431878	0.00191868	
789	0.103193	0.102839	0.000354554	0	0.458453	0.456878	0.00157516	0	0	0	
790	0.116118	0.0846003	0.0315182	0	0.515874	0.37585	0.140024	0	0	0	
791	0.120151	0.0873765	0.0327404	3.44638e-05	0.533791	0.388183	0.145454	0.000153111	7.83791e-05	0.000348211	
792	0.0933143	0.0826506	0.0106636	0	0.414563	0.367188	0.047375	0	0	0	
793	0.223446	0.147739	0.0738594	0.00184812	0.992697	0.656354	0.328132	0.00821057	0.00297671	0.0132245	
794	0.094895	0.0898549	0.00504003	1.23128e-07	0.421585	0.399194	0.0223911	5.47015e-07	9.34618e-08	4.15218e-07	
795	0.147153	0.105905	0.0412238	2.43002e-05	0.653751	0.4705	0.183143	0.000107957	8.8288e-05	0.000392233	
796	0.095018	0.0940983	0.000919681	0	0.422132	0.418046	0.00408582	0	0	0	
797	0.054129	0.0534355	0.000693498	0	0.240476	0.237395	0.00308097	0	0	0	
798	0.20501	0.104146	0.100734	0.000129574	0.910789	0.462686	0.447526	0.000575653	0.000713294	0.00316892	
799	0.162826	0.129741	0.0330382	4.63802e-05	0.72338	0.576397	0.146777	0.000206051	0.000401367	0.00178313	
800	0.223021	0.159295	0.063483	0.000242468	0.990806	0.707695	0.282033	0.0010772	0.000758957	0.00337178	
801	0.17217	0.0855625	0.0861913	0.00041612	0.764891	0.380124	0.382918	0.00184867	0.000571186	0.00253758	
802	0.13421	0.0866415	0.0474958	7.35405e-05	0.596252	0.384918	0.211007	0.000326715	0.000102449	0.000455145	
803	0.083583	0.083583	0	0	0.37133	0.37133	0	0	0	0	
804	0.193113	0.151542	0.0412445	0.000326387	0.857935	0.67325	0.183235	0.00145002	0.000429317	0.0019073	
805	0.202577	0.144395	0.0580435	0.000138042	0.89998	0.6415	0.257867	0.000613274	0.000253533	0.00112636	
806	0.151819	0.107301	0.0435872	0.000930243	0.67448	0.476705	0.193643	0.00413275	0.00142827	0.00634533	
807	0.148471	0.119748	0.0285451	0.00017826	0.659609	0.532001	0.126816	0.000791948	0.000279859	0.00124332	
808	0.170875	0.15314	0.0177253	1.03179e-05	0.759141	0.680348	0.0787473	4.58392e-05	1.02879e-05	4.57056e-05	
809	0.174085	0.112587	0.0604024	0.00109521	0.773401	0.500189	0.268347	0.00486567	0.0017065	0.00758139	
810	0.0784091	0.0782116	0.000197454	0	0.348344	0.347467	0.000877221	0	0	0	
811	0.129567	0.0974448	0.0321224	1.23146e-07	0.575622	0.432913	0.142709	5.47095e-07	3.14335e-07	1.39648e-06	
812	0.170431	0.112537	0.0578467	4.72088e-05	0.757168	0.499965	0.256993	0.000209732	7.10329e-05	0.000315574	
813	0.0641702	0.0641702	0	0	0.285086	0.285086	0	0	0	0	
814	0.0958594	0.0817482	0.0141112	0	0.42587	0.363179	0.0626912	0	0	0	
815	0.146998	0.133052	0.0138325	0.00011344	0.653063	0.591106	0.0614533	0.000503977	0.000114037	0.000506629	
816	0.188514	0.156291	0.0321727	4.97149e-05	0.837503	0.69435	0.142932	0.000220866	0.000210897	0.000936944	
817	0.165602	0.097481	0.06556	0.00256152	0.735714	0.433074	0.29126	0.0113799	0.00328915	0.0146125	
818	0.180039	0.124636	0.0549538	0.000449964	0.799854	0.553714	0.24414	0.00199903	0.000745105	0.00331024	
819	0.0671588	0.0671588	0	0	0.298363	0.298363	0	0	0	0	
820	0.0932761	0.0910252	0.00225089	0	0.414393	0.404393	0.00999995	0	0	0	
821	0.0277357	0.0276438	9.187e-05	0	0.12322	0.122812	0.000408146	0	0	0	
822	0.09352	0.0845132	0.00900675	0	0.415476	0.375463	0.0400139	0	0	0	
823	0.0620569	0.0591782	0.00285467	2.40806e-05	0.275697	0.262908	0.0126823	0.000106981	2.40508e-05	0.000106849	
824	0.119995	0.11991	8.58918e-05	0	0.5331	0.532718	0.000381587	0	0	0	
825	0.0791353	0.078747	0.000388396	0	0.351571	0.349845	0.00172551	0	0	0	
826	0.119038	0.106374	0.0126637	0	0.528844	0.472584	0.0562607	0	0	0	
827	0.0847831	0.0843092	0.000473501	4.23328e-07	0.376662	0.374556	0.0021036	1.8807e-06	3.93475e-07	1.74807e-06	
828	0.169681	0.103881	0.0651343	0.000666055	0.753836	0.461508	0.289369	0.00295905	0.00140218	0.00622942	
829	0.130857	0.101776	0.029081	0	0.581354	0.452156	0.129197	0	0	0	
830	0.156883	0.134207	0.0226746	1.41269e-06	0.69698	0.596238	0.100735	6.27612e-06	1.57365e-05	6.99121e-05	
831	0.100943	0.100859	8.45858e-05	0	0.448457	0.448081	0.000375785	0	0	0	
832	0.0857445	0.084028	0.00171642	1.09756e-07	0.380933	0.373307	0.0076255	4.8761e-07	7.98936e-08	3.54939e-07	
833	0.090306	0.0885974	0.00170813	4.63846e-07	0.401198	0.393607	0.00758866	2.0607e-06	7.02804e-07	3.12231e-06	
834	0.0982084	0.0981059	0.000102466	0	0.436306	0.43585	0.000455223	0	0	0	
835	0.0996848	0.0967688	0.00291604	0	0.442865	0.42991	0.0129549	0	0	0	
836	0.147031	0.116394	0.030465	0.00017197	0.65321	0.517101	0.135345	0.000764006	0.000281622	0.00125115	
837	0.138798	0.120342	0.018241	0.000214081	0.616631	0.534642	0.0810385	0.00095109	0.000221466	0.0009839	
838	0.142727	0.0974461	0.0448602	0.000421525	0.63409	0.432919	0.199298	0.00187269	0.000467613	0.00207744	
839	0.193197	0.152541	0.0398933	0.000762003	0.858308	0.67769	0.177232	0.00338531	0.00110771	0.00492121	
840	0.102746	0.0767282	0.0260183	0	0.456467	0.340877	0.11559	0	0	0	
841	0.110776	0.0799839	0.0307394	5.31543e-05	0.492141	0.35534	0.136564	0.000236146	7.33748e-05	0.000325978	
842	0.104241	0.0979708	0.00627029	0	0.463107	0.43525	0.0278567	0	0	0	
843	0.136849	0.121453	0.0153202	7.5936e-05	0.607975	0.539575	0.0680627	0.000337357	0.000106342	0.000472443	
844	0.135886	0.109952	0.0259139	1.95766e-05	0.603696	0.488482	0.115126	8.69723e-05	1.95464e-05	8.68383e-05	
845	0.191542	0.134507	0.0551129	0.00192231	0.850955	0.597568	0.244847	0.00854015	0.00193693	0.00860511	
846	0.104674	0.0938654	0.0108088	0	0.465031	0.417011	0.0480199	0	0	0	
847	0.122135	0.0957117	0.0263433	8.06631e-05	0.542606	0.425213	0.117034	0.000358358	8.08698e-05	0.000359276	
848	0.104873	0.102586	0.00228689	0	0.465915	0.455755	0.0101598	0	0	0	
849	0.111122	0.0966611	0.014441	2.07965e-05	0.49368	0.429432	0.0641564	9.23918e-05	2.09642e-05	9.31367e-05	
850	0.0799824	0.0799824	0	0	0.355334	0.355334	0	0	0	0	
851	0.0644589	0.0644425	1.64163e-05	0	0.286368	0.286295	7.2932e-05	0	0	0	
852	0.0935289	0.0846534	0.00884695	2.85831e-05	0.415516	0.376086	0.0393039	0.000126985	2.87383e-05	0.000127674	
853	0.108114	0.103266	0.00484742	0	0.480314	0.458778	0.0215354	0	0	0	
854	0.0986009	0.0943445	0.00424987	6.56738e-06	0.438049	0.41914	0.0188807	2.91766e-05	7.28476e-06	3.23636e-05	
855	0.106581	0.0930441	0.0131916	0.000346177	0.473506	0.413363	0.0586057	0.00153794	0.000460922	0.00204772	
856	0.113802	0.10343	0.0103712	0	0.505583	0.459507	0.046076	0	0	0	
857	0.0640259	0.0632405	0.000785374	0	0.284444	0.280955	0.00348914	0	0	0	
858	0.0994971	0.0851916	0.0142954	1.00999e-05	0.442031	0.378476	0.0635096	4.48706e-05	1.2308e-05	5.46802e-05	
859	0.1245	0.111654	0.0128461	0	0.553114	0.496043	0.0570708	0	0	0	
860	0.0945072	0.0838982	0.0106066	2.3865e-06	0.419863	0.37273	0.0471216	1.06024e-05	2.35664e-06	1.04697e-05	
861	0.0861083	0.0860492	5.90272e-05	0	0.382549	0.382287	0.000262237	0	0	0	
862	0.113233	0.0786144	0.0346155	3.52562e-06	0.503057	0.349256	0.153785	1.56631e-05	3.49537e-06	1.55287e-05	
863	0.117979	0.114695	0.00328481	0	0.524143	0.50955	0.0145932	0	0	0	
864	0.102719	0.0948764	0.00784316	0	0.456347	0.421503	0.0348444	0	0	0	
865	0.117034	0.116242	0.000791874	0	0.519944	0.516426	0.00351802	0	0	0	
866	0.0768207	0.0755437	0.00127698	0	0.341287	0.335614	0.00567318	0	0	0	
867	0.0860818	0.0860818	0	0	0.382432	0.382432	0	0	0	0	
868	0.104709	0.0993807	0.00530543	2.33965e-05	0.465188	0.441514	0.0235702	0.000103942	2.33668e-05	0.00010381	
869	0.0967634	0.0940746	0.00268242	6.37416e-06	0.429886	0.417941	0.011917	2.83182e-05	6.34443e-06	2.81861e-05	
870	0.130878	0.125514	0.00536404	0	0.581446	0.557615	0.0238305	0	0	0	
871	0.107875	0.0983351	0.00942724	0.000112685	0.479251	0.436868	0.0418819	0.000500622	0.000112655	0.00050049	
872	0.0416723	0.0416723	0	0	0.185135	0.185135	0	0	0	0	
873	0.103027	0.0994413	0.00358616	0	0.457715	0.441783	0.0159321	0	0	0	
874	0.104434	0.090454	0.0139807	0	0.463967	0.401856	0.0621115	0	0	0	
875	0.0815208	0.0811204	0.000400421	0	0.362169	0.36039	0.00177893	0	0	0	
876	0.0442547	0.0442547	0	0	0.196608	0.196608	0	0	0	0	
877	0.101237	0.0872377	0.0138882	0.000111075	0.449761	0.387567	0.0617008	0.000493471	0.000111046	0.000493339	
878	0.100225	0.0989188	0.00130709	0	0.445268	0.439461	0.00580698	0	0	0	
879	0.0868507	0.0868507	0	0	0.385847	0.385847	0	0	0	0	
880	0.0932669	0.0873016	0.00596524	0	0.414352	0.387851	0.0265015	0	0	0	
881	0.0815919	0.0789875	0.00259242	1.19896e-05	0.362484	0.350914	0.0115172	5.32659e-05	1.19598e-05	5.31335e-05	
882	0.0904828	0.0890691	0.00141086	2.90797e-06	0.401984	0.395703	0.00626797	1.29191e-05	2.87812e-06	1.27865e-05	
883	0.0590132	0.0590132	0	0	0.262175	0.262175	0	0	0	0	
884	0.0785761	0.0784819	9.41523e-05	0	0.349086	0.348668	0.000418286	0	0	0	
885	0.0891537	0.0891537	0	0	0.396079	0.396079	0	0	0	0	
886	0.102517	0.101308	0.00120823	0	0.455447	0.450079	0.00536778	0	0	0	
887	0.0658443	0.0658443	0	0	0.292523	0.292523	0	0	0	0	
888	0.0965295	0.0964353	9.41523e-05	0	0.428847	0.428429	0.000418286	0	0	0	
889	0.0655427	0.0643633	0.0011794	0	0.291183	0.285944	0.0052397	0	0	0	
890	0.0946486	0.0912748	0.00336903	4.88538e-06	0.420491	0.405502	0.0149674	2.1704e-05	4.85554e-06	2.15714e-05	
891	0.0412372	0.041109	0.000128276	0	0.183203	0.182633	0.000569887	0	0	0	
892	0.0583166	0.0583166	0	0	0.25908	0.25908	0	0	0	0	
893	0.0865523	0.0865523	0	0	0.384522	0.384522	0	0	0	0	
894	0.0837678	0.0834466	0.000321223	0	0.372151	0.370724	0.00142708	0	0	0	
895	0.0797272	0.0797272	0	0	0.3542	0.3542	0	0	0	0	
896	0.0788459	0.0785247	0.000321223	0	0.350285	0.348858	0.00142708	0	0	0	
897	0.0757432	0.0714361	0.00430707	0	0.3365	0.317366	0.0191348	0	0	0	
898	0.0728695	0.0728695	0	0	0.323734	0.323734	0	0	0	0	
899	0.104625	0.0953445	0.00927994	1.0488e-06	0.464815	0.423582	0.0412275	4.65949e-06	1.01864e-06	4.52547e-06	
900	0.0815775	0.0815775	0	0	0.36242	0.36242	0	0	0	0	
901	0.171847	0.112006	0.057767	0.00207406	0.763461	0.497607	0.256639	0.00921434	0.00231758	0.0102962	
902	0.0753372	0.0749696	0.000367644	0	0.334697	0.333064	0.00163331	0	0	0	
903	0.195633	0.115867	0.0783702	0.00139607	0.869133	0.514759	0.348172	0.00620229	0.00278445	0.0123703	
904	0.0676505	0.0676505	0	0	0.300547	0.300547	0	0	0	0	
905	0.154647	0.0926955	0.0619518	0	0.687044	0.411814	0.27523	0	0	0	
906	0.190504	0.130433	0.0596161	0.000454875	0.846343	0.579468	0.264853	0.00202085	0.000454844	0.00202071	
907	0.0802326	0.0802326	0	0	0.356445	0.356445	0	0	0	0	
908	0.111463	0.099192	0.0122097	6.21841e-05	0.495195	0.440675	0.0542436	0.000276262	6.21542e-05	0.000276129	
909	0.108706	0.105448	0.00325119	7.26952e-06	0.482946	0.46847	0.0144439	3.2296e-05	7.29572e-06	3.24123e-05	
910	0.110891	0.0901396	0.0207514	0	0.49265	0.400459	0.0921916	0	0	0	
911	0.120225	0.106594	0.0134048	0.000226214	0.53412	0.473562	0.0595531	0.00100499	0.000226184	0.00100486	
912	0.105245	0.0958816	0.00936433	0	0.467571	0.425968	0.0416025	0	0	0	
913	0.11453	0.0987108	0.0156706	0.000149259	0.508819	0.438537	0.069619	0.000663106	0.000149284	0.000663219	
914	0.0767106	0.0767106	0	0	0.340798	0.340798	0	0	0	0	
915	0.119189	0.0917384	0.0274138	3.67348e-05	0.529515	0.407562	0.12179	0.0001632	3.6704e-05	0.000163063	
916	0.106878	0.106878	0	0	0.474825	0.474825	0	0	0	0	
917	0.11982	0.092605	0.0272159	0	0.532323	0.411412	0.12091	0	0	0	
918	0.129078	0.08898	0.0391793	0.000919231	0.573451	0.395307	0.17406	0.00408382	0.00132942	0.00590618	
919	0.0928152	0.0862724	0.00654272	0	0.412345	0.383278	0.029067	0	0	0	
920	0.118162	0.0858379	0.032221	0.000103874	0.524956	0.381348	0.143147	0.000461479	0.000182076	0.000808904	
921	0.0383285	0.0383285	0	0	0.17028	0.17028	0	0	0	0	
922	0.019315	0.0191535	0.000161459	0	0.0858099	0.0850925	0.00071731	0	0	0	
923	0.0634553	0.0592286	0.00419175	3.5001e-05	0.28191	0.263132	0.0186225	0.000155497	3.4974e-05	0.000155377	
924	0.0583643	0.0517169	0.00664746	2.97609e-08	0.259292	0.22976	0.0295323	1.32217e-07	1.43358e-06	6.36891e-06	
925	0.0538043	0.0448644	0.00885773	8.2187e-05	0.239034	0.199317	0.0393518	0.000365128	9.97928e-05	0.000443345	
926	0.0665622	0.0588662	0.00769605	2.97047e-08	0.295713	0.261522	0.0341909	1.31968e-07	1.43358e-06	6.36891e-06	
927	0.0802281	0.0773503	0.00286504	1.27653e-05	0.356425	0.34364	0.0127284	5.67121e-05	1.27383e-05	5.65919e-05	
928	0.10271	0.0952178	0.00749242	0	0.456306	0.423019	0.0332862	0	0	0	
929	0.0437147	0.0430391	0.000675641	0	0.194209	0.191207	0.00300164	0	0	0	
930	0.0755145	0.0748389	0.000675641	0	0.335485	0.332483	0.00300164	0	0	0	
931	0.091613	0.0826611	0.00893135	2.05405e-05	0.407004	0.367234	0.0396789	9.12547e-05	2.05103e-05	9.11203e-05	
932	0.0846421	0.0842242	0.000417839	0	0.376035	0.374179	0.00185631	0	0	0	
933	0.0478549	0.047767	8.79575e-05	0	0.212603	0.212212	0.000390765	0	0	0	
934	0.0462739	0.0455114	0.000762498	0	0.205579	0.202191	0.00338751	0	0	0	
935	0.0931431	0.0778019	0.0152705	7.06098e-05	0.413802	0.345647	0.0678419	0.000313695	0.00028232	0.00125425	
936	0.0759006	0.0759006	0	0	0.3372	0.3372	0	0	0	0	
937	0.0619664	0.0619664	0	0	0.275295	0.275295	0	0	0	0	
938	0.0674112	0.0674112	0	0	0.299484	0.299484	0	0	0	0	
939	0.0729969	0.0729969	0	0	0.324299	0.324299	0	0	0	0	
940	0.0765287	0.0745836	0.00194021	4.89415e-06	0.33999	0.331349	0.0086197	2.1743e-05	4.86437e-06	2.16107e-05	
941	0.0696057	0.0688203	0.000785374	0	0.309234	0.305744	0.00348914	0	0	0	
942	0.0709334	0.0709334	0	0	0.315132	0.315132	0	0	0	0	
943	0.0803419	0.0803419	0	0	0.356931	0.356931	0	0	0	0	
944	0.0637043	0.0637043	0	0	0.283016	0.283016	0	0	0	0	
945	0.0643432	0.0634235	0.000919681	0	0.285854	0.281769	0.00408582	0	0	0	
946	0.0657241	0.0657241	0	0	0.291989	0.291989	0	0	0	0	
947	0.0959678	0.0959678	0	0	0.426351	0.426351	0	0	0	0	
948	0.0611863	0.0543468	0.00683954	0	0.271829	0.241444	0.0303857	0	0	0	
949	0.0648448	0.0648448	0	0	0.288083	0.288083	0	0	0	0	
950	0.0862652	0.0862652	0	0	0.383246	0.383246	0	0	0	0	
951	0.116256	0.116256	0	0	0.516488	0.516488	0	0	0	0	
952	0.0513069	0.0496124	0.00169458	0	0.227939	0.22041	0.00752844	0	0	0	
953	0.0536826	0.0534272	0.000255361	0	0.238493	0.237358	0.00113448	0	0	0	
954	0.0866686	0.0866056	6.29266e-05	0	0.385038	0.384759	0.000279561	0	0	0	
955	0.0892972	0.0892972	0	0	0.396716	0.396716	0	0	0	0	
956	0.0529203	0.0498181	0.00310214	0	0.235106	0.221324	0.0137817	0	0	0	
957	0.0791601	0.0791601	0	0	0.351681	0.351681	0	0	0	0	
958	0.078032	0.0694745	0.00855756	0	0.346669	0.308651	0.0380182	0	0	0	
959	0.0911486	0.0911486	0	0	0.404941	0.404941	0	0	0	0	
960	0.0567919	0.0567919	0	0	0.252306	0.252306	0	0	0	0	
961	0.0776173	0.0750892	0.00252568	2.48786e-06	0.344827	0.333595	0.0112207	1.10527e-05	2.4581e-06	1.09205e-05	
962	0.0982024	0.0981674	3.49758e-05	0	0.436279	0.436123	0.000155385	0	0	0	
963	0.146066	0.14601	5.61006e-05	0	0.648922	0.648673	0.000249235	0	0	0	
964	0.104589	0.104526	6.29266e-05	0	0.464654	0.464375	0.000279561	0	0	0	
965	0.145583	0.0963754	0.0492039	3.82529e-06	0.646775	0.428162	0.218596	1.69944e-05	3.79718e-06	1.68695e-05	
966	0.151008	0.101818	0.0491904	0	0.670878	0.452342	0.218535	0	0	0	
967	0.0444011	0.0444011	0	0	0.197259	0.197259	0	0	0	0	
968	0.0707719	0.0707719	0	0	0.314415	0.314415	0	0	0	0	
969	0.197523	0.17813	0.0193936	2.0483e-07	0.87753	0.79137	0.0861592	9.09989e-07	2.97689e-07	1.32253e-06	
970	0.195234	0.17392	0.0211589	0.000154938	0.867359	0.772669	0.0940019	0.000688336	0.000197344	0.000876735	
