Node	dPC	dPCintra	dPCflux	dPCconnector	varPC	varPCintra	varPCflux	varPCconnector	dBC_PC	varBC_PC	
1	0.172341	0.164938	0.00739312	9.98243e-06	0.769692	0.736629	0.0330184	4.45825e-05	9.95138e-06	4.44438e-05	
2	0.0903511	0.0830286	0.00732251	0	0.403517	0.370813	0.032703	0	0	0	
3	0.0913703	0.0813398	0.0100043	2.61069e-05	0.408068	0.363271	0.0446805	0.000116596	2.758e-05	0.000123175	
4	0.0571011	0.0571011	0	0	0.255019	0.255019	0	0	0	0	
5	0.114255	0.105661	0.00859198	1.68061e-06	0.510274	0.471894	0.0383726	7.50577e-06	3.50564e-06	1.56565e-05	
6	0.0911765	0.0889976	0.0021751	3.86617e-06	0.407203	0.397471	0.00971423	1.72667e-05	3.83516e-06	1.71282e-05	
7	0.0863532	0.0857175	0.000635717	0	0.385661	0.382822	0.00283917	0	0	0	
8	0.121797	0.102437	0.0193602	0	0.543959	0.457494	0.0864647	0	0	0	
9	0.0872207	0.0861443	0.00107454	1.83394e-06	0.389536	0.384729	0.004799	8.19058e-06	1.80298e-06	8.05232e-06	
10	0.0606925	0.0590153	0.00166688	1.03736e-05	0.271058	0.263568	0.00744445	4.63298e-05	1.09511e-05	4.89088e-05	
11	0.0844434	0.0787713	0.00567208	0	0.377132	0.3518	0.025332	0	0	0	
12	0.0960375	0.0940717	0.00196085	4.94076e-06	0.428912	0.420133	0.00875736	2.20659e-05	5.09656e-06	2.27617e-05	
13	0.102634	0.102634	0	0	0.458377	0.458377	0	0	0	0	
14	0.0833764	0.0831227	0.000253648	0	0.372367	0.371234	0.00113281	0	0	0	
15	0.0943392	0.0924091	0.00193017	0	0.421328	0.412708	0.00862035	0	0	0	
16	0.0730386	0.0730386	0	0	0.326197	0.326197	0	0	0	0	
17	0.0868304	0.0842107	0.0026156	4.07817e-06	0.387793	0.376093	0.0116815	1.82135e-05	4.04724e-06	1.80753e-05	
18	0.0731175	0.071913	0.00120448	0	0.326549	0.32117	0.00537934	0	0	0	
19	0.0875233	0.0840245	0.00349677	2.02732e-06	0.390887	0.375261	0.0156169	9.05421e-06	1.99636e-06	8.91597e-06	
20	0.0589266	0.0589266	0	0	0.263171	0.263171	0	0	0	0	
21	0.084423	0.081481	0.00293882	3.20163e-06	0.377041	0.363902	0.013125	1.42988e-05	3.17097e-06	1.41618e-05	
22	0.0893613	0.0872824	0.00207888	0	0.399096	0.389811	0.0092845	0	0	0	
23	0.0982325	0.0946513	0.00356919	1.20772e-05	0.438716	0.422722	0.0159403	5.39381e-05	1.20488e-05	5.38113e-05	
24	0.0660474	0.0648779	0.00116951	0	0.294974	0.289751	0.00522318	0	0	0	
25	0.120984	0.115154	0.00581108	1.84095e-05	0.540326	0.514291	0.0259528	8.22187e-05	2.09666e-05	9.36389e-05	
26	0.0854888	0.0840075	0.00148124	0	0.381801	0.375185	0.00661538	0	0	0	
27	0.0839418	0.0759861	0.00782905	0.000126734	0.374892	0.339361	0.0349653	0.000566009	0.00013028	0.000581847	
28	0.0619118	0.0619118	0	0	0.276504	0.276504	0	0	0	0	
29	0.106349	0.100944	0.00540386	3.21484e-07	0.474965	0.450829	0.0241341	1.43577e-06	4.2786e-07	1.91086e-06	
30	0.168103	0.14836	0.0196539	8.92494e-05	0.750766	0.662592	0.0877762	0.000398596	9.09208e-05	0.000406061	
31	0.142507	0.137966	0.00454004	0	0.63645	0.616173	0.0202762	0	0	0	
32	0.143991	0.138428	0.00555689	5.55686e-06	0.643078	0.618236	0.0248176	2.48174e-05	5.71118e-06	2.55067e-05	
33	0.0779215	0.0763998	0.00152168	0	0.348005	0.341209	0.00679597	0	0	0	
34	0.104765	0.0968411	0.00792443	0	0.467893	0.432502	0.0353912	0	0	0	
35	0.0726438	0.0607682	0.0118097	6.59365e-05	0.324434	0.271396	0.0527433	0.000294479	6.77994e-05	0.000302799	
36	0.0813957	0.0808992	0.00049653	0	0.363521	0.361303	0.00221755	0	0	0	
37	0.169914	0.0946797	0.0747743	0.000460516	0.758854	0.422848	0.333949	0.0020567	0.00475151	0.0212207	
38	0.0802918	0.0781651	0.00212653	1.34221e-07	0.358591	0.349093	0.00949732	5.99447e-07	1.07322e-07	4.7931e-07	
39	0.0907587	0.083633	0.00709945	2.62604e-05	0.405337	0.373513	0.0317068	0.000117281	2.81094e-05	0.000125539	
40	0.102337	0.10063	0.00170757	0	0.45705	0.449424	0.00762618	0	0	0	
41	0.0981476	0.095621	0.00252658	0	0.438336	0.427053	0.0112839	0	0	0	
42	0.0752467	0.0737005	0.00154624	0	0.336059	0.329153	0.00690565	0	0	0	
43	0.058711	0.0551544	0.00355662	0	0.262209	0.246325	0.0158842	0	0	0	
44	0.064661	0.0643946	0.000266379	0	0.288782	0.287592	0.00118967	0	0	0	
45	0.0570488	0.0519727	0.00507608	0	0.254785	0.232115	0.0226702	0	0	0	
46	0.0955712	0.0848523	0.010689	2.98812e-05	0.42683	0.378958	0.0477384	0.000133452	3.31199e-05	0.000147916	
47	0.135718	0.134415	0.00130351	0	0.606133	0.600312	0.00582163	0	0	0	
48	0.10712	0.0847567	0.02228	8.41746e-05	0.478412	0.378531	0.0995046	0.000375932	0.00014658	0.000654642	
49	0.168031	0.157861	0.0101666	2.96186e-06	0.750443	0.705025	0.0454053	1.32279e-05	6.33493e-06	2.82924e-05	
50	0.102438	0.0949648	0.00745517	1.8999e-05	0.457502	0.424122	0.0332955	8.48516e-05	2.49172e-05	0.000111282	
51	0.0849395	0.0844005	0.000539001	0	0.379348	0.376941	0.00240723	0	0	0	
52	0.080735	0.0759953	0.00473766	2.07178e-06	0.36057	0.339402	0.0211588	9.25277e-06	2.11851e-06	9.46149e-06	
53	0.0971656	0.094667	0.00249578	2.84204e-06	0.433951	0.422792	0.0111464	1.26928e-05	3.84561e-06	1.71748e-05	
54	0.0944191	0.0904713	0.0039478	0	0.421685	0.404053	0.0176312	0	0	0	
55	0.0985295	0.0924747	0.00604006	1.48431e-05	0.440042	0.413	0.0269755	6.62907e-05	1.5199e-05	6.78805e-05	
56	0.116967	0.111703	0.00526336	8.35156e-07	0.522389	0.498879	0.0235067	3.72988e-06	9.11782e-07	4.0721e-06	
57	0.101531	0.10047	0.00106042	0	0.453448	0.448712	0.00473596	0	0	0	
58	0.120373	0.0910738	0.029257	4.223e-05	0.537597	0.406744	0.130664	0.000188603	0.000163831	0.000731688	
59	0.174145	0.11175	0.0622547	0.00014068	0.777751	0.499087	0.278035	0.000628294	0.000159215	0.00071107	
60	0.0749913	0.0734077	0.00158012	3.53545e-06	0.334918	0.327845	0.00705699	1.57897e-05	3.50452e-06	1.56515e-05	
61	0.0876888	0.0869089	0.000779823	0	0.391626	0.388143	0.00348276	0	0	0	
62	0.10231	0.0931743	0.00909319	4.269e-05	0.456927	0.416125	0.040611	0.000190657	5.60451e-05	0.000250302	
63	0.126705	0.0936576	0.0329844	6.32034e-05	0.565878	0.418284	0.147311	0.000282272	9.12167e-05	0.000407382	
64	0.0983075	0.0965553	0.00175218	0	0.439051	0.431225	0.00782543	0	0	0	
65	0.110175	0.10229	0.00786642	1.9141e-05	0.492055	0.456837	0.0351322	8.54858e-05	2.02125e-05	9.02712e-05	
66	0.114928	0.100647	0.0142807	3.42577e-08	0.51328	0.449501	0.0637791	1.52998e-07	1.33686e-08	5.97056e-08	
67	0.170722	0.136955	0.0337143	5.25053e-05	0.762461	0.611654	0.150571	0.000234493	7.19914e-05	0.00032152	
68	0.107811	0.0796414	0.0280039	0.000166439	0.481497	0.355686	0.125068	0.000743335	0.000176526	0.000788382	
69	0.115544	0.113433	0.00211006	9.35426e-07	0.516031	0.506603	0.00942377	4.1777e-06	1.56912e-06	7.00786e-06	
70	0.0771532	0.0761326	0.00102047	9.79572e-08	0.344573	0.340015	0.00455754	4.37486e-07	6.76346e-08	3.02062e-07	
71	0.0656798	0.0440599	0.0216199	0	0.293332	0.196775	0.0965566	0	0	0	
72	0.168091	0.1291	0.0389065	8.43964e-05	0.750712	0.576575	0.17376	0.000376922	0.000157074	0.000701508	
73	0.0869227	0.0594861	0.0274102	2.63743e-05	0.388205	0.265671	0.122416	0.00011779	2.73568e-05	0.000122178	
74	0.134932	0.105679	0.029237	1.61701e-05	0.60262	0.471973	0.130575	7.22174e-05	1.61939e-05	7.23238e-05	
75	0.182367	0.142389	0.0397058	0.000272157	0.814473	0.635927	0.17733	0.00121548	0.000353549	0.00157898	
76	0.156	0.139852	0.0159726	0.000176032	0.696714	0.624593	0.0713355	0.000786177	0.0001854	0.000828014	
77	0.0886797	0.0886797	0	0	0.396052	0.396052	0	0	0	0	
78	0.15366	0.0976873	0.0553657	0.000607221	0.686261	0.436281	0.247268	0.00271191	0.000853297	0.00381091	
79	0.162814	0.135592	0.0271254	9.67688e-05	0.727145	0.605568	0.121144	0.000432178	0.00012614	0.000563353	
80	0.137666	0.123831	0.0137992	3.51426e-05	0.61483	0.553044	0.0616288	0.00015695	7.28183e-05	0.000325213	
81	0.108799	0.105089	0.00371037	0	0.485908	0.469337	0.0165709	0	0	0	
82	0.25833	0.159395	0.0978097	0.00112517	1.15372	0.711875	0.436827	0.00502512	0.00185778	0.00829703	
83	0.163285	0.123824	0.0393558	0.000104689	0.729247	0.553012	0.175766	0.000467551	0.000135294	0.000604238	
84	0.117482	0.0951326	0.0223341	1.60645e-05	0.524689	0.424871	0.0997465	7.17458e-05	2.21285e-05	9.88282e-05	
85	0.143845	0.0999998	0.0438459	0	0.642429	0.446609	0.19582	0	0	0	
86	0.17018	0.144609	0.0253136	0.000257746	0.760043	0.645839	0.113053	0.00115112	0.000384363	0.0017166	
87	0.0809882	0.0767565	0.00423089	8.32358e-07	0.361701	0.342802	0.0188956	3.71739e-06	8.292e-07	3.70328e-06	
88	0.084091	0.0807356	0.00335544	0	0.375558	0.360573	0.0149857	0	0	0	
89	0.0776502	0.076112	0.00153407	4.12486e-06	0.346793	0.339923	0.00685131	1.8422e-05	4.14623e-06	1.85174e-05	
90	0.110638	0.0977195	0.0129086	9.99302e-06	0.49412	0.436425	0.057651	4.46298e-05	1.34255e-05	5.99599e-05	
91	0.104438	0.101253	0.00318407	1.21477e-06	0.466432	0.452207	0.0142203	5.42529e-06	2.01607e-06	9.00396e-06	
92	0.0846265	0.0829463	0.00167997	3.04235e-07	0.37795	0.370446	0.00750293	1.35874e-06	3.33345e-07	1.48875e-06	
93	0.095167	0.0892869	0.00586942	1.07018e-05	0.425025	0.398764	0.0262134	4.77954e-05	2.70584e-05	0.000120845	
94	0.0896863	0.0848346	0.00485173	0	0.400548	0.378879	0.0216683	0	0	0	
95	0.153471	0.130069	0.0234005	1.74478e-06	0.685419	0.580902	0.104509	7.79239e-06	2.0558e-06	9.18143e-06	
96	0.195443	0.157862	0.0375199	6.03908e-05	0.872868	0.70503	0.167567	0.000269711	8.27826e-05	0.000369715	
97	0.114118	0.0936985	0.0203724	4.7761e-05	0.509665	0.418466	0.0909852	0.000213305	4.97174e-05	0.000222042	
98	0.106766	0.0886604	0.0181058	0	0.476828	0.395965	0.0808626	0	0	0	
99	0.111008	0.0994036	0.0116007	4.03769e-06	0.495774	0.443946	0.0518101	1.80327e-05	4.80815e-06	2.14736e-05	
100	0.0985761	0.0913891	0.00717928	7.73882e-06	0.44025	0.408152	0.0320633	3.45623e-05	1.15057e-05	5.1386e-05	
101	0.144961	0.143377	0.0015841	0	0.647413	0.640339	0.00707476	0	0	0	
102	0.151075	0.106576	0.044399	9.97998e-05	0.674718	0.475982	0.19829	0.000445715	0.000146267	0.000653246	
103	0.0756	0.072853	0.00274457	2.4829e-06	0.337637	0.325368	0.0122575	1.10888e-05	2.5126e-06	1.12215e-05	
104	0.109387	0.0827709	0.0266068	1.02262e-05	0.488537	0.369662	0.118828	4.56715e-05	1.32106e-05	5.90001e-05	
105	0.0918274	0.0856696	0.00607109	8.68057e-05	0.41011	0.382608	0.027114	0.000387682	8.67771e-05	0.000387555	
106	0.137527	0.110821	0.0266718	3.39782e-05	0.614208	0.494938	0.119118	0.00015175	4.42049e-05	0.000197423	
107	0.208047	0.145756	0.0621199	0.00017188	0.929161	0.65096	0.277433	0.000767634	0.000230492	0.0010294	
108	0.101715	0.096295	0.00540109	1.90734e-05	0.45427	0.430063	0.0241218	8.51836e-05	2.23204e-05	9.9685e-05	
109	0.133343	0.107409	0.0258714	6.17459e-05	0.595523	0.479703	0.115544	0.000275763	7.88091e-05	0.000351969	
110	0.115064	0.107928	0.00713577	5.66214e-08	0.513887	0.482018	0.031869	2.52877e-07	4.06946e-07	1.81746e-06	
111	0.103973	0.0956175	0.00835226	3.38154e-06	0.464354	0.427037	0.037302	1.51023e-05	3.81502e-06	1.70382e-05	
112	0.100875	0.0942011	0.00666327	1.09388e-05	0.450518	0.420711	0.0297588	4.88539e-05	1.21837e-05	5.44135e-05	
113	0.0927221	0.0911885	0.00153304	6.32016e-07	0.414106	0.407256	0.0068467	2.82264e-06	6.37969e-07	2.84923e-06	
114	0.16002	0.123361	0.0357991	0.000859708	0.714666	0.550944	0.159882	0.00383953	0.000992207	0.00443129	
115	0.112444	0.106132	0.00630545	5.86934e-06	0.502186	0.473999	0.0281607	2.6213e-05	6.81109e-06	3.0419e-05	
116	0.120177	0.113631	0.0065449	1.55737e-06	0.536726	0.507489	0.0292301	6.95537e-06	1.97834e-06	8.83549e-06	
117	0.1094	0.0962375	0.013158	5.31579e-06	0.488595	0.429806	0.0587651	2.37408e-05	5.85587e-06	2.61529e-05	
118	0.102683	0.100959	0.00172311	6.31854e-07	0.458593	0.450895	0.00769557	2.82192e-06	6.08426e-07	2.71729e-06	
119	0.117874	0.112832	0.0050413	0	0.526437	0.503922	0.0225149	0	0	0	
120	0.108429	0.0955142	0.0128272	8.82929e-05	0.484257	0.426576	0.0572875	0.000394324	0.000105469	0.000471038	
121	0.0889356	0.0837787	0.0051554	1.53391e-06	0.397195	0.374163	0.0230245	6.85063e-06	1.78624e-06	7.97754e-06	
122	0.181457	0.156631	0.0247045	0.000121597	0.810405	0.69953	0.110332	0.000543066	0.000153951	0.00068756	
123	0.109038	0.106266	0.00277194	5.34539e-07	0.486977	0.474595	0.0123797	2.3873e-06	1.22802e-06	5.48449e-06	
124	0.152564	0.0957049	0.0548977	0.00196198	0.681368	0.427427	0.245178	0.0087624	0.00326946	0.0146017	
125	0.108797	0.102699	0.0060975	0	0.485899	0.458667	0.027232	0	0	0	
126	0.139546	0.103644	0.03519	0.00071165	0.623226	0.462886	0.157162	0.00317829	0.00136547	0.00609835	
127	0.211338	0.190311	0.0208639	0.000163456	0.943859	0.849949	0.0931803	0.000730012	0.000198743	0.000887606	
128	0.135798	0.119836	0.0159578	4.60798e-06	0.60649	0.5352	0.0712695	2.05797e-05	7.60634e-06	3.39706e-05	
129	0.123038	0.117251	0.00578585	1.01004e-06	0.5495	0.523656	0.0258401	4.51095e-06	2.30847e-06	1.03098e-05	
130	0.0966124	0.0955897	0.00102211	6.02677e-07	0.43148	0.426912	0.00456486	2.69161e-06	6.32181e-07	2.82338e-06	
131	0.13056	0.123786	0.00675253	2.22107e-05	0.583097	0.55284	0.0301574	9.91954e-05	2.29936e-05	0.000102691	
132	0.118254	0.0845813	0.0336735	0	0.528137	0.377748	0.150389	0	0	0	
133	0.131911	0.11006	0.0217439	0.000107448	0.589129	0.491539	0.0971103	0.000479873	0.0001477	0.000659645	
134	0.0957958	0.0949902	0.000805636	0	0.427833	0.424235	0.00359805	0	0	0	
135	0.0705744	0.0700769	0.000497581	0	0.315192	0.31297	0.00222224	0	0	0	
136	0.105558	0.102809	0.00274892	0	0.471433	0.459156	0.0122769	0	0	0	
137	0.11375	0.101425	0.0122164	0.00010916	0.508022	0.452975	0.0545598	0.000487523	0.000159308	0.000711487	
138	0.111394	0.103639	0.00774367	1.14539e-05	0.4975	0.462865	0.034584	5.11542e-05	1.49545e-05	6.67883e-05	
139	0.111217	0.105489	0.00572043	7.84821e-06	0.496708	0.471125	0.025548	3.50508e-05	1.34808e-05	6.02067e-05	
140	0.137566	0.120236	0.017311	1.91873e-05	0.614387	0.536989	0.0773127	8.56924e-05	3.7752e-05	0.000168604	
141	0.0978962	0.0923961	0.00549556	4.51734e-06	0.437213	0.41265	0.0245437	2.01749e-05	9.27031e-06	4.14021e-05	
142	0.0851622	0.0828678	0.00229436	0	0.380342	0.370095	0.0102468	0	0	0	
143	0.15429	0.153754	0.000535772	0	0.689075	0.686683	0.00239281	0	0	0	
144	0.100254	0.0981011	0.00215029	2.98716e-06	0.447745	0.438129	0.00960343	1.33409e-05	3.09201e-06	1.38092e-05	
145	0.091466	0.086188	0.00527658	1.38367e-06	0.408495	0.384924	0.0235657	6.17961e-06	2.34568e-06	1.0476e-05	
146	0.0640808	0.0607835	0.0032938	3.47932e-06	0.286191	0.271465	0.0147104	1.5539e-05	3.89687e-06	1.74038e-05	
147	0.0766808	0.0722233	0.00442846	2.90384e-05	0.342464	0.322556	0.0197779	0.000129688	2.90207e-05	0.000129609	
148	0.112702	0.10712	0.00558135	8.22382e-07	0.503339	0.478408	0.0249268	3.67283e-06	2.05989e-06	9.19969e-06	
149	0.116699	0.0992749	0.0173327	9.15566e-05	0.521189	0.443371	0.0774095	0.0004089	0.000131558	0.000587553	
150	0.0936498	0.0820793	0.0114765	9.39379e-05	0.418249	0.366574	0.0512553	0.000419536	9.59925e-05	0.000428711	
151	0.133361	0.123661	0.00967007	2.98511e-05	0.595604	0.552284	0.0431874	0.000133318	3.38109e-05	0.000151003	
152	0.0937947	0.084236	0.00955273	5.92964e-06	0.418896	0.376206	0.0426634	2.64823e-05	9.30592e-06	4.15611e-05	
153	0.138707	0.134778	0.00392899	0	0.619482	0.601934	0.0175472	0	0	0	
154	0.101786	0.097114	0.00467155	5.73362e-07	0.454586	0.43372	0.0208636	2.56069e-06	1.50938e-06	6.74107e-06	
155	0.104878	0.0912922	0.0135718	1.4077e-05	0.468395	0.407719	0.0606132	6.28694e-05	2.5505e-05	0.000113908	
156	0.105034	0.094185	0.0108492	0	0.469093	0.420639	0.0484539	0	0	0	
157	0.088292	0.0878284	0.000463637	0	0.39432	0.39225	0.00207065	0	0	0	
158	0.111954	0.102897	0.00903111	2.59714e-05	0.499998	0.459549	0.0403338	0.000115991	4.03456e-05	0.000180187	
159	0.101176	0.098694	0.00248176	8.61854e-07	0.451864	0.440777	0.0110837	3.84912e-06	1.08421e-06	4.84219e-06	
160	0.172931	0.154923	0.0180078	0	0.77233	0.691905	0.0804249	0	0	0	
161	0.221068	0.17299	0.0479917	8.6949e-05	0.987314	0.77259	0.214335	0.000388322	0.000134545	0.000600892	
162	0.12241	0.0937658	0.0286237	2.04435e-05	0.546694	0.418767	0.127836	9.13029e-05	2.26224e-05	0.000101033	
163	0.0914161	0.0781589	0.0132217	3.55333e-05	0.408273	0.349065	0.0590493	0.000158695	4.2613e-05	0.000190313	
164	0.125391	0.0893073	0.0360344	4.97844e-05	0.56001	0.398855	0.160933	0.000222342	0.000193057	0.000862215	
165	0.155893	0.114689	0.040941	0.000262959	0.696234	0.512213	0.182846	0.0011744	0.000355307	0.00158683	
166	0.101934	0.0969813	0.0049531	0	0.455248	0.433127	0.022121	0	0	0	
167	0.104885	0.096679	0.00820136	5.0895e-06	0.468428	0.431778	0.036628	2.27302e-05	8.51316e-06	3.80206e-05	
168	0.110053	0.0976203	0.0124213	1.19648e-05	0.491509	0.435981	0.0554748	5.3436e-05	1.5664e-05	6.99573e-05	
169	0.0976129	0.0943575	0.00324184	1.365e-05	0.435949	0.421409	0.0144784	6.09623e-05	1.36486e-05	6.09562e-05	
170	0.146792	0.108197	0.0378979	0.00069659	0.655587	0.483221	0.169255	0.00311104	0.0007826	0.00349516	
171	0.219777	0.194514	0.0252611	1.80746e-06	0.981547	0.86872	0.112818	8.07232e-06	2.81817e-06	1.25862e-05	
172	0.13366	0.121623	0.0120316	5.99038e-06	0.596942	0.543181	0.0537344	2.67536e-05	6.70155e-06	2.99298e-05	
173	0.172016	0.13512	0.0364651	0.000431658	0.768244	0.603459	0.162857	0.00192782	0.000532852	0.00237977	
174	0.120417	0.112784	0.00763231	1.1636e-06	0.537798	0.503706	0.0340866	5.19677e-06	1.20121e-06	5.36475e-06	
175	0.103774	0.0958661	0.00790361	4.33856e-06	0.463465	0.428147	0.0352983	1.93764e-05	5.38406e-06	2.40457e-05	
176	0.108807	0.0944592	0.0142106	0.000137812	0.485945	0.421864	0.0634662	0.000615482	0.000166837	0.000745111	
177	0.177215	0.141234	0.0355453	0.000436323	0.791463	0.630765	0.158749	0.00194866	0.000534096	0.00238532	
178	0.142675	0.106009	0.0365549	0.00011105	0.6372	0.473446	0.163258	0.000495963	0.000167407	0.00074766	
179	0.195591	0.139877	0.0555482	0.000166099	0.873532	0.624706	0.248084	0.000741816	0.000318251	0.00142134	
180	0.115072	0.101038	0.0138373	0.000197058	0.513926	0.451247	0.0617991	0.000880082	0.000217952	0.000973396	
181	0.131976	0.124846	0.00712047	8.59539e-06	0.589417	0.557578	0.0318007	3.83878e-05	1.05862e-05	4.72794e-05	
182	0.101289	0.099038	0.00225155	0	0.452368	0.442313	0.0100556	0	0	0	
183	0.116586	0.111094	0.00549151	0	0.520684	0.496158	0.0245256	0	0	0	
184	0.0931891	0.087687	0.00549964	2.49863e-06	0.416191	0.391618	0.0245619	1.11591e-05	3.016e-06	1.34697e-05	
185	0.0942327	0.0822623	0.0119692	1.16713e-06	0.420852	0.367391	0.0534558	5.21251e-06	5.90506e-06	2.63725e-05	
186	0.135509	0.113368	0.0221398	4.18466e-07	0.605197	0.506316	0.0988788	1.86891e-06	1.37225e-06	6.12862e-06	
187	0.0894483	0.0879365	0.0015118	0	0.399484	0.392732	0.00675187	0	0	0	
188	0.0849521	0.0803677	0.00457925	5.26628e-06	0.379404	0.358929	0.0204513	2.35197e-05	5.89847e-06	2.63431e-05	
189	0.110624	0.1019	0.00872423	0	0.494061	0.455098	0.0389632	0	0	0	
190	0.0623614	0.0591501	0.00321128	0	0.278512	0.26417	0.0143419	0	0	0	
191	0.331649	0.212524	0.116694	0.0024312	1.48117	0.949155	0.521166	0.010858	0.00256757	0.011467	
192	0.0727106	0.0727106	0	0	0.324732	0.324732	0	0	0	0	
193	0.117956	0.117956	0	0	0.526805	0.526805	0	0	0	0	
194	0.150181	0.120611	0.0295135	5.59284e-05	0.670724	0.538664	0.13181	0.000249781	5.69669e-05	0.000254419	
195	0.0895476	0.0882803	0.00126705	3.20219e-07	0.399928	0.394268	0.00565879	1.43013e-06	7.29364e-07	3.25741e-06	
196	0.0890543	0.0890543	0	0	0.397725	0.397725	0	0	0	0	
197	0.0600257	0.0558112	0.00421449	0	0.26808	0.249258	0.0188223	0	0	0	
198	0.149793	0.113866	0.0355914	0.000335842	0.668992	0.508538	0.158954	0.0014999	0.000512558	0.00228913	
199	0.139481	0.113903	0.0255739	3.5756e-06	0.622936	0.508704	0.114215	1.59689e-05	9.67732e-06	4.32198e-05	
200	0.109442	0.0868817	0.0225588	2.12588e-06	0.488781	0.388022	0.100749	9.49441e-06	2.79351e-06	1.24761e-05	
201	0.148513	0.100204	0.0478539	0.000455216	0.663274	0.447521	0.21372	0.00203304	0.000690113	0.00308211	
202	0.105454	0.105454	0	0	0.470968	0.470968	0	0	0	0	
203	0.0976713	0.0941279	0.00354339	0	0.436209	0.420384	0.0158251	0	0	0	
204	0.166029	0.133253	0.0326629	0.000112698	0.741501	0.595122	0.145875	0.000503322	0.000173153	0.000773319	
205	0.109943	0.0894954	0.0203544	9.37231e-05	0.491018	0.399695	0.0909049	0.000418576	0.000109108	0.000487287	
206	0.186924	0.14872	0.0381038	0.000100164	0.834821	0.664198	0.170175	0.000447346	0.00011226	0.000501364	
207	0.052527	0.0516907	0.000836304	0	0.23459	0.230855	0.00373501	0	0	0	
208	0.102983	0.0978687	0.00511039	4.80274e-06	0.459935	0.437091	0.0228235	2.14495e-05	4.83967e-06	2.16144e-05	
209	0.141667	0.0947973	0.04687	0	0.6327	0.423374	0.209326	0	0	0	
210	0.114087	0.11318	0.000907041	0	0.509525	0.505474	0.00405093	0	0	0	
211	0.159027	0.103047	0.0559806	0	0.710234	0.460219	0.250014	0	0	0	
212	0.116327	0.115824	0.000501723	3.52738e-07	0.519527	0.517285	0.00224074	1.57536e-06	3.21775e-07	1.43707e-06	
213	0.232962	0.163872	0.0687194	0.000370566	1.04043	0.731869	0.306907	0.00165498	0.00164841	0.00736196	
214	0.118463	0.11527	0.00318851	3.87883e-06	0.529068	0.514811	0.0142401	1.73232e-05	1.3268e-05	5.92565e-05	
215	0.183809	0.160834	0.022944	3.03953e-05	0.820909	0.718303	0.10247	0.000135748	3.58127e-05	0.000159942	
216	0.0956744	0.0844052	0.0112691	0	0.427291	0.376961	0.0503291	0	0	0	
217	0.195181	0.140212	0.0542484	0.000719697	0.871697	0.626204	0.242278	0.00321423	0.000901322	0.00402539	
218	0.0970313	0.0966946	0.000336684	0	0.433351	0.431847	0.00150366	0	0	0	
219	0.13287	0.132416	0.000454215	0	0.593411	0.591382	0.00202857	0	0	0	
220	0.095342	0.0834141	0.0119269	9.76292e-07	0.425806	0.372535	0.0532668	4.36021e-06	2.28026e-06	1.01838e-05	
221	0.110453	0.0933994	0.0170278	2.63056e-05	0.493296	0.41713	0.076048	0.000117483	3.44618e-05	0.00015391	
222	0.0512849	0.0500301	0.00125484	0	0.229043	0.223439	0.00560426	0	0	0	
223	0.0966766	0.0962991	0.000377506	0	0.431767	0.430081	0.00168598	0	0	0	
224	0.159291	0.144527	0.0147634	6.39384e-07	0.711412	0.645474	0.065935	2.85555e-06	9.87202e-07	4.40894e-06	
225	0.0805044	0.0779108	0.00259358	0	0.35954	0.347957	0.0115832	0	0	0	
226	0.23229	0.223909	0.00836412	1.70187e-05	1.03743	1	0.0373549	7.60075e-05	1.7251e-05	7.70447e-05	
227	0.0839977	0.0818421	0.00215335	2.28659e-06	0.375142	0.365514	0.0096171	1.02121e-05	3.57126e-06	1.59496e-05	
228	0.0936002	0.0789358	0.0146644	0	0.418027	0.352534	0.065493	0	0	0	
229	0.128311	0.123244	0.0050668	0	0.573049	0.55042	0.0226288	0	0	0	
230	0.108052	0.106022	0.00203021	5.70497e-08	0.482571	0.473504	0.00906711	2.54789e-07	6.49797e-08	2.90205e-07	
231	0.09188	0.0915355	0.000344426	0	0.410345	0.408806	0.00153824	0	0	0	
232	0.0858021	0.0746816	0.0111205	0	0.3832	0.333535	0.0496653	0	0	0	
233	0.0793821	0.0777104	0.00166715	4.60008e-06	0.354528	0.347062	0.00744567	2.05444e-05	4.66738e-06	2.08449e-05	
234	0.103743	0.103743	0	0	0.463329	0.463329	0	0	0	0	
235	0.135517	0.135517	0	0	0.605233	0.605233	0	0	0	0	
236	0.0695268	0.0658144	0.00369888	1.35346e-05	0.310513	0.293933	0.0165195	6.0447e-05	1.59085e-05	7.10492e-05	
237	0.0489804	0.0471158	0.00186459	0	0.218751	0.210423	0.00832745	0	0	0	
238	0.0890245	0.0890245	0	0	0.397592	0.397592	0	0	0	0	
239	0.15181	0.121331	0.0302386	0.000240376	0.678001	0.541879	0.135048	0.00107354	0.000240358	0.00107346	
240	0.0923618	0.090196	0.00216587	0	0.412497	0.402824	0.009673	0	0	0	
241	0.148979	0.117972	0.0309403	6.66928e-05	0.665355	0.526874	0.138182	0.000297856	7.095e-05	0.000316869	
242	0.0852382	0.0851252	0.000112956	0	0.380682	0.380177	0.000504474	0	0	0	
243	0.0856881	0.0856881	0	0	0.382691	0.382691	0	0	0	0	
244	0.0884226	0.0883809	4.17385e-05	0	0.394904	0.394717	0.000186408	0	0	0	
245	0.123494	0.0947534	0.0282076	0.000533858	0.55154	0.423178	0.125977	0.00238426	0.000561796	0.00250903	
246	0.104845	0.0891818	0.0156633	0	0.468248	0.398294	0.0699538	0	0	0	
247	0.111157	0.10676	0.00437579	2.12684e-05	0.496438	0.476801	0.0195427	9.49871e-05	2.26082e-05	0.00010097	
248	0.0832659	0.0832659	0	0	0.371873	0.371873	0	0	0	0	
249	0.0741531	0.0697329	0.00442027	0	0.331175	0.311433	0.0197413	0	0	0	
250	0.0684308	0.0663901	0.00203325	7.4598e-06	0.305618	0.296504	0.00908072	3.33161e-05	7.42889e-06	3.31781e-05	
251	0.125876	0.108847	0.0169491	8.02792e-05	0.562178	0.486123	0.0756967	0.000358535	8.02483e-05	0.000358396	
252	0.077929	0.0690076	0.00885471	6.6719e-05	0.348038	0.308194	0.039546	0.000297973	6.75359e-05	0.000301622	
253	0.0977916	0.0974345	0.000357066	0	0.436746	0.435152	0.00159469	0	0	0	
254	0.0775826	0.077366	0.000216543	0	0.346491	0.345524	0.000967103	0	0	0	
255	0.0864296	0.0863883	4.12653e-05	0	0.386003	0.385818	0.000184295	0	0	0	
256	0.0997846	0.0963407	0.0034403	3.68969e-06	0.445648	0.430266	0.0153647	1.64785e-05	3.78691e-06	1.69127e-05	
257	0.0888619	0.0884534	0.000408445	0	0.396865	0.395041	0.00182415	0	0	0	
258	0.100413	0.0958195	0.00458151	1.27233e-05	0.448457	0.427939	0.0204614	5.68236e-05	1.42245e-05	6.35281e-05	
259	0.0509737	0.0450923	0.00580616	7.52429e-05	0.227653	0.201386	0.0259308	0.000336042	7.92473e-05	0.000353926	
260	0.0446852	0.0415824	0.00310276	0	0.199568	0.185711	0.0138572	0	0	0	
261	0.11011	0.109438	0.000672119	0	0.491764	0.488762	0.00300175	0	0	0	
262	0.11566	0.110669	0.00499121	0	0.51655	0.494259	0.0222912	0	0	0	
263	0.0581308	0.0435904	0.014439	0.000101455	0.259618	0.194678	0.0644861	0.00045311	0.000116896	0.000522072	
264	0.191012	0.139418	0.0512478	0.000345765	0.853079	0.622657	0.228877	0.00154422	0.00111696	0.00498848	
265	0.0479025	0.0431889	0.00471201	1.58344e-06	0.213937	0.192885	0.0210443	7.07183e-06	5.58948e-06	2.49631e-05	
266	0.0851164	0.083094	0.00202214	3.27116e-07	0.380138	0.371105	0.00903108	1.46093e-06	2.96206e-07	1.32288e-06	
267	0.0484805	0.0453778	0.00310276	0	0.216518	0.202661	0.0138572	0	0	0	
268	0.0850482	0.0848482	0.000200017	0	0.379833	0.37894	0.000893298	0	0	0	
269	0.205454	0.203998	0.00145619	4.03791e-07	0.917581	0.911075	0.00650351	1.80337e-06	5.39931e-07	2.41138e-06	
270	0.107129	0.106911	0.00021846	3.48533e-08	0.47845	0.477474	0.000975664	1.55658e-07	3.89e-09	1.73731e-08	
271	0.084247	0.084247	0	0	0.376255	0.376255	0	0	0	0	
272	0.10517	0.103215	0.00195472	0	0.469699	0.460969	0.00873	0	0	0	
273	0.105155	0.0912318	0.0138751	4.81508e-05	0.469632	0.40745	0.0619678	0.000215046	5.84838e-05	0.000261194	
274	0.101551	0.0938601	0.00769126	6.04382e-08	0.453538	0.419188	0.0343499	2.69922e-07	1.88818e-07	8.43282e-07	
275	0.119838	0.110696	0.00904587	9.62125e-05	0.535209	0.49438	0.0403997	0.000429694	0.000101597	0.000453742	
276	0.0907698	0.0893644	0.00140537	0	0.405386	0.39911	0.00627652	0	0	0	
277	0.105929	0.10355	0.00236986	9.71967e-06	0.473093	0.462465	0.010584	4.3409e-05	1.06007e-05	4.73437e-05	
278	0.177608	0.147261	0.0302681	7.87836e-05	0.793218	0.657686	0.13518	0.000351855	0.00015158	0.000676974	
279	0.0778349	0.0766599	0.00117497	0	0.347618	0.34237	0.00524756	0	0	0	
280	0.139865	0.120778	0.0190845	2.83516e-06	0.624655	0.539409	0.0852333	1.26621e-05	1.75229e-05	7.82589e-05	
281	0.114647	0.0946478	0.0199102	8.92214e-05	0.512025	0.422706	0.088921	0.000398471	0.000100096	0.000447042	
282	0.0851404	0.0808283	0.00431213	0	0.380245	0.360986	0.0192584	0	0	0	
283	0.100738	0.090683	0.0100353	2.01712e-05	0.449907	0.404999	0.0448186	9.00866e-05	3.06886e-05	0.000137058	
284	0.138998	0.110066	0.0288691	6.34995e-05	0.620782	0.491567	0.128932	0.000283594	7.90928e-05	0.000353236	
285	0.100996	0.0867979	0.0141985	0	0.451059	0.387648	0.0634119	0	0	0	
286	0.119882	0.0816686	0.0381479	6.62741e-05	0.535408	0.36474	0.170372	0.000295986	0.000172347	0.000769719	
287	0.0773064	0.0650577	0.0122486	0	0.345257	0.290554	0.0547036	0	0	0	
288	0.216562	0.13979	0.0749702	0.00180178	0.967188	0.624317	0.334824	0.00804693	0.00232527	0.0103849	
289	0.0672567	0.065302	0.00195472	0	0.300375	0.291645	0.00873	0	0	0	
290	0.0695053	0.0686434	0.000861898	0	0.310417	0.306568	0.00384932	0	0	0	
291	0.208516	0.136481	0.0708032	0.00123175	0.931252	0.609537	0.316213	0.00550114	0.00144659	0.00646062	
292	0.133938	0.116079	0.0177868	7.19813e-05	0.598182	0.518423	0.0794378	0.000321475	7.86712e-05	0.000351353	
293	0.0644057	0.0473305	0.0170751	0	0.287642	0.211382	0.0762593	0	0	0	
294	0.0640669	0.0606879	0.0033681	1.09024e-05	0.286129	0.271038	0.0150422	4.86913e-05	2.03746e-05	9.09951e-05	
295	0.178196	0.151395	0.026724	7.69994e-05	0.795843	0.676147	0.119352	0.000343887	0.000171347	0.000765255	
296	0.117706	0.117706	0	0	0.525688	0.525688	0	0	0	0	
297	0.172356	0.145848	0.0264863	2.13255e-05	0.76976	0.651374	0.11829	9.52418e-05	3.58468e-05	0.000160095	
298	0.103079	0.090381	0.0126238	7.43611e-05	0.460361	0.40365	0.0563795	0.000332104	8.24055e-05	0.000368031	
299	0.0957688	0.0790194	0.0163078	0.000441687	0.427713	0.352908	0.0728322	0.00197261	0.000441655	0.00197247	
300	0.077223	0.0763611	0.000861898	0	0.344885	0.341036	0.00384932	0	0	0	
301	0.063408	0.0619265	0.00148144	0	0.283186	0.27657	0.00661625	0	0	0	
302	0.0723432	0.0690014	0.00334128	5.57315e-07	0.323092	0.308167	0.0149225	2.48902e-06	9.03421e-07	4.03476e-06	
303	0.123866	0.105282	0.0184805	0.000103095	0.553198	0.470201	0.0825359	0.000460435	0.000119829	0.000535172	
304	0.0949714	0.0949714	0	0	0.424151	0.424151	0	0	0	0	
305	0.0511789	0.0410664	0.010035	7.74986e-05	0.22857	0.183406	0.0448177	0.000346116	8.06626e-05	0.000360247	
306	0.0587691	0.0526696	0.00609953	0	0.262468	0.235227	0.0272411	0	0	0	
307	0.0881675	0.0868683	0.00129916	0	0.393764	0.387962	0.0058022	0	0	0	
308	0.0896942	0.0751504	0.0145275	1.62695e-05	0.400583	0.335629	0.0648814	7.26614e-05	2.74812e-05	0.000122734	
309	0.12442	0.110216	0.0140524	0.000151718	0.555672	0.492235	0.0627594	0.000677587	0.000156688	0.000699787	
310	0.145118	0.142626	0.00248626	5.82139e-06	0.648114	0.636985	0.0111039	2.59988e-05	6.28473e-06	2.80682e-05	
311	0.0813973	0.0735773	0.00777588	4.41286e-05	0.363528	0.328603	0.0347278	0.000197082	5.25163e-05	0.000234542	
312	0.141696	0.095366	0.0458374	0.00049317	0.63283	0.425913	0.204714	0.00220254	0.000613656	0.00274064	
313	0.103237	0.0929673	0.0102211	4.86003e-05	0.461066	0.415201	0.0456484	0.000217053	4.96332e-05	0.000221667	
314	0.0785379	0.0768955	0.00164232	0	0.350757	0.343423	0.00733477	0	0	0	
315	0.109726	0.0945072	0.0151254	9.41535e-05	0.49005	0.422078	0.0675518	0.000420498	9.97906e-05	0.000445674	
316	0.0753881	0.0702555	0.00513265	0	0.33669	0.313767	0.0229229	0	0	0	
317	0.123454	0.0763868	0.0466916	0.000375798	0.551358	0.341151	0.208529	0.00167835	0.000879728	0.00392895	
318	0.177049	0.121674	0.0553721	2.85661e-06	0.790718	0.543408	0.247297	1.27579e-05	2.82635e-06	1.26227e-05	
319	0.246694	0.142878	0.100234	0.00358201	1.10176	0.638109	0.447654	0.0159976	0.00471199	0.0210442	
320	0.0890628	0.0757204	0.0133124	3.00201e-05	0.397763	0.338174	0.0594548	0.000134072	4.27098e-05	0.000190746	
321	0.149992	0.0983272	0.0502276	0.00143798	0.669882	0.439138	0.224321	0.00642217	0.00156281	0.00697969	
322	0.144305	0.0784191	0.0648874	0.000998636	0.64448	0.350227	0.289793	0.00446	0.00117123	0.00523085	
323	0.0975333	0.0944037	0.00312964	0	0.435593	0.421616	0.0139772	0	0	0	
324	0.126259	0.124602	0.00165624	0	0.563885	0.556488	0.00739694	0	0	0	
325	0.0901802	0.0898009	0.000379296	0	0.402753	0.401059	0.00169397	0	0	0	
326	0.0712964	0.070736	0.000560385	0	0.318416	0.315913	0.00250273	0	0	0	
327	0.0790079	0.0747852	0.00422054	2.23763e-06	0.352857	0.333998	0.0188493	9.99347e-06	5.7374e-06	2.56238e-05	
328	0.0904677	0.0902881	0.00017959	0	0.404037	0.403235	0.000802068	0	0	0	
329	0.0957828	0.0910452	0.0047363	1.35807e-06	0.427775	0.406616	0.0211527	6.0653e-06	2.77419e-06	1.23898e-05	
330	0.145389	0.087868	0.0555477	0.00197343	0.649322	0.392427	0.248081	0.00881357	0.00259095	0.0115714	
331	0.126191	0.116313	0.00984598	3.23832e-05	0.563585	0.519467	0.0439731	0.000144626	3.52297e-05	0.000157339	
332	0.110275	0.0959146	0.0142821	7.8228e-05	0.492498	0.428364	0.0637856	0.000349374	0.000105389	0.000470677	
333	0.123739	0.0979839	0.0257502	4.92221e-06	0.55263	0.437605	0.115003	2.1983e-05	5.37123e-06	2.39884e-05	
334	0.142932	0.0880095	0.0544144	0.000508566	0.63835	0.393059	0.24302	0.0022713	0.000741689	0.00331245	
335	0.0830773	0.0800716	0.00300573	0	0.371031	0.357607	0.0134239	0	0	0	
336	0.107539	0.0890101	0.0184566	7.2408e-05	0.48028	0.397527	0.082429	0.000323381	0.000177224	0.0007915	
337	0.119373	0.111287	0.008074	1.15958e-05	0.533133	0.497022	0.0360592	5.1788e-05	1.56231e-05	6.97747e-05	
338	0.113503	0.101193	0.0122418	6.78414e-05	0.506915	0.451939	0.0546731	0.000302986	8.16364e-05	0.000364596	
339	0.0850846	0.0766703	0.00837141	4.28447e-05	0.379996	0.342417	0.0373875	0.000191348	4.7798e-05	0.00021347	
340	0.102296	0.0831708	0.019046	7.99814e-05	0.456867	0.371449	0.0850614	0.000357204	0.000106195	0.000474278	
341	0.105063	0.103829	0.00123338	0	0.469222	0.463714	0.0055084	0	0	0	
342	0.112315	0.0750359	0.0371033	0.000176638	0.501613	0.335117	0.165707	0.000788886	0.000267153	0.00119313	
343	0.149224	0.0878259	0.0590262	0.00237273	0.666452	0.392238	0.263616	0.0105968	0.00468315	0.0209154	
344	0.0834913	0.0821039	0.00138735	0	0.37288	0.366684	0.00619607	0	0	0	
345	0.121035	0.0946534	0.0262288	0.000152874	0.540554	0.422731	0.11714	0.000682753	0.000204785	0.000914592	
346	0.14147	0.0978245	0.0430815	0.000563906	0.631818	0.436893	0.192406	0.00251846	0.000784284	0.00350269	
347	0.0970889	0.0751548	0.0216965	0.000237653	0.433608	0.335648	0.0968986	0.00106138	0.000270151	0.00120652	
348	0.0973978	0.0833632	0.0140345	0	0.434987	0.372308	0.0626797	0	0	0	
349	0.0803276	0.0718899	0.00837928	5.84556e-05	0.35875	0.321067	0.0374226	0.000261068	7.7587e-05	0.000346511	
350	0.144403	0.0757603	0.0675672	0.0010762	0.644921	0.338353	0.301761	0.00480641	0.0018713	0.00835744	
351	0.158741	0.093294	0.065193	0.000254886	0.708956	0.41666	0.291158	0.00113834	0.000487919	0.00217909	
352	0.137907	0.0813876	0.0559267	0.000592643	0.615906	0.363485	0.249774	0.0026468	0.000761832	0.00340241	
353	0.0870334	0.077624	0.00938873	2.0721e-05	0.388699	0.346676	0.0419309	9.2542e-05	2.08295e-05	9.30268e-05	
354	0.0895022	0.0788356	0.0105491	0.000117481	0.399725	0.352087	0.0471133	0.000524684	0.000125842	0.000562025	
355	0.0830736	0.0830736	0	0	0.371014	0.371014	0	0	0	0	
356	0.122787	0.108337	0.0143801	7.03015e-05	0.548381	0.483844	0.0642233	0.000313973	7.75232e-05	0.000346226	
357	0.219824	0.107534	0.105794	0.00649582	0.981757	0.480259	0.472487	0.0290109	0.00891695	0.0398239	
358	0.167058	0.097391	0.0675424	0.00212469	0.746097	0.434957	0.30165	0.00948907	0.00288202	0.0128714	
359	0.105993	0.0778186	0.0277319	0.000442912	0.473376	0.347545	0.123853	0.00197808	0.000500821	0.00223671	
360	0.100747	0.0961552	0.00459164	4.27352e-07	0.449947	0.429438	0.0205067	1.90859e-06	4.29378e-07	1.91764e-06	
361	0.0467635	0.0467635	0	0	0.20885	0.20885	0	0	0	0	
362	0.103051	0.086637	0.016334	8.00313e-05	0.460236	0.386929	0.0729494	0.000357427	9.20361e-05	0.000411042	
363	0.0488789	0.0488423	3.66555e-05	0	0.218298	0.218134	0.000163707	0	0	0	
364	0.129161	0.112833	0.0163134	1.44535e-05	0.576845	0.503923	0.0728575	6.4551e-05	1.57407e-05	7.02994e-05	
365	0.0843607	0.0788223	0.00552364	1.47168e-05	0.376763	0.352028	0.0246691	6.57268e-05	1.85206e-05	8.27151e-05	
366	0.106555	0.0909936	0.01555	1.16982e-05	0.475886	0.406386	0.0694478	5.22454e-05	3.26208e-05	0.000145687	
367	0.12421	0.104462	0.0196059	0.000142601	0.554737	0.466538	0.0875622	0.000636872	0.000205617	0.000918307	
368	0.0799935	0.0751689	0.00481971	4.94882e-06	0.357259	0.335711	0.0215253	2.21019e-05	4.91796e-06	2.1964e-05	
369	0.082595	0.0796687	0.00292639	3.08924e-08	0.368877	0.355808	0.0130695	1.37968e-07	3.00443e-08	1.3418e-07	
370	0.114247	0.0909108	0.0231006	0.000236271	0.510241	0.406016	0.103169	0.0010552	0.000301169	0.00134505	
371	0.106122	0.078693	0.0274079	2.10484e-05	0.473951	0.35145	0.122406	9.40043e-05	2.78988e-05	0.000124599	
372	0.100207	0.078417	0.0217022	8.83561e-05	0.447536	0.350217	0.0969243	0.000394607	0.00011123	0.000496767	
373	0.0852338	0.0785712	0.00665453	8.13407e-06	0.380662	0.350906	0.0297198	3.63275e-05	9.71923e-06	4.3407e-05	
374	0.203854	0.103101	0.0906936	0.0100593	0.910432	0.460459	0.405046	0.0449258	0.0184161	0.0822481	
375	0.152522	0.126114	0.026219	0.000189665	0.681181	0.563238	0.117096	0.000847062	0.000194338	0.000867933	
376	0.0991311	0.0980915	0.00103931	3.70223e-07	0.442729	0.438086	0.00464168	1.65345e-06	3.723e-07	1.66273e-06	
377	0.106502	0.0992658	0.0072255	1.15199e-05	0.475651	0.44333	0.0322697	5.14493e-05	2.52108e-05	0.000112593	
378	0.123233	0.102856	0.0202931	8.44266e-05	0.550373	0.459365	0.0906312	0.000377057	0.00013063	0.000583407	
379	0.0951456	0.076088	0.0189998	5.77279e-05	0.424929	0.339816	0.0848553	0.000257818	8.76685e-05	0.000391536	
380	0.107512	0.081733	0.0257505	2.89148e-05	0.48016	0.365027	0.115004	0.000129136	5.72305e-05	0.000255597	
381	0.101464	0.0791354	0.022203	0.000126098	0.45315	0.353426	0.0991609	0.000563166	0.000183097	0.000817729	
382	0.105478	0.103172	0.00230533	1.57839e-06	0.471079	0.460776	0.0102958	7.04924e-06	3.26356e-06	1.45754e-05	
383	0.0810307	0.0752841	0.00574665	0	0.361891	0.336226	0.0256651	0	0	0	
384	0.0916176	0.0896331	0.00198448	0	0.409173	0.40031	0.0088629	0	0	0	
385	0.132108	0.106425	0.0255546	0.000129081	0.590011	0.475305	0.114129	0.000576489	0.000381584	0.00170419	
386	0.0961512	0.0789412	0.0170435	0.000166475	0.42942	0.352559	0.0761181	0.000743496	0.00023332	0.00104203	
387	0.092494	0.083506	0.00892037	6.7665e-05	0.413087	0.372945	0.0398392	0.000302198	7.36074e-05	0.000328737	
388	0.0828143	0.0763197	0.00649453	0	0.369856	0.340851	0.0290052	0	0	0	
389	0.139892	0.110226	0.0296648	1.56168e-06	0.624775	0.492282	0.132486	6.97464e-06	1.59214e-06	7.11065e-06	
390	0.0826278	0.0737287	0.0088962	2.93175e-06	0.369023	0.329279	0.0397313	1.30934e-05	3.025e-06	1.35099e-05	
391	0.0955331	0.0904875	0.00504564	0	0.42666	0.404126	0.0225343	0	0	0	
392	0.100223	0.0494203	0.0503393	0.000463414	0.447605	0.220715	0.22482	0.00206965	0.000570652	0.00254858	
393	0.0860398	0.0802187	0.00582104	0	0.384262	0.358264	0.0259973	0	0	0	
394	0.0964549	0.0918512	0.00460363	3.50138e-08	0.430776	0.410216	0.0205602	1.56375e-07	5.8877e-09	2.6295e-08	
395	0.156278	0.137128	0.019134	1.56401e-05	0.697954	0.61243	0.0854545	6.98505e-05	1.58738e-05	7.08939e-05	
396	0.107939	0.0586562	0.0492835	0	0.482069	0.261964	0.220105	0	0	0	
397	0.131581	0.100485	0.0309009	0.000194424	0.587653	0.448779	0.138006	0.00086832	0.000690855	0.00308542	
398	0.0912839	0.0904176	0.000865322	9.49686e-07	0.407682	0.403813	0.00386461	4.24139e-06	9.20216e-07	4.10977e-06	
399	0.0785795	0.0778824	0.000697037	0	0.350943	0.34783	0.00311303	0	0	0	
400	0.146426	0.128005	0.0184113	9.96226e-06	0.653955	0.571684	0.0822268	4.44924e-05	2.75338e-05	0.000122968	
401	0.101717	0.0998124	0.00190459	0	0.454277	0.445771	0.00850611	0	0	0	
402	0.105393	0.0827244	0.022668	1.40265e-06	0.470699	0.369455	0.101237	6.26439e-06	1.59638e-06	7.12959e-06	
403	0.118711	0.0880976	0.0304114	0.000202366	0.530176	0.393452	0.13582	0.000903786	0.000296554	0.00132444	
404	0.106762	0.0979795	0.00877982	3.44108e-06	0.476812	0.437586	0.0392115	1.53682e-05	3.40986e-06	1.52287e-05	
405	0.106455	0.106338	0.00011784	0	0.475442	0.474916	0.000526288	0	0	0	
406	0.199654	0.175498	0.0241325	2.31242e-05	0.891674	0.783793	0.107778	0.000103275	3.40039e-05	0.000151864	
407	0.120966	0.0848154	0.0359764	0.000174288	0.540246	0.378793	0.160674	0.000778389	0.000201488	0.000899866	
408	0.129626	0.126663	0.00296299	0	0.578926	0.565693	0.013233	0	0	0	
409	0.0934205	0.0912767	0.00214387	0	0.417225	0.40765	0.00957472	0	0	0	
410	0.109592	0.0872643	0.0223016	2.69831e-05	0.489452	0.389731	0.0996013	0.000120509	2.84824e-05	0.000127205	
411	0.134924	0.116617	0.018301	5.78079e-06	0.602585	0.520825	0.0817341	2.58175e-05	5.74904e-06	2.56757e-05	
412	0.150914	0.121487	0.0294186	7.91464e-06	0.673997	0.542575	0.131386	3.53475e-05	1.10458e-05	4.93316e-05	
413	0.0934339	0.0910626	0.00237136	0	0.417285	0.406694	0.0105907	0	0	0	
414	0.145275	0.111969	0.0332495	5.61905e-05	0.648814	0.500068	0.148495	0.000250952	5.92789e-05	0.000264745	
415	0.0934415	0.0914865	0.00195497	0	0.417318	0.408587	0.00873112	0	0	0	
416	0.13377	0.105565	0.028205	0	0.597433	0.471466	0.125966	0	0	0	
417	0.104006	0.0952802	0.00872609	0	0.464502	0.42553	0.0389715	0	0	0	
418	0.0835548	0.076539	0.00701557	2.691e-07	0.373164	0.34183	0.0313322	1.20182e-06	5.95639e-07	2.66018e-06	
419	0.132185	0.101622	0.0305164	4.6922e-05	0.590355	0.453856	0.136289	0.000209558	9.77696e-05	0.000436648	
420	0.0833393	0.0833393	0	0	0.372201	0.372201	0	0	0	0	
421	0.09433	0.0857258	0.00860424	0	0.421287	0.382859	0.0384273	0	0	0	
422	0.112483	0.0806429	0.0311203	0.000720544	0.502363	0.360158	0.138986	0.00321802	0.000765711	0.00341974	
423	0.0655664	0.0557449	0.00979845	2.31294e-05	0.292826	0.248962	0.0437608	0.000103298	2.57508e-05	0.000115005	
424	0.110476	0.110083	0.000392488	0	0.493396	0.491644	0.00175289	0	0	0	
425	0.0752318	0.0692697	0.00593143	3.07549e-05	0.335992	0.309365	0.0264903	0.000137354	3.17626e-05	0.000141855	
426	0.113477	0.108592	0.00486661	1.82926e-05	0.506799	0.484983	0.0217347	8.16965e-05	1.83041e-05	8.17478e-05	
427	0.092994	0.0901061	0.00287848	9.44102e-06	0.41532	0.402422	0.0128555	4.21645e-05	9.7375e-06	4.34886e-05	
428	0.0985204	0.0936667	0.00483166	2.21185e-05	0.440002	0.418324	0.0215786	9.87837e-05	2.3819e-05	0.000106378	
429	0.119574	0.0878662	0.0317078	0	0.534029	0.392418	0.14161	0	0	0	
430	0.22569	0.211517	0.014169	3.88947e-06	1.00795	0.944658	0.0632801	1.73707e-05	3.87243e-06	1.72946e-05	
431	0.173176	0.165667	0.00750959	0	0.773425	0.739886	0.0335385	0	0	0	
432	0.136195	0.111729	0.0244449	2.16912e-05	0.608263	0.498992	0.109173	9.68751e-05	2.38804e-05	0.000106652	
433	0.106182	0.0981784	0.0079861	1.8343e-05	0.474222	0.438474	0.0356667	8.19219e-05	2.69874e-05	0.000120528	
434	0.0874722	0.0802667	0.00720211	3.45148e-06	0.390659	0.358478	0.0321653	1.54146e-05	1.02613e-05	4.58281e-05	
435	0.215475	0.151499	0.0639179	5.82468e-05	0.962334	0.676611	0.285463	0.000260136	8.42685e-05	0.000376351	
436	0.12737	0.08582	0.041455	9.57844e-05	0.56885	0.38328	0.185142	0.000427782	0.000145604	0.000650283	
437	0.145478	0.0858692	0.0585239	0.0010856	0.649722	0.3835	0.261373	0.00484839	0.00161166	0.00719786	
438	0.180373	0.129955	0.0496052	0.000812703	0.805564	0.580392	0.221541	0.00362961	0.000903169	0.00403364	
439	0.13191	0.12664	0.00526175	8.17805e-06	0.589123	0.565588	0.0234995	3.65239e-05	8.82836e-06	3.94283e-05	
440	0.0821285	0.0798803	0.0022415	6.80505e-06	0.366794	0.356753	0.0100107	3.0392e-05	7.26494e-06	3.24459e-05	
441	0.0697053	0.0674098	0.00229547	0	0.31131	0.301058	0.0102517	0	0	0	
442	0.141551	0.094613	0.0440511	0.00288742	0.632182	0.42255	0.196736	0.0128955	0.00388096	0.0173327	
443	0.17592	0.137494	0.037979	0.0004472	0.785677	0.614062	0.169617	0.00199723	0.000724361	0.00323506	
444	0.137372	0.107598	0.0297349	3.84015e-05	0.613517	0.480546	0.132799	0.000171505	6.7598e-05	0.000301899	
445	0.112373	0.0879256	0.0243615	8.5983e-05	0.501869	0.392684	0.1088	0.000384008	0.000143625	0.000641444	
446	0.150216	0.0904108	0.059009	0.000796593	0.670881	0.403783	0.26354	0.00355766	0.00121159	0.00541109	
447	0.162069	0.121579	0.0404906	0	0.723819	0.542984	0.180834	0	0	0	
448	0.046593	0.0374314	0.00916163	0	0.208089	0.167172	0.0409167	0	0	0	
449	0.27486	0.153698	0.120917	0.000244578	1.22755	0.686431	0.54003	0.00109231	0.000381773	0.00170503	
450	0.0891545	0.0791696	0.0099849	0	0.398172	0.353579	0.0445935	0	0	0	
451	0.134959	0.11983	0.015123	5.82997e-06	0.602743	0.535176	0.0675412	2.60372e-05	8.01228e-06	3.57836e-05	
452	0.179201	0.099724	0.0781561	0.00132181	0.800333	0.445377	0.349052	0.00590335	0.00160862	0.00718425	
453	0.106567	0.095261	0.011303	3.67691e-06	0.475941	0.425444	0.0504804	1.64214e-05	6.80137e-06	3.03755e-05	
454	0.13683	0.0888732	0.0479572	0	0.611098	0.396916	0.214181	0	0	0	
455	0.161367	0.104724	0.0562822	0.000360033	0.72068	0.46771	0.251362	0.00160794	0.000494122	0.00220679	
456	0.146545	0.111523	0.0348901	0.000131238	0.654485	0.498076	0.155822	0.000586122	0.000458025	0.00204558	
457	0.124924	0.100226	0.0246831	1.52948e-05	0.557925	0.447619	0.110237	6.83084e-05	0.000102658	0.00045848	
458	0.0950327	0.0786718	0.0163608	0	0.424425	0.351356	0.0730692	0	0	0	
459	0.100426	0.0886192	0.0118076	0	0.448515	0.395781	0.0527339	0	0	0	
460	0.150492	0.0850855	0.0653971	9.9581e-06	0.672114	0.38	0.292069	4.44738e-05	2.47367e-05	0.000110476	
461	0.147827	0.0852571	0.0625376	3.30076e-05	0.660213	0.380766	0.279299	0.000147415	5.92393e-05	0.000264568	
462	0.122084	0.0996782	0.0223534	5.29291e-05	0.545241	0.445172	0.0998326	0.000236386	9.85956e-05	0.000440337	
463	0.140016	0.119118	0.0208983	0	0.625326	0.531992	0.0933338	0	0	0	
464	0.0824545	0.0687709	0.013659	2.44988e-05	0.368249	0.307137	0.0610028	0.000109414	3.7194e-05	0.000166112	
465	0.0854954	0.0824206	0.00307477	0	0.38183	0.368098	0.0137322	0	0	0	
466	0.178587	0.10959	0.0685964	0.000400933	0.79759	0.489441	0.306358	0.0017906	0.000513299	0.00229244	
467	0.112678	0.079527	0.0326631	0.000488524	0.503233	0.355175	0.145876	0.00218179	0.00126968	0.00567055	
468	0.107026	0.101229	0.00579563	8.37216e-07	0.477988	0.452101	0.0258838	3.73909e-06	1.15998e-06	5.18059e-06	
469	0.0765498	0.0765498	0	0	0.341879	0.341879	0	0	0	0	
470	0.105777	0.0946291	0.0111486	0	0.472413	0.422623	0.0497908	0	0	0	
471	0.127628	0.0787871	0.0486581	0.000182839	0.569999	0.351871	0.217311	0.000816577	0.000227821	0.00101747	
472	0.131003	0.0889069	0.0394856	0.00261068	0.585073	0.397067	0.176346	0.0116595	0.0030309	0.0135363	
473	0.162113	0.0988925	0.0608792	0.00234156	0.724013	0.441663	0.271892	0.0104576	0.00285909	0.0127689	
474	0.102874	0.0767189	0.026155	0	0.459445	0.342634	0.11681	0	0	0	
475	0.126442	0.11292	0.0135211	0	0.564702	0.504315	0.0603867	0	0	0	
476	0.15935	0.112361	0.046929	5.98864e-05	0.711674	0.501817	0.209589	0.000267458	0.00018579	0.000829757	
477	0.128784	0.0967139	0.0318974	0.000172822	0.575162	0.431933	0.142456	0.000771841	0.000403368	0.00180148	
478	0.0952538	0.0786587	0.0165459	4.91945e-05	0.425412	0.351297	0.0738957	0.000219707	9.77703e-05	0.000436651	
479	0.104735	0.0973979	0.00732603	1.12268e-05	0.467757	0.434988	0.0327187	5.01404e-05	1.26278e-05	5.6397e-05	
480	0.126866	0.097295	0.0295431	2.80835e-05	0.566597	0.434529	0.131942	0.000125423	6.94952e-05	0.000310372	
481	0.0904796	0.0756611	0.0148124	6.12424e-06	0.40409	0.337909	0.0661536	2.73514e-05	1.80101e-05	8.04348e-05	
482	0.137427	0.105452	0.0319655	9.06353e-06	0.613763	0.470961	0.142761	4.04786e-05	1.78629e-05	7.97775e-05	
483	0.111058	0.0921837	0.0188748	5.29072e-08	0.495998	0.411701	0.084297	2.36288e-07	1.75261e-06	7.82736e-06	
484	0.183516	0.116293	0.0657022	0.00152065	0.8196	0.519376	0.293432	0.00679138	0.00180333	0.00805385	
485	0.12571	0.0945532	0.0308511	0.000305828	0.561433	0.422283	0.137784	0.00136586	0.000353242	0.00157761	
486	0.0842106	0.0796568	0.00455382	0	0.376092	0.355754	0.0203378	0	0	0	
487	0.104854	0.0993669	0.00548791	0	0.468291	0.443782	0.0245095	0	0	0	
488	0.142721	0.0950848	0.047463	0.000173392	0.637407	0.424658	0.211974	0.000774386	0.000254236	0.00113544	
489	0.144901	0.0977306	0.0471705	5.32744e-07	0.647145	0.436474	0.210668	2.37928e-06	8.88552e-07	3.96836e-06	
490	0.0975221	0.0903556	0.00716648	0	0.435543	0.403537	0.0320062	0	0	0	
491	0.1	0.0779214	0.0220765	2.88141e-06	0.446613	0.348004	0.0985959	1.28686e-05	4.33456e-06	1.93585e-05	
492	0.147108	0.0965695	0.0496526	0.00088585	0.656998	0.431289	0.221753	0.00395629	0.00112318	0.00501627	
493	0.194578	0.111182	0.0833062	8.94385e-05	0.869006	0.496553	0.372053	0.000399441	0.000114846	0.000512913	
494	0.19784	0.116557	0.0811357	0.000147329	0.883574	0.520556	0.36236	0.000657986	0.000264951	0.00118329	
495	0.0882754	0.0835268	0.00474862	0	0.394246	0.373038	0.0212077	0	0	0	
496	0.105199	0.0892948	0.0154257	0.000479386	0.469833	0.398799	0.0688928	0.00214098	0.000479355	0.00214084	
497	0.12082	0.0771955	0.0434723	0.000152794	0.539596	0.344762	0.194151	0.000682395	0.0002105	0.000940115	
498	0.17765	0.132888	0.0445056	0.000257097	0.793405	0.59349	0.198766	0.00114822	0.000293602	0.00131125	
499	0.159009	0.157201	0.00180759	8.35955e-07	0.710153	0.702076	0.00807287	3.73345e-06	2.18359e-06	9.75216e-06	
500	0.149093	0.0803513	0.0683911	0.000350558	0.665863	0.358857	0.305441	0.00156562	0.000603594	0.00269571	
501	0.162633	0.107894	0.0538456	0.000893029	0.726334	0.481866	0.240479	0.00398835	0.00115976	0.0051796	
502	0.0920259	0.0904779	0.00154798	0	0.410996	0.404083	0.00691346	0	0	0	
503	0.114356	0.102478	0.0118541	2.42464e-05	0.510728	0.457678	0.0529418	0.000108286	2.42155e-05	0.000108148	
504	0.126106	0.118732	0.00734481	2.95304e-05	0.563205	0.53027	0.0328026	0.000131885	3.09375e-05	0.00013817	
505	0.0781045	0.0683108	0.00977428	1.94926e-05	0.348822	0.305082	0.0436528	8.70561e-05	2.32005e-05	0.000103615	
506	0.152328	0.0972906	0.0539881	0.0010501	0.680315	0.434509	0.241116	0.00468986	0.0017713	0.00791081	
507	0.18947	0.157158	0.0320758	0.000236594	0.846193	0.701883	0.143253	0.00105665	0.000237305	0.00105983	
508	0.0946194	0.0875684	0.00705107	0	0.422579	0.391088	0.0314907	0	0	0	
509	0.0930607	0.08672	0.00633321	7.53241e-06	0.415618	0.3873	0.0282847	3.36404e-05	1.59422e-05	7.11994e-05	
510	0.139197	0.104742	0.0342146	0.000240437	0.621668	0.467789	0.152806	0.00107381	0.000343213	0.00153282	
511	0.0799479	0.0747464	0.00519977	1.77375e-06	0.357055	0.333824	0.0232226	7.92175e-06	3.76484e-06	1.68141e-05	
512	0.168489	0.0878576	0.0801074	0.000524068	0.752488	0.39238	0.357767	0.00234053	0.00112542	0.00502627	
513	0.11633	0.0906481	0.0253312	0.000350625	0.519541	0.404843	0.113131	0.00156592	0.00045125	0.00201532	
514	0.237075	0.127758	0.107255	0.00206205	1.0588	0.570579	0.479011	0.00920931	0.00277236	0.0123816	
515	0.0676216	0.0562868	0.0113316	3.15636e-06	0.302004	0.251382	0.0506084	1.40966e-05	9.1236e-06	4.07468e-05	
516	0.112446	0.0880172	0.0242502	0.000178988	0.502196	0.393093	0.108303	0.000799378	0.000206065	0.000920308	
517	0.0870001	0.0812771	0.00572301	0	0.388551	0.362991	0.0255595	0	0	0	
518	0.182837	0.154975	0.0278628	3.84722e-08	0.816571	0.692133	0.124437	1.7182e-07	7.29221e-09	3.25677e-08	
519	0.0710123	0.0418738	0.0291384	0	0.317147	0.187012	0.130135	0	0	0	
520	0.167103	0.121683	0.0440129	0.00140762	0.746301	0.543448	0.196566	0.00628656	0.00176479	0.00788175	
521	0.249975	0.109262	0.140287	0.00042623	1.11641	0.487975	0.626536	0.00190358	0.000898475	0.00401267	
522	0.182128	0.0779159	0.103642	0.000570377	0.813402	0.34798	0.462875	0.00254736	0.00146232	0.00653088	
523	0.0921125	0.075792	0.0163205	0	0.411383	0.338494	0.0728889	0	0	0	
524	0.144302	0.105409	0.0387735	0.000119533	0.644468	0.470768	0.173166	0.000533848	0.000163636	0.000730818	
525	0.1487	0.0992394	0.0489058	0.000555487	0.664112	0.443213	0.218418	0.00248086	0.000881737	0.00393792	
526	0.130246	0.100934	0.0292129	9.93268e-05	0.581695	0.450783	0.130467	0.000443603	0.000163277	0.000729211	
527	0.118047	0.0775495	0.0402951	0.000202885	0.527211	0.346343	0.179962	0.000906105	0.000259119	0.00115725	
528	0.0884621	0.0800034	0.00845169	7.03617e-06	0.39508	0.357303	0.037746	3.14242e-05	8.53406e-06	3.81139e-05	
529	0.135397	0.0806665	0.0539122	0.000818661	0.604697	0.360264	0.240777	0.00365622	0.00118313	0.00528397	
530	0.0932055	0.0804345	0.0126727	9.82829e-05	0.416265	0.359228	0.0565978	0.00043894	0.000132609	0.000592246	
531	0.173556	0.104509	0.0684459	0.000601271	0.775119	0.466748	0.305686	0.00268533	0.000937463	0.0041868	
532	0.119187	0.0833662	0.0354349	0.000385988	0.532301	0.372321	0.158255	0.00172386	0.000551028	0.00246094	
533	0.16619	0.117395	0.0486001	0.000195044	0.742224	0.5243	0.217052	0.000871089	0.000404847	0.00180808	
534	0.126436	0.112913	0.0132787	0.000244312	0.564678	0.504283	0.0593041	0.00109112	0.000244702	0.00109286	
535	0.0854136	0.0773479	0.00800531	6.043e-05	0.381465	0.345443	0.0357525	0.000269886	6.24617e-05	0.00027896	
536	0.0703948	0.0656061	0.00478793	8.08205e-07	0.31439	0.293003	0.0213833	3.60952e-06	8.3532e-07	3.73062e-06	
537	0.1327	0.0764915	0.0561216	8.76925e-05	0.592654	0.341618	0.250644	0.000391643	0.000140621	0.000628031	
538	0.143942	0.0801314	0.0622372	0.00157369	0.64286	0.357874	0.277957	0.00702827	0.00200954	0.00897481	
539	0.130154	0.0828767	0.0470634	0.000214351	0.581282	0.370135	0.210189	0.000957315	0.000304651	0.0013606	
540	0.0909854	0.0796635	0.0112478	7.39395e-05	0.406349	0.355785	0.0502341	0.000330221	0.000105278	0.000470184	
541	0.0900968	0.0819176	0.00817923	0	0.402381	0.365852	0.0365292	0	0	0	
542	0.219896	0.149481	0.069952	0.00046318	0.982079	0.667597	0.312412	0.0020686	0.00073352	0.00327597	
543	0.135918	0.089108	0.0467009	0.000109813	0.607026	0.397965	0.208571	0.000490436	0.000225574	0.00100743	
544	0.179324	0.126287	0.0528207	0.00021626	0.800881	0.564013	0.235902	0.000965841	0.00046618	0.002082	
545	0.145414	0.0749474	0.0704671	6.137e-08	0.649435	0.334722	0.314713	2.74084e-07	3.8856e-08	1.73534e-07	
546	0.135954	0.116194	0.0197305	3.03079e-05	0.607187	0.518933	0.0881183	0.000135358	3.94092e-05	0.000176005	
547	0.0901554	0.0752481	0.0149073	0	0.402642	0.336065	0.0665774	0	0	0	
548	0.117712	0.110438	0.00727461	0	0.525716	0.493227	0.0324891	0	0	0	
549	0.140907	0.0847332	0.0556821	0.000492465	0.629307	0.378426	0.248682	0.00219939	0.000926729	0.00413886	
550	0.187619	0.119357	0.0675045	0.000756723	0.837925	0.533063	0.301481	0.00337959	0.00127906	0.00571241	
551	0.0963865	0.0962555	0.000131002	0	0.430471	0.429886	0.000585069	0	0	0	
552	0.0824638	0.0723685	0.0100612	3.40039e-05	0.368291	0.323204	0.0449346	0.000151864	4.80242e-05	0.00021448	
553	0.185642	0.182413	0.00322914	5.58826e-07	0.829098	0.814674	0.0144216	2.49577e-06	5.61504e-07	2.50773e-06	
554	0.151056	0.102109	0.0478842	0.00106336	0.674634	0.456029	0.213855	0.00474908	0.00142814	0.00637822	
555	0.107081	0.0749043	0.0320748	0.000102476	0.478237	0.33453	0.143249	0.000457668	0.000140156	0.000625953	
556	0.178402	0.149104	0.0290788	0.000219521	0.796764	0.665915	0.129868	0.000980403	0.000220451	0.000984556	
557	0.0902299	0.0787017	0.0115218	6.38638e-06	0.402975	0.351489	0.0514578	2.85222e-05	1.31721e-05	5.88282e-05	
558	0.104259	0.0971177	0.00714153	0	0.465631	0.433737	0.0318947	0	0	0	
559	0.0969655	0.0788055	0.0179498	0.000210154	0.433057	0.351953	0.0801657	0.000938568	0.00023075	0.00103055	
560	0.0920553	0.084546	0.00750925	3.06841e-08	0.411127	0.37759	0.033537	1.37038e-07	2.85772e-08	1.27628e-07	
561	0.108037	0.0927874	0.0151961	5.42293e-05	0.482507	0.414397	0.0678675	0.000242193	8.20833e-05	0.000366592	
562	0.0741085	0.049681	0.0244275	0	0.330976	0.22188	0.109095	0	0	0	
563	0.100935	0.0785655	0.0221806	0.000189704	0.450789	0.350881	0.0990608	0.00084724	0.000286536	0.0012797	
564	0.117078	0.081204	0.0357018	0.000172349	0.522882	0.362665	0.159447	0.000769728	0.000231086	0.00103205	
565	0.10082	0.0847034	0.0159669	0.000150149	0.450273	0.378293	0.0713097	0.000670579	0.000212154	0.000947503	
566	0.126394	0.103422	0.0227081	0.000263866	0.564491	0.461896	0.101416	0.00117845	0.000412194	0.00184089	
567	0.209455	0.160338	0.0484404	0.000676423	0.935446	0.716085	0.216339	0.00302097	0.00069122	0.00308705	
568	0.153712	0.114896	0.0388141	1.62226e-06	0.686493	0.513138	0.173347	7.24519e-06	1.59004e-06	7.10131e-06	
569	0.0756676	0.0756302	3.73881e-05	0	0.337938	0.337771	0.000166979	0	0	0	
570	0.140686	0.119385	0.0211357	0.000165798	0.628321	0.533186	0.0943943	0.00074047	0.000232428	0.00103804	
571	0.107676	0.0912278	0.0164366	1.18843e-05	0.480893	0.407432	0.0734076	5.30765e-05	1.75073e-05	7.81895e-05	
572	0.115494	0.0972976	0.0179717	0.000225399	0.51581	0.43454	0.0802635	0.00100665	0.000243	0.00108526	
573	0.0936121	0.084107	0.00945839	4.67191e-05	0.41808	0.37563	0.042242	0.000208652	5.62253e-05	0.000251107	
574	0.139698	0.0796122	0.0588513	0.00123541	0.623909	0.355555	0.262835	0.00551749	0.00161981	0.00723423	
575	0.144384	0.0840473	0.0592148	0.0011223	0.644834	0.375363	0.264459	0.00501233	0.00218261	0.00974777	
576	0.0612202	0.0543198	0.00690041	0	0.273415	0.242597	0.0308179	0	0	0	
577	0.128819	0.112811	0.0160073	5.22049e-08	0.575318	0.503827	0.0714903	2.33152e-07	5.66292e-07	2.52911e-06	
578	0.0994775	0.0887522	0.0107245	8.37083e-07	0.444276	0.396375	0.0478968	3.73849e-06	9.35825e-07	4.17948e-06	
579	0.0915725	0.0870362	0.00452961	6.78158e-06	0.408971	0.388712	0.0202296	3.02872e-05	8.19451e-06	3.65975e-05	
580	0.0838666	0.0665726	0.0172563	3.75883e-05	0.374556	0.29732	0.0770685	0.000167873	7.34582e-05	0.000328071	
581	0.0847335	0.0750047	0.00972883	0	0.378428	0.334978	0.0434499	0	0	0	
582	0.0890698	0.0842389	0.00481555	1.53958e-05	0.397794	0.376219	0.0215067	6.87595e-05	2.0396e-05	9.10905e-05	
583	0.113846	0.0926455	0.0210305	0.00017059	0.508449	0.413763	0.0939243	0.000761871	0.000185768	0.000829659	
584	0.208521	0.127792	0.0805378	0.000191891	0.931278	0.570732	0.359689	0.000857006	0.000466641	0.00208406	
585	0.123596	0.074804	0.0485004	0.000291636	0.551991	0.334082	0.216607	0.00130247	0.000312628	0.00139622	
586	0.136292	0.0842369	0.0519991	5.64426e-05	0.608695	0.37621	0.232233	0.000252078	8.90836e-05	0.000397855	
587	0.103672	0.0888506	0.0147243	9.71078e-05	0.463009	0.396815	0.0657603	0.000433693	0.000138127	0.00061689	
588	0.068289	0.0675454	0.000743561	0	0.304985	0.301664	0.00332081	0	0	0	
589	0.153355	0.109129	0.0437114	0.000514628	0.684901	0.487383	0.195219	0.00229838	0.000990955	0.0044257	
590	0.134632	0.107279	0.0269999	0.000353406	0.601281	0.479118	0.120584	0.00157834	0.000384135	0.00171558	
591	0.138283	0.0958527	0.0424306	2.77232e-07	0.617588	0.428087	0.189499	1.23814e-06	1.23055e-06	5.49576e-06	
592	0.115008	0.0857216	0.0291882	9.87241e-05	0.513639	0.382841	0.130357	0.000440911	0.000175205	0.000782484	
593	0.102897	0.0939197	0.00889385	8.42487e-05	0.459551	0.419454	0.0397207	0.000376262	9.3654e-05	0.000418268	
594	0.0918913	0.0804507	0.0114271	1.34648e-05	0.410395	0.3593	0.0510345	6.01351e-05	2.52179e-05	0.000112625	
595	0.114891	0.0937658	0.0210875	3.84228e-05	0.513117	0.418767	0.094179	0.000171599	4.31301e-05	0.000192623	
596	0.108358	0.0901854	0.0180073	0.000166218	0.483941	0.402776	0.0804225	0.000742347	0.000209036	0.000933577	
597	0.157217	0.140845	0.0163221	4.98762e-05	0.70215	0.629031	0.0728963	0.000222751	5.49358e-05	0.000245348	
598	0.114233	0.108128	0.00608588	1.87965e-05	0.510176	0.482912	0.0271801	8.3947e-05	1.87656e-05	8.38094e-05	
599	0.104856	0.0933227	0.0115334	0	0.468297	0.416788	0.0515094	0	0	0	
600	0.108962	0.107859	0.00110311	0	0.486637	0.48171	0.0049266	0	0	0	
601	0.3132	0.147926	0.163074	0.00219918	1.39878	0.660653	0.728307	0.00982177	0.00220559	0.00985041	
602	0.104801	0.102484	0.00231708	5.68783e-07	0.468054	0.457703	0.0103483	2.54024e-06	1.0208e-06	4.55903e-06	
603	0.131071	0.051913	0.079158	0	0.585375	0.231848	0.353527	0	0	0	
604	0.0857947	0.0808747	0.00492002	5.54606e-08	0.383167	0.361194	0.0219732	2.47692e-07	4.4143e-08	1.97146e-07	
605	0.133423	0.0495023	0.0839216	0	0.595884	0.221082	0.374801	0	0	0	
606	0.138284	0.0936967	0.0439007	0.000686501	0.617589	0.418458	0.196065	0.00306598	0.000965295	0.0043111	
607	0.0885375	0.0781011	0.0103191	0.000117291	0.395417	0.348807	0.0460863	0.000523836	0.000118198	0.000527887	
608	0.0888221	0.0787169	0.0100632	4.19458e-05	0.396688	0.351557	0.0449436	0.000187334	4.86396e-05	0.000217229	
609	0.0906667	0.0870134	0.00365331	0	0.404926	0.38861	0.016316	0	0	0	
610	0.0972933	0.0799326	0.0171255	0.000235201	0.434521	0.356987	0.0764841	0.00105043	0.000297746	0.00132976	
611	0.0639848	0.0576491	0.00633574	0	0.285762	0.257466	0.028296	0	0	0	
612	0.0956459	0.0905034	0.00514248	0	0.427164	0.404197	0.0229668	0	0	0	
613	0.0872797	0.0765357	0.0106001	0.000143819	0.389799	0.341816	0.0473414	0.000642312	0.000183917	0.000821391	
614	0.0966909	0.0835072	0.0130508	0.00013289	0.431831	0.372951	0.0582863	0.000593499	0.000177582	0.000793102	
615	0.0928804	0.0866221	0.006256	2.28319e-06	0.414812	0.386862	0.0279398	1.01969e-05	2.25214e-06	1.00583e-05	
616	0.102353	0.0888155	0.0132037	0.000334513	0.457122	0.396659	0.0589693	0.00149397	0.000354811	0.00158462	
617	0.120001	0.0915063	0.0282522	0.000243003	0.535938	0.408676	0.126177	0.00108527	0.000325031	0.00145162	
618	0.0615924	0.0558126	0.00577984	0	0.275078	0.249264	0.0258133	0	0	0	
619	0.134906	0.0986643	0.0359958	0.000246329	0.602505	0.440644	0.16076	0.00110012	0.000295038	0.00131767	
620	0.111071	0.0875282	0.0235336	1.00234e-05	0.496057	0.390909	0.105103	4.47655e-05	2.7661e-05	0.000123536	
621	0.384942	0.185725	0.193874	0.00534292	1.71919	0.829469	0.86586	0.023862	0.00589698	0.0263365	
622	0.0379971	0.0304145	0.00754544	3.71507e-05	0.169698	0.135834	0.0336986	0.000165918	5.56959e-05	0.000248743	
623	0.0838122	0.0716769	0.0121259	9.38709e-06	0.374313	0.320116	0.0541554	4.19236e-05	1.0111e-05	4.51567e-05	
624	0.103662	0.0824984	0.0211007	6.29388e-05	0.462965	0.368446	0.0942378	0.00028109	6.75953e-05	0.000301887	
625	0.075571	0.0548449	0.0207256	5.24637e-07	0.337507	0.244942	0.0925627	2.34308e-06	4.93475e-07	2.2039e-06	
626	0.0699926	0.0636688	0.00632373	0	0.312593	0.284351	0.0282423	0	0	0	
627	0.0928301	0.0789127	0.0139174	0	0.414588	0.352431	0.0621566	0	0	0	
628	0.0599596	0.0599596	0	0	0.267785	0.267785	0	0	0	0	
629	0.228894	0.137271	0.0880673	0.00355578	1.02226	0.613069	0.393317	0.0158804	0.00370587	0.0165507	
630	0.202284	0.145215	0.0569774	9.1693e-05	0.903421	0.648545	0.254466	0.00040951	9.79492e-05	0.00043745	
631	0.111721	0.0956017	0.0161194	0	0.498957	0.426966	0.0719908	0	0	0	
632	0.0431483	0.0431483	0	0	0.192704	0.192704	0	0	0	0	
633	0.0657576	0.0450467	0.0207109	0	0.29368	0.201183	0.0924969	0	0	0	
634	0.0427155	0.041867	0.000848473	0	0.190771	0.186982	0.00378936	0	0	0	
635	0.0744009	0.0653955	0.00900531	0	0.332281	0.292062	0.0402186	0	0	0	
636	0.123716	0.0648455	0.0588627	8.70284e-06	0.552531	0.289606	0.262886	3.88677e-05	9.2366e-06	4.12515e-05	
637	0.0896011	0.0734605	0.0158875	0.000253177	0.400167	0.328081	0.0709552	0.00113071	0.000320277	0.00143039	
638	0.138208	0.0813506	0.0566473	0.000210877	0.617253	0.363319	0.252992	0.000941801	0.000319827	0.00142838	
639	0.140858	0.0759547	0.0647075	0.000196511	0.629088	0.339221	0.28899	0.000877641	0.000230419	0.00102907	
640	0.0845143	0.0803053	0.00419286	1.62338e-05	0.377449	0.358651	0.0187257	7.25021e-05	1.62153e-05	7.24193e-05	
641	0.0754309	0.074861	0.000569875	0	0.336881	0.334336	0.00254511	0	0	0	
642	0.0636248	0.062929	0.000695821	0	0.284154	0.281047	0.0031076	0	0	0	
643	0.186373	0.141606	0.0443276	0.000439063	0.832359	0.632427	0.197971	0.00196089	0.00055166	0.00246376	
644	0.109047	0.0822135	0.0268336	0	0.487015	0.367173	0.119841	0	0	0	
645	0.0815057	0.0802128	0.0012929	0	0.364012	0.358238	0.00577424	0	0	0	
646	0.125727	0.0748223	0.050413	0.000492291	0.561511	0.334163	0.225149	0.00219861	0.000696506	0.00311066	
647	0.170198	0.123557	0.0460718	0.000568999	0.760122	0.55182	0.205761	0.0025412	0.00080448	0.00359288	
648	0.144945	0.117023	0.0278842	3.82133e-05	0.647341	0.522637	0.124533	0.000170664	6.31155e-05	0.000281879	
649	0.0652727	0.064193	0.00107727	2.48945e-06	0.291514	0.286692	0.00481123	1.11181e-05	2.47054e-06	1.10336e-05	
650	0.0732633	0.0728178	0.000445405	0	0.3272	0.325211	0.00198922	0	0	0	
651	0.102748	0.101271	0.00147683	0	0.458884	0.452288	0.0065957	0	0	0	
652	0.116031	0.0822822	0.03297	0.000779481	0.518209	0.36748	0.147247	0.00348123	0.000990349	0.00442299	
653	0.101925	0.087464	0.0144496	1.20651e-05	0.45521	0.390623	0.0645333	5.38843e-05	1.26159e-05	5.63441e-05	
654	0.118301	0.0880603	0.0300643	0.000176333	0.528343	0.393285	0.13427	0.000787522	0.000267535	0.00119483	
655	0.136317	0.0808856	0.0532838	0.00214758	0.608805	0.361243	0.23797	0.00959133	0.00301211	0.0134523	
656	0.218257	0.118174	0.0966849	0.00339854	0.97476	0.527778	0.431804	0.0151782	0.00490037	0.0218855	
657	0.122911	0.079944	0.0429677	0	0.548935	0.357037	0.191898	0	0	0	
658	0.111544	0.0752038	0.0363123	2.78437e-05	0.498166	0.335867	0.162174	0.000124352	4.65978e-05	0.00020811	
659	0.124915	0.0955965	0.0288238	0.000494824	0.557883	0.426943	0.12873	0.00220993	0.000612177	0.00273404	
660	0.157199	0.100283	0.0565337	0.000382726	0.702067	0.447873	0.252484	0.00170929	0.000939908	0.00419772	
661	0.180749	0.0982096	0.0816543	0.000885707	0.807245	0.438613	0.364676	0.00395565	0.00179401	0.00801225	
662	0.119977	0.0803481	0.0394441	0.000185672	0.535832	0.358842	0.176161	0.000829229	0.000313303	0.00139924	
663	0.110058	0.0802667	0.029566	0.000225983	0.491533	0.358478	0.132044	0.00100926	0.000344973	0.00154068	
664	0.0970095	0.0872305	0.00977849	5.44719e-07	0.433254	0.38958	0.0436716	2.43276e-06	3.6007e-06	1.6081e-05	
665	0.107346	0.0871253	0.0202106	1.00453e-05	0.479417	0.38911	0.0902626	4.48635e-05	1.46903e-05	6.56084e-05	
666	0.102449	0.0788711	0.0234569	0.000121185	0.457548	0.352245	0.104761	0.000541224	0.000169393	0.000756525	
667	0.163312	0.104723	0.0547203	0.0038689	0.729369	0.467704	0.244386	0.0172789	0.0042393	0.0189331	
668	0.103221	0.0829748	0.0202121	3.4453e-05	0.460996	0.370573	0.0902692	0.00015387	4.43046e-05	0.000197868	
669	0.0477477	0.0434682	0.00427609	3.38503e-06	0.213245	0.194133	0.0190974	1.51178e-05	3.91351e-06	1.74781e-05	
670	0.0909078	0.0825516	0.00831991	3.6339e-05	0.406003	0.368683	0.0371575	0.000162293	3.70146e-05	0.000165311	
671	0.0530184	0.050597	0.00242141	0	0.236785	0.225971	0.0108142	0	0	0	
672	0.144829	0.111867	0.0329266	3.50961e-05	0.64682	0.49961	0.147053	0.000156742	6.75969e-05	0.000301894	
673	0.144958	0.101372	0.0424126	0.00117343	0.647399	0.452739	0.189418	0.00524068	0.00146942	0.0065626	
674	0.12764	0.0952655	0.0323014	7.3547e-05	0.570055	0.425465	0.144261	0.000328468	0.000132386	0.000591251	
675	0.110885	0.0811194	0.0297347	3.13576e-05	0.495225	0.362287	0.132798	0.000140046	4.28255e-05	0.000191263	
676	0.142698	0.109689	0.0325824	0.000426537	0.637304	0.489883	0.145516	0.00190495	0.000588559	0.00262856	
677	0.101781	0.0933525	0.00838251	4.66111e-05	0.454566	0.416921	0.037437	0.000208169	6.1767e-05	0.000275857	
678	0.0935335	0.0802436	0.0132874	2.44003e-06	0.417729	0.358376	0.0593431	1.08974e-05	3.01342e-06	1.34582e-05	
679	0.12707	0.0909165	0.0361541	0	0.567509	0.406041	0.161467	0	0	0	
680	0.122058	0.110307	0.011751	0	0.545123	0.492641	0.0524813	0	0	0	
681	0.111464	0.0976716	0.013757	3.57844e-05	0.497811	0.436211	0.0614402	0.000159817	4.29058e-05	0.000191621	
682	0.0991674	0.0975718	0.00159558	0	0.442891	0.435765	0.00712601	0	0	0	
683	0.0969395	0.0911171	0.00582236	0	0.432941	0.406937	0.0260032	0	0	0	
684	0.115709	0.0942037	0.0215053	8.86204e-08	0.516768	0.420722	0.096045	3.95787e-07	1.05119e-07	4.69475e-07	
685	0.198239	0.140646	0.0562696	0.0013227	0.885355	0.628142	0.251305	0.00590732	0.00132451	0.00591539	
686	0.107112	0.0904577	0.0165124	0.000142376	0.478374	0.403992	0.0737463	0.000635866	0.000173387	0.000774366	
687	0.0820655	0.077777	0.00427078	1.77181e-05	0.366512	0.347359	0.0190737	7.9131e-05	2.43635e-05	0.000108809	
688	0.0659355	0.0642002	0.00173527	0	0.294474	0.286724	0.00774989	0	0	0	
689	0.00764739	0.00714712	0.000500262	0	0.0341539	0.0319197	0.00223422	0	0	0	
690	0.0603868	0.0597961	0.000590703	0	0.269693	0.267055	0.00263814	0	0	0	
691	0.107405	0.0980578	0.00930886	3.91043e-05	0.479684	0.437935	0.0415742	0.000174643	4.70284e-05	0.000210033	
692	0.0728703	0.0728703	0	0	0.325446	0.325446	0	0	0	0	
693	0.0936775	0.0792805	0.0143676	2.93786e-05	0.418373	0.354074	0.0641674	0.000131208	3.80798e-05	0.000170068	
694	0.203876	0.1543	0.0489022	0.000673757	0.910533	0.689122	0.218402	0.00300906	0.000952923	0.00425584	
695	0.0901384	0.0792636	0.010855	1.98651e-05	0.402567	0.353999	0.0484794	8.87195e-05	2.70335e-05	0.000120734	
696	0.199532	0.159637	0.039583	0.000312497	0.891133	0.712955	0.176781	0.00139564	0.000390393	0.00174353	
697	0.149437	0.0827256	0.0666374	7.42041e-05	0.667401	0.36946	0.297609	0.000331402	0.000138414	0.000618172	
698	0.281303	0.195656	0.0847394	0.000907607	1.25632	0.873819	0.378454	0.00405346	0.00108707	0.00485498	
699	0.313558	0.185209	0.126793	0.00155526	1.40038	0.827164	0.566272	0.00694594	0.0017263	0.00770983	
700	0.0824594	0.0824594	0	0	0.368271	0.368271	0	0	0	0	
701	0.0823159	0.0823159	0	0	0.36763	0.36763	0	0	0	0	
702	0.11314	0.106162	0.00697671	1.15579e-06	0.505296	0.474133	0.0311586	5.16189e-06	1.57465e-06	7.03255e-06	
703	0.0926016	0.0875584	0.00499116	5.20064e-05	0.413567	0.391044	0.022291	0.000232265	5.19754e-05	0.000232127	
704	0.0925708	0.0793654	0.0132053	0	0.41343	0.354453	0.0589765	0	0	0	
705	0.0998216	0.0879836	0.0118347	3.22478e-06	0.445813	0.392943	0.0528553	1.44022e-05	3.1934e-06	1.4262e-05	
706	0.214493	0.158016	0.0564208	5.65552e-05	0.957949	0.705716	0.25198	0.000252581	0.000128211	0.000572603	
707	0.0866574	0.0801703	0.00648705	0	0.38702	0.358048	0.0289718	0	0	0	
708	0.0798395	0.0798395	0	0	0.35657	0.35657	0	0	0	0	
709	0.125361	0.103241	0.0218544	0.000265402	0.559877	0.461088	0.0976039	0.00118531	0.000276725	0.00123588	
710	0.169322	0.0958675	0.0732037	0.000250745	0.756208	0.428153	0.326935	0.00111985	0.000283187	0.00126474	
711	0.094353	0.0805639	0.0137773	1.18574e-05	0.421389	0.359806	0.0615309	5.29563e-05	1.46938e-05	6.56239e-05	
712	0.0769038	0.0764582	0.000445597	0	0.343459	0.341469	0.00199008	0	0	0	
713	0.090923	0.0782995	0.0126234	0	0.40607	0.349693	0.0563776	0	0	0	
714	0.0937099	0.0815556	0.0121542	0	0.418517	0.364235	0.0542821	0	0	0	
715	0.0707568	0.0699503	0.000804474	2.07955e-06	0.316007	0.312405	0.00359286	9.28749e-06	2.08909e-06	9.33007e-06	
716	0.0817028	0.0748744	0.00681068	1.77304e-05	0.364892	0.334396	0.0304171	7.91858e-05	1.77047e-05	7.90711e-05	
717	0.09636	0.0881564	0.0081906	1.29908e-05	0.430353	0.393715	0.03658	5.80183e-05	1.29824e-05	5.79809e-05	
718	0.118311	0.107992	0.0102023	0.000116539	0.528389	0.482304	0.0455646	0.000520476	0.00011788	0.000526465	
719	0.0717617	0.0628352	0.00882527	0.000101268	0.320494	0.280628	0.0394145	0.000452276	0.000101237	0.000452137	
720	0.0622014	0.0619969	0.000204446	0	0.277797	0.276884	0.000913076	0	0	0	
721	0.126299	0.106172	0.0199207	0.000206179	0.564066	0.474178	0.0889678	0.000920818	0.000250977	0.00112089	
722	0.0807372	0.0807372	0	0	0.36058	0.36058	0	0	0	0	
723	0.113549	0.101898	0.011651	0	0.507122	0.455088	0.0520346	0	0	0	
724	0.0803722	0.0803722	0	0	0.35895	0.35895	0	0	0	0	
725	0.0939293	0.0622969	0.0316324	0	0.419497	0.278224	0.141273	0	0	0	
726	0.0439256	0.042472	0.00145362	0	0.196176	0.189684	0.00649202	0	0	0	
727	0.0889747	0.0886121	0.000362572	0	0.397369	0.39575	0.00161928	0	0	0	
728	0.102223	0.0850828	0.0168038	0.000336504	0.456538	0.379988	0.0750474	0.00150286	0.000396116	0.00176909	
729	0.09973	0.0772882	0.0224094	3.2376e-05	0.445404	0.345176	0.100082	0.000144594	3.47189e-05	0.000155058	
730	0.108796	0.104464	0.00433051	1.14282e-06	0.485895	0.46655	0.0193405	5.10395e-06	1.21847e-06	5.44183e-06	
731	0.127935	0.0940595	0.0328073	0.00106857	0.571372	0.420079	0.146521	0.00477237	0.00114701	0.00512267	
732	0.0861599	0.077061	0.00909889	0	0.384798	0.344162	0.0406365	0	0	0	
733	0.101586	0.0916019	0.00993851	4.62707e-05	0.453695	0.409103	0.0443863	0.000206649	5.26724e-05	0.00023524	
734	0.114275	0.106412	0.00783475	2.914e-05	0.510367	0.475246	0.0349907	0.000130142	2.91107e-05	0.000130011	
735	0.0674674	0.0654624	0.00200499	0	0.301316	0.292361	0.0089545	0	0	0	
736	0.0561384	0.0552697	0.000868674	0	0.250719	0.246839	0.00387958	0	0	0	
737	0.102518	0.0793243	0.0231877	6.31343e-06	0.457856	0.35427	0.103558	2.81964e-05	7.08427e-06	3.1639e-05	
738	0.123306	0.112716	0.0104825	0.000107927	0.5507	0.503402	0.0468161	0.000482013	0.000109034	0.00048696	
739	0.0675589	0.0645669	0.00299207	0	0.301724	0.288362	0.0133628	0	0	0	
740	0.0366312	0.0365471	8.40272e-05	0	0.163598	0.163223	0.000375273	0	0	0	
741	0.0892188	0.0860428	0.00317346	2.53782e-06	0.398459	0.384275	0.0141729	1.13341e-05	3.20989e-06	1.43356e-05	
742	0.144071	0.122455	0.0216058	9.92477e-06	0.643437	0.546899	0.0964938	4.43249e-05	9.89281e-06	4.41822e-05	
743	0.0881019	0.0838381	0.00421866	4.51853e-05	0.393471	0.374429	0.0188409	0.000201802	4.51545e-05	0.000201664	
744	0.0557973	0.0551273	0.000669999	0	0.249196	0.246204	0.00299228	0	0	0	
745	0.127271	0.101318	0.0259194	3.35566e-05	0.568407	0.452498	0.115758	0.000149867	3.35252e-05	0.000149727	
746	0.0786819	0.0748335	0.00384307	5.35026e-06	0.3514	0.334213	0.0171635	2.38948e-05	5.31916e-06	2.37559e-05	
747	0.08643	0.0838963	0.00253371	0	0.386005	0.374689	0.0113158	0	0	0	
748	0.106935	0.0818851	0.0246212	0.000429258	0.477584	0.365707	0.10996	0.00191711	0.000429644	0.00191883	
749	0.12394	0.111898	0.0120307	1.0918e-05	0.55353	0.49975	0.0537306	4.87609e-05	1.08868e-05	4.86218e-05	
750	0.0922094	0.0817856	0.0104167	7.17716e-06	0.411816	0.365262	0.046522	3.20539e-05	7.14643e-06	3.19166e-05	
751	0.314158	0.151293	0.147277	0.0155884	1.40306	0.675689	0.657755	0.0696197	0.017305	0.077286	
752	0.0881921	0.0760494	0.0121427	0	0.393874	0.339644	0.0542307	0	0	0	
753	0.102454	0.0921143	0.01034	0	0.457571	0.411391	0.0461796	0	0	0	
754	0.21528	0.175717	0.0395615	1.34801e-06	0.961463	0.784772	0.176685	6.02037e-06	2.28684e-06	1.02132e-05	
755	0.112277	0.091643	0.0205923	4.23457e-05	0.501443	0.409286	0.0919675	0.00018912	4.46618e-05	0.000199464	
756	0.20237	0.113542	0.0887098	0.00011867	0.903806	0.50709	0.396186	0.000529992	0.000182891	0.000816809	
757	0.138746	0.0771954	0.055028	0.00652285	0.619654	0.344762	0.24576	0.0291316	0.00700677	0.0312929	
758	0.21548	0.12725	0.0879063	0.000323307	0.962356	0.568314	0.392598	0.00144392	0.0003414	0.00152472	
759	0.120871	0.0710059	0.0497283	0.000136711	0.539821	0.317119	0.222091	0.000610567	0.000219291	0.000979375	
760	0.121506	0.0863157	0.0351911	0	0.542661	0.385494	0.157167	0	0	0	
761	0.12108	0.109372	0.0115973	0.000111135	0.540758	0.488467	0.051795	0.000496339	0.000114653	0.000512053	
762	0.0504217	0.0504217	0	0	0.225188	0.225188	0	0	0	0	
763	0.0556986	0.0536906	0.00200801	0	0.248755	0.239787	0.00896797	0	0	0	
764	0.0778021	0.0763217	0.0014791	1.26262e-06	0.347471	0.34086	0.00660583	5.63899e-06	1.2317e-06	5.50092e-06	
765	0.0843394	0.0833853	0.000954116	0	0.376668	0.372406	0.00426117	0	0	0	
766	0.0514458	0.044273	0.00706364	0.000109132	0.229761	0.197727	0.0315469	0.000487397	0.000117531	0.000524907	
767	0.0517813	0.0429254	0.00885585	0	0.23126	0.191709	0.0395511	0	0	0	
768	0.0451256	0.0450733	5.22976e-05	0	0.201535	0.201302	0.000233566	0	0	0	
769	0.0791508	0.0521968	0.0265698	0.000384144	0.353495	0.233116	0.118663	0.00171562	0.000732375	0.00327085	
770	0.0798902	0.0562682	0.0236219	0	0.356797	0.251299	0.105497	0	0	0	
771	0.104292	0.077838	0.0264225	3.23147e-05	0.465782	0.347632	0.118005	0.00014432	4.13107e-05	0.000184497	
772	0.102848	0.102716	0.000132282	0	0.459331	0.458741	0.000590788	0	0	0	
773	0.110702	0.0900481	0.0206361	1.81437e-05	0.494407	0.402163	0.0921629	8.10317e-05	2.20943e-05	9.86756e-05	
774	0.077285	0.0772189	6.613e-05	0	0.345162	0.344867	0.000295343	0	0	0	
775	0.0752493	0.0752493	0	0	0.33607	0.33607	0	0	0	0	
776	0.0645545	0.0645545	0	0	0.288306	0.288306	0	0	0	0	
777	0.0739293	0.0739293	0	0	0.330175	0.330175	0	0	0	0	
778	0.0917894	0.0917894	0	0	0.40994	0.40994	0	0	0	0	
779	0.160721	0.110159	0.0505612	1.02416e-07	0.717796	0.491984	0.225811	4.57403e-07	7.18742e-08	3.20997e-07	
780	0.0511609	0.0432546	0.00790629	0	0.228489	0.193179	0.0353102	0	0	0	
781	0.055973	0.0422606	0.0137123	0	0.24998	0.18874	0.0612406	0	0	0	
782	0.106971	0.094667	0.0123033	1.05688e-06	0.477744	0.422792	0.0549477	4.72013e-06	1.02584e-06	4.58153e-06	
783	0.25004	0.134195	0.106323	0.00952155	1.1167	0.599329	0.474851	0.0425241	0.0145574	0.0650147	
784	0.071385	0.071385	0	0	0.318812	0.318812	0	0	0	0	
785	0.128628	0.0749696	0.0536517	6.90286e-06	0.574466	0.334821	0.239613	3.08288e-05	8.59879e-06	3.8403e-05	
786	0.139053	0.094442	0.043466	0.00114589	0.621028	0.421787	0.194123	0.00511768	0.00146681	0.00655092	
787	0.189201	0.0836463	0.105105	0.000449445	0.844991	0.373572	0.469411	0.00200726	0.0010307	0.00460324	
788	0.141997	0.0911956	0.0507407	6.12417e-05	0.634175	0.407288	0.226613	0.000273511	9.93485e-05	0.0004437	
789	0.102365	0.102299	6.613e-05	0	0.457173	0.456878	0.000295343	0	0	0	
790	0.120851	0.0841562	0.0366953	0	0.539735	0.37585	0.163885	0	0	0	
791	0.129133	0.0869179	0.0417959	0.000419858	0.576723	0.388183	0.186664	0.00187513	0.00121182	0.00541211	
792	0.0945059	0.0822168	0.0122891	0	0.422072	0.367188	0.0548846	0	0	0	
793	0.255572	0.146963	0.101931	0.00667784	1.14141	0.656354	0.455233	0.0298238	0.00708278	0.0316324	
794	0.101646	0.0893832	0.012244	1.94665e-05	0.453964	0.399194	0.0546833	8.69393e-05	3.67062e-05	0.000163933	
795	0.131125	0.105349	0.02571	6.58947e-05	0.585618	0.4705	0.114823	0.000294292	9.93495e-05	0.000443704	
796	0.0936044	0.0936044	0	0	0.418046	0.418046	0	0	0	0	
797	0.0545341	0.053155	0.00137912	0	0.243554	0.237395	0.0061593	0	0	0	
798	0.1883	0.103599	0.0844012	0.000299129	0.840966	0.462686	0.376943	0.00133594	0.000668586	0.00298597	
799	0.169279	0.12906	0.0402081	1.02139e-05	0.756016	0.576397	0.179573	4.56166e-05	1.2399e-05	5.53754e-05	
800	0.203429	0.158459	0.0449417	2.85645e-05	0.908537	0.707695	0.200713	0.000127571	2.85336e-05	0.000127434	
801	0.155529	0.0851134	0.0703115	0.000104477	0.694609	0.380124	0.314018	0.000466607	0.000541069	0.00241646	
802	0.121797	0.0861867	0.035414	0.000196739	0.543959	0.384918	0.158162	0.000878655	0.000225179	0.00100567	
803	0.0831443	0.0831443	0	0	0.37133	0.37133	0	0	0	0	
804	0.186426	0.150746	0.0349999	0.000680142	0.8326	0.67325	0.156312	0.00303757	0.000739793	0.00330399	
805	0.229798	0.143637	0.0845222	0.00163806	1.0263	0.6415	0.377484	0.00731574	0.00244939	0.0109392	
806	0.134729	0.106738	0.0278092	0.000181595	0.601714	0.476705	0.124198	0.000811022	0.000228661	0.00102122	
807	0.16468	0.11912	0.0453468	0.000213639	0.735478	0.532001	0.202523	0.000954134	0.000298083	0.00133126	
808	0.16928	0.152336	0.0168712	7.30689e-05	0.756022	0.680348	0.0753486	0.000326332	9.98471e-05	0.000445926	
809	0.191236	0.111996	0.0789722	0.000267608	0.854081	0.500189	0.352697	0.00119516	0.0005252	0.00234559	
810	0.0778511	0.0778011	4.99822e-05	0	0.34769	0.347467	0.000223225	0	0	0	
811	0.12263	0.0969333	0.0256132	8.39089e-05	0.547679	0.432913	0.114391	0.000374745	9.41525e-05	0.000420494	
812	0.162303	0.111946	0.0502505	0.000105843	0.724861	0.499965	0.224423	0.000472705	0.000130177	0.000581385	
813	0.0638334	0.0638334	0	0	0.285086	0.285086	0	0	0	0	
814	0.0853615	0.0813191	0.00404237	0	0.381232	0.363179	0.0180536	0	0	0	
815	0.149489	0.132354	0.0167365	0.000399154	0.667636	0.591106	0.0747471	0.00178266	0.000400886	0.00179039	
816	0.234479	0.155471	0.07832	0.000688241	1.0472	0.69435	0.349784	0.00307375	0.00105571	0.00471491	
817	0.14734	0.0969693	0.0498599	0.000511161	0.658036	0.433074	0.222679	0.00228289	0.000752785	0.00336201	
818	0.184423	0.123981	0.0598063	0.000635748	0.823655	0.553714	0.2671	0.00283931	0.00156627	0.00699513	
819	0.0668063	0.0668063	0	0	0.298363	0.298363	0	0	0	0	
820	0.0934761	0.0905474	0.00292734	1.41211e-06	0.417473	0.404393	0.0130738	6.30662e-06	1.77289e-06	7.91792e-06	
821	0.027562	0.0274987	6.32713e-05	0	0.123094	0.122812	0.000282575	0	0	0	
822	0.0931808	0.0840696	0.00911122	0	0.416154	0.375463	0.0406915	0	0	0	
823	0.0623354	0.0588676	0.0034206	4.7288e-05	0.278396	0.262908	0.0152767	0.000211192	4.72572e-05	0.000211055	
824	0.119308	0.11928	2.83498e-05	0	0.532845	0.532718	0.000126613	0	0	0	
825	0.0783336	0.0783336	0	0	0.349845	0.349845	0	0	0	0	
826	0.118974	0.105815	0.0131587	0	0.531352	0.472584	0.0587682	0	0	0	
827	0.083895	0.0838667	2.83498e-05	0	0.374683	0.374556	0.000126613	0	0	0	
828	0.154672	0.103335	0.0512729	6.36344e-05	0.690781	0.461508	0.228989	0.000284197	0.000113496	0.000506885	
829	0.133288	0.101242	0.0320459	2.77517e-07	0.595278	0.452156	0.14312	1.23942e-06	3.09822e-07	1.38369e-06	
830	0.161497	0.133503	0.0279944	0	0.721264	0.596238	0.125025	0	0	0	
831	0.100329	0.100329	0	0	0.448081	0.448081	0	0	0	0	
832	0.0847731	0.0835869	0.00118617	0	0.378605	0.373307	0.00529756	0	0	0	
833	0.0904221	0.0881323	0.00228693	2.90722e-06	0.403834	0.393607	0.0102136	1.29839e-05	2.99537e-06	1.33776e-05	
834	0.0985352	0.097591	0.000944289	0	0.440068	0.43585	0.00421728	0	0	0	
835	0.0978355	0.0962609	0.00157466	0	0.436943	0.42991	0.00703258	0	0	0	
836	0.142138	0.115783	0.0262634	9.15787e-05	0.634805	0.517101	0.117295	0.000408999	9.22251e-05	0.000411886	
837	0.126542	0.119711	0.00679448	3.64027e-05	0.565149	0.534642	0.0303448	0.000162578	3.95341e-05	0.000176563	
838	0.141094	0.0969346	0.0440424	0.000117371	0.630141	0.432919	0.196697	0.000524193	0.00017485	0.000780899	
839	0.212247	0.151741	0.0600019	0.000504949	0.947919	0.67769	0.267974	0.00225515	0.000542783	0.00242412	
840	0.111906	0.0763255	0.0355806	0	0.499783	0.340877	0.158906	0	0	0	
841	0.11325	0.079564	0.0336796	6.59095e-06	0.505786	0.35534	0.150416	2.94358e-05	2.77379e-05	0.00012388	
842	0.102612	0.0974565	0.00515627	0	0.458278	0.43525	0.0230284	0	0	0	
843	0.1435	0.120815	0.0224723	0.00021196	0.640886	0.539575	0.100363	0.000946634	0.000227038	0.00101397	
844	0.123555	0.109375	0.0141757	4.30651e-06	0.551812	0.488482	0.0633103	1.92333e-05	4.66179e-06	2.082e-05	
845	0.194704	0.133801	0.059457	0.00144595	0.869566	0.597568	0.265541	0.00645775	0.00249675	0.0111507	
846	0.103397	0.0933727	0.0100245	0	0.461782	0.417011	0.0447707	0	0	0	
847	0.121	0.0952093	0.0257695	2.18095e-05	0.5404	0.425213	0.115089	9.74033e-05	2.2045e-05	9.84553e-05	
848	0.104733	0.102047	0.00268427	8.51539e-07	0.467747	0.455755	0.0119882	3.80305e-06	1.61636e-06	7.21883e-06	
849	0.0993328	0.0961537	0.00317698	2.06257e-06	0.443629	0.429432	0.0141887	9.21166e-06	5.05649e-06	2.25827e-05	
850	0.0796612	0.0795625	9.86306e-05	0	0.355774	0.355334	0.000440494	0	0	0	
851	0.0641042	0.0641042	0	0	0.286295	0.286295	0	0	0	0	
852	0.0918168	0.0842091	0.00759002	1.77061e-05	0.410062	0.376086	0.0338977	7.90772e-05	2.61889e-05	0.000116962	
853	0.10493	0.102724	0.00220617	0	0.468631	0.458778	0.00985298	0	0	0	
854	0.0984588	0.0938493	0.00460578	3.79913e-06	0.439726	0.41914	0.0205698	1.69673e-05	5.35954e-06	2.39362e-05	
855	0.109728	0.0925557	0.016602	0.000570895	0.490058	0.413363	0.0741463	0.00254967	0.000570864	0.00254953	
856	0.112016	0.102888	0.00912861	0	0.500277	0.459507	0.0407692	0	0	0	
857	0.0629085	0.0629085	0	0	0.280955	0.280955	0	0	0	0	
858	0.105915	0.0847444	0.0211614	9.3186e-06	0.473027	0.378476	0.0945092	4.16178e-05	1.95907e-05	8.7494e-05	
859	0.127287	0.111068	0.0162189	0	0.568478	0.496043	0.0724351	0	0	0	
860	0.0925865	0.0834578	0.00912861	0	0.4135	0.37273	0.0407692	0	0	0	
861	0.0863091	0.0855976	0.000711523	0	0.385464	0.382287	0.00317773	0	0	0	
862	0.112759	0.0782018	0.0343147	0.000242971	0.503594	0.349256	0.153253	0.00108513	0.000279076	0.00124638	
863	0.118825	0.114093	0.00473218	2.56208e-07	0.530685	0.50955	0.0211343	1.14425e-06	1.32346e-06	5.91072e-06	
864	0.106965	0.0943784	0.0125874	0	0.47772	0.421503	0.0562169	0	0	0	
865	0.116102	0.115632	0.000470195	0	0.518526	0.516426	0.00209993	0	0	0	
866	0.0758028	0.0751472	0.000655654	0	0.338542	0.335614	0.00292821	0	0	0	
867	0.08563	0.08563	0	0	0.382432	0.382432	0	0	0	0	
868	0.103187	0.0988591	0.00430833	1.99401e-05	0.460844	0.441514	0.0192414	8.90545e-05	2.04645e-05	9.13967e-05	
869	0.0972936	0.0935808	0.00369468	1.81199e-05	0.434522	0.417941	0.0165008	8.09256e-05	1.81726e-05	8.11608e-05	
870	0.130083	0.124855	0.00522793	0	0.580963	0.557615	0.0233484	0	0	0	
871	0.107342	0.0978189	0.00951167	1.24127e-05	0.479404	0.436868	0.04248	5.54367e-05	1.23817e-05	5.52981e-05	
872	0.0420408	0.0414536	0.000587265	0	0.187758	0.185135	0.00262278	0	0	0	
873	0.0994698	0.0989194	0.000550431	0	0.444241	0.441783	0.00245827	0	0	0	
874	0.105837	0.0899792	0.0158581	0	0.47268	0.401856	0.0708238	0	0	0	
875	0.0810301	0.0806946	0.000335473	0	0.361888	0.36039	0.00149825	0	0	0	
876	0.0440224	0.0440224	0	0	0.196608	0.196608	0	0	0	0	
877	0.101354	0.0867798	0.014395	0.000179593	0.452658	0.387567	0.0642898	0.000802082	0.000179563	0.000801948	
878	0.100501	0.0983995	0.00210147	0	0.448847	0.439461	0.00938541	0	0	0	
879	0.0863948	0.0863948	0	0	0.385847	0.385847	0	0	0	0	
880	0.0918379	0.0868434	0.00499448	0	0.410157	0.387851	0.0223058	0	0	0	
881	0.0818778	0.0785729	0.00327688	2.80886e-05	0.365674	0.350914	0.0146348	0.000125446	2.80576e-05	0.000125308	
882	0.0911003	0.0886016	0.00249655	2.20059e-06	0.406862	0.395703	0.0111498	9.82806e-06	2.21672e-06	9.90012e-06	
883	0.0592908	0.0587035	0.000587265	0	0.264798	0.262175	0.00262278	0	0	0	
884	0.07807	0.07807	0	0	0.348668	0.348668	0	0	0	0	
885	0.0886857	0.0886857	0	0	0.396079	0.396079	0	0	0	0	
886	0.102456	0.100777	0.0016793	0	0.457579	0.450079	0.00749995	0	0	0	
887	0.0654987	0.0654987	0	0	0.292523	0.292523	0	0	0	0	
888	0.0959291	0.0959291	0	0	0.428429	0.428429	0	0	0	0	
889	0.0661392	0.0640255	0.00211378	0	0.295384	0.285944	0.00944034	0	0	0	
890	0.093264	0.0907956	0.00246831	0	0.416526	0.405502	0.0110237	0	0	0	
891	0.0409561	0.0408932	6.29254e-05	0	0.182914	0.182633	0.000281031	0	0	0	
892	0.0580105	0.0580105	0	0	0.25908	0.25908	0	0	0	0	
893	0.086098	0.086098	0	0	0.384522	0.384522	0	0	0	0	
894	0.0835198	0.0830086	0.000511259	0	0.373007	0.370724	0.00228333	0	0	0	
895	0.0793087	0.0793087	0	0	0.3542	0.3542	0	0	0	0	
896	0.0786238	0.0781125	0.000511259	0	0.351141	0.348858	0.00228333	0	0	0	
897	0.0738164	0.0710611	0.00275525	0	0.329671	0.317366	0.0123052	0	0	0	
898	0.072487	0.072487	0	0	0.323734	0.323734	0	0	0	0	
899	0.0958018	0.0948441	0.000957725	0	0.42786	0.423582	0.00427729	0	0	0	
900	0.0811493	0.0811493	0	0	0.36242	0.36242	0	0	0	0	
901	0.192814	0.111418	0.0809517	0.000443433	0.861126	0.497607	0.361538	0.00198041	0.000601256	0.00268527	
902	0.0745761	0.0745761	0	0	0.333064	0.333064	0	0	0	0	
903	0.217091	0.115259	0.101351	0.000479944	0.96955	0.514759	0.452647	0.00214348	0.000525649	0.0023476	
904	0.0672954	0.0672954	0	0	0.300547	0.300547	0	0	0	0	
905	0.161409	0.092209	0.0692	0	0.720868	0.411814	0.309054	0	0	0	
906	0.207097	0.129748	0.0766261	0.000723068	0.924917	0.579468	0.342219	0.00322929	0.00100253	0.00447741	
907	0.0798604	0.0798114	4.90125e-05	0	0.356664	0.356445	0.000218894	0	0	0	
908	0.113011	0.0986713	0.0143368	3.18942e-06	0.504719	0.440675	0.0640299	1.42442e-05	1.8848e-05	8.41772e-05	
909	0.105654	0.104894	0.000759396	0	0.471862	0.46847	0.00339153	0	0	0	
910	0.121685	0.0896664	0.0320185	0	0.543457	0.400459	0.142997	0	0	0	
911	0.124993	0.106034	0.0184777	0.000480688	0.558232	0.473562	0.0825234	0.0021468	0.000484912	0.00216566	
912	0.107528	0.0953783	0.0121092	4.07332e-05	0.480231	0.425968	0.0540812	0.000181918	5.33677e-05	0.000238345	
913	0.111246	0.0981926	0.0129935	5.99458e-05	0.496836	0.438537	0.0580305	0.000267723	5.99149e-05	0.000267585	
914	0.0763079	0.0763079	0	0	0.340798	0.340798	0	0	0	0	
915	0.131872	0.0912569	0.0405035	0.000112083	0.588955	0.407562	0.180892	0.000500574	0.000115847	0.000517384	
916	0.106317	0.106317	0	0	0.474825	0.474825	0	0	0	0	
917	0.116206	0.0921189	0.024087	0	0.518987	0.411412	0.107575	0	0	0	
918	0.127732	0.088513	0.0383421	0.000876939	0.570463	0.395307	0.171239	0.00391649	0.00109159	0.00487515	
919	0.0907906	0.0858196	0.00497105	0	0.405479	0.383278	0.0222012	0	0	0	
920	0.115892	0.0853874	0.0304792	2.59239e-05	0.517587	0.381348	0.136123	0.000115778	5.05136e-05	0.000225598	
921	0.0381273	0.0381273	0	0	0.17028	0.17028	0	0	0	0	
922	0.0196226	0.019053	0.000569663	0	0.0876367	0.0850925	0.00254417	0	0	0	
923	0.061333	0.0589177	0.00241527	3.095e-08	0.273919	0.263132	0.0107868	1.38225e-07	1.96197e-06	8.76237e-06	
924	0.0604179	0.0514454	0.00897252	0	0.269832	0.22976	0.0400721	0	0	0	
925	0.0486275	0.0446289	0.00397521	2.34205e-05	0.217175	0.199317	0.0177536	0.000104598	2.53516e-05	0.000113222	
926	0.0673984	0.0585572	0.00881967	2.15412e-05	0.301007	0.261522	0.0393895	9.62053e-05	2.15101e-05	9.60665e-05	
927	0.0779537	0.0769443	0.00100943	0	0.348149	0.34364	0.00450822	0	0	0	
928	0.103334	0.094718	0.00861676	0	0.461503	0.423019	0.0384833	0	0	0	
929	0.0445335	0.0428132	0.00172032	0	0.198891	0.191207	0.00768314	0	0	0	
930	0.0751181	0.0744461	0.000672094	0	0.335485	0.332483	0.00300164	0	0	0	
931	0.0927052	0.0822272	0.0103543	0.000123728	0.41403	0.367234	0.0462435	0.000552582	0.000123697	0.000552444	
932	0.0854868	0.0837821	0.00170467	0	0.381792	0.374179	0.00761322	0	0	0	
933	0.0475162	0.0475162	0	0	0.212212	0.212212	0	0	0	0	
934	0.0463208	0.0452725	0.00104823	0	0.206873	0.202191	0.0046815	0	0	0	
935	0.0921475	0.0773935	0.0147539	0	0.411539	0.345647	0.0658925	0	0	0	
936	0.0755022	0.0755022	0	0	0.3372	0.3372	0	0	0	0	
937	0.0616411	0.0616411	0	0	0.275295	0.275295	0	0	0	0	
938	0.0670574	0.0670574	0	0	0.299484	0.299484	0	0	0	0	
939	0.0730175	0.0726137	0.000403777	0	0.326103	0.324299	0.0018033	0	0	0	
940	0.0751798	0.0741921	0.000987667	0	0.33576	0.331349	0.00441102	0	0	0	
941	0.0684591	0.0684591	0	0	0.305744	0.305744	0	0	0	0	
942	0.070561	0.070561	0	0	0.315132	0.315132	0	0	0	0	
943	0.0799201	0.0799201	0	0	0.356931	0.356931	0	0	0	0	
944	0.0637737	0.0633699	0.000403777	0	0.284819	0.283016	0.0018033	0	0	0	
945	0.0630906	0.0630906	0	0	0.281769	0.281769	0	0	0	0	
946	0.0653791	0.0653791	0	0	0.291989	0.291989	0	0	0	0	
947	0.095464	0.095464	0	0	0.426351	0.426351	0	0	0	0	
948	0.0598829	0.0540615	0.00582136	0	0.267442	0.241444	0.0259987	0	0	0	
949	0.0645045	0.0645045	0	0	0.288083	0.288083	0	0	0	0	
950	0.0858124	0.0858124	0	0	0.383246	0.383246	0	0	0	0	
951	0.115646	0.115646	0	0	0.516488	0.516488	0	0	0	0	
952	0.0495921	0.0493519	0.000240121	0	0.221483	0.22041	0.0010724	0	0	0	
953	0.0538943	0.0531468	0.000747546	0	0.240697	0.237358	0.00333861	0	0	0	
954	0.08709	0.086151	0.000938945	0	0.388952	0.384759	0.00419341	0	0	0	
955	0.0888285	0.0888285	0	0	0.396716	0.396716	0	0	0	0	
956	0.0558325	0.0495566	0.00619444	8.14913e-05	0.249353	0.221324	0.0276649	0.000363948	8.14605e-05	0.00036381	
957	0.0787446	0.0787446	0	0	0.351681	0.351681	0	0	0	0	
958	0.0771027	0.0691098	0.0079929	0	0.344348	0.308651	0.035697	0	0	0	
959	0.0906702	0.0906702	0	0	0.404941	0.404941	0	0	0	0	
960	0.0564938	0.0564938	0	0	0.252306	0.252306	0	0	0	0	
961	0.0788809	0.0746951	0.00418582	0	0.352289	0.333595	0.0186942	0	0	0	
962	0.0978561	0.0976521	0.000204004	0	0.437034	0.436123	0.000911104	0	0	0	
963	0.145341	0.145243	9.74876e-05	0	0.649108	0.648673	0.000435389	0	0	0	
964	0.104916	0.103977	0.000938945	0	0.468568	0.464375	0.00419341	0	0	0	
965	0.152048	0.0958695	0.0559859	0.000192716	0.679061	0.428162	0.250038	0.000860692	0.000192685	0.00086055	
966	0.156582	0.101283	0.0552993	0	0.699314	0.452342	0.246972	0	0	0	
967	0.0451125	0.0441681	0.000944429	0	0.201477	0.197259	0.00421791	0	0	0	
968	0.0704004	0.0704004	0	0	0.314415	0.314415	0	0	0	0	
969	0.20374	0.177195	0.0265417	3.4644e-06	0.909923	0.79137	0.118538	1.54723e-05	2.2503e-05	0.0001005	
970	0.217551	0.173007	0.0441751	0.000368239	0.971603	0.772669	0.19729	0.00164459	0.000474148	0.00211759	
