Node	dPC	dPCintra	dPCflux	dPCconnector	varPC	varPCintra	varPCflux	varPCconnector	dBC_PC	varBC_PC	
1	0.173113	0.165106	0.00800615	1.24308e-07	0.77235	0.736629	0.0357197	5.54608e-07	1.12043e-07	4.99883e-07	
2	0.0918932	0.0831135	0.00874308	3.66316e-05	0.409984	0.370813	0.0390075	0.000163433	3.66079e-05	0.000163327	
3	0.0926254	0.081423	0.0112008	1.52197e-06	0.413251	0.363271	0.0499729	6.79033e-06	3.17972e-06	1.41864e-05	
4	0.0571595	0.0571595	0	0	0.255019	0.255019	0	0	0	0	
5	0.114527	0.105769	0.00875686	1.29099e-06	0.510969	0.471894	0.039069	5.75983e-06	2.40696e-06	1.07387e-05	
6	0.091117	0.0890886	0.00201925	9.21659e-06	0.406521	0.397471	0.00900896	4.11201e-05	9.23995e-06	4.12243e-05	
7	0.0864443	0.0858051	0.000639169	0	0.385674	0.382822	0.00285167	0	0	0	
8	0.12121	0.102542	0.0186688	0	0.540786	0.457494	0.0832917	0	0	0	
9	0.0884403	0.0862324	0.00220782	6.80517e-08	0.394579	0.384729	0.00985027	3.03615e-07	1.71016e-07	7.62994e-07	
10	0.0602021	0.0590756	0.00112337	3.09411e-06	0.268593	0.263568	0.00501196	1.38044e-05	3.17476e-06	1.41643e-05	
11	0.0844322	0.0788519	0.00558032	0	0.376697	0.3518	0.0248967	0	0	0	
12	0.0972764	0.0941679	0.00310089	7.60107e-06	0.434002	0.420133	0.0138347	3.39124e-05	8.13911e-06	3.63129e-05	
13	0.102739	0.102739	0	0	0.458377	0.458377	0	0	0	0	
14	0.0834658	0.0832077	0.000258101	0	0.372385	0.371234	0.00115152	0	0	0	
15	0.0942925	0.0925036	0.00178608	2.82517e-06	0.420689	0.412708	0.00796869	1.26046e-05	2.80146e-06	1.24988e-05	
16	0.0731133	0.0731133	0	0	0.326197	0.326197	0	0	0	0	
17	0.0866755	0.0842968	0.00237867	0	0.386705	0.376093	0.0106125	0	0	0	
18	0.0732873	0.0719865	0.00129526	5.53706e-06	0.326973	0.32117	0.00577888	2.47038e-05	5.5136e-06	2.45991e-05	
19	0.0867707	0.0841104	0.00266026	0	0.38713	0.375261	0.0118688	0	0	0	
20	0.0589868	0.0589868	0	0	0.263171	0.263171	0	0	0	0	
21	0.0835002	0.0815644	0.00193201	3.87088e-06	0.372539	0.363902	0.00861977	1.727e-05	5.61933e-06	2.50708e-05	
22	0.0894171	0.0873717	0.00204438	1.04813e-06	0.398937	0.389811	0.00912109	4.6763e-06	1.02441e-06	4.57044e-06	
23	0.0986463	0.0947481	0.00387193	2.63084e-05	0.440114	0.422722	0.0172747	0.000117376	2.64854e-05	0.000118165	
24	0.067769	0.0649442	0.0028248	0	0.302353	0.289751	0.0126029	0	0	0	
25	0.124056	0.115272	0.00868175	0.00010219	0.553481	0.514291	0.0387339	0.000455926	0.000102367	0.000456715	
26	0.0856932	0.0840934	0.00159974	0	0.382323	0.375185	0.00713729	0	0	0	
27	0.083462	0.0760638	0.00728433	0.000113941	0.372368	0.339361	0.0324992	0.000508355	0.00012336	0.000550376	
28	0.0662055	0.0619751	0.00423043	0	0.295378	0.276504	0.0188742	0	0	0	
29	0.107436	0.101048	0.00638804	6.81743e-07	0.479333	0.450829	0.0285004	3.04161e-06	1.26885e-06	5.66104e-06	
30	0.168547	0.148512	0.0199356	9.96215e-05	0.751979	0.662592	0.0889433	0.000444464	0.000105879	0.000472386	
31	0.143981	0.138108	0.00587247	1.35557e-06	0.64238	0.616173	0.0262002	6.04793e-06	1.33176e-06	5.94171e-06	
32	0.144602	0.13857	0.00603144	4.92546e-07	0.645148	0.618236	0.0269094	2.19751e-06	4.70167e-07	2.09766e-06	
33	0.0786305	0.0764779	0.00214943	3.17272e-06	0.350812	0.341209	0.00958977	1.41552e-05	4.14337e-06	1.84857e-05	
34	0.107328	0.0969402	0.0103853	3.39379e-06	0.478851	0.432502	0.0463346	1.51415e-05	5.1659e-06	2.30478e-05	
35	0.0743268	0.0608303	0.0134156	8.08129e-05	0.331611	0.271396	0.0598544	0.000360549	8.52124e-05	0.000380178	
36	0.0832118	0.0809819	0.00222987	0	0.371252	0.361303	0.00994865	0	0	0	
37	0.168882	0.0947765	0.0741054	0	0.753472	0.422848	0.330624	0	0	0	
38	0.0803298	0.0782451	0.00208466	6.72262e-08	0.358394	0.349093	0.00930081	2.99932e-07	1.10998e-07	4.95221e-07	
39	0.0890168	0.0837185	0.00529274	5.58183e-06	0.397151	0.373513	0.0236137	2.49035e-05	5.69833e-06	2.54233e-05	
40	0.102759	0.100733	0.00202482	1.1799e-06	0.458463	0.449424	0.00903383	5.26417e-06	1.19138e-06	5.31539e-06	
41	0.0995592	0.0957188	0.0038404	0	0.444187	0.427053	0.017134	0	0	0	
42	0.0765575	0.0737758	0.00278165	0	0.341564	0.329153	0.0124104	0	0	0	
43	0.0600679	0.0552108	0.0048571	0	0.267995	0.246325	0.0216701	0	0	0	
44	0.0647546	0.0644605	0.000294162	0	0.288905	0.287592	0.00131241	0	0	0	
45	0.0572082	0.0520259	0.00518225	0	0.255236	0.232115	0.0231208	0	0	0	
46	0.0926023	0.0849391	0.00764662	1.65599e-05	0.413148	0.378958	0.0341156	7.38827e-05	1.92036e-05	8.56777e-05	
47	0.135585	0.134552	0.00103224	0	0.604917	0.600312	0.00460539	0	0	0	
48	0.108741	0.0848433	0.0238984	5.01969e-08	0.485155	0.378531	0.106623	2.23955e-07	8.73256e-08	3.89606e-07	
49	0.164618	0.158023	0.00659356	1.44495e-06	0.734448	0.705025	0.0294174	6.44669e-06	2.67759e-06	1.19461e-05	
50	0.106916	0.0950619	0.0118487	5.78245e-06	0.477011	0.424122	0.0528636	2.57986e-05	8.45762e-06	3.77339e-05	
51	0.085562	0.0844868	0.00107512	0	0.381737	0.376941	0.00479671	0	0	0	
52	0.0797566	0.076073	0.00368357	0	0.355836	0.339402	0.0164343	0	0	0	
53	0.0987269	0.0947639	0.00395227	1.07411e-05	0.440473	0.422792	0.0176332	4.79221e-05	1.30587e-05	5.82619e-05	
54	0.0961945	0.0905639	0.00562521	5.43223e-06	0.429175	0.404053	0.025097	2.42361e-05	8.15083e-06	3.63652e-05	
55	0.102649	0.0925692	0.0100648	1.52603e-05	0.457973	0.413	0.0449047	6.80844e-05	1.77817e-05	7.93337e-05	
56	0.117351	0.111817	0.00553393	0	0.523569	0.498879	0.0246898	0	0	0	
57	0.101847	0.100573	0.00127337	4.48109e-07	0.454396	0.448712	0.00568121	1.99925e-06	4.24339e-07	1.8932e-06	
58	0.119923	0.0911669	0.0286974	5.87003e-05	0.535041	0.406744	0.128034	0.000261893	0.00010512	0.000468996	
59	0.173793	0.111864	0.0618791	4.99531e-05	0.775386	0.499087	0.276076	0.000222867	5.08772e-05	0.00022699	
60	0.076757	0.0734828	0.00327424	0	0.342454	0.327845	0.0146081	0	0	0	
61	0.0875004	0.0869978	0.000502585	0	0.390386	0.388143	0.0022423	0	0	0	
62	0.104923	0.0932696	0.0116175	3.61774e-05	0.468118	0.416125	0.051832	0.000161406	4.06588e-05	0.0001814	
63	0.126683	0.0937534	0.0329114	1.8548e-05	0.565202	0.418284	0.146835	8.27525e-05	2.92999e-05	0.000130722	
64	0.0983683	0.0966541	0.00171103	3.23649e-06	0.438873	0.431225	0.00763383	1.44397e-05	3.21277e-06	1.43339e-05	
65	0.113228	0.102394	0.0107228	0.000111297	0.505174	0.456837	0.0478404	0.000496559	0.000117576	0.000524572	
66	0.114986	0.10075	0.0142359	8.45129e-08	0.513015	0.449501	0.0635139	3.77057e-07	1.59486e-07	7.11554e-07	
67	0.160024	0.137095	0.0228932	3.61166e-05	0.713955	0.611654	0.102139	0.000161135	7.25492e-05	0.000323681	
68	0.106424	0.0797229	0.0266943	7.05634e-06	0.474815	0.355686	0.119097	3.14821e-05	7.51842e-06	3.35436e-05	
69	0.117863	0.113549	0.00430815	6.43983e-06	0.525853	0.506603	0.0192209	2.87315e-05	8.00059e-06	3.56949e-05	
70	0.0794371	0.0762105	0.00322621	4.35423e-07	0.354411	0.340015	0.0143938	1.94265e-06	1.06051e-06	4.73151e-06	
71	0.0661614	0.044105	0.0220547	1.76307e-06	0.295181	0.196775	0.0983979	7.86602e-06	2.43522e-05	0.000108648	
72	0.166572	0.129232	0.0372322	0.000107242	0.743166	0.576575	0.166112	0.000478467	0.000163247	0.000728333	
73	0.0762581	0.059547	0.0167111	0	0.340228	0.265671	0.0745574	0	0	0	
74	0.1395	0.105787	0.0334761	0.000237202	0.622386	0.471973	0.149354	0.00105828	0.000283506	0.00126487	
75	0.179065	0.142535	0.0361445	0.000385395	0.798906	0.635927	0.16126	0.00171945	0.000504272	0.00224982	
76	0.162187	0.139995	0.0219137	0.000278607	0.723604	0.624593	0.097769	0.00124301	0.000316882	0.00141378	
77	0.0887704	0.0887704	0	0	0.396052	0.396052	0	0	0	0	
78	0.139286	0.0977872	0.0410948	0.000404813	0.621432	0.436281	0.183345	0.00180608	0.000437805	0.00195328	
79	0.154775	0.135731	0.0189629	8.20844e-05	0.690538	0.605568	0.0846037	0.000366222	0.000148399	0.000662088	
80	0.136666	0.123958	0.0126923	1.62414e-05	0.609743	0.553044	0.0566271	7.24619e-05	1.7365e-05	7.74745e-05	
81	0.108551	0.105196	0.0033547	0	0.484304	0.469337	0.0149671	0	0	0	
82	0.251006	0.159558	0.0895062	0.00194215	1.11987	0.711875	0.399335	0.008665	0.00266194	0.0118763	
83	0.159602	0.123951	0.035602	4.8744e-05	0.712069	0.553012	0.158839	0.000217473	8.13848e-05	0.000363101	
84	0.112255	0.0952299	0.0170252	1.82729e-07	0.50083	0.424871	0.0759587	8.15251e-07	3.89093e-07	1.73595e-06	
85	0.139371	0.100102	0.0392697	0	0.621812	0.446609	0.175203	0	0	0	
86	0.165573	0.144757	0.0208166	0	0.738713	0.645839	0.0928742	0	0	0	
87	0.0804979	0.076835	0.00366293	0	0.359144	0.342802	0.0163423	0	0	0	
88	0.0836746	0.0808182	0.00285563	8.87308e-07	0.373317	0.360573	0.0127405	3.95875e-06	8.63644e-07	3.85317e-06	
89	0.0780925	0.0761899	0.00189292	9.6954e-06	0.348412	0.339923	0.00844535	4.32563e-05	9.67171e-06	4.31506e-05	
90	0.108549	0.0978195	0.0107196	1.03984e-05	0.484297	0.436425	0.0478262	4.63928e-05	1.36795e-05	6.10315e-05	
91	0.106411	0.101356	0.00505416	7.05561e-08	0.474756	0.452207	0.0225493	3.14788e-07	9.46885e-08	4.22455e-07	
92	0.0855461	0.0830311	0.0025136	1.35231e-06	0.381666	0.370446	0.0112145	6.03339e-06	1.90752e-06	8.51048e-06	
93	0.0967408	0.0893782	0.00736204	6.02841e-07	0.431612	0.398764	0.0328459	2.68959e-06	2.2357e-06	9.97466e-06	
94	0.0922174	0.0849214	0.00729599	0	0.411431	0.378879	0.0325513	0	0	0	
95	0.150595	0.130202	0.020393	0	0.671887	0.580902	0.0909844	0	0	0	
96	0.206379	0.158024	0.0480767	0.000278959	0.920771	0.70503	0.214496	0.00124458	0.000723374	0.00322736	
97	0.112692	0.0937943	0.0188287	6.9592e-05	0.502782	0.418466	0.0840052	0.000310487	9.19652e-05	0.000410305	
98	0.108065	0.088751	0.0192869	2.77342e-05	0.482139	0.395965	0.0860495	0.000123737	2.81663e-05	0.000125664	
99	0.108015	0.0995053	0.00850842	2.24556e-06	0.481916	0.443946	0.0379606	1.00186e-05	4.5395e-06	2.02531e-05	
100	0.0991771	0.0914825	0.00768267	1.18895e-05	0.442482	0.408152	0.0342765	5.30456e-05	1.57022e-05	7.00563e-05	
101	0.146062	0.143524	0.00253783	0	0.651661	0.640339	0.0113226	0	0	0	
102	0.158172	0.106685	0.051382	0.000104848	0.705693	0.475982	0.229242	0.000467785	0.000129926	0.000579671	
103	0.077815	0.0729275	0.00488737	1.70249e-07	0.347174	0.325368	0.0218051	7.59571e-07	1.86336e-07	8.31346e-07	
104	0.106273	0.0828555	0.0233667	5.11593e-05	0.474142	0.369662	0.104251	0.000228249	8.68433e-05	0.000387454	
105	0.0939577	0.0857572	0.00811173	8.87408e-05	0.419195	0.382608	0.0361907	0.00039592	0.000102319	0.000456502	
106	0.144286	0.110934	0.0333505	9.04795e-07	0.643736	0.494938	0.148794	4.03677e-06	1.02652e-06	4.57989e-06	
107	0.2246	0.145905	0.0784213	0.000273694	1.00206	0.65096	0.349879	0.00122109	0.000361976	0.00161497	
108	0.102322	0.0963935	0.0059149	1.4393e-05	0.456516	0.430063	0.0263895	6.42148e-05	1.75581e-05	7.83364e-05	
109	0.127531	0.107519	0.0199847	2.65633e-05	0.568984	0.479703	0.0891626	0.000118513	3.4608e-05	0.000154405	
110	0.115228	0.108038	0.00719018	0	0.514097	0.482018	0.0320792	0	0	0	
111	0.102314	0.0957153	0.00658799	1.15446e-05	0.456481	0.427037	0.0293925	5.15066e-05	1.4593e-05	6.51072e-05	
112	0.100657	0.0942975	0.00635532	4.83479e-06	0.449087	0.420711	0.0283544	2.15706e-05	7.32569e-06	3.26838e-05	
113	0.09362	0.0912817	0.00233785	3.93242e-07	0.417688	0.407256	0.0104304	1.75446e-06	1.13987e-06	5.08559e-06	
114	0.15743	0.123487	0.0335414	0.000401745	0.702383	0.550944	0.149646	0.00179239	0.000690453	0.00308048	
115	0.112199	0.106241	0.00595795	5.1545e-07	0.500582	0.473999	0.0265815	2.29969e-06	8.36379e-07	3.73153e-06	
116	0.120558	0.113747	0.00680871	2.60215e-06	0.537877	0.507489	0.0303772	1.16096e-05	2.86916e-06	1.28008e-05	
117	0.108928	0.096336	0.0125924	3.07106e-07	0.485989	0.429806	0.0561815	1.37016e-06	3.21167e-07	1.43289e-06	
118	0.103217	0.101062	0.00215472	4.02077e-08	0.460508	0.450895	0.00961336	1.79388e-07	7.51402e-08	3.3524e-07	
119	0.116892	0.112948	0.00394436	0	0.52152	0.503922	0.0175979	0	0	0	
120	0.104236	0.0956119	0.00861458	9.74701e-06	0.465053	0.426576	0.0384342	4.34866e-05	1.67231e-05	7.46108e-05	
121	0.0871653	0.0838644	0.0032985	2.4664e-06	0.388891	0.374163	0.0147163	1.10039e-05	5.88696e-06	2.62648e-05	
122	0.189703	0.156791	0.0327331	0.000178752	0.846367	0.69953	0.14604	0.00079751	0.000248794	0.00111	
123	0.11077	0.106375	0.00439561	0	0.494207	0.474595	0.0196111	0	0	0	
124	0.161374	0.0958028	0.0632314	0.00234042	0.719978	0.427427	0.282109	0.0104419	0.00544713	0.0243025	
125	0.10731	0.102804	0.00450521	3.15424e-07	0.478768	0.458667	0.0201001	1.40727e-06	4.4521e-07	1.98632e-06	
126	0.138538	0.10375	0.0343748	0.000412646	0.618091	0.462886	0.153364	0.00184103	0.000897903	0.00400602	
127	0.212114	0.190506	0.0215078	0.000100717	0.946356	0.849949	0.095958	0.000449353	0.000123869	0.000552648	
128	0.136822	0.119958	0.0168519	1.22273e-05	0.61044	0.5352	0.0751854	5.45529e-05	1.36982e-05	6.1115e-05	
129	0.123429	0.117371	0.00605435	4.03022e-06	0.550685	0.523656	0.0270117	1.79809e-05	4.37715e-06	1.95288e-05	
130	0.0988215	0.0956875	0.00313335	7.56883e-07	0.440895	0.426912	0.0139795	3.37686e-06	1.00412e-06	4.47992e-06	
131	0.130913	0.123912	0.00698946	1.0979e-05	0.584073	0.55284	0.0311837	4.89832e-05	1.16398e-05	5.19316e-05	
132	0.120222	0.0846678	0.0355512	3.58766e-06	0.536377	0.377748	0.158612	1.60064e-05	8.00754e-06	3.57259e-05	
133	0.14233	0.110172	0.0319236	0.000234603	0.635014	0.491539	0.142428	0.00104668	0.000479887	0.00214103	
134	0.0967928	0.0950873	0.00170539	1.26738e-07	0.431844	0.424235	0.00760868	5.6545e-07	5.74494e-07	2.56312e-06	
135	0.0728646	0.0701485	0.00271606	0	0.325088	0.31297	0.0121178	0	0	0	
136	0.106577	0.102914	0.0036518	1.11704e-05	0.475498	0.459156	0.0162926	4.98372e-05	1.1335e-05	5.05718e-05	
137	0.110618	0.101529	0.00904286	4.67718e-05	0.493528	0.452975	0.040345	0.000208674	6.46255e-05	0.000288328	
138	0.112637	0.103745	0.00888839	3.24087e-06	0.502535	0.462865	0.0396558	1.44592e-05	6.34039e-06	2.82878e-05	
139	0.111546	0.105597	0.00594922	0	0.497667	0.471125	0.0265426	0	0	0	
140	0.135503	0.120359	0.0150788	6.47562e-05	0.604552	0.536989	0.0672748	0.000288912	8.11768e-05	0.000362173	
141	0.100135	0.0924906	0.00764018	5.00571e-06	0.446759	0.41265	0.0340869	2.23331e-05	7.07959e-06	3.15858e-05	
142	0.0844682	0.0829526	0.00151567	0	0.376858	0.370095	0.00676224	0	0	0	
143	0.15607	0.153911	0.00215834	0	0.696312	0.686683	0.00962953	0	0	0	
144	0.099299	0.0982015	0.00109748	4.15702e-08	0.443025	0.438129	0.00489646	1.85466e-07	1.48463e-07	6.62373e-07	
145	0.0909324	0.0862762	0.00465625	0	0.405698	0.384924	0.020774	0	0	0	
146	0.0642379	0.0608457	0.00339217	0	0.286599	0.271465	0.0151343	0	0	0	
147	0.0769542	0.0722972	0.00464451	1.25551e-05	0.343334	0.322556	0.0207216	5.60154e-05	1.54003e-05	6.87093e-05	
148	0.112366	0.107229	0.00513684	0	0.501326	0.478408	0.0229181	0	0	0	
149	0.110405	0.0993764	0.0110202	8.59717e-06	0.492577	0.443371	0.0491673	3.83565e-05	1.34494e-05	6.00053e-05	
150	0.090063	0.0821632	0.00789804	1.72064e-06	0.401819	0.366574	0.0352374	7.67673e-06	1.69665e-06	7.56967e-06	
151	0.133563	0.123787	0.00976966	6.02129e-06	0.595898	0.552284	0.0435876	2.68642e-05	9.26518e-06	4.13369e-05	
152	0.0999454	0.0843222	0.0155625	6.0651e-05	0.445909	0.376206	0.0694329	0.000270596	8.44324e-05	0.000376698	
153	0.13996	0.134916	0.00504359	0	0.624437	0.601934	0.0225021	0	0	0	
154	0.10405	0.0972133	0.00683469	2.1527e-06	0.464223	0.43372	0.0304932	9.60434e-06	2.86809e-06	1.27961e-05	
155	0.11356	0.0913856	0.0221741	6.94738e-07	0.506653	0.407719	0.0989305	3.0996e-06	9.31255e-06	4.15482e-05	
156	0.102857	0.0942813	0.00857104	5.23288e-06	0.458902	0.420639	0.03824	2.33466e-05	5.20887e-06	2.32395e-05	
157	0.0889909	0.0879182	0.00107272	0	0.397036	0.39225	0.00478599	0	0	0	
158	0.111344	0.103002	0.008332	1.0458e-05	0.496769	0.459549	0.0371735	4.66588e-05	1.49732e-05	6.68035e-05	
159	0.104738	0.098795	0.00593928	4.58496e-06	0.467296	0.440777	0.0264983	2.04559e-05	8.94263e-06	3.98978e-05	
160	0.167436	0.155082	0.0123545	0	0.747025	0.691905	0.0551201	0	0	0	
161	0.212886	0.173167	0.0396901	2.89372e-05	0.949798	0.77259	0.177078	0.000129104	6.15686e-05	0.00027469	
162	0.11306	0.0938617	0.0191518	4.68446e-05	0.504422	0.418767	0.0854467	0.000208998	6.75403e-05	0.000301333	
163	0.0916103	0.0782388	0.0133471	2.44294e-05	0.408722	0.349065	0.0595486	0.000108992	3.00903e-05	0.000134249	
164	0.122192	0.0893986	0.0327488	4.49002e-05	0.545165	0.398855	0.14611	0.000200323	6.57805e-05	0.000293482	
165	0.152157	0.114806	0.03703	0.000320526	0.678853	0.512213	0.16521	0.00143003	0.000427725	0.00190831	
166	0.101107	0.0970805	0.00402713	0	0.451095	0.433127	0.0179671	0	0	0	
167	0.108542	0.0967779	0.0117483	1.58646e-05	0.484264	0.431778	0.0524158	7.07807e-05	2.14798e-05	9.58332e-05	
168	0.107022	0.0977201	0.0092961	6.21354e-06	0.477484	0.435981	0.0414749	2.77219e-05	1.08268e-05	4.83044e-05	
169	0.0989031	0.094454	0.00442369	2.54486e-05	0.441259	0.421409	0.0197364	0.000113539	2.55716e-05	0.000114088	
170	0.140667	0.108308	0.0318615	0.000497252	0.62759	0.483221	0.142151	0.0022185	0.000575561	0.00256788	
171	0.215776	0.194713	0.0210587	3.94886e-06	0.962692	0.86872	0.0939545	1.76179e-05	6.69649e-06	2.98766e-05	
172	0.133814	0.121747	0.0120664	0	0.597016	0.543181	0.0538349	0	0	0	
173	0.192707	0.135258	0.0572677	0.000181593	0.859771	0.603459	0.255501	0.000810186	0.000427921	0.00190918	
174	0.119881	0.112899	0.00698148	0	0.534854	0.503706	0.0311481	0	0	0	
175	0.107325	0.0959642	0.0113602	1.08356e-06	0.478836	0.428147	0.0506841	4.83435e-06	1.63606e-06	7.29935e-06	
176	0.11077	0.0945558	0.0160669	0.000147737	0.494206	0.421864	0.0716832	0.000659137	0.000177846	0.000793467	
177	0.193886	0.141378	0.05235	0.000158215	0.865033	0.630765	0.233561	0.000705885	0.00023647	0.00105501	
178	0.132452	0.106117	0.026265	7.00109e-05	0.590941	0.473446	0.117182	0.000312356	0.000148149	0.000660972	
179	0.200808	0.14002	0.0601326	0.000654814	0.895911	0.624706	0.268283	0.00292147	0.000832543	0.00371442	
180	0.11854	0.101141	0.0173434	5.55691e-05	0.528873	0.451247	0.0773782	0.000247923	6.68122e-05	0.000298085	
181	0.135131	0.124974	0.0101554	1.82256e-06	0.602895	0.557578	0.0453089	8.13143e-06	1.99684e-06	8.909e-06	
182	0.104498	0.0991392	0.00535947	0	0.466224	0.442313	0.0239114	0	0	0	
183	0.116376	0.111208	0.00516819	2.502e-08	0.519216	0.496158	0.023058	1.11627e-07	6.1357e-08	2.73746e-07	
184	0.0976141	0.0877766	0.00983231	5.13379e-06	0.435508	0.391618	0.0438672	2.29045e-05	1.41815e-05	6.32712e-05	
185	0.0998285	0.0823465	0.0174564	2.5581e-05	0.445388	0.367391	0.0778827	0.00011413	2.575e-05	0.000114884	
186	0.133289	0.113484	0.0198049	0	0.594677	0.506316	0.0883605	0	0	0	
187	0.0892898	0.0880264	0.00126343	0	0.398369	0.392732	0.00563687	0	0	0	
188	0.0847913	0.0804499	0.00433999	1.45039e-06	0.378299	0.358929	0.019363	6.47097e-06	1.62233e-06	7.23809e-06	
189	0.110746	0.102004	0.00873263	9.25138e-06	0.4941	0.455098	0.0389609	4.12753e-05	1.35266e-05	6.03496e-05	
190	0.0676422	0.0592106	0.0084316	0	0.301788	0.26417	0.0376178	0	0	0	
191	0.329341	0.212741	0.114878	0.0017213	1.46936	0.949155	0.512534	0.00767966	0.00198921	0.00887493	
192	0.072785	0.072785	0	0	0.324732	0.324732	0	0	0	0	
193	0.118077	0.118077	0	0	0.526805	0.526805	0	0	0	0	
194	0.156525	0.120735	0.035431	0.000358805	0.698342	0.538664	0.158076	0.00160082	0.000384697	0.00171634	
195	0.0890304	0.0883705	0.000659839	0	0.397212	0.394268	0.00294389	0	0	0	
196	0.0891454	0.0891454	0	0	0.397725	0.397725	0	0	0	0	
197	0.0696028	0.0558683	0.0134822	0.000252269	0.310535	0.249258	0.0601514	0.0011255	0.000252245	0.0011254	
198	0.149049	0.113982	0.0344811	0.000585335	0.664988	0.508538	0.153838	0.00261149	0.000674968	0.00301139	
199	0.140266	0.11402	0.0262458	2.621e-08	0.625801	0.508704	0.117096	1.16936e-07	8.53859e-09	3.80952e-08	
200	0.112108	0.0869705	0.0251379	0	0.500175	0.388022	0.112153	0	0	0	
201	0.155854	0.100306	0.0536039	0.00194384	0.695349	0.447521	0.239155	0.00867254	0.00228411	0.0101906	
202	0.105561	0.105561	0	0	0.470968	0.470968	0	0	0	0	
203	0.096039	0.0942242	0.00181465	1.83121e-07	0.428481	0.420384	0.00809614	8.17002e-07	3.58168e-07	1.59798e-06	
204	0.177164	0.133389	0.0432576	0.0005175	0.790427	0.595122	0.192995	0.00230884	0.000854257	0.00381129	
205	0.11483	0.089587	0.0251932	5.03647e-05	0.51232	0.399695	0.1124	0.000224703	6.5545e-05	0.000292431	
206	0.183503	0.148872	0.0345398	9.12309e-05	0.818706	0.664198	0.1541	0.00040703	0.000108419	0.000483715	
207	0.0647931	0.0517435	0.0130493	2.98739e-07	0.289076	0.230855	0.0582198	1.33283e-06	1.23892e-06	5.52749e-06	
208	0.101772	0.0979688	0.00380363	0	0.454061	0.437091	0.01697	0	0	0	
209	0.147984	0.0948943	0.0530867	3.29512e-06	0.660237	0.423374	0.236848	1.47013e-05	1.06067e-05	4.73222e-05	
210	0.114599	0.113296	0.00130298	0	0.511287	0.505474	0.00581329	0	0	0	
211	0.163864	0.103152	0.0607115	0	0.731085	0.460219	0.270866	0	0	0	
212	0.115943	0.115943	0	0	0.517285	0.517285	0	0	0	0	
213	0.235466	0.164039	0.0711317	0.000295149	1.05054	0.731869	0.317356	0.00131682	0.000312399	0.00139378	
214	0.118985	0.115388	0.00359597	8.15993e-07	0.530858	0.514811	0.0160435	3.64058e-06	1.01268e-05	4.5181e-05	
215	0.179702	0.160999	0.018691	1.19827e-05	0.801747	0.718303	0.0833908	5.34613e-05	1.73664e-05	7.74807e-05	
216	0.0974382	0.0844915	0.0129439	2.76241e-06	0.434724	0.376961	0.0577498	1.23246e-05	3.51883e-06	1.56993e-05	
217	0.190456	0.140356	0.0494793	0.000620636	0.849726	0.626204	0.220753	0.00276899	0.000916727	0.00409001	
218	0.0972189	0.0967935	0.000425401	0	0.433745	0.431847	0.00189794	0	0	0	
219	0.133009	0.132551	0.00045812	0	0.593426	0.591382	0.00204391	0	0	0	
220	0.0938759	0.0834994	0.0103764	0	0.41883	0.372535	0.046295	0	0	0	
221	0.112029	0.0934949	0.0184762	5.78211e-05	0.499821	0.41713	0.0824324	0.00025797	7.97846e-05	0.000355961	
222	0.0500997	0.0500813	1.8423e-05	0	0.223521	0.223439	8.21948e-05	0	0	0	
223	0.0963976	0.0963976	0	0	0.430081	0.430081	0	0	0	0	
224	0.158665	0.144675	0.0139892	2.95717e-07	0.707889	0.645474	0.0624134	1.31935e-06	2.74666e-07	1.22543e-06	
225	0.0812075	0.0779904	0.0032055	1.15897e-05	0.36231	0.347957	0.0143014	5.17079e-05	1.18365e-05	5.28089e-05	
226	0.232126	0.224138	0.00797525	1.29281e-05	1.03563	1	0.0355818	5.76791e-05	1.33414e-05	5.95231e-05	
227	0.0844991	0.0819258	0.00257325	0	0.376995	0.365514	0.0114806	0	0	0	
228	0.0887126	0.0790165	0.00969507	1.06364e-06	0.395794	0.352534	0.0432548	4.74548e-06	1.03969e-06	4.63863e-06	
229	0.126508	0.12337	0.00313851	0	0.564423	0.55042	0.0140025	0	0	0	
230	0.106962	0.10613	0.000832077	0	0.477216	0.473504	0.00371233	0	0	0	
231	0.0917657	0.0916292	0.00013655	0	0.409415	0.408806	0.000609222	0	0	0	
232	0.082841	0.074758	0.00808302	0	0.369598	0.333535	0.0360626	0	0	0	
233	0.0784857	0.0777899	0.000695822	0	0.350166	0.347062	0.00310443	0	0	0	
234	0.103849	0.103849	0	0	0.463329	0.463329	0	0	0	0	
235	0.135655	0.135655	0	0	0.605233	0.605233	0	0	0	0	
236	0.068033	0.0658817	0.00215131	0	0.303531	0.293933	0.00959815	0	0	0	
237	0.04903	0.047164	0.00186598	0	0.218749	0.210423	0.00832515	0	0	0	
238	0.0892899	0.0891155	0.000174407	0	0.39837	0.397592	0.000778125	0	0	0	
239	0.139192	0.121455	0.0177358	2.665e-07	0.621009	0.541879	0.079129	1.189e-06	4.26364e-07	1.90223e-06	
240	0.0938518	0.0902882	0.00356362	0	0.418723	0.402824	0.0158992	0	0	0	
241	0.140728	0.118092	0.0225658	7.02586e-05	0.627866	0.526874	0.100678	0.000313461	7.08053e-05	0.0003159	
242	0.0862449	0.0852123	0.00103256	0	0.384784	0.380177	0.00460684	0	0	0	
243	0.0857758	0.0857758	0	0	0.382691	0.382691	0	0	0	0	
244	0.0885346	0.0884712	6.33395e-05	0	0.395	0.394717	0.000282591	0	0	0	
245	0.127017	0.0948504	0.031608	0.000558864	0.566691	0.423178	0.14102	0.00249339	0.000611193	0.00272685	
246	0.105343	0.089273	0.0160702	0	0.469993	0.398294	0.0716981	0	0	0	
247	0.110639	0.106869	0.00375544	1.44801e-05	0.49362	0.476801	0.016755	6.46037e-05	1.54e-05	6.87076e-05	
248	0.083351	0.083351	0	0	0.371873	0.371873	0	0	0	0	
249	0.0721397	0.0698042	0.0023352	2.83649e-07	0.321853	0.311433	0.0104185	1.26551e-06	3.63882e-07	1.62347e-06	
250	0.068372	0.066458	0.00190611	7.86934e-06	0.305044	0.296504	0.00850421	3.51093e-05	7.84566e-06	3.50037e-05	
251	0.125705	0.108958	0.0166863	6.03602e-05	0.560838	0.486123	0.0744465	0.000269299	6.03365e-05	0.000269193	
252	0.076898	0.0690781	0.0077404	7.94846e-05	0.343083	0.308194	0.034534	0.000354623	8.20968e-05	0.000366278	
253	0.0979714	0.0975342	0.000437286	0	0.437103	0.435152	0.00195096	0	0	0	
254	0.0775536	0.0774452	0.00010838	0	0.346007	0.345524	0.000483543	0	0	0	
255	0.0868532	0.0864767	0.000376282	2.95325e-07	0.387498	0.385818	0.00167879	1.3176e-06	2.71587e-07	1.21169e-06	
256	0.101038	0.0964392	0.00459905	4.47493e-07	0.450787	0.430266	0.0205188	1.9965e-06	6.32681e-07	2.82273e-06	
257	0.0898418	0.0885439	0.00129785	0	0.400832	0.395041	0.00579043	0	0	0	
258	0.100374	0.0959175	0.00445283	3.96478e-06	0.447823	0.427939	0.0198664	1.7689e-05	5.55094e-06	2.47657e-05	
259	0.0519648	0.0451385	0.00676181	6.45165e-05	0.231842	0.201386	0.030168	0.000287842	6.97575e-05	0.000311225	
260	0.0426603	0.041625	0.00103531	0	0.19033	0.185711	0.00461908	0	0	0	
261	0.110127	0.10955	0.000577508	0	0.491339	0.488762	0.00257657	0	0	0	
262	0.114085	0.110782	0.00330315	0	0.508996	0.494259	0.0147371	0	0	0	
263	0.0603098	0.0436349	0.01657	0.000104802	0.269074	0.194678	0.073928	0.00046758	0.000259451	0.00115755	
264	0.20291	0.139561	0.0626735	0.000675527	0.905291	0.622657	0.27962	0.00301388	0.00133501	0.0059562	
265	0.0492572	0.0432331	0.00601183	1.23389e-05	0.219762	0.192885	0.026822	5.50507e-05	1.61302e-05	7.19657e-05	
266	0.0849466	0.0831789	0.00176387	3.77679e-06	0.378992	0.371105	0.00786959	1.68503e-05	3.75309e-06	1.67445e-05	
267	0.0464595	0.0454242	0.00103531	0	0.20728	0.202661	0.00461908	0	0	0	
268	0.0849398	0.084935	4.86994e-06	0	0.378962	0.37894	2.17274e-05	0	0	0	
269	0.208811	0.204206	0.00460388	5.37542e-07	0.931618	0.911075	0.0205403	2.39826e-06	5.47779e-07	2.44393e-06	
270	0.107128	0.10702	0.00010838	0	0.477958	0.477474	0.000483543	0	0	0	
271	0.0843332	0.0843332	0	0	0.376255	0.376255	0	0	0	0	
272	0.10332	0.10332	0	0	0.460969	0.460969	0	0	0	0	
273	0.116293	0.0913251	0.0248347	0.000133582	0.518847	0.40745	0.110801	0.000595982	0.000177723	0.000792917	
274	0.102672	0.0939561	0.00871636	3.18023e-08	0.458076	0.419188	0.0388883	1.41887e-07	1.06583e-07	4.75527e-07	
275	0.118702	0.110809	0.00781676	7.57101e-05	0.529592	0.49438	0.0348747	0.000337783	8.2877e-05	0.000369758	
276	0.0915385	0.0894558	0.00208265	0	0.408402	0.39911	0.00929182	0	0	0	
277	0.10768	0.103656	0.00402288	1.72999e-06	0.480421	0.462465	0.0179482	7.71842e-06	2.46351e-06	1.0991e-05	
278	0.178175	0.147412	0.0306761	8.66226e-05	0.794935	0.657686	0.136862	0.00038647	0.00018802	0.000838858	
279	0.0780478	0.0767384	0.00130948	0	0.348213	0.34237	0.00584233	0	0	0	
280	0.137457	0.120902	0.0165526	2.7711e-06	0.613271	0.539409	0.0738502	1.23633e-05	4.02068e-06	1.79384e-05	
281	0.114839	0.0947446	0.0200698	2.50568e-05	0.51236	0.422706	0.0895421	0.000111792	3.10202e-05	0.000138398	
282	0.08398	0.0809109	0.00306912	0	0.37468	0.360986	0.013693	0	0	0	
283	0.099339	0.0907757	0.0085483	1.50269e-05	0.443204	0.404999	0.0381385	6.7043e-05	2.20956e-05	9.85804e-05	
284	0.143797	0.110178	0.033602	1.67354e-05	0.641558	0.491567	0.149916	7.46658e-05	4.32451e-05	0.000192939	
285	0.101833	0.0868867	0.0149463	0	0.454331	0.387648	0.0666836	0	0	0	
286	0.126512	0.0817522	0.0447603	0	0.56444	0.36474	0.199699	0	0	0	
287	0.0736102	0.0651243	0.00848599	0	0.328414	0.290554	0.0378605	0	0	0	
288	0.217587	0.139933	0.0759822	0.00167207	0.970774	0.624317	0.338997	0.00746003	0.00228936	0.010214	
289	0.0655964	0.0653688	0.000227674	0	0.29266	0.291645	0.00101577	0	0	0	
290	0.0694326	0.0687136	0.000718983	0	0.309775	0.306568	0.00320777	0	0	0	
291	0.210638	0.13662	0.0725551	0.00146278	0.939771	0.609537	0.323707	0.00652627	0.00221295	0.00987315	
292	0.13853	0.116198	0.0222861	4.61788e-05	0.618059	0.518423	0.0994303	0.000206028	5.38006e-05	0.000240033	
293	0.0696665	0.0473789	0.0222876	0	0.310819	0.211382	0.099437	0	0	0	
294	0.065794	0.06075	0.00500009	4.39688e-05	0.293542	0.271038	0.022308	0.000196168	6.05056e-05	0.000269947	
295	0.181482	0.15155	0.0297354	0.000196149	0.809688	0.676147	0.132665	0.000875127	0.000290221	0.00129483	
296	0.117826	0.117826	0	0	0.525688	0.525688	0	0	0	0	
297	0.172663	0.145997	0.0265989	6.65301e-05	0.770343	0.651374	0.118672	0.000296826	9.19484e-05	0.00041023	
298	0.107034	0.0904734	0.0163419	0.000218614	0.477535	0.40365	0.0729102	0.000975354	0.000265439	0.00118426	
299	0.0966472	0.0791002	0.0175306	1.63866e-05	0.431194	0.352908	0.0782136	7.31094e-05	1.63634e-05	7.30058e-05	
300	0.0771582	0.0764392	0.000718983	0	0.344243	0.341036	0.00320777	0	0	0	
301	0.0709338	0.0619899	0.00890839	3.55345e-05	0.316473	0.27657	0.0397451	0.000158538	4.87604e-05	0.000217546	
302	0.0718548	0.069072	0.00278144	1.37704e-06	0.320582	0.308167	0.0124095	6.14373e-06	4.06015e-06	1.81145e-05	
303	0.123609	0.10539	0.0181735	4.59361e-05	0.551488	0.470201	0.081082	0.000204945	6.16261e-05	0.000274947	
304	0.0950686	0.0950686	0	0	0.424151	0.424151	0	0	0	0	
305	0.0536604	0.0411084	0.0125422	9.84845e-06	0.239407	0.183406	0.0559575	4.39392e-05	1.43942e-05	6.42202e-05	
306	0.0651728	0.0527234	0.0124493	0	0.29077	0.235227	0.0555433	0	0	0	
307	0.0907543	0.0869572	0.00379709	0	0.404903	0.387962	0.0169408	0	0	0	
308	0.0939463	0.0752273	0.0187189	0	0.419144	0.335629	0.0835154	0	0	0	
309	0.122031	0.110328	0.0116007	0.000101734	0.544446	0.492235	0.051757	0.000453892	0.000106191	0.000473778	
310	0.147105	0.142772	0.0043266	6.44675e-06	0.656317	0.636985	0.0193032	2.87624e-05	9.49306e-06	4.23536e-05	
311	0.0774964	0.0736526	0.00383088	1.29687e-05	0.345752	0.328603	0.0170916	5.78605e-05	1.84877e-05	8.24838e-05	
312	0.136839	0.0954635	0.0408918	0.000484283	0.610514	0.425913	0.18244	0.00216064	0.000554705	0.00247483	
313	0.104068	0.0930624	0.0109868	1.96561e-05	0.464306	0.415201	0.049018	8.76967e-05	2.01566e-05	8.99296e-05	
314	0.0800195	0.0769742	0.00304536	0	0.35701	0.343423	0.0135869	0	0	0	
315	0.10854	0.0946039	0.0138842	5.27283e-05	0.484258	0.422078	0.0619451	0.000235249	6.29761e-05	0.00028097	
316	0.0727419	0.0703273	0.0024126	1.97183e-06	0.32454	0.313767	0.0107639	8.79742e-06	2.0069e-06	8.95386e-06	
317	0.121989	0.0764649	0.0449394	0.000585122	0.54426	0.341151	0.200498	0.00261054	0.000610067	0.00272183	
318	0.175115	0.121798	0.053317	0	0.781284	0.543408	0.237875	0	0	0	
319	0.245214	0.143024	0.0993042	0.00288524	1.09403	0.638109	0.443049	0.0128726	0.00425763	0.0189955	
320	0.0916215	0.0757978	0.0157316	9.21135e-05	0.408772	0.338174	0.070187	0.000410967	0.000143277	0.000639236	
321	0.146382	0.0984278	0.0470346	0.000920355	0.653091	0.439138	0.209846	0.00410619	0.000994863	0.00443861	
322	0.141159	0.0784993	0.062145	0.000515032	0.629787	0.350227	0.277262	0.00229783	0.000686678	0.00306363	
323	0.0976991	0.0945003	0.00319885	0	0.435888	0.421616	0.0142718	0	0	0	
324	0.125828	0.12473	0.00109766	0	0.561385	0.556488	0.00489726	0	0	0	
325	0.0909842	0.0898927	0.00109144	0	0.405929	0.401059	0.00486954	0	0	0	
326	0.0739619	0.0708083	0.0031536	0	0.329983	0.315913	0.0140699	0	0	0	
327	0.0773374	0.0748617	0.0024757	0	0.345043	0.333998	0.0110454	0	0	0	
328	0.090561	0.0903805	0.000180476	0	0.40404	0.403235	0.000805203	0	0	0	
329	0.0968152	0.0911383	0.00562722	4.97126e-05	0.431944	0.406616	0.025106	0.000221794	5.29788e-05	0.000236366	
330	0.144354	0.0879579	0.0546771	0.00171984	0.644044	0.392427	0.243943	0.00767315	0.00211747	0.00944717	
331	0.126975	0.116432	0.0105039	3.93571e-05	0.566506	0.519467	0.0468638	0.000175593	5.11023e-05	0.000227994	
332	0.107931	0.0960127	0.011881	3.76194e-05	0.481539	0.428364	0.0530078	0.00016784	4.98436e-05	0.000222379	
333	0.122231	0.0980842	0.0241474	0	0.54534	0.437605	0.107734	0	0	0	
334	0.139621	0.0880995	0.0513642	0.000157918	0.622927	0.393059	0.229163	0.000704557	0.000247744	0.00110532	
335	0.082403	0.0801535	0.00224957	0	0.367644	0.357607	0.0100365	0	0	0	
336	0.109148	0.0891011	0.0198882	0.000158544	0.486967	0.397527	0.0887322	0.000707353	0.000170792	0.000761998	
337	0.120148	0.111401	0.00873085	1.5497e-05	0.536044	0.497022	0.038953	6.91408e-05	2.20441e-05	9.83508e-05	
338	0.112499	0.101297	0.011168	3.45314e-05	0.50192	0.451939	0.0498264	0.000154063	4.8513e-05	0.000216442	
339	0.0865985	0.0767487	0.00980172	4.80927e-05	0.386362	0.342417	0.0437307	0.000214567	5.37644e-05	0.000239871	
340	0.100742	0.0832559	0.0173958	9.11075e-05	0.449467	0.371449	0.0776121	0.000406479	0.000121109	0.000540335	
341	0.105406	0.103936	0.00147011	0	0.470272	0.463714	0.00655895	0	0	0	
342	0.106766	0.0751127	0.0316535	0	0.476341	0.335117	0.141223	0	0	0	
343	0.142362	0.0879157	0.0528843	0.00156249	0.635155	0.392238	0.235945	0.0069711	0.00317426	0.014162	
344	0.0827305	0.0821879	0.000542578	0	0.369105	0.366684	0.00242073	0	0	0	
345	0.129136	0.0947502	0.0340539	0.000332694	0.576148	0.422731	0.151932	0.00148432	0.000695166	0.0031015	
346	0.144939	0.0979245	0.0461806	0.000833809	0.64665	0.436893	0.206036	0.00372007	0.00110918	0.00494865	
347	0.0975111	0.0752317	0.0222075	7.19305e-05	0.435049	0.335648	0.0990795	0.00032092	0.000122327	0.00054577	
348	0.0987495	0.0834484	0.0152942	6.87919e-06	0.440574	0.372308	0.0682356	3.06917e-05	1.20518e-05	5.37698e-05	
349	0.0835351	0.0719634	0.0115254	4.631e-05	0.372694	0.321067	0.0514211	0.000206613	5.15646e-05	0.000230057	
350	0.132959	0.0758378	0.0566953	0.000426614	0.593204	0.338353	0.252948	0.00190335	0.000635012	0.00283313	
351	0.151309	0.0933894	0.0575244	0.000395874	0.675073	0.41666	0.256647	0.0017662	0.000509281	0.00227217	
352	0.127039	0.0814709	0.0455044	6.42397e-05	0.566791	0.363485	0.203019	0.000286607	0.000259539	0.00115794	
353	0.0894489	0.0777034	0.0117209	2.45485e-05	0.399079	0.346676	0.0522935	0.000109524	2.79489e-05	0.000124695	
354	0.0879769	0.0789162	0.00895989	0.000100854	0.392512	0.352087	0.0399748	0.000449964	0.000103253	0.000460668	
355	0.0837015	0.0831586	0.000542932	0	0.373437	0.371014	0.00242231	0	0	0	
356	0.126264	0.108447	0.0177863	3.01932e-05	0.563333	0.483844	0.0793545	0.000134708	3.98866e-05	0.000177955	
357	0.210614	0.107644	0.0987457	0.00422407	0.939663	0.480259	0.440557	0.0188458	0.00563335	0.0251334	
358	0.167441	0.0974906	0.0684854	0.0014652	0.747044	0.434957	0.30555	0.00653707	0.00318524	0.014211	
359	0.106266	0.0778981	0.0279991	0.000368767	0.474109	0.347545	0.124919	0.00164526	0.000476291	0.00212499	
360	0.101136	0.0962536	0.00488265	0	0.451222	0.429438	0.0217841	0	0	0	
361	0.0468113	0.0468113	0	0	0.20885	0.20885	0	0	0	0	
362	0.103031	0.0867256	0.0162762	2.94951e-05	0.459677	0.386929	0.072617	0.000131593	4.18631e-05	0.000186773	
363	0.0488922	0.0488922	0	0	0.218134	0.218134	0	0	0	0	
364	0.128702	0.112948	0.0157534	2.49947e-07	0.574209	0.503923	0.0702843	1.11514e-06	3.55376e-07	1.58552e-06	
365	0.084739	0.078903	0.00580342	3.26459e-05	0.378066	0.352028	0.0258921	0.000145651	3.61259e-05	0.000161176	
366	0.10994	0.0910867	0.0187474	0.00010628	0.490503	0.406386	0.0836425	0.000474175	0.00012902	0.000575627	
367	0.125451	0.104569	0.0207781	0.000103994	0.559705	0.466538	0.0927025	0.000463974	0.000171196	0.000763798	
368	0.0799684	0.0752458	0.00468766	3.50124e-05	0.356782	0.335711	0.0209141	0.000156209	3.49942e-05	0.000156127	
369	0.0835576	0.0797501	0.00380044	7.05746e-06	0.372795	0.355808	0.0169558	3.14871e-05	1.03739e-05	4.62836e-05	
370	0.114936	0.0910038	0.0237677	0.000164546	0.512791	0.406016	0.10604	0.00073413	0.000254716	0.00113642	
371	0.11527	0.0787735	0.0361501	0.000347056	0.514284	0.35145	0.161285	0.0015484	0.000459286	0.00204912	
372	0.101288	0.0784972	0.0226977	9.35142e-05	0.451901	0.350217	0.101266	0.000417217	0.000108389	0.000483583	
373	0.0844296	0.0786515	0.00576833	9.78909e-06	0.376685	0.350906	0.0257356	4.36743e-05	1.95333e-05	8.71486e-05	
374	0.201267	0.103206	0.087545	0.0105158	0.897961	0.460459	0.390584	0.0469169	0.0169397	0.075577	
375	0.144342	0.126243	0.0179766	0.000122223	0.643986	0.563238	0.0802035	0.000545304	0.00012597	0.000562019	
376	0.0996457	0.0981918	0.0014539	0	0.444572	0.438086	0.00648662	0	0	0	
377	0.114664	0.0993673	0.0152265	7.10513e-05	0.511581	0.44333	0.0679339	0.000316998	0.000105845	0.000472233	
378	0.125617	0.102961	0.0225244	0.000131569	0.560445	0.459365	0.100493	0.000586999	0.000141085	0.000629457	
379	0.0990724	0.0761658	0.0226686	0.000237956	0.442014	0.339816	0.101136	0.00106164	0.000265312	0.0011837	
380	0.109622	0.0818165	0.0277325	7.35627e-05	0.489085	0.365027	0.123729	0.000328202	8.41713e-05	0.000375533	
381	0.103487	0.0792163	0.0241947	7.66513e-05	0.461713	0.353426	0.107945	0.000341982	0.000132447	0.000590917	
382	0.106451	0.103277	0.00317356	5.28907e-07	0.474937	0.460776	0.0141589	2.35973e-06	5.38858e-07	2.40413e-06	
383	0.0787278	0.0753611	0.00336674	0	0.351247	0.336226	0.0150208	0	0	0	
384	0.0924902	0.0897248	0.00276534	0	0.412648	0.40031	0.0123376	0	0	0	
385	0.132812	0.106534	0.0261185	0.000159772	0.592546	0.475305	0.116528	0.000712831	0.000175609	0.000783486	
386	0.100581	0.079022	0.0211213	0.000437868	0.448746	0.352559	0.0942335	0.00195356	0.000548913	0.00244899	
387	0.0944754	0.0835914	0.0106511	0.000232988	0.421505	0.372945	0.0475202	0.00103948	0.000260706	0.00116315	
388	0.0831125	0.0763978	0.00665673	5.80037e-05	0.370809	0.340851	0.0296992	0.000258785	5.79802e-05	0.000258681	
389	0.14241	0.110339	0.0320072	6.35165e-05	0.635366	0.492282	0.142801	0.000283381	7.1472e-05	0.000318875	
390	0.0853042	0.0738041	0.0114562	4.39255e-05	0.380587	0.329279	0.0511125	0.000195975	4.9602e-05	0.000221301	
391	0.0960182	0.09058	0.00543817	0	0.428388	0.404126	0.0242626	0	0	0	
392	0.101334	0.0494708	0.0512173	0.000646691	0.452109	0.220715	0.228508	0.00288523	0.000744766	0.0033228	
393	0.0851764	0.0803008	0.00487559	0	0.380017	0.358264	0.0217526	0	0	0	
394	0.0962353	0.0919452	0.00429009	0	0.429357	0.410216	0.0191404	0	0	0	
395	0.156261	0.137269	0.0189855	6.61835e-06	0.697164	0.61243	0.0847047	2.9528e-05	7.43045e-06	3.31512e-05	
396	0.109685	0.0587162	0.0503334	0.000635351	0.489363	0.261964	0.224564	0.00283463	0.000638895	0.00285045	
397	0.133116	0.100588	0.032241	0.000287356	0.593905	0.448779	0.143844	0.00128204	0.000412603	0.00184084	
398	0.0913137	0.0905101	0.000803601	0	0.407399	0.403813	0.00358529	0	0	0	
399	0.0794625	0.0779621	0.00150036	0	0.354524	0.34783	0.00669392	0	0	0	
400	0.150525	0.128136	0.0223867	2.36795e-06	0.671573	0.571684	0.099879	1.05646e-05	2.34888e-06	1.04796e-05	
401	0.102921	0.0999144	0.00300669	0	0.459186	0.445771	0.0134144	0	0	0	
402	0.104412	0.082809	0.021521	8.2761e-05	0.465841	0.369455	0.0960166	0.000369241	0.000104008	0.000464039	
403	0.11446	0.0881877	0.0260525	0.000219871	0.510667	0.393452	0.116234	0.000980965	0.000243948	0.00108838	
404	0.108001	0.0980797	0.0099214	0	0.48185	0.437586	0.0442646	0	0	0	
405	0.10676	0.106446	0.000313251	0	0.476314	0.474916	0.00139758	0	0	0	
406	0.201131	0.175678	0.0254405	1.30631e-05	0.897355	0.783793	0.113503	5.82814e-05	2.37893e-05	0.000106136	
407	0.120798	0.0849021	0.0355287	0.000367214	0.538945	0.378793	0.158512	0.00163834	0.000660311	0.002946	
408	0.129793	0.126793	0.00300036	0	0.579079	0.565693	0.0133862	0	0	0	
409	0.0928105	0.09137	0.00144046	0	0.414077	0.40765	0.00642669	0	0	0	
410	0.105078	0.0873536	0.0173784	0.00034674	0.468812	0.389731	0.0775344	0.00154699	0.000351038	0.00156616	
411	0.13072	0.116736	0.0139832	0	0.583211	0.520825	0.0623865	0	0	0	
412	0.156066	0.121611	0.0344154	3.87565e-05	0.696294	0.542575	0.153545	0.000172913	4.38484e-05	0.000195631	
413	0.0950473	0.0911557	0.00389156	0	0.424056	0.406694	0.0173623	0	0	0	
414	0.148663	0.112084	0.0361534	0.000425906	0.663268	0.500068	0.161299	0.00190019	0.00044744	0.00199626	
415	0.0941701	0.0915801	0.00259002	0	0.420143	0.408587	0.0115554	0	0	0	
416	0.129192	0.105673	0.0235059	1.27553e-05	0.576396	0.471466	0.104872	5.69086e-05	1.27316e-05	5.68025e-05	
417	0.105299	0.0953777	0.0099214	0	0.469795	0.42553	0.0442646	0	0	0	
418	0.0814961	0.0766173	0.0048788	0	0.363597	0.34183	0.0217669	0	0	0	
419	0.139733	0.101726	0.0379668	4.00083e-05	0.623425	0.453856	0.16939	0.000178498	4.86231e-05	0.000216933	
420	0.0834245	0.0834245	0	0	0.372201	0.372201	0	0	0	0	
421	0.0886816	0.0858135	0.00286815	0	0.395656	0.382859	0.0127963	0	0	0	
422	0.106245	0.0807253	0.0249852	0.000534563	0.474016	0.360158	0.111472	0.00238497	0.000534539	0.00238486	
423	0.0676792	0.0558019	0.0118752	2.1551e-06	0.301953	0.248962	0.0529816	9.61509e-06	3.26869e-06	1.45833e-05	
424	0.110307	0.110196	0.000110925	0	0.492138	0.491644	0.0004949	0	0	0	
425	0.0759218	0.0693405	0.00658129	0	0.338727	0.309365	0.0293626	0	0	0	
426	0.114407	0.108703	0.00569944	4.8056e-06	0.510433	0.484983	0.0254282	2.14403e-05	6.03417e-06	2.69216e-05	
427	0.094152	0.0901983	0.00394928	4.49545e-06	0.420062	0.402422	0.0176198	2.00566e-05	7.95001e-06	3.54692e-05	
428	0.0959574	0.0937625	0.00219359	1.33801e-06	0.428117	0.418324	0.0097868	5.96959e-06	2.11071e-06	9.41704e-06	
429	0.120472	0.087956	0.0325159	0	0.53749	0.392418	0.145071	0	0	0	
430	0.228269	0.211733	0.0165323	3.24283e-06	1.01843	0.944658	0.0737594	1.4468e-05	3.23789e-06	1.44459e-05	
431	0.172184	0.165836	0.00634798	0	0.768208	0.739886	0.0283217	0	0	0	
432	0.135555	0.111843	0.023691	2.09194e-05	0.604784	0.498992	0.105698	9.3333e-05	3.13361e-05	0.000139807	
433	0.110023	0.0982788	0.0116728	7.19977e-05	0.490874	0.438474	0.0520787	0.00032122	8.59481e-05	0.00038346	
434	0.0833609	0.0803488	0.00301209	0	0.371917	0.358478	0.0134385	0	0	0	
435	0.212856	0.151654	0.0608776	0.000324089	0.949665	0.676611	0.271607	0.00144593	0.000410518	0.00183154	
436	0.128565	0.0859078	0.0421151	0.000542886	0.573601	0.38328	0.187898	0.0024221	0.00073037	0.00325857	
437	0.141922	0.085957	0.0544137	0.00155126	0.63319	0.3835	0.242768	0.00692102	0.00215333	0.00960716	
438	0.172473	0.130088	0.0416612	0.00072401	0.769495	0.580392	0.185873	0.00323019	0.000796611	0.00355411	
439	0.139659	0.126769	0.0128713	1.77904e-05	0.623093	0.565588	0.0574261	7.93725e-05	3.35901e-05	0.000149863	
440	0.084327	0.079962	0.00435113	1.39106e-05	0.376227	0.356753	0.0194127	6.20629e-05	1.46331e-05	6.52863e-05	
441	0.0693186	0.0674787	0.0018399	0	0.309267	0.301058	0.0082088	0	0	0	
442	0.149176	0.0947097	0.0522311	0.00223575	0.665556	0.42255	0.233031	0.00997488	0.00325378	0.0145168	
443	0.176844	0.137634	0.0387901	0.000419013	0.788995	0.614062	0.173063	0.00186944	0.000597715	0.00266672	
444	0.131646	0.107708	0.0239093	2.83981e-05	0.587345	0.480546	0.106672	0.000126699	4.84891e-05	0.000216336	
445	0.111795	0.0880155	0.0236477	0.000132568	0.49878	0.392684	0.105505	0.00059146	0.000161707	0.000721463	
446	0.154081	0.0905033	0.062997	0.000580741	0.687438	0.403783	0.281063	0.00259099	0.000893021	0.00398424	
447	0.161293	0.121703	0.0395901	0	0.719616	0.542984	0.176632	0	0	0	
448	0.0423035	0.0374697	0.00483386	0	0.188738	0.167172	0.0215664	0	0	0	
449	0.225176	0.153855	0.0712101	0.000110483	1.00463	0.686431	0.317706	0.000492925	0.000161769	0.00072174	
450	0.0875476	0.0792505	0.00829704	0	0.390596	0.353579	0.0370175	0	0	0	
451	0.132772	0.119953	0.0128133	5.30077e-06	0.592366	0.535176	0.0571671	2.36495e-05	7.96558e-06	3.55386e-05	
452	0.183494	0.099826	0.0818314	0.00183698	0.818666	0.445377	0.365093	0.00819575	0.00365694	0.0163155	
453	0.106781	0.0953584	0.0114086	1.415e-05	0.476408	0.425444	0.0509	6.3131e-05	1.6143e-05	7.20227e-05	
454	0.133841	0.0889641	0.0448457	3.2149e-05	0.59714	0.396916	0.20008	0.000143434	0.000110828	0.000494465	
455	0.159844	0.104831	0.0546547	0.000357886	0.713151	0.46771	0.243844	0.00159672	0.000570649	0.00254597	
456	0.145609	0.111638	0.0336663	0.000305455	0.649643	0.498076	0.150203	0.00136279	0.000468822	0.00209166	
457	0.121987	0.100328	0.0216389	1.96211e-05	0.544249	0.447619	0.096543	8.75402e-05	2.71749e-05	0.000121242	
458	0.0939422	0.0787523	0.0151899	0	0.419126	0.351356	0.0677705	0	0	0	
459	0.102868	0.0887098	0.0141584	3.1681e-07	0.458951	0.395781	0.0631683	1.41346e-06	1.12059e-06	4.99955e-06	
460	0.146783	0.0851725	0.0616113	0	0.654881	0.38	0.27488	0	0	0	
461	0.143623	0.0853443	0.0581765	0.000102233	0.640779	0.380766	0.259556	0.000456117	0.000128535	0.000573464	
462	0.117795	0.0997802	0.0179343	8.11386e-05	0.525549	0.445172	0.0800148	0.000362002	0.000118155	0.000527155	
463	0.136262	0.119239	0.0170226	0	0.607939	0.531992	0.075947	0	0	0	
464	0.0803264	0.0688412	0.0114803	4.83228e-06	0.358379	0.307137	0.0512201	2.15593e-05	9.84051e-06	4.39037e-05	
465	0.0837487	0.0825049	0.00124376	0	0.373647	0.368098	0.00554911	0	0	0	
466	0.168893	0.109702	0.0584863	0.000704963	0.753525	0.489441	0.260938	0.00314521	0.000919912	0.00410421	
467	0.112883	0.0796084	0.0326965	0.00057838	0.503632	0.355175	0.145876	0.00258046	0.000715961	0.00319428	
468	0.105805	0.101333	0.00447174	2.79834e-07	0.472053	0.452101	0.0199508	1.24848e-06	2.13241e-06	9.51386e-06	
469	0.0768769	0.0766281	0.000248808	0	0.342989	0.341879	0.00111006	0	0	0	
470	0.104754	0.0947259	0.0100246	4.31271e-06	0.467367	0.422623	0.0447253	1.92413e-05	7.34698e-06	3.27788e-05	
471	0.132071	0.0788677	0.05307	0.000133639	0.58924	0.351871	0.236773	0.000596235	0.000318619	0.00142153	
472	0.127724	0.0889978	0.0358576	0.0028686	0.569845	0.397067	0.15998	0.0127983	0.00291638	0.0130115	
473	0.170215	0.0989936	0.0678021	0.00341941	0.75942	0.441663	0.302501	0.0152558	0.00557834	0.0248879	
474	0.108726	0.0767974	0.0319285	0	0.485084	0.342634	0.14245	0	0	0	
475	0.126387	0.113036	0.01335	1.24543e-06	0.563882	0.504315	0.0595618	5.55654e-06	1.79358e-06	8.00214e-06	
476	0.162629	0.112476	0.0501494	3.97903e-06	0.725578	0.501817	0.223743	1.77526e-05	1.13416e-05	5.06013e-05	
477	0.124484	0.0968128	0.0276258	4.58619e-05	0.555392	0.431933	0.123253	0.000204614	7.92857e-05	0.000353736	
478	0.0931424	0.0787392	0.0143611	4.20597e-05	0.415558	0.351297	0.0640728	0.00018765	5.73747e-05	0.000255979	
479	0.107534	0.0974975	0.00993033	0.000106427	0.479767	0.434988	0.0443045	0.000474829	0.000108026	0.000481964	
480	0.126369	0.0973946	0.0289569	1.75526e-05	0.563799	0.434529	0.129192	7.83118e-05	3.40845e-05	0.000152069	
481	0.0866782	0.0757385	0.0109359	3.81217e-06	0.386717	0.337909	0.0487911	1.70081e-05	1.35193e-05	6.03171e-05	
482	0.142862	0.10556	0.0372778	2.45549e-05	0.637387	0.470961	0.166316	0.000109552	5.75741e-05	0.000256869	
483	0.107131	0.092278	0.0148536	0	0.477971	0.411701	0.0662701	0	0	0	
484	0.179333	0.116412	0.061869	0.00105234	0.800102	0.519376	0.27603	0.00469507	0.00132565	0.00591446	
485	0.118514	0.0946499	0.0236249	0.000239418	0.528755	0.422283	0.105403	0.00106817	0.000266412	0.0011886	
486	0.0840124	0.0797382	0.00427411	1.06877e-07	0.374824	0.355754	0.019069	4.76837e-07	8.3073e-08	3.70633e-07	
487	0.10374	0.0994685	0.00427216	0	0.462842	0.443782	0.0190603	0	0	0	
488	0.135147	0.0951821	0.0397723	0.000193424	0.602966	0.424658	0.177445	0.000862971	0.000269889	0.00120412	
489	0.146633	0.0978306	0.0487469	5.62521e-05	0.654211	0.436474	0.217486	0.00025097	7.39771e-05	0.000330051	
490	0.0952016	0.090448	0.00475352	0	0.424745	0.403537	0.021208	0	0	0	
491	0.0967121	0.0780011	0.0187072	3.78783e-06	0.431484	0.348004	0.0834629	1.68995e-05	1.75667e-05	7.83745e-05	
492	0.142122	0.0966683	0.0448872	0.000567342	0.634086	0.431289	0.200266	0.00253121	0.00086777	0.00387158	
493	0.188705	0.111296	0.0773864	2.25442e-05	0.841916	0.496553	0.345262	0.000100581	3.61879e-05	0.000161453	
494	0.194564	0.116676	0.0776	0.000287849	0.868055	0.520556	0.346215	0.00128424	0.000338767	0.00151142	
495	0.0887581	0.0836122	0.00514591	0	0.395997	0.373038	0.0229586	0	0	0	
496	0.101583	0.0893862	0.0119903	0.000206527	0.453216	0.398799	0.0534955	0.000921427	0.000206503	0.000921322	
497	0.115344	0.0772745	0.037792	0.000277917	0.514613	0.344762	0.16861	0.00123993	0.000438174	0.00195493	
498	0.17509	0.133023	0.0418698	0.000197195	0.781174	0.59349	0.186803	0.000879794	0.000243002	0.00108416	
499	0.161837	0.157362	0.00447463	6.20676e-07	0.722043	0.702076	0.0199637	2.76916e-06	7.19699e-07	3.21096e-06	
500	0.148484	0.0804335	0.0677081	0.000342857	0.662468	0.358857	0.302082	0.00152966	0.000630663	0.00281372	
501	0.170262	0.108004	0.061701	0.000556948	0.759632	0.481866	0.275281	0.00248484	0.000728659	0.00325093	
502	0.0922507	0.0905704	0.00168026	0	0.411579	0.404083	0.00749654	0	0	0	
503	0.113033	0.102583	0.0104498	0	0.5043	0.457678	0.0466224	0	0	0	
504	0.128195	0.118853	0.00928581	5.53397e-05	0.571946	0.53027	0.0414289	0.0002469	5.77538e-05	0.00025767	
505	0.072122	0.0683806	0.00373942	1.97788e-06	0.321774	0.305082	0.0166835	8.82438e-06	2.24532e-06	1.00175e-05	
506	0.149088	0.0973901	0.0503831	0.00131569	0.665165	0.434509	0.224786	0.00587001	0.00177552	0.00792155	
507	0.197143	0.157318	0.0395956	0.00022857	0.87956	0.701883	0.176657	0.00101977	0.000241362	0.00107684	
508	0.0920526	0.0876579	0.00439138	3.33889e-06	0.410696	0.391088	0.0195923	1.48966e-05	3.31516e-06	1.47906e-05	
509	0.0958888	0.0868087	0.00904962	3.04521e-05	0.427811	0.3873	0.0403752	0.000135863	5.09766e-05	0.000227433	
510	0.137562	0.104849	0.0324936	0.000219551	0.61374	0.467789	0.144971	0.000979536	0.000289853	0.00129318	
511	0.0778442	0.0748228	0.00302134	0	0.347304	0.333824	0.0134798	0	0	0	
512	0.178974	0.0879475	0.090442	0.000585183	0.798501	0.39238	0.40351	0.00261081	0.000800769	0.00357266	
513	0.113155	0.0907408	0.0223799	3.46667e-05	0.504846	0.404843	0.0998488	0.000154666	8.18214e-05	0.000365049	
514	0.284289	0.127888	0.151251	0.00514909	1.26836	0.570579	0.674813	0.0229728	0.00734889	0.0327873	
515	0.0721513	0.0563443	0.0157623	4.46905e-05	0.321905	0.251382	0.0703242	0.000199388	7.91472e-05	0.000353118	
516	0.109741	0.0881072	0.0214278	0.000206544	0.489615	0.393093	0.095601	0.000921506	0.00021695	0.000967932	
517	0.0863497	0.0813602	0.00498949	0	0.385252	0.362991	0.0222608	0	0	0	
518	0.175852	0.155133	0.0207187	0	0.78457	0.692133	0.0924372	0	0	0	
519	0.0703497	0.0419166	0.028433	0	0.313867	0.187012	0.126855	0	0	0	
520	0.160819	0.121807	0.0386325	0.0003798	0.717503	0.543448	0.17236	0.00169449	0.000493291	0.00220083	
521	0.254578	0.109374	0.143967	0.00123679	1.13581	0.487975	0.642317	0.00551799	0.00266085	0.0118714	
522	0.184347	0.0779956	0.105417	0.000934336	0.822471	0.34798	0.470322	0.00416857	0.00169087	0.00754391	
523	0.0875111	0.0758695	0.0116416	0	0.390434	0.338494	0.0519396	0	0	0	
524	0.141206	0.105517	0.0355339	0.000155566	0.629998	0.470768	0.158536	0.000694066	0.000274643	0.00122533	
525	0.148247	0.0993409	0.0484732	0.000433073	0.66141	0.443213	0.216264	0.00193217	0.0006636	0.00296067	
526	0.118361	0.101037	0.0172666	5.71721e-05	0.528074	0.450783	0.0770357	0.000255075	8.24302e-05	0.000367765	
527	0.109515	0.0776288	0.0318489	3.80722e-05	0.488608	0.346343	0.142095	0.00016986	6.2685e-05	0.000279671	
528	0.0889993	0.0800853	0.00891403	0	0.397073	0.357303	0.0397702	0	0	0	
529	0.13992	0.080749	0.0590047	0.000167022	0.624261	0.360264	0.263251	0.000745175	0.00038777	0.00173005	
530	0.0965747	0.0805168	0.0160507	7.15794e-06	0.430871	0.359228	0.071611	3.19354e-05	1.81917e-05	8.11629e-05	
531	0.170587	0.104616	0.0656637	0.000307601	0.761081	0.466748	0.29296	0.00137237	0.00058712	0.00261945	
532	0.107512	0.0834514	0.0237167	0.000344727	0.479672	0.372321	0.105813	0.00153801	0.000471583	0.00210398	
533	0.167344	0.117515	0.0496324	0.000195806	0.746611	0.5243	0.221436	0.000873596	0.000356558	0.00159079	
534	0.12286	0.113029	0.00974846	8.31284e-05	0.548147	0.504283	0.043493	0.00037088	8.33463e-05	0.000371852	
535	0.0932683	0.077427	0.0158401	1.2085e-06	0.416119	0.345443	0.0706714	5.39178e-06	1.6429e-06	7.32986e-06	
536	0.0696691	0.0656732	0.00399275	3.18266e-06	0.310831	0.293003	0.0178138	1.41995e-05	3.17483e-06	1.41646e-05	
537	0.122692	0.0765697	0.0460164	0.000105933	0.547395	0.341618	0.205304	0.000472627	0.000153991	0.000687038	
538	0.127436	0.0802134	0.0467612	0.000461962	0.568562	0.357874	0.208626	0.00206106	0.000562026	0.00250749	
539	0.133767	0.0829614	0.0507564	5.00815e-05	0.59681	0.370135	0.226451	0.00022344	0.000150361	0.000670843	
540	0.0909579	0.079745	0.011116	9.69344e-05	0.405812	0.355785	0.0495944	0.000432476	0.000123439	0.000550727	
541	0.0871406	0.0820014	0.00513829	9.80881e-07	0.38878	0.365852	0.0229246	4.37623e-06	3.37122e-06	1.50408e-05	
542	0.226236	0.149634	0.076032	0.000570768	1.00936	0.667597	0.339219	0.0025465	0.00072604	0.00323925	
543	0.131663	0.0891991	0.0423203	0.000143915	0.58742	0.397965	0.188813	0.000642081	0.000189308	0.000844607	
544	0.172996	0.126416	0.0463772	0.000202314	0.771829	0.564013	0.206913	0.000902634	0.000619291	0.00276298	
545	0.156042	0.0750241	0.0810127	5.50864e-06	0.696188	0.334722	0.361441	2.4577e-05	1.53456e-05	6.8465e-05	
546	0.13532	0.116312	0.0189865	2.09676e-05	0.603736	0.518933	0.0847089	9.3548e-05	7.07183e-05	0.000315512	
547	0.089122	0.075325	0.013797	0	0.397621	0.336065	0.0615557	0	0	0	
548	0.118659	0.110551	0.00810804	0	0.529402	0.493227	0.0361743	0	0	0	
549	0.146811	0.0848198	0.0614621	0.000529329	0.655003	0.378426	0.274215	0.00236162	0.000660531	0.00294698	
550	0.196667	0.119479	0.0764189	0.000768401	0.877437	0.533063	0.340945	0.00342824	0.00136146	0.0060742	
551	0.096354	0.096354	0	0	0.429886	0.429886	0	0	0	0	
552	0.0813161	0.0724425	0.00884867	2.4946e-05	0.362794	0.323204	0.0394786	0.000111297	2.77617e-05	0.000123859	
553	0.18774	0.182599	0.00513938	1.80632e-06	0.837612	0.814674	0.0229295	8.05898e-06	1.98798e-06	8.86944e-06	
554	0.150404	0.102213	0.0473924	0.000798658	0.671035	0.456029	0.211443	0.00356324	0.00115079	0.00513429	
555	0.102765	0.0749809	0.0277779	7.08998e-06	0.458493	0.33453	0.123932	3.16322e-05	1.66528e-05	7.42974e-05	
556	0.176112	0.149257	0.0266842	0.000170724	0.785729	0.665915	0.119052	0.000761693	0.000171564	0.000765442	
557	0.0950104	0.0787822	0.016082	0.00014619	0.423892	0.351489	0.0717505	0.000652231	0.000194176	0.000866325	
558	0.104327	0.097217	0.00711029	0	0.465459	0.433737	0.0317228	0	0	0	
559	0.100649	0.0788861	0.0213105	0.00045322	0.449052	0.351953	0.0950775	0.00202205	0.000554572	0.00247424	
560	0.0925435	0.0846325	0.00791099	0	0.412886	0.37759	0.0352951	0	0	0	
561	0.110721	0.0928823	0.017724	0.000115154	0.493987	0.414397	0.0790765	0.000513763	0.000155776	0.000695002	
562	0.0742551	0.0497318	0.0245232	0	0.331291	0.22188	0.109411	0	0	0	
563	0.100884	0.0786458	0.0221608	7.79286e-05	0.4501	0.350881	0.0988712	0.000347681	9.838e-05	0.000438925	
564	0.121969	0.0812871	0.0401004	0.000582096	0.544171	0.362665	0.178909	0.00259704	0.000899724	0.00401414	
565	0.104262	0.08479	0.019407	6.49811e-05	0.465168	0.378293	0.086585	0.000289915	0.000103079	0.000459892	
566	0.128503	0.103528	0.0249524	2.27251e-05	0.573323	0.461896	0.111326	0.000101389	5.02295e-05	0.0002241	
567	0.207177	0.160502	0.0460889	0.000585888	0.924327	0.716085	0.205627	0.00261396	0.000692348	0.00308893	
568	0.155464	0.115013	0.0404502	0	0.693608	0.513138	0.18047	0	0	0	
569	0.0765646	0.0757075	0.0008571	0	0.341595	0.337771	0.00382398	0	0	0	
570	0.14609	0.119507	0.0264386	0.000144333	0.651787	0.533186	0.117956	0.000643947	0.000337678	0.00150656	
571	0.110681	0.0913211	0.0193602	1.12068e-07	0.493809	0.407432	0.0863764	4.99999e-07	5.86158e-07	2.61516e-06	
572	0.110969	0.0973971	0.0134852	8.69621e-05	0.495093	0.43454	0.060165	0.000387984	0.000129343	0.000577069	
573	0.0998144	0.084193	0.0155876	3.37628e-05	0.445325	0.37563	0.0695446	0.000150634	4.62998e-05	0.000206568	
574	0.132783	0.0796936	0.0528023	0.000287499	0.592418	0.355555	0.235579	0.00128268	0.000460189	0.00205315	
575	0.162687	0.0841332	0.0769794	0.00157493	0.725836	0.375363	0.343446	0.00702664	0.00247324	0.0110344	
576	0.0624555	0.0543753	0.00808012	0	0.278647	0.242597	0.0360497	0	0	0	
577	0.12742	0.112927	0.0144934	0	0.56849	0.503827	0.0646629	0	0	0	
578	0.100956	0.0888429	0.0121136	0	0.450421	0.396375	0.0540456	0	0	0	
579	0.0934975	0.0871252	0.00637177	6.01963e-07	0.417142	0.388712	0.0284278	2.68568e-06	5.48731e-06	2.44818e-05	
580	0.0834082	0.0666407	0.0167549	1.2489e-05	0.372128	0.29732	0.0747529	5.57204e-05	3.56383e-05	0.000159001	
581	0.084159	0.0750814	0.00907764	0	0.375478	0.334978	0.0405002	0	0	0	
582	0.0906797	0.084325	0.00633204	2.26885e-05	0.40457	0.376219	0.0282506	0.000101225	3.37298e-05	0.000150487	
583	0.115836	0.0927402	0.0229889	0.00010737	0.516808	0.413763	0.102565	0.000479035	0.00012964	0.000578394	
584	0.206844	0.127922	0.0783573	0.000564256	0.922843	0.570732	0.349593	0.00251744	0.000678445	0.0030269	
585	0.116626	0.0748805	0.0416657	8.0649e-05	0.520335	0.334082	0.185893	0.000359818	8.83493e-05	0.000394173	
586	0.137466	0.0843231	0.0530691	7.38882e-05	0.613309	0.37621	0.236769	0.000329654	9.60672e-05	0.000428607	
587	0.108033	0.0889415	0.0189625	0.000129773	0.481996	0.396815	0.0846021	0.000578986	0.000149112	0.00066527	
588	0.0691448	0.0676145	0.00153035	0	0.308492	0.301664	0.00682773	0	0	0	
589	0.159964	0.109241	0.0493438	0.00137974	0.713688	0.487383	0.220149	0.00615576	0.00175681	0.00783809	
590	0.134077	0.107388	0.0266589	2.94479e-05	0.598189	0.479118	0.118939	0.000131383	4.32167e-05	0.000192813	
591	0.141263	0.0959508	0.0452134	9.96098e-05	0.630253	0.428087	0.201721	0.000444412	0.000142464	0.000635611	
592	0.111326	0.0858093	0.0254996	1.75024e-05	0.496686	0.382841	0.113767	7.80878e-05	2.46449e-05	0.000109954	
593	0.105259	0.0940157	0.0111315	0.000112018	0.469617	0.419454	0.0496637	0.000499776	0.000129892	0.00057952	
594	0.0900602	0.080533	0.00951264	1.45918e-05	0.401806	0.3593	0.0424409	6.51019e-05	1.85336e-05	8.26883e-05	
595	0.110097	0.0938617	0.016165	7.03354e-05	0.491201	0.418767	0.0721208	0.000313803	8.39032e-05	0.000374337	
596	0.103847	0.0902776	0.013557	1.30227e-05	0.463319	0.402776	0.060485	5.81013e-05	1.34012e-05	5.97902e-05	
597	0.152437	0.140989	0.0114094	3.82279e-05	0.680105	0.629031	0.0509038	0.000170555	4.26723e-05	0.000190384	
598	0.119791	0.108239	0.0114764	7.57877e-05	0.534453	0.482912	0.0512027	0.000338129	7.57827e-05	0.000338107	
599	0.107873	0.0934181	0.0144554	0	0.481281	0.416788	0.0644933	0	0	0	
600	0.108883	0.107969	0.000913402	0	0.485785	0.48171	0.00407517	0	0	0	
601	0.332974	0.148077	0.182632	0.00226437	1.48557	0.660653	0.814822	0.0101025	0.00226715	0.0101149	
602	0.105106	0.102588	0.00251618	1.37295e-06	0.468935	0.457703	0.011226	6.12549e-06	1.57364e-06	7.02087e-06	
603	0.126964	0.0519661	0.0749779	2.01205e-05	0.566455	0.231848	0.334516	8.97685e-05	5.59038e-05	0.000249416	
604	0.08726	0.0809574	0.00630263	0	0.389313	0.361194	0.0281193	0	0	0	
605	0.140902	0.049553	0.0913492	0	0.62864	0.221082	0.407557	0	0	0	
606	0.147185	0.0937926	0.0522588	0.00113369	0.656671	0.418458	0.233154	0.00505799	0.00211787	0.00944896	
607	0.088931	0.078181	0.0106698	8.02404e-05	0.396769	0.348807	0.0476038	0.000357995	0.000111209	0.000496163	
608	0.0897151	0.0787974	0.0108825	3.51765e-05	0.400267	0.351557	0.0485526	0.000156941	4.49765e-05	0.000200664	
609	0.0916281	0.0871024	0.00452568	0	0.408801	0.38861	0.0201914	0	0	0	
610	0.0917253	0.0800144	0.0116591	5.17309e-05	0.409235	0.356987	0.0520178	0.000230799	6.21027e-05	0.000277073	
611	0.062747	0.057708	0.0050389	0	0.279947	0.257466	0.0224812	0	0	0	
612	0.0955491	0.090596	0.004931	2.20909e-05	0.426295	0.404197	0.0219998	9.85594e-05	2.62e-05	0.000116892	
613	0.0916134	0.076614	0.0148613	0.000138049	0.408736	0.341816	0.0663044	0.000615913	0.000153662	0.000685569	
614	0.0912061	0.0835926	0.00756487	4.86382e-05	0.406919	0.372951	0.0337509	0.000217001	5.61256e-05	0.000250406	
615	0.0898884	0.0867107	0.00317753	2.09853e-07	0.40104	0.386862	0.0141766	9.36269e-07	1.98036e-07	8.83547e-07	
616	0.0978241	0.0889064	0.00877677	0.000140972	0.436445	0.396659	0.0391578	0.000628952	0.000145215	0.000647883	
617	0.123554	0.0915999	0.0319546	3.63996e-07	0.551244	0.408676	0.142566	1.62398e-06	8.51158e-07	3.79747e-06	
618	0.0612678	0.0558697	0.00539809	0	0.273348	0.249264	0.0240837	0	0	0	
619	0.137527	0.0987652	0.0387132	4.85678e-05	0.613581	0.440644	0.17272	0.000216686	6.14372e-05	0.000274104	
620	0.112142	0.0876177	0.0245225	1.96729e-06	0.500326	0.390909	0.109408	8.77715e-06	2.40885e-06	1.07471e-05	
621	0.399814	0.185915	0.209385	0.00451322	1.78378	0.829469	0.93418	0.0201358	0.00512016	0.0228437	
622	0.0392675	0.0304456	0.00879581	2.60613e-05	0.175193	0.135834	0.0392428	0.000116273	2.71183e-05	0.000120989	
623	0.081418	0.0717502	0.0096592	8.56511e-06	0.363249	0.320116	0.0430948	3.82135e-05	1.13712e-05	5.07333e-05	
624	0.112095	0.0825828	0.0292811	0.000231359	0.500117	0.368446	0.130639	0.00103221	0.000245404	0.00109487	
625	0.0708818	0.054901	0.0159808	0	0.316241	0.244942	0.0712991	0	0	0	
626	0.0712756	0.0637339	0.00754163	0	0.317998	0.284351	0.0336472	0	0	0	
627	0.0923833	0.0789934	0.0133897	2.10314e-07	0.412171	0.352431	0.0597388	9.38326e-07	2.16701e-07	9.66821e-07	
628	0.060053	0.0600209	3.20786e-05	0	0.267928	0.267785	0.000143119	0	0	0	
629	0.242822	0.137412	0.10443	0.000979006	1.08335	0.613069	0.465922	0.00436786	0.00113258	0.00505305	
630	0.185201	0.145363	0.0398227	1.52622e-05	0.826284	0.648545	0.17767	6.80929e-05	1.8028e-05	8.04329e-05	
631	0.113344	0.0956995	0.017645	0	0.50569	0.426966	0.0787241	0	0	0	
632	0.0431924	0.0431924	0	0	0.192704	0.192704	0	0	0	0	
633	0.0609638	0.0450928	0.0158709	0	0.271992	0.201183	0.0708089	0	0	0	
634	0.0419225	0.0419098	1.26904e-05	0	0.187038	0.186982	5.66189e-05	0	0	0	
635	0.0793891	0.0654624	0.0139266	0	0.354197	0.292062	0.0621344	0	0	0	
636	0.0988939	0.0649118	0.0339714	1.07575e-05	0.441218	0.289606	0.151564	4.79952e-05	2.94716e-05	0.000131488	
637	0.0805414	0.0735356	0.0070058	0	0.359338	0.328081	0.0312566	0	0	0	
638	0.134566	0.0814338	0.0531267	6.38688e-06	0.600374	0.363319	0.237026	2.84953e-05	2.21942e-05	9.90203e-05	
639	0.139529	0.0760324	0.0634596	3.77455e-05	0.622516	0.339221	0.283127	0.000168403	4.96802e-05	0.000221649	
640	0.086768	0.0803874	0.00634855	3.20844e-05	0.387118	0.358651	0.0283243	0.000143145	3.93855e-05	0.000175719	
641	0.074987	0.0749376	4.94681e-05	0	0.334557	0.334336	0.000220703	0	0	0	
642	0.063078	0.0629934	8.4605e-05	0	0.281424	0.281047	0.000377468	0	0	0	
643	0.181135	0.141751	0.0389881	0.000396473	0.808143	0.632427	0.173946	0.00176888	0.000734047	0.00327497	
644	0.107468	0.0822976	0.025171	0	0.479475	0.367173	0.112301	0	0	0	
645	0.0835347	0.0802949	0.00323626	3.61007e-06	0.372693	0.358238	0.0144386	1.61064e-05	4.81636e-06	2.14883e-05	
646	0.12812	0.0748988	0.0532215	0	0.571613	0.334163	0.237449	0	0	0	
647	0.17528	0.123684	0.0509319	0.000664033	0.782017	0.55182	0.227234	0.0029626	0.00119759	0.0053431	
648	0.14822	0.117142	0.0310232	5.45135e-05	0.661291	0.522637	0.138411	0.000243214	6.42628e-05	0.00028671	
649	0.0642586	0.0642586	0	0	0.286692	0.286692	0	0	0	0	
650	0.0730996	0.0728923	0.000207241	0	0.326136	0.325211	0.000924616	0	0	0	
651	0.102821	0.101375	0.00144673	0	0.458743	0.452288	0.00645466	0	0	0	
652	0.117826	0.0823664	0.0344575	0.00100225	0.525685	0.36748	0.153733	0.0044716	0.00112532	0.00502068	
653	0.104016	0.0875535	0.0164419	2.08568e-05	0.464072	0.390623	0.073356	9.30535e-05	3.1408e-05	0.000140128	
654	0.113317	0.0881504	0.0250838	8.33523e-05	0.505569	0.393285	0.111912	0.000371879	0.000175906	0.000784814	
655	0.128236	0.0809684	0.0462961	0.000971807	0.57213	0.361243	0.206551	0.00433574	0.00193877	0.0086499	
656	0.204533	0.118295	0.0837224	0.00251572	0.912532	0.527778	0.37353	0.0112239	0.00378156	0.0168715	
657	0.127804	0.0800257	0.0477789	0	0.570205	0.357037	0.213167	0	0	0	
658	0.100552	0.0752807	0.025272	0	0.448619	0.335867	0.112751	0	0	0	
659	0.135739	0.0956943	0.0389472	0.00109761	0.605604	0.426943	0.173764	0.00489704	0.00166171	0.00741377	
660	0.14954	0.100385	0.0490164	0.000138962	0.667182	0.447873	0.218688	0.000619987	0.000207171	0.000924303	
661	0.173184	0.0983101	0.0739406	0.00093389	0.772669	0.438613	0.329888	0.00416658	0.00125291	0.0055899	
662	0.117476	0.0804302	0.036773	0.000273422	0.524126	0.358842	0.164064	0.00121988	0.000402955	0.00179779	
663	0.106054	0.0803488	0.0254837	0.000222192	0.473166	0.358478	0.113696	0.000991319	0.000282479	0.00126029	
664	0.096863	0.0873197	0.00954322	0	0.432157	0.38958	0.0425774	0	0	0	
665	0.108974	0.0872145	0.021738	2.22906e-05	0.486194	0.38911	0.0969852	9.94503e-05	4.19246e-05	0.000187048	
666	0.103634	0.0789517	0.0245365	0.000146063	0.462368	0.352245	0.10947	0.000651666	0.000162315	0.000724176	
667	0.169972	0.10483	0.0598493	0.00529273	0.758337	0.467704	0.26702	0.0236137	0.00585152	0.0261067	
668	0.102847	0.0830596	0.0197875	3.3165e-07	0.458857	0.370573	0.088283	1.47967e-06	1.10918e-05	4.94868e-05	
669	0.0445721	0.0435127	0.0010594	0	0.19886	0.194133	0.00472655	0	0	0	
670	0.0926725	0.082636	0.00995799	7.84323e-05	0.413461	0.368683	0.0444279	0.000349928	9.18e-05	0.000409568	
671	0.0573034	0.0506487	0.00665464	0	0.255661	0.225971	0.0296899	0	0	0	
672	0.14759	0.111981	0.0355955	1.34801e-05	0.658481	0.49961	0.15881	6.0142e-05	1.8872e-05	8.41981e-05	
673	0.135012	0.101476	0.0332076	0.000328574	0.602362	0.452739	0.148157	0.00146594	0.00046142	0.00205864	
674	0.129949	0.0953629	0.0344245	0.000162003	0.579774	0.425465	0.153586	0.000722781	0.000308007	0.00137418	
675	0.109927	0.0812024	0.0286823	4.26222e-05	0.490444	0.362287	0.127967	0.00019016	4.82143e-05	0.000215109	
676	0.141145	0.109801	0.0307858	0.000558647	0.629727	0.489883	0.137351	0.00249242	0.000704953	0.00314517	
677	0.10288	0.093448	0.00938777	4.43625e-05	0.459003	0.416921	0.0418838	0.000197924	5.5844e-05	0.00024915	
678	0.100823	0.0803257	0.0203169	0.000181276	0.449829	0.358376	0.0906445	0.00080877	0.00024325	0.00108526	
679	0.134385	0.0910095	0.0433748	7.16833e-07	0.599563	0.406041	0.193518	3.19817e-06	7.07287e-07	3.15558e-06	
680	0.123072	0.110419	0.0126527	0	0.549092	0.492641	0.0564506	0	0	0	
681	0.111738	0.0977715	0.0139325	3.38923e-05	0.498523	0.436211	0.0621607	0.000151211	5.06402e-05	0.000225933	
682	0.102178	0.0976716	0.00450704	0	0.455873	0.435765	0.0201083	0	0	0	
683	0.100192	0.0912103	0.00898259	0	0.447014	0.406937	0.0400761	0	0	0	
684	0.116553	0.0943	0.0222529	0	0.520005	0.420722	0.0992822	0	0	0	
685	0.187843	0.14079	0.0462603	0.000791982	0.838068	0.628142	0.206391	0.00353345	0.000793796	0.00354155	
686	0.111774	0.0905502	0.0207708	0.000453857	0.498687	0.403992	0.0926696	0.00202489	0.000886042	0.0039531	
687	0.0816673	0.0778566	0.00380493	5.78302e-06	0.364361	0.347359	0.0169758	2.58011e-05	7.11608e-06	3.17486e-05	
688	0.0643142	0.0642659	4.82829e-05	0	0.28694	0.286724	0.000215415	0	0	0	
689	0.00829031	0.00715443	0.00113587	0	0.0369875	0.0319197	0.00506776	0	0	0	
690	0.060231	0.0598572	0.00037378	0	0.268722	0.267055	0.00166763	0	0	0	
691	0.108425	0.0981581	0.0102149	5.28501e-05	0.483746	0.437935	0.0455744	0.000235792	7.18629e-05	0.000320618	
692	0.0729448	0.0729448	0	0	0.325446	0.325446	0	0	0	0	
693	0.0879848	0.0793616	0.00862317	0	0.392547	0.354074	0.0384725	0	0	0	
694	0.212628	0.154458	0.0568239	0.00134616	0.94865	0.689122	0.253522	0.00600597	0.00173097	0.0077228	
695	0.095847	0.0793447	0.0164878	1.44775e-05	0.427624	0.353999	0.073561	6.45922e-05	3.5884e-05	0.000160098	
696	0.217095	0.1598	0.0566195	0.00067528	0.968578	0.712955	0.25261	0.00301278	0.000794865	0.00354631	
697	0.156341	0.0828102	0.0723268	0.00120403	0.69752	0.36946	0.322688	0.00537184	0.00153485	0.00684782	
698	0.261634	0.195856	0.0645987	0.00117946	1.16729	0.873819	0.288209	0.00526221	0.00124739	0.00556528	
699	0.339537	0.185399	0.147	0.00713764	1.51485	0.827164	0.655847	0.0318448	0.00759615	0.0338904	
700	0.0825437	0.0825437	0	0	0.368271	0.368271	0	0	0	0	
701	0.0824001	0.0824001	0	0	0.36763	0.36763	0	0	0	0	
702	0.108718	0.106271	0.00244745	0	0.485052	0.474133	0.0109194	0	0	0	
703	0.0926185	0.087648	0.00490286	6.76295e-05	0.41322	0.391044	0.0218742	0.000301731	6.76057e-05	0.000301625	
704	0.0942187	0.0794466	0.0147721	0	0.42036	0.354453	0.0659063	0	0	0	
705	0.101924	0.0880736	0.0138459	4.70924e-06	0.454738	0.392943	0.061774	2.10104e-05	4.685e-06	2.09022e-05	
706	0.224158	0.158177	0.065873	0.000107993	1.00009	0.705716	0.293894	0.000481816	0.000290862	0.00129769	
707	0.0890048	0.0802523	0.00875252	0	0.397098	0.358048	0.0390496	0	0	0	
708	0.0799211	0.0799211	0	0	0.35657	0.35657	0	0	0	0	
709	0.126517	0.103347	0.0228522	0.00031802	0.564463	0.461088	0.101956	0.00141885	0.000332215	0.00148218	
710	0.176022	0.0959656	0.0792438	0.000813044	0.78533	0.428153	0.353549	0.00362742	0.00105692	0.00471548	
711	0.0949676	0.0806462	0.0143213	0	0.423701	0.359806	0.0638949	0	0	0	
712	0.0765893	0.0765364	5.29524e-05	0	0.341706	0.341469	0.000236248	0	0	0	
713	0.0905866	0.0783796	0.012207	0	0.404155	0.349693	0.0544621	0	0	0	
714	0.0940401	0.081639	0.012401	0	0.419563	0.364235	0.0553277	0	0	0	
715	0.0720697	0.0700219	0.00204785	0	0.321541	0.312405	0.00913655	0	0	0	
716	0.0826619	0.074951	0.00771092	0	0.368799	0.334396	0.0344025	0	0	0	
717	0.0990999	0.0882466	0.0108033	4.9959e-05	0.442137	0.393715	0.0481995	0.000222893	4.99352e-05	0.000222787	
718	0.121681	0.108102	0.0134099	0.000168808	0.542886	0.482304	0.059829	0.000753144	0.000170068	0.000758766	
719	0.0717635	0.0628994	0.00882739	3.67062e-05	0.320175	0.280628	0.0393837	0.000163766	3.93014e-05	0.000175344	
720	0.0621305	0.0620604	7.01786e-05	0	0.277197	0.276884	0.000313104	0	0	0	
721	0.12547	0.106281	0.0189782	0.000211326	0.559792	0.474178	0.084672	0.000942839	0.00021807	0.000972927	
722	0.0810598	0.0808198	0.00023999	0	0.361651	0.36058	0.00107072	0	0	0	
723	0.115831	0.102002	0.0138252	3.60341e-06	0.516785	0.455088	0.0616818	1.60767e-05	3.57916e-06	1.59685e-05	
724	0.0806944	0.0804544	0.00023999	0	0.36002	0.35895	0.00107072	0	0	0	
725	0.0881324	0.0623607	0.0257717	0	0.393205	0.278224	0.114981	0	0	0	
726	0.0447207	0.0425154	0.00220529	0	0.199523	0.189684	0.009839	0	0	0	
727	0.0889227	0.0887027	0.000220019	0	0.396732	0.39575	0.000981622	0	0	0	
728	0.102899	0.0851698	0.0175023	0.00022713	0.459088	0.379988	0.0780873	0.00101334	0.000255004	0.00113771	
729	0.105533	0.0773673	0.0279622	0.000203797	0.47084	0.345176	0.124754	0.00090925	0.00132676	0.00591939	
730	0.110805	0.104571	0.0062272	6.8151e-06	0.494363	0.46655	0.0277828	3.04058e-05	6.79277e-06	3.03061e-05	
731	0.134303	0.0941557	0.0388939	0.00125334	0.599197	0.420079	0.173526	0.00559182	0.00185413	0.00827227	
732	0.0862264	0.0771398	0.00908655	0	0.384702	0.344162	0.0405399	0	0	0	
733	0.103133	0.0916956	0.0113293	0.000108436	0.460133	0.409103	0.0505464	0.000483793	0.000113242	0.000505235	
734	0.113185	0.10652	0.00665931	5.54802e-06	0.504981	0.475246	0.0297107	2.47526e-05	6.71981e-06	2.99806e-05	
735	0.0684315	0.0655294	0.00290211	0	0.305309	0.292361	0.0129478	0	0	0	
736	0.0568026	0.0553262	0.00147636	0	0.253426	0.246839	0.00658684	0	0	0	
737	0.104484	0.0794054	0.0250794	0	0.466162	0.35427	0.111892	0	0	0	
738	0.11926	0.112831	0.00640262	2.61516e-05	0.532084	0.503402	0.0285655	0.000116676	3.16564e-05	0.000141236	
739	0.0659701	0.0646329	0.001337	2.61156e-07	0.294328	0.288362	0.00596509	1.16515e-06	2.40506e-07	1.07302e-06	
740	0.0365845	0.0365845	0	0	0.163223	0.163223	0	0	0	0	
741	0.0888336	0.0861308	0.0027028	0	0.396334	0.384275	0.0120586	0	0	0	
742	0.139913	0.122581	0.0173256	6.46143e-06	0.624226	0.546899	0.0772989	2.88279e-05	6.4369e-06	2.87184e-05	
743	0.0878268	0.0839238	0.00387288	3.01521e-05	0.391842	0.374429	0.017279	0.000134524	3.01283e-05	0.000134418	
744	0.0570852	0.0551837	0.00190154	0	0.254687	0.246204	0.00848381	0	0	0	
745	0.121773	0.101422	0.0202699	8.16508e-05	0.543297	0.452498	0.0904352	0.000364287	8.2014e-05	0.000365908	
746	0.080174	0.07491	0.00525282	1.11854e-05	0.357699	0.334213	0.0234356	4.99041e-05	1.68129e-05	7.50114e-05	
747	0.0858612	0.0839821	0.00187909	0	0.383072	0.374689	0.00838364	0	0	0	
748	0.0982015	0.0819689	0.0161366	9.60134e-05	0.438129	0.365707	0.0719941	0.000428367	9.59899e-05	0.000428262	
749	0.118109	0.112013	0.00609069	5.28146e-06	0.526948	0.49975	0.0271738	2.35634e-05	5.25767e-06	2.34573e-05	
750	0.0909198	0.0818692	0.00905054	0	0.405641	0.365262	0.0403793	0	0	0	
751	0.292204	0.151447	0.126142	0.0146138	1.30367	0.675689	0.562788	0.0652	0.0173547	0.0774285	
752	0.0904037	0.0761272	0.0142765	0	0.403339	0.339644	0.0636954	0	0	0	
753	0.101259	0.0922085	0.00905054	0	0.45177	0.411391	0.0403793	0	0	0	
754	0.224093	0.175897	0.0481962	0	0.999801	0.784772	0.215029	0	0	0	
755	0.109446	0.0917367	0.0177098	7.28361e-08	0.488299	0.409286	0.0790132	3.2496e-07	5.58799e-07	2.4931e-06	
756	0.212842	0.113658	0.0991785	5.94072e-06	0.949604	0.50709	0.442488	2.65047e-05	7.7814e-05	0.000347169	
757	0.120454	0.0772744	0.0403434	0.00283701	0.537413	0.344762	0.179993	0.0126574	0.00336377	0.0150075	
758	0.240334	0.127381	0.112739	0.000213332	1.07225	0.568314	0.502992	0.000951788	0.000328575	0.00146595	
759	0.11188	0.0710786	0.0403098	0.000491866	0.499157	0.317119	0.179843	0.00219447	0.00191521	0.00854479	
760	0.111455	0.0864039	0.0250513	0	0.497261	0.385494	0.111767	0	0	0	
761	0.12252	0.109484	0.0128763	0.000160524	0.546631	0.488467	0.0574481	0.000716187	0.000175033	0.000780916	
762	0.0504733	0.0504733	0	0	0.225188	0.225188	0	0	0	0	
763	0.0552485	0.0537455	0.00150299	0	0.246493	0.239787	0.00670565	0	0	0	
764	0.0780587	0.0763998	0.00165894	0	0.348261	0.34086	0.00740143	0	0	0	
765	0.0834706	0.0834706	0	0	0.372406	0.372406	0	0	0	0	
766	0.0477814	0.0443183	0.00342049	4.26168e-05	0.213178	0.197727	0.0152606	0.000190136	4.25931e-05	0.00019003	
767	0.0483611	0.0429694	0.00537325	1.85215e-05	0.215764	0.191709	0.0239729	8.26345e-05	3.35328e-05	0.000149607	
768	0.0452405	0.0451194	0.000121051	0	0.201842	0.201302	0.000540075	0	0	0	
769	0.0737957	0.0522502	0.0211143	0.000431122	0.329242	0.233116	0.0942024	0.00192346	0.000495621	0.00221123	
770	0.0755505	0.0563258	0.0192247	0	0.337071	0.251299	0.0857717	0	0	0	
771	0.104534	0.0779176	0.0266027	1.40254e-05	0.466383	0.347632	0.118689	6.2575e-05	2.79167e-05	0.000124551	
772	0.102872	0.102821	5.06786e-05	0	0.458967	0.458741	0.000226104	0	0	0	
773	0.112729	0.0901402	0.0225482	4.07534e-05	0.502945	0.402163	0.100599	0.000181823	4.68192e-05	0.000208885	
774	0.0776509	0.0772979	0.000353054	0	0.346442	0.344867	0.00157516	0	0	0	
775	0.0753263	0.0753263	0	0	0.33607	0.33607	0	0	0	0	
776	0.0646206	0.0646205	0	0	0.288306	0.288306	0	0	0	0	
777	0.0740049	0.0740049	0	0	0.330175	0.330175	0	0	0	0	
778	0.0918833	0.0918833	0	0	0.40994	0.40994	0	0	0	0	
779	0.150806	0.110272	0.040534	0	0.672828	0.491984	0.180844	0	0	0	
780	0.0494969	0.0432988	0.00619491	3.1801e-06	0.220832	0.193179	0.0276388	1.41881e-05	4.61365e-06	2.05839e-05	
781	0.0534549	0.0423038	0.011151	0	0.238491	0.18874	0.0497508	0	0	0	
782	0.105697	0.0947639	0.0109339	0	0.471574	0.422792	0.0487822	0	0	0	
783	0.241386	0.134332	0.0973908	0.00966331	1.07695	0.599329	0.434512	0.0431132	0.0122064	0.0544595	
784	0.071458	0.071458	0	0	0.318812	0.318812	0	0	0	0	
785	0.116757	0.0750463	0.0417115	0	0.520919	0.334821	0.186097	0	0	0	
786	0.136615	0.0945386	0.0413295	0.000747399	0.609514	0.421787	0.184393	0.00333454	0.00145409	0.0064875	
787	0.181321	0.0837318	0.0965062	0.00108315	0.80897	0.373572	0.430565	0.00483254	0.00373045	0.0166435	
788	0.144266	0.0912889	0.0528877	9.03079e-05	0.643651	0.407288	0.23596	0.000402912	0.000135199	0.000603197	
789	0.102756	0.102403	0.000353054	0	0.458453	0.456878	0.00157516	0	0	0	
790	0.124516	0.0842423	0.0402741	0	0.555534	0.37585	0.179684	0	0	0	
791	0.128445	0.0870068	0.0408669	0.000572042	0.573065	0.388183	0.182329	0.00255218	0.00141511	0.00631359	
792	0.0932348	0.0823008	0.0109339	0	0.41597	0.367188	0.0487822	0	0	0	
793	0.24029	0.147114	0.0885979	0.00457865	1.07206	0.656354	0.395282	0.0204278	0.00513316	0.0229017	
794	0.103453	0.0894747	0.0139427	3.59047e-05	0.46156	0.399194	0.0622058	0.00016019	4.07653e-05	0.000181875	
795	0.13007	0.105457	0.0246054	8.38087e-06	0.580315	0.4705	0.109778	3.73915e-05	1.93343e-05	8.6261e-05	
796	0.0946324	0.0937002	0.00093225	0	0.422205	0.418046	0.00415926	0	0	0	
797	0.0553186	0.0532093	0.0021093	0	0.246806	0.237395	0.00941073	0	0	0	
798	0.176339	0.103705	0.0720129	0.000620918	0.786745	0.462686	0.321288	0.00277024	0.00132532	0.00591296	
799	0.167377	0.129192	0.0381036	8.16128e-05	0.746762	0.576397	0.17	0.000364118	0.000165369	0.000737801	
800	0.194426	0.158621	0.0357103	9.41071e-05	0.867438	0.707695	0.159322	0.000419862	0.000106174	0.000473699	
801	0.154864	0.0852005	0.0693447	0.000319074	0.690932	0.380124	0.309384	0.00142356	0.00051828	0.00231232	
802	0.116953	0.0862749	0.0306747	4.08538e-06	0.521793	0.384918	0.136856	1.8227e-05	1.15917e-05	5.17171e-05	
803	0.0832293	0.0832293	0	0	0.37133	0.37133	0	0	0	0	
804	0.182446	0.150901	0.0315364	8.61384e-06	0.813989	0.67325	0.1407	3.84309e-05	1.07406e-05	4.79195e-05	
805	0.185145	0.143784	0.0410791	0.000282085	0.826034	0.6415	0.183276	0.00125853	0.00030213	0.00134796	
806	0.154955	0.106847	0.0478211	0.000286242	0.691337	0.476705	0.213355	0.00127708	0.000324702	0.00144867	
807	0.141516	0.119241	0.02217	0.000104225	0.631379	0.532001	0.0989125	0.000465005	0.000143827	0.000641693	
808	0.168305	0.152491	0.0157649	4.87872e-05	0.750901	0.680348	0.0703359	0.000217665	0.000121922	0.000543959	
809	0.176146	0.112111	0.0639354	0.00010006	0.785885	0.500189	0.28525	0.000446423	0.000208935	0.000932172	
810	0.0778807	0.0778807	0	0	0.347467	0.347467	0	0	0	0	
811	0.139029	0.0970324	0.0419873	9.23e-06	0.620282	0.432913	0.187327	4.11799e-05	1.87884e-05	8.3825e-05	
812	0.158327	0.112061	0.0456478	0.000618671	0.706384	0.499965	0.203659	0.00276022	0.00120014	0.00535448	
813	0.0638987	0.0638987	0	0	0.285086	0.285086	0	0	0	0	
814	0.0857638	0.0814023	0.00436153	3.96883e-08	0.382638	0.363179	0.0194591	1.77071e-07	3.58096e-08	1.59765e-07	
815	0.144251	0.132489	0.0115923	0.000169649	0.643583	0.591106	0.0517195	0.000756895	0.000169628	0.000756801	
816	0.230332	0.15563	0.0740882	0.000613364	1.02763	0.69435	0.330547	0.00273654	0.000934084	0.00416744	
817	0.148461	0.0970685	0.0512936	9.91e-05	0.662364	0.433074	0.228848	0.000442138	0.00111569	0.00497769	
818	0.180509	0.124108	0.056214	0.00018669	0.805348	0.553714	0.2508	0.000832924	0.00116181	0.00518346	
819	0.0668746	0.0668746	0	0	0.298363	0.298363	0	0	0	0	
820	0.0938432	0.09064	0.00320322	0	0.418684	0.404393	0.0142912	0	0	0	
821	0.0275323	0.0275268	5.45909e-06	0	0.122836	0.122812	2.43559e-05	0	0	0	
822	0.09117	0.0841556	0.00699967	1.48051e-05	0.406758	0.375463	0.0312293	6.60534e-05	1.52159e-05	6.78865e-05	
823	0.0642625	0.0589278	0.00522524	0.000109484	0.286709	0.262908	0.0233125	0.000488468	0.00010946	0.000488363	
824	0.119431	0.119402	2.84441e-05	0	0.532845	0.532718	0.000126904	0	0	0	
825	0.0788484	0.0784137	0.000434721	0	0.351785	0.349845	0.00193952	0	0	0	
826	0.119012	0.105924	0.0130884	0	0.530978	0.472584	0.0583945	0	0	0	
827	0.0844156	0.0839525	0.000463035	8.90449e-08	0.376623	0.374556	0.00206584	3.97276e-07	6.53017e-08	2.91346e-07	
828	0.149315	0.103441	0.0457574	0.000116474	0.666175	0.461508	0.204148	0.000519656	0.000156049	0.000696218	
829	0.133253	0.101345	0.0319073	5.4096e-07	0.594514	0.452156	0.142355	2.41351e-06	3.15433e-06	1.40731e-05	
830	0.156677	0.133639	0.0230371	0	0.699019	0.596238	0.10278	0	0	0	
831	0.100432	0.100432	0	0	0.448081	0.448081	0	0	0	0	
832	0.0849298	0.0836724	0.0012564	1.04941e-06	0.378917	0.373307	0.00560549	4.68198e-06	1.0467e-06	4.66992e-06	
833	0.089477	0.0882225	0.00125454	0	0.399204	0.393607	0.00559721	0	0	0	
834	0.0982527	0.0976908	0.000561907	0	0.438357	0.43585	0.00250696	0	0	0	
835	0.099091	0.0963593	0.00273165	0	0.442097	0.42991	0.0121873	0	0	0	
836	0.13966	0.115902	0.0236623	9.61097e-05	0.6231	0.517101	0.10557	0.000428797	0.000100532	0.000448531	
837	0.128327	0.119833	0.00842958	6.40462e-05	0.572536	0.534642	0.0376088	0.000285744	7.45537e-05	0.000332623	
838	0.133397	0.0970337	0.0362553	0.000108376	0.595157	0.432919	0.161754	0.000483526	0.000169513	0.000756291	
839	0.215025	0.151896	0.0622797	0.000849073	0.959341	0.67769	0.277862	0.00378816	0.0011635	0.005191	
840	0.105267	0.0764035	0.0288634	0	0.469652	0.340877	0.128775	0	0	0	
841	0.111053	0.0796454	0.0311472	0.000260633	0.495467	0.35534	0.138964	0.00116282	0.000299587	0.00133661	
842	0.106254	0.0975562	0.00869817	0	0.474057	0.43525	0.0388072	0	0	0	
843	0.138555	0.120939	0.0175059	0.000109784	0.618169	0.539575	0.0781034	0.000489805	0.000127721	0.000569835	
844	0.13571	0.109487	0.0262026	2.03055e-05	0.605477	0.488482	0.116904	9.05939e-05	2.02824e-05	9.04907e-05	
845	0.183433	0.133937	0.0480644	0.00143169	0.818396	0.597568	0.214441	0.00638757	0.00146941	0.00655585	
846	0.101098	0.0934682	0.00763016	0	0.451054	0.417011	0.0340422	0	0	0	
847	0.11621	0.0953066	0.0208921	1.15784e-05	0.518476	0.425213	0.0932108	5.16577e-05	1.17306e-05	5.23367e-05	
848	0.105861	0.102152	0.00370961	0	0.472306	0.455755	0.0165505	0	0	0	
849	0.100771	0.0962521	0.00451857	7.40501e-07	0.449595	0.429432	0.0201597	3.30377e-06	1.2544e-06	5.59656e-06	
850	0.0796832	0.0796439	3.92477e-05	0	0.355509	0.355334	0.000175104	0	0	0	
851	0.0641698	0.0641698	0	0	0.286295	0.286295	0	0	0	0	
852	0.0938062	0.0842952	0.00949882	1.21882e-05	0.418519	0.376086	0.0423793	5.43781e-05	2.21624e-05	9.88785e-05	
853	0.10624	0.102829	0.00341025	0	0.473993	0.458778	0.0152149	0	0	0	
854	0.0999214	0.0939453	0.00597579	3.5601e-07	0.445802	0.41914	0.0266611	1.58835e-06	2.44482e-06	1.09076e-05	
855	0.111435	0.0926504	0.0179323	0.000852963	0.497174	0.413363	0.0800058	0.00380552	0.000852939	0.00380541	
856	0.113539	0.102993	0.0105459	0	0.506558	0.459507	0.0470509	0	0	0	
857	0.0629729	0.0629729	0	0	0.280955	0.280955	0	0	0	0	
858	0.102373	0.0848311	0.0175426	0	0.456743	0.378476	0.078267	0	0	0	
859	0.126577	0.111182	0.0153954	0	0.56473	0.496043	0.0686872	0	0	0	
860	0.0940891	0.0835432	0.0105459	0	0.419781	0.37273	0.0470509	0	0	0	
861	0.085967	0.0856851	0.0002819	0	0.383544	0.382287	0.0012577	0	0	0	
862	0.114377	0.0782817	0.0360205	7.55786e-05	0.5103	0.349256	0.160707	0.000337196	0.00010136	0.000452223	
863	0.118811	0.114209	0.00460176	0	0.530081	0.50955	0.0205309	0	0	0	
864	0.105463	0.0944749	0.0109884	0	0.470528	0.421503	0.0490251	0	0	0	
865	0.116087	0.11575	0.000336703	0	0.517928	0.516426	0.00150221	0	0	0	
866	0.075737	0.075224	0.000512948	0	0.337903	0.335614	0.00228853	0	0	0	
867	0.0857176	0.0857176	0	0	0.382432	0.382432	0	0	0	0	
868	0.10443	0.0989602	0.00545573	1.47976e-05	0.465921	0.441514	0.0243409	6.60201e-05	1.53565e-05	6.85135e-05	
869	0.0948763	0.0936765	0.00119869	1.14603e-06	0.423294	0.417941	0.005348	5.11308e-06	1.52445e-06	6.80142e-06	
870	0.130448	0.124982	0.00546483	8.04957e-07	0.582	0.557615	0.0243815	3.59134e-06	7.81061e-07	3.48473e-06	
871	0.106866	0.0979189	0.00892736	2.03985e-05	0.476789	0.436868	0.0398297	9.10086e-05	2.03746e-05	9.0902e-05	
872	0.0415161	0.041496	2.01233e-05	0	0.185225	0.185135	8.97809e-05	0	0	0	
873	0.0991574	0.0990205	0.000136871	0	0.442394	0.441783	0.000610656	0	0	0	
874	0.10449	0.0900713	0.014419	0	0.466187	0.401856	0.0643311	0	0	0	
875	0.0808599	0.0807771	8.27707e-05	0	0.360759	0.36039	0.000369284	0	0	0	
876	0.0440674	0.0440674	0	0	0.196608	0.196608	0	0	0	0	
877	0.0990831	0.0868686	0.0121858	2.87255e-05	0.442062	0.387567	0.0543676	0.000128159	2.8702e-05	0.000128055	
878	0.0991881	0.0985002	0.000687913	0	0.442531	0.439461	0.00306915	0	0	0	
879	0.0864832	0.0864832	0	0	0.385847	0.385847	0	0	0	0	
880	0.0919604	0.0869322	0.00502821	0	0.410284	0.387851	0.0224335	0	0	0	
881	0.079759	0.0786533	0.00110294	2.80683e-06	0.355847	0.350914	0.0049208	1.25227e-05	2.7831e-06	1.24169e-05	
882	0.0919885	0.0886922	0.00329365	2.68564e-06	0.410409	0.395703	0.0146947	1.1982e-05	2.76065e-06	1.23167e-05	
883	0.0587635	0.0587635	0	0	0.262175	0.262175	0	0	0	0	
884	0.0781498	0.0781498	0	0	0.348668	0.348668	0	0	0	0	
885	0.0887764	0.0887764	0	0	0.396079	0.396079	0	0	0	0	
886	0.101334	0.10088	0.000454213	0	0.452106	0.450079	0.00202648	0	0	0	
887	0.0655657	0.0655657	0	0	0.292523	0.292523	0	0	0	0	
888	0.0960272	0.0960272	0	0	0.428429	0.428429	0	0	0	0	
889	0.0641411	0.0640909	5.0124e-05	0	0.286167	0.285944	0.00022363	0	0	0	
890	0.0933643	0.0908885	0.00247045	5.40331e-06	0.416548	0.405502	0.0110219	2.4107e-05	5.37964e-06	2.40014e-05	
891	0.041328	0.040935	0.000392969	0	0.184386	0.182633	0.00175324	0	0	0	
892	0.0580698	0.0580698	0	0	0.25908	0.25908	0	0	0	0	
893	0.0861861	0.0861861	0	0	0.384522	0.384522	0	0	0	0	
894	0.0837332	0.0830935	0.000639728	0	0.373578	0.370724	0.00285416	0	0	0	
895	0.0795047	0.0793898	0.000114922	0	0.354713	0.3542	0.000512729	0	0	0	
896	0.0788322	0.0781924	0.000639728	0	0.351712	0.348858	0.00285416	0	0	0	
897	0.0735728	0.0711338	0.00243891	1.50553e-07	0.328247	0.317366	0.0108812	6.717e-07	1.26961e-07	5.66444e-07	
898	0.0725612	0.0725612	0	0	0.323734	0.323734	0	0	0	0	
899	0.0976492	0.0949411	0.00270819	0	0.435665	0.423582	0.0120826	0	0	0	
900	0.0812323	0.0812323	0	0	0.36242	0.36242	0	0	0	0	
901	0.195511	0.111532	0.0830679	0.000910942	0.872282	0.497607	0.37061	0.00406419	0.00107566	0.00479913	
902	0.0755119	0.0746524	0.000859564	0	0.336899	0.333064	0.00383497	0	0	0	
903	0.216825	0.115377	0.101379	6.93298e-05	0.967375	0.514759	0.452307	0.000309317	0.000437419	0.00195155	
904	0.0673642	0.0673642	0	0	0.300547	0.300547	0	0	0	0	
905	0.165012	0.0923033	0.072709	0	0.736208	0.411814	0.324393	0	0	0	
906	0.198551	0.129881	0.0681456	0.000524633	0.885843	0.579468	0.304033	0.00234067	0.00136959	0.00611048	
907	0.079893	0.079893	0	0	0.356445	0.356445	0	0	0	0	
908	0.108229	0.0987722	0.00945543	1.80589e-06	0.482869	0.440675	0.0421857	8.05704e-06	3.61009e-06	1.61065e-05	
909	0.106879	0.105002	0.00187724	0	0.476846	0.46847	0.00837541	0	0	0	
910	0.113966	0.0897581	0.0242014	6.54193e-06	0.508463	0.400459	0.107975	2.9187e-05	6.5811e-06	2.93618e-05	
911	0.12266	0.106143	0.0162183	0.000298829	0.547254	0.473562	0.0723586	0.00133323	0.000298805	0.00133313	
912	0.107856	0.0954759	0.0123802	8.2834e-07	0.481207	0.425968	0.0552349	3.69566e-06	1.05287e-06	4.69744e-06	
913	0.113157	0.0982931	0.0147959	6.81556e-05	0.504854	0.438537	0.0660128	0.000304078	0.000129204	0.000576449	
914	0.076386	0.076386	0	0	0.340798	0.340798	0	0	0	0	
915	0.123157	0.0913502	0.0317744	3.23984e-05	0.549469	0.407562	0.141762	0.000144546	3.44618e-05	0.000153752	
916	0.106426	0.106426	0	0	0.474825	0.474825	0	0	0	0	
917	0.117358	0.0922132	0.0251287	1.66327e-05	0.523599	0.411412	0.112112	7.42075e-05	5.05684e-05	0.000225612	
918	0.124347	0.0886035	0.0354289	0.00031526	0.554781	0.395307	0.158067	0.00140654	0.000723723	0.00322891	
919	0.0941278	0.0859073	0.00820232	1.81432e-05	0.419954	0.383278	0.0365949	8.09468e-05	1.81195e-05	8.0841e-05	
920	0.112153	0.0854747	0.0265219	0.000157243	0.500378	0.381348	0.118328	0.000701547	0.000206616	0.000921825	
921	0.0381663	0.0381663	0	0	0.17028	0.17028	0	0	0	0	
922	0.0191281	0.0190725	5.56735e-05	0	0.0853409	0.0850925	0.000248389	0	0	0	
923	0.0602139	0.058978	0.00123383	2.12731e-06	0.268646	0.263132	0.0055048	9.49106e-06	2.10359e-06	9.38528e-06	
924	0.064051	0.051498	0.0125406	1.2319e-05	0.285765	0.22976	0.0559505	5.49616e-05	1.28293e-05	5.72384e-05	
925	0.0511032	0.0446745	0.00642707	1.61431e-06	0.227998	0.199317	0.0286746	7.20231e-06	1.90872e-05	8.51582e-05	
926	0.0694601	0.0586171	0.0108236	1.93726e-05	0.309898	0.261522	0.0482901	8.64316e-05	1.93484e-05	8.63238e-05	
927	0.079005	0.077023	0.00197257	9.40595e-06	0.352483	0.34364	0.00880071	4.19649e-05	9.38225e-06	4.18592e-05	
928	0.104143	0.0948149	0.00932841	0	0.464639	0.423019	0.041619	0	0	0	
929	0.0439116	0.0428569	0.00105464	0	0.195913	0.191207	0.00470532	0	0	0	
930	0.07545	0.0745222	0.000927788	0	0.336622	0.332483	0.00413935	0	0	0	
931	0.0913007	0.0823113	0.00894139	4.80226e-05	0.407341	0.367234	0.0398923	0.000214254	4.79991e-05	0.00021415	
932	0.084284	0.0838678	0.000416185	0	0.376036	0.374179	0.00185682	0	0	0	
933	0.0475648	0.0475648	0	0	0.212212	0.212212	0	0	0	0	
934	0.0472959	0.0453188	0.00197175	5.36318e-06	0.211012	0.202191	0.00879703	2.3928e-05	5.33954e-06	2.38225e-05	
935	0.0924825	0.0774727	0.0150097	0	0.412613	0.345647	0.0669666	0	0	0	
936	0.0759834	0.0755794	0.000403952	0	0.339002	0.3372	0.00180224	0	0	0	
937	0.0617041	0.0617041	0	0	0.275295	0.275295	0	0	0	0	
938	0.0671259	0.0671259	0	0	0.299484	0.299484	0	0	0	0	
939	0.0730921	0.072688	0.00040419	0	0.326103	0.324299	0.0018033	0	0	0	
940	0.0764591	0.074268	0.00218144	9.71122e-06	0.341125	0.331349	0.00973257	4.33269e-05	9.68757e-06	4.32214e-05	
941	0.0685291	0.0685291	0	0	0.305744	0.305744	0	0	0	0	
942	0.0706332	0.0706332	0	0	0.315132	0.315132	0	0	0	0	
943	0.0800019	0.0800019	0	0	0.356931	0.356931	0	0	0	0	
944	0.0638389	0.0634348	0.00040419	0	0.284819	0.283016	0.0018033	0	0	0	
945	0.0631551	0.0631551	0	0	0.281769	0.281769	0	0	0	0	
946	0.0663783	0.065446	0.00093225	0	0.296149	0.291989	0.00415926	0	0	0	
947	0.0955617	0.0955617	0	0	0.426351	0.426351	0	0	0	0	
948	0.0635862	0.0541168	0.00946939	0	0.283692	0.241444	0.042248	0	0	0	
949	0.0645704	0.0645704	0	0	0.288083	0.288083	0	0	0	0	
950	0.0859001	0.0859001	0	0	0.383246	0.383246	0	0	0	0	
951	0.115764	0.115764	0	0	0.516488	0.516488	0	0	0	0	
952	0.0510947	0.0494024	0.00169225	0	0.22796	0.22041	0.00755005	0	0	0	
953	0.0537097	0.0532011	0.000508561	0	0.239627	0.237358	0.00226896	0	0	0	
954	0.0873044	0.0862391	0.00106522	0	0.389511	0.384759	0.00475254	0	0	0	
955	0.0889193	0.0889193	0	0	0.396716	0.396716	0	0	0	0	
956	0.0536606	0.0496073	0.00405329	0	0.239408	0.221324	0.0180838	0	0	0	
957	0.0788251	0.0788251	0	0	0.351681	0.351681	0	0	0	0	
958	0.0803301	0.0691805	0.0111496	0	0.358395	0.308651	0.0497443	0	0	0	
959	0.0907629	0.0907629	0	0	0.404941	0.404941	0	0	0	0	
960	0.0565516	0.0565516	0	0	0.252306	0.252306	0	0	0	0	
961	0.0777153	0.0747715	0.00294388	0	0.346729	0.333595	0.0131342	0	0	0	
962	0.0977868	0.097752	3.48278e-05	0	0.436279	0.436123	0.000155385	0	0	0	
963	0.145438	0.145392	4.6297e-05	0	0.648879	0.648673	0.000206556	0	0	0	
964	0.105149	0.104084	0.00106522	0	0.469127	0.464375	0.00475254	0	0	0	
965	0.149311	0.0959675	0.0533437	0	0.666157	0.428162	0.237994	0	0	0	
966	0.154739	0.101387	0.0533499	2.62713e-06	0.690376	0.452342	0.238022	1.1721e-05	2.60183e-06	1.16081e-05	
967	0.0445455	0.0442133	0.000332259	0	0.198741	0.197259	0.00148238	0	0	0	
968	0.0708047	0.0704724	0.000332259	0	0.315897	0.314415	0.00148238	0	0	0	
969	0.198391	0.177376	0.0210081	7.55458e-06	0.885132	0.79137	0.0937286	3.3705e-05	1.06773e-05	4.76374e-05	
970	0.206549	0.173184	0.0331507	0.000214572	0.921529	0.772669	0.147903	0.00095732	0.000316122	0.00141039	
