Node	dPC	dPCintra	dPCflux	dPCconnector	varPC	varPCintra	varPCflux	varPCconnector	dBC_PC	varBC_PC	
1	0.172486	0.165064	0.00742181	2.51754e-08	0.769751	0.736629	0.0331211	1.1235e-07	8.1451e-09	3.6349e-08	
2	0.0908961	0.0830921	0.00779744	6.57504e-06	0.40564	0.370813	0.0347975	2.93423e-05	6.55816e-06	2.9267e-05	
3	0.0928176	0.0814021	0.011412	3.48429e-06	0.414215	0.363271	0.0509285	1.55492e-05	4.60692e-06	2.05592e-05	
4	0.0571448	0.0571448	0	0	0.255019	0.255019	0	0	0	0	
5	0.112614	0.105742	0.00687146	5.5411e-07	0.502562	0.471894	0.0306651	2.47282e-06	8.66546e-07	3.86712e-06	
6	0.0901571	0.0890657	0.0010912	2.06667e-07	0.402342	0.397471	0.0048697	9.22291e-07	1.89579e-07	8.46032e-07	
7	0.086622	0.085783	0.000838005	9.60454e-07	0.386566	0.382822	0.00373975	4.2862e-06	9.56389e-07	4.26806e-06	
8	0.1235	0.102515	0.0209847	0	0.551142	0.457494	0.0936481	0	0	0	
9	0.0882474	0.0862102	0.00203716	0	0.39382	0.384729	0.00909122	0	0	0	
10	0.0614034	0.0590604	0.00233539	7.62782e-06	0.274024	0.263568	0.0104221	3.40405e-05	8.21963e-06	3.66816e-05	
11	0.0851682	0.0788316	0.00633657	0	0.380078	0.3518	0.0282781	0	0	0	
12	0.09712	0.0941437	0.0029756	6.99609e-07	0.433415	0.420133	0.0132791	3.12213e-06	6.82594e-07	3.0462e-06	
13	0.102713	0.102713	0	0	0.458377	0.458377	0	0	0	0	
14	0.0831863	0.0831863	0	0	0.371234	0.371234	0	0	0	0	
15	0.0939966	0.0924798	0.00151518	1.66442e-06	0.419477	0.412708	0.00676177	7.42779e-06	1.64732e-06	7.35147e-06	
16	0.0730945	0.0730945	0	0	0.326197	0.326197	0	0	0	0	
17	0.0863126	0.0842751	0.00203748	0	0.385186	0.376093	0.00909266	0	0	0	
18	0.0739374	0.071968	0.00196944	0	0.329959	0.32117	0.00878899	0	0	0	
19	0.087026	0.0840888	0.00293726	0	0.388369	0.375261	0.013108	0	0	0	
20	0.0591171	0.0589716	0.000145487	0	0.263821	0.263171	0.000649265	0	0	0	
21	0.0860675	0.0815434	0.00452415	0	0.384092	0.363902	0.0201898	0	0	0	
22	0.0899483	0.0873492	0.00259299	6.16744e-06	0.401411	0.389811	0.0115716	2.75233e-05	6.15035e-06	2.7447e-05	
23	0.100148	0.0947237	0.00541433	9.96263e-06	0.446928	0.422722	0.0241624	4.446e-05	1.09079e-05	4.86786e-05	
24	0.0649275	0.0649275	0	0	0.289751	0.289751	0	0	0	0	
25	0.120897	0.115242	0.00564886	6.0789e-06	0.539528	0.514291	0.0252091	2.71282e-05	6.1332e-06	2.73705e-05	
26	0.0857768	0.0840718	0.00170503	0	0.382794	0.375185	0.00760901	0	0	0	
27	0.0868384	0.0760442	0.0105575	0.000236614	0.387532	0.339361	0.0471151	0.00105593	0.000240185	0.00107187	
28	0.0619591	0.0619591	0	0	0.276504	0.276504	0	0	0	0	
29	0.108786	0.101022	0.00776409	0	0.485478	0.450829	0.0346486	0	0	0	
30	0.170511	0.148473	0.021905	0.000132672	0.760939	0.662592	0.0977552	0.000592075	0.000133341	0.000595058	
31	0.145245	0.138072	0.0071721	9.15298e-07	0.648184	0.616173	0.0320068	4.08468e-06	8.9852e-07	4.00981e-06	
32	0.143988	0.138534	0.00545317	8.08392e-07	0.642575	0.618236	0.0243357	3.60759e-06	7.91443e-07	3.53196e-06	
33	0.0785389	0.0764582	0.00208067	0	0.350494	0.341209	0.0092854	0	0	0	
34	0.104606	0.0969152	0.00768972	1.44402e-06	0.466825	0.432502	0.0343167	6.44421e-06	4.22915e-06	1.88733e-05	
35	0.073417	0.0608147	0.0126023	0	0.327636	0.271396	0.0562401	0	0	0	
36	0.0841794	0.080961	0.00321839	0	0.375666	0.361303	0.0143626	0	0	0	
37	0.170526	0.0947521	0.0746732	0.00110086	0.761004	0.422848	0.333242	0.00491281	0.00590851	0.0263678	
38	0.0792901	0.0782249	0.0010651	1.23088e-07	0.353846	0.349093	0.00475321	5.49304e-07	1.43118e-07	6.38694e-07	
39	0.089817	0.0836969	0.00611524	4.83748e-06	0.400824	0.373513	0.0272903	2.15881e-05	6.18548e-06	2.76038e-05	
40	0.102887	0.100707	0.0021795	1.29156e-06	0.459156	0.449424	0.00972643	5.76384e-06	1.28093e-06	5.71641e-06	
41	0.100377	0.0956942	0.00468334	0	0.447953	0.427053	0.0209002	0	0	0	
42	0.0745677	0.0737568	0.000810849	0	0.332772	0.329153	0.00361856	0	0	0	
43	0.0603216	0.0551966	0.005125	0	0.269196	0.246325	0.0228712	0	0	0	
44	0.0654338	0.0644439	0.000989914	0	0.29201	0.287592	0.00441767	0	0	0	
45	0.0580674	0.0520125	0.00605008	4.86095e-06	0.259136	0.232115	0.0269996	2.16929e-05	7.76221e-06	3.46403e-05	
46	0.093325	0.0849172	0.00840678	1.00692e-06	0.41648	0.378958	0.0375167	4.49358e-06	1.41381e-06	6.30942e-06	
47	0.135727	0.134518	0.0012094	0	0.605709	0.600312	0.00539717	0	0	0	
48	0.105684	0.0848215	0.020863	0	0.471636	0.378531	0.0931049	0	0	0	
49	0.169728	0.157982	0.0117341	1.19522e-05	0.757444	0.705025	0.0523656	5.33392e-05	1.83229e-05	8.17694e-05	
50	0.102194	0.0950374	0.00715143	5.8683e-06	0.456062	0.424122	0.0319145	2.61883e-05	1.39938e-05	6.24503e-05	
51	0.0844689	0.0844651	3.85931e-06	0	0.376958	0.376941	1.72229e-05	0	0	0	
52	0.0786376	0.0760534	0.00258421	0	0.350935	0.339402	0.0115325	0	0	0	
53	0.0972692	0.0947395	0.00252166	8.04034e-06	0.434081	0.422792	0.0112533	3.58814e-05	8.43368e-06	3.76368e-05	
54	0.0933773	0.0905405	0.00283662	1.66857e-07	0.416713	0.404053	0.0126589	7.44631e-07	1.50866e-07	6.73268e-07	
55	0.097842	0.0925454	0.00529658	0	0.436637	0.413	0.0236369	0	0	0	
56	0.120806	0.111789	0.00901744	0	0.539121	0.498879	0.0402419	0	0	0	
57	0.1023	0.100547	0.0017518	4.74609e-07	0.456532	0.448712	0.00781773	2.11802e-06	4.57843e-07	2.04321e-06	
58	0.12196	0.0911434	0.030808	9.15888e-06	0.544272	0.406744	0.137486	4.08731e-05	2.47444e-05	0.000110426	
59	0.173418	0.111835	0.061549	3.39062e-05	0.773913	0.499087	0.274673	0.000151312	9.13045e-05	0.000407462	
60	0.0747256	0.0734638	0.00126175	0	0.333476	0.327845	0.00563082	0	0	0	
61	0.0871966	0.0869754	0.000221115	4.45029e-08	0.38913	0.388143	0.000986766	1.98602e-07	2.76077e-08	1.23204e-07	
62	0.100404	0.0932455	0.00714994	9.33763e-06	0.448074	0.416125	0.0319079	4.16709e-05	1.17478e-05	5.2427e-05	
63	0.123069	0.0937293	0.0293248	1.49755e-05	0.549218	0.418284	0.130867	6.68312e-05	4.27195e-05	0.000190643	
64	0.0985845	0.0966292	0.00195283	2.51002e-06	0.439951	0.431225	0.00871486	1.12014e-05	2.49295e-06	1.11252e-05	
65	0.111977	0.102368	0.00958664	2.24059e-05	0.499719	0.456837	0.0427821	9.99908e-05	2.6913e-05	0.000120104	
66	0.112931	0.100724	0.0122068	0	0.503976	0.449501	0.0544754	0	0	0	
67	0.167987	0.137059	0.0308536	7.34486e-05	0.749672	0.611654	0.13769	0.000327777	0.000123083	0.000549283	
68	0.106221	0.0797023	0.0264803	3.86557e-05	0.474032	0.355686	0.118173	0.000172508	6.01452e-05	0.000268409	
69	0.115605	0.113519	0.00208462	6.06083e-07	0.515909	0.506603	0.009303	2.70475e-06	7.03514e-07	3.13956e-06	
70	0.0780721	0.0761909	0.00188124	0	0.348411	0.340015	0.0083954	0	0	0	
71	0.067127	0.0440936	0.0230334	0	0.299566	0.196775	0.10279	0	0	0	
72	0.171252	0.129199	0.0419728	7.99918e-05	0.764244	0.576575	0.187311	0.000356978	0.000118393	0.000528354	
73	0.0783311	0.0595316	0.0187994	0	0.349566	0.265671	0.0838959	0	0	0	
74	0.142573	0.10576	0.0366347	0.000178725	0.63626	0.471973	0.163489	0.000797595	0.000213245	0.000951645	
75	0.189012	0.142498	0.045927	0.000586462	0.843502	0.635927	0.204957	0.00261719	0.000707596	0.00315777	
76	0.152181	0.139959	0.0120831	0.000138864	0.679135	0.624593	0.0539232	0.000619708	0.000142096	0.000634133	
77	0.0889616	0.0887475	0.000214024	0	0.397007	0.396052	0.000955122	0	0	0	
78	0.15081	0.097762	0.0529882	5.98403e-05	0.673017	0.436281	0.236469	0.000267048	6.76292e-05	0.000301807	
79	0.159772	0.135696	0.0240068	7.00565e-05	0.713015	0.605568	0.107134	0.00031264	0.000141456	0.000631277	
80	0.138089	0.123926	0.014141	2.20382e-05	0.616249	0.553044	0.063107	9.83497e-05	2.60506e-05	0.000116255	
81	0.108025	0.105169	0.00285631	0	0.482084	0.469337	0.0127468	0	0	0	
82	0.246291	0.159517	0.0858228	0.00095091	1.09911	0.711875	0.383	0.00424361	0.00148623	0.00663257	
83	0.160238	0.123919	0.0362052	0.00011344	0.715091	0.553012	0.161572	0.00050625	0.000120546	0.000537962	
84	0.121953	0.0952053	0.0267476	0	0.544237	0.424871	0.119366	0	0	0	
85	0.142909	0.100076	0.0428331	0	0.637759	0.446609	0.19115	0	0	0	
86	0.168105	0.14472	0.0231956	0.00018949	0.750199	0.645839	0.103514	0.000845635	0.000254263	0.00113469	
87	0.0820949	0.0768152	0.00527971	0	0.366363	0.342802	0.0235616	0	0	0	
88	0.0827852	0.0807973	0.00198686	9.56308e-07	0.369444	0.360573	0.00886676	4.2677e-06	9.39239e-07	4.19152e-06	
89	0.0766403	0.0761703	0.000470012	0	0.342021	0.339923	0.00209751	0	0	0	
90	0.109147	0.0977943	0.0113479	5.45784e-06	0.487091	0.436425	0.0506422	2.43566e-05	7.36926e-06	3.28866e-05	
91	0.103648	0.10133	0.00231775	4.65619e-07	0.462552	0.452207	0.0103433	2.07791e-06	8.4572e-07	3.77418e-06	
92	0.0850128	0.0830098	0.00200305	0	0.379385	0.370446	0.00893898	0	0	0	
93	0.0942581	0.0893552	0.00489785	5.03022e-06	0.420644	0.398764	0.0218575	2.24483e-05	7.03829e-06	3.14096e-05	
94	0.0874793	0.0848995	0.00257974	0	0.390392	0.378879	0.0115125	0	0	0	
95	0.151985	0.130168	0.0218136	2.67814e-06	0.678261	0.580902	0.0973472	1.19517e-05	2.92214e-06	1.30405e-05	
96	0.202972	0.157983	0.0448913	9.78169e-05	0.905803	0.70503	0.200336	0.000436525	0.000113566	0.000506812	
97	0.114667	0.0937702	0.0208832	1.43183e-05	0.511725	0.418466	0.0931954	6.38982e-05	2.29494e-05	0.000102416	
98	0.103865	0.0887282	0.0151119	2.54438e-05	0.463519	0.395965	0.06744	0.000113547	2.77159e-05	0.000123687	
99	0.105325	0.0994796	0.00584469	1.46363e-06	0.470035	0.443946	0.0260829	6.53174e-06	1.54568e-06	6.89791e-06	
100	0.0951287	0.091459	0.00366035	9.34935e-06	0.424529	0.408152	0.016335	4.17232e-05	9.81514e-06	4.38018e-05	
101	0.145123	0.143487	0.00163598	0	0.64764	0.640339	0.00730088	0	0	0	
102	0.148745	0.106658	0.0420311	5.6337e-05	0.663805	0.475982	0.187571	0.000251414	7.17615e-05	0.000320248	
103	0.0768543	0.0729087	0.00394554	0	0.342976	0.325368	0.0176077	0	0	0	
104	0.112133	0.0828342	0.0292629	3.656e-05	0.500416	0.369662	0.130591	0.000163155	4.72658e-05	0.000210932	
105	0.0937737	0.0857351	0.00795026	8.82857e-05	0.418482	0.382608	0.0354795	0.000393991	0.000107556	0.000479991	
106	0.143912	0.110906	0.0329967	1.0184e-05	0.642237	0.494938	0.147254	4.54481e-05	1.7197e-05	7.67448e-05	
107	0.221653	0.145867	0.0753583	0.000428018	0.98917	0.65096	0.3363	0.00191011	0.000502645	0.00224314	
108	0.106692	0.0963687	0.0103046	1.87325e-05	0.476132	0.430063	0.0459862	8.35974e-05	2.09367e-05	9.34342e-05	
109	0.135819	0.107492	0.0281086	0.000218456	0.606118	0.479703	0.12544	0.000974902	0.00028828	0.0012865	
110	0.117522	0.10801	0.00951171	0	0.524466	0.482018	0.0424477	0	0	0	
111	0.10291	0.0956907	0.00721301	6.90658e-06	0.459257	0.427037	0.0321893	3.08219e-05	1.39082e-05	6.20679e-05	
112	0.102346	0.0942732	0.00807337	0	0.45674	0.420711	0.0360288	0	0	0	
113	0.0960097	0.0912582	0.00474357	7.95453e-06	0.428461	0.407256	0.021169	3.54985e-05	1.34058e-05	5.98259e-05	
114	0.161395	0.123456	0.0372234	0.00071631	0.720258	0.550944	0.166116	0.00319666	0.000802077	0.00357941	
115	0.116977	0.106213	0.0107517	1.15934e-05	0.522032	0.473999	0.0479814	5.1738e-05	1.1843e-05	5.28516e-05	
116	0.120277	0.113718	0.00655269	6.66274e-06	0.536761	0.507489	0.0292426	2.97336e-05	7.3413e-06	3.27619e-05	
117	0.110002	0.0963112	0.0136914	0	0.490907	0.429806	0.0611006	0	0	0	
118	0.10258	0.101036	0.00154371	4.17922e-07	0.457786	0.450895	0.00688909	1.86505e-06	8.70099e-07	3.88297e-06	
119	0.117888	0.112919	0.00496916	0	0.526098	0.503922	0.0221758	0	0	0	
120	0.112472	0.0955873	0.0167995	8.59396e-05	0.50193	0.426576	0.0749708	0.000383521	0.000123521	0.000551238	
121	0.0896372	0.0838428	0.00579445	0	0.400022	0.374163	0.0258588	0	0	0	
122	0.177456	0.156751	0.0206257	7.91961e-05	0.791929	0.69953	0.0920462	0.000353427	0.00014397	0.000642494	
123	0.11059	0.106347	0.00424081	2.01367e-06	0.49353	0.474595	0.0189254	8.98639e-06	3.77716e-06	1.68562e-05	
124	0.150541	0.0957781	0.0537658	0.000997247	0.671817	0.427427	0.239939	0.00445039	0.00280751	0.012529	
125	0.107098	0.102778	0.00432049	0	0.477948	0.458667	0.0192809	0	0	0	
126	0.12891	0.103723	0.0249009	0.000285271	0.575284	0.462886	0.111125	0.00127307	0.000388435	0.00173346	
127	0.20287	0.190457	0.0123976	1.56536e-05	0.905345	0.849949	0.0553269	6.98573e-05	1.77269e-05	7.91098e-05	
128	0.128489	0.119927	0.00856132	5.4213e-07	0.573409	0.5352	0.0382064	2.41935e-06	5.25715e-07	2.3461e-06	
129	0.121936	0.117341	0.00459566	0	0.544165	0.523656	0.0205089	0	0	0	
130	0.100574	0.0956628	0.00490545	6.21415e-06	0.448832	0.426912	0.0218914	2.77317e-05	7.52792e-06	3.35947e-05	
131	0.129873	0.12388	0.00599112	1.75512e-06	0.579584	0.55284	0.0267364	7.83256e-06	2.12126e-06	9.46655e-06	
132	0.118874	0.084646	0.034227	1.88601e-06	0.530501	0.377748	0.152744	8.41669e-06	6.40371e-06	2.85777e-05	
133	0.128192	0.110144	0.0179427	0.000105792	0.572084	0.491539	0.0800726	0.00047212	0.000140436	0.000626725	
134	0.0961571	0.0950629	0.00109426	0	0.429118	0.424235	0.00488335	0	0	0	
135	0.0701305	0.0701305	0	0	0.31297	0.31297	0	0	0	0	
136	0.107811	0.102887	0.00492189	1.85561e-06	0.481129	0.459156	0.0219648	8.28103e-06	2.66005e-06	1.18709e-05	
137	0.114157	0.101502	0.0125911	6.37917e-05	0.509449	0.452975	0.0561902	0.000284682	8.64292e-05	0.000385706	
138	0.109879	0.103719	0.0061564	4.3846e-06	0.490359	0.462865	0.027474	1.9567e-05	5.00755e-06	2.23471e-05	
139	0.108452	0.105569	0.00288164	1.13562e-06	0.48399	0.471125	0.0128598	5.06792e-06	1.40631e-06	6.27592e-06	
140	0.1382	0.120328	0.017808	6.40353e-05	0.616746	0.536989	0.0794714	0.000285769	8.27956e-05	0.00036949	
141	0.0960683	0.0924668	0.00360057	9.95814e-07	0.428722	0.41265	0.0160682	4.444e-06	2.28383e-06	1.0192e-05	
142	0.0852561	0.0829312	0.00232485	0	0.38047	0.370095	0.010375	0	0	0	
143	0.154831	0.153872	0.000959255	0	0.690963	0.686683	0.00428085	0	0	0	
144	0.100537	0.0981762	0.00236164	0	0.448668	0.438129	0.0105392	0	0	0	
145	0.0896567	0.086254	0.0034005	2.28079e-06	0.400109	0.384924	0.0151753	1.01784e-05	3.07999e-06	1.3745e-05	
146	0.0624088	0.06083	0.00157875	0	0.27851	0.271465	0.00704548	0	0	0	
147	0.0743108	0.0722786	0.00203218	0	0.331625	0.322556	0.009069	0	0	0	
148	0.111426	0.107202	0.00422457	0	0.497261	0.478408	0.0188529	0	0	0	
149	0.115026	0.0993509	0.0156479	2.74251e-05	0.513325	0.443371	0.0698318	0.000122389	3.2323e-05	0.000144247	
150	0.091414	0.0821421	0.00926858	3.36646e-06	0.407951	0.366574	0.0413627	1.50234e-05	3.34925e-06	1.49466e-05	
151	0.130506	0.123756	0.00672672	2.35502e-05	0.582408	0.552284	0.0300192	0.000105097	3.0007e-05	0.000133912	
152	0.0916002	0.0843005	0.0072992	5.26494e-07	0.408782	0.376206	0.032574	2.34957e-06	1.94529e-06	8.68124e-06	
153	0.13912	0.134881	0.00423889	0	0.620851	0.601934	0.0189168	0	0	0	
154	0.101436	0.0971883	0.00424754	3.91796e-07	0.452677	0.43372	0.0189554	1.74846e-06	4.81233e-07	2.14759e-06	
155	0.108208	0.091362	0.0168242	2.2388e-05	0.482901	0.407719	0.0750815	9.99105e-05	2.61471e-05	0.000116686	
156	0.104049	0.094257	0.0097822	1.01925e-05	0.464339	0.420639	0.0436548	4.54862e-05	1.59448e-05	7.11567e-05	
157	0.0885607	0.0878956	0.000665101	0	0.395218	0.39225	0.00296813	0	0	0	
158	0.11235	0.102975	0.0093549	1.99201e-05	0.501385	0.459549	0.0417479	8.88974e-05	2.15335e-05	9.60975e-05	
159	0.107732	0.0987695	0.00895928	3.8347e-06	0.480776	0.440777	0.0399824	1.7113e-05	7.79421e-06	3.47831e-05	
160	0.169104	0.155042	0.0140622	0	0.75466	0.691905	0.0627552	0	0	0	
161	0.222493	0.173122	0.0493345	3.66585e-05	0.992918	0.77259	0.220164	0.000163595	6.10967e-05	0.000272655	
162	0.119713	0.0938375	0.0257934	8.27409e-05	0.534244	0.418767	0.115108	0.000369246	9.45561e-05	0.000421974	
163	0.08934	0.0782187	0.0110014	0.000119889	0.398696	0.349065	0.0490959	0.000535027	0.000119872	0.000534951	
164	0.126189	0.0893756	0.0368137	0	0.563143	0.398855	0.164287	0	0	0	
165	0.152208	0.114776	0.0370232	0.000408076	0.679257	0.512213	0.165223	0.00182111	0.00054198	0.00241868	
166	0.10055	0.0970555	0.00349515	0	0.448725	0.433127	0.0155977	0	0	0	
167	0.103463	0.096753	0.00669136	1.95774e-05	0.461726	0.431778	0.0298614	8.7368e-05	2.33072e-05	0.000104012	
168	0.104435	0.0976949	0.00673818	2.39025e-06	0.466062	0.435981	0.0300703	1.06669e-05	4.60759e-06	2.05622e-05	
169	0.0967982	0.0944297	0.00236565	2.92827e-06	0.431979	0.421409	0.0105571	1.30679e-05	2.91285e-06	1.29991e-05	
170	0.148412	0.10828	0.0390544	0.00107754	0.662317	0.483221	0.174287	0.00480875	0.00122242	0.00545529	
171	0.217798	0.194663	0.023128	6.96348e-06	0.971964	0.86872	0.103212	3.10758e-05	1.12712e-05	5.02998e-05	
172	0.129273	0.121716	0.00755665	0	0.576904	0.543181	0.0337229	0	0	0	
173	0.173822	0.135223	0.0383659	0.000232838	0.775713	0.603459	0.171215	0.00103908	0.00027619	0.00123255	
174	0.118837	0.11287	0.00596678	9.57913e-08	0.530334	0.503706	0.0266278	4.27486e-07	8.75853e-07	3.90865e-06	
175	0.108535	0.0959394	0.0125959	0	0.484359	0.428147	0.0562116	0	0	0	
176	0.107933	0.0945315	0.0133175	8.41775e-05	0.481671	0.421864	0.0594321	0.000375657	0.000109361	0.000488047	
177	0.176559	0.141342	0.0347735	0.000444001	0.78793	0.630765	0.155183	0.00198143	0.000767797	0.00342643	
178	0.133228	0.10609	0.0270982	4.01261e-05	0.594556	0.473446	0.12093	0.00017907	6.61137e-05	0.000295044	
179	0.182071	0.139984	0.0417015	0.000384975	0.812525	0.624706	0.1861	0.00171802	0.000511843	0.00228419	
180	0.111953	0.101115	0.0108071	3.057e-05	0.499612	0.451247	0.0482288	0.000136424	3.97003e-05	0.000177169	
181	0.13097	0.124942	0.00602701	5.38963e-07	0.584477	0.557578	0.0268966	2.40522e-06	1.43643e-06	6.41036e-06	
182	0.100994	0.0991137	0.00188043	0	0.450705	0.442313	0.00839178	0	0	0	
183	0.11541	0.111179	0.00423091	0	0.515039	0.496158	0.0188812	0	0	0	
184	0.0934233	0.087754	0.00566676	2.54085e-06	0.416918	0.391618	0.0252889	1.1339e-05	3.1013e-06	1.38401e-05	
185	0.0924862	0.0823253	0.0101609	0	0.412736	0.367391	0.0453451	0	0	0	
186	0.14951	0.113455	0.036043	1.14612e-05	0.667216	0.506316	0.160848	5.11477e-05	1.34576e-05	6.00572e-05	
187	0.0911859	0.0880037	0.00316755	1.45838e-05	0.406933	0.392732	0.0141358	6.50831e-05	1.50553e-05	6.71871e-05	
188	0.0864293	0.0804291	0.00599352	6.59882e-06	0.385706	0.358929	0.0267472	2.94484e-05	7.22916e-06	3.22614e-05	
189	0.107572	0.101978	0.00559392	0	0.480062	0.455098	0.0249639	0	0	0	
190	0.071771	0.0591953	0.0125756	0	0.320291	0.26417	0.0561212	0	0	0	
191	0.351588	0.212687	0.135522	0.00337823	1.56902	0.949155	0.604795	0.0150759	0.00384639	0.0171652	
192	0.0727662	0.0727662	0	0	0.324732	0.324732	0	0	0	0	
193	0.118046	0.118046	0	0	0.526805	0.526805	0	0	0	0	
194	0.1624	0.120704	0.0415953	0.000100509	0.724739	0.538664	0.185626	0.000448541	0.000149219	0.000665919	
195	0.0887771	0.0883478	0.000429307	0	0.396184	0.394268	0.00191586	0	0	0	
196	0.0891224	0.0891224	0	0	0.397725	0.397725	0	0	0	0	
197	0.0716404	0.0558539	0.0157647	2.17336e-05	0.319708	0.249258	0.0703528	9.69901e-05	5.69138e-05	0.000253988	
198	0.155023	0.113953	0.0408105	0.000259743	0.691822	0.508538	0.182124	0.00115915	0.00037422	0.00167002	
199	0.147035	0.11399	0.0330446	0	0.656172	0.508704	0.147467	0	0	0	
200	0.116094	0.0869481	0.0291468	0	0.518095	0.388022	0.130072	0	0	0	
201	0.163911	0.10028	0.0625121	0.00111806	0.731482	0.447521	0.278972	0.00498957	0.00253182	0.0112987	
202	0.105534	0.105534	0	0	0.470968	0.470968	0	0	0	0	
203	0.098735	0.0941999	0.00453506	0	0.440622	0.420384	0.0202385	0	0	0	
204	0.178455	0.133355	0.044591	0.000508966	0.79639	0.595122	0.198995	0.00227135	0.00083292	0.00371705	
205	0.116925	0.0895639	0.0273167	4.43768e-05	0.521799	0.399695	0.121905	0.000198039	5.02687e-05	0.000224333	
206	0.187908	0.148834	0.0389131	0.000161402	0.838576	0.664198	0.173657	0.00072029	0.00029553	0.00131886	
207	0.0689403	0.0517302	0.0172084	1.57247e-06	0.307658	0.230855	0.076796	7.01745e-06	3.2457e-06	1.44845e-05	
208	0.104059	0.0979435	0.00611547	0	0.464382	0.437091	0.0272914	0	0	0	
209	0.144081	0.0948698	0.0492115	0	0.642989	0.423374	0.219615	0	0	0	
210	0.113967	0.113266	0.000700265	0	0.508599	0.505474	0.00312506	0	0	0	
211	0.160072	0.103126	0.0569467	0	0.714354	0.460219	0.254135	0	0	0	
212	0.116396	0.115913	0.000482516	1.24312e-07	0.519439	0.517285	0.00215331	5.54765e-07	1.07217e-07	4.78476e-07	
213	0.232742	0.163997	0.0678855	0.000858791	1.03865	0.731869	0.302951	0.00383251	0.00194944	0.00869973	
214	0.11802	0.115359	0.00266164	1.37714e-07	0.526689	0.514811	0.011878	6.14576e-07	1.20589e-07	5.38153e-07	
215	0.191188	0.160957	0.0301722	5.86245e-05	0.853213	0.718303	0.134649	0.000261622	7.01181e-05	0.000312915	
216	0.0986299	0.0844698	0.0141534	6.66171e-06	0.440154	0.376961	0.0631625	2.97291e-05	9.17243e-06	4.09336e-05	
217	0.206067	0.14032	0.0647125	0.00103505	0.919615	0.626204	0.288791	0.00461913	0.00107436	0.00479456	
218	0.0973712	0.0967686	0.000602635	0	0.434537	0.431847	0.00268937	0	0	0	
219	0.133008	0.132517	0.000490981	0	0.593573	0.591382	0.00219109	0	0	0	
220	0.0944555	0.0834779	0.0109775	0	0.421525	0.372535	0.0489894	0	0	0	
221	0.107093	0.0934709	0.0136002	2.19727e-05	0.477922	0.41713	0.0606934	9.80572e-05	2.23705e-05	9.98326e-05	
222	0.0500814	0.0500684	1.30284e-05	0	0.223497	0.223439	5.81419e-05	0	0	0	
223	0.0966245	0.0963728	0.000251756	0	0.431204	0.430081	0.0011235	0	0	0	
224	0.153386	0.144638	0.00874782	2.59317e-07	0.684514	0.645474	0.0390387	1.15725e-06	2.43432e-07	1.08635e-06	
225	0.0802544	0.0779704	0.00227522	8.87572e-06	0.35815	0.347957	0.0101535	3.96095e-05	9.22475e-06	4.11671e-05	
226	0.228927	0.22408	0.00483728	9.9091e-06	1.02163	1	0.0215872	4.42212e-05	9.90974e-06	4.4224e-05	
227	0.0847601	0.0819047	0.00285536	0	0.378257	0.365514	0.0127425	0	0	0	
228	0.0903276	0.0789961	0.0113284	3.04064e-06	0.403103	0.352534	0.050555	1.35694e-05	3.02378e-06	1.34942e-05	
229	0.127656	0.123338	0.00431786	0	0.56969	0.55042	0.0192692	0	0	0	
230	0.106423	0.106103	0.00032016	0	0.474933	0.473504	0.00142877	0	0	0	
231	0.0927666	0.0916056	0.00116034	6.89931e-07	0.413988	0.408806	0.00517826	3.07894e-06	6.72758e-07	3.0023e-06	
232	0.0848033	0.0747387	0.0100645	0	0.37845	0.333535	0.0449149	0	0	0	
233	0.078591	0.0777698	0.000821106	0	0.350726	0.347062	0.00366433	0	0	0	
234	0.103823	0.103823	0	0	0.463329	0.463329	0	0	0	0	
235	0.135621	0.135621	0	0	0.605233	0.605233	0	0	0	0	
236	0.068781	0.0658648	0.00291623	0	0.306947	0.293933	0.0130142	0	0	0	
237	0.0471519	0.0471519	0	0	0.210423	0.210423	0	0	0	0	
238	0.0890926	0.0890926	0	0	0.397592	0.397592	0	0	0	0	
239	0.140453	0.121424	0.0190285	5.48471e-07	0.6268	0.541879	0.0849184	2.44765e-06	5.56366e-07	2.48288e-06	
240	0.0922277	0.090265	0.00196273	0	0.411583	0.402824	0.00875906	0	0	0	
241	0.136761	0.118062	0.0186881	1.05965e-05	0.610321	0.526874	0.0833992	4.72889e-05	1.07775e-05	4.80968e-05	
242	0.0861313	0.0851904	0.000940982	0	0.384376	0.380177	0.0041993	0	0	0	
243	0.0857537	0.0857537	0	0	0.382691	0.382691	0	0	0	0	
244	0.0884485	0.0884485	0	0	0.394717	0.394717	0	0	0	0	
245	0.122373	0.0948259	0.0271644	0.000383233	0.546114	0.423178	0.121226	0.00171024	0.000444514	0.00198372	
246	0.101838	0.0892501	0.0125884	0	0.454473	0.398294	0.0561781	0	0	0	
247	0.110984	0.106841	0.00412723	1.56079e-05	0.495289	0.476801	0.0184185	6.96532e-05	1.57353e-05	7.02217e-05	
248	0.0833296	0.0833296	0	0	0.371873	0.371873	0	0	0	0	
249	0.0717653	0.0697862	0.00197504	4.06886e-06	0.320266	0.311433	0.00881401	1.8158e-05	4.05181e-06	1.80819e-05	
250	0.0688112	0.0664409	0.00235146	1.88193e-05	0.307082	0.296504	0.0104938	8.39848e-05	1.89644e-05	8.46321e-05	
251	0.122232	0.10893	0.0132666	3.49543e-05	0.545484	0.486123	0.0592049	0.00015599	3.49375e-05	0.000155915	
252	0.0760848	0.0690604	0.00700129	2.31838e-05	0.339542	0.308194	0.0312445	0.000103462	2.46807e-05	0.000110142	
253	0.0975968	0.0975091	8.77161e-05	0	0.435543	0.435152	0.000391449	0	0	0	
254	0.0776419	0.0774252	0.000216705	0	0.346491	0.345524	0.000967086	0	0	0	
255	0.0866846	0.0864544	0.000230197	0	0.386846	0.385818	0.00102729	0	0	0	
256	0.0990786	0.0964144	0.00266424	0	0.442156	0.430266	0.0118896	0	0	0	
257	0.0886949	0.0885211	0.000173806	0	0.395817	0.395041	0.000775641	0	0	0	
258	0.104014	0.0958928	0.00806458	5.67878e-05	0.464182	0.427939	0.0359896	0.000253426	6.29249e-05	0.000280814	
259	0.0527877	0.0451268	0.00761234	4.85222e-05	0.235574	0.201386	0.0339714	0.000216539	6.00147e-05	0.000267826	
260	0.0457544	0.0416142	0.00414018	0	0.204187	0.185711	0.0184763	0	0	0	
261	0.110126	0.109522	0.000604599	0	0.49146	0.488762	0.00269813	0	0	0	
262	0.113825	0.110753	0.00307159	0	0.507966	0.494259	0.0137075	0	0	0	
263	0.0577721	0.0436237	0.0141198	2.85997e-05	0.257818	0.194678	0.0630124	0.000127631	4.54272e-05	0.000202727	
264	0.188091	0.139525	0.0479714	0.000595093	0.839393	0.622657	0.214081	0.00265571	0.000910949	0.00406527	
265	0.0503876	0.0432219	0.00716568	0	0.224864	0.192885	0.0319781	0	0	0	
266	0.0850768	0.0831575	0.00191566	3.59012e-06	0.37967	0.371105	0.00854901	1.60215e-05	3.5731e-06	1.59456e-05	
267	0.0495527	0.0454125	0.00414018	0	0.221138	0.202661	0.0184763	0	0	0	
268	0.0849131	0.0849131	0	0	0.37894	0.37894	0	0	0	0	
269	0.20638	0.204154	0.00222539	7.49164e-07	0.92101	0.911075	0.00993122	3.34328e-06	8.04043e-07	3.58818e-06	
270	0.107269	0.106992	0.000276307	0	0.478707	0.477474	0.00123307	0	0	0	
271	0.0843115	0.0843115	0	0	0.376255	0.376255	0	0	0	0	
272	0.104276	0.103294	0.000982308	0	0.465353	0.460969	0.00438373	0	0	0	
273	0.110044	0.0913016	0.018708	3.49601e-05	0.491094	0.40745	0.0834882	0.000156016	4.8811e-05	0.000217828	
274	0.101484	0.0939319	0.00755127	1.13099e-06	0.452892	0.419188	0.0336989	5.04727e-06	1.11807e-06	4.98962e-06	
275	0.120685	0.110781	0.00980597	9.86381e-05	0.538581	0.49438	0.0437609	0.00044019	0.000100156	0.000446966	
276	0.0895748	0.0894328	0.000142054	0	0.399744	0.39911	0.000633941	0	0	0	
277	0.104214	0.103629	0.000584811	5.81284e-08	0.465075	0.462465	0.00260982	2.59408e-07	4.10278e-08	1.83094e-07	
278	0.178778	0.147374	0.0313169	8.65571e-05	0.797829	0.657686	0.139757	0.000386277	0.0001807	0.000806408	
279	0.0823525	0.0767186	0.00563388	0	0.367513	0.34237	0.0251422	0	0	0	
280	0.137245	0.120871	0.0163747	3.89878e-08	0.612484	0.539409	0.0730755	1.7399e-07	5.71527e-08	2.55054e-07	
281	0.116627	0.0947202	0.0218335	7.38009e-05	0.520472	0.422706	0.0974364	0.00032935	9.75769e-05	0.000435454	
282	0.0846833	0.0808901	0.00379323	0	0.377914	0.360986	0.0169279	0	0	0	
283	0.0985959	0.0907524	0.00782229	2.12503e-05	0.440002	0.404999	0.0349084	9.48335e-05	3.35106e-05	0.000149547	
284	0.134601	0.11015	0.0244205	3.07622e-05	0.600685	0.491567	0.10898	0.000137281	3.86515e-05	0.000172489	
285	0.102895	0.0868643	0.0160311	0	0.459189	0.387648	0.0715419	0	0	0	
286	0.121019	0.0817311	0.0392539	3.47208e-05	0.540072	0.36474	0.175177	0.000154948	7.54416e-05	0.000336672	
287	0.0812061	0.0651075	0.0160648	3.38305e-05	0.362397	0.290554	0.0716922	0.000150975	3.67967e-05	0.000164212	
288	0.211795	0.139897	0.0705947	0.00130374	0.945177	0.624317	0.315041	0.00581819	0.00171585	0.00765733	
289	0.0666147	0.0653519	0.00125854	4.21429e-06	0.29728	0.291645	0.00561649	1.8807e-05	4.19721e-06	1.87308e-05	
290	0.0692709	0.0686959	0.000575038	0	0.309134	0.306568	0.00256621	0	0	0	
291	0.181588	0.136585	0.0449253	7.76127e-05	0.810371	0.609537	0.200487	0.00034636	9.28824e-05	0.000414504	
292	0.135483	0.116168	0.0192735	4.15734e-05	0.60462	0.518423	0.0860118	0.000185529	6.52642e-05	0.000291253	
293	0.0672927	0.0473667	0.019926	0	0.300306	0.211382	0.0889234	0	0	0	
294	0.0653903	0.0607343	0.00464441	1.15821e-05	0.291816	0.271038	0.0207265	5.16872e-05	2.79153e-05	0.000124577	
295	0.177884	0.151511	0.0262764	9.66752e-05	0.793842	0.676147	0.117263	0.00043143	0.000185133	0.000826191	
296	0.117835	0.117796	3.87596e-05	0	0.525861	0.525688	0.000172971	0	0	0	
297	0.171657	0.14596	0.0256673	3.00909e-05	0.766054	0.651374	0.114545	0.000134286	5.85854e-05	0.000261448	
298	0.103516	0.0904501	0.0129872	7.95607e-05	0.461963	0.40365	0.0579578	0.000355054	9.6775e-05	0.000431876	
299	0.0919278	0.0790798	0.0128409	7.0563e-06	0.410244	0.352908	0.0573052	3.149e-05	7.13818e-06	3.18554e-05	
300	0.0772792	0.0764195	0.00085967	0	0.344872	0.341036	0.00383643	0	0	0	
301	0.0644243	0.0619739	0.00243979	1.05906e-05	0.287505	0.27657	0.010888	4.72626e-05	1.14091e-05	5.09156e-05	
302	0.0740475	0.0690542	0.00496602	2.72322e-05	0.33045	0.308167	0.0221618	0.000121529	3.70952e-05	0.000165544	
303	0.127209	0.105363	0.0217587	8.79578e-05	0.567696	0.470201	0.0971024	0.000392527	0.000122753	0.00054781	
304	0.0950441	0.0950441	0	0	0.424151	0.424151	0	0	0	0	
305	0.0508622	0.0410978	0.00973966	2.47442e-05	0.226981	0.183406	0.043465	0.000110425	2.88485e-05	0.000128741	
306	0.063523	0.0527099	0.0108045	8.6533e-06	0.283483	0.235227	0.0482172	3.86169e-05	8.6464e-06	3.85861e-05	
307	0.090935	0.0869348	0.00400016	0	0.405814	0.387962	0.0178514	0	0	0	
308	0.0909955	0.0752079	0.0157876	0	0.406084	0.335629	0.0704551	0	0	0	
309	0.120733	0.1103	0.0103611	7.21024e-05	0.538796	0.492235	0.0462386	0.00032177	7.26308e-05	0.000324128	
310	0.147293	0.142735	0.00455372	3.42593e-06	0.657322	0.636985	0.0203218	1.52888e-05	3.89971e-06	1.74031e-05	
311	0.0780287	0.0736336	0.00438397	1.11976e-05	0.348217	0.328603	0.0195643	4.99714e-05	1.44794e-05	6.46171e-05	
312	0.146676	0.095439	0.0506565	0.000581329	0.654572	0.425913	0.226064	0.00259428	0.000762102	0.00340102	
313	0.102914	0.0930384	0.00985394	2.2523e-05	0.459276	0.415201	0.043975	0.000100513	2.42537e-05	0.000108236	
314	0.0793627	0.0769544	0.00240821	1.23232e-07	0.35417	0.343423	0.0107471	5.49946e-07	1.06232e-07	4.7408e-07	
315	0.103177	0.0945795	0.0085931	4.49709e-06	0.460446	0.422078	0.0383482	2.0069e-05	4.51952e-06	2.01691e-05	
316	0.0746805	0.0703092	0.00437126	0	0.333275	0.313767	0.0195075	0	0	0	
317	0.119549	0.0764453	0.0430536	5.02126e-05	0.53351	0.341151	0.192134	0.000224083	5.82581e-05	0.000259987	
318	0.180854	0.121767	0.0590871	0	0.807095	0.543408	0.263687	0	0	0	
319	0.237941	0.142987	0.0916065	0.0033476	1.06185	0.638109	0.40881	0.0149392	0.00397985	0.0177608	
320	0.0830884	0.0757783	0.00726868	4.14725e-05	0.370797	0.338174	0.0324378	0.000185078	5.11209e-05	0.000228136	
321	0.137737	0.0984024	0.038912	0.000423037	0.614678	0.439138	0.173652	0.00188788	0.000516083	0.00230311	
322	0.136211	0.0784791	0.0574162	0.0003158	0.607867	0.350227	0.25623	0.00140931	0.000475092	0.00212018	
323	0.0956743	0.0944759	0.0011984	0	0.426964	0.421616	0.00534811	0	0	0	
324	0.126093	0.124698	0.00139573	0	0.562717	0.556488	0.00622872	0	0	0	
325	0.0909421	0.0898696	0.00107247	0	0.405845	0.401059	0.00478609	0	0	0	
326	0.0735058	0.0707901	0.00271567	0	0.328033	0.315913	0.0121192	0	0	0	
327	0.0776428	0.0748424	0.00280038	0	0.346495	0.333998	0.0124972	0	0	0	
328	0.0906295	0.0903572	0.000272297	0	0.40445	0.403235	0.00121517	0	0	0	
329	0.0963211	0.0911148	0.00519322	1.30611e-05	0.42985	0.406616	0.0231757	5.82875e-05	1.80021e-05	8.03378e-05	
330	0.145103	0.0879352	0.0553955	0.00177312	0.647552	0.392427	0.247212	0.00791291	0.00202678	0.00904488	
331	0.129873	0.116402	0.0134569	1.39543e-05	0.579583	0.519467	0.0600541	6.22739e-05	2.74455e-05	0.00012248	
332	0.106589	0.095988	0.0105783	2.26842e-05	0.475673	0.428364	0.047208	0.000101232	4.57839e-05	0.000204319	
333	0.124423	0.0980589	0.0262797	8.4755e-05	0.555262	0.437605	0.117278	0.000378234	9.74812e-05	0.000435027	
334	0.139417	0.0880768	0.0510236	0.000316423	0.622173	0.393059	0.227702	0.00141209	0.000479029	0.00213775	
335	0.0840119	0.0801328	0.00387908	0	0.374918	0.357607	0.0173111	0	0	0	
336	0.10535	0.0890782	0.0161903	8.21992e-05	0.470146	0.397527	0.0722522	0.000366829	0.000102224	0.000456196	
337	0.119103	0.111373	0.00772036	9.61969e-06	0.531519	0.497022	0.0344535	4.29296e-05	1.12045e-05	5.00023e-05	
338	0.122168	0.10127	0.0207684	0.000129132	0.545199	0.451939	0.0926831	0.000576277	0.000258296	0.00115269	
339	0.086351	0.076729	0.00956851	5.349e-05	0.385357	0.342417	0.0427012	0.000238709	6.5326e-05	0.000291529	
340	0.101218	0.0832345	0.0178319	0.000152147	0.451706	0.371449	0.0795781	0.000678984	0.000212913	0.000950167	
341	0.105088	0.103909	0.00117918	0	0.468976	0.463714	0.00526232	0	0	0	
342	0.111576	0.0750933	0.0363922	9.09561e-05	0.49793	0.335117	0.162406	0.000405908	0.000134311	0.00059939	
343	0.146968	0.087893	0.0568675	0.00220737	0.655871	0.392238	0.253782	0.0098508	0.00431376	0.0192509	
344	0.0831179	0.0821667	0.000950986	1.43704e-07	0.370928	0.366684	0.00424395	6.41309e-07	7.9973e-07	3.56894e-06	
345	0.12957	0.0947258	0.0345253	0.000319018	0.57823	0.422731	0.154075	0.00142367	0.000344667	0.00153814	
346	0.137328	0.0978993	0.0389856	0.000443479	0.612853	0.436893	0.17398	0.0019791	0.000686358	0.003063	
347	0.0984311	0.0752123	0.023042	0.000176755	0.439267	0.335648	0.102829	0.000788802	0.000207414	0.000925626	
348	0.101546	0.083427	0.018045	7.49574e-05	0.453171	0.372308	0.0805291	0.000334511	9.41073e-05	0.000419971	
349	0.0797951	0.0719449	0.00784416	6.07215e-06	0.3561	0.321067	0.035006	2.7098e-05	9.58283e-06	4.27651e-05	
350	0.133102	0.0758183	0.0562978	0.000986279	0.593994	0.338353	0.251239	0.00440145	0.00119137	0.00531671	
351	0.148822	0.0933654	0.0552363	0.000220979	0.664148	0.41666	0.246502	0.000986162	0.000455915	0.0020346	
352	0.136497	0.0814499	0.0548666	0.000181124	0.609145	0.363485	0.244852	0.000808298	0.000313745	0.00140014	
353	0.0860781	0.0776834	0.00837863	1.60596e-05	0.384139	0.346676	0.0373911	7.16692e-05	2.34423e-05	0.000104615	
354	0.087756	0.0788959	0.00883064	2.9472e-05	0.391627	0.352087	0.0394083	0.000131524	3.63749e-05	0.00016233	
355	0.0848516	0.0831372	0.00171372	7.22752e-07	0.378665	0.371014	0.0076478	3.22541e-06	7.28008e-07	3.24886e-06	
356	0.12234	0.10842	0.0138752	4.56619e-05	0.545968	0.483844	0.0619206	0.000203774	4.78356e-05	0.000213475	
357	0.209077	0.107616	0.0949153	0.00654493	0.933044	0.480259	0.423577	0.0292079	0.00835439	0.037283	
358	0.160023	0.0974655	0.061265	0.00129296	0.714134	0.434957	0.273406	0.00577008	0.001895	0.0084568	
359	0.103191	0.0778781	0.0250644	0.000248782	0.46051	0.347545	0.111854	0.00111023	0.000273478	0.00122044	
360	0.100629	0.0962288	0.00440086	2.05412e-07	0.449079	0.429438	0.0196396	9.1669e-07	2.75435e-07	1.22918e-06	
361	0.0467993	0.0467993	0	0	0.20885	0.20885	0	0	0	0	
362	0.102242	0.0867033	0.0153975	0.000141714	0.456276	0.386929	0.0687143	0.000632427	0.000147489	0.000658199	
363	0.0488797	0.0488797	0	0	0.218134	0.218134	0	0	0	0	
364	0.127818	0.112919	0.0148909	7.7582e-06	0.570411	0.503923	0.0664534	3.46224e-05	5.93128e-05	0.000264694	
365	0.0818607	0.0788827	0.00296655	1.15297e-05	0.365318	0.352028	0.0132387	5.14537e-05	1.25117e-05	5.58359e-05	
366	0.108271	0.0910632	0.0171406	6.71559e-05	0.483179	0.406386	0.076493	0.000299695	8.71587e-05	0.000388961	
367	0.123021	0.104542	0.0183997	7.9287e-05	0.549004	0.466538	0.082112	0.000353832	0.0001285	0.000573457	
368	0.0825166	0.0752264	0.00722567	6.45442e-05	0.368245	0.335711	0.0322458	0.00028804	6.64311e-05	0.000296461	
369	0.0827171	0.0797296	0.00298328	4.23066e-06	0.36914	0.355808	0.0133134	1.88801e-05	6.99432e-06	3.12134e-05	
370	0.108962	0.0909804	0.017834	0.000148535	0.486267	0.406016	0.0795877	0.000662864	0.000177016	0.00078997	
371	0.123751	0.0787533	0.044894	0.000104236	0.552264	0.35145	0.200348	0.000465172	0.00011839	0.000528337	
372	0.104104	0.078477	0.0255539	7.39985e-05	0.464587	0.350217	0.114039	0.000330232	0.000100198	0.000447154	
373	0.0829897	0.0786313	0.00435833	4.74955e-08	0.370356	0.350906	0.0194498	2.11957e-07	3.41065e-08	1.52206e-07	
374	0.20951	0.10318	0.0934851	0.0128451	0.934978	0.460459	0.417194	0.057324	0.0199215	0.0889037	
375	0.140151	0.12621	0.0138211	0.000119834	0.625452	0.563238	0.0616795	0.000534784	0.000121252	0.000541112	
376	0.0995188	0.0981665	0.00135194	3.72706e-07	0.444121	0.438086	0.00603332	1.66326e-06	6.24127e-07	2.78528e-06	
377	0.10824	0.0993417	0.0088361	6.23779e-05	0.483041	0.44333	0.0394327	0.000278372	7.02815e-05	0.000313644	
378	0.130352	0.102934	0.0272966	0.000121166	0.581722	0.459365	0.121816	0.000540726	0.000144465	0.000644704	
379	0.0975795	0.0761462	0.0214326	6.61359e-07	0.435466	0.339816	0.0956471	2.95143e-06	1.19768e-06	5.34486e-06	
380	0.110688	0.0817955	0.0288603	3.31179e-05	0.493969	0.365027	0.128794	0.000147794	8.7653e-05	0.000391167	
381	0.0926331	0.0791959	0.0133918	4.52774e-05	0.413392	0.353426	0.0597637	0.000202059	7.65417e-05	0.000341581	
382	0.104489	0.10325	0.00123856	1.96545e-07	0.466304	0.460776	0.00552732	8.77117e-07	3.13955e-07	1.40108e-06	
383	0.0789516	0.0753417	0.00360992	0	0.352336	0.336226	0.0161099	0	0	0	
384	0.0912423	0.0897017	0.00154054	0	0.407185	0.40031	0.00687496	0	0	0	
385	0.132987	0.106506	0.0258938	0.000586876	0.59348	0.475305	0.115556	0.00261904	0.000729968	0.00325761	
386	0.0964561	0.0790016	0.0172434	0.000211011	0.430452	0.352559	0.0769519	0.000941678	0.000321541	0.00143493	
387	0.0921441	0.0835698	0.00841345	0.000160848	0.41121	0.372945	0.0375465	0.000717815	0.00016143	0.000720412	
388	0.0839887	0.0763781	0.00758792	2.2636e-05	0.374814	0.340851	0.0338625	0.000101017	2.26189e-05	0.000100941	
389	0.145937	0.11031	0.0356215	4.70866e-06	0.65127	0.492282	0.158967	2.10132e-05	4.7084e-06	2.10121e-05	
390	0.0802201	0.0737851	0.00641796	1.71215e-05	0.357997	0.329279	0.0286413	7.64078e-05	2.716e-05	0.000121206	
391	0.0954883	0.0905567	0.00492565	5.93699e-06	0.426134	0.404126	0.0219816	2.64949e-05	6.28618e-06	2.80532e-05	
392	0.101963	0.0494581	0.0518662	0.000639376	0.455031	0.220715	0.231462	0.00285333	0.000755731	0.00337259	
393	0.0856657	0.0802801	0.00538565	0	0.382299	0.358264	0.0240344	0	0	0	
394	0.0964932	0.0919215	0.00457174	0	0.430618	0.410216	0.0204022	0	0	0	
395	0.15339	0.137233	0.0161538	2.54538e-06	0.684531	0.61243	0.0720895	1.13592e-05	2.95617e-05	0.000131924	
396	0.10951	0.0587011	0.0508098	0	0.488712	0.261964	0.226748	0	0	0	
397	0.134409	0.100562	0.0334133	0.0004335	0.599826	0.448779	0.149112	0.00193457	0.000564018	0.00251703	
398	0.0905895	0.0904868	0.000102746	0	0.404272	0.403813	0.000458525	0	0	0	
399	0.0785337	0.077942	0.00059142	2.75496e-07	0.350471	0.34783	0.00263932	1.22945e-06	6.01616e-07	2.68482e-06	
400	0.144045	0.128103	0.0159421	0	0.642829	0.571684	0.0711447	0	0	0	
401	0.102413	0.0998887	0.0025247	0	0.457038	0.445771	0.0112669	0	0	0	
402	0.105552	0.0827876	0.022765	0	0.471048	0.369455	0.101593	0	0	0	
403	0.109427	0.088165	0.0212575	4.85004e-06	0.488339	0.393452	0.0948657	2.16442e-05	7.06584e-06	3.15326e-05	
404	0.109335	0.0980545	0.011281	0	0.487929	0.437586	0.0503435	0	0	0	
405	0.106563	0.106419	0.00014375	0	0.475557	0.474916	0.000641514	0	0	0	
406	0.213976	0.175632	0.0383291	1.46508e-05	0.954909	0.783793	0.171051	6.53818e-05	3.29364e-05	0.000146984	
407	0.118515	0.0848803	0.0334944	0.000140374	0.528895	0.378793	0.149475	0.000626446	0.000193998	0.000865755	
408	0.12883	0.12676	0.00206992	0	0.57493	0.565693	0.00923742	0	0	0	
409	0.0927682	0.0913465	0.00142172	0	0.413995	0.40765	0.00634468	0	0	0	
410	0.112161	0.0873311	0.0245911	0.000239117	0.50054	0.389731	0.109742	0.0010671	0.000245123	0.0010939	
411	0.133396	0.116706	0.0166896	0	0.595305	0.520825	0.0744807	0	0	0	
412	0.148661	0.12158	0.0270696	1.09709e-05	0.663427	0.542575	0.120803	4.89598e-05	1.50378e-05	6.7109e-05	
413	0.0943561	0.0911322	0.0032213	2.54868e-06	0.421081	0.406694	0.0143756	1.13739e-05	2.91469e-06	1.30073e-05	
414	0.148717	0.112055	0.0365115	0.0001505	0.663679	0.500068	0.162939	0.000671637	0.000160597	0.000716697	
415	0.093595	0.0915565	0.00203844	0	0.417684	0.408587	0.00909691	0	0	0	
416	0.129978	0.105646	0.0243318	0	0.580051	0.471466	0.108585	0	0	0	
417	0.106634	0.0953531	0.011281	0	0.475874	0.42553	0.0503435	0	0	0	
418	0.0832655	0.0765976	0.00666795	0	0.371587	0.34183	0.0297569	0	0	0	
419	0.136589	0.1017	0.0348825	7.02782e-06	0.609557	0.453856	0.155669	3.13629e-05	1.72597e-05	7.70249e-05	
420	0.0836011	0.083403	0.000198022	0	0.373085	0.372201	0.000883711	0	0	0	
421	0.0884047	0.0857914	0.00261332	0	0.394522	0.382859	0.0116624	0	0	0	
422	0.106851	0.0807045	0.0259468	0.00020006	0.476844	0.360158	0.115792	0.000892807	0.000204446	0.000912378	
423	0.0643817	0.0557875	0.00857927	1.49679e-05	0.287315	0.248962	0.0382865	6.67973e-05	1.5043e-05	6.71324e-05	
424	0.110395	0.110167	0.000227571	0	0.492659	0.491644	0.00101558	0	0	0	
425	0.0775138	0.0693227	0.00810975	8.14252e-05	0.345919	0.309365	0.0361912	0.000363374	8.32521e-05	0.000371527	
426	0.113673	0.108675	0.00499426	4.31669e-06	0.50729	0.484983	0.0222878	1.9264e-05	5.52255e-06	2.46454e-05	
427	0.0927409	0.0901751	0.0025561	9.736e-06	0.413873	0.402422	0.011407	4.34487e-05	1.05021e-05	4.68676e-05	
428	0.0956076	0.0937383	0.0018687	5.31306e-07	0.426666	0.418324	0.00833944	2.37105e-06	1.04072e-06	4.64443e-06	
429	0.122871	0.0879334	0.0349378	0	0.548335	0.392418	0.155916	0	0	0	
430	0.224662	0.211679	0.0129823	4.71927e-07	1.00259	0.944658	0.0579359	2.10606e-06	7.06717e-07	3.15385e-06	
431	0.175768	0.165794	0.00997453	0	0.784399	0.739886	0.0445131	0	0	0	
432	0.133383	0.111814	0.0215391	2.95221e-05	0.595246	0.498992	0.0961222	0.000131747	3.16841e-05	0.000141396	
433	0.108895	0.0982535	0.0105607	8.12463e-05	0.485966	0.438474	0.047129	0.000362576	8.61486e-05	0.000384453	
434	0.0875357	0.0803281	0.00720765	0	0.390644	0.358478	0.0321654	0	0	0	
435	0.199058	0.151615	0.0473479	9.5699e-05	0.888337	0.676611	0.211298	0.000427074	0.000150417	0.000671265	
436	0.126933	0.0858857	0.0407771	0.000270583	0.566463	0.38328	0.181975	0.00120752	0.000334781	0.00149402	
437	0.13994	0.0859349	0.0529086	0.00109701	0.62451	0.3835	0.236114	0.00489564	0.00149488	0.00667119	
438	0.176839	0.130054	0.0461947	0.000589739	0.789177	0.580392	0.206152	0.00263181	0.000651854	0.00290901	
439	0.13777	0.126737	0.0110018	3.16749e-05	0.614827	0.565588	0.0490977	0.000141355	5.2087e-05	0.000232447	
440	0.0823699	0.0799414	0.00242242	6.13059e-06	0.36759	0.356753	0.0108105	2.73588e-05	6.54764e-06	2.922e-05	
441	0.069863	0.0674614	0.00240167	0	0.311776	0.301058	0.0107179	0	0	0	
442	0.142606	0.0946854	0.0454538	0.00246727	0.636407	0.42255	0.202845	0.0110106	0.0031159	0.0139053	
443	0.171685	0.137599	0.0337767	0.000309431	0.766178	0.614062	0.150734	0.00138089	0.000546105	0.00243709	
444	0.13649	0.107681	0.0287777	3.19523e-05	0.609115	0.480546	0.128426	0.000142592	7.36852e-05	0.000328834	
445	0.107057	0.0879929	0.0189895	7.4642e-05	0.477761	0.392684	0.0847443	0.000333103	0.000112659	0.000502763	
446	0.145529	0.09048	0.054888	0.000161291	0.649451	0.403783	0.244948	0.000719793	0.000379964	0.00169566	
447	0.157944	0.121672	0.036272	0	0.704854	0.542984	0.16187	0	0	0	
448	0.0444618	0.03746	0.0070018	0	0.198419	0.167172	0.0312468	0	0	0	
449	0.264264	0.153815	0.110121	0.000327503	1.17933	0.686431	0.491438	0.00146154	0.000481583	0.00214915	
450	0.086529	0.0792301	0.00729889	0	0.386151	0.353579	0.0325726	0	0	0	
451	0.131715	0.119922	0.0117853	7.42383e-06	0.587803	0.535176	0.0525942	3.31302e-05	8.28541e-06	3.69751e-05	
452	0.173891	0.0998003	0.0718846	0.00220682	0.776023	0.445377	0.320798	0.00984835	0.00256577	0.0114502	
453	0.108511	0.0953339	0.0131384	3.88242e-05	0.484251	0.425444	0.0586328	0.00017326	4.65079e-05	0.00020755	
454	0.127789	0.0889412	0.0388481	0	0.570283	0.396916	0.173366	0	0	0	
455	0.158164	0.104804	0.0528802	0.000478947	0.705835	0.46771	0.235987	0.00213738	0.000590948	0.00263721	
456	0.146265	0.111609	0.0343283	0.000327799	0.652736	0.498076	0.153196	0.00146286	0.000501348	0.00223736	
457	0.123481	0.100302	0.0231786	8.92007e-08	0.551058	0.447619	0.103439	3.98074e-07	1.63248e-07	7.28528e-07	
458	0.0930516	0.078732	0.0143195	0	0.415259	0.351356	0.0639037	0	0	0	
459	0.103272	0.088687	0.0145819	3.0955e-06	0.46087	0.395781	0.0650746	1.38142e-05	5.61642e-06	2.50643e-05	
460	0.149578	0.0851506	0.0643522	7.53757e-05	0.66752	0.38	0.287183	0.000336377	7.54064e-05	0.000336515	
461	0.156186	0.0853224	0.0707331	0.000130476	0.697008	0.380766	0.315659	0.000582275	0.000352929	0.00157501	
462	0.11968	0.0997545	0.0198661	6.00254e-05	0.534096	0.445172	0.0886563	0.000267874	8.78567e-05	0.000392076	
463	0.12942	0.119209	0.0102112	0	0.577562	0.531992	0.0455696	0	0	0	
464	0.0808505	0.0688235	0.0119877	3.92562e-05	0.36081	0.307137	0.0534976	0.000175188	4.42129e-05	0.000197308	
465	0.0859574	0.0824837	0.00347372	0	0.3836	0.368098	0.0155021	0	0	0	
466	0.176983	0.109674	0.0667788	0.000529959	0.789819	0.489441	0.298013	0.00236504	0.000778031	0.0034721	
467	0.109647	0.0795879	0.0296369	0.000423124	0.489324	0.355175	0.13226	0.00188827	0.00087149	0.00388918	
468	0.107938	0.101307	0.00663128	6.83998e-08	0.481694	0.452101	0.0295933	3.05246e-07	1.28947e-07	5.75451e-07	
469	0.0766084	0.0766084	0	0	0.341879	0.341879	0	0	0	0	
470	0.102286	0.0947015	0.00757591	8.53531e-06	0.45647	0.422623	0.0338089	3.80903e-05	9.52371e-06	4.25013e-05	
471	0.119179	0.0788474	0.040332	0	0.531859	0.351871	0.179988	0	0	0	
472	0.134515	0.0889749	0.0434838	0.00205669	0.6003	0.397067	0.194054	0.00917838	0.00465172	0.0207591	
473	0.159448	0.0989681	0.0582018	0.00227804	0.711566	0.441663	0.259736	0.0101661	0.00365191	0.0162973	
474	0.106156	0.0767776	0.0293783	0	0.47374	0.342634	0.131106	0	0	0	
475	0.130804	0.113007	0.0177906	6.81169e-06	0.583739	0.504315	0.0793942	3.03984e-05	1.12291e-05	5.01119e-05	
476	0.158848	0.112447	0.0464005	0	0.708888	0.501817	0.20707	0	0	0	
477	0.122592	0.0967879	0.0257382	6.61831e-05	0.547091	0.431933	0.114861	0.000295354	0.000264364	0.00117977	
478	0.0936354	0.0787189	0.0148773	3.91267e-05	0.417865	0.351297	0.0663929	0.00017461	6.51172e-05	0.000290597	
479	0.105543	0.0974724	0.00796365	0.000107241	0.471006	0.434988	0.0355392	0.000478586	0.000107228	0.000478527	
480	0.123665	0.0973695	0.026271	2.52149e-05	0.551881	0.434529	0.117239	0.000112526	6.08423e-05	0.00027152	
481	0.0854654	0.075719	0.00974466	1.76291e-06	0.381405	0.337909	0.0434873	7.86732e-06	2.93747e-06	1.3109e-05	
482	0.138841	0.105533	0.033248	6.00096e-05	0.619605	0.470961	0.148375	0.000267803	7.11399e-05	0.000317475	
483	0.107967	0.0922542	0.0157128	0	0.481822	0.411701	0.0701213	0	0	0	
484	0.180522	0.116382	0.0631956	0.000944797	0.805615	0.519376	0.282022	0.00421633	0.00119454	0.00533086	
485	0.117931	0.0946255	0.0232581	4.74414e-05	0.526289	0.422283	0.103793	0.000211716	9.00165e-05	0.000401715	
486	0.0841861	0.0797177	0.00446804	3.6996e-07	0.375696	0.355754	0.0199394	1.65101e-06	7.80169e-07	3.48164e-06	
487	0.104862	0.0994429	0.00541956	0	0.467968	0.443782	0.0241857	0	0	0	
488	0.145005	0.0951576	0.0490521	0.000795357	0.647111	0.424658	0.218904	0.00354942	0.00111707	0.00498515	
489	0.146899	0.0978054	0.0490707	2.36901e-05	0.655567	0.436474	0.218986	0.000105721	3.07878e-05	0.000137396	
490	0.0932488	0.0904248	0.00282405	0	0.41614	0.403537	0.0126028	0	0	0	
491	0.0934509	0.077981	0.0154555	1.43263e-05	0.417041	0.348004	0.0689734	6.39341e-05	2.15454e-05	9.61504e-05	
492	0.138154	0.0966434	0.0410986	0.000412937	0.616541	0.431289	0.18341	0.0018428	0.000666556	0.00297462	
493	0.191043	0.111268	0.0796203	0.000155121	0.852566	0.496553	0.35532	0.000692259	0.000201058	0.00089726	
494	0.196297	0.116646	0.0794876	0.00016323	0.876012	0.520556	0.354728	0.000728446	0.000253407	0.00113087	
495	0.0902526	0.0835907	0.00666193	0	0.402768	0.373038	0.02973	0	0	0	
496	0.104096	0.0893632	0.0144173	0.000316151	0.46455	0.398799	0.06434	0.00141088	0.000316133	0.0014108	
497	0.118518	0.0772546	0.0410916	0.000171843	0.528908	0.344762	0.183378	0.000766881	0.000263743	0.001177	
498	0.170902	0.132989	0.0379051	8.16026e-06	0.762685	0.59349	0.169158	3.64166e-05	1.83664e-05	8.19636e-05	
499	0.159329	0.157321	0.00200732	9.45487e-07	0.711039	0.702076	0.00895806	4.2194e-06	9.36727e-07	4.18031e-06	
500	0.145838	0.0804128	0.0653453	8.01528e-05	0.65083	0.358857	0.291615	0.000357696	0.00020665	0.000922216	
501	0.160693	0.107976	0.0524819	0.000234517	0.717123	0.481866	0.23421	0.00104657	0.000354308	0.00158116	
502	0.0921515	0.0905471	0.00160445	0	0.411243	0.404083	0.00716015	0	0	0	
503	0.112191	0.102556	0.0096264	8.43676e-06	0.500675	0.457678	0.0429596	3.76505e-05	8.41961e-06	3.7574e-05	
504	0.132989	0.118823	0.0139409	0.000225183	0.593489	0.53027	0.0622138	0.00100492	0.000240559	0.00107354	
505	0.075016	0.068363	0.00665239	5.65773e-07	0.334772	0.305082	0.0296875	2.52486e-06	6.3333e-07	2.82635e-06	
506	0.149959	0.097365	0.0509282	0.00166632	0.669222	0.434509	0.227276	0.00743629	0.00251569	0.0112267	
507	0.192758	0.157278	0.0352909	0.000189149	0.860219	0.701883	0.157492	0.000844113	0.000201068	0.000897303	
508	0.0932799	0.0876353	0.00564455	0	0.416278	0.391088	0.0251898	0	0	0	
509	0.0943808	0.0867863	0.00757614	1.83085e-05	0.421191	0.3873	0.0338099	8.17052e-05	1.9263e-05	8.59648e-05	
510	0.14394	0.104822	0.0386533	0.000464802	0.642361	0.467789	0.172497	0.00207426	0.000537864	0.00240031	
511	0.0833207	0.0748036	0.00849274	2.43721e-05	0.371833	0.333824	0.0379004	0.000108765	2.84548e-05	0.000126984	
512	0.176094	0.0879248	0.087366	0.000804038	0.785855	0.39238	0.389886	0.00358816	0.00103837	0.00463395	
513	0.114274	0.0907174	0.0235125	4.42679e-05	0.509969	0.404843	0.104928	0.000197553	9.30016e-05	0.000415036	
514	0.242733	0.127855	0.112371	0.0025067	1.08324	0.570579	0.501476	0.0111866	0.00352085	0.0157124	
515	0.0664416	0.0563298	0.0101118	0	0.296508	0.251382	0.0451257	0	0	0	
516	0.100158	0.0880845	0.0120181	5.56023e-05	0.446974	0.393093	0.0536332	0.000248135	7.76008e-05	0.000346307	
517	0.0856046	0.0813393	0.00426531	0	0.382026	0.362991	0.0190347	0	0	0	
518	0.176964	0.155093	0.0218709	0	0.789736	0.692133	0.0976032	0	0	0	
519	0.0734715	0.0419058	0.0315208	4.48897e-05	0.32788	0.187012	0.140667	0.000200328	9.15377e-05	0.000408503	
520	0.160783	0.121776	0.0385363	0.000470517	0.717523	0.543448	0.171975	0.00209977	0.000698194	0.00311582	
521	0.272879	0.109345	0.161685	0.00184857	1.21777	0.487975	0.721549	0.0082496	0.00271924	0.0121351	
522	0.183659	0.0779756	0.104761	0.000922352	0.819613	0.34798	0.467516	0.00411616	0.00136118	0.00607451	
523	0.0901842	0.0758499	0.0143045	2.97639e-05	0.402463	0.338494	0.0638365	0.000132826	3.24921e-05	0.000145002	
524	0.153511	0.10549	0.0475052	0.000515852	0.685071	0.470768	0.212	0.00230208	0.000771987	0.00344513	
525	0.150353	0.0993154	0.0507046	0.000333804	0.670981	0.443213	0.226278	0.00148966	0.000534665	0.00238604	
526	0.121486	0.101011	0.0204106	6.44867e-05	0.542157	0.450783	0.0910861	0.000287783	8.65073e-05	0.000386054	
527	0.117671	0.0776088	0.0399779	8.4865e-05	0.525131	0.346343	0.178408	0.000378725	0.000139833	0.000624034	
528	0.0875053	0.0800646	0.00743944	1.18007e-06	0.390508	0.357303	0.0331998	5.2663e-06	1.61561e-06	7.20998e-06	
529	0.131033	0.0807282	0.0500134	0.000291638	0.584759	0.360264	0.223193	0.00130148	0.00044851	0.00200156	
530	0.097232	0.0804961	0.0167157	2.02441e-05	0.433915	0.359228	0.074597	9.03431e-05	4.21935e-05	0.000188296	
531	0.177301	0.104589	0.0720375	0.000674935	0.791241	0.466748	0.32148	0.00301202	0.00102607	0.00457905	
532	0.107776	0.0834299	0.0242302	0.000116206	0.480971	0.372321	0.108131	0.000518591	0.000173203	0.000772954	
533	0.179042	0.117485	0.060904	0.000652546	0.799008	0.5243	0.271795	0.0029121	0.00117597	0.005248	
534	0.130591	0.113	0.0171235	0.000467345	0.582786	0.504283	0.0764171	0.00208561	0.000513373	0.00229102	
535	0.0958841	0.077407	0.0184583	1.87345e-05	0.4279	0.345443	0.0823738	8.36063e-05	2.39852e-05	0.000107038	
536	0.0720847	0.0656563	0.00642243	6.04064e-06	0.321691	0.293003	0.0286612	2.69574e-05	7.26193e-06	3.24076e-05	
537	0.11909	0.07655	0.0420719	0.000468022	0.531461	0.341618	0.187753	0.00208863	0.000556136	0.00248185	
538	0.126088	0.0801927	0.0455649	0.000331108	0.562694	0.357874	0.203341	0.00147763	0.000911111	0.004066	
539	0.134874	0.0829401	0.0516448	0.000289663	0.601902	0.370135	0.230474	0.00129267	0.000388776	0.00173498	
540	0.095684	0.0797245	0.0158553	0.000104165	0.427007	0.355785	0.0707575	0.000464857	0.000234248	0.00104537	
541	0.0903547	0.0819802	0.00836794	6.52979e-06	0.403224	0.365852	0.0373434	2.91403e-05	9.02115e-06	4.02585e-05	
542	0.197176	0.149595	0.0473931	0.000187749	0.879936	0.667597	0.2115	0.000837866	0.000311108	0.00138837	
543	0.134715	0.0891762	0.045535	4.21323e-06	0.601192	0.397965	0.203208	1.88023e-05	2.71272e-05	0.00012106	
544	0.165538	0.126384	0.0391452	9.0425e-06	0.738746	0.564013	0.174692	4.03538e-05	2.27346e-05	0.000101457	
545	0.149666	0.0750048	0.0746112	5.08017e-05	0.667915	0.334722	0.332966	0.000226712	0.000109525	0.000488779	
546	0.134103	0.116282	0.0178159	4.24642e-06	0.598459	0.518933	0.0795071	1.89504e-05	5.15099e-06	2.29872e-05	
547	0.0846117	0.0753056	0.00928543	2.06663e-05	0.377595	0.336065	0.0414379	9.22273e-05	5.09823e-05	0.000227517	
548	0.11651	0.110522	0.00598786	0	0.519949	0.493227	0.0267219	0	0	0	
549	0.143288	0.084798	0.0570749	0.00141574	0.639452	0.378426	0.254707	0.00631803	0.00191332	0.00853858	
550	0.178161	0.119449	0.0576109	0.00110123	0.795077	0.533063	0.257099	0.00491444	0.00163731	0.00730683	
551	0.096436	0.0963292	0.000106875	0	0.430363	0.429886	0.00047695	0	0	0	
552	0.0856037	0.0724239	0.0131201	5.97142e-05	0.382022	0.323204	0.058551	0.000266485	9.08908e-05	0.000405616	
553	0.188674	0.182552	0.00610956	1.25346e-05	0.841995	0.814674	0.027265	5.59382e-05	1.29116e-05	5.76207e-05	
554	0.149227	0.102187	0.0459259	0.00111387	0.665953	0.456029	0.204952	0.00497086	0.00135292	0.00603767	
555	0.104514	0.0749616	0.0293437	0.000208792	0.466413	0.33453	0.130951	0.000931773	0.000236089	0.00105359	
556	0.176475	0.149218	0.0271228	0.00013413	0.787554	0.665915	0.12104	0.000598581	0.000134299	0.000599334	
557	0.0923081	0.0787619	0.0134957	5.04687e-05	0.411941	0.351489	0.0602271	0.000225225	6.72012e-05	0.000299897	
558	0.104992	0.097192	0.00779831	2.17404e-06	0.468548	0.433737	0.0348014	9.70208e-06	2.15699e-06	9.62596e-06	
559	0.101097	0.0788658	0.0218992	0.000332533	0.451166	0.351953	0.0977291	0.00148399	0.000486029	0.00216899	
560	0.0929252	0.0846107	0.00830881	5.66477e-06	0.414695	0.37759	0.0370796	2.528e-05	6.44332e-06	2.87544e-05	
561	0.109519	0.0928583	0.0165506	0.000110093	0.488748	0.414397	0.0738602	0.000491312	0.00014074	0.000628078	
562	0.0717576	0.049719	0.0220385	0	0.320231	0.22188	0.0983511	0	0	0	
563	0.097707	0.0786256	0.0190367	4.46539e-05	0.436035	0.350881	0.0849551	0.000199276	8.20156e-05	0.000366009	
564	0.110253	0.0812661	0.0287783	0.000208828	0.492025	0.362665	0.128428	0.000931933	0.000348029	0.00155314	
565	0.100862	0.0847682	0.0160611	3.32598e-05	0.450117	0.378293	0.0716758	0.000148428	5.33318e-05	0.000238003	
566	0.123555	0.103501	0.0199357	0.00011817	0.55139	0.461896	0.0889667	0.000527359	0.000134389	0.000599736	
567	0.207491	0.16046	0.0466847	0.000345586	0.925967	0.716085	0.208339	0.00154224	0.000397788	0.0017752	
568	0.146523	0.114984	0.0315387	0	0.653885	0.513138	0.140747	0	0	0	
569	0.075688	0.075688	0	0	0.337771	0.337771	0	0	0	0	
570	0.13804	0.119476	0.018479	8.50527e-05	0.616032	0.533186	0.0824661	0.000379563	0.000130483	0.000582306	
571	0.108697	0.0912976	0.0174002	8.74824e-08	0.485084	0.407432	0.0776517	3.90406e-07	2.11198e-07	9.42511e-07	
572	0.112928	0.097372	0.0155022	5.38991e-05	0.503962	0.43454	0.0691816	0.000240534	0.000129636	0.000578527	
573	0.103718	0.0841713	0.0194791	6.80079e-05	0.462862	0.37563	0.0869293	0.000303497	0.000127125	0.000567318	
574	0.130074	0.0796731	0.0498527	0.000548227	0.580479	0.355555	0.222477	0.00244656	0.00090877	0.00405555	
575	0.148922	0.0841116	0.0633252	0.00148525	0.664592	0.375363	0.2826	0.00662819	0.00237596	0.0106031	
576	0.0599866	0.0543613	0.00562526	0	0.267701	0.242597	0.0251037	0	0	0	
577	0.126117	0.112898	0.0132191	1.47604e-07	0.562821	0.503827	0.0589927	6.58713e-07	6.75711e-07	3.01548e-06	
578	0.0999732	0.0888201	0.0111405	1.25982e-05	0.446149	0.396375	0.0497169	5.62219e-05	1.63647e-05	7.30307e-05	
579	0.0935094	0.0871027	0.00640113	5.57681e-06	0.417303	0.388712	0.0285662	2.48875e-05	1.46084e-05	6.51926e-05	
580	0.0913544	0.0666236	0.0244895	0.000241233	0.407685	0.29732	0.109289	0.00107655	0.000413893	0.00184707	
581	0.0858654	0.0750621	0.0107959	7.41847e-06	0.38319	0.334978	0.0481788	3.31063e-05	1.02638e-05	4.58043e-05	
582	0.0896134	0.0843033	0.00529473	1.53729e-05	0.399916	0.376219	0.0236287	6.86045e-05	2.04416e-05	9.12246e-05	
583	0.121886	0.0927163	0.028937	0.000233139	0.543941	0.413763	0.129136	0.00104042	0.000275739	0.00123053	
584	0.229813	0.127889	0.101424	0.000499568	1.02558	0.570732	0.452624	0.00222941	0.000604015	0.00269552	
585	0.126978	0.0748612	0.0516438	0.000473887	0.566666	0.334082	0.23047	0.00211481	0.000501936	0.00223998	
586	0.143127	0.0843013	0.0586748	0.000150932	0.638731	0.37621	0.261847	0.000673561	0.00023513	0.00104931	
587	0.105293	0.0889186	0.0162784	9.59826e-05	0.469889	0.396815	0.0726457	0.000428339	0.000127803	0.000570347	
588	0.0681552	0.0675971	0.000558112	0	0.304155	0.301664	0.00249068	0	0	0	
589	0.15882	0.109213	0.0490189	0.000588852	0.708767	0.487383	0.218755	0.00262786	0.00120061	0.00535794	
590	0.133284	0.107361	0.0258862	3.70103e-05	0.594806	0.479118	0.115522	0.000165165	6.79529e-05	0.000303252	
591	0.137004	0.0959261	0.0409149	0.000163534	0.611408	0.428087	0.18259	0.000729801	0.000240285	0.00107231	
592	0.123691	0.0857872	0.0376813	0.000223327	0.551997	0.382841	0.168159	0.00099664	0.000287809	0.0012844	
593	0.0993352	0.0939915	0.00531355	3.008e-05	0.443301	0.419454	0.0237127	0.000134237	3.72673e-05	0.000166312	
594	0.0899516	0.0805123	0.00943809	1.2577e-06	0.401425	0.3593	0.0421192	5.61274e-06	2.19664e-06	9.80292e-06	
595	0.111114	0.0938375	0.0172369	4.0006e-05	0.495868	0.418767	0.0769228	0.000178534	4.85496e-05	0.000216661	
596	0.105225	0.0902544	0.0149242	4.69605e-05	0.469588	0.402776	0.0666022	0.000209569	7.34109e-05	0.000327609	
597	0.151412	0.140953	0.0104354	2.30726e-05	0.675704	0.629031	0.0465701	0.000102965	3.01556e-05	0.000134574	
598	0.114398	0.108211	0.00614509	4.159e-05	0.510522	0.482912	0.0274235	0.000185603	4.15729e-05	0.000185526	
599	0.103885	0.0933941	0.0104912	0	0.463607	0.416788	0.0468193	0	0	0	
600	0.109304	0.107941	0.00136307	0	0.487793	0.48171	0.00608294	0	0	0	
601	0.312771	0.148039	0.163262	0.00146982	1.3958	0.660653	0.728587	0.00655934	0.00147063	0.00656298	
602	0.109197	0.102562	0.00662998	5.26994e-06	0.487314	0.457703	0.0295875	2.3518e-05	6.13868e-06	2.7395e-05	
603	0.134419	0.0519527	0.0824667	0	0.599871	0.231848	0.368022	0	0	0	
604	0.0888352	0.0809366	0.00789208	6.55032e-06	0.396443	0.361194	0.0352198	2.9232e-05	7.10734e-06	3.17178e-05	
605	0.129362	0.0495402	0.0798164	6.05514e-06	0.577304	0.221082	0.356195	2.70221e-05	0.000131445	0.0005866	
606	0.145158	0.0937684	0.0506325	0.000757888	0.647798	0.418458	0.225957	0.00338221	0.000995266	0.00444155	
607	0.0866712	0.0781608	0.0084221	8.82463e-05	0.386786	0.348807	0.0375851	0.000393815	9.22071e-05	0.000411491	
608	0.0875444	0.0787771	0.00873717	3.00801e-05	0.390682	0.351557	0.0389912	0.000134238	3.27055e-05	0.000145954	
609	0.0917085	0.08708	0.00462857	0	0.409266	0.38861	0.0206558	0	0	0	
610	0.100614	0.0799938	0.0201479	0.000472483	0.449009	0.356987	0.089914	0.00210854	0.000590739	0.00263628	
611	0.0626714	0.0576932	0.0049782	0	0.279682	0.257466	0.0222161	0	0	0	
612	0.0945269	0.0905727	0.00394457	9.64457e-06	0.421843	0.404197	0.0176033	4.30406e-05	9.99859e-06	4.46205e-05	
613	0.089289	0.0765943	0.0125995	9.52403e-05	0.398468	0.341816	0.0562276	0.000425027	0.00011697	0.000522	
614	0.0966435	0.0835711	0.0130292	4.31521e-05	0.431289	0.372951	0.0581455	0.000192574	5.38047e-05	0.000240113	
615	0.0919219	0.0866884	0.00523338	1.37103e-07	0.410218	0.386862	0.0233549	6.1185e-07	1.19878e-07	5.34979e-07	
616	0.100872	0.0888835	0.0117508	0.000238065	0.450161	0.396659	0.0524405	0.0010624	0.00025135	0.00112169	
617	0.11936	0.0915763	0.0275362	0.000248145	0.532668	0.408676	0.122885	0.00110739	0.000287667	0.00128376	
618	0.0612359	0.0558553	0.00538056	0	0.273276	0.249264	0.0240117	0	0	0	
619	0.136295	0.0987398	0.0374537	0.000102209	0.608244	0.440644	0.167144	0.000456126	0.000113708	0.000507443	
620	0.110045	0.0875951	0.0224365	1.40657e-05	0.491099	0.390909	0.100127	6.27709e-05	1.71654e-05	7.6604e-05	
621	0.389264	0.185867	0.199253	0.00414244	1.73716	0.829469	0.889207	0.0184864	0.00445018	0.0198597	
622	0.0389015	0.0304378	0.00843757	2.61269e-05	0.173605	0.135834	0.0376542	0.000116596	3.14674e-05	0.000140429	
623	0.0853647	0.0717317	0.0135799	5.31119e-05	0.380955	0.320116	0.0606028	0.000237021	7.182e-05	0.00032051	
624	0.1087	0.0825615	0.0260689	7.02487e-05	0.485097	0.368446	0.116337	0.000313497	8.72809e-05	0.000389507	
625	0.0662176	0.0548868	0.0113307	0	0.295508	0.244942	0.0505654	0	0	0	
626	0.066237	0.0637175	0.00251943	0	0.295594	0.284351	0.0112434	0	0	0	
627	0.090002	0.078973	0.0110263	2.59419e-06	0.40165	0.352431	0.0492071	1.1577e-05	3.83597e-06	1.71187e-05	
628	0.0604074	0.0600055	0.000401898	0	0.269579	0.267785	0.00179354	0	0	0	
629	0.233032	0.137376	0.0945291	0.00112643	1.03994	0.613069	0.421853	0.00502691	0.00121013	0.00540043	
630	0.212641	0.145326	0.0673104	5.07034e-06	0.948953	0.648545	0.300385	2.26273e-05	5.76814e-06	2.57413e-05	
631	0.113897	0.0956749	0.0181635	5.92189e-05	0.508289	0.426966	0.0810582	0.000264275	6.05415e-05	0.000270177	
632	0.0431903	0.0431813	9.03005e-06	0	0.192744	0.192704	4.02982e-05	0	0	0	
633	0.058572	0.0450812	0.0134899	8.5014e-07	0.261388	0.201183	0.0602015	3.7939e-06	1.55156e-06	6.92413e-06	
634	0.0425864	0.041899	0.000687373	0	0.190049	0.186982	0.00306752	0	0	0	
635	0.0763391	0.0654456	0.0108925	1.04078e-06	0.340677	0.292062	0.0486099	4.64467e-06	3.01982e-06	1.34765e-05	
636	0.0953442	0.0648951	0.0304491	0	0.425491	0.289606	0.135884	0	0	0	
637	0.0835852	0.0735167	0.0099971	7.15138e-05	0.373014	0.328081	0.0446139	0.000319143	8.77795e-05	0.000391732	
638	0.145558	0.0814128	0.0640067	0.000138775	0.64958	0.363319	0.285641	0.00061931	0.000184206	0.000822053	
639	0.159894	0.0760128	0.0838201	6.15348e-05	0.713558	0.339221	0.374062	0.00027461	0.00013487	0.000601885	
640	0.0875679	0.0803667	0.00716704	3.41463e-05	0.390787	0.358651	0.0319842	0.000152384	3.62512e-05	0.000161777	
641	0.0749858	0.0749183	6.75122e-05	0	0.334637	0.334336	0.000301285	0	0	0	
642	0.0643787	0.0629771	0.00140156	0	0.287301	0.281047	0.00625473	0	0	0	
643	0.206666	0.141714	0.0636578	0.00129354	0.922285	0.632427	0.284084	0.00577268	0.00199719	0.00891286	
644	0.103559	0.0822764	0.0212827	0	0.462152	0.367173	0.0949783	0	0	0	
645	0.0841727	0.0802742	0.00389492	3.56372e-06	0.375636	0.358238	0.0173817	1.59037e-05	6.78402e-06	3.02749e-05	
646	0.154495	0.0748796	0.079533	8.30032e-05	0.689464	0.334163	0.35493	0.000370416	0.000148093	0.000660895	
647	0.208454	0.123652	0.0818707	0.00293184	0.930267	0.55182	0.365362	0.0130838	0.00312862	0.013962	
648	0.144246	0.117112	0.0270366	9.74937e-05	0.643728	0.522637	0.120655	0.000435083	0.000113022	0.000504382	
649	0.0642436	0.0642421	1.4952e-06	0	0.286698	0.286692	6.67261e-06	0	0	0	
650	0.0729121	0.0728736	3.85204e-05	0	0.325383	0.325211	0.000171904	0	0	0	
651	0.103796	0.101349	0.00244729	0	0.46321	0.452288	0.0109214	0	0	0	
652	0.110957	0.0823452	0.0281314	0.000480894	0.495168	0.36748	0.125541	0.00214607	0.000738488	0.00329563	
653	0.105444	0.087531	0.0179113	2.39135e-06	0.470566	0.390623	0.0799325	1.06718e-05	8.8635e-06	3.9555e-05	
654	0.115557	0.0881277	0.0273359	9.36433e-05	0.515695	0.393285	0.121991	0.0004179	0.000164571	0.000734429	
655	0.123444	0.0809475	0.0413947	0.00110177	0.550891	0.361243	0.184731	0.00491687	0.00137071	0.00611706	
656	0.225044	0.118264	0.103734	0.00304482	1.00429	0.527778	0.462933	0.013588	0.0050633	0.0225959	
657	0.120715	0.0800051	0.0407107	0	0.538716	0.357037	0.181679	0	0	0	
658	0.105603	0.0752613	0.0302669	7.48253e-05	0.471273	0.335867	0.135071	0.000333921	0.000122354	0.000546029	
659	0.126138	0.0956696	0.0298273	0.000641458	0.562916	0.426943	0.13311	0.00286262	0.000780162	0.00348161	
660	0.154685	0.100359	0.0541013	0.000224259	0.690311	0.447873	0.241437	0.00100079	0.000411436	0.00183611	
661	0.174343	0.0982847	0.0754249	0.00063409	0.77804	0.438613	0.336597	0.00282974	0.00082227	0.00366953	
662	0.118299	0.0804095	0.0377857	0.000103969	0.527932	0.358842	0.168626	0.00046398	0.000207794	0.000927322	
663	0.111304	0.0803281	0.0307193	0.000256741	0.496715	0.358478	0.13709	0.00114575	0.000405735	0.00181067	
664	0.0972699	0.0872972	0.00996348	9.22045e-06	0.434085	0.38958	0.0444638	4.11479e-05	3.13576e-05	0.000139939	
665	0.103937	0.087192	0.0167386	6.56772e-06	0.463838	0.38911	0.0746992	2.93096e-05	9.86576e-06	4.40277e-05	
666	0.105542	0.0789314	0.0264463	0.000165176	0.471004	0.352245	0.118021	0.000737128	0.000238917	0.00106621	
667	0.164463	0.104803	0.0564711	0.00318857	0.733946	0.467704	0.252012	0.0142295	0.00389945	0.017402	
668	0.102467	0.0830382	0.0194003	2.8905e-05	0.457279	0.370573	0.0865775	0.000128994	3.4286e-05	0.000153007	
669	0.0455319	0.0435015	0.00203043	0	0.203194	0.194133	0.00906118	0	0	0	
670	0.0886852	0.0826148	0.00601718	5.32216e-05	0.395773	0.368683	0.0268527	0.000237511	5.3215e-05	0.000237481	
671	0.0535641	0.0506357	0.00292835	0	0.239039	0.225971	0.0130683	0	0	0	
672	0.150296	0.111952	0.0381846	0.000159407	0.670727	0.49961	0.170405	0.000711385	0.000206985	0.000923711	
673	0.140547	0.10145	0.0383287	0.000769086	0.62722	0.452739	0.171048	0.00343218	0.00143472	0.00640272	
674	0.127573	0.0953384	0.0320879	0.000147505	0.569321	0.425465	0.143198	0.000658268	0.000202277	0.000902701	
675	0.114068	0.0811815	0.0327473	0.000140129	0.509053	0.362287	0.14614	0.000625355	0.000188582	0.000841584	
676	0.138022	0.109773	0.0279842	0.000265006	0.61595	0.489883	0.124884	0.00118264	0.000324948	0.00145014	
677	0.0968716	0.0934239	0.00343523	1.24429e-05	0.432307	0.416921	0.0153303	5.55287e-05	1.30336e-05	5.81648e-05	
678	0.103294	0.080305	0.0229357	5.4025e-05	0.460972	0.358376	0.102355	0.000241096	7.25581e-05	0.000323804	
679	0.129218	0.090986	0.0382119	2.06846e-05	0.576661	0.406041	0.170527	9.2309e-05	2.47639e-05	0.000110513	
680	0.128349	0.110391	0.0179578	0	0.572781	0.492641	0.08014	0	0	0	
681	0.110877	0.0977464	0.0130735	5.79582e-05	0.494812	0.436211	0.058343	0.000258649	5.86501e-05	0.000261736	
682	0.0993368	0.0976464	0.00169036	0	0.443308	0.435765	0.00754354	0	0	0	
683	0.100346	0.0911868	0.0091594	0	0.447813	0.406937	0.0408755	0	0	0	
684	0.11507	0.0942758	0.0207631	3.13391e-05	0.513521	0.420722	0.0926592	0.000139856	3.3039e-05	0.000147442	
685	0.196553	0.140754	0.0549247	0.000874099	0.877155	0.628142	0.245111	0.00390083	0.000879244	0.00392379	
686	0.111067	0.0905269	0.0200515	0.000488921	0.495658	0.403992	0.0894838	0.0021819	0.000914758	0.00408227	
687	0.0821406	0.0778365	0.00429249	1.1554e-05	0.366567	0.347359	0.019156	5.15618e-05	1.41447e-05	6.31235e-05	
688	0.0642494	0.0642494	0	0	0.286724	0.286724	0	0	0	0	
689	0.00833003	0.00715259	0.00117744	0	0.0371743	0.0319197	0.00525454	0	0	0	
690	0.0617439	0.0598418	0.00189394	8.11589e-06	0.275543	0.267055	0.00845205	3.62186e-05	8.25149e-06	3.68238e-05	
691	0.106228	0.0981328	0.00800865	8.70289e-05	0.474064	0.437935	0.0357401	0.000388382	9.41928e-05	0.000420352	
692	0.0729277	0.0729261	1.59305e-06	0	0.325453	0.325446	7.10931e-06	0	0	0	
693	0.0915932	0.0793411	0.0122464	5.68539e-06	0.408751	0.354074	0.0546519	2.5372e-05	8.32069e-06	3.71326e-05	
694	0.211816	0.154418	0.056313	0.00108471	0.94527	0.689122	0.251307	0.00484073	0.00143518	0.00640476	
695	0.0960039	0.0793242	0.0166692	1.04297e-05	0.428435	0.353999	0.0743895	4.65448e-05	1.64929e-05	7.36025e-05	
696	0.219081	0.159759	0.058261	0.00106117	0.977691	0.712955	0.26	0.00473569	0.00150102	0.00669859	
697	0.157453	0.0827888	0.0734831	0.00118145	0.702665	0.36946	0.327932	0.00527247	0.00247914	0.0110636	
698	0.256447	0.195805	0.060267	0.000374934	1.14444	0.873819	0.268952	0.00167321	0.000515672	0.00230128	
699	0.296137	0.185351	0.109282	0.00150307	1.32156	0.827164	0.487693	0.00670776	0.0017565	0.00783871	
700	0.0825224	0.0825224	0	0	0.368271	0.368271	0	0	0	0	
701	0.0823788	0.0823788	0	0	0.36763	0.36763	0	0	0	0	
702	0.115104	0.106243	0.00885684	4.1694e-06	0.513677	0.474133	0.0395252	1.86067e-05	5.90217e-06	2.63395e-05	
703	0.0920648	0.0876254	0.00443724	2.10324e-06	0.410855	0.391044	0.019802	9.38611e-06	2.08617e-06	9.30993e-06	
704	0.0912476	0.0794261	0.0118156	5.90604e-06	0.407209	0.354453	0.0527293	2.63568e-05	7.45869e-06	3.32857e-05	
705	0.0965904	0.0880509	0.0085395	0	0.431052	0.392943	0.0381091	0	0	0	
706	0.250014	0.158137	0.0914617	0.000415221	1.11573	0.705716	0.408164	0.001853	0.000666239	0.00297321	
707	0.0872676	0.0802316	0.00703598	0	0.389447	0.358048	0.0313993	0	0	0	
708	0.0799005	0.0799005	0	0	0.35657	0.35657	0	0	0	0	
709	0.122975	0.10332	0.0193774	0.000277358	0.548801	0.461088	0.0864752	0.00123776	0.000281227	0.00125502	
710	0.167309	0.0959409	0.0713335	3.52131e-05	0.746649	0.428153	0.318339	0.000157145	8.68512e-05	0.000387589	
711	0.096578	0.0806255	0.0159525	0	0.430997	0.359806	0.0711909	0	0	0	
712	0.0769258	0.0765167	0.000409113	0	0.343295	0.341469	0.00182574	0	0	0	
713	0.0900745	0.0783594	0.0117151	0	0.401974	0.349693	0.052281	0	0	0	
714	0.0936994	0.081618	0.0120814	0	0.418151	0.364235	0.0539155	0	0	0	
715	0.0707627	0.0700038	0.000758888	0	0.315791	0.312405	0.00338667	0	0	0	
716	0.078573	0.0749317	0.00364108	2.96866e-07	0.350646	0.334396	0.016249	1.32482e-06	1.04802e-06	4.67702e-06	
717	0.0946378	0.0882239	0.00641133	2.66312e-06	0.422338	0.393715	0.0286117	1.18846e-05	2.64627e-06	1.18094e-05	
718	0.116707	0.108074	0.00858938	4.32862e-05	0.520828	0.482304	0.0383316	0.000193172	4.80328e-05	0.000214355	
719	0.0708122	0.0628832	0.00789289	3.60755e-05	0.316012	0.280628	0.0352234	0.000160993	3.60586e-05	0.000160918	
720	0.0626995	0.0620444	0.000655119	0	0.279808	0.276884	0.00292358	0	0	0	
721	0.126648	0.106254	0.0201246	0.000269505	0.56519	0.474178	0.0898099	0.00120271	0.000270592	0.00120756	
722	0.0812788	0.080799	0.000479858	0	0.362721	0.36058	0.00214145	0	0	0	
723	0.110679	0.101976	0.00869965	3.76416e-06	0.493928	0.455088	0.0388238	1.67982e-05	3.747e-06	1.67216e-05	
724	0.0809135	0.0804337	0.000479858	0	0.361091	0.35895	0.00214145	0	0	0	
725	0.0944842	0.0623446	0.0321396	0	0.421653	0.278224	0.143428	0	0	0	
726	0.0452225	0.0425045	0.00271806	0	0.201813	0.189684	0.0121298	0	0	0	
727	0.0892247	0.0886799	0.000544763	0	0.398181	0.39575	0.0024311	0	0	0	
728	0.101224	0.0851479	0.0159507	0.000125879	0.451732	0.379988	0.0711829	0.000561759	0.000310446	0.00138542	
729	0.104444	0.0773473	0.0262236	0.000873885	0.466104	0.345176	0.117027	0.00389987	0.000873868	0.00389979	
730	0.110658	0.104544	0.00610702	6.7026e-06	0.493833	0.46655	0.0272537	2.99116e-05	1.31433e-05	5.86546e-05	
731	0.120549	0.0941315	0.0255305	0.00088758	0.537974	0.420079	0.113934	0.00396098	0.000924604	0.00412621	
732	0.0831263	0.07712	0.00600634	0	0.370966	0.344162	0.0268043	0	0	0	
733	0.102039	0.0916719	0.0103438	2.37811e-05	0.45537	0.409103	0.0461614	0.000106127	3.22391e-05	0.000143873	
734	0.113326	0.106493	0.00681683	1.64811e-05	0.505741	0.475246	0.0304213	7.35501e-05	1.8239e-05	8.13953e-05	
735	0.0680286	0.0655125	0.00251609	0	0.30359	0.292361	0.0112285	0	0	0	
736	0.0577984	0.055312	0.00248646	0	0.257936	0.246839	0.0110963	0	0	0	
737	0.0938092	0.079385	0.0144242	0	0.41864	0.35427	0.0643706	0	0	0	
738	0.121632	0.112802	0.0087855	4.43704e-05	0.542806	0.503402	0.0392068	0.000198011	4.77763e-05	0.00021321	
739	0.0661344	0.0646163	0.00151815	0	0.295137	0.288362	0.00677505	0	0	0	
740	0.0365845	0.0365751	9.43433e-06	0	0.163265	0.163223	4.21024e-05	0	0	0	
741	0.0905702	0.0861086	0.00445511	6.47036e-06	0.404186	0.384275	0.0198817	2.88751e-05	4.89895e-05	0.000218624	
742	0.145131	0.122549	0.0225555	2.62532e-05	0.647674	0.546899	0.100658	0.00011716	2.6236e-05	0.000117082	
743	0.0887397	0.0839022	0.00478239	5.51037e-05	0.396017	0.374429	0.0213423	0.00024591	5.50866e-05	0.000245834	
744	0.0564966	0.0551695	0.00132715	0	0.252126	0.246204	0.00592265	0	0	0	
745	0.122623	0.101396	0.0211511	7.60405e-05	0.547228	0.452498	0.0943909	0.000339344	8.08659e-05	0.000360878	
746	0.0815752	0.0748907	0.00668445	0	0.364044	0.334213	0.0298306	0	0	0	
747	0.0857142	0.0839605	0.00175369	0	0.382515	0.374689	0.00782619	0	0	0	
748	0.100689	0.0819478	0.0186746	6.67284e-05	0.449343	0.365707	0.0833388	0.000297787	8.8013e-05	0.000392774	
749	0.118403	0.111984	0.00641525	3.63217e-06	0.528396	0.49975	0.0286292	1.62092e-05	3.61514e-06	1.61332e-05	
750	0.0905086	0.0818481	0.00866043	0	0.403911	0.365262	0.0386487	0	0	0	
751	0.310146	0.151408	0.141826	0.0169112	1.38408	0.675689	0.632927	0.0754695	0.0206654	0.0922231	
752	0.0970182	0.0761076	0.0209043	6.2734e-06	0.432961	0.339644	0.0932895	2.79962e-05	9.81011e-06	4.37794e-05	
753	0.100845	0.0921847	0.00866043	0	0.45004	0.411391	0.0386487	0	0	0	
754	0.216712	0.175852	0.0408237	3.63774e-05	0.967117	0.784772	0.182183	0.00016234	5.41893e-05	0.000241829	
755	0.117341	0.0917131	0.0256253	3.5241e-06	0.523659	0.409286	0.114357	1.57269e-05	7.4749e-06	3.33581e-05	
756	0.204524	0.113629	0.0908947	6.62872e-07	0.912727	0.50709	0.405634	2.95819e-06	1.58426e-06	7.07009e-06	
757	0.128836	0.0772545	0.0477798	0.00380253	0.574958	0.344762	0.213226	0.0169695	0.00418355	0.0186698	
758	0.213716	0.127348	0.0862239	0.000144231	0.953748	0.568314	0.384789	0.000643658	0.000145629	0.0006499	
759	0.119588	0.0710603	0.0484372	9.09472e-05	0.533685	0.317119	0.21616	0.000405868	0.00207242	0.00924859	
760	0.115861	0.0863817	0.0294792	0	0.51705	0.385494	0.131556	0	0	0	
761	0.122505	0.109455	0.0129035	0.000146301	0.546704	0.488467	0.0575844	0.000652897	0.000148936	0.000664654	
762	0.0504603	0.0504603	0	0	0.225188	0.225188	0	0	0	0	
763	0.055198	0.0537317	0.00146632	0	0.246331	0.239787	0.00654372	0	0	0	
764	0.0776991	0.0763801	0.00131898	0	0.346746	0.34086	0.00588618	0	0	0	
765	0.0867404	0.0834491	0.00328609	5.27596e-06	0.387095	0.372406	0.0146647	2.35449e-05	5.259e-06	2.34692e-05	
766	0.0528575	0.0443069	0.00829731	0.000253318	0.235886	0.197727	0.0370282	0.00113047	0.000253301	0.0011304	
767	0.0508716	0.0429583	0.00785583	5.75298e-05	0.227024	0.191709	0.0350581	0.000256737	6.21758e-05	0.000277471	
768	0.0451078	0.0451078	0	0	0.201302	0.201302	0	0	0	0	
769	0.0785977	0.0522368	0.0259374	0.000423409	0.350756	0.233116	0.11575	0.00188954	0.000807096	0.00360181	
770	0.0790709	0.0563113	0.0227596	0	0.352868	0.251299	0.101569	0	0	0	
771	0.0993125	0.0778975	0.0214125	2.42779e-06	0.4432	0.347632	0.0955574	1.08344e-05	2.1109e-05	9.42028e-05	
772	0.102794	0.102794	0	0	0.458741	0.458741	0	0	0	0	
773	0.109076	0.090117	0.0189593	1.96816e-08	0.486773	0.402163	0.0846094	8.78329e-08	1.88538e-08	8.41385e-08	
774	0.077278	0.077278	0	0	0.344867	0.344867	0	0	0	0	
775	0.0753069	0.0753069	0	0	0.33607	0.33607	0	0	0	0	
776	0.0646039	0.0646039	0	0	0.288306	0.288306	0	0	0	0	
777	0.0739858	0.0739858	0	0	0.330175	0.330175	0	0	0	0	
778	0.0918596	0.0918596	0	0	0.40994	0.40994	0	0	0	0	
779	0.159724	0.110244	0.0494808	0	0.712801	0.491984	0.220817	0	0	0	
780	0.0486933	0.0432877	0.00540566	0	0.217303	0.193179	0.0241237	0	0	0	
781	0.0594953	0.0422929	0.0172023	0	0.265508	0.18874	0.0767688	0	0	0	
782	0.104934	0.0947395	0.0101954	0	0.468291	0.422792	0.0454988	0	0	0	
783	0.223418	0.134298	0.0858249	0.00329562	0.997046	0.599329	0.383009	0.0147073	0.0100713	0.0449452	
784	0.0714396	0.0714396	0	0	0.318812	0.318812	0	0	0	0	
785	0.127669	0.075027	0.0525507	9.20977e-05	0.569749	0.334821	0.234517	0.000411002	0.00013472	0.000601216	
786	0.126721	0.0945142	0.0318897	0.000317385	0.565517	0.421787	0.142313	0.00141639	0.0010974	0.00489738	
787	0.196387	0.0837102	0.110926	0.00175068	0.876413	0.373572	0.495027	0.00781273	0.00496603	0.0221618	
788	0.148871	0.0912654	0.0574634	0.000142559	0.664365	0.407288	0.25644	0.000636197	0.000239878	0.0010705	
789	0.102377	0.102377	0	0	0.456878	0.456878	0	0	0	0	
790	0.117117	0.0842206	0.0328777	1.89554e-05	0.522657	0.37585	0.146722	8.4592e-05	1.89378e-05	8.45135e-05	
791	0.126405	0.0869844	0.0393852	3.6123e-05	0.564108	0.388183	0.175763	0.000161205	3.61054e-05	0.000161127	
792	0.0924751	0.0822797	0.0101954	0	0.412687	0.367188	0.0454988	0	0	0	
793	0.237015	0.147076	0.0852854	0.00465416	1.05772	0.656354	0.380601	0.02077	0.00542892	0.0242275	
794	0.110021	0.0894516	0.0205697	0	0.49099	0.399194	0.0917961	0	0	0	
795	0.137721	0.105429	0.0322177	7.35876e-05	0.614606	0.4705	0.143777	0.000328398	0.000112833	0.000503539	
796	0.093676	0.093676	0	0	0.418046	0.418046	0	0	0	0	
797	0.0538972	0.0531956	0.000701579	0	0.240526	0.237395	0.00313092	0	0	0	
798	0.194634	0.103679	0.0905885	0.000366357	0.868589	0.462686	0.404268	0.00163493	0.00048482	0.0021636	
799	0.188977	0.129159	0.059612	0.000206335	0.843347	0.576397	0.266029	0.000920808	0.00025022	0.00111665	
800	0.201479	0.15858	0.0428963	1.88192e-06	0.899137	0.707695	0.191432	8.39845e-06	1.86408e-06	8.31881e-06	
801	0.159844	0.0851785	0.07389	0.0007763	0.713336	0.380124	0.329747	0.00346438	0.00136156	0.00607622	
802	0.127316	0.0862527	0.0409391	0.000124539	0.568172	0.384918	0.182698	0.000555781	0.000140157	0.000625477	
803	0.0832079	0.0832079	0	0	0.37133	0.37133	0	0	0	0	
804	0.184322	0.150862	0.0327075	0.000752442	0.822571	0.67325	0.145963	0.00335791	0.000752597	0.0033586	
805	0.22115	0.143747	0.0742628	0.0031397	0.986923	0.6415	0.331411	0.0140115	0.00410007	0.0182973	
806	0.148061	0.10682	0.0406485	0.000592509	0.66075	0.476705	0.181401	0.00264418	0.000791307	0.00353135	
807	0.153017	0.119211	0.033771	3.56247e-05	0.68287	0.532001	0.150709	0.000158981	5.30609e-05	0.000236794	
808	0.171337	0.152452	0.0188753	9.10169e-06	0.764623	0.680348	0.0842345	4.06179e-05	1.3716e-05	6.12105e-05	
809	0.187519	0.112082	0.0751805	0.000256616	0.83684	0.500189	0.335506	0.00114519	0.000344717	0.00153836	
810	0.0780176	0.0778606	0.00015695	0	0.348167	0.347467	0.000700418	0	0	0	
811	0.124942	0.0970074	0.0279223	1.25668e-05	0.557578	0.432913	0.124608	5.6082e-05	3.47221e-05	0.000154953	
812	0.162797	0.112032	0.0500392	0.000725721	0.726513	0.499965	0.223309	0.00323866	0.000822782	0.00367181	
813	0.0638822	0.0638822	0	0	0.285086	0.285086	0	0	0	0	
814	0.0943836	0.0813813	0.0129884	1.38709e-05	0.421204	0.363179	0.0579633	6.19017e-05	2.73146e-05	0.000121896	
815	0.145602	0.132455	0.0129753	0.000171198	0.649775	0.591106	0.0579049	0.000764004	0.000172019	0.00076767	
816	0.263455	0.15559	0.107017	0.00084715	1.17571	0.69435	0.477587	0.00378056	0.00221543	0.00988678	
817	0.153814	0.0970435	0.0565809	0.00019054	0.686427	0.433074	0.252502	0.000850319	0.000225877	0.00100801	
818	0.182984	0.124076	0.0587144	0.000193044	0.8166	0.553714	0.262023	0.000861496	0.000263192	0.00117454	
819	0.0679532	0.0668574	0.00109582	0	0.303253	0.298363	0.00489033	0	0	0	
820	0.094074	0.0906167	0.00345241	4.91232e-06	0.419822	0.404393	0.015407	2.19221e-05	6.41375e-06	2.86225e-05	
821	0.0276172	0.0275197	9.74661e-05	0	0.123247	0.122812	0.00043496	0	0	0	
822	0.0922306	0.0841339	0.00809667	0	0.411595	0.375463	0.0361328	0	0	0	
823	0.0627202	0.0589126	0.00377246	3.51534e-05	0.2799	0.262908	0.0168352	0.000156878	3.51365e-05	0.000156803	
824	0.1194	0.119371	2.83715e-05	0	0.532845	0.532718	0.000126613	0	0	0	
825	0.0783935	0.0783935	0	0	0.349845	0.349845	0	0	0	0	
826	0.117575	0.105896	0.0116785	0	0.524701	0.472584	0.0521178	0	0	0	
827	0.0839592	0.0839309	2.83715e-05	0	0.374683	0.374556	0.000126613	0	0	0	
828	0.158142	0.103414	0.0545527	0.000174945	0.70574	0.461508	0.243451	0.000780727	0.000260532	0.00116267	
829	0.134651	0.101319	0.0333322	0	0.600908	0.452156	0.148751	0	0	0	
830	0.162389	0.133605	0.028784	0	0.724692	0.596238	0.128454	0	0	0	
831	0.100705	0.100406	0.000298854	0	0.449415	0.448081	0.00133369	0	0	0	
832	0.0854758	0.0836509	0.00182491	0	0.381451	0.373307	0.00814401	0	0	0	
833	0.0894235	0.0881998	0.00122355	2.16936e-07	0.399068	0.393607	0.00546034	9.68118e-07	8.62144e-07	3.84747e-06	
834	0.098376	0.0976656	0.000709975	4.5623e-07	0.439021	0.43585	0.00316839	2.036e-06	4.83465e-07	2.15755e-06	
835	0.0993236	0.0963345	0.00298912	0	0.44325	0.42991	0.0133395	0	0	0	
836	0.144873	0.115872	0.0289832	1.80954e-05	0.646525	0.517101	0.129342	8.07542e-05	2.10542e-05	9.39584e-05	
837	0.128789	0.119802	0.00893213	5.40315e-05	0.574744	0.534642	0.0398612	0.000241125	5.6586e-05	0.000252525	
838	0.145081	0.0970087	0.0480281	4.47917e-05	0.647453	0.432919	0.214334	0.000199891	6.31386e-05	0.000281767	
839	0.205258	0.151857	0.0524954	0.000906298	0.916005	0.67769	0.23427	0.00404452	0.00110595	0.0049355	
840	0.1099	0.0763838	0.0335162	0	0.490449	0.340877	0.149572	0	0	0	
841	0.113876	0.0796249	0.0340133	0.00023823	0.508194	0.35534	0.15179	0.00106314	0.000522695	0.00233262	
842	0.103443	0.0975311	0.00591256	0	0.461636	0.43525	0.0263858	0	0	0	
843	0.138931	0.120908	0.0178838	0.00013954	0.620008	0.539575	0.0798097	0.000622724	0.000155967	0.000696032	
844	0.129037	0.109459	0.0195588	1.95901e-05	0.575854	0.488482	0.0872848	8.74246e-05	1.95722e-05	8.73448e-05	
845	0.193864	0.133903	0.0584991	0.00146149	0.865153	0.597568	0.261063	0.00652217	0.00151631	0.00676682	
846	0.104597	0.0934442	0.0111535	0	0.466786	0.417011	0.0497747	0	0	0	
847	0.123063	0.0952821	0.027772	9.06875e-06	0.549192	0.425213	0.123937	4.04709e-05	9.90392e-06	4.4198e-05	
848	0.105406	0.102126	0.0032802	7.21717e-08	0.470394	0.455755	0.0146385	3.22079e-07	9.18385e-08	4.09846e-07	
849	0.100347	0.0962273	0.00411207	8.37943e-06	0.44782	0.429432	0.0183509	3.73947e-05	8.3959e-06	3.74682e-05	
850	0.0799877	0.0796234	0.000364328	0	0.35696	0.355334	0.00162588	0	0	0	
851	0.0641667	0.0641533	1.34079e-05	0	0.286355	0.286295	5.98352e-05	0	0	0	
852	0.0960619	0.0842735	0.0117654	2.304e-05	0.428694	0.376086	0.0525053	0.00010282	3.23969e-05	0.000144577	
853	0.106212	0.102803	0.0034088	0	0.473991	0.458778	0.0152124	0	0	0	
854	0.102625	0.0939211	0.00869126	1.35604e-05	0.457986	0.41914	0.0387863	6.05161e-05	1.4783e-05	6.59721e-05	
855	0.111579	0.0926265	0.0183207	0.000632176	0.497943	0.413363	0.0817596	0.0028212	0.000632159	0.00282112	
856	0.113054	0.102966	0.0100877	0	0.504526	0.459507	0.0450186	0	0	0	
857	0.0629567	0.0629566	0	0	0.280955	0.280955	0	0	0	0	
858	0.100329	0.0848092	0.0155095	1.09272e-05	0.447739	0.378476	0.0692143	4.87649e-05	2.58204e-05	0.000115228	
859	0.123964	0.111153	0.0128109	0	0.553214	0.496043	0.0571711	0	0	0	
860	0.0936095	0.0835217	0.0100877	0	0.417749	0.37273	0.0450186	0	0	0	
861	0.085663	0.085663	0	0	0.382287	0.382287	0	0	0	0	
862	0.110678	0.0782616	0.0323983	1.85647e-05	0.493923	0.349256	0.144583	8.28486e-05	1.85466e-05	8.27677e-05	
863	0.122287	0.11418	0.00810739	0	0.545731	0.50955	0.0361807	0	0	0	
864	0.108123	0.0944506	0.0136725	0	0.482519	0.421503	0.061016	0	0	0	
865	0.116584	0.115721	0.000863739	0	0.52028	0.516426	0.00385459	0	0	0	
866	0.0756803	0.0752047	0.000475647	0	0.337737	0.335614	0.00212266	0	0	0	
867	0.0856955	0.0856955	0	0	0.382432	0.382432	0	0	0	0	
868	0.105176	0.0989347	0.00618891	5.28544e-05	0.469369	0.441514	0.0276191	0.000235872	5.59489e-05	0.000249682	
869	0.096419	0.0936524	0.00276098	5.63507e-06	0.430287	0.417941	0.0123214	2.51475e-05	6.08928e-06	2.71745e-05	
870	0.129308	0.12495	0.00435753	0	0.577061	0.557615	0.0194463	0	0	0	
871	0.107386	0.0978937	0.00947138	2.17117e-05	0.479233	0.436868	0.0422677	9.68925e-05	2.16991e-05	9.68363e-05	
872	0.0414853	0.0414853	0	0	0.185135	0.185135	0	0	0	0	
873	0.0994483	0.098995	0.000453283	0	0.443806	0.441783	0.00202286	0	0	0	
874	0.103232	0.0900481	0.0130223	0.000162165	0.460694	0.401856	0.0581145	0.000723695	0.000162148	0.000723619	
875	0.0810461	0.0807564	0.000289778	0	0.361683	0.36039	0.00129318	0	0	0	
876	0.044056	0.044056	0	0	0.196608	0.196608	0	0	0	0	
877	0.0985979	0.0868462	0.0117041	4.75201e-05	0.440011	0.387567	0.0522319	0.000212067	4.78219e-05	0.000213413	
878	0.0992753	0.0984748	0.000800484	0	0.443034	0.439461	0.0035723	0	0	0	
879	0.0864609	0.0864609	0	0	0.385847	0.385847	0	0	0	0	
880	0.090407	0.0869098	0.00349714	0	0.403457	0.387851	0.0156066	0	0	0	
881	0.081178	0.078633	0.00253014	1.48191e-05	0.362271	0.350914	0.0112912	6.61332e-05	1.4802e-05	6.60568e-05	
882	0.092026	0.0886693	0.00335468	1.97096e-06	0.410682	0.395703	0.0149708	8.7958e-06	1.95384e-06	8.71939e-06	
883	0.0587484	0.0587484	0	0	0.262175	0.262175	0	0	0	0	
884	0.0781297	0.0781297	0	0	0.348668	0.348668	0	0	0	0	
885	0.0887535	0.0887535	0	0	0.396079	0.396079	0	0	0	0	
886	0.102802	0.100854	0.00194847	0	0.458775	0.450079	0.00869542	0	0	0	
887	0.0656529	0.0655488	0.000104086	0	0.292988	0.292523	0.000464505	0	0	0	
888	0.0960025	0.0960025	0	0	0.428429	0.428429	0	0	0	0	
889	0.0659852	0.0640744	0.00191079	0	0.294471	0.285944	0.00852729	0	0	0	
890	0.0957523	0.0908651	0.00487358	1.36241e-05	0.427312	0.405502	0.0217492	6.08e-05	1.36069e-05	6.07236e-05	
891	0.0421655	0.0409245	0.00124104	0	0.188171	0.182633	0.00553838	0	0	0	
892	0.0580549	0.0580549	0	0	0.25908	0.25908	0	0	0	0	
893	0.0861639	0.0861639	0	0	0.384522	0.384522	0	0	0	0	
894	0.0833918	0.0830721	0.000319781	0	0.372151	0.370724	0.00142708	0	0	0	
895	0.0793694	0.0793694	0	0	0.3542	0.3542	0	0	0	0	
896	0.0784921	0.0781723	0.000319781	0	0.350285	0.348858	0.00142708	0	0	0	
897	0.0753999	0.0711155	0.00427674	7.67476e-06	0.336485	0.317366	0.0190857	3.425e-05	7.71823e-06	3.4444e-05	
898	0.0725425	0.0725425	0	0	0.323734	0.323734	0	0	0	0	
899	0.0987788	0.0949166	0.00386217	0	0.440818	0.423582	0.0172356	0	0	0	
900	0.0812114	0.0812114	0	0	0.36242	0.36242	0	0	0	0	
901	0.193583	0.111504	0.0804748	0.00160476	0.863902	0.497607	0.359133	0.00716154	0.00194682	0.00868808	
902	0.0752582	0.0746331	0.000625112	0	0.335853	0.333064	0.00278967	0	0	0	
903	0.206733	0.115347	0.0911368	0.000248596	0.922583	0.514759	0.406714	0.0011094	0.000469761	0.00209639	
904	0.0678147	0.0673468	0.000467872	0	0.302635	0.300547	0.00208796	0	0	0	
905	0.158205	0.0922795	0.0659261	0	0.706021	0.411814	0.294207	0	0	0	
906	0.207862	0.129847	0.0775001	0.000514254	0.927622	0.579468	0.345858	0.00229495	0.000669843	0.00298929	
907	0.0798982	0.0798725	2.57528e-05	0	0.35656	0.356445	0.000114926	0	0	0	
908	0.111452	0.0987468	0.0126789	2.64435e-05	0.497376	0.440675	0.0565823	0.000118009	3.08321e-05	0.000137594	
909	0.106365	0.104975	0.00139063	0	0.474676	0.46847	0.00620596	0	0	0	
910	0.120962	0.089735	0.0312278	0	0.539819	0.400459	0.139359	0	0	0	
911	0.125287	0.106116	0.0186345	0.0005367	0.559117	0.473562	0.0831599	0.00239512	0.000538727	0.00240417	
912	0.104908	0.0954513	0.00944958	7.21023e-06	0.468171	0.425968	0.0421704	3.21769e-05	9.4279e-06	4.20737e-05	
913	0.114136	0.0982677	0.0157456	0.000122789	0.509353	0.438537	0.0702677	0.000547971	0.000122773	0.000547896	
914	0.0763663	0.0763663	0	0	0.340798	0.340798	0	0	0	0	
915	0.129033	0.0913267	0.0376746	3.26119e-05	0.575837	0.407562	0.168129	0.000145536	3.34159e-05	0.000149124	
916	0.106399	0.106399	0	0	0.474825	0.474825	0	0	0	0	
917	0.113851	0.0921894	0.0216622	0	0.508084	0.411412	0.0966719	0	0	0	
918	0.127884	0.0885807	0.0382369	0.00106657	0.570706	0.395307	0.170639	0.0047598	0.00174065	0.00776797	
919	0.0900455	0.0858852	0.0041603	0	0.401844	0.383278	0.0185661	0	0	0	
920	0.115276	0.0854527	0.0297929	3.08906e-05	0.514442	0.381348	0.132956	0.000137855	8.39211e-05	0.000374513	
921	0.0381565	0.0381565	0	0	0.17028	0.17028	0	0	0	0	
922	0.0193428	0.0190675	0.000275286	0	0.0863211	0.0850925	0.00122851	0	0	0	
923	0.0605828	0.0589628	0.00161724	2.78751e-06	0.270362	0.263132	0.00721726	1.24398e-05	2.77044e-06	1.23636e-05	
924	0.0595703	0.0514847	0.00808551	1.71304e-08	0.265843	0.22976	0.036083	7.64477e-08	4.60863e-06	2.05668e-05	
925	0.0465216	0.044663	0.00185861	1.7073e-08	0.207611	0.199317	0.00829439	7.61914e-08	4.60863e-06	2.05668e-05	
926	0.0660259	0.058602	0.00742391	0	0.294652	0.261522	0.0331305	0	0	0	
927	0.0781196	0.0770032	0.00111645	0	0.348623	0.34364	0.00498236	0	0	0	
928	0.103846	0.0947905	0.00905636	0	0.463435	0.423019	0.0404156	0	0	0	
929	0.0435248	0.0428459	0.000678853	0	0.194237	0.191207	0.0030295	0	0	0	
930	0.0758735	0.074503	0.00136426	6.2613e-06	0.338599	0.332483	0.00608829	2.79422e-05	6.24424e-06	2.78661e-05	
931	0.0932632	0.0822901	0.010949	2.41384e-05	0.416204	0.367234	0.0488619	0.000107722	2.41215e-05	0.000107646	
932	0.0861283	0.0838462	0.00228209	0	0.384363	0.374179	0.0101842	0	0	0	
933	0.0475526	0.0475526	0	0	0.212212	0.212212	0	0	0	0	
934	0.0460051	0.0453072	0.000697902	0	0.205306	0.202191	0.00311451	0	0	0	
935	0.0928429	0.0774528	0.0153542	3.59186e-05	0.414328	0.345647	0.0685213	0.000160293	5.34111e-05	0.000238357	
936	0.0760703	0.07556	0.000510316	0	0.339477	0.3372	0.00227737	0	0	0	
937	0.0616883	0.0616883	0	0	0.275295	0.275295	0	0	0	0	
938	0.0671087	0.0671086	0	0	0.299484	0.299484	0	0	0	0	
939	0.0726692	0.0726692	0	0	0.324299	0.324299	0	0	0	0	
940	0.074997	0.0742488	0.000748118	0	0.334687	0.331349	0.00333861	0	0	0	
941	0.0685114	0.0685114	0	0	0.305744	0.305744	0	0	0	0	
942	0.070615	0.070615	0	0	0.315132	0.315132	0	0	0	0	
943	0.0799813	0.0799813	0	0	0.356931	0.356931	0	0	0	0	
944	0.0634184	0.0634184	0	0	0.283016	0.283016	0	0	0	0	
945	0.0631389	0.0631389	0	0	0.281769	0.281769	0	0	0	0	
946	0.0654292	0.0654292	0	0	0.291989	0.291989	0	0	0	0	
947	0.0955371	0.0955371	0	0	0.426351	0.426351	0	0	0	0	
948	0.0650263	0.0541029	0.0109234	0	0.290191	0.241444	0.0487477	0	0	0	
949	0.0645538	0.0645538	0	0	0.288083	0.288083	0	0	0	0	
950	0.085878	0.085878	0	0	0.383246	0.383246	0	0	0	0	
951	0.115734	0.115734	0	0	0.516488	0.516488	0	0	0	0	
952	0.0493897	0.0493897	0	0	0.22041	0.22041	0	0	0	0	
953	0.0539355	0.0531874	0.000748118	0	0.240697	0.237358	0.00333861	0	0	0	
954	0.086778	0.0862169	0.000560995	1.06062e-07	0.387262	0.384759	0.00250354	4.73322e-07	8.89968e-08	3.97164e-07	
955	0.0888964	0.0888964	0	0	0.396716	0.396716	0	0	0	0	
956	0.0535915	0.0495945	0.00399699	0	0.239162	0.221324	0.0178373	0	0	0	
957	0.0788048	0.0788048	0	0	0.351681	0.351681	0	0	0	0	
958	0.0831603	0.0691626	0.0139976	0	0.371118	0.308651	0.062467	0	0	0	
959	0.0907395	0.0907395	0	0	0.404941	0.404941	0	0	0	0	
960	0.056537	0.056537	0	0	0.252306	0.252306	0	0	0	0	
961	0.0762456	0.0747522	0.00149341	0	0.34026	0.333595	0.00666465	0	0	0	
962	0.097779	0.0977268	5.22283e-05	0	0.436356	0.436123	0.000233078	0	0	0	
963	0.145407	0.145354	5.22283e-05	0	0.648906	0.648673	0.000233078	0	0	0	
964	0.104495	0.104057	0.000438598	0	0.466332	0.464375	0.00195732	0	0	0	
965	0.150116	0.0959428	0.054174	0	0.669924	0.428162	0.241761	0	0	0	
966	0.155535	0.101361	0.054174	0	0.694103	0.452342	0.241761	0	0	0	
967	0.0443244	0.0442019	0.000122575	0	0.197806	0.197259	0.000547013	0	0	0	
968	0.0704543	0.0704543	0	0	0.314415	0.314415	0	0	0	0	
969	0.201887	0.17733	0.0244723	8.47878e-05	0.90096	0.79137	0.109212	0.000378381	9.1554e-05	0.000408576	
970	0.203217	0.17314	0.0299344	0.000142532	0.906893	0.772669	0.133587	0.000636076	0.00018717	0.000835282	
