Node	dPC	dPCintra	dPCflux	dPCconnector	varPC	varPCintra	varPCflux	varPCconnector	dBC_PC	varBC_PC	
1	0.17167	0.165946	0.00571792	6.44108e-06	0.76204	0.736629	0.0253816	2.85917e-05	6.4258e-06	2.85238e-05	
2	0.0881859	0.0835362	0.00464934	4.14592e-07	0.391454	0.370813	0.0206382	1.84035e-06	3.99469e-07	1.77322e-06	
3	0.0927908	0.0818371	0.0109527	1.03885e-06	0.411895	0.363271	0.0486186	4.61145e-06	3.75459e-06	1.66665e-05	
4	0.0574501	0.0574501	0	0	0.255019	0.255019	0	0	0	0	
5	0.116718	0.106307	0.0104063	4.55778e-06	0.518108	0.471894	0.0461933	2.02318e-05	7.40356e-06	3.28641e-05	
6	0.0914328	0.0895416	0.00188564	5.59435e-06	0.405867	0.397471	0.00837028	2.48331e-05	5.57938e-06	2.47666e-05	
7	0.0899644	0.0862415	0.00372264	3.38748e-07	0.399348	0.382822	0.0165246	1.50369e-06	3.23871e-07	1.43765e-06	
8	0.126004	0.103063	0.0229414	0	0.559331	0.457494	0.101836	0	0	0	
9	0.0906156	0.0866709	0.00394472	0	0.402239	0.384729	0.0175104	0	0	0	
10	0.0603248	0.059376	0.00094874	0	0.267779	0.263568	0.00421142	0	0	0	
11	0.0847335	0.0792529	0.00547112	9.48087e-06	0.376128	0.3518	0.0242861	4.20852e-05	9.46573e-06	4.2018e-05	
12	0.0995557	0.0946468	0.00490256	6.34686e-06	0.441924	0.420133	0.0217622	2.81734e-05	6.33323e-06	2.81129e-05	
13	0.103262	0.103262	0	0	0.458377	0.458377	0	0	0	0	
14	0.0836347	0.0836308	3.8468e-06	0	0.371251	0.371234	1.70758e-05	0	0	0	
15	0.0974145	0.092974	0.00443211	8.45287e-06	0.432419	0.412708	0.0196739	3.75219e-05	8.43799e-06	3.74559e-05	
16	0.0734851	0.0734851	0	0	0.326197	0.326197	0	0	0	0	
17	0.0870934	0.0847255	0.00236788	0	0.386604	0.376093	0.0105109	0	0	0	
18	0.0735853	0.0723526	0.00122981	2.89429e-06	0.326642	0.32117	0.00545911	1.28476e-05	2.87931e-06	1.27811e-05	
19	0.0887278	0.0845381	0.00418963	0	0.393859	0.375261	0.0185976	0	0	0	
20	0.0592868	0.0592868	0	0	0.263171	0.263171	0	0	0	0	
21	0.0856883	0.0819791	0.00368981	1.93195e-05	0.380367	0.363902	0.0163789	8.57586e-05	2.2756e-05	0.000101013	
22	0.0899777	0.087816	0.00216117	5.28637e-07	0.399407	0.389811	0.00959335	2.3466e-06	5.13624e-07	2.27995e-06	
23	0.0987457	0.0952299	0.00349757	1.82782e-05	0.438328	0.422722	0.0155255	8.11364e-05	2.03451e-05	9.03113e-05	
24	0.0671404	0.0652745	0.00186592	0	0.298033	0.289751	0.00828278	0	0	0	
25	0.122322	0.115858	0.00640028	6.31436e-05	0.542982	0.514291	0.0284106	0.000280292	6.31317e-05	0.000280239	
26	0.0859736	0.084521	0.00145253	0	0.381633	0.375185	0.00644775	0	0	0	
27	0.0821235	0.0764506	0.00565171	2.12352e-05	0.364543	0.339361	0.0250877	9.42625e-05	2.81254e-05	0.000124847	
28	0.0633302	0.0622902	0.00103993	0	0.28112	0.276504	0.00461623	0	0	0	
29	0.108827	0.101562	0.00726553	0	0.483081	0.450829	0.0322514	0	0	0	
30	0.173539	0.149267	0.0240979	0.000173782	0.770333	0.662592	0.106969	0.000771412	0.000266524	0.00118309	
31	0.14569	0.13881	0.00687904	1.43018e-06	0.646715	0.616173	0.0305358	6.34853e-06	1.4152e-06	6.28201e-06	
32	0.143657	0.139275	0.00438257	0	0.63769	0.618236	0.019454	0	0	0	
33	0.0805886	0.0768668	0.00372179	0	0.35773	0.341209	0.0165209	0	0	0	
34	0.108137	0.0974331	0.0106809	2.35662e-05	0.480019	0.432502	0.0474124	0.000104609	2.81429e-05	0.000124925	
35	0.0740161	0.0611397	0.0126229	0.000253513	0.328554	0.271396	0.0560328	0.00112533	0.000257447	0.00114279	
36	0.0845937	0.0813937	0.00320004	0	0.375508	0.361303	0.0142048	0	0	0	
37	0.17478	0.0952585	0.0786914	0.000830195	0.775842	0.422848	0.349308	0.0036852	0.00605783	0.0268904	
38	0.0798195	0.078643	0.00117657	0	0.354315	0.349093	0.00522278	0	0	0	
39	0.0904546	0.0841442	0.00630974	6.35024e-07	0.401524	0.373513	0.0280086	2.81884e-06	6.59213e-07	2.92622e-06	
40	0.104307	0.101245	0.00305453	7.35078e-06	0.463015	0.449424	0.0135589	3.26298e-05	7.51724e-06	3.33687e-05	
41	0.101152	0.0962056	0.00492233	2.41739e-05	0.44901	0.427053	0.02185	0.000107307	2.4159e-05	0.000107241	
42	0.0763223	0.074151	0.00217128	0	0.338791	0.329153	0.00963824	0	0	0	
43	0.0565692	0.0554916	0.0010776	0	0.251108	0.246325	0.00478345	0	0	0	
44	0.0650834	0.0647882	0.000295153	0	0.288902	0.287592	0.00131017	0	0	0	
45	0.0570724	0.0522905	0.00478191	0	0.253342	0.232115	0.0212267	0	0	0	
46	0.0923679	0.085371	0.00699694	0	0.410017	0.378958	0.0310591	0	0	0	
47	0.13642	0.135237	0.00118293	0	0.605563	0.600312	0.00525101	0	0	0	
48	0.101841	0.0852748	0.0165661	0	0.452068	0.378531	0.0735366	0	0	0	
49	0.165879	0.158826	0.00704712	5.99353e-06	0.736333	0.705025	0.0312818	2.6605e-05	1.04985e-05	4.66024e-05	
50	0.104182	0.0955453	0.00863292	4.61661e-06	0.462463	0.424122	0.0383212	2.04929e-05	4.62027e-06	2.05092e-05	
51	0.0853843	0.0849165	0.000467875	0	0.379017	0.376941	0.00207687	0	0	0	
52	0.0789438	0.0764598	0.00248399	0	0.350428	0.339402	0.0110263	0	0	0	
53	0.098106	0.0952457	0.00285266	7.5767e-06	0.435488	0.422792	0.0126628	3.36326e-05	8.97188e-06	3.98258e-05	
54	0.0968002	0.0910244	0.00576829	7.4964e-06	0.429692	0.404053	0.0256052	3.32762e-05	1.01299e-05	4.49664e-05	
55	0.100568	0.09304	0.00751425	1.4595e-05	0.446421	0.413	0.0333554	6.47869e-05	1.81681e-05	8.06478e-05	
56	0.118233	0.112386	0.00584645	4.65593e-07	0.524833	0.498879	0.0259521	2.06675e-06	1.25752e-06	5.58208e-06	
57	0.102146	0.101085	0.00106075	8.09645e-07	0.453425	0.448712	0.00470863	3.59398e-06	8.00127e-07	3.55173e-06	
58	0.124511	0.0916305	0.0328025	7.85546e-05	0.552702	0.406744	0.145609	0.000348701	0.000150238	0.000666905	
59	0.178959	0.112433	0.0665142	1.1737e-05	0.794394	0.499087	0.295254	5.21004e-05	1.43045e-05	6.34975e-05	
60	0.0756058	0.0738564	0.00174935	0	0.335611	0.327845	0.00776529	0	0	0	
61	0.0876236	0.0874402	0.000183378	0	0.388957	0.388143	0.000814009	0	0	0	
62	0.101464	0.0937438	0.00769487	2.6148e-05	0.450398	0.416125	0.0341572	0.00011607	2.89627e-05	0.000128564	
63	0.133145	0.0942302	0.0387659	0.000149184	0.591026	0.418284	0.17208	0.000662225	0.000171724	0.000762276	
64	0.0978853	0.0971456	0.000739248	5.25659e-07	0.434509	0.431225	0.00328149	2.33338e-06	5.10675e-07	2.26686e-06	
65	0.11127	0.102915	0.00832231	3.2788e-05	0.493925	0.456837	0.0369424	0.000145544	3.69271e-05	0.000163918	
66	0.114745	0.101262	0.0134828	0	0.509351	0.449501	0.0598496	0	0	0	
67	0.162979	0.137792	0.0250697	0.000117782	0.723461	0.611654	0.111283	0.000522831	0.000162332	0.000720589	
68	0.110472	0.0801283	0.0303343	1.0034e-05	0.490384	0.355686	0.134653	4.45409e-05	1.58494e-05	7.03549e-05	
69	0.118473	0.114126	0.00433864	7.87512e-06	0.525897	0.506603	0.019259	3.49573e-05	1.37327e-05	6.09592e-05	
70	0.0821911	0.076598	0.00556755	2.5513e-05	0.364843	0.340015	0.0247141	0.000113251	2.88774e-05	0.000128185	
71	0.0666382	0.0443292	0.0223089	0	0.295804	0.196775	0.0990284	0	0	0	
72	0.169723	0.129889	0.0397402	9.38884e-05	0.753397	0.576575	0.176405	0.000416767	0.000128828	0.000571863	
73	0.0757894	0.0598498	0.0159352	4.33562e-06	0.336426	0.265671	0.0707361	1.92456e-05	7.20107e-06	3.19653e-05	
74	0.146166	0.106325	0.0396603	0.000180801	0.648826	0.471973	0.17605	0.000802572	0.000209992	0.000932148	
75	0.181634	0.14326	0.0380843	0.000289311	0.806266	0.635927	0.169055	0.00128424	0.000334027	0.00148273	
76	0.162562	0.140707	0.0216423	0.000213661	0.72161	0.624593	0.0960693	0.000948433	0.000239634	0.00106372	
77	0.0894911	0.0892218	0.000269293	0	0.397247	0.396052	0.00119538	0	0	0	
78	0.156783	0.0982845	0.0584744	2.46642e-05	0.695956	0.436281	0.259565	0.000109483	3.48235e-05	0.00015458	
79	0.155687	0.136421	0.0191142	0.000152592	0.691092	0.605568	0.0848472	0.000677353	0.000180449	0.000801009	
80	0.139649	0.124588	0.0150264	3.46225e-05	0.6199	0.553044	0.066702	0.000153688	4.01967e-05	0.000178431	
81	0.109473	0.105731	0.00374239	0	0.485949	0.469337	0.0166123	0	0	0	
82	0.272944	0.160369	0.111455	0.00111892	1.21158	0.711875	0.494746	0.00496686	0.00160021	0.00710331	
83	0.163687	0.124581	0.0390578	4.78164e-05	0.726601	0.553012	0.173376	0.000212255	4.95871e-05	0.000220115	
84	0.124943	0.0957141	0.0292247	4.99742e-06	0.554621	0.424871	0.129727	2.21833e-05	7.29542e-06	3.23841e-05	
85	0.155072	0.100611	0.0544608	0	0.688358	0.446609	0.241749	0	0	0	
86	0.168004	0.145493	0.0223863	0.00012474	0.745765	0.645839	0.0993722	0.000553716	0.000221123	0.00098156	
87	0.0834142	0.0772257	0.00618848	0	0.370272	0.342802	0.0274704	0	0	0	
88	0.0844726	0.0812291	0.00324351	0	0.37497	0.360573	0.0143978	0	0	0	
89	0.0773743	0.0765773	0.000797007	0	0.343461	0.339923	0.00353788	0	0	0	
90	0.106428	0.0983169	0.00808569	2.55555e-05	0.47243	0.436425	0.035892	0.00011344	2.61731e-05	0.000116181	
91	0.108022	0.101872	0.00614986	0	0.479506	0.452207	0.027299	0	0	0	
92	0.0855188	0.0834533	0.00206543	0	0.379614	0.370446	0.00916838	0	0	0	
93	0.0978324	0.0898327	0.0079997	0	0.434274	0.398764	0.0355103	0	0	0	
94	0.0940913	0.0853532	0.00873806	0	0.417667	0.378879	0.0387879	0	0	0	
95	0.152346	0.130864	0.0214804	1.11666e-06	0.676258	0.580902	0.0953507	4.95685e-06	1.42057e-06	6.30586e-06	
96	0.210995	0.158827	0.0521102	5.72593e-05	0.9366	0.70503	0.231315	0.000254172	8.12933e-05	0.000360857	
97	0.111448	0.0942713	0.0171708	6.80414e-06	0.494717	0.418466	0.0762205	3.02033e-05	7.95318e-06	3.53038e-05	
98	0.106709	0.0892023	0.017505	2.30779e-06	0.47368	0.395965	0.0777042	1.02442e-05	2.48184e-06	1.10167e-05	
99	0.107021	0.100011	0.00701035	2.71945e-07	0.475066	0.443946	0.0311186	1.20715e-06	5.14077e-07	2.28196e-06	
100	0.0990227	0.0919477	0.00706846	6.51292e-06	0.439558	0.408152	0.0313766	2.89106e-05	9.9237e-06	4.40509e-05	
101	0.147441	0.144254	0.0031877	0	0.654489	0.640339	0.01415	0	0	0	
102	0.147636	0.107228	0.0403862	2.22219e-05	0.655354	0.475982	0.179273	9.86423e-05	2.4711e-05	0.000109691	
103	0.0772832	0.0732984	0.00398485	0	0.343057	0.325368	0.0176886	0	0	0	
104	0.105019	0.0832768	0.0217262	1.59148e-05	0.466175	0.369662	0.0964418	7.06455e-05	2.194e-05	9.73911e-05	
105	0.0952002	0.0861933	0.00881461	0.000192331	0.42259	0.382608	0.0391277	0.000853753	0.000194569	0.000863686	
106	0.133773	0.111498	0.0222644	1.03725e-05	0.593815	0.494938	0.0988311	4.60431e-05	1.36212e-05	6.0464e-05	
107	0.246068	0.146647	0.09908	0.000341912	1.09229	0.65096	0.439812	0.00151773	0.00046607	0.00206886	
108	0.105297	0.0968837	0.00838905	2.4359e-05	0.467409	0.430063	0.0372387	0.000108128	3.14239e-05	0.000139489	
109	0.132248	0.108066	0.0239081	0.000274087	0.587047	0.479703	0.106127	0.00121666	0.00028448	0.00126279	
110	0.117673	0.108588	0.00908524	4.6599e-07	0.522349	0.482018	0.040329	2.06851e-06	4.83586e-07	2.14662e-06	
111	0.102615	0.096202	0.00641288	5.90168e-08	0.455504	0.427037	0.0284665	2.61973e-07	9.28388e-07	4.12108e-06	
112	0.10192	0.094777	0.00714331	3.74649e-07	0.452421	0.420711	0.0317089	1.66305e-06	1.57347e-06	6.9846e-06	
113	0.0964615	0.0917459	0.00471441	1.20304e-06	0.428189	0.407256	0.0209271	5.34027e-06	1.73406e-06	7.69743e-06	
114	0.151244	0.124115	0.026963	0.0001653	0.671366	0.550944	0.119687	0.000733762	0.000181232	0.000804482	
115	0.114064	0.106781	0.0072684	1.45668e-05	0.506327	0.473999	0.0322641	6.46617e-05	1.47124e-05	6.53081e-05	
116	0.123971	0.114326	0.00964246	2.54272e-06	0.550302	0.507489	0.0428025	1.1287e-05	3.52944e-06	1.5667e-05	
117	0.106496	0.0968258	0.00967091	0	0.472735	0.429806	0.0429288	0	0	0	
118	0.103711	0.101576	0.00213373	1.3535e-06	0.460372	0.450895	0.00947157	6.00817e-06	1.64171e-06	7.28752e-06	
119	0.116027	0.113522	0.00250342	9.52849e-07	0.515039	0.503922	0.0111125	4.22966e-06	9.40764e-07	4.17601e-06	
120	0.106651	0.0960981	0.010526	2.6973e-05	0.47342	0.426576	0.0467247	0.000119732	4.44896e-05	0.000197487	
121	0.0927953	0.0842908	0.00844554	5.89174e-05	0.411914	0.374163	0.0374894	0.000261532	7.8181e-05	0.000347042	
122	0.176643	0.157588	0.0189877	6.71706e-05	0.784114	0.69953	0.0842858	0.000298167	8.26912e-05	0.000367063	
123	0.110923	0.106915	0.00400704	5.68602e-07	0.492385	0.474595	0.0177871	2.524e-06	5.7823e-07	2.56674e-06	
124	0.145933	0.0962899	0.0490789	0.000564394	0.647792	0.427427	0.217859	0.00250532	0.00221129	0.00981586	
125	0.107321	0.103327	0.00399372	0	0.476395	0.458667	0.0177279	0	0	0	
126	0.136026	0.104278	0.0315611	0.000187761	0.603818	0.462886	0.140098	0.000833466	0.000649819	0.00288452	
127	0.206765	0.191474	0.0152567	3.39995e-05	0.917824	0.849949	0.0677239	0.000150922	3.99358e-05	0.000177273	
128	0.13931	0.120568	0.0187364	5.39678e-06	0.618394	0.5352	0.0831704	2.39561e-05	7.24983e-06	3.21817e-05	
129	0.12289	0.117968	0.00492016	1.77867e-06	0.545504	0.523656	0.0218404	7.89548e-06	6.30182e-06	2.79735e-05	
130	0.0974274	0.096174	0.00125317	1.77411e-07	0.432476	0.426912	0.00556281	7.87521e-07	1.6472e-07	7.31186e-07	
131	0.129905	0.124542	0.00535047	1.255e-05	0.576646	0.55284	0.0237505	5.57093e-05	1.2731e-05	5.65124e-05	
132	0.108171	0.0850983	0.023073	0	0.480168	0.377748	0.10242	0	0	0	
133	0.135656	0.110732	0.0246003	0.000323275	0.602174	0.491539	0.1092	0.001435	0.000370558	0.00164489	
134	0.096348	0.0955709	0.000777183	0	0.427685	0.424235	0.00344988	0	0	0	
135	0.0721402	0.0705052	0.00163491	0	0.320227	0.31297	0.00725732	0	0	0	
136	0.10556	0.103437	0.00211788	5.24562e-06	0.46858	0.459156	0.00940122	2.32851e-05	6.4495e-06	2.86291e-05	
137	0.113026	0.102045	0.010923	5.80182e-05	0.501719	0.452975	0.048487	0.00025754	7.27352e-05	0.000322868	
138	0.113915	0.104273	0.00963996	1.73929e-06	0.505664	0.462865	0.0427914	7.72066e-06	5.18156e-06	2.30007e-05	
139	0.109298	0.106134	0.00316417	2.08489e-07	0.485171	0.471125	0.0140456	9.25476e-07	3.66888e-07	1.6286e-06	
140	0.13663	0.120971	0.0156153	4.31827e-05	0.606496	0.536989	0.0693157	0.000191686	5.75984e-05	0.000255677	
141	0.0996753	0.0929609	0.00671164	2.78852e-06	0.442455	0.41265	0.0297927	1.23781e-05	4.07022e-06	1.80675e-05	
142	0.0883084	0.0833744	0.00493402	0	0.391997	0.370095	0.0219019	0	0	0	
143	0.15581	0.154694	0.00111607	0	0.691637	0.686683	0.0049542	0	0	0	
144	0.100232	0.0987008	0.00153171	0	0.444928	0.438129	0.00679922	0	0	0	
145	0.0919659	0.0867149	0.00525106	0	0.408233	0.384924	0.0233092	0	0	0	
146	0.0649342	0.0611551	0.003779	8.49933e-08	0.28824	0.271465	0.0167748	3.77282e-07	7.01409e-08	3.11353e-07	
147	0.0745924	0.0726648	0.00192757	0	0.331113	0.322556	0.00855642	0	0	0	
148	0.113329	0.107774	0.0055549	1.41471e-07	0.503067	0.478408	0.0246579	6.27985e-07	1.63979e-07	7.27898e-07	
149	0.114649	0.0998818	0.0147358	3.16423e-05	0.508923	0.443371	0.0654118	0.000140459	4.23301e-05	0.000187901	
150	0.0908326	0.0825811	0.00825159	0	0.403202	0.366574	0.0366285	0	0	0	
151	0.135485	0.124417	0.0110005	6.73219e-05	0.601413	0.552284	0.0488309	0.000298839	7.8066e-05	0.000346532	
152	0.0943575	0.084751	0.00960368	2.81562e-06	0.418849	0.376206	0.0426303	1.24984e-05	7.89364e-06	3.50395e-05	
153	0.140055	0.135602	0.00445295	0	0.621701	0.601934	0.0197664	0	0	0	
154	0.104533	0.0977076	0.00682325	2.36981e-06	0.464019	0.43372	0.0302881	1.05195e-05	4.04432e-06	1.79525e-05	
155	0.113366	0.0918503	0.0215096	6.18829e-06	0.503227	0.407719	0.0954803	2.74695e-05	9.85767e-06	4.37578e-05	
156	0.103914	0.0947607	0.0091478	5.69791e-06	0.461271	0.420639	0.0406067	2.52928e-05	5.68269e-06	2.52252e-05	
157	0.0896434	0.0883653	0.00127812	0	0.397923	0.39225	0.00567352	0	0	0	
158	0.112139	0.103526	0.00858164	3.18843e-05	0.497784	0.459549	0.0380936	0.000141533	3.46008e-05	0.000153591	
159	0.101455	0.0992974	0.0021579	1.07394e-07	0.450356	0.440777	0.00957886	4.76718e-07	2.09006e-07	9.2777e-07	
160	0.180183	0.15587	0.0243121	0	0.799825	0.691905	0.10792	0	0	0	
161	0.221049	0.174047	0.04681	0.000192284	0.981232	0.77259	0.207788	0.000853543	0.000255036	0.00113209	
162	0.127611	0.0943389	0.0331971	7.49269e-05	0.56646	0.418767	0.14736	0.000332597	0.00011229	0.000498452	
163	0.0952293	0.0786367	0.0165567	3.59078e-05	0.422719	0.349065	0.0734946	0.000159393	4.10376e-05	0.000182164	
164	0.12543	0.0898532	0.0355524	2.45515e-05	0.55678	0.398855	0.157816	0.000108983	0.000113493	0.000503792	
165	0.155004	0.11539	0.0393909	0.000222814	0.688057	0.512213	0.174854	0.000989064	0.000269275	0.0011953	
166	0.105347	0.0975741	0.00777333	0	0.467633	0.433127	0.0345055	0	0	0	
167	0.107558	0.09727	0.0102714	1.7176e-05	0.477448	0.431778	0.0455943	7.62439e-05	2.53016e-05	0.000112312	
168	0.108335	0.098217	0.0101136	4.66634e-06	0.480896	0.435981	0.0448941	2.07137e-05	1.4007e-05	6.21766e-05	
169	0.0975665	0.0949343	0.0026315	6.73665e-07	0.433093	0.421409	0.0116811	2.99037e-06	6.58775e-07	2.92427e-06	
170	0.145628	0.108859	0.0360715	0.000697483	0.646437	0.483221	0.16012	0.0030961	0.000880448	0.00390827	
171	0.221973	0.195703	0.0262529	1.68785e-05	0.985331	0.86872	0.116535	7.4923e-05	1.87333e-05	8.31566e-05	
172	0.134282	0.122366	0.0119151	0	0.596072	0.543181	0.0528909	0	0	0	
173	0.191741	0.135946	0.0552787	0.000516899	0.851134	0.603459	0.24538	0.00229449	0.000587983	0.00261003	
174	0.11963	0.113473	0.00615461	1.57628e-06	0.531033	0.503706	0.0273201	6.99706e-06	1.74702e-06	7.75496e-06	
175	0.104474	0.0964521	0.00802257	0	0.463759	0.428147	0.0356118	0	0	0	
176	0.111213	0.0950367	0.016025	0.000151887	0.493672	0.421864	0.0711345	0.000674221	0.000185934	0.000825354	
177	0.183618	0.142097	0.0413526	0.000167824	0.815073	0.630765	0.183562	0.000744965	0.000168916	0.000749813	
178	0.138092	0.106657	0.0313765	5.8738e-05	0.612986	0.473446	0.139279	0.000260735	0.00010321	0.000458147	
179	0.183277	0.140732	0.0422132	0.000331836	0.813562	0.624706	0.187382	0.001473	0.000462731	0.00205404	
180	0.118668	0.101656	0.0170048	7.38107e-06	0.526763	0.451247	0.0754838	3.27642e-05	7.36597e-06	3.26972e-05	
181	0.129277	0.12561	0.00366718	0	0.573857	0.557578	0.0162784	0	0	0	
182	0.10117	0.0996434	0.00152736	1.11399e-07	0.449093	0.442313	0.0067799	4.94498e-07	1.38715e-07	6.15754e-07	
183	0.116836	0.111773	0.0050625	0	0.51863	0.496158	0.0224722	0	0	0	
184	0.0961587	0.088223	0.00792819	7.55632e-06	0.426845	0.391618	0.0351929	3.35422e-05	1.19937e-05	5.32398e-05	
185	0.097674	0.0827652	0.0149087	0	0.433571	0.367391	0.0661794	0	0	0	
186	0.132354	0.114061	0.0182924	0	0.587516	0.506316	0.0811993	0	0	0	
187	0.0892265	0.088474	0.000752478	0	0.396073	0.392732	0.00334022	0	0	0	
188	0.0850199	0.0808589	0.00416093	0	0.3774	0.358929	0.0184702	0	0	0	
189	0.112678	0.102523	0.0101222	3.27728e-05	0.500175	0.455098	0.0449322	0.000145477	3.82231e-05	0.00016967	
190	0.0809349	0.0595117	0.0214179	5.21575e-06	0.359266	0.26417	0.0950735	2.31525e-05	8.27431e-06	3.67293e-05	
191	0.320712	0.213823	0.104793	0.00209525	1.42362	0.949155	0.465172	0.00930077	0.00255628	0.0113472	
192	0.0731551	0.0731551	0	0	0.324732	0.324732	0	0	0	0	
193	0.118677	0.118677	0	0	0.526805	0.526805	0	0	0	0	
194	0.154639	0.121349	0.0331396	0.000150768	0.686439	0.538664	0.147105	0.000669256	0.000426285	0.00189226	
195	0.089047	0.0888199	0.00022704	0	0.395276	0.394268	0.00100782	0	0	0	
196	0.0895987	0.0895987	0	0	0.397725	0.397725	0	0	0	0	
197	0.0798304	0.0561524	0.0236473	3.05908e-05	0.354364	0.249258	0.104969	0.000135791	3.54854e-05	0.000157518	
198	0.147504	0.114562	0.0322134	0.000728932	0.654768	0.508538	0.142994	0.0032357	0.00104727	0.0046488	
199	0.134457	0.114599	0.0198575	0	0.596851	0.508704	0.0881469	0	0	0	
200	0.108559	0.0874128	0.0211345	1.22976e-05	0.481892	0.388022	0.0938156	5.45888e-05	3.25543e-05	0.000144507	
201	0.141626	0.100816	0.0403995	0.00041023	0.628674	0.447521	0.179332	0.00182099	0.000552663	0.00245325	
202	0.106098	0.106098	0	0	0.470968	0.470968	0	0	0	0	
203	0.0961672	0.0947033	0.00146394	0	0.426882	0.420384	0.0064984	0	0	0	
204	0.163013	0.134068	0.0289076	3.78227e-05	0.72361	0.595122	0.12832	0.000167893	4.86253e-05	0.000215846	
205	0.111995	0.0900425	0.0218992	5.35405e-05	0.497142	0.399695	0.0972097	0.000237664	6.11685e-05	0.000271524	
206	0.186427	0.149629	0.0366511	0.000146574	0.827542	0.664198	0.162692	0.000650637	0.000242941	0.0010784	
207	0.0634305	0.0520066	0.0114238	1.48139e-08	0.281565	0.230855	0.05071	6.57584e-08	7.00932e-07	3.11141e-06	
208	0.103005	0.0984669	0.0045383	0	0.457236	0.437091	0.0201453	0	0	0	
209	0.148504	0.0953768	0.0531272	0	0.659204	0.423374	0.235829	0	0	0	
210	0.11452	0.113872	0.000648454	0	0.508353	0.505474	0.00287846	0	0	0	
211	0.159652	0.103677	0.0559756	0	0.708692	0.460219	0.248473	0	0	0	
212	0.116659	0.116533	0.000126496	0	0.517847	0.517285	0.000561514	0	0	0	
213	0.235679	0.164874	0.0701317	0.0006738	1.04617	0.731869	0.311311	0.00299097	0.00217049	0.00963472	
214	0.118998	0.115975	0.00301482	8.30428e-06	0.52823	0.514811	0.0133826	3.68624e-05	8.40209e-06	3.72965e-05	
215	0.183301	0.161817	0.0214545	2.87905e-05	0.813666	0.718303	0.095236	0.000127799	3.31146e-05	0.000146994	
216	0.100775	0.0849212	0.0158544	0	0.447339	0.376961	0.0703773	0	0	0	
217	0.190083	0.14107	0.0484281	0.000585772	0.843775	0.626204	0.21497	0.00260021	0.000629152	0.00279278	
218	0.0977966	0.0972857	0.000510899	0	0.434115	0.431847	0.00226786	0	0	0	
219	0.133672	0.133225	0.000446638	0	0.593365	0.591382	0.0019826	0	0	0	
220	0.0976683	0.083924	0.0137442	0	0.433546	0.372535	0.0610103	0	0	0	
221	0.106161	0.0939703	0.012165	2.61033e-05	0.471247	0.41713	0.0540003	0.000115871	2.76471e-05	0.000122724	
222	0.0504591	0.0503359	0.000123177	0	0.223986	0.223439	0.00054678	0	0	0	
223	0.0970143	0.0968878	0.000126496	0	0.430642	0.430081	0.000561514	0	0	0	
224	0.154111	0.145411	0.00870038	3.35856e-07	0.684097	0.645474	0.0386206	1.49085e-06	4.49867e-07	1.99694e-06	
225	0.0824627	0.078387	0.00404274	3.29273e-05	0.366048	0.347957	0.0179455	0.000146163	3.37713e-05	0.000149909	
226	0.227852	0.225277	0.00257291	1.7809e-06	1.01142	1	0.011421	7.90536e-06	1.76851e-06	7.85034e-06	
227	0.0845648	0.0823424	0.00221645	5.91761e-06	0.375379	0.365514	0.00983874	2.6268e-05	5.90276e-06	2.62021e-05	
228	0.0887368	0.0794183	0.00915128	0.000167211	0.393899	0.352534	0.0406221	0.000742246	0.000167197	0.000742181	
229	0.128152	0.123997	0.00415514	0	0.568865	0.55042	0.0184445	0	0	0	
230	0.10746	0.10667	0.00079022	1.94267e-07	0.477013	0.473504	0.00350775	8.62345e-07	1.82227e-07	8.08899e-07	
231	0.092601	0.0920951	0.000505316	5.94852e-07	0.411052	0.408806	0.00224308	2.64052e-06	5.79865e-07	2.574e-06	
232	0.0805666	0.0751381	0.00542629	2.16355e-06	0.357632	0.333535	0.0240871	9.60395e-06	2.14866e-06	9.53784e-06	
233	0.0795949	0.0781854	0.00140945	0	0.353318	0.347062	0.00625649	0	0	0	
234	0.104377	0.104377	0	0	0.463329	0.463329	0	0	0	0	
235	0.136345	0.136345	0	0	0.605233	0.605233	0	0	0	0	
236	0.0688764	0.0662167	0.00265963	0	0.305739	0.293933	0.0118059	0	0	0	
237	0.0474038	0.0474038	0	0	0.210423	0.210423	0	0	0	0	
238	0.0897443	0.0895687	0.000175613	0	0.398371	0.397592	0.00077954	0	0	0	
239	0.145481	0.122073	0.0234057	2.24746e-06	0.645786	0.541879	0.103897	9.97641e-06	3.35249e-06	1.48815e-05	
240	0.0922543	0.0907473	0.00150699	0	0.409513	0.402824	0.00668949	0	0	0	
241	0.141964	0.118693	0.0232538	1.70491e-05	0.630173	0.526874	0.103222	7.56804e-05	1.80658e-05	8.01936e-05	
242	0.0858676	0.0856456	0.000221996	0	0.381163	0.380177	0.000985434	0	0	0	
243	0.086212	0.086212	0	0	0.382691	0.382691	0	0	0	0	
244	0.0890066	0.0889211	8.54754e-05	0	0.395097	0.394717	0.000379422	0	0	0	
245	0.123464	0.0953327	0.0272607	0.000870989	0.548054	0.423178	0.121009	0.00386628	0.000991223	0.0044	
246	0.102807	0.089727	0.0130806	0	0.456359	0.398294	0.0580642	0	0	0	
247	0.112081	0.107412	0.00463859	3.04263e-05	0.497526	0.476801	0.0205905	0.000135061	3.2316e-05	0.000143449	
248	0.0837749	0.0837749	0	0	0.371873	0.371873	0	0	0	0	
249	0.0718377	0.0701591	0.00167858	0	0.318885	0.311433	0.00745118	0	0	0	
250	0.0674237	0.066796	0.000627683	0	0.299291	0.296504	0.00278626	0	0	0	
251	0.122593	0.109512	0.0130806	0	0.544187	0.486123	0.0580642	0	0	0	
252	0.0746901	0.0694294	0.00521954	4.11364e-05	0.331546	0.308194	0.0231693	0.000182603	4.28754e-05	0.000190322	
253	0.0982993	0.0980301	0.000269191	0	0.436347	0.435152	0.00119492	0	0	0	
254	0.0780568	0.077839	0.000217863	0	0.346491	0.345524	0.000967086	0	0	0	
255	0.0869957	0.0869164	7.92884e-05	0	0.38617	0.385818	0.000351958	0	0	0	
256	0.0997148	0.0969296	0.00278266	2.56957e-06	0.44263	0.430266	0.0123521	1.14062e-05	3.15368e-06	1.3999e-05	
257	0.0889942	0.0889942	0	0	0.395041	0.395041	0	0	0	0	
258	0.102468	0.0964053	0.00604632	1.65266e-05	0.454852	0.427939	0.0268393	7.33612e-05	2.27058e-05	0.00010079	
259	0.0538327	0.045368	0.0083667	9.80123e-05	0.238961	0.201386	0.0371394	0.000435072	0.000115523	0.000512804	
260	0.0439178	0.0418366	0.00208115	0	0.194949	0.185711	0.00923816	0	0	0	
261	0.110343	0.110107	0.000236355	0	0.489811	0.488762	0.00104917	0	0	0	
262	0.114385	0.111345	0.00303965	0	0.507752	0.494259	0.0134929	0	0	0	
263	0.0609505	0.0438568	0.0170935	1.22094e-07	0.270557	0.194678	0.0758777	5.41971e-07	5.53625e-06	2.45752e-05	
264	0.183859	0.14027	0.0433045	0.000283688	0.816143	0.622657	0.192227	0.00125928	0.000946655	0.00420216	
265	0.0527414	0.0434529	0.00927182	1.66623e-05	0.234117	0.192885	0.0411572	7.39635e-05	2.3559e-05	0.000104577	
266	0.0836019	0.0836019	0	0	0.371105	0.371105	0	0	0	0	
267	0.0477363	0.0456552	0.00208115	0	0.211899	0.202661	0.00923816	0	0	0	
268	0.0857719	0.0853669	0.000405066	0	0.380738	0.37894	0.00179807	0	0	0	
269	0.206168	0.205245	0.000923009	2.04125e-08	0.915173	0.911075	0.0040972	9.06106e-08	5.40488e-09	2.3992e-08	
270	0.107782	0.107564	0.000217863	0	0.478441	0.477474	0.000967086	0	0	0	
271	0.0851671	0.084762	0.000405066	0	0.378053	0.376255	0.00179807	0	0	0	
272	0.104829	0.103846	0.000983338	0	0.465334	0.460969	0.004365	0	0	0	
273	0.10905	0.0917895	0.0171612	9.98668e-05	0.484071	0.40745	0.0761782	0.000443304	0.000133287	0.00059166	
274	0.100802	0.0944338	0.0063691	0	0.44746	0.419188	0.0282721	0	0	0	
275	0.121317	0.111373	0.00984206	0.00010286	0.538525	0.49438	0.0436885	0.000456591	0.000107611	0.000477682	
276	0.0915871	0.0899107	0.00167637	0	0.406551	0.39911	0.00744135	0	0	0	
277	0.104328	0.104183	0.000145172	0	0.46311	0.462465	0.000644415	0	0	0	
278	0.176775	0.148162	0.0284224	0.000191379	0.784701	0.657686	0.126166	0.000849527	0.0002828	0.00125533	
279	0.077224	0.0771286	9.53909e-05	0	0.342794	0.34237	0.000423436	0	0	0	
280	0.136783	0.121516	0.0152667	2.06488e-07	0.607178	0.539409	0.0677685	9.16595e-07	1.652e-06	7.33318e-06	
281	0.118093	0.0952264	0.0228355	3.1665e-05	0.524212	0.422706	0.101365	0.000140559	3.87624e-05	0.000172064	
282	0.083813	0.0813224	0.00249064	0	0.372042	0.360986	0.0110558	0	0	0	
283	0.105348	0.0912373	0.0140815	2.96573e-05	0.467637	0.404999	0.0625072	0.000131648	5.42026e-05	0.000240603	
284	0.133812	0.110739	0.0230375	3.6124e-05	0.59399	0.491567	0.102262	0.000160353	4.35098e-05	0.000193138	
285	0.0983791	0.0873285	0.0110505	4.86456e-08	0.436701	0.387648	0.049053	2.15936e-07	3.38125e-08	1.50092e-07	
286	0.119123	0.0821679	0.0369559	0	0.528786	0.36474	0.164046	0	0	0	
287	0.0747638	0.0654554	0.00930837	0	0.331873	0.290554	0.0413195	0	0	0	
288	0.207138	0.140644	0.0653619	0.00113151	0.919478	0.624317	0.290138	0.00502276	0.00140865	0.00625297	
289	0.0666845	0.0657012	0.000983338	0	0.29601	0.291645	0.004365	0	0	0	
290	0.0710864	0.069063	0.00202339	0	0.315549	0.306568	0.00898175	0	0	0	
291	0.17692	0.137315	0.0393677	0.000237437	0.785343	0.609537	0.174752	0.00105397	0.000576448	0.00255883	
292	0.146211	0.116789	0.0293485	7.33899e-05	0.649026	0.518423	0.130277	0.000325775	0.000107091	0.000475375	
293	0.0759126	0.0476198	0.0282791	1.35732e-05	0.336973	0.211382	0.12553	6.02509e-05	1.58263e-05	7.02527e-05	
294	0.0678465	0.0610589	0.00672759	6.00636e-05	0.301168	0.271038	0.0298635	0.00026662	7.5164e-05	0.00033365	
295	0.171598	0.152321	0.0191502	0.000127158	0.761719	0.676147	0.0850073	0.000564453	0.000181975	0.000807784	
296	0.118426	0.118426	0	0	0.525688	0.525688	0	0	0	0	
297	0.167305	0.14674	0.0205392	2.59119e-05	0.742662	0.651374	0.0911727	0.000115022	2.83567e-05	0.000125874	
298	0.109774	0.0909335	0.0188137	2.68952e-05	0.487283	0.40365	0.0835136	0.000119386	4.56106e-05	0.000202464	
299	0.0977807	0.0795024	0.0182651	1.31075e-05	0.434044	0.352908	0.0810783	5.81839e-05	1.32125e-05	5.86498e-05	
300	0.0788513	0.0768279	0.00202339	0	0.350017	0.341036	0.00898175	0	0	0	
301	0.063424	0.0623051	0.00111893	0	0.281536	0.27657	0.00496691	0	0	0	
302	0.0716445	0.0694232	0.00222127	0	0.318027	0.308167	0.00986014	0	0	0	
303	0.132239	0.105926	0.0262159	9.75349e-05	0.587006	0.470201	0.116371	0.000432953	0.000163097	0.000723982	
304	0.095552	0.095552	0	0	0.424151	0.424151	0	0	0	0	
305	0.0532704	0.0413174	0.011953	0	0.236465	0.183406	0.053059	0	0	0	
306	0.0698258	0.0529915	0.0168342	6.02579e-08	0.309954	0.235227	0.0747264	2.67482e-07	4.92485e-08	2.18612e-07	
307	0.0902999	0.0873994	0.00290055	0	0.400838	0.387962	0.0128754	0	0	0	
308	0.0951323	0.0756098	0.0195142	8.26853e-06	0.422288	0.335629	0.0866229	3.67037e-05	2.29563e-05	0.000101902	
309	0.114536	0.110889	0.00364326	3.51381e-06	0.508423	0.492235	0.0161722	1.55976e-05	3.57093e-06	1.58512e-05	
310	0.151848	0.143498	0.00834906	7.75845e-07	0.674049	0.636985	0.0370611	3.44394e-06	2.5156e-06	1.11666e-05	
311	0.0784994	0.0740271	0.00442758	4.47086e-05	0.348455	0.328603	0.0196538	0.000198459	4.75929e-05	0.000211263	
312	0.142508	0.095949	0.0462451	0.000313898	0.632587	0.425913	0.20528	0.00139338	0.000379392	0.00168411	
313	0.101275	0.0935356	0.00773964	0	0.449557	0.415201	0.0343559	0	0	0	
314	0.0787974	0.0773656	0.00143184	0	0.349778	0.343423	0.00635588	0	0	0	
315	0.106072	0.095085	0.010963	2.42371e-05	0.47085	0.422078	0.0486645	0.000107587	4.52266e-05	0.000200759	
316	0.0740258	0.070685	0.00334015	7.19047e-07	0.328597	0.313767	0.0148268	3.19182e-06	7.04204e-07	3.12593e-06	
317	0.119925	0.0768538	0.0427913	0.00028016	0.532343	0.341151	0.189949	0.00124362	0.000344387	0.00152872	
318	0.185932	0.122417	0.063514	9.53588e-07	0.825349	0.543408	0.281936	4.23294e-06	9.42217e-07	4.18246e-06	
319	0.243277	0.143751	0.0953965	0.00412889	1.07989	0.638109	0.423461	0.018328	0.00468408	0.0207924	
320	0.0833858	0.0761832	0.00720092	1.66178e-06	0.370146	0.338174	0.0319646	7.37661e-06	4.38099e-06	1.9447e-05	
321	0.130029	0.0989283	0.0307048	0.00039617	0.577194	0.439138	0.136297	0.00175858	0.00039769	0.00176533	
322	0.140813	0.0788985	0.0604693	0.00144577	0.625066	0.350227	0.268421	0.00641774	0.00270504	0.0120076	
323	0.0955059	0.0949808	0.000525133	0	0.423947	0.421616	0.00233104	0	0	0	
324	0.126763	0.125364	0.00139889	0	0.562698	0.556488	0.00620962	0	0	0	
325	0.0913078	0.0903499	0.000957944	0	0.405311	0.401059	0.00425227	0	0	0	
326	0.0740846	0.0711684	0.00291617	0	0.328858	0.315913	0.0129448	0	0	0	
327	0.0780546	0.0752423	0.00281223	0	0.346481	0.333998	0.0124833	0	0	0	
328	0.0912991	0.0908401	0.000459049	0	0.405273	0.403235	0.0020377	0	0	0	
329	0.0967985	0.0916017	0.00517403	2.27719e-05	0.429685	0.406616	0.0229673	0.000101083	2.9907e-05	0.000132756	
330	0.151165	0.0884051	0.0610314	0.00172898	0.671018	0.392427	0.270916	0.0076749	0.00199922	0.0088745	
331	0.124533	0.117024	0.00749226	1.70808e-05	0.552801	0.519467	0.0332578	7.58212e-05	1.97421e-05	8.76345e-05	
332	0.109281	0.0965009	0.0127675	1.33074e-05	0.485097	0.428364	0.0566747	5.90713e-05	3.03839e-05	0.000134873	
333	0.120671	0.0985829	0.0220888	5.31212e-08	0.535657	0.437605	0.0980516	2.35803e-07	5.19302e-07	2.30516e-06	
334	0.137564	0.0885475	0.048779	0.000238086	0.610644	0.393059	0.216528	0.00105685	0.000290121	0.00128783	
335	0.0825702	0.080561	0.00200916	0	0.366526	0.357607	0.0089186	0	0	0	
336	0.108946	0.0895542	0.019274	0.000118098	0.483608	0.397527	0.0855565	0.000524235	0.000217693	0.000966332	
337	0.115834	0.111968	0.00386326	2.75013e-06	0.514183	0.497022	0.0171488	1.22077e-05	2.84363e-06	1.26227e-05	
338	0.116276	0.101812	0.0144209	4.34538e-05	0.516146	0.451939	0.064014	0.00019289	6.48269e-05	0.000287764	
339	0.0833284	0.077139	0.00618012	9.27621e-06	0.369891	0.342417	0.0274333	4.11767e-05	1.55341e-05	6.89556e-05	
340	0.11187	0.0836793	0.0281394	5.14841e-05	0.496587	0.371449	0.124909	0.000228536	9.0049e-05	0.000399724	
341	0.108016	0.104464	0.00355048	1.19719e-06	0.479479	0.463714	0.0157604	5.31429e-06	1.18228e-06	5.24813e-06	
342	0.113366	0.0754946	0.037872	0	0.50323	0.335117	0.168112	0	0	0	
343	0.149611	0.0883627	0.0584649	0.00278356	0.664118	0.392238	0.259523	0.0123561	0.00492528	0.0218631	
344	0.0828009	0.0826058	0.000195082	0	0.36755	0.366684	0.000865962	0	0	0	
345	0.128126	0.095232	0.0324434	0.000450847	0.568747	0.422731	0.144015	0.00200129	0.000823095	0.00365369	
346	0.135767	0.0984225	0.0367267	0.000617809	0.602664	0.436893	0.163028	0.00274243	0.000752901	0.0033421	
347	0.0950046	0.0756142	0.0193194	7.09399e-05	0.421721	0.335648	0.0857583	0.000314899	0.000100854	0.00044769	
348	0.0994977	0.0838728	0.0155602	6.47312e-05	0.441666	0.372308	0.0690711	0.000287339	7.96344e-05	0.000353494	
349	0.085688	0.0723293	0.0133037	5.49304e-05	0.380365	0.321067	0.0590549	0.000243834	5.92996e-05	0.000263228	
350	0.125779	0.0762235	0.0490941	0.000462142	0.558331	0.338353	0.217926	0.00205143	0.000590477	0.0026211	
351	0.145705	0.0938643	0.0513299	0.000511284	0.646781	0.41666	0.227851	0.00226957	0.00062516	0.00277506	
352	0.14211	0.0818852	0.0600879	0.000137177	0.630822	0.363485	0.266728	0.000608923	0.000228321	0.0010135	
353	0.0874716	0.0780985	0.00935409	1.89624e-05	0.388283	0.346676	0.0415224	8.41736e-05	2.62494e-05	0.00011652	
354	0.0863497	0.0793175	0.0070168	1.53526e-05	0.383302	0.352087	0.0311473	6.81496e-05	1.94638e-05	8.63992e-05	
355	0.0838235	0.0835814	0.000242015	0	0.372089	0.371014	0.00107429	0	0	0	
356	0.122741	0.108999	0.013675	6.71636e-05	0.544845	0.483844	0.0607031	0.000298136	7.07919e-05	0.000314242	
357	0.214849	0.108191	0.0989978	0.00766019	0.95371	0.480259	0.439447	0.0340033	0.00894876	0.0397231	
358	0.158803	0.0979863	0.0602335	0.000583829	0.704923	0.434957	0.267374	0.00259159	0.0016441	0.00729813	
359	0.102528	0.0782943	0.0238465	0.000388018	0.455121	0.347545	0.105853	0.00172239	0.00096819	0.00429776	
360	0.100987	0.096743	0.00424437	0	0.448279	0.429438	0.0188406	0	0	0	
361	0.0470494	0.0470494	0	0	0.20885	0.20885	0	0	0	0	
362	0.103149	0.0871666	0.0158396	0.000143535	0.457878	0.386929	0.0703117	0.00063715	0.000160782	0.000713706	
363	0.0491578	0.0491409	1.69657e-05	0	0.218209	0.218134	7.53104e-05	0	0	0	
364	0.124929	0.113522	0.0113345	7.20013e-05	0.554556	0.503923	0.0503137	0.000319611	8.85394e-05	0.000393023	
365	0.082289	0.0793042	0.00298484	0	0.365278	0.352028	0.0132496	0	0	0	
366	0.107352	0.0915499	0.0156933	0.000109056	0.476532	0.406386	0.0696623	0.000484096	0.000138925	0.000616685	
367	0.126143	0.1051	0.0209979	4.44584e-05	0.559944	0.466538	0.093209	0.000197349	6.4675e-05	0.00028709	
368	0.0785177	0.0756284	0.00288926	0	0.348537	0.335711	0.0128253	0	0	0	
369	0.0829384	0.0801557	0.00278034	2.41322e-06	0.36816	0.355808	0.0123418	1.07121e-05	2.40955e-06	1.06959e-05	
370	0.114646	0.0914665	0.0229787	0.000201009	0.50891	0.406016	0.102001	0.000892272	0.000281966	0.00125163	
371	0.12145	0.0791741	0.0420561	0.000219803	0.539112	0.35145	0.186685	0.000975697	0.00022594	0.00100293	
372	0.1039	0.0788963	0.0250037	0	0.461208	0.350217	0.11099	0	0	0	
373	0.0833784	0.0790515	0.00431618	1.07866e-05	0.370113	0.350906	0.0191593	4.78816e-05	1.11832e-05	4.9642e-05	
374	0.213955	0.103731	0.102199	0.00802448	0.949741	0.460459	0.453661	0.0356203	0.0222429	0.0987356	
375	0.139478	0.126885	0.0124743	0.000118885	0.619138	0.563238	0.055373	0.000527726	0.000127056	0.000564	
376	0.099242	0.0986911	0.000550331	5.54225e-07	0.440531	0.438086	0.00244289	2.46018e-06	5.39359e-07	2.39419e-06	
377	0.106621	0.0998726	0.00672723	2.13539e-05	0.473287	0.44333	0.0298619	9.47895e-05	2.35476e-05	0.000104527	
378	0.118729	0.103484	0.015236	8.42839e-06	0.527034	0.459365	0.0676322	3.74133e-05	1.55267e-05	6.89226e-05	
379	0.102403	0.0765531	0.0257268	0.000123321	0.454564	0.339816	0.1142	0.000547419	0.000136955	0.000607939	
380	0.111584	0.0822326	0.0293177	3.36466e-05	0.495317	0.365027	0.13014	0.000149356	3.57184e-05	0.000158552	
381	0.101201	0.0796191	0.0215055	7.63832e-05	0.449227	0.353426	0.0954624	0.000339062	0.000125102	0.000555326	
382	0.105466	0.103802	0.00166176	2.29308e-06	0.468162	0.460776	0.00737652	1.01789e-05	2.27814e-06	1.01126e-05	
383	0.0777294	0.0757443	0.00198506	0	0.345037	0.336226	0.00881164	0	0	0	
384	0.0953062	0.0901811	0.00512517	0	0.42306	0.40031	0.0227504	0	0	0	
385	0.12395	0.107075	0.0168614	1.35508e-05	0.550212	0.475305	0.0748474	6.01514e-05	1.92224e-05	8.53275e-05	
386	0.0996426	0.0794238	0.0201329	8.58794e-05	0.442309	0.352559	0.0893693	0.000381215	0.000173279	0.00076918	
387	0.0934202	0.0840164	0.00930542	9.84049e-05	0.414689	0.372945	0.0413064	0.000436815	0.000108849	0.00048318	
388	0.0813857	0.0767863	0.0045495	4.98837e-05	0.361267	0.340851	0.020195	0.000221431	4.98785e-05	0.000221408	
389	0.130287	0.1109	0.0193133	7.3747e-05	0.578341	0.492282	0.0857312	0.00032736	8.31207e-05	0.000368969	
390	0.0846383	0.0741794	0.0104532	5.7712e-06	0.375706	0.329279	0.0464014	2.56181e-05	3.31339e-05	0.00014708	
391	0.096449	0.0910407	0.00540755	8.46326e-07	0.428133	0.404126	0.0240039	3.75681e-06	8.51005e-07	3.77758e-06	
392	0.100379	0.0497224	0.0497105	0.000946164	0.445579	0.220715	0.220663	0.00419998	0.00127317	0.00565156	
393	0.0834924	0.0807091	0.00278328	0	0.370619	0.358264	0.0123549	0	0	0	
394	0.0974571	0.0924127	0.00504441	0	0.432608	0.410216	0.0223919	0	0	0	
395	0.152755	0.137967	0.0147825	5.72639e-06	0.678074	0.61243	0.0656192	2.54192e-05	3.34873e-05	0.000148648	
396	0.108653	0.0590148	0.049639	0	0.48231	0.261964	0.220345	0	0	0	
397	0.125945	0.1011	0.0247534	9.25233e-05	0.559069	0.448779	0.109879	0.000410707	0.000126815	0.000562931	
398	0.0913709	0.0909703	0.000400594	0	0.405592	0.403813	0.00177822	0	0	0	
399	0.0790176	0.0783585	0.000659011	0	0.350756	0.34783	0.00292532	0	0	0	
400	0.144524	0.128787	0.015729	7.31894e-06	0.641537	0.571684	0.0698204	3.24884e-05	9.36505e-06	4.15711e-05	
401	0.104113	0.100422	0.00369087	0	0.462155	0.445771	0.0163836	0	0	0	
402	0.104315	0.0832301	0.0210533	3.25541e-05	0.463054	0.369455	0.0934547	0.000144506	3.95368e-05	0.000175502	
403	0.110636	0.0886361	0.0217712	0.000229405	0.491112	0.393452	0.0966415	0.00101832	0.000229924	0.00102062	
404	0.108184	0.0985785	0.0096061	0	0.480227	0.437586	0.0426411	0	0	0	
405	0.106988	0.106988	0	0	0.474916	0.474916	0	0	0	0	
406	0.189398	0.176571	0.0128164	1.07034e-05	0.840732	0.783793	0.0568916	4.75122e-05	1.09449e-05	4.85843e-05	
407	0.120136	0.0853339	0.034129	0.000673317	0.53328	0.378793	0.151497	0.00298882	0.000699422	0.0031047	
408	0.130148	0.127438	0.00271011	0	0.577723	0.565693	0.01203	0	0	0	
409	0.0939502	0.0918346	0.00211553	0	0.417041	0.40765	0.00939079	0	0	0	
410	0.10986	0.0877978	0.0217431	0.000319173	0.487664	0.389731	0.096517	0.00141679	0.000321983	0.00142927	
411	0.13783	0.11733	0.0205	8.00467e-08	0.611824	0.520825	0.0909988	3.55324e-07	7.91451e-08	3.51322e-07	
412	0.149895	0.12223	0.0276628	2.47499e-06	0.66538	0.542575	0.122794	1.09864e-05	1.3702e-05	6.08226e-05	
413	0.0944507	0.0916192	0.00283143	0	0.419263	0.406694	0.0125686	0	0	0	
414	0.147068	0.112654	0.0343179	9.60957e-05	0.652831	0.500068	0.152336	0.000426565	9.92628e-05	0.000440624	
415	0.0947108	0.0920458	0.00266499	0	0.420417	0.408587	0.0118297	0	0	0	
416	0.125075	0.106211	0.0188641	0	0.555203	0.471466	0.0837372	0	0	0	
417	0.105484	0.0958627	0.00962115	7.3817e-07	0.468241	0.42553	0.0427079	3.2767e-06	7.23611e-07	3.21208e-06	
418	0.0804033	0.0770069	0.00339638	0	0.356907	0.34183	0.0150764	0	0	0	
419	0.138107	0.102243	0.0358321	3.13309e-05	0.613053	0.453856	0.159057	0.000139076	3.49182e-05	0.000155	
420	0.0838487	0.0838487	0	0	0.372201	0.372201	0	0	0	0	
421	0.0893908	0.0862498	0.00314093	0	0.396802	0.382859	0.0139424	0	0	0	
422	0.101654	0.0811358	0.0202464	0.000272239	0.45124	0.360158	0.0898729	0.00120846	0.00027232	0.00120881	
423	0.0644215	0.0560856	0.00830209	3.37395e-05	0.285964	0.248962	0.0368526	0.000149768	3.56959e-05	0.000158452	
424	0.110756	0.110756	0	0	0.491644	0.491644	0	0	0	0	
425	0.0767159	0.0696931	0.00694048	8.22665e-05	0.340538	0.309365	0.0308085	0.000365178	8.26891e-05	0.000367054	
426	0.11196	0.109256	0.00270179	2.57449e-06	0.496987	0.484983	0.0119931	1.1428e-05	2.56115e-06	1.13688e-05	
427	0.0929043	0.0906569	0.00224733	0	0.412398	0.402422	0.00997583	0	0	0	
428	0.0954058	0.0942393	0.0011665	0	0.423502	0.418324	0.00517805	0	0	0	
429	0.120791	0.0884033	0.0323839	4.50499e-06	0.536189	0.392418	0.14375	1.99975e-05	4.60922e-06	2.04601e-05	
430	0.223426	0.21281	0.010615	4.32475e-07	0.991779	0.944658	0.0471199	1.91974e-06	4.17969e-07	1.85534e-06	
431	0.171956	0.16668	0.00527678	0	0.763309	0.739886	0.0234234	0	0	0	
432	0.130155	0.112412	0.0177355	7.58843e-06	0.577753	0.498992	0.0787274	3.36847e-05	8.16713e-06	3.62535e-05	
433	0.107398	0.0987786	0.00857881	4.15466e-05	0.476739	0.438474	0.038081	0.000184423	4.17719e-05	0.000185424	
434	0.085418	0.0807574	0.00465326	7.36223e-06	0.379167	0.358478	0.0206556	3.26806e-05	1.00394e-05	4.45647e-05	
435	0.195226	0.152425	0.0426211	0.000179806	0.866602	0.676611	0.189193	0.000798153	0.000424948	0.00188633	
436	0.117204	0.0863447	0.0307343	0.000125664	0.520266	0.38328	0.136428	0.000557818	0.00016768	0.000744326	
437	0.141661	0.0863941	0.053483	0.00178457	0.628831	0.3835	0.237409	0.00792164	0.00291664	0.0129468	
438	0.176014	0.130749	0.0447914	0.000473428	0.781321	0.580392	0.198827	0.00210153	0.000536582	0.00238186	
439	0.136606	0.127414	0.00917247	1.93248e-05	0.60639	0.565588	0.0407162	8.57824e-05	2.56166e-05	0.000113711	
440	0.0826843	0.0803686	0.00230751	8.20106e-06	0.367032	0.356753	0.0102429	3.64042e-05	8.48585e-06	3.76683e-05	
441	0.0691241	0.0678219	0.00129866	3.56888e-06	0.306839	0.301058	0.00576471	1.58421e-05	3.62069e-06	1.60721e-05	
442	0.143564	0.0951913	0.0459925	0.00238077	0.637278	0.42255	0.204159	0.0105681	0.00309369	0.0137328	
443	0.168506	0.138334	0.0299839	0.00018725	0.747991	0.614062	0.133097	0.000831196	0.000273213	0.00121278	
444	0.130001	0.108256	0.0217193	2.54083e-05	0.57707	0.480546	0.0964114	0.000112786	3.65432e-05	0.000162214	
445	0.107871	0.0884631	0.0192854	0.000123035	0.478837	0.392684	0.0856073	0.000546147	0.000154448	0.000685591	
446	0.150101	0.0909635	0.0589555	0.000182703	0.666295	0.403783	0.261701	0.000811014	0.000231117	0.00102591	
447	0.153786	0.122322	0.0314644	8.88314e-08	0.682653	0.542984	0.139669	3.94319e-07	2.06931e-06	9.18559e-06	
448	0.0433216	0.0376602	0.00566143	0	0.192303	0.167172	0.0251308	0	0	0	
449	0.261054	0.154637	0.106175	0.000240888	1.15881	0.686431	0.47131	0.00106929	0.000558173	0.00247771	
450	0.0858209	0.0796535	0.0061674	0	0.380956	0.353579	0.0273768	0	0	0	
451	0.134419	0.120563	0.0138266	2.90161e-05	0.59668	0.535176	0.0613758	0.000128801	4.2448e-05	0.000188425	
452	0.168817	0.100333	0.0673349	0.00114841	0.749372	0.445377	0.298897	0.00509777	0.00153848	0.00682927	
453	0.108735	0.0958433	0.0128549	3.70051e-05	0.482671	0.425444	0.0570624	0.000164264	4.06018e-05	0.00018023	
454	0.126098	0.0894165	0.036682	0	0.559746	0.396916	0.16283	0	0	0	
455	0.157765	0.105364	0.0521081	0.000292895	0.700317	0.46771	0.231306	0.00130015	0.000543911	0.0024144	
456	0.145511	0.112205	0.0328829	0.000423072	0.64592	0.498076	0.145966	0.001878	0.000465831	0.0020678	
457	0.122963	0.100838	0.0220891	3.57313e-05	0.54583	0.447619	0.098053	0.000158609	4.54376e-05	0.000201695	
458	0.0952259	0.0791527	0.0160731	0	0.422704	0.351356	0.0713482	0	0	0	
459	0.100683	0.0891609	0.0115226	0	0.44693	0.395781	0.0511488	0	0	0	
460	0.156271	0.0856056	0.0706655	0	0.693681	0.38	0.313681	0	0	0	
461	0.157697	0.0857783	0.0718706	4.87265e-05	0.700014	0.380766	0.319031	0.000216295	6.87901e-05	0.000305356	
462	0.116313	0.100287	0.0160056	2.02882e-05	0.516311	0.445172	0.0710486	9.00586e-05	4.21492e-05	0.000187098	
463	0.126635	0.119846	0.00678897	0	0.562128	0.531992	0.0301359	0	0	0	
464	0.0825974	0.0691913	0.0134005	5.58917e-06	0.366646	0.307137	0.0594843	2.48101e-05	1.01973e-05	4.52656e-05	
465	0.0881756	0.0829244	0.00525116	0	0.391408	0.368098	0.0233097	0	0	0	
466	0.173441	0.11026	0.0621741	0.00100667	0.769898	0.489441	0.275988	0.00446861	0.00120029	0.00532804	
467	0.10291	0.0800132	0.0227792	0.000117606	0.456813	0.355175	0.101116	0.000522048	0.000329304	0.00146176	
468	0.107105	0.101848	0.00525667	0	0.475435	0.452101	0.0233341	0	0	0	
469	0.0770178	0.0770178	0	0	0.341879	0.341879	0	0	0	0	
470	0.102563	0.0952076	0.0073445	1.09863e-05	0.455273	0.422623	0.0326019	4.87681e-05	1.36447e-05	6.05686e-05	
471	0.115361	0.0792687	0.0360923	0	0.512083	0.351871	0.160212	0	0	0	
472	0.127738	0.0894504	0.0365079	0.00178045	0.567027	0.397067	0.162057	0.00790338	0.00288433	0.0128034	
473	0.16175	0.099497	0.059283	0.00297048	0.718004	0.441663	0.263155	0.0131858	0.00366032	0.016248	
474	0.106109	0.0771879	0.028922	0	0.471018	0.342634	0.128383	0	0	0	
475	0.122555	0.113611	0.00894402	4.16731e-07	0.544019	0.504315	0.0397021	1.84985e-06	6.97707e-07	3.09709e-06	
476	0.161989	0.113048	0.048941	0	0.719064	0.501817	0.217247	0	0	0	
477	0.126713	0.0973051	0.0293778	3.03473e-05	0.562475	0.431933	0.130407	0.00013471	3.99024e-05	0.000177125	
478	0.0938456	0.0791396	0.0146915	1.45074e-05	0.416577	0.351297	0.065215	6.43981e-05	1.99097e-05	8.83784e-05	
479	0.104945	0.0979932	0.00690551	4.65135e-05	0.465848	0.434988	0.0306533	0.000206471	4.82023e-05	0.000213968	
480	0.131429	0.0978898	0.0333981	0.000141939	0.583412	0.434529	0.148253	0.000630061	0.000238408	0.00105828	
481	0.0820146	0.0761236	0.00589098	0	0.364059	0.337909	0.0261498	0	0	0	
482	0.138424	0.106097	0.0322913	3.57355e-05	0.61446	0.470961	0.143339	0.000158628	4.89204e-05	0.000217156	
483	0.10274	0.0927472	0.00999364	0	0.456062	0.411701	0.0443614	0	0	0	
484	0.182813	0.117004	0.0654213	0.000388212	0.811502	0.519376	0.290402	0.00172326	0.000486335	0.00215882	
485	0.11024	0.0951312	0.0150104	9.90184e-05	0.489354	0.422283	0.0666309	0.000439539	0.000115343	0.000512005	
486	0.0831087	0.0801437	0.0029645	5.38378e-07	0.368916	0.355754	0.0131593	2.38984e-06	6.50787e-07	2.88882e-06	
487	0.104077	0.0999743	0.00410314	0	0.461996	0.443782	0.0182137	0	0	0	
488	0.134039	0.0956661	0.0380426	0.000330282	0.594994	0.424658	0.16887	0.00146611	0.000529036	0.00234837	
489	0.14679	0.0983281	0.0483691	9.3463e-05	0.651598	0.436474	0.214708	0.000414878	9.58896e-05	0.00042565	
490	0.0942595	0.090908	0.0033515	0	0.418414	0.403537	0.0148771	0	0	0	
491	0.0931589	0.0783977	0.0147414	1.97717e-05	0.413529	0.348004	0.0654368	8.77658e-05	3.7716e-05	0.000167419	
492	0.141338	0.0971599	0.0436544	0.000524383	0.627397	0.431289	0.19378	0.00232771	0.000718877	0.00319107	
493	0.188937	0.111862	0.0770421	3.26279e-05	0.838685	0.496553	0.341986	0.000144834	8.63316e-05	0.000383222	
494	0.20268	0.117269	0.0853239	8.66286e-05	0.89969	0.520556	0.378749	0.000384541	0.000112217	0.000498128	
495	0.0877463	0.0840374	0.0037089	0	0.389502	0.373038	0.0164637	0	0	0	
496	0.0996099	0.0898407	0.00964581	0.000123415	0.442164	0.398799	0.0428173	0.000547837	0.0001234	0.000547769	
497	0.120474	0.0776674	0.0427097	9.77603e-05	0.534783	0.344762	0.189586	0.000433954	0.000305856	0.00135768	
498	0.166299	0.1337	0.0324125	0.000186426	0.738196	0.59349	0.143878	0.00082754	0.000217439	0.000965207	
499	0.158269	0.158162	0.000107533	1.95185e-08	0.702554	0.702076	0.000477337	8.66419e-08	4.52273e-09	2.00762e-08	
500	0.159797	0.0808425	0.0782181	0.000736971	0.709335	0.358857	0.347207	0.00327138	0.0014492	0.00643295	
501	0.167971	0.108553	0.0593985	1.86155e-05	0.745617	0.481866	0.263667	8.26336e-05	4.1195e-05	0.000182863	
502	0.0929988	0.091031	0.00196783	0	0.412818	0.404083	0.00873513	0	0	0	
503	0.11224	0.103104	0.00911949	1.66125e-05	0.498233	0.457678	0.040481	7.37422e-05	1.65971e-05	7.36742e-05	
504	0.12129	0.119458	0.001832	6.82863e-07	0.538405	0.53027	0.00813219	3.0312e-06	6.71825e-07	2.9822e-06	
505	0.0697537	0.0687284	0.00102533	0	0.309634	0.305082	0.00455142	0	0	0	
506	0.151286	0.0978853	0.051823	0.0015785	0.671556	0.434509	0.23004	0.00700692	0.00179548	0.00797009	
507	0.184134	0.158118	0.0259052	0.000110481	0.817366	0.701883	0.114992	0.000490423	0.000124842	0.000554171	
508	0.0925577	0.0881037	0.00445259	1.49051e-06	0.41086	0.391088	0.0197649	6.61634e-06	1.47573e-06	6.55071e-06	
509	0.0926334	0.0872501	0.00537934	3.92516e-06	0.411196	0.3873	0.0238787	1.74236e-05	4.1577e-06	1.84558e-05	
510	0.136378	0.105382	0.0305485	0.000447104	0.605377	0.467789	0.135603	0.00198467	0.000494547	0.00219527	
511	0.081219	0.0752033	0.00599895	1.67283e-05	0.360528	0.333824	0.0266291	7.42566e-05	2.04442e-05	9.07512e-05	
512	0.18073	0.0883947	0.0918403	0.000495114	0.802254	0.39238	0.407675	0.00219779	0.00060684	0.00269373	
513	0.110707	0.0912022	0.0194888	1.63972e-05	0.491426	0.404843	0.0865102	7.27867e-05	1.95287e-05	8.66874e-05	
514	0.231181	0.128539	0.10007	0.00257218	1.0262	0.570579	0.444209	0.0114178	0.00344713	0.0153016	
515	0.0687309	0.0566308	0.012054	4.60154e-05	0.305093	0.251382	0.0535073	0.00020426	5.69436e-05	0.00025277	
516	0.102676	0.0885552	0.0140617	5.92679e-05	0.455775	0.393093	0.0624194	0.000263088	6.37348e-05	0.000282916	
517	0.085277	0.0817739	0.00350309	0	0.378541	0.362991	0.0155501	0	0	0	
518	0.176481	0.155922	0.0205586	0	0.783392	0.692133	0.091259	0	0	0	
519	0.0781163	0.0421297	0.0359865	0	0.346755	0.187012	0.159742	0	0	0	
520	0.151307	0.122426	0.0285251	0.000355913	0.67165	0.543448	0.126621	0.00157988	0.0003931	0.00174495	
521	0.270373	0.10993	0.158931	0.0015121	1.20017	0.487975	0.705489	0.00671217	0.00274695	0.0121936	
522	0.185626	0.0783922	0.10646	0.000773902	0.823989	0.34798	0.472574	0.00343532	0.0010145	0.00450333	
523	0.0897461	0.0762553	0.0134772	1.35796e-05	0.398379	0.338494	0.0598248	6.02795e-05	2.40196e-05	0.000106622	
524	0.142217	0.106053	0.0359679	0.000195649	0.631297	0.470768	0.15966	0.000868482	0.000254768	0.0011309	
525	0.143092	0.0998461	0.0429779	0.000268547	0.635182	0.443213	0.190777	0.00119207	0.000826624	0.00366935	
526	0.114992	0.101551	0.0134221	1.91416e-05	0.510448	0.450783	0.0595803	8.49691e-05	2.43806e-05	0.000108224	
527	0.10822	0.0780235	0.0301074	8.89895e-05	0.480384	0.346343	0.133645	0.000395021	0.000117771	0.000522781	
528	0.0912935	0.0804925	0.0107884	1.2579e-05	0.405248	0.357303	0.0478894	5.5838e-05	1.75988e-05	7.81205e-05	
529	0.139027	0.0811596	0.0572952	0.000573069	0.617139	0.360264	0.254331	0.00254383	0.000852388	0.00378371	
530	0.0938336	0.0809262	0.0128891	1.83011e-05	0.416524	0.359228	0.0572143	8.12379e-05	3.10736e-05	0.000137934	
531	0.179123	0.105148	0.0738429	0.000132581	0.795123	0.466748	0.327785	0.000588523	0.000455976	0.00202406	
532	0.109133	0.0838758	0.0248952	0.000362305	0.484439	0.372321	0.110509	0.00160825	0.000545889	0.00242318	
533	0.174489	0.118113	0.0553341	0.00104234	0.774553	0.5243	0.245626	0.00462693	0.00131814	0.00585117	
534	0.120662	0.113604	0.00701327	4.52421e-05	0.535616	0.504283	0.0311316	0.000200828	4.52331e-05	0.000200788	
535	0.0852876	0.0778207	0.00740638	6.05729e-05	0.378588	0.345443	0.0328766	0.00026888	6.06943e-05	0.000269419	
536	0.0675401	0.0660071	0.00153299	0	0.299808	0.293003	0.00680489	0	0	0	
537	0.124077	0.0769591	0.0470627	5.51349e-05	0.550773	0.341618	0.208909	0.000244741	0.00012586	0.000558688	
538	0.130913	0.0806212	0.0497658	0.000526493	0.58112	0.357874	0.220908	0.00233708	0.000692555	0.00307422	
539	0.126963	0.0833833	0.0431083	0.00047195	0.563586	0.370135	0.191356	0.00209497	0.00068274	0.00303065	
540	0.095711	0.0801505	0.0152589	0.00030154	0.424857	0.355785	0.067734	0.00133852	0.000332038	0.0014739	
541	0.0913163	0.0824183	0.00888736	1.06481e-05	0.405349	0.365852	0.0394506	4.72669e-05	1.63346e-05	7.25086e-05	
542	0.20571	0.150395	0.05498	0.000335791	0.913142	0.667597	0.244054	0.00149056	0.000459783	0.00204095	
543	0.130547	0.0896527	0.0407939	0.000100845	0.579495	0.397965	0.181082	0.00044765	0.000257194	0.00114167	
544	0.159798	0.127059	0.0325598	0.000178885	0.709339	0.564013	0.144531	0.000794063	0.000187817	0.000833715	
545	0.148253	0.0754056	0.0726409	0.000206919	0.658091	0.334722	0.32245	0.000918509	0.000388229	0.00172333	
546	0.13469	0.116904	0.0177584	2.75645e-05	0.597885	0.518933	0.078829	0.000122358	3.28302e-05	0.000145732	
547	0.0865827	0.0757081	0.0108604	1.41197e-05	0.384337	0.336065	0.0482093	6.26769e-05	1.53682e-05	6.8219e-05	
548	0.119063	0.111113	0.00795014	0	0.528518	0.493227	0.0352903	0	0	0	
549	0.139094	0.0852511	0.0529959	0.000847103	0.617433	0.378426	0.235246	0.00376025	0.00147908	0.00656562	
550	0.176168	0.120087	0.055582	0.000498578	0.782003	0.533063	0.246726	0.00221316	0.000833267	0.00369884	
551	0.0973576	0.0968439	0.000513676	0	0.432166	0.429886	0.00228019	0	0	0	
552	0.0858204	0.0728109	0.0129057	0.000103828	0.380953	0.323204	0.0572881	0.000460891	0.000121782	0.000540588	
553	0.187868	0.183528	0.00433398	6.3517e-06	0.833941	0.814674	0.0192383	2.81949e-05	7.2024e-06	3.19712e-05	
554	0.135268	0.102733	0.0316981	0.000837366	0.600453	0.456029	0.140706	0.00371703	0.000908475	0.00403268	
555	0.0987883	0.0753622	0.0233846	4.13885e-05	0.438517	0.33453	0.103803	0.000183722	6.94567e-05	0.000308315	
556	0.168378	0.150016	0.018359	3.1657e-06	0.747424	0.665915	0.0814951	1.40524e-05	3.14928e-06	1.39795e-05	
557	0.0905924	0.0791828	0.0113455	6.39986e-05	0.402136	0.351489	0.0503626	0.000284087	9.25718e-05	0.000410923	
558	0.102626	0.0977114	0.00490771	7.69388e-06	0.455556	0.433737	0.0217851	3.41528e-05	7.67885e-06	3.40861e-05	
559	0.101272	0.0792873	0.0217164	0.000268567	0.449543	0.351953	0.0963982	0.00119216	0.00040675	0.00180554	
560	0.0955531	0.0850629	0.0104901	0	0.424156	0.37759	0.0465655	0	0	0	
561	0.114708	0.0933546	0.0212287	0.000125358	0.509187	0.414397	0.0942338	0.000556459	0.000233977	0.00103861	
562	0.0684092	0.0499847	0.0184244	0	0.303665	0.22188	0.0817855	0	0	0	
563	0.0871213	0.0790458	0.00804237	3.31403e-05	0.386728	0.350881	0.0356998	0.000147108	4.16855e-05	0.00018504	
564	0.10776	0.0817004	0.0258438	0.000215863	0.478343	0.362665	0.114719	0.000958209	0.000289436	0.00128479	
565	0.0963255	0.0852212	0.0110549	4.9468e-05	0.427585	0.378293	0.0490722	0.000219586	7.50826e-05	0.000333288	
566	0.119125	0.104055	0.0150202	5.07194e-05	0.528795	0.461896	0.0666741	0.000225141	5.56047e-05	0.000246827	
567	0.201817	0.161318	0.0399755	0.000523401	0.895859	0.716085	0.17745	0.00232335	0.000537512	0.00238599	
568	0.178819	0.115598	0.0632179	3.15824e-06	0.793774	0.513138	0.280621	1.40193e-05	4.23707e-06	1.88082e-05	
569	0.0760925	0.0760925	0	0	0.337771	0.337771	0	0	0	0	
570	0.129134	0.120115	0.00899209	2.744e-05	0.573223	0.533186	0.0399155	0.000121805	4.2619e-05	0.000189184	
571	0.105333	0.0917855	0.0135422	6.10237e-06	0.467573	0.407432	0.0601136	2.70882e-05	1.11116e-05	4.93239e-05	
572	0.118946	0.0978924	0.0210118	4.22559e-05	0.527998	0.43454	0.0932707	0.000187572	6.18593e-05	0.000274591	
573	0.0981325	0.0846211	0.0134741	3.72258e-05	0.435606	0.37563	0.0598114	0.000165244	5.43746e-05	0.000241367	
574	0.132819	0.0800989	0.0520549	0.000666015	0.589582	0.355555	0.23107	0.00295641	0.000960897	0.00426538	
575	0.133577	0.0845611	0.048347	0.000669349	0.592945	0.375363	0.21461	0.00297121	0.00123726	0.00549217	
576	0.0617128	0.0546519	0.00706097	0	0.273941	0.242597	0.0313433	0	0	0	
577	0.12726	0.113501	0.0137596	0	0.564906	0.503827	0.0610785	0	0	0	
578	0.0966717	0.0892947	0.00737703	0	0.429122	0.396375	0.0327463	0	0	0	
579	0.0919334	0.0875682	0.00435183	1.3369e-05	0.408089	0.388712	0.0193176	5.93444e-05	1.47315e-05	6.53926e-05	
580	0.0813555	0.0669796	0.0143327	4.31365e-05	0.361133	0.29732	0.0636224	0.000191481	6.92575e-05	0.000307431	
581	0.0861164	0.0754632	0.0106531	4.9042e-08	0.382267	0.334978	0.0472888	2.17695e-07	6.81855e-08	3.02673e-07	
582	0.0897265	0.0847538	0.00495035	2.23743e-05	0.398292	0.376219	0.0219744	9.93187e-05	2.49142e-05	0.000110593	
583	0.116262	0.0932118	0.0229259	0.00012471	0.516084	0.413763	0.101767	0.000553582	0.000153656	0.000682073	
584	0.205474	0.128573	0.0767249	0.000176527	0.912094	0.570732	0.340578	0.000783599	0.000226262	0.00100436	
585	0.124266	0.0752613	0.0489817	2.31653e-05	0.551612	0.334082	0.217427	0.00010283	2.31712e-05	0.000102856	
586	0.13795	0.0847518	0.0531171	8.19303e-05	0.612359	0.37621	0.235785	0.000363685	0.00014149	0.000628068	
587	0.103869	0.0893938	0.0144487	2.72392e-05	0.461073	0.396815	0.0641373	0.000120913	4.52028e-05	0.000200653	
588	0.0683271	0.0679583	0.000368835	0	0.303301	0.301664	0.00163724	0	0	0	
589	0.156175	0.109796	0.0457126	0.000665578	0.693255	0.487383	0.202916	0.00295447	0.000881386	0.00391244	
590	0.133247	0.107934	0.0252982	1.45646e-05	0.591481	0.479118	0.112297	6.46517e-05	3.77849e-05	0.000167725	
591	0.12576	0.0964387	0.029315	6.55803e-06	0.558245	0.428087	0.130128	2.91108e-05	1.24149e-05	5.51096e-05	
592	0.113748	0.0862456	0.0274398	6.26887e-05	0.504923	0.382841	0.121804	0.000278272	0.000105595	0.000468734	
593	0.102931	0.0944938	0.00840953	2.7827e-05	0.456907	0.419454	0.0373295	0.000123523	3.4506e-05	0.00015317	
594	0.0893732	0.0809425	0.00842306	7.63833e-06	0.396724	0.3593	0.0373896	3.39062e-05	1.25771e-05	5.58294e-05	
595	0.109508	0.094339	0.0150952	7.38037e-05	0.486102	0.418767	0.0670073	0.000327612	8.2941e-05	0.000368172	
596	0.108018	0.0907367	0.017085	0.000196984	0.47949	0.402776	0.0758397	0.000874404	0.000217111	0.000963751	
597	0.14737	0.141706	0.00565398	1.00209e-05	0.654173	0.629031	0.0250978	4.44824e-05	1.12037e-05	4.97331e-05	
598	0.112896	0.108789	0.00409101	1.58771e-05	0.501143	0.482912	0.0181598	7.04782e-05	1.58623e-05	7.04123e-05	
599	0.104559	0.0938931	0.0106658	0	0.464133	0.416788	0.0473451	0	0	0	
600	0.109482	0.108518	0.000963862	0	0.485989	0.48171	0.00427854	0	0	0	
601	0.376329	0.14883	0.220603	0.0068961	1.67051	0.660653	0.979248	0.0306115	0.00691203	0.0306822	
602	0.104467	0.10311	0.00135666	2.09353e-07	0.463726	0.457703	0.00602219	9.29309e-07	2.25097e-07	9.99197e-07	
603	0.142279	0.0522303	0.0900492	0	0.631573	0.231848	0.399725	0	0	0	
604	0.088793	0.0813691	0.00742301	9.50623e-07	0.394148	0.361194	0.0329504	4.21978e-06	9.35243e-07	4.1515e-06	
605	0.141016	0.0498049	0.0912114	0	0.625966	0.221082	0.404883	0	0	0	
606	0.145372	0.0942695	0.0502057	0.000897159	0.645302	0.418458	0.222861	0.00398245	0.00146246	0.00649182	
607	0.0877843	0.0785785	0.00920256	3.20703e-06	0.389671	0.348807	0.0408498	1.42359e-05	5.05191e-06	2.24252e-05	
608	0.0862743	0.0791981	0.00707618	0	0.382968	0.351557	0.0314108	0	0	0	
609	0.0893245	0.0875453	0.00177919	0	0.396508	0.38861	0.00789777	0	0	0	
610	0.0960761	0.0804213	0.015575	7.98101e-05	0.426478	0.356987	0.0691371	0.000354274	0.000102051	0.000453003	
611	0.0631037	0.0580015	0.00510221	0	0.280115	0.257466	0.0226485	0	0	0	
612	0.0959412	0.0910567	0.00487247	1.20517e-05	0.425879	0.404197	0.0216287	5.34973e-05	1.3225e-05	5.87056e-05	
613	0.0875952	0.0770036	0.0105254	6.61907e-05	0.388831	0.341816	0.0467221	0.000293818	7.77713e-05	0.000345223	
614	0.0922416	0.0840177	0.00818656	3.7377e-05	0.409457	0.372951	0.0363398	0.000165915	4.12659e-05	0.000183177	
615	0.0917069	0.0871516	0.00454572	9.57254e-06	0.407083	0.386862	0.0201782	4.24921e-05	1.3284e-05	5.89673e-05	
616	0.100228	0.0893585	0.0106905	0.000179015	0.444908	0.396659	0.0474551	0.000794644	0.000188734	0.000837784	
617	0.12276	0.0920657	0.030633	6.16818e-05	0.544928	0.408676	0.135978	0.000273803	7.16143e-05	0.000317893	
618	0.061171	0.0561538	0.00501722	0	0.271535	0.249264	0.0222712	0	0	0	
619	0.134877	0.0992675	0.0355176	9.27547e-05	0.598717	0.440644	0.157661	0.000411734	0.000116102	0.000515376	
620	0.110494	0.0880632	0.022428	3.27886e-06	0.490481	0.390909	0.0995571	1.45547e-05	5.03406e-06	2.2346e-05	
621	0.31259	0.186861	0.121402	0.0043273	1.38757	0.829469	0.538899	0.0192087	0.00444414	0.0197273	
622	0.0416422	0.0306005	0.0110299	1.18299e-05	0.184848	0.135834	0.0489616	5.25127e-05	1.58365e-05	7.02979e-05	
623	0.0823563	0.0721151	0.0102175	2.36913e-05	0.365576	0.320116	0.0453551	0.000105164	2.76632e-05	0.000122796	
624	0.105318	0.0830027	0.02224	7.56471e-05	0.467504	0.368446	0.0987225	0.000335794	8.8548e-05	0.000393061	
625	0.0667048	0.0551801	0.0115246	0	0.2961	0.244942	0.0511575	0	0	0	
626	0.067938	0.064058	0.00387996	0	0.301574	0.284351	0.017223	0	0	0	
627	0.0875358	0.0793951	0.00813587	4.86379e-06	0.388568	0.352431	0.0361148	2.15902e-05	1.64793e-05	7.31511e-05	
628	0.0606367	0.0603261	0.000310568	0	0.269164	0.267785	0.0013786	0	0	0	
629	0.221179	0.13811	0.0822632	0.000805238	0.981806	0.613069	0.365163	0.00357442	0.0009181	0.00407541	
630	0.187591	0.146103	0.0414657	2.29887e-05	0.832712	0.648545	0.184064	0.000102046	4.59375e-05	0.000203914	
631	0.114175	0.0961862	0.0179888	2.23566e-07	0.506819	0.426966	0.0798519	9.92402e-07	2.19951e-07	9.76354e-07	
632	0.043412	0.043412	0	0	0.192704	0.192704	0	0	0	0	
633	0.0577244	0.0453221	0.0123632	3.90416e-05	0.256236	0.201183	0.0548801	0.000173304	3.90266e-05	0.000173237	
634	0.0422497	0.0421229	0.000126735	0	0.187544	0.186982	0.000562574	0	0	0	
635	0.0691726	0.0657953	0.00336972	7.6282e-06	0.307054	0.292062	0.014958	3.38612e-05	7.93118e-06	3.52062e-05	
636	0.0839361	0.0652419	0.0186546	3.95568e-05	0.372589	0.289606	0.0828074	0.000175591	0.000105316	0.000467494	
637	0.0814434	0.0739095	0.00749846	3.54231e-05	0.361524	0.328081	0.0332853	0.000157242	3.59957e-05	0.000159783	
638	0.140398	0.0818479	0.0585491	1.90233e-06	0.623225	0.363319	0.259897	8.4444e-06	4.09691e-06	1.8186e-05	
639	0.142058	0.076419	0.0655898	4.92425e-05	0.63059	0.339221	0.29115	0.000218585	5.27504e-05	0.000234157	
640	0.0870663	0.0807962	0.00623972	3.04337e-05	0.386484	0.358651	0.0276978	0.000135094	3.79828e-05	0.000168604	
641	0.0753186	0.0753186	0	0	0.334336	0.334336	0	0	0	0	
642	0.0636844	0.0633137	0.000370747	0	0.282692	0.281047	0.00164573	0	0	0	
643	0.183003	0.142471	0.0401211	0.000410857	0.812347	0.632427	0.178096	0.00182377	0.00054103	0.00240161	
644	0.0984157	0.0827161	0.0156995	0	0.436863	0.367173	0.0696898	0	0	0	
645	0.0833492	0.0807032	0.0026379	8.07955e-06	0.369983	0.358238	0.0117095	3.58648e-05	1.2415e-05	5.51098e-05	
646	0.118716	0.0752797	0.0432661	0.000170406	0.526976	0.334163	0.192056	0.000756426	0.000174323	0.000773813	
647	0.180495	0.124313	0.0542475	0.00193536	0.801214	0.55182	0.240802	0.00859099	0.00451461	0.0200402	
648	0.144005	0.117738	0.0260691	0.000197801	0.639234	0.522637	0.115719	0.000878034	0.000242047	0.00107443	
649	0.0645854	0.0645854	0	0	0.286692	0.286692	0	0	0	0	
650	0.0732759	0.073263	1.29375e-05	0	0.325269	0.325211	5.74293e-05	0	0	0	
651	0.103819	0.10189	0.00192873	0	0.46085	0.452288	0.00856157	0	0	0	
652	0.110924	0.0827852	0.0277927	0.000346509	0.492389	0.36748	0.12337	0.00153814	0.000512676	0.00227574	
653	0.104702	0.0879987	0.0167038	0	0.46477	0.390623	0.0741478	0	0	0	
654	0.114133	0.0885986	0.0254362	9.81506e-05	0.506632	0.393285	0.11291	0.000435686	0.000180635	0.000801834	
655	0.130974	0.0813801	0.0473951	0.00219958	0.581392	0.361243	0.210385	0.00976386	0.0025135	0.0111573	
656	0.218971	0.118896	0.0976948	0.00237984	0.972006	0.527778	0.433663	0.010564	0.00387265	0.0171905	
657	0.130019	0.0804327	0.0495863	0	0.577149	0.357037	0.220111	0	0	0	
658	0.106463	0.0756635	0.0307907	9.58909e-06	0.472589	0.335867	0.136678	4.25655e-05	1.98144e-05	8.79553e-05	
659	0.129891	0.0961809	0.0331774	0.000532898	0.576582	0.426943	0.147273	0.00236551	0.00068447	0.00303834	
660	0.161713	0.100896	0.0605321	0.000285119	0.717839	0.447873	0.2687	0.00126563	0.000421915	0.00187286	
661	0.177466	0.09881	0.0775244	0.00113215	0.787767	0.438613	0.344128	0.00502558	0.00215806	0.00957956	
662	0.116985	0.0808392	0.0358114	0.00033483	0.519294	0.358842	0.158965	0.00148629	0.000445598	0.00197799	
663	0.112365	0.0807573	0.031427	0.000180969	0.498785	0.358478	0.139503	0.000803316	0.000337392	0.00149767	
664	0.0980577	0.0877637	0.0102939	0	0.435274	0.38958	0.0456946	0	0	0	
665	0.106973	0.0876579	0.0193009	1.48052e-05	0.474852	0.38911	0.0856761	6.57199e-05	3.21698e-05	0.0001428	
666	0.111683	0.0793532	0.0320795	0.000250293	0.495756	0.352245	0.142399	0.00111104	0.000322224	0.00143034	
667	0.167944	0.105363	0.0600994	0.00248172	0.745499	0.467704	0.266779	0.0110162	0.00528977	0.0234811	
668	0.104219	0.083482	0.020719	1.84138e-05	0.462626	0.370573	0.0919709	8.17385e-05	5.68869e-05	0.000252518	
669	0.0463659	0.0437339	0.00263036	1.57681e-06	0.205816	0.194133	0.0116761	6.99942e-06	1.57728e-06	7.00151e-06	
670	0.0890244	0.0830563	0.00594558	2.25771e-05	0.395176	0.368683	0.0263922	0.000100219	3.03357e-05	0.000134659	
671	0.0564013	0.0509063	0.00549482	1.68563e-07	0.250363	0.225971	0.0243912	7.48248e-07	2.30461e-06	1.023e-05	
672	0.150745	0.112551	0.0381489	4.5277e-05	0.669153	0.49961	0.169341	0.000200982	5.89205e-05	0.000261545	
673	0.148662	0.101992	0.0460911	0.000579014	0.659906	0.452739	0.204596	0.00257022	0.00109053	0.00484084	
674	0.130261	0.0958479	0.0342327	0.000180889	0.578226	0.425465	0.151957	0.000802962	0.000262202	0.0011639	
675	0.113648	0.0816153	0.0319127	0.00012041	0.504481	0.362287	0.141659	0.000534495	0.000132642	0.000588795	
676	0.144091	0.110359	0.0333368	0.000395222	0.639618	0.489883	0.147981	0.00175437	0.000496702	0.00220484	
677	0.102264	0.0939232	0.00828298	5.80459e-05	0.453946	0.416921	0.0367678	0.000257663	6.77266e-05	0.000300636	
678	0.101594	0.0807342	0.0207326	0.000127358	0.450972	0.358376	0.0920313	0.000565338	0.000199873	0.00088723	
679	0.132256	0.0914723	0.0407841	0	0.587081	0.406041	0.181039	0	0	0	
680	0.126304	0.110981	0.015323	0	0.56066	0.492641	0.0680185	0	0	0	
681	0.108528	0.0982687	0.0102485	1.11687e-05	0.481753	0.436211	0.045493	4.95775e-05	2.22684e-05	9.88486e-05	
682	0.100197	0.0981682	0.00202886	0	0.444771	0.435765	0.00900606	0	0	0	
683	0.0985828	0.0916741	0.00690872	0	0.437605	0.406937	0.0306675	0	0	0	
684	0.122526	0.0947796	0.0276909	5.63413e-05	0.543891	0.420722	0.122918	0.000250097	5.73452e-05	0.000254553	
685	0.185518	0.141506	0.0435236	0.000487748	0.823507	0.628142	0.193199	0.00216509	0.000493201	0.0021893	
686	0.108007	0.0910106	0.0164291	0.000568154	0.479443	0.403992	0.0729282	0.00252201	0.000581197	0.00257991	
687	0.0836313	0.0782525	0.00536351	1.53256e-05	0.371236	0.347359	0.0238084	6.80298e-05	1.91054e-05	8.48084e-05	
688	0.0651265	0.0645927	0.000533774	0	0.289094	0.286724	0.0023694	0	0	0	
689	0.00739321	0.00719081	0.000202399	0	0.0328182	0.0319197	0.000898442	0	0	0	
690	0.0607908	0.0601616	0.000629159	0	0.269848	0.267055	0.00279281	0	0	0	
691	0.11844	0.0986572	0.0193211	0.000461737	0.525751	0.437935	0.0857659	0.00204963	0.000497164	0.00220689	
692	0.0733158	0.0733158	0	0	0.325446	0.325446	0	0	0	0	
693	0.0917107	0.0797651	0.0119172	2.832e-05	0.4071	0.354074	0.0529002	0.000125711	4.02038e-05	0.000178463	
694	0.212199	0.155244	0.0558472	0.00110841	0.941946	0.689122	0.247903	0.00492019	0.00139815	0.00620637	
695	0.0914716	0.0797481	0.0117148	8.68644e-06	0.406039	0.353999	0.0520015	3.85587e-05	1.30947e-05	5.81272e-05	
696	0.213666	0.160613	0.0522163	0.000836692	0.948456	0.712955	0.231786	0.00371404	0.00095906	0.00425723	
697	0.147343	0.0832313	0.0630345	0.0010776	0.654051	0.36946	0.279807	0.00478343	0.00208314	0.00924698	
698	0.256055	0.196852	0.0585799	0.000623096	1.13661	0.873819	0.260034	0.00276589	0.00129226	0.00573631	
699	0.293636	0.186341	0.105078	0.00221548	1.30343	0.827164	0.46644	0.00983444	0.00281263	0.0124851	
700	0.0829634	0.0829634	0	0	0.368271	0.368271	0	0	0	0	
701	0.0828611	0.0828191	4.20105e-05	0	0.367817	0.36763	0.000186483	0	0	0	
702	0.113279	0.106811	0.00646738	0	0.502841	0.474133	0.0287084	0	0	0	
703	0.0926803	0.0880937	0.00457679	9.87958e-06	0.411404	0.391044	0.0203162	4.3855e-05	9.86481e-06	4.37895e-05	
704	0.0948715	0.0798506	0.0150005	2.04355e-05	0.421131	0.354453	0.0665867	9.07127e-05	2.53707e-05	0.000112619	
705	0.0972206	0.0885215	0.0086991	0	0.431558	0.392943	0.0386149	0	0	0	
706	0.242495	0.158982	0.0834122	0.000101065	1.07642	0.705716	0.370263	0.000448628	0.000165007	0.000732463	
707	0.0878731	0.0806604	0.00721265	0	0.390065	0.358048	0.0320166	0	0	0	
708	0.0803275	0.0803275	0	0	0.35657	0.35657	0	0	0	0	
709	0.12913	0.103873	0.0249106	0.000346816	0.573205	0.461088	0.110577	0.0015395	0.00035528	0.00157707	
710	0.149556	0.0964536	0.0530576	4.55066e-05	0.663876	0.428153	0.23552	0.000202002	6.58391e-05	0.000292257	
711	0.0995556	0.0810563	0.0184992	0	0.441923	0.359806	0.0821175	0	0	0	
712	0.0769787	0.0769256	5.31382e-05	0	0.341705	0.341469	0.000235878	0	0	0	
713	0.0913072	0.0787781	0.0125291	0	0.405309	0.349693	0.0556161	0	0	0	
714	0.0937861	0.0820542	0.0117319	0	0.416313	0.364235	0.0520777	0	0	0	
715	0.0750647	0.0703779	0.00468681	0	0.333209	0.312405	0.0208045	0	0	0	
716	0.0836613	0.0753321	0.00830002	2.92118e-05	0.371369	0.334396	0.0368434	0.00012967	2.92267e-05	0.000129736	
717	0.0974637	0.0886953	0.00876314	5.25408e-06	0.432637	0.393715	0.0388992	2.33226e-05	5.23915e-06	2.32564e-05	
718	0.116436	0.108652	0.00773384	4.98813e-05	0.516855	0.482304	0.0343302	0.000221421	5.12423e-05	0.000227462	
719	0.0704806	0.0632193	0.00718295	7.83716e-05	0.31286	0.280628	0.0318848	0.000347888	7.90839e-05	0.00035105	
720	0.0626946	0.0623759	0.000318621	0	0.278298	0.276884	0.00141434	0	0	0	
721	0.125851	0.106821	0.0189134	0.000116075	0.558649	0.474178	0.0839562	0.000515255	0.000126574	0.000561857	
722	0.081472	0.0812307	0.000241211	0	0.361651	0.36058	0.00107072	0	0	0	
723	0.111387	0.102521	0.00886206	4.33279e-06	0.494445	0.455088	0.0393383	1.9233e-05	4.31778e-06	1.91664e-05	
724	0.0811047	0.0808635	0.000241211	0	0.36002	0.35895	0.00107072	0	0	0	
725	0.0850338	0.0626778	0.022356	0	0.377461	0.278224	0.0992376	0	0	0	
726	0.0438452	0.0427316	0.00111356	0	0.194627	0.189684	0.00494306	0	0	0	
727	0.0897291	0.0891538	0.000575351	0	0.398304	0.39575	0.00255396	0	0	0	
728	0.098365	0.0856029	0.0126437	0.00011835	0.436638	0.379988	0.056125	0.000525352	0.000121989	0.000541508	
729	0.106024	0.0777607	0.0274727	0.000790651	0.470636	0.345176	0.12195	0.00350967	0.00134508	0.00597078	
730	0.112731	0.105103	0.00759661	3.16478e-05	0.500411	0.46655	0.033721	0.000140483	3.97559e-05	0.000176475	
731	0.11625	0.0946345	0.0211886	0.00042686	0.516029	0.420079	0.0940555	0.00189481	0.000443426	0.00196835	
732	0.0826267	0.0775321	0.00509459	0	0.366776	0.344162	0.0226146	0	0	0	
733	0.105243	0.0921618	0.0129237	0.00015767	0.46717	0.409103	0.0573681	0.000699892	0.000183878	0.000816229	
734	0.113324	0.107062	0.0062616	0	0.503041	0.475246	0.027795	0	0	0	
735	0.0675697	0.0658626	0.00170703	0	0.299939	0.292361	0.00757747	0	0	0	
736	0.0558542	0.0556076	0.000246661	0	0.247934	0.246839	0.00109492	0	0	0	
737	0.0920548	0.0798092	0.0122456	0	0.408628	0.35427	0.0543579	0	0	0	
738	0.119904	0.113405	0.0064483	5.03997e-05	0.532249	0.503402	0.0286237	0.000223722	5.48543e-05	0.000243496	
739	0.0662876	0.0649616	0.00132259	3.43005e-06	0.294248	0.288362	0.00587096	1.52258e-05	4.35232e-06	1.93198e-05	
740	0.0368265	0.0367705	5.59852e-05	0	0.163471	0.163223	0.000248516	0	0	0	
741	0.0907701	0.0865688	0.0042004	9.19335e-07	0.402925	0.384275	0.0186454	4.08089e-06	1.20202e-06	5.33573e-06	
742	0.146723	0.123204	0.0234947	2.42927e-05	0.651299	0.546899	0.104292	0.000107834	2.42777e-05	0.000107768	
743	0.0881011	0.0843506	0.00371823	3.23322e-05	0.391077	0.374429	0.0165051	0.000143521	3.23173e-05	0.000143455	
744	0.0577291	0.0554643	0.00226244	2.36288e-06	0.256257	0.246204	0.0100429	1.04887e-05	2.74588e-06	1.21888e-05	
745	0.122583	0.101937	0.0206336	1.23681e-05	0.544145	0.452498	0.091592	5.49018e-05	3.35595e-05	0.000148969	
746	0.0816804	0.0752909	0.0063537	3.57949e-05	0.362576	0.334213	0.0282038	0.000158892	4.0195e-05	0.000178424	
747	0.085446	0.0844092	0.00103684	0	0.379291	0.374689	0.00460249	0	0	0	
748	0.100522	0.0823857	0.0181369	0	0.446216	0.365707	0.0805092	0	0	0	
749	0.120694	0.112582	0.00809239	1.91427e-05	0.535757	0.49975	0.0359218	8.4974e-05	1.91277e-05	8.49074e-05	
750	0.0919019	0.0822855	0.00961637	0	0.407949	0.365262	0.0426866	0	0	0	
751	0.301515	0.152217	0.129413	0.0198848	1.33841	0.675689	0.57446	0.0882679	0.0218188	0.0968529	
752	0.0876991	0.0765143	0.0111697	1.51423e-05	0.389293	0.339644	0.0495818	6.72162e-05	1.85883e-05	8.25129e-05	
753	0.102293	0.0926773	0.00961637	0	0.454078	0.411391	0.0426866	0	0	0	
754	0.232966	0.176791	0.0561591	1.58927e-05	1.03413	0.784772	0.249288	7.05472e-05	1.61796e-05	7.18208e-05	
755	0.112483	0.0922032	0.0202635	1.64022e-05	0.499308	0.409286	0.0899491	7.2809e-05	1.6469e-05	7.31055e-05	
756	0.217277	0.114236	0.10304	0	0.964484	0.50709	0.457394	0	0	0	
757	0.123368	0.0776673	0.0425018	0.00319916	0.547627	0.344762	0.188664	0.0142009	0.00326226	0.014481	
758	0.202372	0.128028	0.0743439	2.31475e-07	0.898325	0.568314	0.330009	1.02751e-06	2.12381e-06	9.42751e-06	
759	0.111392	0.07144	0.0396953	0.000257462	0.494468	0.317119	0.176206	0.00114286	0.000271815	0.00120657	
760	0.113323	0.0868433	0.0264458	3.46678e-05	0.50304	0.385494	0.117391	0.000153889	0.000158518	0.000703657	
761	0.121182	0.11004	0.0110344	0.000107607	0.537926	0.488467	0.0489813	0.000477664	0.000109275	0.000485071	
762	0.05073	0.05073	0	0	0.225188	0.225188	0	0	0	0	
763	0.0554735	0.0540188	0.00145466	0	0.246244	0.239787	0.00645718	0	0	0	
764	0.0798355	0.0767883	0.00304718	0	0.354386	0.34086	0.0135263	0	0	0	
765	0.0852732	0.083895	0.00137813	0	0.378524	0.372406	0.00611748	0	0	0	
766	0.0515735	0.0445437	0.00692713	0.000102753	0.228933	0.197727	0.0307492	0.000456117	0.000102738	0.000456051	
767	0.0484812	0.0431879	0.00529331	0	0.215206	0.191709	0.0234968	0	0	0	
768	0.0453588	0.0453489	9.92367e-06	0	0.201346	0.201302	4.40508e-05	0	0	0	
769	0.0735044	0.0525159	0.0208419	0.000146561	0.326283	0.233116	0.0925166	0.000650578	0.000213405	0.000947297	
770	0.0769481	0.0566122	0.0203359	0	0.34157	0.251299	0.0902705	0	0	0	
771	0.097956	0.0783138	0.0196344	7.79447e-06	0.434823	0.347632	0.0871566	3.45993e-05	1.07346e-05	4.76506e-05	
772	0.10342	0.103344	7.63334e-05	0	0.45908	0.458741	0.000338841	0	0	0	
773	0.102866	0.0905986	0.0122591	9.08419e-06	0.456622	0.402163	0.054418	4.03243e-05	1.45437e-05	6.4559e-05	
774	0.0778905	0.0776909	0.000199602	0	0.345753	0.344867	0.000886029	0	0	0	
775	0.0757093	0.0757093	0	0	0.33607	0.33607	0	0	0	0	
776	0.0649491	0.0649491	0	0	0.288306	0.288306	0	0	0	0	
777	0.0743812	0.0743812	0	0	0.330175	0.330175	0	0	0	0	
778	0.0923505	0.0923505	0	0	0.40994	0.40994	0	0	0	0	
779	0.153741	0.110833	0.042908	0	0.682451	0.491984	0.190467	0	0	0	
780	0.048894	0.043519	0.00537503	0	0.217038	0.193179	0.0238595	0	0	0	
781	0.0615853	0.0425189	0.0190659	4.16244e-07	0.273374	0.18874	0.084633	1.84769e-06	4.01321e-07	1.78144e-06	
782	0.104154	0.0952457	0.00890749	1.54284e-06	0.462339	0.422792	0.03954	6.84861e-06	1.52796e-06	6.78255e-06	
783	0.260388	0.135015	0.112238	0.0131337	1.15585	0.599329	0.498222	0.0583	0.0155474	0.0690146	
784	0.0718214	0.0718214	0	0	0.318812	0.318812	0	0	0	0	
785	0.133362	0.0754279	0.0579348	0	0.591992	0.334821	0.25717	0	0	0	
786	0.135786	0.0950193	0.0407556	1.17287e-05	0.602751	0.421787	0.180912	5.20636e-05	1.17124e-05	5.19909e-05	
787	0.179209	0.0841576	0.0950128	3.947e-05	0.795505	0.373572	0.421758	0.000175205	4.04407e-05	0.000179514	
788	0.142932	0.0917531	0.0511629	1.6687e-05	0.634472	0.407288	0.22711	7.4073e-05	3.86227e-05	0.000171444	
789	0.103124	0.102924	0.000199602	0	0.457764	0.456878	0.000886029	0	0	0	
790	0.121051	0.0846707	0.0363803	0	0.53734	0.37585	0.16149	0	0	0	
791	0.12986	0.0874492	0.0424114	0	0.576446	0.388183	0.188262	0	0	0	
792	0.0915971	0.0827193	0.00887771	0	0.406596	0.367188	0.0394078	0	0	0	
793	0.270663	0.147862	0.114036	0.0087645	1.20146	0.656354	0.506204	0.0389052	0.012972	0.0575824	
794	0.100524	0.0899296	0.0105724	2.24042e-05	0.446224	0.399194	0.0469304	9.94513e-05	2.3641e-05	0.000104941	
795	0.123139	0.105993	0.0171453	4.90301e-07	0.54661	0.4705	0.0761077	2.17642e-06	3.58743e-06	1.59244e-05	
796	0.0941766	0.0941766	0	0	0.418046	0.418046	0	0	0	0	
797	0.0534799	0.0534799	0	0	0.237395	0.237395	0	0	0	0	
798	0.196052	0.104233	0.0901756	0.00164341	0.870268	0.462686	0.400286	0.00729507	0.00268162	0.0119036	
799	0.172079	0.129849	0.0421786	5.15378e-05	0.763855	0.576397	0.187229	0.000228774	5.25239e-05	0.000233151	
800	0.210467	0.159428	0.0510394	1.00189e-07	0.934258	0.707695	0.226562	4.44739e-07	1.00558e-07	4.46373e-07	
801	0.159114	0.0856337	0.0734499	3.06301e-05	0.706302	0.380124	0.326041	0.000135966	0.000206323	0.000915862	
802	0.10908	0.0867136	0.022339	2.74275e-05	0.484202	0.384918	0.0991619	0.000121749	3.19827e-05	0.000141969	
803	0.0836526	0.0836526	0	0	0.37133	0.37133	0	0	0	0	
804	0.189135	0.151668	0.03668	0.000786935	0.839564	0.67325	0.162821	0.00349317	0.000805823	0.00357702	
805	0.206071	0.144515	0.0611408	0.00041455	0.914742	0.6415	0.271401	0.00184017	0.00112557	0.00499639	
806	0.14062	0.107391	0.0328276	0.000401652	0.624208	0.476705	0.14572	0.00178292	0.000442972	0.00196633	
807	0.150858	0.119848	0.0309219	8.80675e-05	0.669653	0.532001	0.137261	0.000390928	0.000105238	0.000467148	
808	0.170163	0.153267	0.0168863	1.00185e-05	0.75535	0.680348	0.0749578	4.44721e-05	1.29704e-05	5.75752e-05	
809	0.184392	0.112681	0.071457	0.000254315	0.818513	0.500189	0.317195	0.00112889	0.000343126	0.00152312	
810	0.0783709	0.0782767	9.42527e-05	0	0.347885	0.347467	0.000418384	0	0	0	
811	0.122686	0.0975258	0.0250483	0.000111892	0.544598	0.432913	0.111188	0.000496685	0.000124376	0.000552102	
812	0.180853	0.112631	0.0667613	0.00146061	0.8028	0.499965	0.296351	0.00648361	0.00247258	0.0109756	
813	0.0649568	0.0642236	0.000733202	0	0.28834	0.285086	0.00325465	0	0	0	
814	0.0985095	0.0818162	0.0166921	1.15674e-06	0.437279	0.363179	0.0740956	5.13475e-06	1.87835e-06	8.33794e-06	
815	0.145044	0.133163	0.0118198	6.17465e-05	0.643848	0.591106	0.0524677	0.00027409	6.20565e-05	0.000275466	
816	0.236261	0.156421	0.0795108	0.00032908	1.04875	0.69435	0.352945	0.00146077	0.000589209	0.00261547	
817	0.149093	0.097562	0.0513163	0.000214895	0.661819	0.433074	0.227791	0.000953914	0.000515439	0.00228801	
818	0.184983	0.124739	0.0600067	0.000236488	0.821132	0.553714	0.266367	0.00104976	0.000344877	0.00153089	
819	0.0672147	0.0672147	0	0	0.298363	0.298363	0	0	0	0	
820	0.0951643	0.0911009	0.00405992	3.47554e-06	0.42243	0.404393	0.0180218	1.54278e-05	6.21598e-06	2.75924e-05	
821	0.0277055	0.0276668	3.86622e-05	0	0.122983	0.122812	0.00017162	0	0	0	
822	0.0933156	0.0845835	0.00873142	7.21374e-07	0.414224	0.375463	0.0387584	3.20215e-06	9.45363e-07	4.19642e-06	
823	0.0660873	0.0592274	0.0068599	0	0.293359	0.262908	0.0304508	0	0	0	
824	0.120038	0.120009	2.85888e-05	0	0.532845	0.532718	0.000126904	0	0	0	
825	0.0792494	0.0788125	0.000436932	0	0.351785	0.349845	0.00193952	0	0	0	
826	0.11798	0.106462	0.0115175	0	0.52371	0.472584	0.051126	0	0	0	
827	0.0848448	0.0843794	0.00046539	8.0618e-08	0.376623	0.374556	0.00206584	3.5786e-07	6.56338e-08	2.91346e-07	
828	0.173365	0.103967	0.0690953	0.000302636	0.769563	0.461508	0.306711	0.00134339	0.000540949	0.00240125	
829	0.133083	0.10186	0.0312224	0	0.590752	0.452156	0.138595	0	0	0	
830	0.159462	0.134319	0.0251425	1.02026e-07	0.707845	0.596238	0.111606	4.52893e-07	4.16915e-06	1.85067e-05	
831	0.101073	0.100942	0.000130237	0	0.448659	0.448081	0.000578117	0	0	0	
832	0.0870728	0.0840979	0.00297356	1.3358e-06	0.386512	0.373307	0.0131995	5.92958e-06	1.77557e-06	7.88171e-06	
833	0.0897281	0.0886711	0.00105703	0	0.398299	0.393607	0.00469212	0	0	0	
834	0.0985647	0.0981875	0.000377095	1.1115e-07	0.437525	0.43585	0.00167391	4.9339e-07	2.17631e-07	9.66055e-07	
835	0.0983536	0.0968493	0.00150434	0	0.436588	0.42991	0.00667772	0	0	0	
836	0.147754	0.116491	0.0312496	1.35076e-05	0.655877	0.517101	0.138715	5.99599e-05	1.42745e-05	6.3364e-05	
837	0.129309	0.120443	0.00878528	8.11352e-05	0.573999	0.534642	0.0389975	0.000360156	8.33237e-05	0.000369871	
838	0.143879	0.0975271	0.0461113	0.000240524	0.638673	0.432919	0.204686	0.00106767	0.000252021	0.00111871	
839	0.200232	0.152668	0.0468927	0.000671161	0.888824	0.67769	0.208155	0.00297926	0.000781499	0.00346904	
840	0.108882	0.076792	0.0320908	0	0.483327	0.340877	0.14245	0	0	0	
841	0.111909	0.0800504	0.0318543	5.11727e-06	0.496763	0.35534	0.1414	2.27153e-05	1.6808e-05	7.46101e-05	
842	0.10096	0.0980523	0.00290809	0	0.448159	0.43525	0.0129089	0	0	0	
843	0.139411	0.121554	0.0176697	0.000187646	0.618844	0.539575	0.0784355	0.000832957	0.000203515	0.000903396	
844	0.115181	0.110044	0.00513505	2.19305e-06	0.511286	0.488482	0.0227942	9.73486e-06	2.17813e-06	9.66865e-06	
845	0.197027	0.134618	0.0608677	0.00154041	0.874595	0.597568	0.270189	0.00683784	0.0018272	0.0081109	
846	0.103439	0.0939435	0.00949574	0	0.459163	0.417011	0.0421512	0	0	0	
847	0.125617	0.0957913	0.0298088	1.69438e-05	0.557609	0.425213	0.13232	7.52132e-05	1.73031e-05	7.68079e-05	
848	0.105862	0.102671	0.00319039	6.36498e-07	0.46992	0.455755	0.014162	2.82539e-06	9.2499e-07	4.10599e-06	
849	0.101401	0.0967415	0.0046578	2.00307e-06	0.450116	0.429432	0.0206758	8.89158e-06	3.83021e-06	1.70021e-05	
850	0.0800696	0.0800489	2.06935e-05	0	0.355426	0.355334	9.18578e-05	0	0	0	
851	0.0646703	0.0644961	0.000174187	0	0.287069	0.286295	0.000773209	0	0	0	
852	0.0963259	0.0847238	0.0115234	7.8588e-05	0.427587	0.376086	0.0511522	0.000348849	8.97129e-05	0.000398232	
853	0.105284	0.103352	0.00193179	0	0.467353	0.458778	0.00857514	0	0	0	
854	0.0988389	0.094423	0.00441308	2.81906e-06	0.438742	0.41914	0.0195895	1.25136e-05	7.29082e-06	3.23636e-05	
855	0.106117	0.0931215	0.012805	0.000190605	0.47105	0.413363	0.0568409	0.00084609	0.00019059	0.000846022	
856	0.113825	0.103516	0.0103081	0	0.505265	0.459507	0.0457576	0	0	0	
857	0.0632931	0.0632931	0	0	0.280955	0.280955	0	0	0	0	
858	0.103873	0.0852624	0.018607	4.12132e-06	0.46109	0.378476	0.0825958	1.82944e-05	5.48721e-06	2.43575e-05	
859	0.126209	0.111747	0.0144619	0	0.560239	0.496043	0.064196	0	0	0	
860	0.0942762	0.083968	0.0103081	0	0.418488	0.37273	0.0457576	0	0	0	
861	0.0861816	0.0861208	6.07793e-05	0	0.382556	0.382287	0.000269797	0	0	0	
862	0.0869439	0.0786798	0.00824729	1.68571e-05	0.38594	0.349256	0.0366094	7.48283e-05	1.76965e-05	7.85542e-05	
863	0.119514	0.11479	0.00472396	0	0.53052	0.50955	0.0209694	0	0	0	
864	0.105233	0.0949553	0.0102781	0	0.467127	0.421503	0.045624	0	0	0	
865	0.118043	0.116339	0.00170454	0	0.523992	0.516426	0.00756641	0	0	0	
866	0.0773783	0.0756065	0.00177173	0	0.343479	0.335614	0.00786466	0	0	0	
867	0.0861534	0.0861534	0	0	0.382432	0.382432	0	0	0	0	
868	0.103366	0.0994634	0.00388487	1.84156e-05	0.45884	0.441514	0.0172448	8.17464e-05	1.85399e-05	8.22981e-05	
869	0.0966751	0.0941529	0.00251327	8.97416e-06	0.429137	0.417941	0.0111563	3.98359e-05	9.36734e-06	4.15812e-05	
870	0.127189	0.125618	0.0015715	0	0.564591	0.557615	0.00697583	0	0	0	
871	0.102735	0.0984168	0.00431347	5.20156e-06	0.456039	0.436868	0.0191473	2.30895e-05	5.1866e-06	2.30231e-05	
872	0.0424777	0.041707	0.000770764	0	0.188557	0.185135	0.00342139	0	0	0	
873	0.101259	0.099524	0.00173119	3.78945e-06	0.449485	0.441783	0.00768471	1.68212e-05	3.77449e-06	1.67548e-05	
874	0.0969723	0.0905293	0.00644304	0	0.430456	0.401856	0.0286004	0	0	0	
875	0.0811879	0.0811879	0	0	0.36039	0.36039	0	0	0	0	
876	0.0442915	0.0442915	0	0	0.196608	0.196608	0	0	0	0	
877	0.0943509	0.0873103	0.00702495	1.57192e-05	0.41882	0.387567	0.0311834	6.97772e-05	1.6001e-05	7.1028e-05	
878	0.099001	0.099001	0	0	0.439461	0.439461	0	0	0	0	
879	0.086923	0.086923	0	0	0.385847	0.385847	0	0	0	0	
880	0.0887351	0.0873743	0.00136084	0	0.393891	0.387851	0.00604072	0	0	0	
881	0.0794922	0.0790532	0.000438963	0	0.352862	0.350914	0.00194854	0	0	0	
882	0.0911111	0.0891432	0.00196778	1.67976e-07	0.404438	0.395703	0.00873492	7.4564e-07	4.8281e-07	2.14317e-06	
883	0.0597955	0.0590623	0.000733202	0	0.26543	0.262175	0.00325465	0	0	0	
884	0.0785472	0.0785472	0	0	0.348668	0.348668	0	0	0	0	
885	0.0892278	0.0892278	0	0	0.396079	0.396079	0	0	0	0	
886	0.102486	0.101393	0.00109351	0	0.454934	0.450079	0.00485407	0	0	0	
887	0.0659164	0.0658991	1.73228e-05	0	0.2926	0.292523	7.68956e-05	0	0	0	
888	0.0965156	0.0965156	0	0	0.428429	0.428429	0	0	0	0	
889	0.0644169	0.0644169	0	0	0.285944	0.285944	0	0	0	0	
890	0.0962798	0.0913507	0.00491703	1.21128e-05	0.427382	0.405502	0.0218265	5.37683e-05	1.20978e-05	5.37017e-05	
891	0.0411432	0.0411432	0	0	0.182633	0.182633	0	0	0	0	
892	0.0583651	0.0583651	0	0	0.25908	0.25908	0	0	0	0	
893	0.0866243	0.0866243	0	0	0.384522	0.384522	0	0	0	0	
894	0.0838375	0.083516	0.00032149	0	0.372151	0.370724	0.00142708	0	0	0	
895	0.0799248	0.0797935	0.000131282	0	0.354783	0.3542	0.000582756	0	0	0	
896	0.0789115	0.07859	0.00032149	0	0.350285	0.348858	0.00142708	0	0	0	
897	0.0724384	0.0714955	0.000942852	0	0.321551	0.317366	0.00418528	0	0	0	
898	0.0729301	0.0729301	0	0	0.323734	0.323734	0	0	0	0	
899	0.098741	0.0954238	0.00331719	0	0.438307	0.423582	0.0147249	0	0	0	
900	0.0816454	0.0816454	0	0	0.36242	0.36242	0	0	0	0	
901	0.169646	0.1121	0.0566831	0.00086329	0.753054	0.497607	0.251614	0.00383211	0.00115519	0.00512784	
902	0.0751175	0.075032	8.55168e-05	0	0.333443	0.333064	0.000379605	0	0	0	
903	0.199196	0.115963	0.0787151	0.00451767	0.884226	0.514759	0.349413	0.0200537	0.00531849	0.0236085	
904	0.0677067	0.0677067	0	0	0.300547	0.300547	0	0	0	0	
905	0.153167	0.0927726	0.0603944	0	0.679902	0.411814	0.268088	0	0	0	
906	0.18036	0.130541	0.04938	0.000438696	0.800612	0.579468	0.219196	0.00194735	0.000464896	0.00206365	
907	0.0803213	0.0802993	2.2035e-05	0	0.356543	0.356445	9.78127e-05	0	0	0	
908	0.115475	0.0992745	0.0161832	1.75602e-05	0.51259	0.440675	0.071837	7.79494e-05	2.3272e-05	0.000103303	
909	0.10607	0.105536	0.000534467	0	0.470843	0.46847	0.00237248	0	0	0	
910	0.11638	0.0902146	0.0261523	1.32379e-05	0.516607	0.400459	0.116089	5.87626e-05	1.32229e-05	5.86961e-05	
911	0.117725	0.106683	0.0109002	0.000142512	0.52258	0.473562	0.0483858	0.000632608	0.000153082	0.000679525	
912	0.103201	0.0959614	0.00722407	1.62458e-05	0.458108	0.425968	0.0320673	7.21148e-05	2.39497e-05	0.000106312	
913	0.117158	0.0987929	0.0183022	6.38233e-05	0.520063	0.438537	0.0812428	0.000283309	6.74128e-05	0.000299242	
914	0.0767744	0.0767744	0	0	0.340798	0.340798	0	0	0	0	
915	0.100746	0.0918147	0.00893129	0	0.447207	0.407562	0.0396456	0	0	0	
916	0.106967	0.106967	0	0	0.474825	0.474825	0	0	0	0	
917	0.117492	0.0926821	0.02481	4.23625e-07	0.521544	0.411412	0.11013	1.88045e-06	2.86677e-06	1.27255e-05	
918	0.124573	0.0890541	0.0353041	0.000215026	0.552975	0.395307	0.156713	0.000954492	0.000666861	0.00296017	
919	0.0907502	0.0863442	0.00440602	0	0.402836	0.383278	0.0195581	0	0	0	
920	0.11833	0.0859093	0.0323313	8.97521e-05	0.525264	0.381348	0.143517	0.000398406	0.000196318	0.000871449	
921	0.0383604	0.0383604	0	0	0.17028	0.17028	0	0	0	0	
922	0.0192268	0.0191694	5.73505e-05	0	0.0853471	0.0850925	0.000254576	0	0	0	
923	0.0611844	0.0592779	0.00190467	1.85002e-06	0.271595	0.263132	0.00845479	8.21218e-06	1.92499e-06	8.54498e-06	
924	0.0569254	0.0517599	0.0051655	0	0.252689	0.22976	0.0229294	0	0	0	
925	0.0470997	0.0449017	0.00219794	0	0.209073	0.199317	0.0097566	0	0	0	
926	0.0631772	0.0589151	0.0042621	0	0.280441	0.261522	0.0189193	0	0	0	
927	0.0791177	0.0774147	0.00170306	0	0.3512	0.34364	0.00755985	0	0	0	
928	0.100737	0.095297	0.00544008	0	0.447168	0.423019	0.0241483	0	0	0	
929	0.0433003	0.0430749	0.000225401	0	0.192208	0.191207	0.00100054	0	0	0	
930	0.0751265	0.0749011	0.000225401	0	0.333484	0.332483	0.00100054	0	0	0	
931	0.0914225	0.0827298	0.00860558	8.70954e-05	0.405821	0.367234	0.0381998	0.000386613	8.70802e-05	0.000386545	
932	0.0863697	0.0842943	0.00207537	0	0.383391	0.374179	0.00921251	0	0	0	
933	0.0478067	0.0478067	0	0	0.212212	0.212212	0	0	0	0	
934	0.0455493	0.0455493	0	0	0.202191	0.202191	0	0	0	0	
935	0.0886485	0.0778667	0.0107717	1.01439e-05	0.393507	0.345647	0.0478154	4.50287e-05	1.20582e-05	5.35261e-05	
936	0.0766621	0.0759638	0.000698381	0	0.3403	0.3372	0.00310009	0	0	0	
937	0.0620179	0.0620179	0	0	0.275295	0.275295	0	0	0	0	
938	0.0674673	0.0674673	0	0	0.299484	0.299484	0	0	0	0	
939	0.0744189	0.0730576	0.00136129	0	0.330342	0.324299	0.00604271	0	0	0	
940	0.0753704	0.0746456	0.000724767	0	0.334566	0.331349	0.00321721	0	0	0	
941	0.0688776	0.0688776	0	0	0.305744	0.305744	0	0	0	0	
942	0.0709924	0.0709924	0	0	0.315132	0.315132	0	0	0	0	
943	0.0804087	0.0804087	0	0	0.356931	0.356931	0	0	0	0	
944	0.0645698	0.0637573	0.000812491	0	0.286623	0.283016	0.00360661	0	0	0	
945	0.0634763	0.0634763	0	0	0.281769	0.281769	0	0	0	0	
946	0.0657788	0.0657788	0	0	0.291989	0.291989	0	0	0	0	
947	0.0960476	0.0960476	0	0	0.426351	0.426351	0	0	0	0	
948	0.066838	0.054392	0.012446	0	0.296691	0.241444	0.0552473	0	0	0	
949	0.0648988	0.0648988	0	0	0.288083	0.288083	0	0	0	0	
950	0.0863369	0.0863369	0	0	0.383246	0.383246	0	0	0	0	
951	0.116902	0.116353	0.000548798	0	0.518924	0.516488	0.00243609	0	0	0	
952	0.0503784	0.0496536	0.000724767	0	0.223627	0.22041	0.00321721	0	0	0	
953	0.0534716	0.0534716	0	0	0.237358	0.237358	0	0	0	0	
954	0.0873075	0.0866777	0.00062979	0	0.387554	0.384759	0.00279561	0	0	0	
955	0.0893715	0.0893715	0	0	0.396716	0.396716	0	0	0	0	
956	0.0527467	0.0498596	0.00288713	0	0.23414	0.221324	0.0128158	0	0	0	
957	0.079226	0.079226	0	0	0.351681	0.351681	0	0	0	0	
958	0.0829661	0.0695322	0.0134338	0	0.368283	0.308651	0.0596322	0	0	0	
959	0.0912244	0.0912244	0	0	0.404941	0.404941	0	0	0	0	
960	0.0568391	0.0568391	0	0	0.252306	0.252306	0	0	0	0	
961	0.0776247	0.0751517	0.00247303	0	0.344573	0.333595	0.0109777	0	0	0	
962	0.0982753	0.098249	2.62537e-05	0	0.43624	0.436123	0.000116539	0	0	0	
963	0.146169	0.146131	3.75885e-05	0	0.648839	0.648673	0.000166854	0	0	0	
964	0.105243	0.104613	0.00062979	0	0.46717	0.464375	0.00279561	0	0	0	
965	0.150549	0.0964555	0.054094	0	0.668283	0.428162	0.240121	0	0	0	
966	0.156005	0.101902	0.0541005	2.43974e-06	0.692503	0.452342	0.24015	1.08299e-05	2.42237e-06	1.07528e-05	
967	0.044772	0.0444381	0.000333948	0	0.198741	0.197259	0.00148238	0	0	0	
968	0.0711647	0.0708308	0.000333948	0	0.315897	0.314415	0.00148238	0	0	0	
969	0.195541	0.178278	0.0172572	6.07057e-06	0.868001	0.79137	0.0766044	2.6947e-05	1.34453e-05	5.96835e-05	
970	0.223146	0.174065	0.0481466	0.000934908	0.99054	0.772669	0.213721	0.00415002	0.00109507	0.00486099	
