Node	dPC	dPCintra	dPCflux	dPCconnector	varPC	varPCintra	varPCflux	varPCconnector	dBC_PC	varBC_PC	
1	0.173566	0.165561	0.00800587	8.58991e-08	0.77225	0.736629	0.0356204	3.8219e-07	8.60014e-08	3.82645e-07	
2	0.0919594	0.0833421	0.00858789	2.93402e-05	0.409154	0.370813	0.03821	0.000130543	2.93288e-05	0.000130492	
3	0.0925215	0.081647	0.0108727	1.78787e-06	0.411655	0.363271	0.048376	7.95479e-06	3.4454e-06	1.53296e-05	
4	0.0573167	0.0573167	0	0	0.255019	0.255019	0	0	0	0	
5	0.11328	0.10606	0.00721949	8.26946e-07	0.504019	0.471894	0.0321216	3.67933e-06	1.10727e-06	4.92658e-06	
6	0.0910671	0.0893336	0.00172683	6.62207e-06	0.405184	0.397471	0.00768318	2.94635e-05	6.64083e-06	2.9547e-05	
7	0.0865107	0.0860411	0.000469601	0	0.384912	0.382822	0.00208939	0	0	0	
8	0.121341	0.102824	0.0185178	0	0.539886	0.457494	0.0823915	0	0	0	
9	0.088569	0.0864696	0.00209937	7.23894e-08	0.39407	0.384729	0.00934072	3.22082e-07	1.36955e-07	6.09356e-07	
10	0.0603668	0.0592381	0.00112557	3.09982e-06	0.268589	0.263568	0.00500801	1.3792e-05	3.17537e-06	1.41281e-05	
11	0.0846552	0.0790688	0.00558644	0	0.376656	0.3518	0.0248557	0	0	0	
12	0.0973725	0.094427	0.00293862	6.97258e-06	0.433239	0.420133	0.0130748	3.1023e-05	7.41108e-06	3.29741e-05	
13	0.103022	0.103022	0	0	0.458377	0.458377	0	0	0	0	
14	0.0836437	0.0834366	0.000207049	0	0.372155	0.371234	0.000921222	0	0	0	
15	0.094258	0.092758	0.00149837	1.65946e-06	0.419382	0.412708	0.00666672	7.38345e-06	1.64804e-06	7.33264e-06	
16	0.0733144	0.0733144	0	0	0.326197	0.326197	0	0	0	0	
17	0.0864029	0.0845287	0.00187423	0	0.384432	0.376093	0.00833903	0	0	0	
18	0.0733839	0.0721845	0.00119501	4.40641e-06	0.326507	0.32117	0.00531696	1.96054e-05	4.39504e-06	1.95548e-05	
19	0.0866756	0.0843418	0.00233385	0	0.385645	0.375261	0.0103839	0	0	0	
20	0.0591491	0.0591491	0	0	0.263171	0.263171	0	0	0	0	
21	0.0836116	0.0817887	0.00181941	3.50571e-06	0.372013	0.363902	0.00809509	1.55979e-05	4.34695e-06	1.93408e-05	
22	0.0895193	0.087612	0.00190647	8.32497e-07	0.398298	0.389811	0.00848246	3.70402e-06	8.21024e-07	3.65298e-06	
23	0.0985991	0.0950087	0.00356792	2.24309e-05	0.438696	0.422722	0.0158747	9.98021e-05	2.25475e-05	0.00010032	
24	0.0673883	0.0651229	0.00226543	0	0.29983	0.289751	0.0100796	0	0	0	
25	0.124112	0.115589	0.00842791	9.53368e-05	0.552214	0.514291	0.0374982	0.000424181	9.54415e-05	0.000424647	
26	0.0858944	0.0843247	0.00156968	0	0.382169	0.375185	0.00698399	0	0	0	
27	0.0831055	0.076273	0.00673284	9.96273e-05	0.36976	0.339361	0.0299564	0.000443271	0.00010696	0.0004759	
28	0.0656961	0.0621456	0.00355049	0	0.292301	0.276504	0.0157972	0	0	0	
29	0.106484	0.101326	0.00515787	4.34192e-07	0.47378	0.450829	0.0229489	1.93184e-06	8.8216e-07	3.92499e-06	
30	0.168386	0.14892	0.0193804	8.54175e-05	0.749201	0.662592	0.0862292	0.000380047	9.03583e-05	0.00040203	
31	0.143236	0.138487	0.004748	9.16714e-07	0.637303	0.616173	0.0211252	4.07873e-06	9.05236e-07	4.02766e-06	
32	0.144863	0.138951	0.00591117	3.70623e-07	0.644538	0.618236	0.0263005	1.64901e-06	3.60038e-07	1.60191e-06	
33	0.0783158	0.0766883	0.00162604	1.49876e-06	0.34845	0.341209	0.00723475	6.66842e-06	2.12471e-06	9.45346e-06	
34	0.107081	0.0972068	0.00987323	1.8861e-06	0.476439	0.432502	0.0439289	8.39182e-06	3.07476e-06	1.36805e-05	
35	0.0737202	0.0609977	0.0126604	6.21745e-05	0.328003	0.271396	0.0563298	0.000276632	6.5559e-05	0.000291691	
36	0.0829596	0.0812046	0.00175496	0	0.369111	0.361303	0.00780835	0	0	0	
37	0.169314	0.0950372	0.0742773	0	0.75333	0.422848	0.330481	0	0	0	
38	0.0804312	0.0784603	0.00197084	4.78587e-08	0.357862	0.349093	0.00876886	2.12937e-07	8.88393e-08	3.95272e-07	
39	0.0887697	0.0839488	0.00481552	5.36886e-06	0.394962	0.373513	0.0214256	2.38876e-05	5.57676e-06	2.48126e-05	
40	0.102585	0.10101	0.00157447	7.29416e-07	0.456432	0.449424	0.00700531	3.24538e-06	9.27811e-07	4.1281e-06	
41	0.0991428	0.0959821	0.00316071	0	0.441115	0.427053	0.0140629	0	0	0	
42	0.0762592	0.0739788	0.00228038	0	0.339299	0.329153	0.0101461	0	0	0	
43	0.0601657	0.0553627	0.00480301	0	0.267695	0.246325	0.02137	0	0	0	
44	0.0649144	0.0646378	0.000276612	0	0.288823	0.287592	0.00123072	0	0	0	
45	0.0572739	0.052169	0.00510494	0	0.254828	0.232115	0.0227134	0	0	0	
46	0.0919734	0.0851727	0.00678833	1.23352e-05	0.409216	0.378958	0.0302032	5.48832e-05	1.42067e-05	6.32098e-05	
47	0.135886	0.134923	0.00096303	0	0.604597	0.600312	0.0042848	0	0	0	
48	0.108558	0.0850767	0.0234815	2.18994e-08	0.483008	0.378531	0.104476	9.74369e-08	7.00526e-08	3.11685e-07	
49	0.164505	0.158457	0.00604683	1.2333e-06	0.731934	0.705025	0.0269041	5.48735e-06	2.02807e-06	9.02348e-06	
50	0.104173	0.0953234	0.00884522	4.61516e-06	0.463497	0.424122	0.0393549	2.05342e-05	6.19728e-06	2.75735e-05	
51	0.0855888	0.0847192	0.000869531	0	0.380809	0.376941	0.0038688	0	0	0	
52	0.079079	0.0762823	0.0027967	0	0.351845	0.339402	0.0124433	0	0	0	
53	0.0980029	0.0950245	0.00297269	5.69931e-06	0.436044	0.422792	0.0132264	2.53579e-05	7.48771e-06	3.3315e-05	
54	0.0949881	0.090813	0.0041715	3.64668e-06	0.42263	0.404053	0.0185602	1.62251e-05	5.04374e-06	2.24411e-05	
55	0.102109	0.0928239	0.00927378	1.17457e-05	0.454314	0.413	0.0412618	5.22603e-05	1.40201e-05	6.23796e-05	
56	0.117406	0.112125	0.00528129	0	0.522377	0.498879	0.023498	0	0	0	
57	0.10176	0.10085	0.000909555	2.03913e-07	0.45276	0.448712	0.00404687	9.0727e-07	1.92438e-07	8.56214e-07	
58	0.120245	0.0914177	0.0287686	5.88378e-05	0.535006	0.406744	0.128	0.000261787	0.000105368	0.000468817	
59	0.174053	0.112172	0.0618396	4.13665e-05	0.774414	0.499087	0.275142	0.000184051	4.23053e-05	0.000188229	
60	0.0764813	0.0736849	0.00279643	0	0.340288	0.327845	0.0124421	0	0	0	
61	0.0877131	0.0872371	0.000475945	0	0.390261	0.388143	0.00211762	0	0	0	
62	0.104176	0.0935261	0.0106227	2.7376e-05	0.46351	0.416125	0.0472635	0.000121804	3.2699e-05	0.000145487	
63	0.123253	0.0940113	0.0292271	1.50422e-05	0.548391	0.418284	0.13004	6.69276e-05	2.33594e-05	0.000103933	
64	0.0984725	0.0969199	0.0015498	2.77365e-06	0.438133	0.431225	0.00689555	1.23408e-05	2.76221e-06	1.22899e-05	
65	0.112082	0.102676	0.0093264	7.97968e-05	0.498688	0.456837	0.0414959	0.000355039	8.38689e-05	0.000373157	
66	0.113908	0.101027	0.0128809	3.74394e-08	0.506812	0.449501	0.0573113	1.66579e-07	8.9374e-08	3.97651e-07	
67	0.158602	0.137472	0.021096	3.44478e-05	0.70567	0.611654	0.0938624	0.000153268	8.0073e-05	0.000356268	
68	0.10641	0.0799422	0.0264623	5.60809e-06	0.473449	0.355686	0.117738	2.4952e-05	5.90215e-06	2.62604e-05	
69	0.117405	0.113861	0.00354012	4.33368e-06	0.522373	0.506603	0.015751	1.92818e-05	5.36164e-06	2.38555e-05	
70	0.0790825	0.0764201	0.00266194	4.37578e-07	0.351861	0.340015	0.0118437	1.94691e-06	1.72431e-06	7.67199e-06	
71	0.0661539	0.0442263	0.0219205	7.02066e-06	0.294338	0.196775	0.0975311	3.1237e-05	3.02488e-05	0.000134586	
72	0.163697	0.129588	0.0340255	8.40227e-05	0.728339	0.576575	0.151389	0.000373841	0.000127267	0.000566249	
73	0.0753534	0.0597108	0.0156426	0	0.335269	0.265671	0.0695989	0	0	0	
74	0.139207	0.106078	0.0329339	0.00019546	0.619375	0.471973	0.146532	0.000869663	0.000237437	0.00105643	
75	0.176335	0.142927	0.033085	0.000322697	0.784568	0.635927	0.147204	0.00143577	0.000418189	0.00186064	
76	0.160005	0.14038	0.0194175	0.000208177	0.711913	0.624593	0.0863944	0.000926243	0.000232004	0.00103225	
77	0.0890146	0.0890146	0	0	0.396052	0.396052	0	0	0	0	
78	0.133875	0.0980562	0.0355229	0.000295847	0.595649	0.436281	0.158052	0.00131631	0.000317099	0.00141086	
79	0.154286	0.136104	0.0180968	8.55941e-05	0.686467	0.605568	0.0805183	0.000380833	0.000138448	0.000615999	
80	0.136612	0.124299	0.0122976	1.60601e-05	0.607831	0.553044	0.0547156	7.14563e-05	1.85267e-05	8.24308e-05	
81	0.108841	0.105485	0.00335548	0	0.484267	0.469337	0.0149295	0	0	0	
82	0.243089	0.159997	0.0814075	0.00168499	1.08157	0.711875	0.362206	0.00749701	0.0021099	0.00938757	
83	0.159477	0.124292	0.0351377	4.74238e-05	0.709561	0.553012	0.156338	0.000211002	7.91162e-05	0.000352011	
84	0.109363	0.0954918	0.0138714	1.13113e-07	0.486589	0.424871	0.061718	5.03273e-07	2.49363e-07	1.10949e-06	
85	0.134006	0.100377	0.0336293	0	0.596236	0.446609	0.149627	0	0	0	
86	0.165802	0.145155	0.0206472	0	0.737705	0.645839	0.0918657	0	0	0	
87	0.0805042	0.0770463	0.00345785	0	0.358187	0.342802	0.015385	0	0	0	
88	0.0833487	0.0810405	0.00230764	5.65265e-07	0.370842	0.360573	0.0102674	2.51503e-06	5.53784e-07	2.46395e-06	
89	0.0779954	0.0763994	0.00158907	6.92853e-06	0.347024	0.339923	0.00707026	3.0827e-05	6.91708e-06	3.07761e-05	
90	0.107953	0.0980885	0.0098571	7.90461e-06	0.480317	0.436425	0.0438571	3.51699e-05	1.16517e-05	5.1842e-05	
91	0.105966	0.101635	0.00433074	2.45232e-08	0.471475	0.452207	0.0192687	1.09111e-07	3.98785e-08	1.77431e-07	
92	0.0854386	0.0832595	0.00217808	1.01455e-06	0.380141	0.370446	0.00969093	4.51406e-06	1.37285e-06	6.10825e-06	
93	0.0964558	0.0896241	0.00683063	1.1198e-06	0.42916	0.398764	0.0303915	4.98236e-06	2.22754e-06	9.91098e-06	
94	0.0917249	0.085155	0.0065699	0	0.408111	0.378879	0.0292314	0	0	0	
95	0.150494	0.13056	0.0199337	0	0.669593	0.580902	0.0886911	0	0	0	
96	0.203394	0.158458	0.0446634	0.000272532	0.904964	0.70503	0.19872	0.00121257	0.000666495	0.00296543	
97	0.112193	0.0940523	0.0180893	5.19161e-05	0.499182	0.418466	0.0804847	0.00023099	7.02446e-05	0.000312539	
98	0.107684	0.0889951	0.018667	2.22062e-05	0.479119	0.395965	0.0830553	9.88021e-05	2.25629e-05	0.000100389	
99	0.107052	0.099779	0.00727183	1.65863e-06	0.476308	0.443946	0.0323545	7.37974e-06	2.19399e-06	9.76172e-06	
100	0.0981	0.0917342	0.00635662	9.20522e-06	0.436475	0.408152	0.0282825	4.09567e-05	1.16212e-05	5.17061e-05	
101	0.146072	0.143919	0.00215283	0	0.649917	0.640339	0.00957861	0	0	0	
102	0.157416	0.106979	0.050372	6.53101e-05	0.700393	0.475982	0.22412	0.000290583	8.61768e-05	0.000383426	
103	0.0776463	0.0731281	0.00451812	7.56027e-08	0.345471	0.325368	0.0201024	3.36379e-07	8.96786e-08	3.99006e-07	
104	0.106388	0.0830834	0.0232532	5.15012e-05	0.473352	0.369662	0.10346	0.000229144	8.18799e-05	0.000364308	
105	0.0940394	0.0859931	0.0079564	8.98763e-05	0.418409	0.382608	0.0354004	0.000399886	9.9982e-05	0.000444849	
106	0.143453	0.111239	0.0322133	3.75891e-07	0.638266	0.494938	0.143326	1.67245e-06	4.69628e-07	2.08951e-06	
107	0.209185	0.146306	0.0626853	0.000194019	0.930729	0.65096	0.278905	0.00086325	0.000250979	0.00111668	
108	0.101697	0.0966587	0.00502975	9.15274e-06	0.452482	0.430063	0.0223788	4.07232e-05	1.12364e-05	4.99941e-05	
109	0.127375	0.107815	0.0195348	2.46235e-05	0.566729	0.479703	0.0869165	0.000109557	3.2547e-05	0.000144811	
110	0.115254	0.108335	0.00691904	0	0.512803	0.482018	0.0307848	0	0	0	
111	0.10189	0.0959786	0.00590269	8.78772e-06	0.453339	0.427037	0.0262628	3.90991e-05	1.17222e-05	5.21556e-05	
112	0.100701	0.0945568	0.00614069	4.26882e-06	0.448052	0.420711	0.0273217	1.89932e-05	6.06357e-06	2.69786e-05	
113	0.093755	0.0915328	0.00222183	4.15914e-07	0.417144	0.407256	0.00988559	1.85052e-06	9.17346e-07	4.08154e-06	
114	0.157204	0.123827	0.0330055	0.000371043	0.699447	0.550944	0.146851	0.00165088	0.000654146	0.00291048	
115	0.11215	0.106533	0.00561698	3.13472e-07	0.498992	0.473999	0.0249916	1.39473e-06	6.05431e-07	2.69374e-06	
116	0.119909	0.11406	0.00584707	1.79345e-06	0.533512	0.507489	0.0260153	7.97959e-06	1.99011e-06	8.85462e-06	
117	0.108716	0.096601	0.0121152	1.81488e-07	0.483711	0.429806	0.0539045	8.07497e-07	2.82341e-07	1.25622e-06	
118	0.103171	0.10134	0.00183104	0	0.459042	0.450895	0.00814684	0	0	0	
119	0.117129	0.113259	0.00387048	0	0.521143	0.503922	0.0172209	0	0	0	
120	0.104168	0.0958749	0.00828404	9.29101e-06	0.463475	0.426576	0.0368581	4.13384e-05	1.49336e-05	6.64443e-05	
121	0.0872085	0.084095	0.00311123	2.23035e-06	0.388016	0.374163	0.0138427	9.92352e-06	4.91208e-06	2.18553e-05	
122	0.185672	0.157222	0.0283043	0.000145757	0.826113	0.69953	0.125934	0.000648518	0.000194376	0.000864836	
123	0.110758	0.106667	0.00409078	0	0.492797	0.474595	0.018201	0	0	0	
124	0.159618	0.0960663	0.0613842	0.00216765	0.710188	0.427427	0.273116	0.00964451	0.00501558	0.0223158	
125	0.107297	0.103087	0.00420921	2.68223e-07	0.477396	0.458667	0.018728	1.1934e-06	3.21433e-07	1.43015e-06	
126	0.136572	0.104035	0.0321591	0.00037718	0.607649	0.462886	0.143085	0.00167818	0.000825032	0.00367081	
127	0.209564	0.19103	0.0184531	8.1449e-05	0.932415	0.849949	0.0821034	0.00036239	9.58447e-05	0.000426441	
128	0.135692	0.120288	0.015393	1.07833e-05	0.603736	0.5352	0.0684881	4.79781e-05	1.17529e-05	5.22925e-05	
129	0.122984	0.117694	0.00528765	2.66923e-06	0.547194	0.523656	0.0235263	1.18762e-05	2.85852e-06	1.27184e-05	
130	0.0987256	0.0959506	0.00277446	5.44948e-07	0.439259	0.426912	0.0123444	2.42463e-06	7.25671e-07	3.22872e-06	
131	0.130799	0.124253	0.00653498	1.06325e-05	0.581964	0.55284	0.029076	4.73073e-05	1.10239e-05	4.90488e-05	
132	0.120374	0.0849007	0.0354704	2.82664e-06	0.535579	0.377748	0.157818	1.25765e-05	6.33879e-06	2.82031e-05	
133	0.139505	0.110475	0.0288526	0.000176787	0.620699	0.491539	0.128373	0.00078658	0.000414018	0.00184209	
134	0.0966851	0.0953489	0.00133614	7.27923e-08	0.43018	0.424235	0.00594489	3.23874e-07	3.56458e-07	1.58598e-06	
135	0.0726395	0.0703415	0.00229804	0	0.323194	0.31297	0.0102246	0	0	0	
136	0.106529	0.103197	0.00332243	9.95092e-06	0.473982	0.459156	0.0147824	4.42746e-05	1.0075e-05	4.4827e-05	
137	0.109079	0.101808	0.00724441	2.64338e-05	0.485325	0.452975	0.0322325	0.000117611	3.79144e-05	0.000168692	
138	0.11209	0.104031	0.00805702	2.35942e-06	0.498724	0.462865	0.035848	1.04977e-05	4.47771e-06	1.99226e-05	
139	0.111341	0.105887	0.00545412	0	0.495392	0.471125	0.024267	0	0	0	
140	0.135085	0.12069	0.0143388	5.57288e-05	0.601034	0.536989	0.0637976	0.000247953	6.79004e-05	0.000302109	
141	0.0995286	0.092745	0.00677857	5.0472e-06	0.442832	0.41265	0.0301599	2.24564e-05	6.65537e-06	2.96117e-05	
142	0.0844591	0.0831807	0.00127832	0	0.375783	0.370095	0.00568763	0	0	0	
143	0.156312	0.154335	0.00197717	0	0.69548	0.686683	0.00879704	0	0	0	
144	0.0995044	0.0984716	0.00103279	3.9523e-08	0.442724	0.438129	0.00459518	1.75849e-07	1.14333e-07	5.08702e-07	
145	0.0908866	0.0865135	0.00437313	0	0.404381	0.384924	0.0194573	0	0	0	
146	0.0641092	0.061013	0.00309619	0	0.285241	0.271465	0.0137758	0	0	0	
147	0.076805	0.0724961	0.00429846	1.04459e-05	0.341728	0.322556	0.0191251	4.6477e-05	1.26008e-05	5.60649e-05	
148	0.112356	0.107524	0.00483234	0	0.499909	0.478408	0.0215005	0	0	0	
149	0.110235	0.0996498	0.0105786	7.07316e-06	0.49047	0.443371	0.0470674	3.14705e-05	1.03569e-05	4.6081e-05	
150	0.0901881	0.0823892	0.00779714	1.69056e-06	0.401273	0.366574	0.0346917	7.52183e-06	1.67879e-06	7.46947e-06	
151	0.132892	0.124128	0.00875839	5.86027e-06	0.591278	0.552284	0.0389686	2.6074e-05	1.31389e-05	5.84589e-05	
152	0.0980255	0.0845541	0.0134316	3.97522e-05	0.436144	0.376206	0.0597613	0.000176869	5.69463e-05	0.000253371	
153	0.139908	0.135287	0.00462078	0	0.622494	0.601934	0.0205592	0	0	0	
154	0.103313	0.0974807	0.00583096	1.31218e-06	0.45967	0.43372	0.0259437	5.8383e-06	1.77547e-06	7.89962e-06	
155	0.113247	0.0916369	0.0216108	1.38238e-07	0.503873	0.407719	0.096153	6.15065e-07	1.27163e-06	5.65788e-06	
156	0.102792	0.0945406	0.00824681	4.8484e-06	0.457353	0.420639	0.0366925	2.1572e-05	4.83658e-06	2.15194e-05	
157	0.0888948	0.08816	0.000734744	0	0.395519	0.39225	0.00326909	0	0	0	
158	0.109829	0.103285	0.00653549	8.5436e-06	0.488665	0.459549	0.0290783	3.8013e-05	1.1863e-05	5.2782e-05	
159	0.103568	0.0990667	0.0045017	0	0.460806	0.440777	0.0200294	0	0	0	
160	0.166617	0.155508	0.0111086	0	0.74133	0.691905	0.0494257	0	0	0	
161	0.207287	0.173643	0.0336223	2.16181e-05	0.922282	0.77259	0.149595	9.61857e-05	4.61116e-05	0.000205164	
162	0.111829	0.0941198	0.0176656	4.37325e-05	0.497561	0.418767	0.0785997	0.000194579	5.98379e-05	0.000266236	
163	0.0893346	0.078454	0.0108581	2.24907e-05	0.397476	0.349065	0.0483111	0.000100068	2.62613e-05	0.000116844	
164	0.122033	0.0896445	0.0323488	3.9737e-05	0.542961	0.398855	0.143929	0.000176801	5.99094e-05	0.000266554	
165	0.152083	0.115122	0.0366425	0.000318727	0.676664	0.512213	0.163033	0.00141811	0.000419191	0.0018651	
166	0.101044	0.0973475	0.00369688	0	0.449576	0.433127	0.0164485	0	0	0	
167	0.106451	0.0970441	0.00939992	7.89232e-06	0.473636	0.431778	0.041823	3.51152e-05	1.14638e-05	5.10062e-05	
168	0.106031	0.0979889	0.00803733	5.08279e-06	0.471764	0.435981	0.0357604	2.26148e-05	8.02076e-06	3.56867e-05	
169	0.0984166	0.0947138	0.0036872	1.56434e-05	0.437884	0.421409	0.0164054	6.96024e-05	1.57567e-05	7.01065e-05	
170	0.137915	0.108606	0.0289266	0.000382383	0.613625	0.483221	0.128703	0.00170133	0.000446494	0.00198658	
171	0.214158	0.195249	0.0189043	4.65711e-06	0.952852	0.86872	0.084111	2.07208e-05	6.8406e-06	3.04358e-05	
172	0.133547	0.122082	0.0114647	0	0.594191	0.543181	0.0510102	0	0	0	
173	0.187777	0.13563	0.0519789	0.00016859	0.835479	0.603459	0.231269	0.000750107	0.000358196	0.00159372	
174	0.120137	0.11321	0.00692698	0	0.534526	0.503706	0.0308202	0	0	0	
175	0.107208	0.0962281	0.010979	9.02643e-07	0.477	0.428147	0.0488489	4.01612e-06	1.30634e-06	5.81232e-06	
176	0.109096	0.0948159	0.0141665	0.000113876	0.485402	0.421864	0.0630312	0.000506668	0.00013429	0.000597497	
177	0.190048	0.141767	0.0481023	0.000178341	0.84558	0.630765	0.214021	0.000793491	0.000235619	0.00104834	
178	0.131301	0.106409	0.0248293	6.24417e-05	0.584197	0.473446	0.110473	0.000277821	0.000126879	0.000564526	
179	0.191277	0.140405	0.050405	0.000467029	0.851051	0.624706	0.224267	0.00207795	0.000602293	0.00267977	
180	0.117449	0.101419	0.015977	5.25169e-05	0.522567	0.451247	0.0710866	0.000233663	6.28448e-05	0.000279615	
181	0.133791	0.125318	0.00847177	1.05934e-06	0.595276	0.557578	0.0376934	4.71332e-06	1.17131e-06	5.21154e-06	
182	0.103715	0.0994119	0.00430359	0	0.461461	0.442313	0.0191479	0	0	0	
183	0.116177	0.111514	0.00466303	1.2286e-08	0.516905	0.496158	0.0207472	5.46643e-08	3.93756e-08	1.75194e-07	
184	0.0966741	0.0880181	0.0086549	1.16246e-06	0.430132	0.391618	0.0385082	5.17215e-06	2.99268e-06	1.33153e-05	
185	0.0981091	0.082573	0.0155174	1.87242e-05	0.436516	0.367391	0.0690416	8.33098e-05	1.88541e-05	8.38875e-05	
186	0.132689	0.113797	0.0188925	0	0.590375	0.506316	0.0840585	0	0	0	
187	0.0891818	0.0882685	0.000913268	0	0.396796	0.392732	0.0040634	0	0	0	
188	0.0843622	0.0806711	0.00369032	7.67518e-07	0.375352	0.358929	0.0164193	3.41491e-06	9.32946e-07	4.15095e-06	
189	0.109069	0.102285	0.00677909	4.85042e-06	0.485281	0.455098	0.0301621	2.15809e-05	5.31902e-06	2.36659e-05	
190	0.0678083	0.0593735	0.00843488	0	0.301699	0.26417	0.0375292	0	0	0	
191	0.328767	0.213327	0.113794	0.00164572	1.46278	0.949155	0.506307	0.00732232	0.00190557	0.00847845	
192	0.0729852	0.0729852	0	0	0.324732	0.324732	0	0	0	0	
193	0.118401	0.118401	0	0	0.526805	0.526805	0	0	0	0	
194	0.154704	0.121067	0.0332975	0.000339929	0.688327	0.538664	0.14815	0.00151244	0.0003632	0.00161598	
195	0.0891	0.0886136	0.000486401	1.41524e-08	0.396432	0.394268	0.00216414	6.29685e-08	3.03105e-09	1.3486e-08	
196	0.0893906	0.0893906	0	0	0.397725	0.397725	0	0	0	0	
197	0.0697666	0.056022	0.0134922	0.000252335	0.310412	0.249258	0.060031	0.00112271	0.000252323	0.00112266	
198	0.144851	0.114296	0.0301489	0.00040609	0.644486	0.508538	0.134141	0.00180681	0.0004612	0.00205201	
199	0.139722	0.114333	0.0253891	0	0.621668	0.508704	0.112963	0	0	0	
200	0.112091	0.0872097	0.0248814	0	0.498727	0.388022	0.110704	0	0	0	
201	0.153535	0.100582	0.0511763	0.00177619	0.683122	0.447521	0.227698	0.00790281	0.00208072	0.00925776	
202	0.105852	0.105852	0	0	0.470968	0.470968	0	0	0	0	
203	0.0959198	0.0944833	0.00143635	1.512e-07	0.426775	0.420384	0.00639075	6.72737e-07	2.51919e-07	1.12086e-06	
204	0.173324	0.133756	0.0392385	0.000328816	0.771169	0.595122	0.174583	0.001463	0.000591281	0.00263078	
205	0.113183	0.0898334	0.0233068	4.27504e-05	0.503584	0.399695	0.103699	0.000190209	5.39268e-05	0.000239936	
206	0.183987	0.149281	0.0346137	9.14492e-05	0.818612	0.664198	0.154006	0.000406884	0.000108697	0.000483626	
207	0.0641962	0.0518859	0.0123099	4.25725e-07	0.285628	0.230855	0.0547706	1.89417e-06	9.93864e-07	4.42199e-06	
208	0.101786	0.0982382	0.00354789	0	0.452876	0.437091	0.0157856	0	0	0	
209	0.148311	0.0951553	0.0531553	5.18832e-07	0.65988	0.423374	0.236503	2.30844e-06	6.34488e-06	2.82302e-05	
210	0.114914	0.113607	0.00130654	0	0.511287	0.505474	0.00581321	0	0	0	
211	0.164306	0.103436	0.0608699	0	0.731047	0.460219	0.270828	0	0	0	
212	0.116262	0.116262	0	0	0.517285	0.517285	0	0	0	0	
213	0.236096	0.164491	0.0713103	0.000295358	1.05046	0.731869	0.31728	0.00131413	0.000312668	0.00139115	
214	0.119312	0.115706	0.00360524	8.05898e-07	0.530855	0.514811	0.0160407	3.58568e-06	1.01546e-05	4.5181e-05	
215	0.175461	0.161441	0.0140115	8.20886e-06	0.78068	0.718303	0.0623413	3.65236e-05	1.1901e-05	5.29513e-05	
216	0.0972413	0.0847239	0.0125151	2.32801e-06	0.432655	0.376961	0.0556834	1.0358e-05	2.86251e-06	1.27361e-05	
217	0.188025	0.140742	0.0467163	0.000566551	0.836579	0.626204	0.207854	0.00252075	0.000852812	0.00379441	
218	0.097465	0.0970597	0.000405307	0	0.433651	0.431847	0.00180333	0	0	0	
219	0.133372	0.132916	0.000456924	0	0.593415	0.591382	0.00203299	0	0	0	
220	0.094077	0.0837291	0.0103478	0	0.418576	0.372535	0.0460406	0	0	0	
221	0.111322	0.0937521	0.0175337	3.70315e-05	0.495308	0.41713	0.0780126	0.000164764	4.41517e-05	0.000196444	
222	0.0502361	0.050219	1.70278e-05	0	0.223515	0.223439	7.57618e-05	0	0	0	
223	0.0966628	0.0966628	0	0	0.430081	0.430081	0	0	0	0	
224	0.157505	0.145073	0.0124318	1.98291e-07	0.700788	0.645474	0.0553129	8.82259e-07	1.89499e-07	8.43139e-07	
225	0.0814213	0.078205	0.00320148	1.48843e-05	0.362267	0.347957	0.0142443	6.62249e-05	1.51342e-05	6.73368e-05	
226	0.232039	0.224754	0.00727452	1.06739e-05	1.03241	1	0.0323664	4.74917e-05	1.09945e-05	4.89181e-05	
227	0.0844875	0.0821511	0.00233638	0	0.37591	0.365514	0.0103952	0	0	0	
228	0.0889515	0.0792338	0.00971682	8.45717e-07	0.395771	0.352534	0.043233	3.76284e-06	8.34043e-07	3.7109e-06	
229	0.126851	0.123709	0.00314202	0	0.5644	0.55042	0.0139798	0	0	0	
230	0.10716	0.106422	0.000738504	0	0.47679	0.473504	0.00328582	0	0	0	
231	0.092017	0.0918812	0.000135805	0	0.409411	0.408806	0.000604237	0	0	0	
232	0.0830687	0.0749636	0.00810504	0	0.369597	0.333535	0.0360617	0	0	0	
233	0.0785019	0.0780038	0.000498043	0	0.349278	0.347062	0.00221594	0	0	0	
234	0.104135	0.104135	0	0	0.463329	0.463329	0	0	0	0	
235	0.136029	0.136029	0	0	0.605233	0.605233	0	0	0	0	
236	0.0677682	0.0660629	0.0017053	0	0.301521	0.293933	0.00758739	0	0	0	
237	0.0487704	0.0472937	0.00147665	0	0.216994	0.210423	0.00657006	0	0	0	
238	0.0895004	0.0893606	0.00013975	0	0.398213	0.397592	0.000621792	0	0	0	
239	0.139421	0.121789	0.0176314	2.9127e-07	0.620328	0.541879	0.0784475	1.29594e-06	2.98928e-07	1.33002e-06	
240	0.094114	0.0905365	0.00357747	0	0.418741	0.402824	0.0159172	0	0	0	
241	0.140639	0.118417	0.02216	6.19073e-05	0.625747	0.526874	0.0985968	0.000275444	6.25043e-05	0.0002781	
242	0.0863065	0.0854467	0.000859837	0	0.384003	0.380177	0.00382567	0	0	0	
243	0.0860117	0.0860117	0	0	0.382691	0.382691	0	0	0	0	
244	0.0887653	0.0887146	5.07131e-05	0	0.394943	0.394717	0.000225637	0	0	0	
245	0.126617	0.0951113	0.030998	0.000507729	0.563356	0.423178	0.137919	0.00225903	0.00055071	0.00245027	
246	0.10563	0.0895186	0.0161119	0	0.469981	0.398294	0.0716869	0	0	0	
247	0.110735	0.107163	0.00355997	1.17829e-05	0.492693	0.476801	0.0158393	5.24257e-05	1.26084e-05	5.60987e-05	
248	0.0835803	0.0835803	0	0	0.371873	0.371873	0	0	0	0	
249	0.0720042	0.0699962	0.00200773	2.53338e-07	0.320368	0.311433	0.00893299	1.12717e-06	2.91906e-07	1.29877e-06	
250	0.0685584	0.0666408	0.00190967	7.87207e-06	0.305036	0.296504	0.00849672	3.50251e-05	7.86067e-06	3.49744e-05	
251	0.126	0.109258	0.0166843	5.7845e-05	0.560614	0.486123	0.0742335	0.000257369	5.78335e-05	0.000257318	
252	0.0773164	0.0692681	0.00796311	8.51731e-05	0.344003	0.308194	0.0354302	0.00037896	8.82047e-05	0.000392448	
253	0.0982407	0.0978024	0.000438216	0	0.437101	0.435152	0.00194975	0	0	0	
254	0.0777669	0.0776582	0.000108678	0	0.346007	0.345524	0.000483543	0	0	0	
255	0.0870436	0.0867145	0.000328872	2.1424e-07	0.387282	0.385818	0.00146324	9.53217e-07	2.02758e-07	9.02133e-07	
256	0.100829	0.0967045	0.00412447	4.04969e-07	0.448619	0.430266	0.0183509	1.80182e-06	5.50994e-07	2.45153e-06	
257	0.0900886	0.0887875	0.00130113	0	0.40083	0.395041	0.00578915	0	0	0	
258	0.100593	0.0961813	0.00440844	3.8116e-06	0.44757	0.427939	0.0196144	1.69589e-05	5.01711e-06	2.23226e-05	
259	0.0518443	0.0452626	0.00652691	5.47849e-05	0.23067	0.201386	0.0290401	0.000243754	5.72398e-05	0.000254677	
260	0.0427776	0.0417395	0.00103816	0	0.19033	0.185711	0.00461908	0	0	0	
261	0.11041	0.109851	0.000558666	0	0.491248	0.488762	0.00248567	0	0	0	
262	0.114302	0.111087	0.00321589	0	0.508567	0.494259	0.0143084	0	0	0	
263	0.0603862	0.043755	0.0165261	0.000105059	0.268676	0.194678	0.0735298	0.000467442	0.000260119	0.00115734	
264	0.202261	0.139945	0.0616575	0.000658857	0.899921	0.622657	0.274332	0.00293145	0.00131285	0.00584126	
265	0.0492949	0.043352	0.005932	1.09489e-05	0.219327	0.192885	0.0263932	4.87152e-05	1.44879e-05	6.4461e-05	
266	0.0851447	0.0834077	0.00173347	3.48624e-06	0.378834	0.371105	0.00771275	1.55113e-05	3.47481e-06	1.54604e-05	
267	0.0465873	0.0455491	0.00103816	0	0.20728	0.202661	0.00461908	0	0	0	
268	0.0851724	0.0851686	3.80445e-06	0	0.378957	0.37894	1.69271e-05	0	0	0	
269	0.208413	0.204768	0.00364478	3.85689e-07	0.927294	0.911075	0.0162167	1.71604e-06	3.93909e-07	1.75261e-06	
270	0.107423	0.107314	0.000108678	0	0.477958	0.477474	0.000483543	0	0	0	
271	0.0845652	0.0845652	0	0	0.376255	0.376255	0	0	0	0	
272	0.103605	0.103605	0	0	0.460969	0.460969	0	0	0	0	
273	0.115847	0.0915763	0.024137	0.000134115	0.515439	0.40745	0.107392	0.000596718	0.000178795	0.000795511	
274	0.102542	0.0942145	0.00832827	2.00463e-08	0.456243	0.419188	0.0370549	8.91921e-08	1.06877e-07	4.75527e-07	
275	0.118925	0.111114	0.00773674	7.42e-05	0.529133	0.49438	0.034423	0.000330137	7.9235e-05	0.000352539	
276	0.0914103	0.0897019	0.00170841	0	0.406711	0.39911	0.00760123	0	0	0	
277	0.107369	0.103941	0.00342644	1.31241e-06	0.477716	0.462465	0.0152452	5.8393e-06	1.85351e-06	8.24684e-06	
278	0.178198	0.147818	0.0302954	8.52753e-05	0.792858	0.657686	0.134793	0.000379415	0.000185684	0.000826165	
279	0.0781887	0.0769494	0.00123928	0	0.347884	0.34237	0.00551394	0	0	0	
280	0.137636	0.121234	0.0163986	2.68264e-06	0.612383	0.539409	0.0729625	1.19358e-05	3.78331e-06	1.6833e-05	
281	0.114236	0.0950052	0.0192142	1.71379e-05	0.508272	0.422706	0.0854899	7.62519e-05	2.14886e-05	9.56094e-05	
282	0.0842098	0.0811335	0.00307632	0	0.374674	0.360986	0.0136874	0	0	0	
283	0.0985972	0.0910254	0.00756051	1.13019e-05	0.438688	0.404999	0.0336389	5.02856e-05	1.67549e-05	7.45475e-05	
284	0.142597	0.110481	0.0321033	1.23205e-05	0.634459	0.491567	0.142837	5.48178e-05	3.62454e-05	0.000161266	
285	0.10168	0.0871257	0.014555	0	0.452407	0.387648	0.0647596	0	0	0	
286	0.125877	0.081977	0.0439	0	0.560064	0.36474	0.195324	0	0	0	
287	0.0732908	0.0653034	0.0079874	0	0.326092	0.290554	0.0355383	0	0	0	
288	0.216996	0.140318	0.0750518	0.00162653	0.965481	0.624317	0.333927	0.00723694	0.00218434	0.00971878	
289	0.0657312	0.0655485	0.000182627	0	0.292457	0.291645	0.000812565	0	0	0	
290	0.0695082	0.0689026	0.000605607	0	0.309262	0.306568	0.00269452	0	0	0	
291	0.210301	0.136996	0.0718278	0.0014769	0.935691	0.609537	0.319583	0.0065712	0.00288446	0.0128338	
292	0.138732	0.116518	0.0221791	3.55975e-05	0.617263	0.518423	0.0986817	0.000158384	4.16202e-05	0.00018518	
293	0.0696479	0.0475092	0.0221386	0	0.309884	0.211382	0.0985015	0	0	0	
294	0.0656342	0.0609171	0.00467557	4.15501e-05	0.292026	0.271038	0.020803	0.000184868	5.46278e-05	0.000243055	
295	0.181551	0.151967	0.029384	0.000200005	0.807775	0.676147	0.130738	0.000889885	0.000308308	0.00137175	
296	0.11815	0.11815	0	0	0.525688	0.525688	0	0	0	0	
297	0.172878	0.146399	0.0264133	6.61067e-05	0.769189	0.651374	0.11752	0.000294128	9.16077e-05	0.00040759	
298	0.107306	0.0907223	0.0163658	0.000217878	0.477436	0.40365	0.0728163	0.000969403	0.000264843	0.00117836	
299	0.0969072	0.0793178	0.0175734	1.59779e-05	0.431169	0.352908	0.0781896	7.10904e-05	1.59669e-05	7.10417e-05	
300	0.077255	0.0766494	0.000605607	0	0.34373	0.341036	0.00269452	0	0	0	
301	0.0692677	0.0621604	0.00708392	2.3403e-05	0.308192	0.27657	0.0315184	0.000104127	3.30758e-05	0.000147164	
302	0.0716737	0.069262	0.00241015	1.59161e-06	0.318897	0.308167	0.0107234	7.08158e-06	3.87038e-06	1.72205e-05	
303	0.123255	0.10568	0.0175328	4.21687e-05	0.548398	0.470201	0.0780087	0.000187621	5.44513e-05	0.00024227	
304	0.0953301	0.0953301	0	0	0.424151	0.424151	0	0	0	0	
305	0.0537859	0.0412214	0.0125546	9.86321e-06	0.239309	0.183406	0.0558591	4.38843e-05	1.44337e-05	6.42202e-05	
306	0.065352	0.0528685	0.0124834	0	0.29077	0.235227	0.0555427	0	0	0	
307	0.0910039	0.0871964	0.00380753	0	0.404903	0.387962	0.0169408	0	0	0	
308	0.0936168	0.0754342	0.0181825	0	0.416528	0.335629	0.0808996	0	0	0	
309	0.121669	0.110632	0.0109318	0.000105212	0.541343	0.492235	0.0486392	0.00046812	0.000110371	0.000491075	
310	0.146644	0.143165	0.0034747	4.0265e-06	0.652462	0.636985	0.0154599	1.7915e-05	6.21706e-06	2.76615e-05	
311	0.0770607	0.0738551	0.00319501	1.05222e-05	0.342865	0.328603	0.0142155	4.68167e-05	1.29575e-05	5.76517e-05	
312	0.135435	0.0957261	0.0392726	0.000436889	0.602593	0.425913	0.174735	0.00194385	0.000497208	0.00221222	
313	0.104227	0.0933184	0.0108904	1.8228e-05	0.463737	0.415201	0.0484549	8.11018e-05	1.82721e-05	8.12983e-05	
314	0.0799736	0.0771859	0.00278766	0	0.355826	0.343423	0.0124031	0	0	0	
315	0.108276	0.0948641	0.0133663	4.61746e-05	0.481754	0.422078	0.0594707	0.000205444	5.36656e-05	0.000238774	
316	0.072712	0.0705208	0.00218962	1.56039e-06	0.323517	0.313767	0.0097423	6.94267e-06	1.60038e-06	7.12056e-06	
317	0.122086	0.0766753	0.04486	0.000551097	0.543198	0.341151	0.199595	0.00245199	0.000580277	0.00258182	
318	0.175385	0.122133	0.0532523	0	0.780343	0.543408	0.236935	0	0	0	
319	0.24294	0.143418	0.0967767	0.00274562	1.08091	0.638109	0.430588	0.0122161	0.00394647	0.017559	
320	0.091712	0.0760063	0.0156165	8.91467e-05	0.408054	0.338174	0.0694828	0.00039664	0.000138042	0.00061419	
321	0.146361	0.0986985	0.0467571	0.000905537	0.651204	0.439138	0.208036	0.004029	0.000979147	0.00435651	
322	0.141102	0.0787152	0.0618668	0.000520523	0.627807	0.350227	0.275263	0.00231596	0.000704051	0.00313253	
323	0.0979618	0.0947602	0.00320157	0	0.43586	0.421616	0.0142447	0	0	0	
324	0.126173	0.125073	0.00110004	0	0.561383	0.556488	0.00489443	0	0	0	
325	0.0911248	0.09014	0.000984844	0	0.405441	0.401059	0.00438186	0	0	0	
326	0.0735318	0.0710031	0.00252868	0	0.327164	0.315913	0.0112508	0	0	0	
327	0.077392	0.0750676	0.0023244	0	0.344339	0.333998	0.0103419	0	0	0	
328	0.0907731	0.0906291	0.000144032	0	0.403876	0.403235	0.000640843	0	0	0	
329	0.0967123	0.091389	0.00527749	4.5798e-05	0.430301	0.406616	0.0234811	0.000203769	4.73297e-05	0.000210583	
330	0.144582	0.0881998	0.0546718	0.00171044	0.643288	0.392427	0.243251	0.00761029	0.00211289	0.0094009	
331	0.127142	0.116752	0.0103521	3.76158e-05	0.565694	0.519467	0.0460595	0.000167363	4.90311e-05	0.000218153	
332	0.107354	0.0962768	0.011044	3.33068e-05	0.47765	0.428364	0.0491383	0.000148192	4.43251e-05	0.000197215	
333	0.122476	0.0983539	0.0241223	0	0.544933	0.437605	0.107327	0	0	0	
334	0.139343	0.0883419	0.050862	0.000139081	0.619978	0.393059	0.2263	0.000618814	0.000207861	0.000924836	
335	0.0826279	0.0803739	0.00225394	0	0.367636	0.357607	0.0100284	0	0	0	
336	0.107984	0.0893462	0.0185276	0.000110228	0.480453	0.397527	0.0824351	0.000490437	0.000118894	0.000528998	
337	0.119998	0.111708	0.00827822	1.18783e-05	0.533907	0.497022	0.0368322	5.28503e-05	1.70006e-05	7.56409e-05	
338	0.111421	0.101575	0.0098197	2.59359e-05	0.495746	0.451939	0.0436907	0.000115396	3.39787e-05	0.000151181	
339	0.0866774	0.0769598	0.00966974	4.77939e-05	0.385653	0.342417	0.0430235	0.000212649	5.34304e-05	0.000237727	
340	0.100485	0.0834849	0.0169138	8.659e-05	0.447089	0.371449	0.0752546	0.000385264	0.000112883	0.000502253	
341	0.105561	0.104221	0.00134004	0	0.469676	0.463714	0.00596227	0	0	0	
342	0.107051	0.0753193	0.0317317	0	0.476301	0.335117	0.141183	0	0	0	
343	0.142715	0.0881575	0.0529908	0.00156726	0.634984	0.392238	0.235771	0.00697324	0.00317426	0.0141232	
344	0.083047	0.082414	0.00063292	1.50563e-07	0.3695	0.366684	0.00281605	6.69899e-07	1.55025e-07	6.89754e-07	
345	0.128463	0.0950108	0.0331585	0.000294015	0.571571	0.422731	0.147532	0.00130816	0.000648057	0.00288339	
346	0.144856	0.0981939	0.0458573	0.000804721	0.644507	0.436893	0.204032	0.00358044	0.00111879	0.00497783	
347	0.097136	0.0754386	0.0216313	6.60512e-05	0.432186	0.335648	0.0962442	0.000293881	0.000108589	0.000483145	
348	0.0985915	0.083678	0.0149074	6.09129e-06	0.438662	0.372308	0.0663275	2.71019e-05	1.32174e-05	5.88081e-05	
349	0.0830488	0.0721613	0.010856	3.13771e-05	0.369508	0.321067	0.0483019	0.000139606	3.57353e-05	0.000158997	
350	0.13312	0.0760464	0.0566653	0.000408714	0.592292	0.338353	0.252121	0.00181849	0.000607099	0.00270116	
351	0.151644	0.0936463	0.0575942	0.000404023	0.674711	0.41666	0.256253	0.00179762	0.000511736	0.00227686	
352	0.127224	0.081695	0.0454398	8.96655e-05	0.566059	0.363485	0.202175	0.000398948	0.000256529	0.00114137	
353	0.0884208	0.0779171	0.0104824	2.12556e-05	0.39341	0.346676	0.0466395	9.45726e-05	2.34446e-05	0.000104311	
354	0.0880281	0.0791333	0.0087966	9.82204e-05	0.391663	0.352087	0.0391386	0.000437011	0.000100853	0.000448728	
355	0.0838314	0.0833873	0.000444055	0	0.37299	0.371014	0.00197573	0	0	0	
356	0.12609	0.108746	0.0173181	2.58588e-05	0.561012	0.483844	0.0770534	0.000115053	3.42508e-05	0.000152391	
357	0.210376	0.10794	0.0982842	0.00415129	0.936025	0.480259	0.437295	0.0184703	0.00547923	0.0243787	
358	0.167682	0.0977587	0.0684548	0.00146933	0.74607	0.434957	0.304575	0.00653748	0.00319247	0.0142042	
359	0.106282	0.0781124	0.0278219	0.000348048	0.472881	0.347545	0.123788	0.00154857	0.000453765	0.00201893	
360	0.100961	0.0965183	0.00444315	0	0.449207	0.429438	0.0197689	0	0	0	
361	0.0469401	0.0469401	0	0	0.20885	0.20885	0	0	0	0	
362	0.103009	0.0869641	0.0160209	2.44966e-05	0.45832	0.386929	0.071282	0.000108993	3.65439e-05	0.000162594	
363	0.0490267	0.0490267	0	0	0.218134	0.218134	0	0	0	0	
364	0.128932	0.113259	0.0156728	2.63789e-07	0.573658	0.503923	0.0697333	1.17367e-06	1.69624e-06	7.54709e-06	
365	0.0833515	0.07912	0.00421553	1.59397e-05	0.370855	0.352028	0.0187561	7.09206e-05	1.95484e-05	8.69768e-05	
366	0.110061	0.0913372	0.0186251	9.85998e-05	0.489693	0.406386	0.0828687	0.000438699	0.000118636	0.00052785	
367	0.125305	0.104856	0.0203472	0.000101973	0.557523	0.466538	0.0905308	0.000453709	0.000162356	0.000722371	
368	0.0801072	0.0754527	0.00462036	3.4092e-05	0.35642	0.335711	0.0205573	0.000151685	3.40849e-05	0.000151654	
369	0.0837718	0.0799695	0.00379528	7.06522e-06	0.372725	0.355808	0.0168863	3.14352e-05	1.04023e-05	4.62832e-05	
370	0.114427	0.0912541	0.0230275	0.000145411	0.50912	0.406016	0.102456	0.000646979	0.000218305	0.000971307	
371	0.115262	0.0789902	0.0359616	0.000310315	0.512835	0.35145	0.160003	0.00138068	0.000409635	0.00182258	
372	0.101157	0.0787131	0.0223829	6.11253e-05	0.450078	0.350217	0.0995884	0.000271964	7.37869e-05	0.000328299	
373	0.0846095	0.0788679	0.00573181	9.82629e-06	0.376452	0.350906	0.0255025	4.37201e-05	1.96302e-05	8.73408e-05	
374	0.201231	0.10349	0.0872691	0.0104717	0.895338	0.460459	0.388286	0.046592	0.0168505	0.0749729	
375	0.14449	0.12659	0.0177812	0.000118444	0.642879	0.563238	0.0791141	0.000526992	0.000122726	0.000546044	
376	0.099766	0.0984619	0.00130416	0	0.443888	0.438086	0.00580259	0	0	0	
377	0.11229	0.0996406	0.0125994	5.01532e-05	0.499612	0.44333	0.0560585	0.000223146	8.13849e-05	0.000362105	
378	0.123582	0.103244	0.0202463	9.20626e-05	0.549856	0.459365	0.090082	0.000409613	9.8342e-05	0.000437552	
379	0.0981907	0.0763753	0.0216625	0.00015289	0.436879	0.339816	0.0963829	0.000680255	0.000185345	0.000824657	
380	0.109639	0.0820416	0.0275496	4.8098e-05	0.487818	0.365027	0.122576	0.000214002	5.96842e-05	0.000265552	
381	0.103137	0.0794342	0.0236268	7.68406e-05	0.45889	0.353426	0.105122	0.000341886	0.000128092	0.00056992	
382	0.106575	0.103561	0.00301308	2.8555e-07	0.474183	0.460776	0.0134061	1.27049e-06	3.00731e-07	1.33804e-06	
383	0.0789422	0.0755684	0.00337379	0	0.351237	0.336226	0.015011	0	0	0	
384	0.0927013	0.0899716	0.00272972	0	0.412455	0.40031	0.0121453	0	0	0	
385	0.132011	0.106827	0.0250804	0.000104216	0.587359	0.475305	0.11159	0.000463691	0.000115316	0.000513076	
386	0.100185	0.0792393	0.0205291	0.000417324	0.445756	0.352559	0.0913403	0.0018568	0.000519427	0.00231108	
387	0.0945048	0.0838213	0.0104581	0.000225403	0.42048	0.372945	0.0465313	0.00100288	0.000251276	0.001118	
388	0.0833401	0.0766079	0.00667408	5.81214e-05	0.370805	0.340851	0.0296949	0.000258599	5.81103e-05	0.000258549	
389	0.1422	0.110642	0.0315232	3.4756e-05	0.632693	0.492282	0.140256	0.000154639	3.88985e-05	0.00017307	
390	0.0849649	0.0740071	0.0109192	3.85836e-05	0.378033	0.329279	0.0485828	0.00017167	4.21692e-05	0.000187623	
391	0.0959417	0.0908292	0.00511254	0	0.426873	0.404126	0.0227472	0	0	0	
392	0.101386	0.0496069	0.0511363	0.000643244	0.451098	0.220715	0.22752	0.00286198	0.00073655	0.00327713	
393	0.0854106	0.0805216	0.00488897	0	0.380017	0.358264	0.0217524	0	0	0	
394	0.0964908	0.0921981	0.00429273	0	0.429316	0.410216	0.0190996	0	0	0	
395	0.155572	0.137646	0.0179198	6.55765e-06	0.692189	0.61243	0.0797305	2.91769e-05	7.37837e-06	3.28285e-05	
396	0.109969	0.0588777	0.0504549	0.000637162	0.489288	0.261964	0.224488	0.00283492	0.000639916	0.00284717	
397	0.131475	0.100865	0.0303539	0.000255878	0.584971	0.448779	0.135053	0.00113847	0.000369482	0.00164393	
398	0.0914708	0.090759	0.000711705	0	0.40698	0.403813	0.00316658	0	0	0	
399	0.079512	0.0781765	0.00133541	0	0.353772	0.34783	0.00594167	0	0	0	
400	0.148487	0.128488	0.0199973	1.25764e-06	0.660664	0.571684	0.0889741	5.59562e-06	1.24974e-06	5.56049e-06	
401	0.103203	0.100189	0.00301371	0	0.45918	0.445771	0.0134089	0	0	0	
402	0.104542	0.0830367	0.0214374	6.87609e-05	0.465142	0.369455	0.0953814	0.000305937	8.38436e-05	0.000373044	
403	0.114527	0.0884302	0.0259005	0.00019694	0.509568	0.393452	0.115239	0.000876244	0.000219818	0.000978037	
404	0.108298	0.0983495	0.00994869	0	0.48185	0.437586	0.0442646	0	0	0	
405	0.107053	0.106739	0.000313377	0	0.47631	0.474916	0.00139431	0	0	0	
406	0.199785	0.176161	0.0236151	9.15512e-06	0.888905	0.783793	0.10507	4.07338e-05	1.6144e-05	7.18296e-05	
407	0.120931	0.0851357	0.0354497	0.000346056	0.538059	0.378793	0.157726	0.0015397	0.000639875	0.00284699	
408	0.130131	0.127142	0.00298918	0	0.578993	0.565693	0.0132997	0	0	0	
409	0.0926772	0.0916213	0.00105591	0	0.412348	0.40765	0.00469808	0	0	0	
410	0.105337	0.0875938	0.0173996	0.000343898	0.468677	0.389731	0.077416	0.0015301	0.00034822	0.00154933	
411	0.131075	0.117057	0.0140178	0	0.583194	0.520825	0.0623697	0	0	0	
412	0.15597	0.121946	0.0339906	3.37366e-05	0.69396	0.542575	0.151234	0.000150104	3.74667e-05	0.0001667	
413	0.0951779	0.0914064	0.0037714	0	0.423474	0.406694	0.0167801	0	0	0	
414	0.148655	0.112392	0.0358643	0.000398545	0.661412	0.500068	0.15957	0.00177324	0.000418564	0.00186231	
415	0.0938725	0.091832	0.00204055	0	0.417666	0.408587	0.00907903	0	0	0	
416	0.129535	0.105964	0.023558	1.27781e-05	0.57634	0.471466	0.104816	5.68537e-05	1.27666e-05	5.68025e-05	
417	0.105588	0.09564	0.00994869	0	0.469795	0.42553	0.0442646	0	0	0	
418	0.0816004	0.076828	0.00477239	0	0.363064	0.34183	0.0212338	0	0	0	
419	0.139876	0.102006	0.0378319	3.79402e-05	0.62235	0.453856	0.168325	0.000168807	4.62019e-05	0.000205566	
420	0.083654	0.083654	0	0	0.372201	0.372201	0	0	0	0	
421	0.0888575	0.0860495	0.00280801	0	0.395353	0.382859	0.0124936	0	0	0	
422	0.106476	0.0809474	0.0250053	0.000523454	0.473744	0.360158	0.111256	0.002329	0.000523442	0.00232895	
423	0.0676463	0.0559554	0.0116891	1.86612e-06	0.300978	0.248962	0.0520083	8.30293e-06	2.94758e-06	1.31146e-05	
424	0.11061	0.110499	0.00011117	0	0.492138	0.491644	0.000494629	0	0	0	
425	0.0761307	0.0695312	0.0065995	0	0.338728	0.309365	0.0293631	0	0	0	
426	0.114654	0.109002	0.00564816	4.43772e-06	0.510133	0.484983	0.0251303	1.97447e-05	5.14285e-06	2.2882e-05	
427	0.0934061	0.0904464	0.00295758	2.1967e-06	0.415591	0.402422	0.0131591	9.77378e-06	2.29121e-06	1.01942e-05	
428	0.0957975	0.0940204	0.00177621	8.54877e-07	0.426231	0.418324	0.00790288	3.8036e-06	1.38137e-06	6.14615e-06	
429	0.120695	0.088198	0.0324979	0	0.537012	0.392418	0.144593	0	0	0	
430	0.227555	0.212316	0.0152363	2.45563e-06	1.01245	0.944658	0.0677908	1.09258e-05	2.44864e-06	1.08947e-05	
431	0.172676	0.166292	0.00638335	0	0.768287	0.739886	0.0284014	0	0	0	
432	0.135527	0.11215	0.0233565	2.01432e-05	0.603002	0.498992	0.10392	8.96234e-05	3.30257e-05	0.000146941	
433	0.110077	0.0985492	0.0114565	7.16166e-05	0.489766	0.438474	0.0509733	0.000318643	8.52059e-05	0.000379106	
434	0.0835196	0.0805698	0.00294976	0	0.371603	0.358478	0.0131243	0	0	0	
435	0.213426	0.152071	0.0610296	0.000324824	0.949595	0.676611	0.271538	0.00144523	0.000411288	0.00182994	
436	0.128145	0.0861441	0.0414992	0.000501705	0.570155	0.38328	0.184642	0.00223223	0.00067401	0.00299887	
437	0.142046	0.0861935	0.0542568	0.00159621	0.632007	0.3835	0.241404	0.00710204	0.00215014	0.00956661	
438	0.172346	0.130445	0.0411892	0.000711533	0.766821	0.580392	0.183263	0.00316582	0.000781576	0.00347746	
439	0.139397	0.127118	0.0122636	1.49433e-05	0.620218	0.565588	0.0545643	6.64872e-05	2.75466e-05	0.000122563	
440	0.0838358	0.0801819	0.00364342	1.04758e-05	0.37301	0.356753	0.0162106	4.66101e-05	1.07556e-05	4.78551e-05	
441	0.0694864	0.0676643	0.00182211	0	0.309165	0.301058	0.00810713	0	0	0	
442	0.148695	0.0949703	0.0515536	0.00217172	0.66159	0.42255	0.229377	0.00966262	0.00320054	0.0142401	
443	0.17708	0.138013	0.0386606	0.000406683	0.787884	0.614062	0.172012	0.00180945	0.000584307	0.00259975	
444	0.131381	0.108005	0.0233525	2.41707e-05	0.584556	0.480546	0.103902	0.000107542	4.27772e-05	0.000190328	
445	0.111565	0.0882576	0.0231924	0.000115546	0.496388	0.392684	0.10319	0.000514099	0.000139822	0.000622109	
446	0.154117	0.0907522	0.0628122	0.000553446	0.685716	0.403783	0.27947	0.00246244	0.000861706	0.00383398	
447	0.161736	0.122038	0.0396987	0	0.719615	0.542984	0.176631	0	0	0	
448	0.0424061	0.0375727	0.00483337	0	0.188677	0.167172	0.0215051	0	0	0	
449	0.225369	0.154278	0.0709894	0.000101457	1.00273	0.686431	0.315852	0.000451412	0.000149264	0.000664121	
450	0.0877756	0.0794685	0.00830712	0	0.39054	0.353579	0.0369608	0	0	0	
451	0.132866	0.120283	0.0125788	4.37356e-06	0.591162	0.535176	0.0559668	1.94592e-05	6.62371e-06	2.94708e-05	
452	0.183734	0.1001	0.0818003	0.00183324	0.817487	0.445377	0.363953	0.00815663	0.00365069	0.016243	
453	0.10605	0.0956207	0.0104218	8.3656e-06	0.471852	0.425444	0.04637	3.7221e-05	9.41125e-06	4.18734e-05	
454	0.134197	0.0892088	0.0449566	3.21767e-05	0.597084	0.396916	0.200025	0.000143163	0.000110967	0.000493727	
455	0.159663	0.10512	0.0542039	0.000339496	0.71039	0.46771	0.241169	0.00151051	0.000543148	0.00241662	
456	0.14591	0.111945	0.0336623	0.000302685	0.649197	0.498076	0.149773	0.00134673	0.000465834	0.00207263	
457	0.122291	0.100604	0.0216703	1.64425e-05	0.54411	0.447619	0.0964179	7.31577e-05	2.40298e-05	0.000106915	
458	0.0941121	0.0789689	0.0151432	0	0.418732	0.351356	0.0673767	0	0	0	
459	0.103106	0.0889538	0.0141526	2.46547e-07	0.458752	0.395781	0.0629693	1.09696e-06	8.98867e-07	3.99932e-06	
460	0.147054	0.0854068	0.0616298	1.74005e-05	0.654286	0.38	0.274209	7.74201e-05	1.83054e-05	8.14465e-05	
461	0.14362	0.0855791	0.057954	8.75989e-05	0.639011	0.380766	0.257854	0.000389753	0.000130475	0.000580522	
462	0.117804	0.100054	0.0176704	7.90297e-05	0.524145	0.445172	0.0786209	0.000351626	0.000115019	0.000511757	
463	0.136604	0.119567	0.0170363	0	0.607792	0.531992	0.0757998	0	0	0	
464	0.0801231	0.0690306	0.0110892	3.202e-06	0.356491	0.307137	0.0493395	1.42466e-05	6.24242e-06	2.77744e-05	
465	0.0839665	0.0827318	0.00123468	0	0.373592	0.368098	0.00549349	0	0	0	
466	0.168101	0.110004	0.0575598	0.000537143	0.747932	0.489441	0.2561	0.00238991	0.000702448	0.0031254	
467	0.113052	0.0798273	0.0326585	0.000566664	0.503004	0.355175	0.145307	0.00252125	0.000704387	0.00313402	
468	0.106009	0.101611	0.00439759	2.6828e-07	0.471668	0.452101	0.0195661	1.19365e-06	2.13828e-06	9.51386e-06	
469	0.0770378	0.0768389	0.0001989	0	0.342764	0.341879	0.000884968	0	0	0	
470	0.105036	0.0949865	0.0100456	4.31483e-06	0.467338	0.422623	0.0446961	1.91979e-05	7.36719e-06	3.27788e-05	
471	0.132411	0.0790846	0.053193	0.000133993	0.589138	0.351871	0.236671	0.000596176	0.000319493	0.00142152	
472	0.127971	0.0892426	0.0358704	0.00285814	0.569382	0.397067	0.159598	0.0127167	0.00290547	0.0129273	
473	0.170623	0.0992659	0.0679452	0.00341247	0.759154	0.441663	0.302308	0.015183	0.00557675	0.0248126	
474	0.109021	0.0770086	0.032013	0	0.485069	0.342634	0.142435	0	0	0	
475	0.125276	0.113347	0.0119288	8.75318e-07	0.557393	0.504315	0.0530747	3.89455e-06	1.3472e-06	5.99413e-06	
476	0.163072	0.112785	0.0502823	3.97764e-06	0.725556	0.501817	0.223721	1.76977e-05	1.13728e-05	5.06013e-05	
477	0.12461	0.0970791	0.0274936	3.76267e-05	0.554428	0.431933	0.122327	0.000167412	6.76914e-05	0.000301179	
478	0.0932297	0.0789557	0.0142354	3.85071e-05	0.414806	0.351297	0.0633377	0.000171329	5.22689e-05	0.00023256	
479	0.107476	0.0977656	0.00961797	9.25949e-05	0.478193	0.434988	0.0427932	0.000411982	9.38852e-05	0.000417723	
480	0.126662	0.0976624	0.0289792	2.06147e-05	0.563558	0.434529	0.128937	9.17211e-05	3.66165e-05	0.000162917	
481	0.0858206	0.0759468	0.00987116	2.66114e-06	0.381841	0.337909	0.0439197	1.18402e-05	1.13317e-05	5.04182e-05	
482	0.142617	0.10585	0.036742	2.47702e-05	0.634548	0.470961	0.163476	0.000110209	5.77325e-05	0.000256869	
483	0.106866	0.0925318	0.0143343	0	0.475479	0.411701	0.0637778	0	0	0	
484	0.176947	0.116732	0.0592191	0.000996307	0.787293	0.519376	0.263483	0.00443286	0.001235	0.00549491	
485	0.116921	0.0949103	0.0217877	0.000223235	0.520217	0.422283	0.0969401	0.000993238	0.000244698	0.00108873	
486	0.0841166	0.0799575	0.00415896	9.33716e-08	0.374259	0.355754	0.0185044	4.15438e-07	8.30692e-08	3.69599e-07	
487	0.104026	0.0997421	0.0042839	0	0.462842	0.443782	0.0190603	0	0	0	
488	0.134812	0.0954439	0.0392483	0.00012031	0.599821	0.424658	0.174627	0.000535295	0.000191997	0.000854254	
489	0.146921	0.0980997	0.0487656	5.60271e-05	0.653696	0.436474	0.216972	0.000249281	7.42029e-05	0.00033015	
490	0.0954604	0.0906968	0.0047636	0	0.424731	0.403537	0.0211946	0	0	0	
491	0.0972296	0.0782156	0.0189914	2.2525e-05	0.432603	0.348004	0.0844985	0.00010022	3.66119e-05	0.000162897	
492	0.142436	0.0969342	0.0449129	0.00058892	0.63374	0.431289	0.19983	0.00262028	0.000866065	0.00385337	
493	0.189124	0.111602	0.0774987	2.25856e-05	0.841469	0.496553	0.344814	0.00010049	3.62632e-05	0.000161345	
494	0.193493	0.116997	0.0762313	0.00026443	0.860908	0.520556	0.339175	0.00117653	0.0003068	0.00136504	
495	0.0890022	0.0838422	0.00516004	0	0.395997	0.373038	0.0229585	0	0	0	
496	0.101861	0.089632	0.0120225	0.000207041	0.453212	0.398799	0.0534919	0.000921188	0.00020703	0.000921138	
497	0.114367	0.077487	0.0366427	0.000237483	0.508854	0.344762	0.163034	0.00105663	0.000363186	0.00161592	
498	0.175229	0.133389	0.0416535	0.000185966	0.779647	0.59349	0.185329	0.000827418	0.000229009	0.00101893	
499	0.16192	0.157795	0.00412375	1.55041e-06	0.720431	0.702076	0.0183478	6.89827e-06	1.83116e-06	8.1474e-06	
500	0.147661	0.0806548	0.0667243	0.000282513	0.65699	0.358857	0.296876	0.00125698	0.000551014	0.00245162	
501	0.166477	0.108301	0.0577976	0.000378365	0.740709	0.481866	0.257158	0.00168345	0.000537455	0.00239129	
502	0.0923246	0.0908195	0.00150507	0	0.410779	0.404083	0.0066965	0	0	0	
503	0.113302	0.102865	0.0104373	0	0.504117	0.457678	0.0464387	0	0	0	
504	0.1273	0.11918	0.00807685	4.28099e-05	0.566397	0.53027	0.0359363	0.000190473	4.52356e-05	0.000201266	
505	0.072204	0.0685687	0.00363358	1.70877e-06	0.321257	0.305082	0.0161668	7.60282e-06	1.87236e-06	8.33069e-06	
506	0.148833	0.097658	0.0499059	0.00126905	0.662202	0.434509	0.222046	0.00564639	0.00166125	0.00739143	
507	0.19667	0.157751	0.0387247	0.000194622	0.875047	0.701883	0.172297	0.000865933	0.000218808	0.000973545	
508	0.0923058	0.087899	0.00440345	3.33573e-06	0.410695	0.391088	0.0195922	1.48416e-05	3.32427e-06	1.47906e-05	
509	0.0957224	0.0870475	0.0086444	3.05197e-05	0.425897	0.3873	0.0384615	0.000135791	4.60331e-05	0.000204815	
510	0.137434	0.105137	0.0320783	0.000218692	0.611488	0.467789	0.142725	0.000973029	0.000288031	0.00128153	
511	0.0779084	0.0750286	0.00287675	2.9914e-06	0.346637	0.333824	0.0127995	1.33096e-05	3.55333e-06	1.58098e-05	
512	0.178526	0.0881894	0.089805	0.000532225	0.794318	0.39238	0.399569	0.00236803	0.000707573	0.0031482	
513	0.111724	0.0909904	0.0207104	2.31188e-05	0.497093	0.404843	0.092147	0.000102862	5.89444e-05	0.000262261	
514	0.280384	0.12824	0.147473	0.0046709	1.24751	0.570579	0.656151	0.0207822	0.00673895	0.0299835	
515	0.070585	0.0564993	0.0140595	2.61829e-05	0.314053	0.251382	0.062555	0.000116495	6.03448e-05	0.000268491	
516	0.109343	0.0883496	0.0207905	0.000203398	0.486501	0.393093	0.0925034	0.000904978	0.00021283	0.000946944	
517	0.0863197	0.081584	0.0047357	0	0.384062	0.362991	0.0210705	0	0	0	
518	0.176269	0.15556	0.0207089	0	0.784273	0.692133	0.0921402	0	0	0	
519	0.0705119	0.0420319	0.0284799	0	0.313728	0.187012	0.126715	0	0	0	
520	0.160908	0.122142	0.038389	0.000377235	0.715931	0.543448	0.170804	0.00167843	0.000486091	0.00216276	
521	0.253357	0.109674	0.142462	0.00122031	1.12726	0.487975	0.633858	0.00542953	0.00263787	0.0117366	
522	0.183811	0.0782102	0.104787	0.000814459	0.817833	0.34798	0.466229	0.00362377	0.00152779	0.00679761	
523	0.0877318	0.0760782	0.0116536	0	0.390344	0.338494	0.0518503	0	0	0	
524	0.141269	0.105807	0.0353269	0.000135525	0.628551	0.470768	0.15718	0.000602994	0.00025258	0.0011238	
525	0.148467	0.0996142	0.0484221	0.000431126	0.660575	0.443213	0.215444	0.0019182	0.000660659	0.00293946	
526	0.117876	0.101315	0.0165179	4.26265e-05	0.524466	0.450783	0.0734933	0.000189657	6.39598e-05	0.000284576	
527	0.109462	0.0778423	0.0315884	3.20397e-05	0.487032	0.346343	0.140546	0.000142554	4.88442e-05	0.000217322	
528	0.0889637	0.0803055	0.00865816	0	0.395826	0.357303	0.0385227	0	0	0	
529	0.139456	0.0809711	0.0583386	0.000147022	0.620484	0.360264	0.259565	0.000654145	0.000342937	0.00152583	
530	0.0967448	0.0807383	0.0159932	1.33553e-05	0.430446	0.359228	0.0711585	5.94218e-05	2.64106e-05	0.000117508	
531	0.170688	0.104903	0.0654839	0.000300668	0.759443	0.466748	0.291357	0.00133776	0.00059402	0.00264297	
532	0.104458	0.083681	0.0205444	0.000232598	0.464764	0.372321	0.0914081	0.0010349	0.000316553	0.00140844	
533	0.166237	0.117839	0.0482438	0.000154231	0.739637	0.5243	0.214651	0.000686221	0.000280636	0.00124863	
534	0.123665	0.11334	0.0102145	0.000111042	0.550225	0.504283	0.0454473	0.000494062	0.000114467	0.0005093	
535	0.0932191	0.0776399	0.0155712	7.87387e-06	0.414759	0.345443	0.0692811	3.50331e-05	7.91287e-06	3.52067e-05	
536	0.0697708	0.0658538	0.00391199	5.02291e-06	0.310431	0.293003	0.0174056	2.23484e-05	6.7892e-06	3.02071e-05	
537	0.122038	0.0767804	0.0451718	8.66161e-05	0.542986	0.341618	0.200982	0.00038538	0.000123177	0.000548054	
538	0.126579	0.080434	0.0457443	0.000401467	0.56319	0.357874	0.203529	0.00178624	0.00048984	0.00217944	
539	0.134202	0.0831896	0.050948	6.45317e-05	0.597105	0.370135	0.226683	0.00028712	0.000163476	0.000727357	
540	0.0912377	0.0799644	0.0111678	0.000105538	0.405943	0.355785	0.0496888	0.000469573	0.000130403	0.000580202	
541	0.0873684	0.0822269	0.00514052	9.71043e-07	0.388728	0.365852	0.0228717	4.32045e-06	3.3798e-06	1.50377e-05	
542	0.220728	0.150045	0.0701901	0.00049295	0.982087	0.667597	0.312296	0.00219328	0.000631344	0.00280903	
543	0.131102	0.0894445	0.0415398	0.000117902	0.583312	0.397965	0.184823	0.000524582	0.000155907	0.00069368	
544	0.173021	0.126764	0.0459804	0.000275992	0.769821	0.564013	0.20458	0.00122797	0.000619361	0.00275572	
545	0.156268	0.0752304	0.081035	2.49818e-06	0.695282	0.334722	0.360549	1.11151e-05	1.29364e-05	5.7558e-05	
546	0.135358	0.116632	0.018707	1.86139e-05	0.602249	0.518933	0.0832332	8.2819e-05	6.31453e-05	0.000280952	
547	0.0889346	0.0755322	0.0134023	0	0.395696	0.336065	0.059631	0	0	0	
548	0.118749	0.110855	0.00789386	0	0.528349	0.493227	0.0351221	0	0	0	
549	0.146993	0.0850531	0.0614105	0.000529845	0.654017	0.378426	0.273233	0.00235743	0.000665529	0.00296113	
550	0.192936	0.119808	0.0724315	0.000696284	0.858431	0.533063	0.322269	0.00309797	0.00132944	0.00591509	
551	0.096619	0.096619	0	0	0.429886	0.429886	0	0	0	0	
552	0.0814178	0.0726418	0.00875119	2.489e-05	0.362252	0.323204	0.0389366	0.000110743	2.75917e-05	0.000122763	
553	0.187415	0.183102	0.00431215	1.61316e-06	0.833868	0.814674	0.019186	7.17744e-06	1.73182e-06	7.70541e-06	
554	0.150254	0.102494	0.0469644	0.000795814	0.668528	0.456029	0.208958	0.00354081	0.00111333	0.00495356	
555	0.102216	0.0751872	0.0270201	8.70558e-06	0.454789	0.33453	0.12022	3.87337e-05	1.84412e-05	8.20504e-05	
556	0.176697	0.149667	0.0268754	0.000154007	0.786177	0.665915	0.119576	0.000685222	0.000154153	0.000685874	
557	0.0948695	0.0789989	0.0157385	0.000132054	0.422102	0.351489	0.0700256	0.000587549	0.000176332	0.000784555	
558	0.104491	0.0974844	0.0070069	0	0.464912	0.433737	0.0311758	0	0	0	
559	0.0998859	0.0791031	0.0203607	0.000422014	0.444422	0.351953	0.0905912	0.00187766	0.000531954	0.00236682	
560	0.092515	0.0848653	0.00764973	0	0.411626	0.37759	0.0340359	0	0	0	
561	0.109844	0.0931377	0.0166012	0.000105423	0.48873	0.414397	0.0738639	0.00046906	0.000140083	0.000623272	
562	0.0744445	0.0498686	0.0245759	0	0.331225	0.22188	0.109345	0	0	0	
563	0.10079	0.0788621	0.0218577	7.09378e-05	0.448448	0.350881	0.0972517	0.000315623	8.90208e-05	0.000396079	
564	0.121421	0.0815106	0.0393544	0.000556653	0.540241	0.362665	0.175099	0.00247671	0.000846426	0.003766	
565	0.103994	0.0850232	0.0189357	3.52575e-05	0.462701	0.378293	0.0842508	0.000156871	7.4702e-05	0.000332371	
566	0.128581	0.103813	0.0247448	2.31405e-05	0.572096	0.461896	0.110097	0.000102958	4.63618e-05	0.000206277	
567	0.207369	0.160943	0.0458598	0.000565544	0.922646	0.716085	0.204044	0.00251627	0.000671579	0.00298805	
568	0.155886	0.11533	0.0405565	0	0.693586	0.513138	0.180448	0	0	0	
569	0.0767752	0.0759158	0.000859395	0	0.341595	0.337771	0.0038237	0	0	0	
570	0.144805	0.119836	0.0248358	0.000133483	0.644282	0.533186	0.110501	0.000593907	0.000291882	0.00129867	
571	0.109957	0.0915723	0.0183854	1.70981e-07	0.489235	0.407432	0.0818021	7.60745e-07	6.57969e-07	2.9275e-06	
572	0.110489	0.097665	0.0127444	7.98977e-05	0.4916	0.43454	0.056704	0.000355488	0.000114623	0.000509993	
573	0.0996681	0.0844246	0.015215	2.84781e-05	0.443453	0.37563	0.0676962	0.000126707	3.71797e-05	0.000165423	
574	0.131467	0.0799128	0.0512748	0.000280166	0.584939	0.355555	0.228136	0.00124654	0.000427352	0.00190141	
575	0.157113	0.0843647	0.0714912	0.00125766	0.699044	0.375363	0.318085	0.00559571	0.00195274	0.00868835	
576	0.0626254	0.0545249	0.00810043	0	0.278638	0.242597	0.0360412	0	0	0	
577	0.127356	0.113237	0.0141188	0	0.566646	0.503827	0.0628187	0	0	0	
578	0.100047	0.0890873	0.01096	0	0.44514	0.396375	0.0487643	0	0	0	
579	0.0933516	0.0873648	0.0059866	1.56171e-07	0.415348	0.388712	0.0266361	6.94854e-07	1.51995e-06	6.7627e-06	
580	0.0820836	0.066824	0.0152472	1.22703e-05	0.365214	0.29732	0.0678396	5.45946e-05	3.00897e-05	0.000133878	
581	0.0839602	0.0752879	0.00867228	0	0.373563	0.334978	0.0385855	0	0	0	
582	0.0901676	0.084557	0.0055921	1.85391e-05	0.401182	0.376219	0.0248809	8.24863e-05	2.46491e-05	0.000109671	
583	0.115753	0.0929953	0.0226863	7.15583e-05	0.51502	0.413763	0.100938	0.000318384	9.58602e-05	0.00042651	
584	0.206879	0.128274	0.0780509	0.000553522	0.920466	0.570732	0.347271	0.00246278	0.000669499	0.0029788	
585	0.116827	0.0750865	0.0416773	6.39427e-05	0.519801	0.334082	0.185434	0.0002845	7.07817e-05	0.000314928	
586	0.138043	0.084555	0.0533265	0.00016179	0.614195	0.37621	0.237265	0.000719855	0.000183834	0.000817935	
587	0.107759	0.0891861	0.018477	9.59651e-05	0.479452	0.396815	0.0822096	0.000426977	0.000112772	0.000501757	
588	0.069136	0.0678004	0.00133559	0	0.307606	0.301664	0.00594245	0	0	0	
589	0.15797	0.109541	0.0471906	0.00123799	0.702857	0.487383	0.209965	0.00550822	0.00149947	0.0066716	
590	0.133855	0.107684	0.0261421	2.87514e-05	0.59556	0.479118	0.116314	0.000127923	4.05221e-05	0.000180295	
591	0.138358	0.0962147	0.0420484	9.54901e-05	0.615598	0.428087	0.187086	0.000424863	0.000142481	0.000633943	
592	0.110521	0.0860453	0.0244591	1.74473e-05	0.491744	0.382841	0.108826	7.76282e-05	2.37562e-05	0.000105698	
593	0.104427	0.0942743	0.0100636	8.90107e-05	0.464626	0.419454	0.0447761	0.000396034	0.000102675	0.000456835	
594	0.0903008	0.0807545	0.00953161	1.47131e-05	0.401775	0.3593	0.0424089	6.54631e-05	1.93885e-05	8.62652e-05	
595	0.109927	0.0941198	0.0157444	6.35719e-05	0.489101	0.418767	0.0700515	0.00028285	7.62885e-05	0.00033943	
596	0.104085	0.0905259	0.0135498	9.62545e-06	0.463106	0.402776	0.0602873	4.28264e-05	1.35955e-05	6.04904e-05	
597	0.15255	0.141377	0.0111351	3.79746e-05	0.678743	0.629031	0.0495434	0.00016896	4.20807e-05	0.000187229	
598	0.120034	0.108536	0.0114231	7.41273e-05	0.534067	0.482912	0.050825	0.000329814	7.41369e-05	0.000329856	
599	0.108033	0.0936751	0.0143587	0	0.480674	0.416788	0.0638864	0	0	0	
600	0.109181	0.108266	0.0009153	0	0.485782	0.48171	0.00407244	0	0	0	
601	0.333655	0.148485	0.182927	0.00224321	1.48453	0.660653	0.813896	0.00998074	0.00224606	0.00999338	
602	0.105282	0.102871	0.00241098	9.72357e-07	0.468434	0.457703	0.0107271	4.3263e-06	1.13035e-06	5.02927e-06	
603	0.127303	0.052109	0.0751743	2.01635e-05	0.566411	0.231848	0.334472	8.97136e-05	5.60576e-05	0.000249416	
604	0.0874999	0.0811801	0.00631981	0	0.389313	0.361194	0.0281187	0	0	0	
605	0.141276	0.0496893	0.0915876	0	0.628582	0.221082	0.4075	0	0	0	
606	0.146704	0.0940505	0.0516438	0.00100981	0.65273	0.418458	0.229778	0.00449296	0.00198167	0.00881707	
607	0.0891481	0.078396	0.0106684	8.35976e-05	0.396646	0.348807	0.0474671	0.00037195	0.000107514	0.000478363	
608	0.08987	0.0790142	0.0108206	3.51456e-05	0.399858	0.351557	0.0481444	0.000156373	4.49457e-05	0.000199977	
609	0.0918753	0.087342	0.00453339	0	0.40878	0.38861	0.0201703	0	0	0	
610	0.0916065	0.0802345	0.0113232	4.87713e-05	0.407584	0.356987	0.0503806	0.000216998	5.92654e-05	0.000263689	
611	0.0629188	0.0578668	0.005052	0	0.279944	0.257466	0.0224778	0	0	0	
612	0.0957563	0.0908452	0.00489164	1.94901e-05	0.426048	0.404197	0.0217643	8.67174e-05	2.3245e-05	0.000103423	
613	0.0913458	0.0768247	0.0144073	0.000113706	0.406424	0.341816	0.0641026	0.000505915	0.000127807	0.000568653	
614	0.0910272	0.0838225	0.00716429	4.03264e-05	0.405006	0.372951	0.031876	0.000179424	4.68319e-05	0.000208369	
615	0.0900804	0.0869492	0.003131	1.6162e-07	0.400794	0.386862	0.0139307	7.19098e-07	1.58801e-07	7.06554e-07	
616	0.0980799	0.0891509	0.00878564	0.00014337	0.436386	0.396659	0.0390899	0.000637897	0.000146703	0.000652725	
617	0.123748	0.0918519	0.0318683	2.86654e-05	0.550595	0.408676	0.141791	0.00012754	3.73487e-05	0.000166175	
618	0.0614353	0.0560234	0.0054119	0	0.273343	0.249264	0.0240791	0	0	0	
619	0.137705	0.0990369	0.0386351	3.30709e-05	0.61269	0.440644	0.171899	0.000147142	3.4655e-05	0.00015419	
620	0.112384	0.0878587	0.0245231	2.93137e-06	0.500033	0.390909	0.10911	1.30425e-05	3.29108e-06	1.4643e-05	
621	0.391715	0.186427	0.201332	0.00395674	1.74285	0.829469	0.895786	0.0176047	0.00437848	0.0194811	
622	0.039035	0.0305294	0.00848043	2.52186e-05	0.173678	0.135834	0.0377319	0.000112205	2.60947e-05	0.000116103	
623	0.0795233	0.0719476	0.0075671	8.61172e-06	0.353822	0.320116	0.0336682	3.83161e-05	1.06917e-05	4.75707e-05	
624	0.111841	0.08281	0.0288845	0.000146888	0.497615	0.368446	0.128515	0.000653549	0.000156742	0.000697395	
625	0.0710705	0.055052	0.0160184	0	0.316213	0.244942	0.071271	0	0	0	
626	0.0714595	0.0639092	0.00755019	0	0.317944	0.284351	0.033593	0	0	0	
627	0.0926204	0.0792106	0.0134085	1.19208e-06	0.412095	0.352431	0.0596585	5.30392e-06	1.02376e-05	4.55505e-05	
628	0.0602163	0.060186	3.02863e-05	0	0.26792	0.267785	0.000134752	0	0	0	
629	0.239445	0.13779	0.100788	0.000867448	1.06536	0.613069	0.448436	0.00385953	0.00102138	0.00454443	
630	0.184073	0.145763	0.0382967	1.34842e-05	0.818999	0.648545	0.170393	5.99955e-05	1.61241e-05	7.17412e-05	
631	0.113648	0.0959628	0.0176856	0	0.505655	0.426966	0.0786887	0	0	0	
632	0.0433112	0.0433112	0	0	0.192704	0.192704	0	0	0	0	
633	0.0611257	0.0452168	0.0159088	0	0.271966	0.201183	0.0707833	0	0	0	
634	0.0420373	0.0420251	1.22258e-05	0	0.187036	0.186982	5.43962e-05	0	0	0	
635	0.0774831	0.0656425	0.0118352	5.36617e-06	0.344745	0.292062	0.0526586	2.38756e-05	6.99725e-06	3.11328e-05	
636	0.0964882	0.0650903	0.0313866	1.12512e-05	0.429304	0.289606	0.139648	5.00602e-05	2.33747e-05	0.000104	
637	0.0791078	0.0737378	0.00536992	0	0.351974	0.328081	0.0238923	0	0	0	
638	0.133784	0.0816578	0.0521226	3.60684e-06	0.595244	0.363319	0.231909	1.60479e-05	1.33531e-05	5.94121e-05	
639	0.136586	0.0762415	0.060325	2.03904e-05	0.607715	0.339221	0.268403	9.0723e-05	2.98899e-05	0.000132989	
640	0.0865818	0.0806085	0.0059463	2.69734e-05	0.385228	0.358651	0.0264568	0.000120012	3.20923e-05	0.000142788	
641	0.0751734	0.0751437	2.97253e-05	0	0.334468	0.334336	0.000132256	0	0	0	
642	0.0634117	0.0631666	0.000245046	0	0.282137	0.281047	0.00109028	0	0	0	
643	0.179045	0.142141	0.0365771	0.000326953	0.796624	0.632427	0.162742	0.00145471	0.000677107	0.00301265	
644	0.107526	0.082524	0.0250019	0	0.478414	0.367173	0.111241	0	0	0	
645	0.0834087	0.0805157	0.00288993	3.05206e-06	0.37111	0.358238	0.0128581	1.35795e-05	4.11282e-06	1.82991e-05	
646	0.127897	0.0751049	0.0527922	0	0.569052	0.334163	0.234888	0	0	0	
647	0.174224	0.124024	0.0495429	0.000657036	0.775175	0.55182	0.220431	0.00292334	0.00115415	0.00513515	
648	0.148371	0.117465	0.0308521	5.38023e-05	0.660146	0.522637	0.13727	0.000239382	6.10565e-05	0.000271658	
649	0.0644366	0.0644354	1.19694e-06	0	0.286697	0.286692	5.32556e-06	0	0	0	
650	0.073529	0.0730928	0.000436197	0	0.327152	0.325211	0.00194077	0	0	0	
651	0.103099	0.101654	0.00144583	0	0.458721	0.452288	0.00643296	0	0	0	
652	0.117489	0.082593	0.0340312	0.000865551	0.522746	0.36748	0.151414	0.00385109	0.000995026	0.00442716	
653	0.104222	0.0877943	0.0164124	1.56255e-05	0.463716	0.390623	0.0730237	6.95224e-05	2.80108e-05	0.000124628	
654	0.113411	0.0883928	0.0249454	7.29415e-05	0.5046	0.393285	0.110989	0.000324538	0.000160943	0.000716086	
655	0.127999	0.0811911	0.0459101	0.000898316	0.569508	0.361243	0.204267	0.00399687	0.00186175	0.0082835	
656	0.20444	0.11862	0.083342	0.00247824	0.909618	0.527778	0.370813	0.0110264	0.00373736	0.0166286	
657	0.127861	0.0802458	0.0476155	0	0.568893	0.357037	0.211855	0	0	0	
658	0.100941	0.0754878	0.0254531	0	0.449116	0.335867	0.113248	0	0	0	
659	0.135226	0.0959575	0.0382708	0.000998238	0.601663	0.426943	0.170278	0.00444145	0.00155357	0.0069123	
660	0.1498	0.100661	0.0490069	0.000131352	0.666504	0.447873	0.218046	0.000584426	0.000200827	0.000893542	
661	0.173321	0.0985805	0.0738017	0.00093905	0.771157	0.438613	0.328365	0.00417811	0.00122512	0.00545094	
662	0.117164	0.0806515	0.0362364	0.00027642	0.521299	0.358842	0.161226	0.00122987	0.000466201	0.00207426	
663	0.106327	0.0805698	0.0255432	0.000213983	0.47308	0.358478	0.113649	0.000952073	0.000275286	0.00122483	
664	0.0970862	0.0875599	0.00952629	0	0.431965	0.38958	0.0423853	0	0	0	
665	0.109128	0.0874543	0.0216523	2.12921e-05	0.485542	0.38911	0.0963376	9.4735e-05	4.06699e-05	0.000180952	
666	0.10397	0.0791689	0.0246885	0.000113107	0.462595	0.352245	0.109846	0.000503248	0.000148933	0.00066265	
667	0.170089	0.105118	0.059723	0.00524725	0.756776	0.467704	0.265725	0.0233465	0.00580618	0.0258334	
668	0.10313	0.0832881	0.0198418	4.745e-07	0.458857	0.370573	0.0882821	2.11119e-06	1.11175e-05	4.94652e-05	
669	0.0442768	0.0436324	0.000644394	0	0.197	0.194133	0.0028671	0	0	0	
670	0.0922359	0.0828633	0.0093132	5.93872e-05	0.410385	0.368683	0.0414372	0.000264231	7.10103e-05	0.000315946	
671	0.0574022	0.0507881	0.00661415	0	0.255399	0.225971	0.0294283	0	0	0	
672	0.147715	0.112289	0.0354134	1.22887e-05	0.65723	0.49961	0.157565	5.4676e-05	1.83574e-05	8.16776e-05	
673	0.134343	0.101755	0.0323076	0.000280135	0.597732	0.452739	0.143746	0.0012464	0.000399273	0.00177648	
674	0.130104	0.0956253	0.0343268	0.00015249	0.578873	0.425465	0.15273	0.000678476	0.000326666	0.00145343	
675	0.110032	0.0814257	0.0285669	3.9648e-05	0.489566	0.362287	0.127102	0.000176405	4.38782e-05	0.000195227	
676	0.140551	0.110103	0.0299295	0.000518396	0.625355	0.489883	0.133165	0.00230649	0.00064907	0.0028879	
677	0.102094	0.093705	0.00835467	3.48339e-05	0.454248	0.416921	0.0371724	0.000154986	4.44865e-05	0.000197933	
678	0.100122	0.0805466	0.0194064	0.000169074	0.445473	0.358376	0.0863452	0.000752263	0.000218389	0.00097168	
679	0.13466	0.0912598	0.0433998	4.2951e-07	0.599142	0.406041	0.193098	1.91101e-06	4.25481e-07	1.89309e-06	
680	0.123368	0.110723	0.0126447	0	0.548902	0.492641	0.0562602	0	0	0	
681	0.11151	0.0980405	0.0134391	3.11229e-05	0.496144	0.436211	0.0597947	0.000138475	4.58919e-05	0.000204186	
682	0.102425	0.0979402	0.00448565	0	0.455723	0.435765	0.019958	0	0	0	
683	0.100449	0.0914612	0.00898873	0	0.446931	0.406937	0.0399935	0	0	0	
684	0.116869	0.0945594	0.0223099	0	0.519986	0.420722	0.0992636	0	0	0	
685	0.188174	0.141178	0.0462131	0.000783344	0.837244	0.628142	0.205616	0.00348532	0.000785266	0.00349388	
686	0.111788	0.0907993	0.0205538	0.000435259	0.497379	0.403992	0.0914501	0.00193659	0.00086632	0.00385451	
687	0.0817364	0.0780707	0.00366038	5.30433e-06	0.363669	0.347359	0.0162861	2.36005e-05	6.41515e-06	2.85429e-05	
688	0.0644814	0.0644427	3.86939e-05	0	0.286896	0.286724	0.00017216	0	0	0	
689	0.00825465	0.00717411	0.00108053	0	0.0367274	0.0319197	0.00480763	0	0	0	
690	0.060262	0.0600219	0.000240147	0	0.268123	0.267055	0.00106848	0	0	0	
691	0.108151	0.0984281	0.00967935	4.37273e-05	0.481196	0.437935	0.0430663	0.000194555	6.6967e-05	0.000297956	
692	0.0731455	0.0731455	0	0	0.325446	0.325446	0	0	0	0	
693	0.0879371	0.0795799	0.00835727	0	0.391258	0.354074	0.0371839	0	0	0	
694	0.212303	0.154883	0.0560754	0.00134443	0.9446	0.689122	0.249496	0.00598179	0.00170505	0.00758627	
695	0.0954027	0.0795629	0.0158252	1.45931e-05	0.424474	0.353999	0.070411	6.49293e-05	3.48339e-05	0.000154986	
696	0.216895	0.16024	0.0559448	0.000710113	0.96503	0.712955	0.248914	0.0031595	0.00103927	0.00462401	
697	0.155623	0.0830379	0.071392	0.00119295	0.692412	0.36946	0.317644	0.0053078	0.00149749	0.00666279	
698	0.2604	0.196395	0.0628775	0.00112833	1.1586	0.873819	0.27976	0.00502031	0.00119168	0.00530214	
699	0.336371	0.185909	0.143756	0.00670575	1.49661	0.827164	0.639615	0.0298358	0.00713788	0.0317585	
700	0.0827707	0.0827707	0	0	0.368271	0.368271	0	0	0	0	
701	0.0826267	0.0826267	0	0	0.36763	0.36763	0	0	0	0	
702	0.108839	0.106563	0.00227583	0	0.484259	0.474133	0.0101258	0	0	0	
703	0.0926665	0.0878891	0.00471458	6.28271e-05	0.4123	0.391044	0.0209765	0.000279536	6.28156e-05	0.000279485	
704	0.09447	0.0796651	0.0148048	0	0.420325	0.354453	0.0658712	0	0	0	
705	0.102204	0.0883159	0.0138838	4.70473e-06	0.454737	0.392943	0.0617731	2.09327e-05	4.69276e-06	2.08795e-05	
706	0.223028	0.158613	0.0643068	0.000108764	0.99232	0.705716	0.286119	0.000483923	0.000281447	0.00125224	
707	0.0892496	0.0804731	0.00877654	0	0.397098	0.358048	0.0390494	0	0	0	
708	0.0801409	0.0801409	0	0	0.35657	0.35657	0	0	0	0	
709	0.126544	0.103631	0.0226028	0.000310182	0.563035	0.461088	0.100566	0.00138009	0.000315607	0.00140423	
710	0.17258	0.0962295	0.0758703	0.000481034	0.767863	0.428153	0.337569	0.00214026	0.000652307	0.0029023	
711	0.0952017	0.0808681	0.0143336	0	0.42358	0.359806	0.0637747	0	0	0	
712	0.0767892	0.0767469	4.22915e-05	0	0.341657	0.341469	0.000188167	0	0	0	
713	0.0908335	0.0785952	0.0122383	0	0.404145	0.349693	0.054452	0	0	0	
714	0.094296	0.0818636	0.0124324	0	0.419551	0.364235	0.0553157	0	0	0	
715	0.0720488	0.0702145	0.0018343	0	0.320566	0.312405	0.00816136	0	0	0	
716	0.0827358	0.0751571	0.00757862	2.08887e-08	0.368116	0.334396	0.0337195	9.294e-08	9.6613e-09	4.2986e-08	
717	0.0992646	0.0884893	0.0107262	4.91048e-05	0.441657	0.393715	0.047724	0.000218482	4.90935e-05	0.000218431	
718	0.121814	0.1084	0.0132504	0.000163987	0.541988	0.482304	0.0589551	0.000729627	0.000165239	0.000735199	
719	0.0717613	0.0630724	0.00865386	3.50367e-05	0.319287	0.280628	0.0385036	0.000155888	3.7128e-05	0.000165193	
720	0.0623013	0.0622311	7.02014e-05	0	0.277196	0.276884	0.000312346	0	0	0	
721	0.125704	0.106573	0.0189289	0.000201301	0.559294	0.474178	0.0842206	0.00089565	0.000206504	0.000918798	
722	0.0812827	0.0810421	0.00024065	0	0.361651	0.36058	0.00107072	0	0	0	
723	0.11615	0.102283	0.0138632	3.60088e-06	0.516785	0.455088	0.0616817	1.60213e-05	3.58891e-06	1.59681e-05	
724	0.0809163	0.0806757	0.00024065	0	0.36002	0.35895	0.00107072	0	0	0	
725	0.0883648	0.0625322	0.0258325	0	0.393161	0.278224	0.114936	0	0	0	
726	0.0448434	0.0426323	0.00221109	0	0.199521	0.189684	0.00983782	0	0	0	
727	0.089167	0.0889467	0.000220289	0	0.39673	0.39575	0.000980131	0	0	0	
728	0.102803	0.0854041	0.0171849	0.000214867	0.457404	0.379988	0.0764606	0.000956008	0.000247028	0.0010991	
729	0.105735	0.0775801	0.0279574	0.000197501	0.470446	0.345176	0.12439	0.000878744	0.00132252	0.00588429	
730	0.110912	0.104859	0.00604887	4.06445e-06	0.493481	0.46655	0.0269132	1.80839e-05	4.05341e-06	1.80348e-05	
731	0.133627	0.0944147	0.0380669	0.00114619	0.59455	0.420079	0.169371	0.00509976	0.00171513	0.00763115	
732	0.085867	0.077352	0.00851495	0	0.382047	0.344162	0.0378855	0	0	0	
733	0.103416	0.0919478	0.0113595	0.00010867	0.460128	0.409103	0.050542	0.000483507	0.000113502	0.000505004	
734	0.113453	0.106813	0.00663448	5.53193e-06	0.504789	0.475246	0.0295187	2.46131e-05	6.69695e-06	2.97967e-05	
735	0.0684638	0.0657096	0.00275415	0	0.304615	0.292361	0.012254	0	0	0	
736	0.0569569	0.0554784	0.00147847	0	0.253418	0.246839	0.00657817	0	0	0	
737	0.104537	0.0796238	0.0249138	0	0.465119	0.35427	0.110849	0	0	0	
738	0.119179	0.113141	0.0060147	2.24477e-05	0.530263	0.503402	0.0267612	9.98766e-05	2.75614e-05	0.000122629	
739	0.0656139	0.0648107	0.000803242	0	0.291935	0.288362	0.00357386	0	0	0	
740	0.0366851	0.0366851	0	0	0.163223	0.163223	0	0	0	0	
741	0.0890768	0.0863677	0.00270908	0	0.396329	0.384275	0.0120535	0	0	0	
742	0.140281	0.122918	0.0173572	6.14414e-06	0.624154	0.546899	0.0772276	2.73371e-05	6.13187e-06	2.72825e-05	
743	0.0880681	0.0841547	0.00388318	3.02173e-05	0.39184	0.374429	0.0172774	0.000134446	3.02059e-05	0.000134394	
744	0.0572208	0.0553355	0.00188528	0	0.254592	0.246204	0.00838817	0	0	0	
745	0.122108	0.101701	0.0203257	8.1863e-05	0.543297	0.452498	0.0904351	0.000364232	8.22396e-05	0.000365908	
746	0.080167	0.075116	0.00504052	1.04233e-05	0.356686	0.334213	0.0224267	4.63766e-05	1.52252e-05	6.77414e-05	
747	0.0860974	0.0842131	0.00188425	0	0.383072	0.374689	0.00838361	0	0	0	
748	0.0984716	0.0821943	0.016181	9.62651e-05	0.438129	0.365707	0.0719941	0.000428312	9.62539e-05	0.000428262	
749	0.118433	0.112321	0.00610734	5.27807e-06	0.526947	0.49975	0.0271733	2.34837e-05	5.26656e-06	2.34325e-05	
750	0.0911698	0.0820944	0.00907543	0	0.405641	0.365262	0.0403793	0	0	0	
751	0.292435	0.151864	0.125821	0.0147493	1.30113	0.675689	0.559817	0.065624	0.017268	0.0768304	
752	0.0904563	0.0763365	0.0141175	2.29335e-06	0.402467	0.339644	0.0628129	1.02038e-05	1.11293e-05	4.95176e-05	
753	0.101537	0.0924621	0.00907543	0	0.45177	0.411391	0.0403793	0	0	0	
754	0.224268	0.176381	0.0478869	6.25566e-07	0.997838	0.784772	0.213062	2.78332e-06	8.13696e-07	3.62037e-06	
755	0.109686	0.091989	0.0176971	2.28935e-08	0.488026	0.409286	0.0787397	1.0186e-07	4.48068e-07	1.99358e-06	
756	0.211253	0.11397	0.0972764	6.10482e-06	0.939928	0.50709	0.432811	2.71621e-05	7.6202e-05	0.000339045	
757	0.120772	0.0774869	0.040442	0.00284339	0.537351	0.344762	0.179938	0.012651	0.00337082	0.0149978	
758	0.240488	0.127731	0.112582	0.000173909	1.07	0.568314	0.500913	0.000773776	0.000256398	0.00114079	
759	0.112164	0.0712741	0.0403983	0.000491843	0.499051	0.317119	0.179744	0.00218835	0.00191588	0.00852432	
760	0.111758	0.0866416	0.025117	0	0.497247	0.385494	0.111753	0	0	0	
761	0.122527	0.109785	0.0125884	0.000153504	0.545159	0.488467	0.0560096	0.000682985	0.000165174	0.000734908	
762	0.0506121	0.0506121	0	0	0.225188	0.225188	0	0	0	0	
763	0.0553979	0.0538933	0.00150454	0	0.246481	0.239787	0.00669418	0	0	0	
764	0.0782734	0.0766099	0.0016635	0	0.348261	0.34086	0.00740143	0	0	0	
765	0.0837002	0.0837002	0	0	0.372406	0.372406	0	0	0	0	
766	0.0479128	0.0444402	0.0034299	4.27217e-05	0.213178	0.197727	0.0152606	0.000190081	4.27103e-05	0.00019003	
767	0.0484941	0.0430875	0.00538803	1.85601e-05	0.215764	0.191709	0.0239729	8.25796e-05	3.3625e-05	0.000149607	
768	0.0453629	0.0452435	0.000119346	0	0.201833	0.201302	0.000531008	0	0	0	
769	0.0739987	0.0523939	0.0211724	0.000432295	0.329242	0.233116	0.0942024	0.00192341	0.000496985	0.00221123	
770	0.0757583	0.0564807	0.0192775	0	0.337071	0.251299	0.0857717	0	0	0	
771	0.104715	0.0781319	0.0265133	7.02402e-05	0.46591	0.347632	0.117965	0.000312519	8.18747e-05	0.000364285	
772	0.103155	0.103104	5.08179e-05	0	0.458967	0.458741	0.000226104	0	0	0	
773	0.111482	0.0903882	0.0210737	2.004e-05	0.496016	0.402163	0.0937635	8.9164e-05	2.47529e-05	0.000110133	
774	0.0777937	0.0775105	0.00028322	0	0.346127	0.344867	0.00126013	0	0	0	
775	0.0755334	0.0755334	0	0	0.33607	0.33607	0	0	0	0	
776	0.0647983	0.0647983	0	0	0.288306	0.288306	0	0	0	0	
777	0.0742085	0.0742085	0	0	0.330175	0.330175	0	0	0	0	
778	0.092136	0.092136	0	0	0.40994	0.40994	0	0	0	0	
779	0.15082	0.110575	0.0402446	0	0.671044	0.491984	0.17906	0	0	0	
780	0.0496167	0.0434179	0.006196	2.74584e-06	0.220759	0.193179	0.0275678	1.2217e-05	3.70107e-06	1.64671e-05	
781	0.0536016	0.0424202	0.0111814	0	0.238489	0.18874	0.0497494	0	0	0	
782	0.105988	0.0950245	0.010964	0	0.471574	0.422792	0.0487822	0	0	0	
783	0.241574	0.134702	0.0971895	0.00968252	1.07483	0.599329	0.432425	0.0430804	0.0122286	0.054409	
784	0.0716546	0.0716546	0	0	0.318812	0.318812	0	0	0	0	
785	0.116835	0.0752527	0.0415824	0	0.519834	0.334821	0.185012	0	0	0	
786	0.136801	0.0947986	0.0412592	0.000743992	0.608672	0.421787	0.183574	0.00331024	0.0014453	0.00643057	
787	0.181572	0.0839621	0.096526	0.00108429	0.807869	0.373572	0.429473	0.00482434	0.00373431	0.016615	
788	0.143173	0.09154	0.0515417	9.18335e-05	0.637021	0.407288	0.229324	0.000408594	0.000108163	0.000481249	
789	0.102968	0.102685	0.00028322	0	0.458138	0.456878	0.00126013	0	0	0	
790	0.124799	0.084474	0.0403258	0	0.555271	0.37585	0.179421	0	0	0	
791	0.128755	0.0872461	0.0409361	0.000573691	0.572873	0.388183	0.182137	0.00255252	0.00141903	0.00631372	
792	0.0934913	0.0825272	0.010964	0	0.41597	0.367188	0.0487822	0	0	0	
793	0.240106	0.147518	0.0879826	0.00460496	1.0683	0.656354	0.39146	0.0204888	0.00512506	0.0228029	
794	0.103494	0.0897208	0.0137524	2.13428e-05	0.460477	0.399194	0.0611885	9.49605e-05	2.42713e-05	0.00010799	
795	0.129649	0.105747	0.0238857	1.68307e-05	0.57685	0.4705	0.106274	7.48849e-05	2.48493e-05	0.000110562	
796	0.0948927	0.0939579	0.000934815	0	0.422205	0.418046	0.00415926	0	0	0	
797	0.0554582	0.0533557	0.0021025	0	0.24675	0.237395	0.00935465	0	0	0	
798	0.17642	0.103991	0.0717879	0.000641785	0.784948	0.462686	0.319405	0.00285549	0.0013327	0.00592959	
799	0.164997	0.129548	0.0354046	4.486e-05	0.734122	0.576397	0.157525	0.000199595	9.22482e-05	0.000410439	
800	0.194427	0.159057	0.0352755	9.42734e-05	0.865066	0.707695	0.156951	0.00041945	0.000104862	0.000466566	
801	0.154105	0.0854348	0.0684405	0.000229604	0.685658	0.380124	0.304512	0.00102157	0.000367746	0.00163621	
802	0.116395	0.0865122	0.0298834	0	0.517878	0.384918	0.13296	0	0	0	
803	0.0834583	0.0834583	0	0	0.37133	0.37133	0	0	0	0	
804	0.182523	0.151316	0.0312005	6.8552e-06	0.812101	0.67325	0.13882	3.05008e-05	8.29705e-06	3.6916e-05	
805	0.183374	0.14418	0.0389624	0.00023221	0.815888	0.6415	0.173355	0.00103317	0.000246966	0.00109882	
806	0.152096	0.107141	0.0447089	0.000245362	0.67672	0.476705	0.198923	0.00109169	0.00027706	0.00123272	
807	0.139914	0.119569	0.0202635	8.13422e-05	0.622521	0.532001	0.0901584	0.000361915	0.000112553	0.000500782	
808	0.168226	0.152911	0.0152717	4.3413e-05	0.748489	0.680348	0.0679483	0.000193157	9.42169e-05	0.000419198	
809	0.174178	0.112419	0.0616704	8.84349e-05	0.774972	0.500189	0.27439	0.000393473	0.000188868	0.000840332	
810	0.0780949	0.0780949	0	0	0.347467	0.347467	0	0	0	0	
811	0.136557	0.0972993	0.0392537	4.87193e-06	0.607586	0.432913	0.174651	2.16766e-05	1.31436e-05	5.84801e-05	
812	0.157872	0.112369	0.0449416	0.000561261	0.702421	0.499965	0.199958	0.00249721	0.0011425	0.00508334	
813	0.0640744	0.0640744	0	0	0.285086	0.285086	0	0	0	0	
814	0.0858968	0.0816262	0.00427057	2.11068e-08	0.38218	0.363179	0.019001	9.39106e-08	2.15448e-08	9.58594e-08	
815	0.14429	0.132854	0.0112849	0.000151677	0.641991	0.591106	0.05021	0.000674858	0.000151684	0.000674888	
816	0.226752	0.156058	0.070165	0.000529123	1.00888	0.69435	0.312185	0.00235422	0.000806499	0.00358835	
817	0.147894	0.0973354	0.0504129	0.000146094	0.658026	0.433074	0.224302	0.000650016	0.00109005	0.00484998	
818	0.180214	0.12445	0.0555033	0.000261618	0.801829	0.553714	0.24695	0.00116401	0.00115107	0.00512146	
819	0.0670586	0.0670586	0	0	0.298363	0.298363	0	0	0	0	
820	0.0940815	0.0908893	0.00319222	0	0.418596	0.404393	0.0142031	0	0	0	
821	0.0276073	0.0276025	4.75717e-06	0	0.122833	0.122812	2.1166e-05	0	0	0	
822	0.0913642	0.084387	0.00696529	1.18452e-05	0.406506	0.375463	0.0309906	5.27031e-05	1.21817e-05	5.42001e-05	
823	0.0640552	0.0590899	0.00486821	9.71691e-05	0.285	0.262908	0.0216601	0.000432334	9.71577e-05	0.000432283	
824	0.119759	0.119731	2.85224e-05	0	0.532845	0.532718	0.000126904	0	0	0	
825	0.0790653	0.0786294	0.000435917	0	0.351785	0.349845	0.00193952	0	0	0	
826	0.119273	0.106215	0.0130576	0	0.530681	0.472584	0.0580973	0	0	0	
827	0.0846478	0.0841834	0.000464309	7.69499e-08	0.376623	0.374556	0.00206584	3.42372e-07	6.54814e-08	2.91346e-07	
828	0.148789	0.103726	0.0449671	9.58876e-05	0.662006	0.461508	0.200072	0.000426632	0.000126316	0.000562021	
829	0.133601	0.101624	0.0319761	7.10781e-07	0.594431	0.452156	0.142271	3.16247e-06	3.16301e-06	1.40731e-05	
830	0.156504	0.134007	0.0224971	4.93525e-08	0.696335	0.596238	0.100096	2.19584e-07	3.73442e-07	1.66155e-06	
831	0.100708	0.100708	0	0	0.448081	0.448081	0	0	0	0	
832	0.0851113	0.0839026	0.00120794	8.3424e-07	0.378685	0.373307	0.0053745	3.71178e-06	8.3967e-07	3.73594e-06	
833	0.0896848	0.0884651	0.00121962	0	0.399034	0.393607	0.00542649	0	0	0	
834	0.0985166	0.0979595	0.000557163	0	0.438329	0.43585	0.00247898	0	0	0	
835	0.0990593	0.0966244	0.0024349	0	0.440744	0.42991	0.0108336	0	0	0	
836	0.139891	0.11622	0.0235766	9.38803e-05	0.622418	0.517101	0.104899	0.000417701	9.85096e-05	0.000438298	
837	0.127787	0.120163	0.00757323	5.13378e-05	0.568566	0.534642	0.0336955	0.000228417	5.88965e-05	0.000262048	
838	0.130316	0.0973006	0.0329293	8.69319e-05	0.579818	0.432919	0.146512	0.000386785	0.000127093	0.000565475	
839	0.212609	0.152314	0.0594948	0.000800982	0.945964	0.67769	0.26471	0.0035638	0.0010879	0.00484039	
840	0.105391	0.0766137	0.0287781	0	0.468919	0.340877	0.128042	0	0	0	
841	0.111303	0.0798645	0.0311771	0.000261385	0.495219	0.35534	0.138716	0.00116298	0.000293967	0.00130794	
842	0.106546	0.0978246	0.00872191	0	0.474056	0.43525	0.0388063	0	0	0	
843	0.138697	0.121272	0.0173153	0.000109738	0.617105	0.539575	0.077041	0.000488258	0.000124657	0.000554636	
844	0.136058	0.109788	0.026249	2.03392e-05	0.605363	0.488482	0.116789	9.04953e-05	2.03284e-05	9.04474e-05	
845	0.181291	0.134306	0.0455715	0.0014138	0.806619	0.597568	0.202761	0.00629043	0.00167802	0.00746602	
846	0.101251	0.0937253	0.00752613	0	0.450497	0.417011	0.0334859	0	0	0	
847	0.116526	0.0955688	0.0209465	1.15861e-05	0.518462	0.425213	0.0931974	5.15501e-05	1.17508e-05	5.22831e-05	
848	0.106087	0.102433	0.00365407	0	0.472014	0.455755	0.016258	0	0	0	
849	0.100771	0.0965168	0.00425392	6.24842e-07	0.448361	0.429432	0.0189269	2.7801e-06	1.29473e-06	5.76064e-06	
850	0.0799019	0.079863	3.89053e-05	0	0.355507	0.355334	0.000173101	0	0	0	
851	0.0643463	0.0643463	0	0	0.286295	0.286295	0	0	0	0	
852	0.0933408	0.084527	0.00880121	1.25063e-05	0.4153	0.376086	0.0391592	5.56442e-05	1.90198e-05	8.4625e-05	
853	0.10653	0.103112	0.00341786	0	0.473985	0.458778	0.0152071	0	0	0	
854	0.100136	0.0942037	0.0059321	6.0197e-07	0.445536	0.41914	0.0263936	2.67834e-06	2.45155e-06	1.09076e-05	
855	0.111742	0.0929052	0.0179816	0.000855296	0.497174	0.413363	0.0800058	0.00380546	0.000855285	0.00380541	
856	0.113851	0.103276	0.0105749	0	0.506558	0.459507	0.0470509	0	0	0	
857	0.0631461	0.0631461	0	0	0.280955	0.280955	0	0	0	0	
858	0.102589	0.0850644	0.0175246	0	0.456449	0.378476	0.0779724	0	0	0	
859	0.126922	0.111488	0.0154347	0	0.564717	0.496043	0.0686739	0	0	0	
860	0.0943479	0.083773	0.0105749	0	0.419781	0.37273	0.0470509	0	0	0	
861	0.0862035	0.0859208	0.000282675	0	0.383544	0.382287	0.0012577	0	0	0	
862	0.114692	0.0784971	0.0361196	7.57742e-05	0.5103	0.349256	0.160707	0.000337141	0.000101639	0.000452223	
863	0.119059	0.114523	0.00453596	0	0.529732	0.50955	0.0201818	0	0	0	
864	0.105753	0.0947348	0.0110186	0	0.470528	0.421503	0.0490251	0	0	0	
865	0.116406	0.116069	0.00033741	0	0.517927	0.516426	0.00150123	0	0	0	
866	0.0759453	0.0754309	0.000514347	0	0.337903	0.335614	0.00228848	0	0	0	
867	0.0859533	0.0859533	0	0	0.382432	0.382432	0	0	0	0	
868	0.104638	0.0992324	0.00539347	1.30746e-05	0.465569	0.441514	0.0239971	5.81728e-05	1.35926e-05	6.04778e-05	
869	0.0949633	0.0939342	0.00102819	9.01674e-07	0.422519	0.417941	0.00457473	4.01181e-06	1.1393e-06	5.06911e-06	
870	0.130802	0.125326	0.00547487	7.9483e-07	0.581978	0.557615	0.0243593	3.53643e-06	7.83209e-07	3.48473e-06	
871	0.10714	0.0981883	0.00893131	2.03923e-05	0.476697	0.436868	0.039738	9.07317e-05	2.03808e-05	9.06804e-05	
872	0.0416262	0.0416101	1.60795e-05	0	0.185207	0.185135	7.15425e-05	0	0	0	
873	0.0993964	0.0992929	0.000103557	0	0.442244	0.441783	0.000460759	0	0	0	
874	0.104773	0.090319	0.0144547	0	0.466169	0.401856	0.0643136	0	0	0	
875	0.0810823	0.0809993	8.29536e-05	0	0.360759	0.36039	0.000369085	0	0	0	
876	0.0441886	0.0441886	0	0	0.196608	0.196608	0	0	0	0	
877	0.0993027	0.0871075	0.0121705	2.4655e-05	0.441827	0.387567	0.0541505	0.000109697	2.46439e-05	0.000109648	
878	0.0994609	0.0987711	0.00068978	0	0.442531	0.439461	0.00306903	0	0	0	
879	0.0867211	0.0867211	0	0	0.385847	0.385847	0	0	0	0	
880	0.0922132	0.0871713	0.00504184	0	0.410283	0.387851	0.0224326	0	0	0	
881	0.0799745	0.0788696	0.00110209	2.77637e-06	0.35583	0.350914	0.00490354	1.23529e-05	2.76491e-06	1.23019e-05	
882	0.0920906	0.0889361	0.00315177	2.6847e-06	0.409738	0.395703	0.0140231	1.1945e-05	2.76216e-06	1.22896e-05	
883	0.0589252	0.0589252	0	0	0.262175	0.262175	0	0	0	0	
884	0.0783648	0.0783648	0	0	0.348668	0.348668	0	0	0	0	
885	0.0890206	0.0890206	0	0	0.396079	0.396079	0	0	0	0	
886	0.101612	0.101157	0.000455412	0	0.452106	0.450079	0.00202626	0	0	0	
887	0.065746	0.065746	0	0	0.292523	0.292523	0	0	0	0	
888	0.0962914	0.0962914	0	0	0.428429	0.428429	0	0	0	0	
889	0.0643175	0.0642672	5.02521e-05	0	0.286167	0.285944	0.000223586	0	0	0	
890	0.0935951	0.0911385	0.00245179	4.84707e-06	0.416432	0.405502	0.0109087	2.1566e-05	4.83568e-06	2.15153e-05	
891	0.0414417	0.0410476	0.00039405	0	0.184386	0.182633	0.00175324	0	0	0	
892	0.0582295	0.0582295	0	0	0.25908	0.25908	0	0	0	0	
893	0.0864231	0.0864231	0	0	0.384522	0.384522	0	0	0	0	
894	0.0839635	0.083322	0.000641487	0	0.373578	0.370724	0.00285416	0	0	0	
895	0.0796996	0.0796082	9.14538e-05	0	0.354607	0.3542	0.000406905	0	0	0	
896	0.079049	0.0784075	0.000641487	0	0.351712	0.348858	0.00285416	0	0	0	
897	0.0737752	0.0713295	0.00244562	1.38627e-07	0.328247	0.317366	0.0108812	6.16796e-07	1.27311e-07	5.66444e-07	
898	0.0727607	0.0727607	0	0	0.323734	0.323734	0	0	0	0	
899	0.0979178	0.0952022	0.0027156	0	0.435665	0.423582	0.0120825	0	0	0	
900	0.0814558	0.0814558	0	0	0.36242	0.36242	0	0	0	0	
901	0.196049	0.111839	0.083296	0.000913379	0.87228	0.497607	0.370608	0.00406389	0.00107852	0.00479869	
902	0.0757196	0.0748577	0.000861928	0	0.336899	0.333064	0.00383497	0	0	0	
903	0.217394	0.115694	0.10163	6.95067e-05	0.967253	0.514759	0.452185	0.000309256	0.000438622	0.00195155	
904	0.0675495	0.0675495	0	0	0.300547	0.300547	0	0	0	0	
905	0.165438	0.0925572	0.0728815	0	0.736086	0.411814	0.324271	0	0	0	
906	0.199097	0.130238	0.068333	0.000526186	0.885843	0.579468	0.304033	0.00234115	0.00137336	0.00611048	
907	0.0801128	0.0801128	0	0	0.356445	0.356445	0	0	0	0	
908	0.108527	0.0990439	0.00948144	1.79851e-06	0.482869	0.440675	0.0421857	8.00214e-06	3.62002e-06	1.61065e-05	
909	0.107173	0.105291	0.00188241	0	0.476846	0.46847	0.00837541	0	0	0	
910	0.114279	0.090005	0.024268	6.54759e-06	0.508463	0.400459	0.107975	2.91321e-05	6.5992e-06	2.93618e-05	
911	0.122997	0.106435	0.0162629	0.000299639	0.547254	0.473562	0.0723586	0.00133318	0.000299627	0.00133313	
912	0.108153	0.0957385	0.0124142	8.18279e-07	0.481207	0.425968	0.0552347	3.64076e-06	1.05577e-06	4.69744e-06	
913	0.113468	0.0985634	0.0148366	6.83307e-05	0.504854	0.438537	0.0660128	0.000304023	0.000129559	0.000576449	
914	0.0765961	0.0765961	0	0	0.340798	0.340798	0	0	0	0	
915	0.123495	0.0916015	0.0318618	3.2484e-05	0.549469	0.407562	0.141762	0.000144531	3.45566e-05	0.000153752	
916	0.106719	0.106719	0	0	0.474825	0.474825	0	0	0	0	
917	0.117681	0.0924668	0.0251978	1.66661e-05	0.523599	0.411412	0.112112	7.41526e-05	5.07075e-05	0.000225612	
918	0.124689	0.0888472	0.0355263	0.000316114	0.554781	0.395307	0.158067	0.00140648	0.000725714	0.00322891	
919	0.0943867	0.0861436	0.00822488	1.81808e-05	0.419954	0.383278	0.0365949	8.08919e-05	1.81694e-05	8.0841e-05	
920	0.112462	0.0857098	0.0265949	0.000157663	0.500378	0.381348	0.118328	0.000701492	0.000207184	0.000921825	
921	0.0382713	0.0382713	0	0	0.17028	0.17028	0	0	0	0	
922	0.0191807	0.0191249	5.58266e-05	0	0.0853409	0.0850925	0.000248389	0	0	0	
923	0.0603795	0.0591402	0.00123723	2.12082e-06	0.268646	0.263132	0.0055048	9.43616e-06	2.10938e-06	9.38528e-06	
924	0.0642271	0.0516397	0.0125751	1.23405e-05	0.285765	0.22976	0.0559505	5.49067e-05	1.28646e-05	5.72384e-05	
925	0.0512438	0.0447974	0.00644475	1.60641e-06	0.227998	0.199317	0.0286746	7.14741e-06	1.91397e-05	8.51582e-05	
926	0.0696511	0.0587783	0.0108534	1.94135e-05	0.309898	0.261522	0.0482901	8.63767e-05	1.94016e-05	8.63238e-05	
927	0.0792223	0.0772349	0.001978	9.41948e-06	0.352483	0.34364	0.00880071	4.191e-05	9.40806e-06	4.18592e-05	
928	0.104429	0.0950757	0.00935407	0	0.464639	0.423019	0.041619	0	0	0	
929	0.0440324	0.0429748	0.00105754	0	0.195913	0.191207	0.00470532	0	0	0	
930	0.0756575	0.0747272	0.00093034	0	0.336622	0.332483	0.00413935	0	0	0	
931	0.0915518	0.0825377	0.00896598	4.81424e-05	0.407341	0.367234	0.0398923	0.000214199	4.81312e-05	0.00021415	
932	0.0845158	0.0840985	0.00041733	0	0.376036	0.374179	0.00185682	0	0	0	
933	0.0476957	0.0476957	0	0	0.212212	0.212212	0	0	0	0	
934	0.047426	0.0454435	0.00197717	5.3656e-06	0.211012	0.202191	0.00879703	2.38731e-05	5.35422e-06	2.38225e-05	
935	0.0927369	0.0776858	0.015051	0	0.412613	0.345647	0.0669666	0	0	0	
936	0.0761924	0.0757873	0.000405063	0	0.339002	0.3372	0.00180224	0	0	0	
937	0.0618739	0.0618739	0	0	0.275295	0.275295	0	0	0	0	
938	0.0673106	0.0673106	0	0	0.299484	0.299484	0	0	0	0	
939	0.0732932	0.0728879	0.000405302	0	0.326103	0.324299	0.0018033	0	0	0	
940	0.0766694	0.0744722	0.00218744	9.7256e-06	0.341125	0.331349	0.00973257	4.3272e-05	9.71422e-06	4.32214e-05	
941	0.0687176	0.0687176	0	0	0.305744	0.305744	0	0	0	0	
942	0.0708275	0.0708275	0	0	0.315132	0.315132	0	0	0	0	
943	0.0802219	0.0802219	0	0	0.356931	0.356931	0	0	0	0	
944	0.0640145	0.0636092	0.000405302	0	0.284819	0.283016	0.0018033	0	0	0	
945	0.0633289	0.0633289	0	0	0.281769	0.281769	0	0	0	0	
946	0.0665608	0.065626	0.000934815	0	0.296149	0.291989	0.00415926	0	0	0	
947	0.0958245	0.0958245	0	0	0.426351	0.426351	0	0	0	0	
948	0.0637611	0.0542656	0.00949543	0	0.283692	0.241444	0.042248	0	0	0	
949	0.064748	0.064748	0	0	0.288083	0.288083	0	0	0	0	
950	0.0861364	0.0861364	0	0	0.383246	0.383246	0	0	0	0	
951	0.116083	0.116083	0	0	0.516488	0.516488	0	0	0	0	
952	0.0512352	0.0495383	0.00169691	0	0.22796	0.22041	0.00755005	0	0	0	
953	0.0538574	0.0533474	0.00050996	0	0.239627	0.237358	0.00226896	0	0	0	
954	0.0875445	0.0864764	0.00106815	0	0.389511	0.384759	0.00475254	0	0	0	
955	0.0891639	0.0891639	0	0	0.396716	0.396716	0	0	0	0	
956	0.0538082	0.0497438	0.00406443	0	0.239408	0.221324	0.0180838	0	0	0	
957	0.0790419	0.079042	0	0	0.351681	0.351681	0	0	0	0	
958	0.080551	0.0693707	0.0111802	0	0.358395	0.308651	0.0497443	0	0	0	
959	0.0910125	0.0910125	0	0	0.404941	0.404941	0	0	0	0	
960	0.0567071	0.0567071	0	0	0.252306	0.252306	0	0	0	0	
961	0.0779291	0.0749771	0.00295197	0	0.346729	0.333595	0.0131342	0	0	0	
962	0.0980558	0.0980208	3.49236e-05	0	0.436279	0.436123	0.000155385	0	0	0	
963	0.145838	0.145792	4.64244e-05	0	0.648879	0.648673	0.000206556	0	0	0	
964	0.105438	0.10437	0.00106815	0	0.469127	0.464375	0.00475254	0	0	0	
965	0.149721	0.0962315	0.0534904	0	0.666157	0.428162	0.237994	0	0	0	
966	0.155165	0.101666	0.0534967	2.62202e-06	0.690376	0.452342	0.238022	1.16661e-05	2.60898e-06	1.16081e-05	
967	0.0446014	0.0443349	0.000266538	0	0.198445	0.197259	0.0011859	0	0	0	
968	0.0709328	0.0706663	0.000266538	0	0.315601	0.314415	0.0011859	0	0	0	
969	0.197034	0.177864	0.0191663	4.43328e-06	0.876666	0.79137	0.0852768	1.97249e-05	8.72535e-06	3.88216e-05	
970	0.201383	0.173661	0.0275995	0.000123026	0.896014	0.772669	0.122798	0.000547382	0.000189101	0.000841368	
