Node	dPC	dPCintra	dPCflux	dPCconnector	varPC	varPCintra	varPCflux	varPCconnector	dBC_PC	varBC_PC	
1	0.1732	0.165787	0.00740707	5.32311e-06	0.769564	0.736629	0.0329112	2.36517e-05	5.30554e-06	2.35736e-05	
2	0.0920053	0.0834562	0.00854005	9.05765e-06	0.408799	0.370813	0.0379452	4.02451e-05	9.04014e-06	4.01672e-05	
3	0.0955883	0.0817587	0.0138109	1.85437e-05	0.424719	0.363271	0.0613651	8.23939e-05	4.40007e-05	0.000195504	
4	0.0573952	0.0573952	0	0	0.255019	0.255019	0	0	0	0	
5	0.110951	0.106205	0.00474597	6.39092e-08	0.492982	0.471894	0.0210873	2.83962e-07	1.17754e-07	5.23209e-07	
6	0.0909074	0.0894559	0.00145099	5.5378e-07	0.403921	0.397471	0.00644709	2.46056e-06	5.36205e-07	2.38247e-06	
7	0.0865949	0.0861589	0.000435431	5.29024e-07	0.384759	0.382822	0.00193471	2.35057e-06	5.11445e-07	2.27246e-06	
8	0.122338	0.102964	0.0193221	5.12912e-05	0.543574	0.457494	0.0858523	0.000227898	5.12744e-05	0.000227823	
9	0.0883084	0.086588	0.00171689	3.55943e-06	0.392373	0.384729	0.00762852	1.58153e-05	3.54186e-06	1.57372e-05	
10	0.0599397	0.0593192	0.000620474	0	0.266325	0.263568	0.0027569	0	0	0	
11	0.0860766	0.079177	0.00689955	0	0.382456	0.3518	0.0306561	0	0	0	
12	0.0957959	0.0945562	0.0012372	2.48893e-06	0.425641	0.420133	0.00549715	1.10588e-05	2.66715e-06	1.18507e-05	
13	0.103163	0.103163	0	0	0.458377	0.458377	0	0	0	0	
14	0.0837569	0.0835508	0.000206055	0	0.372149	0.371234	0.00091555	0	0	0	
15	0.0943624	0.092885	0.00147714	2.67572e-07	0.419272	0.412708	0.00656328	1.18888e-06	2.49997e-07	1.11079e-06	
16	0.0734147	0.0734147	0	0	0.326197	0.326197	0	0	0	0	
17	0.087549	0.0846444	0.00290408	5.3985e-07	0.388999	0.376093	0.0129034	2.39867e-06	2.32975e-06	1.03516e-05	
18	0.0726791	0.0722833	0.000395793	0	0.322929	0.32117	0.00175859	0	0	0	
19	0.0876798	0.0844572	0.00322136	1.27264e-06	0.38958	0.375261	0.0143131	5.65461e-06	1.50206e-06	6.67398e-06	
20	0.0593165	0.05923	8.64749e-05	0	0.263556	0.263171	0.000384226	0	0	0	
21	0.0851135	0.0819007	0.00320729	5.60423e-06	0.378177	0.363902	0.0142507	2.49008e-05	5.59938e-06	2.48792e-05	
22	0.0894904	0.0877319	0.00175784	6.76054e-07	0.397625	0.389811	0.00781047	3.00385e-06	6.58386e-07	2.92535e-06	
23	0.0981484	0.0951388	0.00300542	4.20216e-06	0.436094	0.422722	0.0133537	1.86711e-05	4.75362e-06	2.11213e-05	
24	0.0670073	0.065212	0.0017953	0	0.297727	0.289751	0.00797693	0	0	0	
25	0.123713	0.115747	0.00795767	8.30818e-06	0.549686	0.514291	0.0353576	3.6915e-05	8.29061e-06	3.68369e-05	
26	0.0853953	0.0844401	0.000955177	0	0.379429	0.375185	0.00424405	0	0	0	
27	0.0831448	0.0763774	0.00671876	4.86785e-05	0.36943	0.339361	0.0298529	0.000216289	7.59774e-05	0.000337583	
28	0.0623131	0.0622306	8.24467e-05	0	0.27687	0.276504	0.000366328	0	0	0	
29	0.103926	0.101464	0.00246177	0	0.461768	0.450829	0.0109381	0	0	0	
30	0.169271	0.149124	0.0200552	9.15933e-05	0.752108	0.662592	0.0891097	0.000406968	9.23092e-05	0.000410149	
31	0.140458	0.138677	0.0017807	0	0.624085	0.616173	0.00791205	0	0	0	
32	0.147499	0.139141	0.00834482	1.25009e-05	0.655369	0.618236	0.0370778	5.55442e-05	1.24881e-05	5.54875e-05	
33	0.0790087	0.0767933	0.00220885	6.57504e-06	0.351052	0.341209	0.00981441	2.92143e-05	6.5575e-06	2.91363e-05	
34	0.10216	0.0973399	0.00481874	1.72293e-06	0.45392	0.432502	0.0214107	7.65537e-06	1.83273e-06	8.14321e-06	
35	0.0641081	0.0610811	0.00302487	2.07247e-06	0.284846	0.271396	0.0134401	9.20843e-06	2.4972e-06	1.10956e-05	
36	0.0825351	0.0813158	0.00121927	0	0.366721	0.361303	0.00541751	0	0	0	
37	0.173731	0.0951673	0.0783705	0.000194058	0.771927	0.422848	0.348216	0.000862245	0.000249102	0.00110681	
38	0.0789184	0.0785677	0.000350718	0	0.350651	0.349093	0.00155831	0	0	0	
39	0.0890848	0.0840637	0.00500506	1.60972e-05	0.395823	0.373513	0.0222385	7.15235e-05	1.68217e-05	7.47425e-05	
40	0.103706	0.101148	0.00255812	0	0.46079	0.449424	0.0113663	0	0	0	
41	0.0996351	0.0961135	0.00352156	6.30619e-08	0.4427	0.427053	0.015647	2.80197e-07	7.53745e-08	3.34905e-07	
42	0.0746886	0.07408	0.000608625	0	0.331857	0.329153	0.00270425	0	0	0	
43	0.0592047	0.0554384	0.00376349	2.79238e-06	0.263059	0.246325	0.0167219	1.24071e-05	3.78401e-06	1.68131e-05	
44	0.0652956	0.0647262	0.000569405	0	0.290122	0.287592	0.00252998	0	0	0	
45	0.0573091	0.0522404	0.00506643	2.2554e-06	0.254636	0.232115	0.0225112	1.00212e-05	3.07403e-06	1.36585e-05	
46	0.0933492	0.0852893	0.0080599	0	0.41477	0.378958	0.0358118	0	0	0	
47	0.135876	0.135107	0.000769201	0	0.60373	0.600312	0.00341772	0	0	0	
48	0.10313	0.0851932	0.0179377	0	0.458232	0.378531	0.0797011	0	0	0	
49	0.166832	0.158674	0.00815775	0	0.741271	0.705025	0.0362466	0	0	0	
50	0.0994081	0.0954538	0.00394243	1.18598e-05	0.441691	0.424122	0.017517	5.26956e-05	1.37946e-05	6.12927e-05	
51	0.0848673	0.0848352	3.2162e-05	0	0.377083	0.376941	0.000142902	0	0	0	
52	0.0780129	0.0763867	0.00162617	5.18532e-08	0.346628	0.339402	0.00722542	2.30395e-07	1.71811e-07	7.63397e-07	
53	0.0981514	0.0951546	0.00299025	6.57107e-06	0.436107	0.422792	0.0132863	2.91967e-05	8.05723e-06	3.58e-05	
54	0.0923961	0.0909373	0.00145889	0	0.410536	0.404053	0.00648216	0	0	0	
55	0.0990489	0.0929509	0.00609231	5.6793e-06	0.440095	0.413	0.0270694	2.52343e-05	6.2415e-06	2.77323e-05	
56	0.117558	0.112278	0.00527948	4.84069e-07	0.522339	0.498879	0.0234578	2.15082e-06	9.73709e-07	4.32639e-06	
57	0.101863	0.100988	0.00087467	1.55033e-07	0.452599	0.448712	0.00388634	6.88846e-07	1.74488e-07	7.75289e-07	
58	0.120161	0.0915428	0.0285847	3.39173e-05	0.533903	0.406744	0.127007	0.000150701	4.46067e-05	0.000198197	
59	0.180648	0.112325	0.0683214	9.19656e-07	0.802658	0.499087	0.303566	4.08623e-06	1.50964e-06	6.70766e-06	
60	0.0739133	0.0737857	0.000127553	0	0.328412	0.327845	0.000566747	0	0	0	
61	0.0875403	0.0873565	0.000183815	0	0.38896	0.388143	0.000816733	0	0	0	
62	0.0995958	0.0936541	0.00592589	1.57864e-05	0.442525	0.416125	0.02633	7.01425e-05	1.8142e-05	8.06089e-05	
63	0.123322	0.09414	0.0291517	3.04458e-05	0.547947	0.418284	0.129527	0.000135277	4.53043e-05	0.000201296	
64	0.0979764	0.0970526	0.000922706	1.14082e-06	0.43533	0.431225	0.00409978	5.06894e-06	1.12322e-06	4.99075e-06	
65	0.105488	0.102816	0.00266203	9.8796e-06	0.468709	0.456837	0.011828	4.38971e-05	1.05785e-05	4.70026e-05	
66	0.116445	0.101165	0.0152767	2.96844e-06	0.517392	0.449501	0.0678776	1.31894e-05	3.55242e-06	1.57841e-05	
67	0.170678	0.13766	0.0330008	1.73386e-05	0.758361	0.611654	0.146629	7.70393e-05	1.84283e-05	8.18813e-05	
68	0.0921819	0.0800516	0.0121217	8.62447e-06	0.409584	0.355686	0.0538595	3.83204e-05	8.82952e-06	3.92314e-05	
69	0.11778	0.114017	0.00375178	1.17028e-05	0.523325	0.506603	0.0166699	5.19982e-05	1.388e-05	6.16721e-05	
70	0.0772967	0.0765247	0.000771006	1.00494e-06	0.343445	0.340015	0.00342574	4.46518e-06	9.87379e-07	4.38713e-06	
71	0.0650723	0.0442868	0.0207854	0	0.28913	0.196775	0.0923544	0	0	0	
72	0.170309	0.129765	0.0404047	0.000139654	0.756722	0.576575	0.179526	0.000620512	0.000170995	0.000759769	
73	0.079966	0.0597925	0.0201735	0	0.355306	0.265671	0.0896353	0	0	0	
74	0.121422	0.106223	0.0150996	9.94025e-05	0.539505	0.471973	0.0670909	0.000441666	0.000101808	0.000452354	
75	0.179308	0.143123	0.0358969	0.0002886	0.796707	0.635927	0.159497	0.00128231	0.000432469	0.00192155	
76	0.146782	0.140572	0.00618197	2.83478e-05	0.652186	0.624593	0.0274678	0.000125955	2.9812e-05	0.000132461	
77	0.0891364	0.0891364	0	0	0.396052	0.396052	0	0	0	0	
78	0.141297	0.0981904	0.0430011	0.000106179	0.627816	0.436281	0.191063	0.000471777	0.000112326	0.000499088	
79	0.158145	0.13629	0.021553	0.000302061	0.702675	0.605568	0.0957646	0.00134212	0.000386154	0.00171576	
80	0.13617	0.124469	0.0116931	7.46992e-06	0.605032	0.553044	0.0519553	3.31904e-05	1.36461e-05	6.06328e-05	
81	0.109102	0.10563	0.00347251	0	0.484766	0.469337	0.0154291	0	0	0	
82	0.244296	0.160216	0.0831572	0.000922674	1.08546	0.711875	0.369485	0.00409963	0.00155062	0.00688977	
83	0.155993	0.124462	0.031477	5.4267e-05	0.693113	0.553012	0.139859	0.00024112	6.96989e-05	0.000309687	
84	0.113942	0.0956225	0.0183195	9.00397e-07	0.506272	0.424871	0.0813976	4.00065e-06	1.25631e-06	5.58207e-06	
85	0.140765	0.100514	0.0402509	0	0.625452	0.446609	0.178843	0	0	0	
86	0.167077	0.145354	0.0215332	0.000189818	0.742359	0.645839	0.0956766	0.000843402	0.000191673	0.000851647	
87	0.0795538	0.0771518	0.00240199	0	0.353474	0.342802	0.0106725	0	0	0	
88	0.0831697	0.0811514	0.00201517	3.14655e-06	0.36954	0.360573	0.00895387	1.39808e-05	3.90424e-06	1.73473e-05	
89	0.0775774	0.076504	0.00107343	0	0.344693	0.339923	0.00476951	0	0	0	
90	0.106314	0.0982228	0.00809122	0	0.472376	0.436425	0.035951	0	0	0	
91	0.102948	0.101774	0.00117304	2.31109e-07	0.45742	0.452207	0.0052121	1.02687e-06	3.48958e-07	1.55049e-06	
92	0.0857865	0.0833735	0.00241202	1.06138e-06	0.381168	0.370446	0.0107171	4.71594e-06	1.2758e-06	5.66867e-06	
93	0.092674	0.0897467	0.00291439	1.29008e-05	0.41177	0.398764	0.0129492	5.73213e-05	1.46014e-05	6.48772e-05	
94	0.0869352	0.0852715	0.00166368	0	0.386271	0.378879	0.00739209	0	0	0	
95	0.151743	0.130739	0.0209567	4.71749e-05	0.674227	0.580902	0.0931152	0.000209608	8.67596e-05	0.000385491	
96	0.191738	0.158675	0.032732	0.000330686	0.851935	0.70503	0.145435	0.00146931	0.000342985	0.00152395	
97	0.109684	0.094181	0.0154567	4.65571e-05	0.487351	0.418466	0.0686776	0.000206863	6.00791e-05	0.000266944	
98	0.108632	0.089117	0.0194941	2.09408e-05	0.482675	0.395965	0.0866165	9.30446e-05	2.2596e-05	0.000100399	
99	0.106184	0.0999155	0.00626729	1.75145e-06	0.4718	0.443946	0.0278469	7.78209e-06	4.94931e-06	2.19908e-05	
100	0.0947869	0.0918597	0.00292364	3.59373e-06	0.421158	0.408152	0.0129904	1.59677e-05	5.10107e-06	2.26651e-05	
101	0.145046	0.144116	0.000930299	0	0.644472	0.640339	0.00413352	0	0	0	
102	0.163945	0.107125	0.0567465	7.30993e-05	0.728444	0.475982	0.252137	0.000324795	8.84732e-05	0.000393105	
103	0.0805331	0.0732282	0.00730457	3.69908e-07	0.357826	0.325368	0.0324557	1.64358e-06	5.11654e-07	2.27339e-06	
104	0.105788	0.0831971	0.0225911	0	0.47004	0.369662	0.100377	0	0	0	
105	0.0981337	0.0861108	0.0119255	9.73008e-05	0.436029	0.382608	0.0529879	0.000432328	0.000119918	0.000532823	
106	0.137842	0.111391	0.026448	2.95404e-06	0.612465	0.494938	0.117514	1.31254e-05	1.72316e-05	7.65637e-05	
107	0.203791	0.146506	0.0571172	0.000167343	0.905487	0.65096	0.253784	0.000743541	0.000198275	0.000880978	
108	0.102689	0.096791	0.00589154	6.46383e-06	0.456269	0.430063	0.0261774	2.87202e-05	8.51484e-06	3.78332e-05	
109	0.130295	0.107963	0.0222869	4.52837e-05	0.578929	0.479703	0.0990255	0.000201205	5.63795e-05	0.000250506	
110	0.1166	0.108484	0.00811611	0	0.51808	0.482018	0.0360616	0	0	0	
111	0.102343	0.09611	0.0061998	3.33707e-05	0.454732	0.427037	0.027547	0.000148273	3.85991e-05	0.000171504	
112	0.10205	0.0946862	0.00735935	5.2182e-06	0.453433	0.420711	0.0326991	2.31855e-05	6.77841e-06	3.01179e-05	
113	0.0963679	0.0916581	0.00470914	6.89095e-07	0.428183	0.407256	0.0209237	3.06179e-06	2.91001e-06	1.29298e-05	
114	0.161751	0.123996	0.0372026	0.000552106	0.718697	0.550944	0.165299	0.00245312	0.000734167	0.00326206	
115	0.116308	0.106679	0.00962683	2.09746e-06	0.516782	0.473999	0.042774	9.31947e-06	2.11516e-06	9.39813e-06	
116	0.121642	0.114216	0.00742555	4.1565e-07	0.540484	0.507489	0.0329933	1.84682e-06	4.31541e-07	1.91743e-06	
117	0.109747	0.0967332	0.0130104	3.94569e-06	0.487632	0.429806	0.0578081	1.75315e-05	5.84755e-06	2.59819e-05	
118	0.103305	0.101479	0.00182576	4.19585e-07	0.459009	0.450895	0.00811228	1.8643e-06	7.24995e-07	3.2213e-06	
119	0.119035	0.113414	0.00562115	0	0.528898	0.503922	0.024976	0	0	0	
120	0.114499	0.0960061	0.018298	0.000195049	0.508744	0.426576	0.0813021	0.000866644	0.000249617	0.0011091	
121	0.0911332	0.0842101	0.00691977	3.28299e-06	0.404924	0.374163	0.030746	1.4587e-05	4.29881e-06	1.91005e-05	
122	0.179001	0.157437	0.0214596	0.000103803	0.795341	0.69953	0.0953499	0.000461219	0.000133576	0.000593506	
123	0.111662	0.106813	0.00484605	2.8401e-06	0.49614	0.474595	0.021532	1.26192e-05	3.28399e-06	1.45914e-05	
124	0.165094	0.0961978	0.0659559	0.00294089	0.73355	0.427427	0.293056	0.013067	0.00586038	0.0260389	
125	0.108634	0.103228	0.00540535	0	0.482684	0.458667	0.0240171	0	0	0	
126	0.138571	0.104178	0.0338459	0.00054706	0.615701	0.462886	0.150384	0.0024307	0.000852453	0.00378763	
127	0.200557	0.191291	0.0092588	7.01823e-06	0.891119	0.849949	0.0411388	3.11835e-05	7.76903e-06	3.45194e-05	
128	0.131874	0.120453	0.0113966	2.40795e-05	0.585944	0.5352	0.0506376	0.00010699	2.69586e-05	0.000119783	
129	0.122504	0.117855	0.00464835	1.24313e-06	0.544315	0.523656	0.0206536	5.52352e-06	2.08415e-06	9.26036e-06	
130	0.0984433	0.096082	0.00235999	1.35974e-06	0.437404	0.426912	0.0104859	6.04163e-06	1.96495e-06	8.73073e-06	
131	0.130751	0.124423	0.00630814	1.99394e-05	0.580957	0.55284	0.0280284	8.85953e-05	2.05905e-05	9.14882e-05	
132	0.109929	0.0850169	0.024913	0	0.488442	0.377748	0.110694	0	0	0	
133	0.139298	0.110626	0.028599	7.19829e-05	0.61893	0.491539	0.127071	0.000319835	0.000111243	0.000494279	
134	0.0963092	0.0954794	0.000829837	0	0.427922	0.424235	0.00368714	0	0	0	
135	0.0704378	0.0704378	0	0	0.31297	0.31297	0	0	0	0	
136	0.108314	0.103338	0.00497405	1.67451e-06	0.481264	0.459156	0.0221007	7.44022e-06	2.27672e-06	1.01159e-05	
137	0.118296	0.101947	0.016234	0.000114354	0.525614	0.452975	0.0721314	0.0005081	0.000130149	0.000578284	
138	0.113251	0.104173	0.00907759	3.78525e-07	0.5032	0.462865	0.0403336	1.68186e-06	4.28038e-07	1.90186e-06	
139	0.108461	0.106032	0.00242832	1.49889e-07	0.481915	0.471125	0.0107895	6.65992e-07	6.00301e-07	2.66726e-06	
140	0.140339	0.120855	0.0194775	6.28268e-06	0.623559	0.536989	0.0865428	2.79152e-05	2.11793e-05	9.41043e-05	
141	0.0942597	0.0928719	0.00138739	3.82429e-07	0.418816	0.41265	0.00616449	1.69921e-06	6.85615e-07	3.04633e-06	
142	0.0858357	0.0832946	0.00254108	0	0.381386	0.370095	0.0112905	0	0	0	
143	0.155567	0.154546	0.00102108	0	0.691219	0.686683	0.00453691	0	0	0	
144	0.10054	0.0986063	0.0019341	0	0.446722	0.438129	0.00859362	0	0	0	
145	0.0892879	0.0866319	0.00265222	3.84606e-06	0.396725	0.384924	0.0117843	1.70888e-05	3.82843e-06	1.70105e-05	
146	0.0640433	0.0610965	0.00294676	0	0.284558	0.271465	0.013093	0	0	0	
147	0.0765507	0.0725953	0.00394162	1.37964e-05	0.340131	0.322556	0.0175134	6.13005e-05	1.37787e-05	6.1222e-05	
148	0.108755	0.107671	0.00108387	0	0.483224	0.478408	0.00481587	0	0	0	
149	0.113626	0.0997862	0.0138278	1.19771e-05	0.504864	0.443371	0.0614402	5.32169e-05	1.44265e-05	6.41002e-05	
150	0.0862308	0.082502	0.00372837	4.1203e-07	0.383142	0.366574	0.0165659	1.83073e-06	3.94252e-07	1.75174e-06	
151	0.134278	0.124298	0.00997439	5.59949e-06	0.596627	0.552284	0.0443183	2.48797e-05	7.41715e-06	3.2956e-05	
152	0.0991792	0.0846699	0.0145044	4.88766e-06	0.440674	0.376206	0.0644462	2.17169e-05	8.47742e-06	3.7667e-05	
153	0.138817	0.135472	0.00334413	0	0.616793	0.601934	0.0148586	0	0	0	
154	0.0988515	0.0976141	0.00123655	8.88435e-07	0.439218	0.43372	0.00549428	3.9475e-06	8.70829e-07	3.86928e-06	
155	0.0986662	0.0917624	0.00690281	1.037e-06	0.438395	0.407719	0.0306706	4.60764e-06	1.03155e-06	4.58343e-06	
156	0.0989309	0.09467	0.00426084	0	0.439571	0.420639	0.0189318	0	0	0	
157	0.0895083	0.0882807	0.00122759	0	0.397704	0.39225	0.00545444	0	0	0	
158	0.119416	0.103427	0.0159857	3.89894e-06	0.530594	0.459549	0.0710279	1.73238e-05	1.49793e-05	6.65563e-05	
159	0.103347	0.0992023	0.0041437	1.60143e-06	0.459195	0.440777	0.0184113	7.11552e-06	2.89624e-06	1.28686e-05	
160	0.170876	0.155721	0.0151529	2.0305e-06	0.759242	0.691905	0.0673278	9.02198e-06	3.61271e-06	1.6052e-05	
161	0.215376	0.173881	0.0413665	0.000128864	0.956963	0.77259	0.1838	0.000572574	0.000190779	0.000847672	
162	0.115244	0.0942487	0.0209751	2.08748e-05	0.512056	0.418767	0.093197	9.27513e-05	2.4242e-05	0.000107712	
163	0.0914032	0.0785614	0.0128416	2.26683e-07	0.406124	0.349065	0.0570581	1.0072e-06	8.96064e-06	3.9814e-05	
164	0.123078	0.0897672	0.0333049	6.55413e-06	0.546865	0.398855	0.14798	2.91214e-05	7.4509e-06	3.31059e-05	
165	0.15823	0.115279	0.0425728	0.000377913	0.703052	0.512213	0.18916	0.00167915	0.000565508	0.00251267	
166	0.0999084	0.0974807	0.00242607	1.58775e-06	0.443914	0.433127	0.0107795	7.05471e-06	1.79723e-06	7.98548e-06	
167	0.102788	0.0971769	0.00560642	5.02408e-06	0.45671	0.431778	0.0249105	2.2323e-05	6.473e-06	2.87609e-05	
168	0.10994	0.098123	0.0118145	2.52633e-06	0.488487	0.435981	0.0524943	1.1225e-05	3.98812e-06	1.772e-05	
169	0.0995216	0.0948434	0.00467585	2.32905e-06	0.442195	0.421409	0.0207758	1.03485e-05	2.35812e-06	1.04776e-05	
170	0.141143	0.108754	0.0321984	0.000189904	0.627129	0.483221	0.143064	0.000843786	0.000225593	0.00100236	
171	0.21447	0.195516	0.0189114	4.25111e-05	0.952937	0.86872	0.0840277	0.000188886	5.87699e-05	0.000261127	
172	0.1343	0.122249	0.0120511	0	0.596727	0.543181	0.0535457	0	0	0	
173	0.173314	0.135815	0.0368874	0.000611264	0.770074	0.603459	0.163898	0.00271597	0.00085104	0.00378135	
174	0.122529	0.113365	0.00916448	0	0.544426	0.503706	0.0407197	0	0	0	
175	0.103156	0.0963598	0.00679622	6.82822e-07	0.458347	0.428147	0.030197	3.03392e-06	1.04864e-06	4.65934e-06	
176	0.110208	0.0949457	0.0151689	9.34303e-05	0.489677	0.421864	0.0673986	0.00041513	0.000103866	0.000461498	
177	0.178237	0.141961	0.0353888	0.000886804	0.791946	0.630765	0.15724	0.00394026	0.0009299	0.00413174	
178	0.132834	0.106555	0.026273	6.868e-06	0.590214	0.473446	0.116736	3.0516e-05	7.70285e-06	3.42254e-05	
179	0.182116	0.140597	0.0411435	0.000374985	0.809182	0.624706	0.182809	0.00166614	0.000477928	0.00212353	
180	0.112506	0.101558	0.0108153	0.000132192	0.499889	0.451247	0.0480548	0.00058736	0.000142108	0.000631419	
181	0.130321	0.125489	0.00482984	1.27291e-06	0.579044	0.557578	0.02146	5.65583e-06	1.97772e-06	8.78744e-06	
182	0.102355	0.099548	0.00280771	0	0.454788	0.442313	0.0124752	0	0	0	
183	0.11631	0.111666	0.00464352	0	0.51679	0.496158	0.0206321	0	0	0	
184	0.0972716	0.0881385	0.00912235	1.07008e-05	0.432198	0.391618	0.0405325	4.75461e-05	1.56306e-05	6.94502e-05	
185	0.0928808	0.082686	0.0101849	9.85895e-06	0.412689	0.367391	0.0452538	4.38054e-05	1.35859e-05	6.03654e-05	
186	0.132331	0.113952	0.0183708	7.60214e-06	0.587976	0.506316	0.0816255	3.37779e-05	7.81776e-06	3.4736e-05	
187	0.0911961	0.0883893	0.00280676	4.85353e-08	0.405204	0.392732	0.012471	2.15653e-07	9.28535e-08	4.12568e-07	
188	0.0854491	0.0807816	0.00465691	1.06036e-05	0.379668	0.358929	0.0206916	4.71141e-05	1.44776e-05	6.4327e-05	
189	0.106967	0.102425	0.00454029	1.89359e-06	0.475279	0.455098	0.0201735	8.41364e-06	1.92303e-06	8.54446e-06	
190	0.0766337	0.0594547	0.0171789	0	0.3405	0.26417	0.0763298	0	0	0	
191	0.354331	0.213619	0.137637	0.00307456	1.57436	0.949155	0.611553	0.0136609	0.00354245	0.0157398	
192	0.073099	0.073085	1.39229e-05	0	0.324794	0.324732	6.18626e-05	0	0	0	
193	0.118564	0.118564	0	0	0.526805	0.526805	0	0	0	0	
194	0.174248	0.121233	0.0528045	0.000210958	0.774223	0.538664	0.234621	0.000937334	0.000225093	0.00100014	
195	0.0900789	0.0887349	0.00134399	0	0.40024	0.394268	0.00597165	0	0	0	
196	0.0895129	0.0895129	0	0	0.397725	0.397725	0	0	0	0	
197	0.0777327	0.0560987	0.021533	0.000101052	0.345383	0.249258	0.0956757	0.000448996	0.00010156	0.000451256	
198	0.150118	0.114452	0.0347472	0.000918477	0.667008	0.508538	0.154389	0.00408099	0.00121613	0.00540354	
199	0.152756	0.11449	0.0382645	2.17063e-06	0.678731	0.508704	0.170017	9.64461e-06	6.75906e-06	3.00319e-05	
200	0.1075	0.0873291	0.0201711	0	0.477646	0.388022	0.0896247	0	0	0	
201	0.156458	0.10072	0.0555189	0.000218912	0.695176	0.447521	0.246682	0.000972673	0.00295326	0.0131219	
202	0.106054	0.105997	5.72268e-05	0	0.471222	0.470968	0.000254271	0	0	0	
203	0.0973345	0.0946127	0.00272121	6.59801e-07	0.432478	0.420384	0.0120909	2.93163e-06	6.87919e-07	3.05657e-06	
204	0.167359	0.133939	0.0332798	0.000139703	0.743613	0.595122	0.147869	0.000620731	0.000180832	0.000803479	
205	0.114754	0.0899563	0.0247406	5.71426e-05	0.509877	0.399695	0.109927	0.000253896	7.8135e-05	0.00034717	
206	0.195336	0.149486	0.0457209	0.000129574	0.867922	0.664198	0.203147	0.000575726	0.000200943	0.000892835	
207	0.0694724	0.0519569	0.0175145	1.0712e-06	0.308681	0.230855	0.0778207	4.75958e-06	1.77627e-06	7.89237e-06	
208	0.105101	0.0983727	0.00672908	0	0.466989	0.437091	0.0298987	0	0	0	
209	0.152501	0.0952855	0.057194	2.18768e-05	0.677596	0.423374	0.254125	9.72036e-05	0.000100832	0.00044802	
210	0.114317	0.113763	0.000554278	0	0.507937	0.505474	0.00246277	0	0	0	
211	0.168856	0.103577	0.065278	0	0.750263	0.460219	0.290044	0	0	0	
212	0.117049	0.116421	0.000627661	0	0.520074	0.517285	0.00278883	0	0	0	
213	0.24111	0.164716	0.0754431	0.00095137	1.0713	0.731869	0.33521	0.00422714	0.00144842	0.00643566	
214	0.118088	0.115864	0.00221725	6.8936e-06	0.524693	0.514811	0.00985171	3.06297e-05	6.93172e-06	3.07991e-05	
215	0.207944	0.161662	0.0460708	0.000211031	0.923943	0.718303	0.204702	0.000937656	0.000259929	0.00115492	
216	0.101401	0.0848399	0.016555	6.51332e-06	0.450548	0.376961	0.0735576	2.894e-05	2.27761e-05	0.000101199	
217	0.197242	0.140935	0.0556521	0.000655679	0.876391	0.626204	0.247274	0.00291332	0.000829252	0.00368454	
218	0.0974264	0.0971926	0.000233786	0	0.432886	0.431847	0.00103876	0	0	0	
219	0.133454	0.133097	0.000356979	0	0.592968	0.591382	0.00158613	0	0	0	
220	0.0921837	0.0838437	0.00833996	0	0.409591	0.372535	0.0370562	0	0	0	
221	0.116456	0.0938804	0.0225446	3.11577e-05	0.517439	0.41713	0.10017	0.00013844	4.54078e-05	0.000201756	
222	0.0503639	0.0502878	7.61187e-05	0	0.223777	0.223439	0.000338211	0	0	0	
223	0.0970417	0.0967951	0.000246602	0	0.431177	0.430081	0.0010957	0	0	0	
224	0.184126	0.145272	0.0388082	4.65017e-05	0.818114	0.645474	0.172433	0.000206617	7.26088e-05	0.000322616	
225	0.0827937	0.078312	0.00447686	4.89881e-06	0.36787	0.347957	0.0198916	2.17664e-05	4.91866e-06	2.18546e-05	
226	0.25138	0.225062	0.0262721	4.62721e-05	1.11693	1	0.116732	0.000205597	4.72632e-05	0.00021	
227	0.0843768	0.0822636	0.00211322	0	0.374904	0.365514	0.00938948	0	0	0	
228	0.0909789	0.0793423	0.0116366	0	0.404239	0.352534	0.0517042	0	0	0	
229	0.127423	0.123879	0.00354471	0	0.56617	0.55042	0.0157499	0	0	0	
230	0.107685	0.106568	0.00111755	0	0.47847	0.473504	0.00496552	0	0	0	
231	0.0927523	0.0920069	0.00074531	0	0.412118	0.408806	0.00331157	0	0	0	
232	0.0847382	0.0750662	0.00967046	1.5787e-06	0.37651	0.333535	0.0429679	7.01454e-06	1.56116e-06	6.93661e-06	
233	0.0797246	0.0781106	0.00161119	2.85043e-06	0.354233	0.347062	0.0071589	1.2665e-05	3.03836e-06	1.35e-05	
234	0.104278	0.104278	0	0	0.463329	0.463329	0	0	0	0	
235	0.136215	0.136215	0	0	0.605233	0.605233	0	0	0	0	
236	0.073636	0.0661533	0.00745941	2.32265e-05	0.32718	0.293933	0.0331437	0.0001032	3.25216e-05	0.0001445	
237	0.0474371	0.0473585	7.86201e-05	0	0.210773	0.210423	0.000349326	0	0	0	
238	0.089483	0.089483	0	0	0.397592	0.397592	0	0	0	0	
239	0.138567	0.121956	0.0165962	1.4052e-05	0.615682	0.541879	0.0737408	6.24362e-05	1.74811e-05	7.76726e-05	
240	0.0937232	0.0906605	0.00306271	0	0.416432	0.402824	0.0136083	0	0	0	
241	0.135773	0.118579	0.0171383	5.54363e-05	0.60327	0.526874	0.0761495	0.000246315	5.76002e-05	0.00025593	
242	0.0859446	0.0855636	0.000380989	0	0.38187	0.380177	0.00169281	0	0	0	
243	0.0861452	0.0861294	1.57267e-05	0	0.382761	0.382691	6.98773e-05	0	0	0	
244	0.0889891	0.088836	0.000153113	0	0.395397	0.394717	0.000680317	0	0	0	
245	0.125472	0.0952414	0.0298133	0.000417642	0.5575	0.423178	0.132467	0.00185567	0.000495583	0.00220198	
246	0.107972	0.0896411	0.0183317	0	0.479746	0.398294	0.0814517	0	0	0	
247	0.111923	0.10731	0.00460121	1.24459e-05	0.4973	0.476801	0.0204441	5.52998e-05	1.87635e-05	8.33705e-05	
248	0.0843054	0.0836947	0.000610733	0	0.374587	0.371873	0.00271361	0	0	0	
249	0.0755128	0.070092	0.00542076	0	0.335519	0.311433	0.0240856	0	0	0	
250	0.067377	0.066732	0.000644909	0	0.29937	0.296504	0.00286547	0	0	0	
251	0.128974	0.109408	0.0194617	0.00010494	0.573062	0.486123	0.0864728	0.000466273	0.000104922	0.000466194	
252	0.0766374	0.0693629	0.00726303	1.14829e-05	0.340516	0.308194	0.0322712	5.10213e-05	1.56554e-05	6.95607e-05	
253	0.0991281	0.0979363	0.00119179	0	0.440447	0.435152	0.00529538	0	0	0	
254	0.0781454	0.0777645	0.000380895	0	0.347216	0.345524	0.0016924	0	0	0	
255	0.0868332	0.0868332	0	0	0.385818	0.385818	0	0	0	0	
256	0.100625	0.0968368	0.00378855	2.47585e-07	0.447101	0.430266	0.0168333	1.10007e-06	4.19752e-07	1.86505e-06	
257	0.0986354	0.088909	0.00972639	0	0.438258	0.395041	0.0432164	0	0	0	
258	0.101494	0.096313	0.00517778	3.39973e-06	0.45096	0.427939	0.023006	1.51057e-05	6.38638e-06	2.8376e-05	
259	0.0519474	0.0453246	0.00656375	5.9132e-05	0.230813	0.201386	0.0291641	0.000262736	6.72626e-05	0.000298862	
260	0.0443955	0.0417966	0.00259895	0	0.197259	0.185711	0.0115477	0	0	0	
261	0.112549	0.110002	0.00254485	2.67969e-06	0.500081	0.488762	0.0113073	1.19064e-05	2.66706e-06	1.18503e-05	
262	0.115623	0.111239	0.00438369	7.99867e-07	0.51374	0.494259	0.0194777	3.55398e-06	9.94688e-07	4.41961e-06	
263	0.0599166	0.0438148	0.0160346	6.71173e-05	0.266222	0.194678	0.0712453	0.000298216	8.81971e-05	0.000391878	
264	0.204169	0.140136	0.0634568	0.000576391	0.90717	0.622657	0.281952	0.00256102	0.00075312	0.00334627	
265	0.0488865	0.0434113	0.00547218	2.9814e-06	0.217213	0.192885	0.024314	1.3247e-05	1.0751e-05	4.77693e-05	
266	0.0958912	0.0835219	0.0121998	0.000169528	0.426065	0.371105	0.0542064	0.000753251	0.00016951	0.000753172	
267	0.0482104	0.0456115	0.00259895	0	0.214209	0.202661	0.0115477	0	0	0	
268	0.0859295	0.0852852	0.000643801	5.58679e-07	0.381803	0.37894	0.00286054	2.48233e-06	5.41113e-07	2.40428e-06	
269	0.216428	0.205048	0.0113714	7.76853e-06	0.961635	0.911075	0.0505255	3.45172e-05	8.7164e-06	3.87288e-05	
270	0.107842	0.107461	0.000380895	0	0.479167	0.477474	0.0016924	0	0	0	
271	0.0848838	0.0846809	0.000202851	0	0.377156	0.376255	0.00090131	0	0	0	
272	0.10439	0.103746	0.000643005	6.94253e-07	0.463829	0.460969	0.00285701	3.08471e-06	6.76661e-07	3.00655e-06	
273	0.114208	0.0917016	0.0224887	1.80485e-05	0.507452	0.40745	0.0999222	8.01937e-05	4.16582e-05	0.000185096	
274	0.106506	0.0943434	0.0121629	0	0.473231	0.419188	0.0540427	0	0	0	
275	0.116963	0.111266	0.00566255	3.46236e-05	0.519694	0.49438	0.0251599	0.00015384	3.52438e-05	0.000156595	
276	0.0908292	0.0898246	0.00100454	0	0.403573	0.39911	0.00446339	0	0	0	
277	0.114343	0.104083	0.0102086	5.0978e-05	0.508051	0.462465	0.045359	0.000226506	8.3728e-05	0.000372021	
278	0.183491	0.14802	0.0353916	7.99506e-05	0.815293	0.657686	0.157252	0.000355237	0.000104252	0.000463217	
279	0.0781963	0.0770547	0.00114153	0	0.347443	0.34237	0.00507209	0	0	0	
280	0.147002	0.1214	0.0255867	1.52781e-05	0.653164	0.539409	0.113687	6.7884e-05	4.77601e-05	0.000212208	
281	0.115585	0.0951352	0.0204224	2.75977e-05	0.51357	0.422706	0.0907412	0.000122622	4.15832e-05	0.000184763	
282	0.0833531	0.0812445	0.0021086	0	0.370355	0.360986	0.00936897	0	0	0	
283	0.0992658	0.09115	0.00811197	3.85858e-06	0.441059	0.404999	0.0360432	1.71445e-05	6.50788e-06	2.89159e-05	
284	0.153396	0.110633	0.0426695	9.41211e-05	0.681575	0.491567	0.18959	0.0004182	0.000171473	0.000761892	
285	0.105049	0.0872449	0.0177977	6.85499e-06	0.466757	0.387648	0.0790793	3.04582e-05	9.9358e-06	4.41469e-05	
286	0.127948	0.0820892	0.0458314	2.74484e-05	0.5685	0.36474	0.203638	0.000121959	4.65323e-05	0.000206753	
287	0.0806	0.0653928	0.0147456	0.000461613	0.358123	0.290554	0.0655181	0.00205104	0.00051938	0.00230772	
288	0.226199	0.14051	0.0830316	0.00265773	1.00505	0.624317	0.368927	0.0118088	0.00355503	0.0157958	
289	0.0669785	0.0656383	0.00133599	4.27708e-06	0.2976	0.291645	0.00593611	1.9004e-05	4.25953e-06	1.8926e-05	
290	0.0695012	0.0689969	0.000504285	0	0.308808	0.306568	0.00224064	0	0	0	
291	0.20443	0.137183	0.0669569	0.000289864	0.908329	0.609537	0.297503	0.00128792	0.00137758	0.0061209	
292	0.136824	0.116677	0.0200627	8.37354e-05	0.607938	0.518423	0.0891432	0.000372054	9.34457e-05	0.000415199	
293	0.0672385	0.0475743	0.0196642	0	0.298755	0.211382	0.0873724	0	0	0	
294	0.0720256	0.0610005	0.010917	0.000108068	0.320025	0.271038	0.0485068	0.00048017	0.000139637	0.000620441	
295	0.198322	0.152175	0.0457413	0.0004053	0.881187	0.676147	0.203238	0.00180083	0.000539959	0.00239915	
296	0.118312	0.118312	0	0	0.525688	0.525688	0	0	0	0	
297	0.176949	0.146599	0.0302717	7.74182e-05	0.786222	0.651374	0.134504	0.000343986	0.000104332	0.00046357	
298	0.108061	0.0908464	0.0170241	0.000191322	0.480142	0.40365	0.0756421	0.000850085	0.000191304	0.000850007	
299	0.0977832	0.0794263	0.0183558	9.75871e-07	0.434471	0.352908	0.081559	4.336e-06	9.58584e-07	4.25919e-06	
300	0.0770403	0.0767543	0.000285922	0	0.342306	0.341036	0.00127041	0	0	0	
301	0.0724928	0.0622454	0.010243	4.33837e-06	0.322101	0.27657	0.0455121	1.92763e-05	7.1829e-06	3.19151e-05	
302	0.0717642	0.0693568	0.00240739	0	0.318863	0.308167	0.0106965	0	0	0	
303	0.124888	0.105824	0.0189455	0.000117945	0.554904	0.470201	0.084179	0.000524056	0.000136123	0.000604824	
304	0.0954605	0.0954605	0	0	0.424151	0.424151	0	0	0	0	
305	0.0511729	0.0412779	0.00989505	0	0.227372	0.183406	0.0439658	0	0	0	
306	0.0620688	0.0529408	0.00912795	0	0.275785	0.235227	0.0405574	0	0	0	
307	0.0943844	0.0873157	0.00706866	0	0.41937	0.387962	0.0314076	0	0	0	
308	0.0931187	0.0755374	0.0175701	1.11172e-05	0.413746	0.335629	0.0780677	4.93964e-05	2.24479e-05	9.97411e-05	
309	0.124345	0.110783	0.013456	0.000105845	0.552494	0.492235	0.059788	0.000470295	0.000110937	0.00049292	
310	0.14555	0.143361	0.00218681	1.97868e-06	0.64671	0.636985	0.0097165	8.79172e-06	1.96106e-06	8.71344e-06	
311	0.0835211	0.0739562	0.00946994	9.49608e-05	0.371102	0.328603	0.0420769	0.000421931	0.000107836	0.00047914	
312	0.146457	0.0958571	0.0502551	0.000345243	0.650742	0.425913	0.223294	0.00153398	0.000443869	0.0019722	
313	0.107702	0.0934461	0.0142559	0	0.478543	0.415201	0.063342	0	0	0	
314	0.0802605	0.0772915	0.00296858	4.09598e-07	0.356614	0.343423	0.01319	1.81993e-06	7.50511e-07	3.33468e-06	
315	0.103969	0.0949939	0.00895382	2.155e-05	0.461958	0.422078	0.0397837	9.57515e-05	3.08501e-05	0.000137073	
316	0.0735407	0.0706173	0.00292318	2.02861e-07	0.326757	0.313767	0.0129883	9.01359e-07	2.6235e-07	1.16567e-06	
317	0.125319	0.0767802	0.0481424	0.000396791	0.556821	0.341151	0.213907	0.00176302	0.000601954	0.00267461	
318	0.148799	0.1223	0.0264991	0	0.661149	0.543408	0.117741	0	0	0	
319	0.232227	0.143614	0.0869306	0.00168269	1.03183	0.638109	0.386251	0.00747655	0.00197409	0.00877134	
320	0.0975537	0.0761103	0.0214188	2.44901e-05	0.433452	0.338174	0.0951686	0.000108814	4.39437e-05	0.000195251	
321	0.155727	0.0988336	0.0552707	0.00162305	0.69193	0.439138	0.245579	0.00721157	0.00200236	0.00889694	
322	0.137108	0.078823	0.0576608	0.000624513	0.609201	0.350227	0.256199	0.00277484	0.00094746	0.00420977	
323	0.1035	0.0948899	0.00861107	0	0.459877	0.421616	0.0382608	0	0	0	
324	0.127627	0.125244	0.00238277	0	0.567075	0.556488	0.0105871	0	0	0	
325	0.0905362	0.0902634	0.000272807	0	0.402271	0.401059	0.00121214	0	0	0	
326	0.071923	0.0711003	0.00082277	0	0.319569	0.315913	0.00365574	0	0	0	
327	0.0773138	0.0751703	0.00214348	0	0.343521	0.333998	0.00952397	0	0	0	
328	0.0913426	0.0907531	0.000589452	0	0.405854	0.403235	0.00261906	0	0	0	
329	0.0946462	0.0915141	0.0031265	5.61493e-06	0.420533	0.406616	0.0138917	2.49483e-05	7.03922e-06	3.12767e-05	
330	0.149422	0.0883205	0.0598212	0.00128052	0.663915	0.392427	0.265798	0.00568964	0.00178523	0.00793218	
331	0.132037	0.116912	0.0150795	4.53042e-05	0.58667	0.519467	0.0670018	0.000201296	5.89144e-05	0.000261769	
332	0.109175	0.0964086	0.0127221	4.49456e-05	0.48509	0.428364	0.056527	0.000199703	6.16344e-05	0.000273855	
333	0.123092	0.0984886	0.024589	1.44236e-05	0.546924	0.437605	0.109254	6.40871e-05	1.8451e-05	8.19818e-05	
334	0.144006	0.0884628	0.054828	0.000715261	0.639849	0.393059	0.243612	0.00317805	0.000946129	0.00420385	
335	0.0872308	0.0804839	0.00674686	0	0.387585	0.357607	0.0299777	0	0	0	
336	0.110729	0.0894685	0.0211539	0.000106791	0.491993	0.397527	0.0939913	0.000474498	0.000228036	0.00101321	
337	0.120545	0.111861	0.008682	2.14083e-06	0.535608	0.497022	0.038576	9.51219e-06	3.16538e-06	1.40644e-05	
338	0.11745	0.101714	0.0156442	9.13079e-05	0.521856	0.451939	0.0695108	0.0004057	0.000105845	0.000470292	
339	0.0889328	0.0770652	0.0118213	4.63422e-05	0.395147	0.342417	0.0525246	0.000205908	5.57035e-05	0.000247502	
340	0.109812	0.0835992	0.0259564	0.000256943	0.48792	0.371449	0.115329	0.00114165	0.00039237	0.00174338	
341	0.109153	0.104364	0.00478856	1.93656e-07	0.484991	0.463714	0.0212766	8.60456e-07	4.66785e-07	2.07402e-06	
342	0.109647	0.0754224	0.0339853	0.000239689	0.487187	0.335117	0.151004	0.00106499	0.000255136	0.00113362	
343	0.142198	0.0882782	0.0530705	0.00084934	0.631816	0.392238	0.235803	0.00377379	0.00148241	0.00658667	
344	0.0840281	0.0825268	0.0015012	1.97625e-07	0.373355	0.366684	0.00667016	8.78093e-07	1.85979e-07	8.26347e-07	
345	0.123986	0.0951408	0.0287867	5.87052e-05	0.550897	0.422731	0.127905	0.000260839	0.000102296	0.000454525	
346	0.144994	0.0983283	0.0458276	0.000838977	0.644243	0.436893	0.203621	0.00372775	0.00134065	0.00595682	
347	0.0962818	0.0755418	0.0207038	3.61517e-05	0.4278	0.335648	0.0919914	0.000160629	4.27173e-05	0.000189802	
348	0.0990706	0.0837925	0.0152603	1.78088e-05	0.440192	0.372308	0.0678049	7.91283e-05	3.52579e-05	0.000156658	
349	0.0830814	0.0722601	0.0108003	2.09553e-05	0.369148	0.321067	0.0479883	9.31089e-05	3.94167e-05	0.000175137	
350	0.139388	0.0761505	0.0617975	0.00144068	0.619334	0.338353	0.274579	0.00640125	0.0020873	0.00927432	
351	0.151149	0.0937745	0.0571172	0.000257221	0.671587	0.41666	0.253784	0.00114289	0.000454001	0.00201722	
352	0.125596	0.0818068	0.0437703	1.93725e-05	0.558052	0.363485	0.194481	8.60763e-05	3.45146e-05	0.000153356	
353	0.0850021	0.0780238	0.0069692	9.18313e-06	0.377682	0.346676	0.0309656	4.08026e-05	1.31153e-05	5.82744e-05	
354	0.0885875	0.0792416	0.00929808	4.78225e-05	0.393613	0.352087	0.0413133	0.000212485	5.19552e-05	0.000230848	
355	0.0847713	0.0835014	0.00126969	2.21916e-07	0.376657	0.371014	0.00564154	9.86024e-07	2.72591e-07	1.21118e-06	
356	0.12644	0.108895	0.0174208	0.000125055	0.561804	0.483844	0.0774045	0.000555649	0.000139647	0.000620484	
357	0.214167	0.108088	0.102976	0.00310293	0.951591	0.480259	0.457544	0.013787	0.00643968	0.0286128	
358	0.174411	0.0978925	0.0755473	0.000971285	0.774946	0.434957	0.335673	0.00431563	0.00371231	0.0164945	
359	0.109766	0.0782193	0.0310799	0.000466886	0.487714	0.347545	0.138094	0.00207447	0.000912839	0.00405594	
360	0.100632	0.0966504	0.00398176	4.91104e-07	0.447132	0.429438	0.0176918	2.18208e-06	8.33496e-07	3.7034e-06	
361	0.0470043	0.0470043	0	0	0.20885	0.20885	0	0	0	0	
362	0.103868	0.0870832	0.0167063	7.867e-05	0.461508	0.386929	0.0742297	0.000349547	9.16841e-05	0.000407372	
363	0.0493428	0.0490938	0.000248996	0	0.21924	0.218134	0.00110634	0	0	0	
364	0.135505	0.113414	0.0220735	1.73834e-05	0.602078	0.503923	0.0980773	7.72383e-05	2.548e-05	0.000113213	
365	0.0841849	0.0792283	0.00493354	2.30842e-05	0.374051	0.352028	0.0219207	0.000102568	2.69015e-05	0.000119529	
366	0.113379	0.0914622	0.0216513	0.000265551	0.503767	0.406386	0.0962016	0.0011799	0.000325829	0.00144772	
367	0.127194	0.105	0.0221278	6.67078e-05	0.565153	0.466538	0.0983189	0.000296397	0.000123586	0.00054912	
368	0.0796811	0.075556	0.00408658	3.8499e-05	0.35404	0.335711	0.0181575	0.000171059	3.85066e-05	0.000171093	
369	0.0853771	0.0800789	0.00528496	1.31795e-05	0.379348	0.355808	0.0234822	5.85593e-05	1.47596e-05	6.55802e-05	
370	0.116047	0.091379	0.0245182	0.000150518	0.515625	0.406016	0.108939	0.000668787	0.000262	0.00116412	
371	0.114484	0.0790983	0.0352162	0.000170054	0.508679	0.35145	0.156473	0.000755587	0.000199947	0.000888408	
372	0.0980933	0.0788208	0.0192502	2.23483e-05	0.435849	0.350217	0.0855327	9.92986e-05	2.91748e-05	0.00012963	
373	0.0846931	0.0789758	0.00571147	5.83006e-06	0.376309	0.350906	0.0253772	2.59042e-05	9.78469e-06	4.34754e-05	
374	0.162015	0.103632	0.054159	0.00422424	0.719869	0.460459	0.24064	0.0187692	0.0051175	0.0227381	
375	0.145084	0.126763	0.0180677	0.000253606	0.644643	0.563238	0.0802786	0.00112682	0.000255639	0.00113586	
376	0.100135	0.0985966	0.00153735	1.44242e-06	0.444923	0.438086	0.00683079	6.40901e-06	1.51687e-06	6.73978e-06	
377	0.104216	0.099777	0.00442862	1.09694e-05	0.463056	0.44333	0.0196773	4.87395e-05	1.24283e-05	5.52217e-05	
378	0.121028	0.103385	0.0176077	3.51443e-05	0.537756	0.459365	0.0782348	0.000156153	6.14146e-05	0.000272878	
379	0.0933171	0.0764798	0.0167788	5.84016e-05	0.414627	0.339816	0.074552	0.000259491	7.55208e-05	0.000335555	
380	0.10612	0.0821539	0.0238866	7.94765e-05	0.471513	0.365027	0.106133	0.000353131	0.000109063	0.000484591	
381	0.106492	0.0795429	0.0266722	0.000277678	0.47317	0.353426	0.11851	0.00123378	0.000450713	0.00200261	
382	0.106806	0.103703	0.00309439	8.63994e-06	0.474563	0.460776	0.013749	3.83891e-05	9.0044e-06	4.00084e-05	
383	0.0808783	0.0756718	0.00520647	0	0.359359	0.336226	0.0231334	0	0	0	
384	0.0997016	0.0900947	0.00960683	0	0.442995	0.40031	0.0426852	0	0	0	
385	0.146992	0.106973	0.0391032	0.000916028	0.653119	0.475305	0.173744	0.00407011	0.00121716	0.00540811	
386	0.0990812	0.0793478	0.0195546	0.000178762	0.440239	0.352559	0.0868854	0.000794278	0.000290313	0.00128992	
387	0.0949193	0.083936	0.0109091	7.41558e-05	0.421746	0.372945	0.0484716	0.00032949	8.83672e-05	0.000392634	
388	0.0898698	0.0767128	0.0129166	0.000240444	0.399311	0.340851	0.0573913	0.00106834	0.000240427	0.00106826	
389	0.13465	0.110794	0.0238345	2.15652e-05	0.598279	0.492282	0.105901	9.58191e-05	2.54424e-05	0.000113046	
390	0.0830964	0.0741084	0.00891529	7.27706e-05	0.369215	0.329279	0.0396125	0.000323335	7.51839e-05	0.000334058	
391	0.10215	0.0909535	0.0111964	0	0.453874	0.404126	0.0497483	0	0	0	
392	0.0908889	0.0496748	0.040941	0.00027307	0.403838	0.220715	0.181909	0.0012133	0.000307986	0.00136845	
393	0.0910154	0.0806318	0.0103835	0	0.4044	0.358264	0.0461361	0	0	0	
394	0.0967422	0.0923243	0.00441792	0	0.429846	0.410216	0.0196297	0	0	0	
395	0.148548	0.137834	0.0107123	8.21814e-07	0.660031	0.61243	0.0475972	3.65149e-06	3.5784e-06	1.58996e-05	
396	0.0973412	0.0589583	0.0383828	0	0.432507	0.261964	0.170543	0	0	0	
397	0.130957	0.101003	0.0296415	0.000312258	0.58187	0.448779	0.131703	0.00138743	0.000874437	0.00388531	
398	0.09118	0.0908833	0.000296731	0	0.405132	0.403813	0.00131844	0	0	0	
399	0.0791746	0.0782835	0.000891082	0	0.351789	0.34783	0.00395927	0	0	0	
400	0.146027	0.128664	0.0173623	0	0.648829	0.571684	0.0771448	0	0	0	
401	0.101104	0.100326	0.000777824	0	0.449227	0.445771	0.00345604	0	0	0	
402	0.111733	0.0831504	0.0285827	0	0.496454	0.369455	0.126999	0	0	0	
403	0.117061	0.0885513	0.0283166	0.000193258	0.520128	0.393452	0.125817	0.000858689	0.000594433	0.00264119	
404	0.108513	0.0984841	0.0100194	9.82305e-06	0.482148	0.437586	0.0445186	4.36459e-05	9.80544e-06	4.35676e-05	
405	0.10694	0.106885	5.43503e-05	0	0.475157	0.474916	0.00024149	0	0	0	
406	0.198711	0.176402	0.0222618	4.72945e-05	0.882917	0.783793	0.0989139	0.000210139	4.96708e-05	0.000220698	
407	0.131906	0.0852522	0.0463708	0.00028336	0.586088	0.378793	0.206035	0.00125903	0.000298327	0.00132553	
408	0.13046	0.127316	0.00314375	0	0.579661	0.565693	0.0139683	0	0	0	
409	0.0918303	0.0917467	8.36083e-05	0	0.408022	0.40765	0.000371489	0	0	0	
410	0.113602	0.0877137	0.025545	0.000344	0.504761	0.389731	0.113502	0.00152846	0.000384283	0.00170745	
411	0.137253	0.117218	0.0200308	4.91312e-06	0.609848	0.520825	0.0890014	2.183e-05	4.97007e-06	2.20831e-05	
412	0.155053	0.122113	0.0329354	4.51047e-06	0.688934	0.542575	0.146339	2.00409e-05	5.224e-06	2.32113e-05	
413	0.093879	0.0915315	0.00234691	5.92135e-07	0.417124	0.406694	0.0104278	2.63098e-06	5.8796e-07	2.61243e-06	
414	0.149808	0.112546	0.037216	4.55029e-05	0.665629	0.500068	0.165358	0.000202179	5.03734e-05	0.000223819	
415	0.0927273	0.0919577	0.000769567	0	0.412007	0.408587	0.00341935	0	0	0	
416	0.128827	0.106109	0.0227077	1.08169e-05	0.57241	0.471466	0.100895	4.80619e-05	1.08008e-05	4.79903e-05	
417	0.105588	0.0957709	0.00981796	0	0.469154	0.42553	0.0436233	0	0	0	
418	0.0804688	0.0769332	0.00353564	0	0.35754	0.34183	0.0157096	0	0	0	
419	0.138554	0.102145	0.0362624	0.000146075	0.615627	0.453856	0.161121	0.000649046	0.000164531	0.00073105	
420	0.0837685	0.0837685	0	0	0.372201	0.372201	0	0	0	0	
421	0.0881635	0.0861673	0.00199621	0	0.391729	0.382859	0.00886962	0	0	0	
422	0.104766	0.0810582	0.0234449	0.000263621	0.465501	0.360158	0.10417	0.00117132	0.000263605	0.00117125	
423	0.0674442	0.0560319	0.011351	6.12111e-05	0.299669	0.248962	0.0504352	0.000271974	9.35916e-05	0.000415847	
424	0.110761	0.11065	0.000111309	0	0.492138	0.491644	0.000494569	0	0	0	
425	0.0758938	0.0696264	0.00623936	2.8085e-05	0.337212	0.309365	0.0277228	0.000124787	2.85093e-05	0.000126673	
426	0.114002	0.109151	0.00484339	7.13339e-06	0.506535	0.484983	0.0215202	3.16952e-05	8.70042e-06	3.86578e-05	
427	0.0946012	0.0905702	0.00400621	2.48399e-05	0.420333	0.402422	0.0178004	0.000110369	2.54903e-05	0.000113259	
428	0.0957303	0.0941491	0.00158113	9.91183e-08	0.42535	0.418324	0.00702533	4.40403e-07	9.11251e-08	4.04888e-07	
429	0.125363	0.0883187	0.037041	3.61641e-06	0.557016	0.392418	0.164581	1.60685e-05	5.46411e-06	2.42782e-05	
430	0.228552	0.212606	0.0159356	1.01503e-05	1.0155	0.944658	0.0708054	4.50999e-05	1.0135e-05	4.50323e-05	
431	0.179236	0.16652	0.0127029	1.29214e-05	0.796385	0.739886	0.056442	5.74126e-05	1.52214e-05	6.76322e-05	
432	0.133904	0.112304	0.021533	6.73625e-05	0.594967	0.498992	0.095676	0.000299306	8.51031e-05	0.000378131	
433	0.113656	0.098684	0.0146584	0.000314334	0.505001	0.438474	0.0651307	0.00139665	0.000350304	0.00155647	
434	0.0896341	0.0806801	0.00895399	0	0.398263	0.358478	0.0397845	0	0	0	
435	0.201055	0.152279	0.0487431	3.23982e-05	0.893331	0.676611	0.216576	0.000143952	4.66647e-05	0.000207341	
436	0.123992	0.086262	0.0373281	0.000402478	0.550925	0.38328	0.165856	0.00178829	0.000569863	0.00253202	
437	0.134274	0.0863114	0.046923	0.00104038	0.596612	0.3835	0.208489	0.00462264	0.00146999	0.00653149	
438	0.175389	0.130624	0.0438758	0.000888697	0.77929	0.580392	0.194949	0.00394867	0.000951874	0.00422938	
439	0.141777	0.127292	0.0144603	2.45593e-05	0.629947	0.565588	0.0642502	0.000109122	3.68904e-05	0.000163912	
440	0.0854288	0.0802916	0.00512728	9.85981e-06	0.379578	0.356753	0.0227816	4.38092e-05	1.21681e-05	5.40658e-05	
441	0.0684123	0.0677569	0.000655341	0	0.30397	0.301058	0.00291182	0	0	0	
442	0.139423	0.0951002	0.0426824	0.00164126	0.61949	0.42255	0.189647	0.0072925	0.00239456	0.0106395	
443	0.171175	0.138202	0.0326585	0.000314937	0.760571	0.614062	0.145108	0.00139933	0.0004418	0.00196301	
444	0.134216	0.108152	0.0260577	6.00872e-06	0.596353	0.480546	0.11578	2.6698e-05	1.64086e-05	7.29071e-05	
445	0.114395	0.0883784	0.0259404	7.67656e-05	0.508284	0.392684	0.115258	0.000341086	0.000140665	0.000625006	
446	0.1488	0.0908764	0.0575265	0.000397679	0.661153	0.403783	0.255602	0.00176697	0.000690298	0.00306714	
447	0.159377	0.122205	0.037172	0	0.708147	0.542984	0.165163	0	0	0	
448	0.043465	0.0376242	0.00584083	0	0.193124	0.167172	0.025952	0	0	0	
449	0.231083	0.154489	0.0763993	0.000194498	1.02675	0.686431	0.339458	0.000864199	0.000318315	0.00141434	
450	0.0880799	0.0795773	0.00850256	0	0.391357	0.353579	0.0377787	0	0	0	
451	0.135669	0.120448	0.0152107	1.05675e-05	0.602807	0.535176	0.0675848	4.69537e-05	1.38399e-05	6.14937e-05	
452	0.172187	0.100237	0.0703041	0.00164553	0.765064	0.445377	0.312376	0.00731146	0.0028659	0.0127338	
453	0.11087	0.0957516	0.0151108	7.99684e-06	0.492621	0.425444	0.0671406	3.55317e-05	1.36578e-05	6.06849e-05	
454	0.141272	0.0893309	0.0518547	8.63761e-05	0.627701	0.396916	0.230401	0.000383787	0.00025281	0.00112329	
455	0.159164	0.105264	0.0536175	0.000283402	0.707204	0.46771	0.238234	0.00125921	0.000400538	0.00177967	
456	0.144779	0.112098	0.0324453	0.000235633	0.643285	0.498076	0.144161	0.00104696	0.000382586	0.00169991	
457	0.126117	0.100742	0.0253695	5.94722e-06	0.560368	0.447619	0.112722	2.64248e-05	6.17941e-06	2.74564e-05	
458	0.095057	0.0790769	0.0159768	3.17916e-06	0.422358	0.351356	0.0709887	1.41257e-05	4.14733e-06	1.84275e-05	
459	0.102422	0.0890756	0.0133472	0	0.455086	0.395781	0.0593046	0	0	0	
460	0.126228	0.0855237	0.0406441	6.018e-05	0.560858	0.38	0.18059	0.000267392	7.32797e-05	0.000325597	
461	0.13017	0.0856962	0.0444516	2.22326e-05	0.578373	0.380766	0.197508	9.87845e-05	3.82298e-05	0.000169863	
462	0.122714	0.100191	0.0223427	0.000179741	0.545244	0.445172	0.0992737	0.000798628	0.000230791	0.00102545	
463	0.137031	0.119731	0.0173004	9.859e-08	0.608862	0.531992	0.0768696	4.38056e-07	2.7924e-07	1.24072e-06	
464	0.0860732	0.0691251	0.0169352	1.2879e-05	0.382441	0.307137	0.0752468	5.72245e-05	2.12301e-05	9.43302e-05	
465	0.0840466	0.0828451	0.00120153	0	0.373437	0.368098	0.00533866	0	0	0	
466	0.166882	0.110154	0.05563	0.0010972	0.741492	0.489441	0.247176	0.00487511	0.00124705	0.00554093	
467	0.120533	0.0799366	0.0394317	0.00116503	0.535555	0.355175	0.175203	0.00517649	0.00158639	0.0070487	
468	0.107426	0.10175	0.00567513	0	0.477317	0.452101	0.0252158	0	0	0	
469	0.0771442	0.076944	0.00020017	0	0.342768	0.341879	0.000889402	0	0	0	
470	0.106181	0.0951165	0.0110646	0	0.471785	0.422623	0.0491623	0	0	0	
471	0.132326	0.0791929	0.0531338	0	0.587956	0.351871	0.236085	0	0	0	
472	0.123107	0.0893648	0.0323233	0.00141941	0.546993	0.397067	0.143619	0.00630677	0.00155066	0.00688994	
473	0.17121	0.0994018	0.0692186	0.0025897	0.760723	0.441663	0.307553	0.0115066	0.0030132	0.0133883	
474	0.106402	0.077114	0.0292881	0	0.472767	0.342634	0.130133	0	0	0	
475	0.126019	0.113502	0.0125027	1.43713e-05	0.559931	0.504315	0.0555523	6.38549e-05	1.79049e-05	7.95554e-05	
476	0.163345	0.11294	0.0503817	2.33976e-05	0.725778	0.501817	0.223856	0.00010396	0.000226426	0.00100605	
477	0.125019	0.097212	0.027674	0.000133619	0.555489	0.431933	0.122961	0.000593698	0.000149631	0.000664846	
478	0.0948651	0.0790638	0.0158013	0	0.421506	0.351297	0.0702087	0	0	0	
479	0.104226	0.0978994	0.00629827	2.83145e-05	0.463098	0.434988	0.0279845	0.000125807	3.10207e-05	0.000137831	
480	0.128317	0.0977961	0.0304332	8.81545e-05	0.570142	0.434529	0.135221	0.000391689	0.000135253	0.00060096	
481	0.0859844	0.0760507	0.00992829	5.41588e-06	0.382047	0.337909	0.0441135	2.40639e-05	1.10342e-05	4.90274e-05	
482	0.136182	0.105995	0.0301818	4.82107e-06	0.605087	0.470961	0.134104	2.1421e-05	9.31215e-06	4.13759e-05	
483	0.104448	0.0926584	0.0117895	5.0086e-07	0.464086	0.411701	0.0523833	2.22542e-06	1.31612e-06	5.84781e-06	
484	0.164172	0.116892	0.0463696	0.000910566	0.729452	0.519376	0.20603	0.00404584	0.0011312	0.00502617	
485	0.114155	0.0950402	0.0188141	0.000301517	0.507219	0.422283	0.0835953	0.0013397	0.000315187	0.00140044	
486	0.0822082	0.080067	0.00214031	8.81969e-07	0.365268	0.355754	0.00950986	3.91877e-06	9.56111e-07	4.24821e-06	
487	0.104044	0.0998786	0.00416599	0	0.462292	0.443782	0.0185104	0	0	0	
488	0.142006	0.0955745	0.0462897	0.000142239	0.630965	0.424658	0.205675	0.000632001	0.000277236	0.00123182	
489	0.153813	0.0982339	0.0555447	3.43774e-05	0.683424	0.436474	0.246797	0.000152746	4.75256e-05	0.000211166	
490	0.0941133	0.090821	0.0032923	0	0.418165	0.403537	0.0146284	0	0	0	
491	0.0983111	0.0783227	0.01994	4.84237e-05	0.436817	0.348004	0.0885979	0.000215157	5.11913e-05	0.000227454	
492	0.149449	0.0970669	0.0514174	0.00096509	0.664035	0.431289	0.228458	0.0042881	0.0011969	0.0053181	
493	0.202075	0.111755	0.0903022	1.77821e-05	0.897865	0.496553	0.401232	7.901e-05	3.14688e-05	0.000139822	
494	0.186479	0.117157	0.0692561	6.57208e-05	0.828567	0.520556	0.307719	0.000292011	0.000100393	0.00044607	
495	0.0884062	0.0839569	0.00444929	0	0.392808	0.373038	0.0197691	0	0	0	
496	0.103688	0.0897547	0.0135098	0.00042386	0.46071	0.398799	0.0600272	0.0018833	0.000423842	0.00188322	
497	0.120234	0.0775931	0.0425728	6.83109e-05	0.534226	0.344762	0.18916	0.00030352	8.80633e-05	0.000391284	
498	0.168463	0.133572	0.0348078	8.28016e-05	0.748517	0.59349	0.154658	0.000367905	0.000125898	0.000559395	
499	0.159703	0.158011	0.00169249	8.28673e-08	0.709597	0.702076	0.0075201	3.68197e-07	8.08121e-08	3.59065e-07	
500	0.149729	0.0807652	0.0683539	0.000610428	0.66528	0.358857	0.303711	0.00271226	0.00105169	0.0046729	
501	0.137977	0.10845	0.029494	3.35048e-05	0.613063	0.481866	0.131048	0.000148869	7.45188e-05	0.000331103	
502	0.0928793	0.0909438	0.00193474	7.75412e-07	0.412682	0.404083	0.00859647	3.44532e-06	7.57879e-07	3.36742e-06	
503	0.113086	0.103006	0.0100732	7.4966e-06	0.502469	0.457678	0.0447576	3.3309e-05	8.66487e-06	3.84999e-05	
504	0.127705	0.119343	0.00834107	2.02418e-05	0.567421	0.53027	0.0370611	8.99389e-05	2.16208e-05	9.6066e-05	
505	0.0741194	0.0686626	0.00545394	2.87748e-06	0.329328	0.305082	0.024233	1.27852e-05	5.0484e-06	2.24311e-05	
506	0.155525	0.0977917	0.0557057	0.00202788	0.691032	0.434509	0.247512	0.0090103	0.00229694	0.0102057	
507	0.204424	0.157967	0.0457306	0.000726384	0.908301	0.701883	0.203191	0.00322748	0.0009799	0.0043539	
508	0.0944329	0.0880193	0.0064136	0	0.419585	0.391088	0.028497	0	0	0	
509	0.0934509	0.0871666	0.00627285	1.14409e-05	0.415222	0.3873	0.0278716	5.08344e-05	1.67628e-05	7.44808e-05	
510	0.130466	0.105281	0.0246891	0.000495595	0.57969	0.467789	0.109699	0.00220203	0.000556112	0.00247092	
511	0.077113	0.0751313	0.00198056	1.07508e-06	0.342629	0.333824	0.00880007	4.77684e-06	1.12863e-06	5.01478e-06	
512	0.174973	0.0883101	0.0864275	0.000236138	0.777446	0.39238	0.384016	0.00104921	0.00053158	0.00236192	
513	0.113453	0.0911149	0.0222955	4.27089e-05	0.504096	0.404843	0.0990637	0.000189764	6.19412e-05	0.000275218	
514	0.253494	0.128416	0.121486	0.00359136	1.12632	0.570579	0.539791	0.0159572	0.00511041	0.0227066	
515	0.0668636	0.0565766	0.0102499	3.70203e-05	0.297089	0.251382	0.0455426	0.000164489	5.53974e-05	0.000246142	
516	0.11352	0.0884705	0.0247487	0.000301178	0.504395	0.393093	0.109964	0.00133819	0.000403478	0.00179274	
517	0.0855208	0.0816957	0.00382515	0	0.379987	0.362991	0.0169959	0	0	0	
518	0.191818	0.155773	0.0360454	5.54574e-08	0.852291	0.692133	0.160157	2.46409e-07	8.97128e-08	3.98613e-07	
519	0.07015	0.0420894	0.0280571	3.48831e-06	0.311691	0.187012	0.124663	1.54993e-05	9.98757e-06	4.43769e-05	
520	0.162091	0.122309	0.0389158	0.000865828	0.720207	0.543448	0.172911	0.00384706	0.00127054	0.00564531	
521	0.271924	0.109825	0.161298	0.000800558	1.20821	0.487975	0.716685	0.00355705	0.00194979	0.00866335	
522	0.185637	0.0783172	0.106397	0.000923099	0.824826	0.34798	0.472744	0.00410152	0.00121498	0.00539843	
523	0.0920301	0.0761823	0.0158266	2.11899e-05	0.408909	0.338494	0.0703213	9.41515e-05	3.91843e-05	0.000174104	
524	0.154677	0.105952	0.048272	0.000453538	0.687266	0.470768	0.214482	0.00201516	0.000587384	0.00260987	
525	0.157876	0.0997505	0.0579007	0.00022519	0.701479	0.443213	0.257265	0.00100057	0.000444538	0.00197517	
526	0.113389	0.101454	0.0119089	2.66313e-05	0.503815	0.450783	0.0529139	0.000118328	3.38033e-05	0.000150195	
527	0.100973	0.0779488	0.0229344	9.059e-05	0.448648	0.346343	0.101902	0.00040251	0.000128205	0.000569645	
528	0.0853155	0.0804155	0.00490008	1.90225e-08	0.379075	0.357303	0.0217721	8.45211e-08	1.3633e-08	6.05747e-08	
529	0.138123	0.0810819	0.0567412	0.000300383	0.613712	0.360264	0.252113	0.00133466	0.000603455	0.00268128	
530	0.0957697	0.0808488	0.0148851	3.58886e-05	0.425525	0.359228	0.0661377	0.00015946	5.41373e-05	0.000240543	
531	0.16309	0.105047	0.0579098	0.00013296	0.724645	0.466748	0.257305	0.00059077	0.000298176	0.00132486	
532	0.124986	0.0837955	0.0394436	0.00174768	0.555343	0.372321	0.175256	0.00776531	0.00192592	0.00855731	
533	0.167617	0.118	0.0494919	0.000125608	0.744762	0.5243	0.219903	0.000558104	0.000174224	0.000774115	
534	0.133408	0.113495	0.0196849	0.000227884	0.59276	0.504283	0.0874644	0.00101254	0.000272695	0.00121164	
535	0.0947217	0.0777462	0.0165355	0.000439969	0.420869	0.345443	0.0734709	0.00195487	0.000656379	0.00291643	
536	0.0753142	0.065944	0.00936917	1.03367e-06	0.334637	0.293003	0.0416292	4.59283e-06	1.1174e-06	4.96486e-06	
537	0.130521	0.0768854	0.0535558	7.99751e-05	0.579934	0.341618	0.23796	0.000355346	0.000456003	0.00202612	
538	0.143083	0.0805441	0.0611046	0.0014347	0.63575	0.357874	0.2715	0.00637469	0.00167273	0.00743233	
539	0.136665	0.0833035	0.053351	1.04062e-05	0.607231	0.370135	0.23705	4.62371e-05	4.91775e-05	0.000218506	
540	0.0956658	0.0800738	0.0152997	0.000292324	0.425063	0.355785	0.0679798	0.00129886	0.000337245	0.00149845	
541	0.0885832	0.0823395	0.00623857	5.20538e-06	0.393594	0.365852	0.0277193	2.31286e-05	1.46161e-05	6.49426e-05	
542	0.199589	0.150251	0.0490071	0.000331639	0.88682	0.667597	0.217749	0.00147354	0.000411467	0.00182823	
543	0.128649	0.0895669	0.0390345	4.78321e-05	0.571616	0.397965	0.173438	0.000212528	7.17984e-05	0.000319016	
544	0.162453	0.126938	0.0355097	5.61024e-06	0.721815	0.564013	0.157777	2.49275e-05	7.49248e-05	0.000332907	
545	0.15834	0.0753334	0.0829123	9.49806e-05	0.703541	0.334722	0.368397	0.000422019	0.000217946	0.000968383	
546	0.135888	0.116792	0.0190793	1.70648e-05	0.603783	0.518933	0.0847734	7.58228e-05	1.95644e-05	8.6929e-05	
547	0.0873857	0.0756356	0.01175	0	0.388273	0.336065	0.0522081	0	0	0	
548	0.118988	0.111006	0.00798177	0	0.528692	0.493227	0.0354647	0	0	0	
549	0.145993	0.0851695	0.0604632	0.000360794	0.64868	0.378426	0.268651	0.00160308	0.000969518	0.00430777	
550	0.185326	0.119972	0.0646322	0.000721519	0.823444	0.533063	0.287174	0.00320586	0.00156953	0.00697379	
551	0.0969104	0.0967512	0.000159121	0	0.430593	0.429886	0.000707009	0	0	0	
552	0.0860408	0.0727412	0.0131819	0.000117692	0.382297	0.323204	0.05857	0.000522933	0.000142312	0.000632325	
553	0.193732	0.183352	0.0103537	2.65921e-05	0.860797	0.814674	0.046004	0.000118154	4.80403e-05	0.000213453	
554	0.147665	0.102635	0.0436701	0.0013605	0.65611	0.456029	0.194035	0.00604501	0.00151729	0.00674168	
555	0.105038	0.0752901	0.0296625	8.55452e-05	0.466707	0.33453	0.131797	0.000380095	9.31186e-05	0.000413746	
556	0.177068	0.149872	0.0270448	0.000151564	0.786754	0.665915	0.120166	0.000673434	0.000151677	0.000673937	
557	0.0907042	0.079107	0.0115679	2.92552e-05	0.403018	0.351489	0.051399	0.000129987	4.50017e-05	0.000199952	
558	0.105567	0.0976178	0.00794942	4.95964e-07	0.46906	0.433737	0.035321	2.20367e-06	4.7875e-07	2.12719e-06	
559	0.103173	0.0792114	0.0234485	0.000513803	0.458423	0.351953	0.104186	0.00228293	0.000673487	0.00299244	
560	0.0934896	0.0849814	0.00850814	0	0.415394	0.37759	0.0378034	0	0	0	
561	0.114949	0.0932652	0.0215747	0.000109322	0.510744	0.414397	0.0958613	0.000485745	0.000167162	0.00074274	
562	0.0714448	0.0499369	0.0215078	0	0.317444	0.22188	0.0955641	0	0	0	
563	0.0973704	0.0789701	0.0182842	0.000116077	0.432637	0.350881	0.0812406	0.000515756	0.000223105	0.000991303	
564	0.113188	0.0816222	0.0314479	0.000118006	0.502919	0.362665	0.139729	0.000524326	0.000210267	0.000934261	
565	0.0994505	0.0851396	0.0141806	0.000130307	0.44188	0.378293	0.0630075	0.000578984	0.0001705	0.00075757	
566	0.121104	0.103955	0.0170887	6.01686e-05	0.538092	0.461896	0.0759289	0.000267342	0.000187943	0.000835075	
567	0.214089	0.161163	0.0521074	0.000818108	0.951245	0.716085	0.231524	0.00363503	0.000883317	0.00392476	
568	0.142197	0.115488	0.0267094	0	0.631814	0.513138	0.118675	0	0	0	
569	0.0783033	0.0760197	0.00228365	0	0.347918	0.337771	0.0101467	0	0	0	
570	0.131658	0.12	0.0116436	1.42872e-05	0.584985	0.533186	0.0517354	6.34811e-05	1.75673e-05	7.80554e-05	
571	0.10058	0.0916976	0.00888303	0	0.446901	0.407432	0.0394692	0	0	0	
572	0.112344	0.0977987	0.0143454	0.000200491	0.499171	0.43454	0.06374	0.000890826	0.000266159	0.0011826	
573	0.101569	0.0845401	0.0169441	8.51009e-05	0.451294	0.37563	0.0752864	0.000378121	0.000154431	0.000686171	
574	0.139578	0.0800222	0.0590905	0.00046581	0.620177	0.355555	0.262551	0.00206969	0.000814663	0.00361972	
575	0.143156	0.0844801	0.0584897	0.000186617	0.636075	0.375363	0.259882	0.000829179	0.000343292	0.00152532	
576	0.0636019	0.0545995	0.00900232	0	0.282596	0.242597	0.0399992	0	0	0	
577	0.127485	0.113392	0.0140926	0	0.566444	0.503827	0.0626165	0	0	0	
578	0.101918	0.0892092	0.0127054	3.26424e-06	0.452843	0.396375	0.0564531	1.45037e-05	3.38667e-06	1.50477e-05	
579	0.0942745	0.0874844	0.00678556	4.57939e-06	0.418882	0.388712	0.0301496	2.03472e-05	7.32926e-06	3.25654e-05	
580	0.0850144	0.0669155	0.0180839	1.50759e-05	0.377737	0.29732	0.0803506	6.69857e-05	3.68125e-05	0.000163566	
581	0.0800362	0.075391	0.00464524	0	0.355618	0.334978	0.0206398	0	0	0	
582	0.0885532	0.0846727	0.00385555	2.49416e-05	0.39346	0.376219	0.017131	0.000110821	2.63846e-05	0.000117232	
583	0.113654	0.0931226	0.0203746	0.000157094	0.50499	0.413763	0.090529	0.000698004	0.000216158	0.000960438	
584	0.173291	0.12845	0.0441482	0.000692706	0.769969	0.570732	0.19616	0.00307784	0.000823834	0.00366047	
585	0.108492	0.0751892	0.0332666	3.62983e-05	0.482054	0.334082	0.147811	0.000161281	5.71464e-05	0.000253913	
586	0.116608	0.0846707	0.0318426	9.49543e-05	0.518115	0.37621	0.141483	0.000421902	0.000115563	0.000513475	
587	0.107485	0.0893082	0.0180997	7.77817e-05	0.477582	0.396815	0.0804211	0.0003456	9.99561e-05	0.000444126	
588	0.0688031	0.0678932	0.000909204	6.26326e-07	0.305706	0.301664	0.00403979	2.7829e-06	6.26656e-07	2.78437e-06	
589	0.15583	0.109691	0.0452862	0.000852241	0.692387	0.487383	0.201216	0.00378669	0.00115456	0.00512999	
590	0.146633	0.107831	0.0383118	0.000489972	0.651523	0.479118	0.170227	0.00217705	0.00157994	0.00702005	
591	0.138197	0.0963464	0.0418306	1.99758e-05	0.614039	0.428087	0.185862	8.87571e-05	4.87635e-05	0.000216666	
592	0.107463	0.0861631	0.0212774	2.30208e-05	0.477483	0.382841	0.0945403	0.000102286	2.85401e-05	0.000126809	
593	0.103378	0.0944034	0.00894146	3.38762e-05	0.459333	0.419454	0.0397288	0.000150519	4.11195e-05	0.000182703	
594	0.088639	0.080865	0.00776941	4.52406e-06	0.393842	0.3593	0.0345211	2.01013e-05	7.5122e-06	3.33783e-05	
595	0.120599	0.0942487	0.0262166	0.000134054	0.535849	0.418767	0.116486	0.000595633	0.00015215	0.000676038	
596	0.112764	0.0906498	0.0220405	7.45803e-05	0.501038	0.402776	0.0979306	0.000331376	0.000109885	0.000488246	
597	0.149223	0.141571	0.00763686	1.50564e-05	0.66303	0.629031	0.0339322	6.68988e-05	1.74152e-05	7.73795e-05	
598	0.113276	0.108685	0.00458288	8.30901e-06	0.503312	0.482912	0.0203627	3.69187e-05	9.73681e-06	4.32627e-05	
599	0.103981	0.0938033	0.0101779	0	0.462011	0.416788	0.0452228	0	0	0	
600	0.109322	0.108414	0.000907815	0	0.485744	0.48171	0.00403361	0	0	0	
601	0.230719	0.148688	0.0816004	0.000430739	1.02513	0.660653	0.362568	0.00191386	0.00043102	0.00191511	
602	0.111737	0.103011	0.00868674	3.89921e-05	0.496473	0.457703	0.038597	0.00017325	4.13745e-05	0.000183835	
603	0.112953	0.0521803	0.0607693	3.87273e-06	0.501876	0.231848	0.270011	1.72073e-05	1.45643e-05	6.47124e-05	
604	0.0859702	0.0812912	0.00467903	1.74692e-08	0.381984	0.361194	0.0207899	7.76195e-08	1.04617e-07	4.64839e-07	
605	0.114758	0.0497573	0.0650012	0	0.509896	0.221082	0.288814	0	0	0	
606	0.125451	0.0941793	0.0308206	0.000451973	0.557409	0.418458	0.136942	0.00200821	0.000620701	0.0027579	
607	0.0840326	0.0785033	0.00552326	6.07833e-06	0.373375	0.348807	0.024541	2.70073e-05	9.55778e-06	4.24672e-05	
608	0.0855942	0.0791223	0.00647194	0	0.380313	0.351557	0.0287562	0	0	0	
609	0.0905032	0.0874615	0.00303823	3.45293e-06	0.402125	0.38861	0.0134995	1.53421e-05	4.07045e-06	1.80858e-05	
610	0.106757	0.0803443	0.0259373	0.000475912	0.474346	0.356987	0.115245	0.00211457	0.000568873	0.00252762	
611	0.0637461	0.057946	0.00574992	5.02616e-05	0.283237	0.257466	0.0255481	0.000223323	5.93823e-05	0.000263848	
612	0.0950732	0.0909695	0.00410277	9.72914e-07	0.42243	0.404197	0.0182294	4.32286e-06	1.02301e-06	4.54549e-06	
613	0.094893	0.0769299	0.0177686	0.000194562	0.42163	0.341816	0.0789498	0.000864482	0.000224795	0.000998815	
614	0.09613	0.0839373	0.0121367	5.59795e-05	0.427126	0.372951	0.053926	0.000248729	5.6988e-05	0.000253209	
615	0.0975774	0.0870682	0.0105091	0	0.433557	0.386862	0.0466942	0	0	0	
616	0.116125	0.0892729	0.0253121	0.00154062	0.515971	0.396659	0.112467	0.00684532	0.00154925	0.00688369	
617	0.111899	0.0919776	0.0198238	9.84607e-05	0.497195	0.408676	0.0880818	0.000437481	0.00013668	0.000607302	
618	0.0616118	0.0561	0.00548923	2.25228e-05	0.273754	0.249264	0.0243898	0.000100074	2.2518e-05	0.000100052	
619	0.131575	0.0991724	0.0323079	9.53076e-05	0.584619	0.440644	0.143551	0.000423472	9.88672e-05	0.000439288	
620	0.10256	0.0879789	0.0145765	4.58631e-06	0.455696	0.390909	0.0647666	2.03779e-05	5.33736e-06	2.3715e-05	
621	0.33601	0.186682	0.146849	0.00247901	1.49296	0.829469	0.652482	0.0110147	0.00254819	0.0113221	
622	0.0349752	0.0305712	0.00439745	6.60698e-06	0.155402	0.135834	0.0195388	2.93562e-05	7.30093e-06	3.24396e-05	
623	0.0959439	0.072046	0.0236192	0.000278639	0.426299	0.320116	0.104945	0.00123805	0.000369527	0.00164189	
624	0.113373	0.0829233	0.0303258	0.000123847	0.50374	0.368446	0.134744	0.000550282	0.000137996	0.000613149	
625	0.0677206	0.0551273	0.0125932	0	0.300897	0.244942	0.0559546	0	0	0	
626	0.0700204	0.0639967	0.00602365	0	0.311115	0.284351	0.0267643	0	0	0	
627	0.103211	0.0793191	0.0238924	0	0.458591	0.352431	0.106159	0	0	0	
628	0.0602684	0.0602684	0	0	0.267785	0.267785	0	0	0	0	
629	0.200226	0.137978	0.0618929	0.0003545	0.889647	0.613069	0.275003	0.00157512	0.000474467	0.00210816	
630	0.173167	0.145963	0.0271774	2.70904e-05	0.769421	0.648545	0.120755	0.000120368	4.49548e-05	0.000199744	
631	0.107422	0.0960941	0.0113285	0	0.477302	0.426966	0.0503352	0	0	0	
632	0.0436279	0.0433705	0.000257452	0	0.193848	0.192704	0.00114391	0	0	0	
633	0.0585484	0.0452787	0.0132174	5.23461e-05	0.260143	0.201183	0.0587277	0.000232584	5.23285e-05	0.000232506	
634	0.0464285	0.0420826	0.00434589	0	0.206292	0.186982	0.0193097	0	0	0	
635	0.0753502	0.0657323	0.00959843	1.94278e-05	0.334797	0.292062	0.0426478	8.63222e-05	2.66947e-05	0.00011861	
636	0.0943256	0.0651794	0.0291441	2.0346e-06	0.419109	0.289606	0.129493	9.04019e-06	2.8781e-06	1.2788e-05	
637	0.0842751	0.0738388	0.010413	2.32818e-05	0.374452	0.328081	0.0462675	0.000103446	2.89587e-05	0.00012867	
638	0.121527	0.0817696	0.0397555	2.56033e-06	0.539973	0.363319	0.176642	1.1376e-05	3.71627e-06	1.65122e-05	
639	0.116882	0.0763459	0.0404919	4.43769e-05	0.519332	0.339221	0.179914	0.000197176	4.5812e-05	0.000203552	
640	0.0849737	0.0807188	0.00423924	1.56235e-05	0.377556	0.358651	0.0188358	6.94187e-05	1.56832e-05	6.9684e-05	
641	0.076034	0.0752465	0.000787461	0	0.337835	0.334336	0.00349886	0	0	0	
642	0.0638822	0.0632531	0.000629138	0	0.283842	0.281047	0.00279539	0	0	0	
643	0.172924	0.142335	0.0296184	0.000970502	0.76834	0.632427	0.1316	0.00431214	0.00104526	0.00464432	
644	0.10275	0.0826369	0.0201137	0	0.456543	0.367173	0.0893696	0	0	0	
645	0.08235	0.0806259	0.00172314	9.79332e-07	0.365899	0.358238	0.00765629	4.35138e-06	1.30296e-06	5.78933e-06	
646	0.112401	0.0752077	0.037037	0.000156769	0.499424	0.334163	0.164563	0.00069656	0.000184113	0.000818056	
647	0.156822	0.124194	0.0321592	0.000468996	0.696794	0.55182	0.14289	0.00208385	0.000509925	0.0022657	
648	0.146381	0.117625	0.028586	0.000169246	0.650403	0.522637	0.127014	0.000751999	0.000188363	0.000836938	
649	0.0645236	0.0645236	0	0	0.286692	0.286692	0	0	0	0	
650	0.0738452	0.0731929	0.000651089	1.29166e-06	0.32811	0.325211	0.00289292	5.73914e-06	1.29974e-06	5.77504e-06	
651	0.10254	0.101793	0.000747136	0	0.455608	0.452288	0.00331968	0	0	0	
652	0.102114	0.082706	0.0190862	0.000321936	0.453715	0.36748	0.0848042	0.00143043	0.00046365	0.00206009	
653	0.099817	0.0879145	0.0119007	1.76824e-06	0.443508	0.390623	0.0528777	7.85667e-06	2.58257e-06	1.14749e-05	
654	0.119437	0.0885138	0.0308416	8.24453e-05	0.530688	0.393285	0.137035	0.000366322	0.000116519	0.000517721	
655	0.135569	0.0813022	0.0535881	0.000678699	0.602362	0.361243	0.238103	0.0030156	0.000850216	0.00377769	
656	0.217973	0.118783	0.0955162	0.00367415	0.968502	0.527778	0.424399	0.016325	0.00561468	0.0249472	
657	0.0988168	0.0803557	0.0184611	0	0.439064	0.357037	0.0820269	0	0	0	
658	0.116763	0.0755911	0.0411686	3.76989e-06	0.518805	0.335867	0.182921	1.67504e-05	5.69137e-06	2.52879e-05	
659	0.12569	0.0960888	0.0290647	0.000536696	0.558468	0.426943	0.12914	0.00238465	0.000689521	0.00306369	
660	0.161171	0.100799	0.0593355	0.00103683	0.716121	0.447873	0.26364	0.00460686	0.00135426	0.00601727	
661	0.189654	0.0987154	0.0901115	0.000827501	0.842675	0.438613	0.400384	0.00367676	0.00384639	0.0170903	
662	0.114079	0.0807619	0.0330936	0.000223917	0.506879	0.358842	0.147042	0.000994913	0.000320757	0.00142519	
663	0.0986723	0.08068	0.0178521	0.00014009	0.438422	0.358478	0.0793209	0.000622451	0.000215706	0.000958429	
664	0.107594	0.0876797	0.0196778	0.000237367	0.478067	0.38958	0.0874329	0.00105467	0.000254199	0.00112946	
665	0.103079	0.087574	0.0154997	5.15419e-06	0.458002	0.38911	0.0688689	2.29011e-05	5.60811e-06	2.4918e-05	
666	0.101351	0.0792772	0.0219672	0.000106764	0.450325	0.352245	0.0976049	0.000474379	0.00015355	0.000682258	
667	0.158907	0.105262	0.050731	0.00291354	0.706058	0.467704	0.225408	0.0129455	0.0038923	0.0172943	
668	0.102661	0.0834021	0.0192505	9.27991e-06	0.456149	0.370573	0.0855344	4.12326e-05	1.26122e-05	5.60389e-05	
669	0.0436921	0.0436921	0	0	0.194133	0.194133	0	0	0	0	
670	0.0900286	0.0829768	0.00703814	1.36985e-05	0.400016	0.368683	0.0312719	6.08654e-05	1.4858e-05	6.60175e-05	
671	0.0520341	0.0508576	0.00117652	0	0.231198	0.225971	0.00522755	0	0	0	
672	0.151575	0.112443	0.0390906	4.14299e-05	0.673482	0.49961	0.173688	0.000184082	4.791e-05	0.000212874	
673	0.147316	0.101894	0.0445975	0.000823849	0.654556	0.452739	0.198156	0.00366053	0.0013476	0.00598771	
674	0.131379	0.0957561	0.0356159	7.38364e-06	0.583747	0.425465	0.158249	3.28071e-05	1.78442e-05	7.92857e-05	
675	0.121227	0.0815372	0.0396021	8.83182e-05	0.53864	0.362287	0.17596	0.000392417	0.000139933	0.000621753	
676	0.148263	0.110254	0.0368546	0.00115464	0.658766	0.489883	0.163752	0.00513033	0.00125388	0.00557128	
677	0.102565	0.0938333	0.00870633	2.57072e-05	0.455719	0.416921	0.0386841	0.000114222	3.76798e-05	0.000167419	
678	0.108267	0.0806569	0.0275827	2.73838e-05	0.481053	0.358376	0.122555	0.000121672	3.92955e-05	0.000174598	
679	0.129674	0.0913847	0.0382892	0	0.576169	0.406041	0.170127	0	0	0	
680	0.133449	0.110875	0.0225742	0	0.592944	0.492641	0.100302	0	0	0	
681	0.11034	0.0981747	0.0121011	6.42546e-05	0.490264	0.436211	0.053768	0.000285497	7.74341e-05	0.000344056	
682	0.100608	0.0980743	0.00253445	0	0.447026	0.435765	0.0112611	0	0	0	
683	0.0939779	0.0915864	0.00239154	0	0.417564	0.406937	0.0106261	0	0	0	
684	0.11358	0.0946888	0.0188748	1.63078e-05	0.50466	0.420722	0.083865	7.24593e-05	3.22567e-05	0.000143323	
685	0.184229	0.141371	0.041996	0.000862444	0.818572	0.628142	0.186597	0.00383202	0.000876203	0.00389315	
686	0.103011	0.0909235	0.0118654	0.000222052	0.4577	0.403992	0.0527206	0.000986626	0.000224138	0.000995897	
687	0.08222	0.0781776	0.00404247	0	0.365321	0.347359	0.0179615	0	0	0	
688	0.0645309	0.0645309	0	0	0.286724	0.286724	0	0	0	0	
689	0.00730309	0.00718393	0.000119161	0	0.0324492	0.0319197	0.000529461	0	0	0	
690	0.06012	0.060104	1.59683e-05	0	0.267126	0.267055	7.09505e-05	0	0	0	
691	0.109329	0.0985628	0.0105886	0.000177845	0.485773	0.437935	0.0470474	0.000790204	0.000185928	0.00082612	
692	0.0732456	0.0732456	0	0	0.325446	0.325446	0	0	0	0	
693	0.0910318	0.0796888	0.0113266	1.63097e-05	0.404473	0.354074	0.0503268	7.24678e-05	1.76837e-05	7.85727e-05	
694	0.182475	0.155095	0.0272307	0.000149195	0.810777	0.689122	0.120991	0.000662905	0.000260249	0.00115634	
695	0.0958958	0.0796718	0.0161828	4.12243e-05	0.426085	0.353999	0.0719036	0.000183168	4.60769e-05	0.000204729	
696	0.272967	0.160459	0.108816	0.00369141	1.21285	0.712955	0.483495	0.0164017	0.00421181	0.0187139	
697	0.170528	0.0831516	0.086179	0.00119803	0.757695	0.36946	0.382911	0.00532311	0.00168765	0.0074986	
698	0.241264	0.196663	0.0441692	0.000431832	1.07199	0.873819	0.196253	0.00191872	0.000580434	0.00257899	
699	0.291246	0.186163	0.103647	0.00143538	1.29406	0.827164	0.460526	0.00637773	0.00212903	0.00945977	
700	0.082884	0.082884	0	0	0.368271	0.368271	0	0	0	0	
701	0.0827398	0.0827398	0	0	0.36763	0.36763	0	0	0	0	
702	0.109937	0.106709	0.00322804	2.08445e-08	0.488476	0.474133	0.0143428	9.26166e-08	3.20519e-07	1.42413e-06	
703	0.0914351	0.0880094	0.00341156	1.41942e-05	0.406265	0.391044	0.0151583	6.3068e-05	1.41766e-05	6.29897e-05	
704	0.0952832	0.0797741	0.015509	0	0.423363	0.354453	0.06891	0	0	0	
705	0.0970899	0.0884367	0.00864521	7.95771e-06	0.431391	0.392943	0.0384125	3.53578e-05	7.94027e-06	3.52803e-05	
706	0.196173	0.15883	0.0371428	0.000200158	0.871639	0.705716	0.165033	0.000889345	0.00042137	0.00187224	
707	0.0856975	0.0805832	0.00511433	0	0.380772	0.358048	0.022724	0	0	0	
708	0.0802506	0.0802506	0	0	0.35657	0.35657	0	0	0	0	
709	0.130388	0.103773	0.0261892	0.000425209	0.579341	0.461088	0.116364	0.00188929	0.000438384	0.00194783	
710	0.187077	0.0963612	0.0905939	0.000122392	0.831225	0.428153	0.402528	0.000543816	0.000159952	0.000710702	
711	0.0998758	0.0809788	0.0188969	0	0.443769	0.359806	0.0839634	0	0	0	
712	0.0774753	0.0768519	0.000623345	0	0.344239	0.341469	0.00276965	0	0	0	
713	0.0895306	0.0787027	0.0108107	1.71444e-05	0.397804	0.349693	0.0480346	7.61764e-05	1.71271e-05	7.60997e-05	
714	0.0926619	0.0819756	0.0106862	0	0.411716	0.364235	0.0474813	0	0	0	
715	0.0703106	0.0703106	0	0	0.312405	0.312405	0	0	0	0	
716	0.0811499	0.07526	0.00583656	5.33902e-05	0.360566	0.334396	0.025933	0.000237224	6.70188e-05	0.000297778	
717	0.09575	0.0886104	0.00711122	2.83884e-05	0.425438	0.393715	0.0315966	0.000126136	3.08614e-05	0.000137124	
718	0.123004	0.108548	0.0143886	6.76338e-05	0.546536	0.482304	0.0639318	0.000300511	6.91751e-05	0.000307359	
719	0.0769057	0.0631587	0.0136154	0.000131485	0.341708	0.280628	0.0604964	0.000584218	0.000231547	0.00102881	
720	0.0629725	0.0623162	0.000656226	0	0.2798	0.276884	0.00291575	0	0	0	
721	0.126665	0.106719	0.0197866	0.00015885	0.5628	0.474178	0.0879163	0.000705807	0.000174083	0.000773491	
722	0.081394	0.081153	0.00024098	0	0.361651	0.36058	0.00107072	0	0	0	
723	0.111069	0.102423	0.00863927	6.59358e-06	0.493503	0.455088	0.0383861	2.92966e-05	6.57613e-06	2.92191e-05	
724	0.0810271	0.0807861	0.00024098	0	0.36002	0.35895	0.00107072	0	0	0	
725	0.0857094	0.0626178	0.0230325	5.90832e-05	0.380825	0.278224	0.102338	0.000262519	6.04682e-05	0.000268673	
726	0.0456074	0.0426907	0.00291665	0	0.202643	0.189684	0.0129593	0	0	0	
727	0.0893795	0.0890685	0.00031108	0	0.397132	0.39575	0.00138219	0	0	0	
728	0.0969533	0.085521	0.0113526	7.96452e-05	0.430784	0.379988	0.0504424	0.00035388	8.83988e-05	0.000392775	
729	0.101601	0.0776862	0.0239156	0	0.451439	0.345176	0.106262	0	0	0	
730	0.120818	0.105002	0.0157808	3.43633e-05	0.53682	0.46655	0.0701177	0.000152683	3.96188e-05	0.000176034	
731	0.109722	0.0945439	0.0149932	0.0001852	0.487519	0.420079	0.0666179	0.000822886	0.000192807	0.000856685	
732	0.0825448	0.0774579	0.00508688	0	0.366764	0.344162	0.022602	0	0	0	
733	0.104949	0.0920736	0.0127882	8.78043e-05	0.466314	0.409103	0.056821	0.000390133	0.000154592	0.000686889	
734	0.123935	0.10696	0.0169727	2.37438e-06	0.55067	0.475246	0.0754136	1.05499e-05	2.49462e-06	1.10841e-05	
735	0.0691034	0.0657996	0.00329446	9.39121e-06	0.307041	0.292361	0.014638	4.17271e-05	9.41284e-06	4.18232e-05	
736	0.0571342	0.0555543	0.0015799	0	0.253859	0.246839	0.00701984	0	0	0	
737	0.0879131	0.0797328	0.00816157	1.87264e-05	0.390616	0.35427	0.0362636	8.32057e-05	1.9843e-05	8.81668e-05	
738	0.122722	0.113296	0.00930451	0.000120725	0.54528	0.503402	0.0413419	0.000536409	0.000131647	0.000584937	
739	0.0676448	0.0648994	0.00273686	8.54182e-06	0.30056	0.288362	0.0121604	3.79531e-05	9.5059e-06	4.22367e-05	
740	0.0367922	0.0367354	5.68316e-05	0	0.163475	0.163223	0.000252515	0	0	0	
741	0.0890359	0.0864859	0.0025478	2.21567e-06	0.395605	0.384275	0.0113204	9.84469e-06	2.58711e-06	1.14951e-05	
742	0.139231	0.123086	0.0161203	2.45288e-05	0.618634	0.546899	0.0716263	0.000108986	2.45112e-05	0.000108908	
743	0.0866062	0.0842698	0.00232236	1.40376e-05	0.38481	0.374429	0.0103187	6.23721e-05	1.40199e-05	6.22938e-05	
744	0.0558147	0.0554112	0.000403462	0	0.247996	0.246204	0.00179267	0	0	0	
745	0.123384	0.10184	0.0215364	7.69353e-06	0.548223	0.452498	0.0956911	3.4184e-05	9.25296e-06	4.11128e-05	
746	0.0786749	0.0752188	0.00345608	0	0.349569	0.334213	0.0153561	0	0	0	
747	0.0850951	0.0843284	0.000766691	0	0.378095	0.374689	0.00340657	0	0	0	
748	0.101892	0.0823068	0.0195838	2.20101e-06	0.452731	0.365707	0.087015	9.77957e-06	5.26039e-06	2.3373e-05	
749	0.120552	0.112475	0.0080686	8.47114e-06	0.535638	0.49975	0.0358505	3.76391e-05	8.45467e-06	3.75659e-05	
750	0.0890876	0.0822068	0.0068808	0	0.395835	0.365262	0.0305729	0	0	0	
751	0.266324	0.152072	0.109687	0.00456403	1.18333	0.675689	0.487366	0.0202789	0.0057747	0.0256582	
752	0.0817474	0.076441	0.00530425	2.12096e-06	0.363221	0.339644	0.0235679	9.42391e-06	8.55154e-06	3.79963e-05	
753	0.0994694	0.0925886	0.0068808	0	0.441964	0.411391	0.0305729	0	0	0	
754	0.240823	0.176622	0.0627279	0.0014726	1.07002	0.784772	0.278713	0.0065431	0.00220369	0.00979148	
755	0.114783	0.0921149	0.0226688	2.53405e-08	0.510009	0.409286	0.100722	1.12593e-07	5.08528e-07	2.2595e-06	
756	0.179213	0.114126	0.0650869	0	0.796285	0.50709	0.289195	0	0	0	
757	0.131531	0.077593	0.050232	0.0037069	0.584424	0.344762	0.223191	0.0164705	0.00508797	0.0226069	
758	0.211039	0.127906	0.08313	2.93746e-06	0.937692	0.568314	0.369364	1.30517e-05	6.10181e-06	2.71116e-05	
759	0.123955	0.0713716	0.0525627	2.06392e-05	0.550758	0.317119	0.233547	9.17047e-05	0.00307701	0.0136718	
760	0.118482	0.0867602	0.0317067	1.55789e-05	0.526443	0.385494	0.14088	6.92204e-05	0.000264541	0.00117541	
761	0.125514	0.109935	0.0153549	0.000223759	0.557686	0.488467	0.0682255	0.00099421	0.000239224	0.00106292	
762	0.0506814	0.0506814	0	0	0.225188	0.225188	0	0	0	0	
763	0.0559471	0.0539671	0.00198	0	0.248585	0.239787	0.00879756	0	0	0	
764	0.078143	0.0767148	0.0014253	2.96935e-06	0.347206	0.34086	0.00633294	1.31934e-05	2.95371e-06	1.31239e-05	
765	0.0848385	0.0838147	0.00102381	0	0.376955	0.372406	0.004549	0	0	0	
766	0.0490143	0.044501	0.00448493	2.83139e-05	0.217781	0.197727	0.0199275	0.000125805	2.97589e-05	0.000132225	
767	0.0518641	0.0431465	0.00869125	2.63678e-05	0.230443	0.191709	0.0386171	0.000117157	2.63501e-05	0.000117079	
768	0.045321	0.0453055	1.55473e-05	0	0.201371	0.201302	6.90803e-05	0	0	0	
769	0.0730891	0.0524657	0.0205869	3.65565e-05	0.32475	0.233116	0.091472	0.000162428	3.65388e-05	0.000162349	
770	0.0761312	0.056558	0.0195732	0	0.338267	0.251299	0.086968	0	0	0	
771	0.11565	0.0782388	0.0371784	0.00023367	0.513861	0.347632	0.165191	0.00103824	0.00025161	0.00111795	
772	0.103245	0.103245	0	0	0.458741	0.458741	0	0	0	0	
773	0.126704	0.0905119	0.0361371	5.53818e-05	0.562974	0.402163	0.160564	0.000246073	0.000150642	0.000669337	
774	0.0779002	0.0776166	0.000283607	0	0.346127	0.344867	0.00126013	0	0	0	
775	0.0756368	0.0756368	0	0	0.33607	0.33607	0	0	0	0	
776	0.064887	0.064887	0	0	0.288306	0.288306	0	0	0	0	
777	0.07431	0.07431	0	0	0.330175	0.330175	0	0	0	0	
778	0.0922621	0.0922621	0	0	0.40994	0.40994	0	0	0	0	
779	0.133328	0.110727	0.0226007	9.52498e-07	0.592408	0.491984	0.100419	4.23215e-06	1.06401e-06	4.72763e-06	
780	0.0489936	0.0434773	0.0055163	0	0.217689	0.193179	0.0245101	0	0	0	
781	0.0528671	0.0424782	0.0103888	0	0.2349	0.18874	0.0461598	0	0	0	
782	0.10583	0.0951546	0.0106758	1.96647e-07	0.470228	0.422792	0.0474351	8.73749e-07	1.78641e-07	7.93744e-07	
783	0.210131	0.134886	0.0747067	0.000537945	0.933657	0.599329	0.331938	0.0023902	0.00204597	0.00909068	
784	0.0717526	0.0717526	0	0	0.318812	0.318812	0	0	0	0	
785	0.135122	0.0753557	0.0596775	8.94438e-05	0.600378	0.334821	0.265159	0.000397418	0.00010111	0.000449254	
786	0.125634	0.0949284	0.030685	2.084e-05	0.558219	0.421787	0.13634	9.25966e-05	2.9669e-05	0.000131826	
787	0.154881	0.084077	0.0707439	6.00029e-05	0.688169	0.373572	0.31433	0.000266605	6.3327e-05	0.000281375	
788	0.164652	0.0916653	0.0724803	0.000507183	0.731587	0.407288	0.322045	0.00225352	0.000681939	0.00303	
789	0.103109	0.102826	0.000283607	0	0.458138	0.456878	0.00126013	0	0	0	
790	0.116103	0.0845896	0.0315141	0	0.515874	0.37585	0.140024	0	0	0	
791	0.12026	0.0873655	0.0328363	5.87401e-05	0.534343	0.388183	0.145898	0.000260995	9.9151e-05	0.000440549	
792	0.0934568	0.0826402	0.0108058	1.08191e-05	0.415248	0.367188	0.0480126	4.80716e-05	1.08011e-05	4.79916e-05	
793	0.223121	0.14772	0.0735309	0.00187	0.991376	0.656354	0.326713	0.00830883	0.00292777	0.0130087	
794	0.0953197	0.0898436	0.00546994	6.16153e-06	0.423525	0.399194	0.0243041	2.7377e-05	6.50417e-06	2.88994e-05	
795	0.149254	0.105891	0.0432927	6.97311e-05	0.663169	0.4705	0.192358	0.00030983	0.000101369	0.000450405	
796	0.095006	0.0940865	0.000919565	0	0.422132	0.418046	0.00408582	0	0	0	
797	0.0541196	0.0534287	0.000690917	0	0.240465	0.237395	0.00306989	0	0	0	
798	0.206716	0.104133	0.102256	0.000326029	0.918483	0.462686	0.454348	0.00144862	0.000934323	0.00415139	
799	0.161707	0.129725	0.031932	5.03313e-05	0.718501	0.576397	0.14188	0.000223632	0.000199912	0.000888251	
800	0.220455	0.159275	0.060872	0.00030824	0.979533	0.707695	0.270467	0.00136957	0.000723344	0.00321397	
801	0.173536	0.0855518	0.0874704	0.000514616	0.771061	0.380124	0.388649	0.00228654	0.000729737	0.00324237	
802	0.134671	0.0866306	0.0479223	0.000118297	0.598373	0.384918	0.212929	0.000525619	0.000144838	0.000643549	
803	0.0835725	0.0835725	0	0	0.37133	0.37133	0	0	0	0	
804	0.191134	0.151523	0.0392858	0.000325331	0.849251	0.67325	0.174555	0.00144551	0.00042572	0.00189156	
805	0.200187	0.144377	0.0557088	0.000100838	0.889474	0.6415	0.247526	0.000448045	0.000205059	0.000911121	
806	0.15185	0.107288	0.0435893	0.000972774	0.674704	0.476705	0.193676	0.00432224	0.00148194	0.00658458	
807	0.150388	0.119733	0.0305853	6.93179e-05	0.668206	0.532001	0.135897	0.000307994	0.000114866	0.000510376	
808	0.170232	0.15312	0.0171063	5.83526e-06	0.75638	0.680348	0.0760069	2.59273e-05	6.23347e-06	2.76966e-05	
809	0.174074	0.112573	0.0603469	0.0011542	0.773451	0.500189	0.268134	0.00512835	0.00164901	0.00732692	
810	0.0783992	0.0782018	0.000197429	0	0.348344	0.347467	0.000877221	0	0	0	
811	0.129457	0.0974325	0.0320186	6.35559e-06	0.575207	0.432913	0.142265	2.82392e-05	1.32079e-05	5.86857e-05	
812	0.170757	0.112523	0.0582074	2.63305e-05	0.75871	0.499965	0.258628	0.000116992	5.48035e-05	0.000243503	
813	0.0641621	0.0641621	0	0	0.285086	0.285086	0	0	0	0	
814	0.0958191	0.0817379	0.0140812	0	0.425745	0.363179	0.0625658	0	0	0	
815	0.14672	0.133035	0.0135755	0.000109071	0.65191	0.591106	0.060319	0.000484629	0.000109635	0.000487133	
816	0.188699	0.156272	0.0323508	7.64833e-05	0.838431	0.69435	0.143741	0.000339831	0.000264341	0.00117452	
817	0.165485	0.0974687	0.0654894	0.00252699	0.735285	0.433074	0.290983	0.0112279	0.00325575	0.014466	
818	0.179533	0.12462	0.0544665	0.000446725	0.797706	0.553714	0.242006	0.00198489	0.000740256	0.00328911	
819	0.0671503	0.0671503	0	0	0.298363	0.298363	0	0	0	0	
820	0.0932252	0.0910137	0.0022115	0	0.414219	0.404393	0.0098262	0	0	0	
821	0.0277307	0.0276403	9.0386e-05	0	0.123213	0.122812	0.000401604	0	0	0	
822	0.0935044	0.0845025	0.0090019	0	0.41546	0.375463	0.0399974	0	0	0	
823	0.0618261	0.0591707	0.00263376	2.15715e-05	0.274706	0.262908	0.0117024	9.58468e-05	2.15539e-05	9.5769e-05	
824	0.11998	0.119894	8.5881e-05	0	0.5331	0.532718	0.000381587	0	0	0	
825	0.0791254	0.078737	0.000388347	0	0.351571	0.349845	0.00172551	0	0	0	
826	0.119007	0.10636	0.0126462	0	0.528774	0.472584	0.0561899	0	0	0	
827	0.0847724	0.0842986	0.000473442	4.11e-07	0.376662	0.374556	0.0021036	1.82616e-06	3.93426e-07	1.74807e-06	
828	0.169578	0.103868	0.0650305	0.000680303	0.753475	0.461508	0.288944	0.00302273	0.00138287	0.0061444	
829	0.130994	0.101763	0.0291997	3.10932e-05	0.582035	0.452156	0.12974	0.000138154	3.20436e-05	0.000142376	
830	0.156235	0.13419	0.0220435	1.37557e-06	0.694189	0.596238	0.0979444	6.11197e-06	1.2406e-05	5.51226e-05	
831	0.10093	0.100846	8.45751e-05	0	0.448457	0.448081	0.000375785	0	0	0	
832	0.0857571	0.0840174	0.00173961	8.14295e-08	0.381037	0.373307	0.00772947	3.61808e-07	6.39068e-08	2.83951e-07	
833	0.0901835	0.0885862	0.00159682	4.3362e-07	0.400704	0.393607	0.00709504	1.92666e-06	6.311e-07	2.80411e-06	
834	0.0981924	0.0980935	9.88578e-05	0	0.43629	0.43585	0.000439246	0	0	0	
835	0.0996286	0.0967566	0.00287196	0	0.442671	0.42991	0.0127607	0	0	0	
836	0.146982	0.11638	0.0304291	0.000173788	0.653076	0.517101	0.135203	0.00077218	0.000284394	0.00126362	
837	0.138356	0.120327	0.0178467	0.000182064	0.614748	0.534642	0.0792971	0.000808951	0.000209602	0.000931309	
838	0.14184	0.0974338	0.0440367	0.000369604	0.630226	0.432919	0.195664	0.00164223	0.000417628	0.00185561	
839	0.192936	0.152522	0.0397511	0.000662884	0.857258	0.67769	0.176622	0.00294533	0.00107434	0.00477355	
840	0.102496	0.0767185	0.0257778	0	0.455413	0.340877	0.114536	0	0	0	
841	0.110684	0.0799738	0.0306688	4.19313e-05	0.491795	0.35534	0.136268	0.000186309	5.85633e-05	0.000260209	
842	0.104226	0.0979584	0.0062681	0	0.463101	0.43525	0.0278505	0	0	0	
843	0.136628	0.121438	0.015115	7.55799e-05	0.607071	0.539575	0.0671595	0.000335817	0.000103198	0.000458531	
844	0.135779	0.109939	0.0258211	1.95263e-05	0.603298	0.488482	0.114728	8.67596e-05	1.95097e-05	8.66858e-05	
845	0.190941	0.13449	0.0545543	0.00189715	0.848394	0.597568	0.242396	0.00842945	0.00191107	0.0084913	
846	0.104811	0.0938536	0.0109578	0	0.465699	0.417011	0.048688	0	0	0	
847	0.122123	0.0956996	0.0263431	8.06518e-05	0.54262	0.425213	0.117048	0.000358353	8.08707e-05	0.000359325	
848	0.105046	0.102573	0.00247299	0	0.466744	0.455755	0.010988	0	0	0	
849	0.111001	0.0966489	0.0143321	1.99819e-05	0.493201	0.429432	0.0636806	8.8784e-05	2.01228e-05	8.94101e-05	
850	0.0799723	0.0799723	0	0	0.355334	0.355334	0	0	0	0	
851	0.0644475	0.0644344	1.31021e-05	0	0.286354	0.286295	5.82157e-05	0	0	0	
852	0.0940817	0.0846427	0.00941446	2.45401e-05	0.418025	0.376086	0.0418304	0.000109036	2.53257e-05	0.000112527	
853	0.1081	0.103253	0.0048468	0	0.480314	0.458778	0.0215354	0	0	0	
854	0.0985267	0.0943326	0.00418757	6.55427e-06	0.437775	0.41914	0.0186062	2.9122e-05	7.28384e-06	3.23636e-05	
855	0.106544	0.0930324	0.0131675	0.000344725	0.473401	0.413363	0.0585063	0.00153169	0.000459468	0.00204151	
856	0.113787	0.103417	0.0103699	0	0.505583	0.459507	0.046076	0	0	0	
857	0.0640178	0.0632325	0.000785275	0	0.284444	0.280955	0.00348914	0	0	0	
858	0.0994056	0.0851808	0.0142145	1.0176e-05	0.44168	0.378476	0.0631583	4.52143e-05	1.23064e-05	5.46802e-05	
859	0.124482	0.11164	0.0128415	0	0.5531	0.496043	0.0570577	0	0	0	
860	0.0944953	0.0838876	0.0106053	2.37393e-06	0.419863	0.37273	0.0471216	1.05478e-05	2.35634e-06	1.04697e-05	
861	0.0860974	0.0860384	5.90198e-05	0	0.382549	0.382287	0.000262237	0	0	0	
862	0.113163	0.0786045	0.0345558	3.5116e-06	0.502811	0.349256	0.153539	1.56027e-05	3.49493e-06	1.55287e-05	
863	0.117914	0.11468	0.00323434	0	0.523921	0.50955	0.0143708	0	0	0	
864	0.102682	0.0948645	0.00781841	0	0.456242	0.421503	0.0347388	0	0	0	
865	0.117019	0.116228	0.000791752	0	0.519944	0.516426	0.00351792	0	0	0	
866	0.076811	0.0755342	0.00127683	0	0.341287	0.335614	0.00567323	0	0	0	
867	0.086071	0.086071	0	0	0.382432	0.382432	0	0	0	0	
868	0.104696	0.0993682	0.00530476	2.33812e-05	0.465188	0.441514	0.0235702	0.000103888	2.33639e-05	0.00010381	
869	0.0965738	0.0940627	0.00250568	5.39704e-06	0.429098	0.417941	0.0111333	2.39802e-05	5.37954e-06	2.39024e-05	
870	0.130861	0.125498	0.00536329	0	0.581445	0.557615	0.0238302	0	0	0	
871	0.10784	0.0983227	0.00940539	0.000112322	0.479157	0.436868	0.0417901	0.000499072	0.000112304	0.000498994	
872	0.0416671	0.0416671	0	0	0.185135	0.185135	0	0	0	0	
873	0.102698	0.0994288	0.0032696	0	0.456311	0.441783	0.0145275	0	0	0	
874	0.104415	0.0904426	0.0139731	0	0.463942	0.401856	0.0620858	0	0	0	
875	0.0815105	0.0811102	0.000400264	0	0.362168	0.36039	0.00177846	0	0	0	
876	0.0442491	0.0442491	0	0	0.196608	0.196608	0	0	0	0	
877	0.101133	0.0872267	0.013802	0.000104615	0.449357	0.387567	0.0613253	0.000464827	0.000104597	0.000464749	
878	0.100213	0.0989063	0.00130693	0	0.445268	0.439461	0.00580696	0	0	0	
879	0.0868398	0.0868398	0	0	0.385847	0.385847	0	0	0	0	
880	0.0932545	0.0872906	0.00596382	0	0.414349	0.387851	0.0264985	0	0	0	
881	0.0815806	0.0789775	0.00259111	1.19725e-05	0.36248	0.350914	0.0115128	5.31967e-05	1.1955e-05	5.31188e-05	
882	0.090434	0.0890579	0.00137341	2.78948e-06	0.401818	0.395703	0.00610239	1.23942e-05	2.77191e-06	1.23161e-05	
883	0.0590058	0.0590058	0	0	0.262175	0.262175	0	0	0	0	
884	0.0785474	0.078472	7.53123e-05	0	0.349002	0.348668	0.000334629	0	0	0	
885	0.0891424	0.0891424	0	0	0.396079	0.396079	0	0	0	0	
886	0.102504	0.101296	0.00120808	0	0.455447	0.450079	0.00536778	0	0	0	
887	0.065836	0.065836	0	0	0.292523	0.292523	0	0	0	0	
888	0.0964985	0.0964232	7.53123e-05	0	0.428763	0.428429	0.000334629	0	0	0	
889	0.0655343	0.0643552	0.00117906	0	0.291182	0.285944	0.00523882	0	0	0	
890	0.0945959	0.0912632	0.00332879	3.89097e-06	0.42031	0.405502	0.0147905	1.72884e-05	3.87337e-06	1.72102e-05	
891	0.041232	0.0411038	0.00012826	0	0.183203	0.182633	0.000569887	0	0	0	
892	0.0583092	0.0583092	0	0	0.25908	0.25908	0	0	0	0	
893	0.0865414	0.0865414	0	0	0.384522	0.384522	0	0	0	0	
894	0.0837572	0.0834361	0.000321182	0	0.372151	0.370724	0.00142708	0	0	0	
895	0.0797171	0.0797171	0	0	0.3542	0.3542	0	0	0	0	
896	0.078836	0.0785148	0.000321182	0	0.350285	0.348858	0.00142708	0	0	0	
897	0.0756371	0.0714271	0.00421004	0	0.336072	0.317366	0.0187061	0	0	0	
898	0.0728603	0.0728603	0	0	0.323734	0.323734	0	0	0	0	
899	0.104603	0.0953325	0.00926951	1.03641e-06	0.464773	0.423582	0.0411864	4.605e-06	1.01851e-06	4.52547e-06	
900	0.0815672	0.0815672	0	0	0.36242	0.36242	0	0	0	0	
901	0.17178	0.111992	0.0577155	0.00207169	0.763255	0.497607	0.256442	0.00920498	0.00231516	0.0102867	
902	0.0753277	0.0749602	0.000367526	0	0.334697	0.333064	0.00163299	0	0	0	
903	0.195609	0.115852	0.0783603	0.00139589	0.869133	0.514759	0.348171	0.00620223	0.0027841	0.0123703	
904	0.0676419	0.0676419	0	0	0.300547	0.300547	0	0	0	0	
905	0.154598	0.0926839	0.0619149	0	0.686915	0.411814	0.275101	0	0	0	
906	0.190451	0.130416	0.0595819	0.000453406	0.846218	0.579468	0.264735	0.00201458	0.000453388	0.0020145	
907	0.0802225	0.0802225	0	0	0.356445	0.356445	0	0	0	0	
908	0.111449	0.0991795	0.0122081	6.21594e-05	0.495195	0.440675	0.0542432	0.000276187	6.21418e-05	0.000276109	
909	0.108693	0.105435	0.00325078	7.25633e-06	0.482946	0.46847	0.0144439	3.22414e-05	7.2948e-06	3.24123e-05	
910	0.110877	0.0901282	0.0207488	0	0.49265	0.400459	0.0921916	0	0	0	
911	0.120197	0.106581	0.0133902	0.000225815	0.534061	0.473562	0.0594958	0.00100334	0.000225798	0.00100327	
912	0.105231	0.0958695	0.00936184	0	0.467565	0.425968	0.0415966	0	0	0	
913	0.114516	0.0986983	0.0156686	0.000149227	0.508819	0.438537	0.069619	0.000663051	0.000149265	0.000663218	
914	0.0767009	0.0767009	0	0	0.340798	0.340798	0	0	0	0	
915	0.119077	0.0917268	0.027314	3.65871e-05	0.529086	0.407562	0.121362	0.000162564	3.65683e-05	0.00016248	
916	0.106865	0.106865	0	0	0.474825	0.474825	0	0	0	0	
917	0.119805	0.0925934	0.0272124	0	0.532323	0.411412	0.12091	0	0	0	
918	0.129062	0.0889688	0.0391744	0.000919103	0.573451	0.395307	0.17406	0.00408377	0.00132926	0.00590618	
919	0.0928035	0.0862616	0.0065419	0	0.412345	0.383278	0.029067	0	0	0	
920	0.118147	0.0858271	0.0322168	0.000103845	0.524956	0.381348	0.143146	0.000461409	0.000182049	0.000808884	
921	0.0383237	0.0383237	0	0	0.17028	0.17028	0	0	0	0	
922	0.0193124	0.0191511	0.000161308	0	0.0858093	0.0850925	0.000716728	0	0	0	
923	0.0634473	0.0592212	0.00419122	3.49843e-05	0.28191	0.263132	0.0186225	0.000155443	3.49696e-05	0.000155377	
924	0.058357	0.0517103	0.00664662	1.74817e-08	0.259292	0.22976	0.0295323	7.76751e-08	1.43339e-06	6.36889e-06	
925	0.0537974	0.0448587	0.00885651	8.21618e-05	0.239033	0.199317	0.0393514	0.000365062	9.97776e-05	0.000443333	
926	0.0665538	0.0588587	0.00769508	1.74255e-08	0.295713	0.261522	0.0341909	7.74255e-08	1.43339e-06	6.36889e-06	
927	0.080218	0.0773406	0.00286468	1.27514e-05	0.356425	0.34364	0.0127284	5.66576e-05	1.27367e-05	5.65919e-05	
928	0.102697	0.0952058	0.00749148	0	0.456306	0.423019	0.0332862	0	0	0	
929	0.0437092	0.0430336	0.000675556	0	0.194209	0.191207	0.00300164	0	0	0	
930	0.075505	0.0748294	0.000675556	0	0.335485	0.332483	0.00300164	0	0	0	
931	0.0916014	0.0826507	0.00893023	2.05257e-05	0.407004	0.367234	0.0396789	9.12002e-05	2.05077e-05	9.11203e-05	
932	0.0846314	0.0842136	0.000417786	0	0.376035	0.374179	0.00185631	0	0	0	
933	0.0478489	0.0477609	8.79464e-05	0	0.212603	0.212212	0.000390765	0	0	0	
934	0.0462681	0.0455057	0.000762402	0	0.205579	0.202191	0.00338751	0	0	0	
935	0.0931314	0.0777921	0.0152686	7.05887e-05	0.413802	0.345647	0.0678419	0.00031364	0.000282284	0.00125425	
936	0.0758911	0.0758911	0	0	0.3372	0.3372	0	0	0	0	
937	0.0619585	0.0619586	0	0	0.275295	0.275295	0	0	0	0	
938	0.0674027	0.0674027	0	0	0.299484	0.299484	0	0	0	0	
939	0.0729877	0.0729877	0	0	0.324299	0.324299	0	0	0	0	
940	0.076519	0.0745742	0.00193997	4.88125e-06	0.33999	0.331349	0.0086197	2.16884e-05	4.86375e-06	2.16107e-05	
941	0.0695969	0.0688116	0.000785275	0	0.309234	0.305744	0.00348914	0	0	0	
942	0.0709244	0.0709244	0	0	0.315132	0.315132	0	0	0	0	
943	0.0803317	0.0803317	0	0	0.356931	0.356931	0	0	0	0	
944	0.0636963	0.0636963	0	0	0.283016	0.283016	0	0	0	0	
945	0.0643351	0.0634155	0.000919565	0	0.285854	0.281769	0.00408582	0	0	0	
946	0.0657158	0.0657158	0	0	0.291989	0.291989	0	0	0	0	
947	0.0959557	0.0959557	0	0	0.426351	0.426351	0	0	0	0	
948	0.0611786	0.0543399	0.00683868	0	0.271829	0.241444	0.0303857	0	0	0	
949	0.0648366	0.0648366	0	0	0.288083	0.288083	0	0	0	0	
950	0.0862543	0.0862543	0	0	0.383246	0.383246	0	0	0	0	
951	0.116242	0.116242	0	0	0.516488	0.516488	0	0	0	0	
952	0.0513005	0.0496061	0.00169436	0	0.227939	0.22041	0.00752844	0	0	0	
953	0.0536758	0.0534205	0.000255329	0	0.238493	0.237358	0.00113448	0	0	0	
954	0.0866576	0.0865947	6.29187e-05	0	0.385038	0.384759	0.000279561	0	0	0	
955	0.0892859	0.0892859	0	0	0.396716	0.396716	0	0	0	0	
956	0.0529136	0.0498118	0.00310175	0	0.235106	0.221324	0.0137817	0	0	0	
957	0.0791501	0.0791501	0	0	0.351681	0.351681	0	0	0	0	
958	0.0780222	0.0694657	0.00855648	0	0.346669	0.308651	0.0380182	0	0	0	
959	0.0911371	0.0911371	0	0	0.404941	0.404941	0	0	0	0	
960	0.0567847	0.0567847	0	0	0.252306	0.252306	0	0	0	0	
961	0.0776076	0.0750797	0.00252536	2.47527e-06	0.344827	0.333595	0.0112207	1.09981e-05	2.45779e-06	1.09205e-05	
962	0.09819	0.098155	3.49714e-05	0	0.436279	0.436123	0.000155385	0	0	0	
963	0.146047	0.145991	5.60935e-05	0	0.648922	0.648673	0.000249235	0	0	0	
964	0.104576	0.104513	6.29187e-05	0	0.464654	0.464375	0.000279561	0	0	0	
965	0.145564	0.0963632	0.0491977	3.81253e-06	0.646775	0.428162	0.218596	1.69398e-05	3.7967e-06	1.68695e-05	
966	0.150989	0.101805	0.0491842	0	0.670878	0.452342	0.218535	0	0	0	
967	0.0443955	0.0443955	0	0	0.197259	0.197259	0	0	0	0	
968	0.070763	0.070763	0	0	0.314415	0.314415	0	0	0	0	
969	0.199647	0.178107	0.0214757	6.41161e-05	0.887076	0.79137	0.0954212	0.000284881	7.08863e-05	0.000314963	
970	0.197957	0.173898	0.0239101	0.000148946	0.879568	0.772669	0.106237	0.000661802	0.000222132	0.00098698	
