Node	dPC	dPCintra	dPCflux	dPCconnector	varPC	varPCintra	varPCflux	varPCconnector	dBC_PC	varBC_PC	
1	0.171564	0.165843	0.00571438	6.44152e-06	0.76204	0.736629	0.0253816	2.86113e-05	6.42183e-06	2.85238e-05	
2	0.0881314	0.0834845	0.00464647	4.18763e-07	0.391454	0.370813	0.0206382	1.86002e-06	3.99222e-07	1.77322e-06	
3	0.0927336	0.0817864	0.010946	1.04264e-06	0.411895	0.363271	0.0486192	4.63112e-06	3.75227e-06	1.66665e-05	
4	0.0574146	0.0574146	0	0	0.255019	0.255019	0	0	0	0	
5	0.116646	0.106241	0.0104003	4.55943e-06	0.51811	0.471894	0.0461951	2.02516e-05	7.39919e-06	3.2865e-05	
6	0.0913763	0.0894862	0.00188447	5.59532e-06	0.405867	0.397471	0.00837028	2.48527e-05	5.57593e-06	2.47666e-05	
7	0.0899088	0.0861881	0.00372034	3.42966e-07	0.399348	0.382822	0.0165246	1.52335e-06	3.23671e-07	1.43765e-06	
8	0.125927	0.102999	0.0229273	0	0.559331	0.457494	0.101836	0	0	0	
9	0.0905596	0.0866173	0.0039423	0	0.402239	0.384729	0.0175105	0	0	0	
10	0.0602875	0.0593393	0.000948156	0	0.267779	0.263568	0.00421143	0	0	0	
11	0.0846811	0.0792039	0.00546774	9.47946e-06	0.376128	0.3518	0.0242861	4.2105e-05	9.4599e-06	4.20181e-05	
12	0.0994944	0.0945883	0.00489979	6.35106e-06	0.441925	0.420133	0.0217634	2.82095e-05	6.33301e-06	2.81294e-05	
13	0.103198	0.103198	0	0	0.458377	0.458377	0	0	0	0	
14	0.083583	0.0835791	3.84442e-06	0	0.371251	0.371234	1.70758e-05	0	0	0	
15	0.0973543	0.0929165	0.00442936	8.45207e-06	0.432419	0.412708	0.0196739	3.75416e-05	8.43277e-06	3.74559e-05	
16	0.0734396	0.0734396	0	0	0.326197	0.326197	0	0	0	0	
17	0.0870395	0.0846731	0.00236642	0	0.386604	0.376093	0.0105109	0	0	0	
18	0.0735398	0.0723078	0.00122905	2.89693e-06	0.326642	0.32117	0.00545911	1.28673e-05	2.87753e-06	1.27811e-05	
19	0.0886729	0.0844858	0.00418704	0	0.393859	0.375261	0.0185976	0	0	0	
20	0.0592501	0.0592501	0	0	0.263171	0.263171	0	0	0	0	
21	0.0856353	0.0819284	0.00368753	1.9312e-05	0.380367	0.363902	0.0163789	8.57783e-05	2.2742e-05	0.000101013	
22	0.089922	0.0877617	0.00215983	5.32738e-07	0.399407	0.389811	0.00959335	2.36626e-06	5.13306e-07	2.27995e-06	
23	0.0986848	0.095171	0.00349556	1.82732e-05	0.438329	0.422722	0.0155262	8.11644e-05	2.03356e-05	9.03248e-05	
24	0.0670989	0.0652341	0.00186477	0	0.298033	0.289751	0.00828279	0	0	0	
25	0.122246	0.115786	0.00639632	6.3109e-05	0.542982	0.514291	0.0284106	0.000280312	6.30927e-05	0.000280239	
26	0.0859204	0.0844688	0.00145163	0	0.381633	0.375185	0.00644775	0	0	0	
27	0.0820727	0.0764033	0.00564821	2.12265e-05	0.364543	0.339361	0.0250877	9.42822e-05	2.8108e-05	0.000124847	
28	0.063291	0.0622517	0.00103929	0	0.28112	0.276504	0.00461623	0	0	0	
29	0.10876	0.101499	0.00726104	0	0.483081	0.450829	0.0322514	0	0	0	
30	0.173431	0.149175	0.024083	0.000173679	0.770333	0.662592	0.106969	0.000771433	0.00026636	0.00118309	
31	0.1456	0.138724	0.00687478	1.43372e-06	0.646715	0.616173	0.0305358	6.3682e-06	1.41432e-06	6.28202e-06	
32	0.143568	0.139188	0.00437986	0	0.63769	0.618236	0.019454	0	0	0	
33	0.0805388	0.0768193	0.00371949	0	0.35773	0.341209	0.0165209	0	0	0	
34	0.108071	0.0973729	0.0106747	2.35715e-05	0.48002	0.432502	0.0474139	0.000104697	2.81432e-05	0.000125004	
35	0.0739703	0.0611019	0.0126151	0.000253361	0.328554	0.271396	0.0560328	0.00112535	0.000257288	0.00114279	
36	0.0845414	0.0813433	0.00319806	0	0.375508	0.361303	0.0142048	0	0	0	
37	0.174674	0.0951996	0.0786451	0.000829696	0.775852	0.422848	0.349318	0.00368526	0.0060541	0.0268905	
38	0.0797738	0.0785943	0.00117948	0	0.354332	0.349093	0.00523892	0	0	0	
39	0.0912386	0.0840922	0.00714245	3.96274e-06	0.405255	0.373513	0.0317247	1.76013e-05	8.36441e-06	3.71522e-05	
40	0.104242	0.101182	0.00305285	7.35268e-06	0.463016	0.449424	0.0135599	3.26584e-05	7.51464e-06	3.33778e-05	
41	0.101089	0.0961461	0.00491929	2.41634e-05	0.44901	0.427053	0.02185	0.000107326	2.41441e-05	0.000107241	
42	0.0762751	0.0741051	0.00216994	0	0.338791	0.329153	0.00963824	0	0	0	
43	0.0565342	0.0554572	0.00107693	0	0.251108	0.246325	0.00478345	0	0	0	
44	0.0650431	0.0647482	0.000294971	0	0.288902	0.287592	0.00131017	0	0	0	
45	0.0570371	0.0522581	0.00477895	0	0.253342	0.232115	0.0212267	0	0	0	
46	0.0923108	0.0853182	0.00699261	0	0.410017	0.378958	0.0310591	0	0	0	
47	0.136335	0.135153	0.0011822	0	0.605563	0.600312	0.00525101	0	0	0	
48	0.101778	0.085222	0.0165562	0	0.452069	0.378531	0.0735382	0	0	0	
49	0.165777	0.158728	0.00704276	5.99425e-06	0.736333	0.705025	0.0312818	2.66247e-05	1.0492e-05	4.66024e-05	
50	0.104119	0.0954862	0.00862822	4.61818e-06	0.462466	0.424122	0.038324	2.05126e-05	4.61741e-06	2.05092e-05	
51	0.0853315	0.0848639	0.000467585	0	0.379017	0.376941	0.00207687	0	0	0	
52	0.078897	0.0764126	0.00248445	0	0.350437	0.339402	0.0110352	0	0	0	
53	0.0980456	0.0951868	0.00285116	7.57644e-06	0.435489	0.422792	0.012664	3.36523e-05	8.96633e-06	3.98258e-05	
54	0.0969451	0.0909681	0.00596858	8.43652e-06	0.430602	0.404053	0.0265107	3.74725e-05	1.1132e-05	4.94453e-05	
55	0.100511	0.0929824	0.00751427	1.45065e-05	0.446441	0.413	0.0333762	6.44339e-05	1.80892e-05	8.0347e-05	
56	0.11816	0.112317	0.00584301	4.69732e-07	0.524834	0.498879	0.0259529	2.08641e-06	1.25674e-06	5.58208e-06	
57	0.102083	0.101022	0.00106013	7.96785e-07	0.453425	0.448712	0.00470882	3.53908e-06	7.99632e-07	3.55173e-06	
58	0.124441	0.0915738	0.0327889	7.85122e-05	0.552732	0.406744	0.145638	0.000348728	0.000150148	0.000666914	
59	0.178849	0.112363	0.0664734	1.17342e-05	0.794395	0.499087	0.295255	5.21201e-05	1.42957e-05	6.34975e-05	
60	0.075559	0.0738107	0.00174826	0	0.335611	0.327845	0.00776529	0	0	0	
61	0.0875694	0.0873861	0.000183264	0	0.388957	0.388143	0.000814009	0	0	0	
62	0.101607	0.0936859	0.00788886	3.22453e-05	0.451308	0.416125	0.03504	0.000143224	3.70792e-05	0.000164695	
63	0.133068	0.0941719	0.0387478	0.000149098	0.591053	0.418284	0.172106	0.00066225	0.000171629	0.000762329	
64	0.0978248	0.0970855	0.00073882	5.29816e-07	0.434509	0.431225	0.00328162	2.35329e-06	5.10414e-07	2.26711e-06	
65	0.111202	0.102851	0.00831743	3.27737e-05	0.493926	0.456837	0.0369436	0.000145571	3.6906e-05	0.000163926	
66	0.114675	0.1012	0.0134754	0	0.509355	0.449501	0.059854	0	0	0	
67	0.162913	0.137707	0.0250885	0.000118275	0.723616	0.611654	0.111436	0.000525344	0.000162827	0.000723231	
68	0.110404	0.0800787	0.0303156	1.00323e-05	0.490384	0.355686	0.134653	4.45606e-05	1.58396e-05	7.03549e-05	
69	0.118399	0.114056	0.00433597	7.60165e-06	0.525896	0.506603	0.0192591	3.37643e-05	1.37242e-05	6.09592e-05	
70	0.0821403	0.0765506	0.00556415	2.55024e-05	0.364843	0.340015	0.0247143	0.000113274	2.88603e-05	0.000128189	
71	0.0665978	0.0443018	0.0222959	0	0.295808	0.196775	0.0990322	0	0	0	
72	0.169839	0.129809	0.0399294	0.000100921	0.754378	0.576575	0.177354	0.000448261	0.000138144	0.000613598	
73	0.075743	0.0598128	0.0159259	4.33736e-06	0.336428	0.265671	0.0707383	1.92653e-05	7.19662e-06	3.19653e-05	
74	0.146075	0.106259	0.0396358	0.000180696	0.648826	0.471973	0.17605	0.000802599	0.000209865	0.000932159	
75	0.181558	0.143171	0.0380926	0.000293647	0.806428	0.635927	0.169196	0.00130429	0.000338732	0.00150454	
76	0.162487	0.14062	0.0216527	0.000214655	0.721721	0.624593	0.0961752	0.000953435	0.000240608	0.00106871	
77	0.0894362	0.0891666	0.000269546	0	0.397249	0.396052	0.00119724	0	0	0	
78	0.156812	0.0982237	0.058564	2.46544e-05	0.696514	0.436281	0.260124	0.000109507	3.48032e-05	0.000154585	
79	0.155592	0.136336	0.0191036	0.00015252	0.691098	0.605568	0.0848527	0.00067745	0.000180373	0.000801168	
80	0.139564	0.124511	0.0150187	3.46056e-05	0.619906	0.553044	0.0667089	0.000153707	4.01718e-05	0.000178431	
81	0.109407	0.105666	0.00374115	0	0.485954	0.469337	0.0166171	0	0	0	
82	0.272888	0.16027	0.111478	0.00113907	1.21208	0.711875	0.495154	0.00505944	0.00163264	0.00725171	
83	0.163599	0.124504	0.0390467	4.77914e-05	0.726659	0.553012	0.173434	0.000212275	4.95565e-05	0.000220115	
84	0.125144	0.0956549	0.0294848	5.07479e-06	0.555857	0.424871	0.130963	2.25407e-05	8.8808e-06	3.94459e-05	
85	0.15509	0.100548	0.054541	0	0.688864	0.446609	0.242255	0	0	0	
86	0.1679	0.145403	0.0223727	0.000124667	0.745766	0.645839	0.0993732	0.000553735	0.000220987	0.00098156	
87	0.0833639	0.077178	0.00618591	0	0.370278	0.342802	0.027476	0	0	0	
88	0.0844204	0.0811789	0.00324151	0	0.37497	0.360573	0.0143978	0	0	0	
89	0.0773265	0.0765299	0.00079652	0	0.343461	0.339923	0.00353791	0	0	0	
90	0.106362	0.0982561	0.00808087	2.55441e-05	0.472431	0.436425	0.0358928	0.000113459	2.61569e-05	0.000116181	
91	0.107955	0.101809	0.00614611	0	0.479506	0.452207	0.0272992	0	0	0	
92	0.0854783	0.0834017	0.00207658	0	0.379669	0.370446	0.00922359	0	0	0	
93	0.0977722	0.0897771	0.00799507	0	0.434275	0.398764	0.0355117	0	0	0	
94	0.0940333	0.0853004	0.00873292	0	0.417668	0.378879	0.038789	0	0	0	
95	0.152252	0.130783	0.0214679	1.12042e-06	0.676261	0.580902	0.0953541	4.97661e-06	1.41972e-06	6.30599e-06	
96	0.210882	0.158729	0.0520957	5.69204e-05	0.936677	0.70503	0.231394	0.000252824	8.26114e-05	0.000366935	
97	0.11138	0.094213	0.0171605	6.80436e-06	0.494719	0.418466	0.0762222	3.0223e-05	7.94826e-06	3.53038e-05	
98	0.106644	0.0891472	0.0174946	2.31079e-06	0.473682	0.395965	0.077706	1.02638e-05	2.4803e-06	1.10167e-05	
99	0.106955	0.0999494	0.00700617	2.76204e-07	0.475066	0.443946	0.0311193	1.22682e-06	5.13759e-07	2.28196e-06	
100	0.0989741	0.0918909	0.00707675	6.51365e-06	0.439614	0.408152	0.0314328	2.89317e-05	9.91799e-06	4.40528e-05	
101	0.14735	0.144165	0.00318573	0	0.654489	0.640339	0.01415	0	0	0	
102	0.147575	0.107162	0.0403912	2.21203e-05	0.655486	0.475982	0.179405	9.82521e-05	2.4708e-05	0.000109745	
103	0.0772355	0.073253	0.00398247	0	0.343057	0.325368	0.017689	0	0	0	
104	0.104954	0.0832253	0.0217136	1.58837e-05	0.466178	0.369662	0.0964455	7.05511e-05	2.18872e-05	9.72166e-05	
105	0.0951433	0.08614	0.00881107	0.000192308	0.422599	0.382608	0.0391362	0.000854177	0.00019454	0.000864091	
106	0.133763	0.111429	0.022323	1.03705e-05	0.594136	0.494938	0.0991524	4.60627e-05	1.36128e-05	6.0464e-05	
107	0.246074	0.146556	0.0991849	0.000333293	1.09299	0.65096	0.44055	0.00148039	0.000465261	0.00206655	
108	0.105232	0.0968238	0.00838482	2.43482e-05	0.467414	0.430063	0.0372429	0.000108147	3.14045e-05	0.000139489	
109	0.132167	0.107999	0.0238935	0.000273922	0.587047	0.479703	0.106128	0.00121668	0.000284305	0.00126279	
110	0.117601	0.10852	0.00907963	4.70129e-07	0.522349	0.482018	0.040329	2.08818e-06	4.83287e-07	2.14662e-06	
111	0.102551	0.0961425	0.00640894	6.34076e-08	0.455504	0.427037	0.0284666	2.81638e-07	9.27814e-07	4.12108e-06	
112	0.101857	0.0947183	0.0071389	3.78845e-07	0.452421	0.420711	0.0317089	1.68272e-06	1.5725e-06	6.9846e-06	
113	0.0964024	0.0916892	0.00471205	1.20671e-06	0.428191	0.407256	0.0209295	5.35987e-06	1.73299e-06	7.69743e-06	
114	0.15115	0.124038	0.0269465	0.000165185	0.671367	0.550944	0.119688	0.000733705	0.000181113	0.000804453	
115	0.113995	0.106715	0.00726549	1.45675e-05	0.506335	0.473999	0.0322711	6.47049e-05	1.47086e-05	6.53317e-05	
116	0.123895	0.114255	0.00963754	2.54548e-06	0.550307	0.507489	0.0428071	1.13063e-05	3.52714e-06	1.56665e-05	
117	0.10643	0.096766	0.00966497	0	0.472735	0.429806	0.042929	0	0	0	
118	0.103648	0.101513	0.00213283	1.32216e-06	0.460374	0.450895	0.00947343	5.87267e-06	1.61125e-06	7.15672e-06	
119	0.115955	0.113452	0.00250187	9.56687e-07	0.515039	0.503922	0.0111125	4.24932e-06	9.40182e-07	4.17601e-06	
120	0.10659	0.0960387	0.0105252	2.69845e-05	0.473446	0.426576	0.0467501	0.000119857	4.45036e-05	0.000197672	
121	0.0930142	0.0842387	0.00870517	7.0362e-05	0.413142	0.374163	0.0386658	0.000312527	8.97094e-05	0.000398463	
122	0.176743	0.157491	0.019185	6.74079e-05	0.785044	0.69953	0.0852144	0.000299406	8.22769e-05	0.00036545	
123	0.110856	0.106849	0.00400589	5.72678e-07	0.492391	0.474595	0.017793	2.54367e-06	5.77873e-07	2.56674e-06	
124	0.146201	0.0962304	0.0493746	0.000596058	0.649382	0.427427	0.219307	0.00264751	0.00224497	0.00997153	
125	0.107323	0.103263	0.00405937	0	0.476697	0.458667	0.0180305	0	0	0	
126	0.135944	0.104213	0.0315434	0.00018765	0.603826	0.462886	0.140106	0.000833489	0.000649418	0.00288452	
127	0.206691	0.191356	0.0153012	3.38913e-05	0.918063	0.849949	0.0679638	0.000150535	3.96678e-05	0.000176192	
128	0.139343	0.120494	0.0188434	5.53064e-06	0.618921	0.5352	0.0836973	2.45655e-05	7.37648e-06	3.27641e-05	
129	0.122859	0.117895	0.00496285	1.78188e-06	0.545707	0.523656	0.0220435	7.91459e-06	6.29755e-06	2.79719e-05	
130	0.097369	0.0961145	0.00125432	1.81729e-07	0.432485	0.426912	0.00557132	8.07187e-07	1.64618e-07	7.31186e-07	
131	0.129862	0.124465	0.00538407	1.25141e-05	0.57681	0.55284	0.0239144	5.55842e-05	1.27234e-05	5.65139e-05	
132	0.108105	0.0850457	0.0230596	0	0.480172	0.377748	0.102424	0	0	0	
133	0.135574	0.110664	0.0245893	0.000320303	0.60218	0.491539	0.109218	0.00142269	0.000361705	0.00160658	
134	0.096289	0.0955118	0.000777215	0	0.427687	0.424235	0.00345216	0	0	0	
135	0.0728009	0.0704616	0.00233924	0	0.32336	0.31297	0.0103902	0	0	0	
136	0.105496	0.103373	0.00211709	5.24825e-06	0.468582	0.459156	0.00940352	2.33112e-05	6.4471e-06	2.86361e-05	
137	0.113268	0.101982	0.0112356	5.03588e-05	0.503103	0.452975	0.0499053	0.000223679	7.12378e-05	0.000316417	
138	0.113844	0.104208	0.00963419	1.73089e-06	0.505665	0.462865	0.0427922	7.68814e-06	5.032e-06	2.23506e-05	
139	0.109231	0.106068	0.00316235	2.12787e-07	0.485172	0.471125	0.0140462	9.4514e-07	3.66661e-07	1.6286e-06	
140	0.136546	0.120896	0.0156071	4.22586e-05	0.606498	0.536989	0.0693222	0.0001877	5.73846e-05	0.000254885	
141	0.0996139	0.0929034	0.0067077	2.7923e-06	0.442456	0.41265	0.0297936	1.24026e-05	4.06968e-06	1.80763e-05	
142	0.0882538	0.0833228	0.00493099	0	0.391997	0.370095	0.021902	0	0	0	
143	0.155714	0.154598	0.00111538	0	0.691637	0.686683	0.0049542	0	0	0	
144	0.10017	0.0986398	0.00153078	0	0.444928	0.438129	0.0067993	0	0	0	
145	0.0919091	0.0866613	0.00524781	0	0.408233	0.384924	0.0233092	0	0	0	
146	0.0649024	0.0611173	0.00378502	9.0997e-08	0.288277	0.271465	0.0168119	4.04182e-07	7.17279e-08	3.18594e-07	
147	0.0745463	0.0726199	0.00192638	0	0.331113	0.322556	0.00855643	0	0	0	
148	0.11326	0.107708	0.00555254	1.45811e-07	0.503072	0.478408	0.0246627	6.47653e-07	1.63878e-07	7.27898e-07	
149	0.114578	0.09982	0.0147272	3.16112e-05	0.508925	0.443371	0.065414	0.000140408	4.23006e-05	0.000187887	
150	0.0907765	0.08253	0.0082465	0	0.403202	0.366574	0.0366285	0	0	0	
151	0.135476	0.12434	0.0110685	6.76557e-05	0.601747	0.552284	0.0491632	0.000300507	7.84388e-05	0.000348402	
152	0.0945248	0.0846986	0.00982338	2.88554e-06	0.419851	0.376206	0.0436325	1.28167e-05	8.08102e-06	3.58935e-05	
153	0.13999	0.135518	0.00447154	0	0.621796	0.601934	0.0198613	0	0	0	
154	0.104469	0.0976472	0.00681951	2.37366e-06	0.464021	0.43372	0.0302902	1.05431e-05	4.04253e-06	1.79557e-05	
155	0.113298	0.0917935	0.0214987	6.18911e-06	0.503238	0.407719	0.0954912	2.74902e-05	9.85209e-06	4.37601e-05	
156	0.103852	0.0947021	0.00914479	5.71354e-06	0.461283	0.420639	0.0406185	2.53778e-05	5.6939e-06	2.52906e-05	
157	0.0895884	0.0883106	0.00127776	0	0.397925	0.39225	0.00567544	0	0	0	
158	0.112864	0.103462	0.00936852	3.3514e-05	0.50131	0.459549	0.0416122	0.000148859	3.55636e-05	0.000157963	
159	0.101654	0.0992359	0.00241842	7.57028e-08	0.451519	0.440777	0.0107419	3.3625e-07	2.08876e-07	9.2777e-07	
160	0.180618	0.155774	0.0248434	0	0.802252	0.691905	0.110347	0	0	0	
161	0.226351	0.173939	0.0521993	0.000212325	1.00538	0.77259	0.231854	0.00094309	0.000289338	0.00128515	
162	0.130232	0.0942806	0.035869	8.27477e-05	0.578454	0.418767	0.159319	0.000367541	0.000124373	0.000552429	
163	0.0952178	0.078588	0.0165941	3.56739e-05	0.42293	0.349065	0.0737063	0.000158453	4.10122e-05	0.000182164	
164	0.125785	0.0897977	0.0359621	2.5913e-05	0.558703	0.398855	0.159733	0.000115098	0.00011876	0.000527499	
165	0.15532	0.115318	0.039775	0.000226158	0.689886	0.512213	0.176669	0.00100453	0.000274729	0.00122026	
166	0.105283	0.0975138	0.00776938	0	0.467637	0.433127	0.0345093	0	0	0	
167	0.107741	0.0972099	0.0105149	1.68269e-05	0.478556	0.431778	0.0467041	7.47403e-05	2.52804e-05	0.000112288	
168	0.108393	0.0981563	0.0102315	5.6921e-06	0.481452	0.435981	0.0454454	2.52826e-05	1.53029e-05	6.79714e-05	
169	0.0975085	0.0948756	0.00263225	6.77999e-07	0.433104	0.421409	0.0116917	3.01147e-06	6.58691e-07	2.92571e-06	
170	0.145605	0.108791	0.0361155	0.000698506	0.646738	0.483221	0.160414	0.00310256	0.000882341	0.0039191	
171	0.224816	0.195582	0.0292071	2.68625e-05	0.998569	0.86872	0.129729	0.000119315	3.23331e-05	0.000143614	
172	0.134377	0.122291	0.0120864	0	0.596866	0.543181	0.0536844	0	0	0	
173	0.194229	0.135862	0.0579339	0.00043318	0.862709	0.603459	0.257325	0.00192406	0.000542399	0.00240918	
174	0.119627	0.113403	0.00622233	1.57975e-06	0.531351	0.503706	0.0276377	7.01679e-06	1.74594e-06	7.75496e-06	
175	0.10441	0.0963925	0.00801806	0	0.463761	0.428147	0.0356138	0	0	0	
176	0.111334	0.0949779	0.0161945	0.000162533	0.494517	0.421864	0.0719314	0.000721924	0.000197284	0.000876279	
177	0.18475	0.142009	0.0425407	0.00019978	0.820606	0.630765	0.188953	0.000887366	0.000202273	0.000898439	
178	0.138075	0.106591	0.0314248	5.91122e-05	0.613289	0.473446	0.13958	0.000262559	0.000104451	0.000463944	
179	0.186057	0.140645	0.0450284	0.000383037	0.826411	0.624706	0.200003	0.00170134	0.000524879	0.00233136	
180	0.118803	0.101593	0.0172028	7.38419e-06	0.52769	0.451247	0.0764099	3.27984e-05	7.36487e-06	3.27126e-05	
181	0.129229	0.125532	0.00369661	0	0.573997	0.557578	0.0164192	0	0	0	
182	0.101221	0.0995817	0.00163933	1.15777e-07	0.449595	0.442313	0.00728146	5.14248e-07	1.3863e-07	6.15754e-07	
183	0.116765	0.111704	0.00506133	0	0.518639	0.496158	0.0224809	0	0	0	
184	0.096105	0.0881684	0.00792919	7.36231e-06	0.42687	0.391618	0.0352191	3.27012e-05	1.17975e-05	5.24013e-05	
185	0.0982836	0.082714	0.0155695	0	0.436547	0.367391	0.0691555	0	0	0	
186	0.132273	0.113991	0.0182823	0	0.587521	0.506316	0.0812048	0	0	0	
187	0.0891717	0.0884193	0.000752431	0	0.396075	0.392732	0.00334208	0	0	0	
188	0.0859219	0.0808089	0.00510679	6.18699e-06	0.38164	0.358929	0.0226829	2.74808e-05	1.10473e-05	4.90692e-05	
189	0.113074	0.10246	0.0105774	3.70914e-05	0.502244	0.455098	0.0469817	0.000164749	4.25373e-05	0.000188938	
190	0.0808854	0.0594749	0.0214053	5.21695e-06	0.359269	0.26417	0.0950761	2.31722e-05	8.26919e-06	3.67293e-05	
191	0.3206	0.213691	0.104811	0.00209757	1.42401	0.949155	0.465543	0.0093168	0.00255761	0.0113601	
192	0.0731098	0.0731098	0	0	0.324732	0.324732	0	0	0	0	
193	0.118604	0.118604	0	0	0.526805	0.526805	0	0	0	0	
194	0.154554	0.121274	0.0331292	0.000150728	0.686484	0.538664	0.14715	0.00066949	0.000426208	0.00189309	
195	0.0892195	0.088765	0.000454552	0	0.396287	0.394268	0.00201899	0	0	0	
196	0.0895432	0.0895432	0	0	0.397725	0.397725	0	0	0	0	
197	0.0797812	0.0561177	0.0236329	3.05763e-05	0.354364	0.249258	0.10497	0.000135811	3.54635e-05	0.000157518	
198	0.147863	0.114491	0.0326152	0.00075675	0.656766	0.508538	0.144867	0.00336126	0.00107607	0.00477962	
199	0.134374	0.114529	0.0198455	0	0.596853	0.508704	0.0881482	0	0	0	
200	0.108492	0.0873587	0.0211217	1.22944e-05	0.481893	0.388022	0.0938165	5.46084e-05	3.25342e-05	0.000144507	
201	0.141539	0.100754	0.0403751	0.000409702	0.628675	0.447521	0.179334	0.00181978	0.000552321	0.00245325	
202	0.106033	0.106033	0	0	0.470968	0.470968	0	0	0	0	
203	0.096108	0.0946447	0.00146325	0	0.426883	0.420384	0.00649933	0	0	0	
204	0.162914	0.133985	0.028892	3.769e-05	0.72362	0.595122	0.128329	0.000167408	4.85954e-05	0.000215846	
205	0.111925	0.0899868	0.0218863	5.19632e-05	0.497138	0.399695	0.0972126	0.000230805	5.80624e-05	0.000257896	
206	0.186312	0.149536	0.0366292	0.000146488	0.827545	0.664198	0.162696	0.000650659	0.000242791	0.0010784	
207	0.0633952	0.0519745	0.0114206	1.92322e-08	0.281583	0.230855	0.0507273	8.54238e-08	7.00499e-07	3.11141e-06	
208	0.102942	0.098406	0.00453601	0	0.457238	0.437091	0.0201476	0	0	0	
209	0.148413	0.0953178	0.0530956	0	0.659209	0.423374	0.235835	0	0	0	
210	0.114449	0.113801	0.000648053	0	0.508353	0.505474	0.00287846	0	0	0	
211	0.159554	0.103613	0.0559412	0	0.708693	0.460219	0.248474	0	0	0	
212	0.116587	0.11646	0.000126418	0	0.517847	0.517285	0.000561514	0	0	0	
213	0.235534	0.164772	0.0700888	0.000673393	1.04617	0.731869	0.311314	0.00299101	0.00216915	0.00963475	
214	0.118925	0.115903	0.00301298	8.30368e-06	0.52823	0.514811	0.0133827	3.68825e-05	8.39701e-06	3.7297e-05	
215	0.185072	0.161717	0.0233229	3.14307e-05	0.822036	0.718303	0.103593	0.000139606	3.4294e-05	0.000152324	
216	0.101558	0.0848686	0.0166893	0	0.451091	0.376961	0.0741292	0	0	0	
217	0.190172	0.140982	0.0485953	0.000594848	0.844692	0.626204	0.215846	0.00264214	0.000643006	0.00285604	
218	0.0977361	0.0972255	0.000510605	0	0.434115	0.431847	0.00226796	0	0	0	
219	0.133589	0.133143	0.000446362	0	0.593365	0.591382	0.00198261	0	0	0	
220	0.0976155	0.0838721	0.0137433	0	0.433579	0.372535	0.0610439	0	0	0	
221	0.106096	0.0939122	0.0121587	2.50791e-05	0.471247	0.41713	0.0540055	0.000111394	2.76171e-05	0.000122667	
222	0.0504279	0.0503048	0.000123101	0	0.223986	0.223439	0.00054678	0	0	0	
223	0.0969543	0.0968279	0.000126418	0	0.430642	0.430081	0.000561514	0	0	0	
224	0.154053	0.145321	0.00873212	3.40072e-07	0.684261	0.645474	0.0387855	1.5105e-06	4.49589e-07	1.99694e-06	
225	0.0824116	0.0783386	0.00404025	3.27777e-05	0.366048	0.347957	0.0179456	0.000145589	3.37494e-05	0.000149905	
226	0.227708	0.225138	0.00256788	1.76454e-06	1.01141	1	0.0114058	7.83759e-06	1.74765e-06	7.76257e-06	
227	0.0845103	0.0822915	0.00221513	3.69549e-06	0.37537	0.365514	0.00983898	1.64143e-05	3.67619e-06	1.63285e-05	
228	0.0882716	0.0793692	0.00875207	0.000150403	0.392076	0.352534	0.0388741	0.000668048	0.000150384	0.000667963	
229	0.127663	0.123921	0.00374231	0	0.567043	0.55042	0.0166222	0	0	0	
230	0.107408	0.106604	0.000804577	1.99101e-07	0.477079	0.473504	0.00357369	8.8435e-07	1.82639e-07	8.11233e-07	
231	0.0925441	0.0920381	0.000505423	5.98911e-07	0.411054	0.408806	0.00224494	2.66019e-06	5.79506e-07	2.574e-06	
232	0.0805	0.0750917	0.00540622	2.16665e-06	0.357557	0.333535	0.0240128	9.62362e-06	2.14733e-06	9.53784e-06	
233	0.0795483	0.0781371	0.00141122	0	0.35333	0.347062	0.00626824	0	0	0	
234	0.104313	0.104313	0	0	0.463329	0.463329	0	0	0	0	
235	0.136261	0.136261	0	0	0.605233	0.605233	0	0	0	0	
236	0.0688838	0.0661758	0.00270807	0	0.305962	0.293933	0.0120284	0	0	0	
237	0.0473745	0.0473745	0	0	0.210423	0.210423	0	0	0	0	
238	0.0896888	0.0895133	0.000175504	0	0.398371	0.397592	0.00077954	0	0	0	
239	0.145391	0.121998	0.0233912	2.2505e-06	0.645786	0.541879	0.103897	9.99607e-06	3.35041e-06	1.48815e-05	
240	0.0921973	0.0906912	0.00150607	0	0.409513	0.402824	0.00668955	0	0	0	
241	0.141876	0.118619	0.0232395	1.70419e-05	0.630173	0.526874	0.103223	7.56955e-05	1.80559e-05	8.01991e-05	
242	0.0858146	0.0855926	0.00022196	0	0.381163	0.380177	0.000985883	0	0	0	
243	0.0861586	0.0861586	0	0	0.382691	0.382691	0	0	0	0	
244	0.0889515	0.0888661	8.54225e-05	0	0.395097	0.394717	0.000379422	0	0	0	
245	0.123384	0.0952737	0.0272441	0.000866651	0.548038	0.423178	0.12101	0.00384941	0.000989153	0.00439353	
246	0.102744	0.0896715	0.0130725	0	0.456359	0.398294	0.0580642	0	0	0	
247	0.112093	0.107346	0.00471521	3.19513e-05	0.497886	0.476801	0.0209436	0.000141918	3.38357e-05	0.000150288	
248	0.0837231	0.0837231	0	0	0.371873	0.371873	0	0	0	0	
249	0.0717921	0.0701158	0.00167629	0	0.318879	0.311433	0.00744561	0	0	0	
250	0.067382	0.0667547	0.000627295	0	0.299291	0.296504	0.00278626	0	0	0	
251	0.122517	0.109445	0.0130725	0	0.544187	0.486123	0.0580642	0	0	0	
252	0.0746448	0.0693865	0.00521721	4.11106e-05	0.33155	0.308194	0.0231733	0.000182601	4.28441e-05	0.000190301	
253	0.0982387	0.0979695	0.000269185	0	0.436347	0.435152	0.00119564	0	0	0	
254	0.0780086	0.0777908	0.000217728	0	0.346491	0.345524	0.000967086	0	0	0	
255	0.0869419	0.0868627	7.92394e-05	0	0.38617	0.385818	0.000351958	0	0	0	
256	0.0998007	0.0968697	0.00292833	2.7333e-06	0.443285	0.430266	0.0130068	1.21405e-05	3.3139e-06	1.47194e-05	
257	0.0889391	0.0889391	0	0	0.395041	0.395041	0	0	0	0	
258	0.102413	0.0963456	0.00605122	1.65431e-05	0.45489	0.427939	0.0268777	7.34796e-05	2.27139e-05	0.000100888	
259	0.0538007	0.0453399	0.00836281	9.79561e-05	0.238967	0.201386	0.0371451	0.000435092	0.000115452	0.000512804	
260	0.0438906	0.0418108	0.00207986	0	0.194949	0.185711	0.00923816	0	0	0	
261	0.110275	0.110039	0.000236209	0	0.489811	0.488762	0.00104917	0	0	0	
262	0.114314	0.111276	0.00303777	0	0.507752	0.494259	0.0134929	0	0	0	
263	0.0609129	0.0438297	0.017083	1.26446e-07	0.270557	0.194678	0.0758779	5.61636e-07	5.53283e-06	2.45752e-05	
264	0.183839	0.140184	0.0433697	0.000285225	0.816559	0.622657	0.192635	0.00126688	0.000949372	0.00421683	
265	0.0527109	0.043426	0.0092682	1.66721e-05	0.234126	0.192885	0.0411666	7.40529e-05	2.3555e-05	0.000104624	
266	0.0835502	0.0835502	0	0	0.371105	0.371105	0	0	0	0	
267	0.0477068	0.0456269	0.00207986	0	0.211899	0.202661	0.00923816	0	0	0	
268	0.0857189	0.0853141	0.000404816	0	0.380738	0.37894	0.00179807	0	0	0	
269	0.206092	0.205118	0.000974366	2.61149e-08	0.915403	0.911075	0.00432785	1.15994e-07	6.70987e-09	2.98032e-08	
270	0.107715	0.107498	0.000217728	0	0.478441	0.477474	0.000967086	0	0	0	
271	0.0851144	0.0847096	0.000404816	0	0.378053	0.376255	0.00179807	0	0	0	
272	0.104764	0.103782	0.00098273	0	0.465334	0.460969	0.004365	0	0	0	
273	0.109177	0.0917327	0.0173326	0.000112579	0.484936	0.40745	0.0769864	0.000500043	0.000149833	0.000665518	
274	0.100905	0.0943754	0.00653031	0	0.448194	0.419188	0.0290057	0	0	0	
275	0.121242	0.111304	0.00983603	0.000102801	0.538525	0.49438	0.0436888	0.000456615	0.000107545	0.000477686	
276	0.0917558	0.0898551	0.00190067	0	0.407552	0.39911	0.00844222	0	0	0	
277	0.104261	0.104118	0.000142421	0	0.463098	0.462465	0.000632593	0	0	0	
278	0.1767	0.14807	0.0284374	0.000192089	0.78485	0.657686	0.12631	0.000853205	0.000283448	0.00125899	
279	0.0771765	0.0770809	9.5661e-05	0	0.342795	0.34237	0.000424898	0	0	0	
280	0.1367	0.121441	0.015258	2.10788e-07	0.607181	0.539409	0.0677718	9.36259e-07	1.65098e-06	7.33318e-06	
281	0.11802	0.0951675	0.0228213	3.16495e-05	0.524212	0.422706	0.101365	0.000140578	3.8738e-05	0.000172063	
282	0.0837612	0.0812721	0.0024891	0	0.372042	0.360986	0.0110558	0	0	0	
283	0.105283	0.0911809	0.0140729	2.9644e-05	0.467638	0.404999	0.062508	0.00013167	5.41701e-05	0.000240608	
284	0.133844	0.11067	0.023137	3.67646e-05	0.594498	0.491567	0.102768	0.000163297	4.4194e-05	0.000196297	
285	0.0983234	0.0872745	0.0110488	5.30466e-08	0.436724	0.387648	0.0490758	2.35617e-07	3.37953e-08	1.50109e-07	
286	0.119056	0.0821171	0.0369396	0	0.528815	0.36474	0.164075	0	0	0	
287	0.0747229	0.0654149	0.00930793	0	0.331897	0.290554	0.0413431	0	0	0	
288	0.207031	0.140557	0.0653394	0.00113374	0.919571	0.624317	0.290218	0.00503575	0.00141112	0.0062678	
289	0.0666432	0.0656605	0.00098273	0	0.29601	0.291645	0.004365	0	0	0	
290	0.0710424	0.0690203	0.00202213	0	0.315549	0.306568	0.00898175	0	0	0	
291	0.176811	0.13723	0.0393441	0.000237295	0.785346	0.609537	0.174755	0.00105399	0.000576092	0.00255883	
292	0.14612	0.116717	0.0293304	7.3349e-05	0.649026	0.518423	0.130277	0.000325795	0.000107025	0.000475375	
293	0.0758656	0.0475904	0.0282616	1.35692e-05	0.336973	0.211382	0.12553	6.02705e-05	1.58166e-05	7.02527e-05	
294	0.0679133	0.0610211	0.00682842	6.37517e-05	0.301651	0.271038	0.0303298	0.000283166	7.88444e-05	0.000350203	
295	0.171648	0.152226	0.019287	0.000134196	0.762411	0.676147	0.0856674	0.000596061	0.000190684	0.000846965	
296	0.118352	0.118352	0	0	0.525688	0.525688	0	0	0	0	
297	0.167214	0.146649	0.0205388	2.59003e-05	0.742717	0.651374	0.0912275	0.000115041	2.83392e-05	0.000125874	
298	0.109712	0.0908772	0.0188082	2.69131e-05	0.48731	0.40365	0.0835405	0.00011954	4.56335e-05	0.000202691	
299	0.0978161	0.0794532	0.0183431	1.97923e-05	0.43447	0.352908	0.0814747	8.7912e-05	1.98929e-05	8.83588e-05	
300	0.0788025	0.0767804	0.00202213	0	0.350017	0.341036	0.00898175	0	0	0	
301	0.063387	0.0622665	0.00112043	0	0.281546	0.27657	0.00497665	0	0	0	
302	0.0716002	0.0693803	0.0022199	0	0.318027	0.308167	0.00986014	0	0	0	
303	0.132157	0.10586	0.0261997	9.7479e-05	0.587006	0.470201	0.116371	0.000432973	0.000162996	0.000723982	
304	0.0954929	0.0954929	0	0	0.424151	0.424151	0	0	0	0	
305	0.0532375	0.0412919	0.0119456	0	0.236465	0.183406	0.053059	0	0	0	
306	0.0697832	0.0529588	0.0168243	6.4716e-08	0.309956	0.235227	0.0747289	2.87449e-07	4.92915e-08	2.18938e-07	
307	0.0902441	0.0873453	0.00289878	0	0.400838	0.387962	0.0128755	0	0	0	
308	0.0950735	0.075563	0.0195021	8.26784e-06	0.422288	0.335629	0.0866229	3.67233e-05	2.29421e-05	0.000101902	
309	0.114768	0.110821	0.00394284	4.59446e-06	0.509769	0.492235	0.0175129	2.04072e-05	4.6834e-06	2.08023e-05	
310	0.151754	0.143409	0.00834389	7.79792e-07	0.674049	0.636985	0.0370611	3.46361e-06	2.51404e-06	1.11666e-05	
311	0.0789453	0.0739813	0.00492353	4.05123e-05	0.350652	0.328603	0.0218688	0.000179944	4.05597e-05	0.000180154	
312	0.142578	0.0958896	0.0463675	0.000321515	0.633293	0.425913	0.205951	0.00142807	0.000391186	0.00173753	
313	0.101352	0.0934778	0.00787458	0	0.450177	0.415201	0.0349765	0	0	0	
314	0.0787507	0.0773177	0.00143293	0	0.349787	0.343423	0.00636466	0	0	0	
315	0.106009	0.0950262	0.0109593	2.4232e-05	0.470864	0.422078	0.0486781	0.000107631	4.521e-05	0.000200809	
316	0.0739813	0.0706412	0.0033393	7.23029e-07	0.328603	0.313767	0.0148322	3.21148e-06	7.03768e-07	3.12593e-06	
317	0.119851	0.0768062	0.0427652	0.000279991	0.532345	0.341151	0.18995	0.00124364	0.000344174	0.00152872	
318	0.185817	0.122342	0.0634747	9.57426e-07	0.825349	0.543408	0.281936	4.2526e-06	9.41635e-07	4.18246e-06	
319	0.243126	0.143663	0.0953375	0.00412561	1.07989	0.638109	0.423461	0.0183247	0.00468085	0.0207909	
320	0.0833342	0.0761361	0.00719647	1.66518e-06	0.370146	0.338174	0.0319646	7.39627e-06	4.37828e-06	1.9447e-05	
321	0.129949	0.0988671	0.0306867	0.000395941	0.577198	0.439138	0.136301	0.00175865	0.000397456	0.00176538	
322	0.140729	0.0788497	0.0604345	0.00144487	0.625077	0.350227	0.268432	0.0064177	0.00270335	0.0120074	
323	0.0954469	0.094922	0.000524811	0	0.423947	0.421616	0.00233105	0	0	0	
324	0.126685	0.125287	0.00139802	0	0.562698	0.556488	0.00620962	0	0	0	
325	0.0912513	0.090294	0.000957351	0	0.405311	0.401059	0.00425227	0	0	0	
326	0.0740387	0.0711244	0.00291437	0	0.328858	0.315913	0.0129448	0	0	0	
327	0.0780069	0.0751958	0.00281111	0	0.346484	0.333998	0.0124861	0	0	0	
328	0.0912434	0.0907839	0.00045952	0	0.405276	0.403235	0.00204105	0	0	0	
329	0.0967382	0.0915451	0.00517217	2.09981e-05	0.429683	0.406616	0.0229733	9.32678e-05	2.772e-05	0.000123124	
330	0.151065	0.0883505	0.0609954	0.0017199	0.67099	0.392427	0.270924	0.0076393	0.00199478	0.00886027	
331	0.124464	0.116952	0.00749527	1.70771e-05	0.552835	0.519467	0.0332918	7.58518e-05	1.97282e-05	8.7627e-05	
332	0.109214	0.0964412	0.0127597	1.33036e-05	0.485098	0.428364	0.0566751	5.9091e-05	3.03651e-05	0.000134873	
333	0.120597	0.0985219	0.0220756	5.75158e-08	0.535659	0.437605	0.0980535	2.55468e-07	5.18981e-07	2.30516e-06	
334	0.137481	0.0884928	0.0487505	0.000237943	0.610651	0.393059	0.216535	0.00105687	0.000289942	0.00128783	
335	0.0825191	0.0805112	0.00200792	0	0.366526	0.357607	0.00891863	0	0	0	
336	0.108875	0.0894988	0.0192652	0.000111115	0.483591	0.397527	0.0855705	0.00049354	0.000210993	0.00093717	
337	0.115762	0.111899	0.00386141	2.50171e-06	0.514185	0.497022	0.0171512	1.11119e-05	2.53885e-06	1.12768e-05	
338	0.116544	0.101749	0.014747	4.87742e-05	0.517658	0.451939	0.0655021	0.00021664	7.35354e-05	0.000326623	
339	0.0834055	0.0770913	0.00630188	1.23346e-05	0.370463	0.342417	0.0279911	5.47867e-05	1.85809e-05	8.25309e-05	
340	0.111801	0.0836275	0.0281222	5.14615e-05	0.496588	0.371449	0.12491	0.000228577	8.99997e-05	0.000399752	
341	0.107949	0.104399	0.00354828	1.20088e-06	0.479479	0.463714	0.0157604	5.33396e-06	1.18155e-06	5.24813e-06	
342	0.113296	0.0754479	0.0378486	0	0.50323	0.335117	0.168112	0	0	0	
343	0.149518	0.0883081	0.0584289	0.00278184	0.664119	0.392238	0.259524	0.0123561	0.00492223	0.0218631	
344	0.0835266	0.0825547	0.000971841	2.62639e-08	0.371	0.366684	0.00431663	1.16657e-07	1.14737e-08	5.09631e-08	
345	0.128047	0.0951731	0.0324235	0.000450589	0.568748	0.422731	0.144016	0.00200138	0.00082261	0.00365379	
346	0.135797	0.0983616	0.0368171	0.000618315	0.603171	0.436893	0.163531	0.00274637	0.000754541	0.00335145	
347	0.0949459	0.0755675	0.0193075	7.0893e-05	0.421722	0.335648	0.0857586	0.000314886	0.000100792	0.00044769	
348	0.0994362	0.0838209	0.0155506	6.46956e-05	0.441666	0.372308	0.0690712	0.000287359	7.95852e-05	0.000353494	
349	0.085635	0.0722846	0.0132955	5.49009e-05	0.380365	0.321067	0.0590549	0.000243853	5.92629e-05	0.000263228	
350	0.125703	0.0761763	0.0490652	0.00046176	0.558337	0.338353	0.217933	0.002051	0.000589532	0.00261853	
351	0.145604	0.0938063	0.0512996	0.000499085	0.646734	0.41666	0.227857	0.00221679	0.000611622	0.00271664	
352	0.142022	0.0818345	0.0600508	0.000137096	0.630822	0.363485	0.266728	0.000608943	0.00022818	0.0010135	
353	0.0875932	0.0780502	0.00952393	1.91062e-05	0.389063	0.346676	0.0423025	8.48644e-05	2.57157e-05	0.000114221	
354	0.0862986	0.0792685	0.00701479	1.53475e-05	0.383313	0.352087	0.0311576	6.81692e-05	1.94518e-05	8.63992e-05	
355	0.0837736	0.0835298	0.000243896	0	0.372098	0.371014	0.00108331	0	0	0	
356	0.123599	0.108932	0.0146038	6.36277e-05	0.548992	0.483844	0.0648659	0.000282615	6.9458e-05	0.000308512	
357	0.214717	0.108125	0.0989369	0.00765555	0.953712	0.480259	0.439448	0.0340037	0.00894333	0.0397236	
358	0.158708	0.0979257	0.0601987	0.00058351	0.704934	0.434957	0.267385	0.00259178	0.00164352	0.00730004	
359	0.102465	0.0782458	0.0238317	0.000387687	0.455121	0.347545	0.105853	0.00172199	0.000967473	0.00429723	
360	0.101	0.0966832	0.00431709	0	0.448613	0.429438	0.0191752	0	0	0	
361	0.0470203	0.0470203	0	0	0.20885	0.20885	0	0	0	0	
362	0.103086	0.0871127	0.01583	0.000143451	0.457878	0.386929	0.0703122	0.000637169	0.000160682	0.000713706	
363	0.0491274	0.0491105	1.69582e-05	0	0.218209	0.218134	7.53236e-05	0	0	0	
364	0.124858	0.113452	0.0113343	7.15652e-05	0.554585	0.503923	0.050344	0.000317872	8.5652e-05	0.000380441	
365	0.0829206	0.0792551	0.00366542	3.27323e-08	0.368309	0.352028	0.0162807	1.45387e-07	1.34592e-08	5.97818e-08	
366	0.107285	0.0914932	0.0156836	0.000108993	0.476532	0.406386	0.0696624	0.000484116	0.000138839	0.000616685	
367	0.126065	0.105035	0.020985	4.42977e-05	0.559944	0.466538	0.0932092	0.000196757	6.44447e-05	0.000286244	
368	0.0784691	0.0755816	0.00288748	0	0.348537	0.335711	0.0128253	0	0	0	
369	0.0828871	0.0801061	0.00277862	2.41615e-06	0.36816	0.355808	0.0123418	1.07318e-05	2.40806e-06	1.06959e-05	
370	0.114577	0.09141	0.0229664	0.000200923	0.508919	0.406016	0.10201	0.000892443	0.000281823	0.00125177	
371	0.121399	0.0791251	0.042054	0.000220192	0.53922	0.35145	0.186791	0.000978032	0.000226294	0.00100513	
372	0.10419	0.0788475	0.0253218	2.10335e-05	0.462783	0.350217	0.112472	9.34249e-05	3.59624e-05	0.000159734	
373	0.0833274	0.0790026	0.00431403	1.07823e-05	0.370116	0.350906	0.0191616	4.78922e-05	1.11635e-05	4.9585e-05	
374	0.213823	0.103667	0.102136	0.00801952	0.949741	0.460459	0.453661	0.0356203	0.0222292	0.0987356	
375	0.139392	0.126806	0.0124666	0.000118816	0.619138	0.563238	0.055373	0.000527746	0.000126978	0.000564	
376	0.0991807	0.0986301	0.000550141	5.58669e-07	0.440532	0.438086	0.00244356	2.48144e-06	5.39407e-07	2.39589e-06	
377	0.106976	0.0998108	0.00714141	2.45507e-05	0.475159	0.44333	0.03172	0.000109047	2.7908e-05	0.000123959	
378	0.118734	0.10342	0.015309	5.05115e-06	0.527386	0.459365	0.0679983	2.24357e-05	1.53489e-05	6.81754e-05	
379	0.10235	0.0765058	0.0257214	0.00012289	0.454609	0.339816	0.114247	0.000545844	0.000136722	0.000607281	
380	0.111522	0.0821817	0.0293069	3.36303e-05	0.495349	0.365027	0.130172	0.000149375	3.56926e-05	0.000158536	
381	0.101138	0.0795699	0.0214923	7.63375e-05	0.449228	0.353426	0.0954626	0.000339069	0.000125025	0.000555325	
382	0.105475	0.103738	0.00173456	2.43924e-06	0.468491	0.460776	0.00770443	1.08344e-05	2.41991e-06	1.07485e-05	
383	0.0776813	0.0756974	0.00198384	0	0.345037	0.336226	0.00881164	0	0	0	
384	0.0952473	0.0901253	0.005122	0	0.42306	0.40031	0.0227504	0	0	0	
385	0.124139	0.107009	0.0171051	2.46735e-05	0.55139	0.475305	0.0759759	0.000109592	3.90612e-05	0.000173498	
386	0.099581	0.0793747	0.0201205	8.58307e-05	0.442309	0.352559	0.0893694	0.000381235	0.000173172	0.000769181	
387	0.0933632	0.0839645	0.00930045	9.82608e-05	0.414692	0.372945	0.0413098	0.000436445	0.000108672	0.00048269	
388	0.0813353	0.0767388	0.00454669	4.98541e-05	0.361267	0.340851	0.020195	0.000221437	4.98477e-05	0.000221409	
389	0.130214	0.110831	0.0193088	7.38302e-05	0.578374	0.492282	0.0857641	0.000327932	8.3242e-05	0.000369736	
390	0.084586	0.0741335	0.0104467	5.77205e-06	0.375706	0.329279	0.0464014	2.56378e-05	3.31134e-05	0.00014708	
391	0.0963894	0.0909844	0.00540421	8.5023e-07	0.428133	0.404126	0.0240039	3.77647e-06	8.50479e-07	3.77758e-06	
392	0.100317	0.0496916	0.0496798	0.000945584	0.445579	0.220715	0.220663	0.0042	0.00127238	0.00565156	
393	0.0834408	0.0806592	0.00278156	0	0.370619	0.358264	0.0123549	0	0	0	
394	0.0973974	0.0923556	0.00504183	0	0.43261	0.410216	0.0223943	0	0	0	
395	0.152661	0.137881	0.0147739	5.72728e-06	0.678077	0.61243	0.0656215	2.54389e-05	3.34663e-05	0.000148647	
396	0.108586	0.0589783	0.0496083	0	0.48231	0.261964	0.220345	0	0	0	
397	0.126178	0.101037	0.0250247	0.000115906	0.560446	0.448779	0.111152	0.000514824	0.000152209	0.000676069	
398	0.0913144	0.0909141	0.000400356	0	0.405592	0.403813	0.00177826	0	0	0	
399	0.0789692	0.0783101	0.000659127	0	0.350758	0.34783	0.00292765	0	0	0	
400	0.144457	0.128708	0.0157414	7.31884e-06	0.641636	0.571684	0.0699191	3.25081e-05	9.35926e-06	4.15711e-05	
401	0.104049	0.10036	0.00368859	0	0.462155	0.445771	0.0163836	0	0	0	
402	0.104251	0.0831786	0.0210402	3.25384e-05	0.463054	0.369455	0.0934547	0.000144526	3.95123e-05	0.000175502	
403	0.110568	0.0885813	0.0217577	0.000229267	0.491112	0.393452	0.0966415	0.00101833	0.000229782	0.00102062	
404	0.108117	0.0985175	0.00960016	0	0.480227	0.437586	0.0426411	0	0	0	
405	0.106922	0.106922	0	0	0.474916	0.474916	0	0	0	0	
406	0.189342	0.176462	0.0128763	3.48854e-06	0.841001	0.783793	0.0571929	1.54951e-05	3.72499e-06	1.65453e-05	
407	0.120061	0.0852811	0.0341079	0.000672905	0.53328	0.378793	0.151497	0.00298884	0.000698989	0.0031047	
408	0.130067	0.127359	0.00270843	0	0.577723	0.565693	0.01203	0	0	0	
409	0.0938921	0.0917778	0.00211423	0	0.417041	0.40765	0.0093908	0	0	0	
410	0.109792	0.0877435	0.0217297	0.00031898	0.487664	0.389731	0.096517	0.00141681	0.000321784	0.00142927	
411	0.137745	0.117257	0.0204873	8.44246e-08	0.611824	0.520825	0.0909988	3.74989e-07	7.90962e-08	3.51322e-07	
412	0.149802	0.122154	0.0276457	2.47789e-06	0.66538	0.542575	0.122794	1.1006e-05	1.36935e-05	6.08226e-05	
413	0.0943923	0.0915626	0.00282971	0	0.419263	0.406694	0.0125687	0	0	0	
414	0.146977	0.112584	0.0342969	9.60783e-05	0.652832	0.500068	0.152336	0.000426751	9.92414e-05	0.000440801	
415	0.0952332	0.0919889	0.00324429	0	0.422998	0.408587	0.0144102	0	0	0	
416	0.124997	0.106145	0.0188524	0	0.555203	0.471466	0.0837372	0	0	0	
417	0.105419	0.0958034	0.0096152	7.42199e-07	0.468241	0.42553	0.0427079	3.29663e-06	7.23222e-07	3.21234e-06	
418	0.0803535	0.0769593	0.00339428	0	0.356907	0.34183	0.0150764	0	0	0	
419	0.138021	0.10218	0.03581	3.1316e-05	0.613053	0.453856	0.159057	0.000139096	3.48965e-05	0.000155	
420	0.0837969	0.0837969	0	0	0.372201	0.372201	0	0	0	0	
421	0.0893355	0.0861965	0.00313898	0	0.396802	0.382859	0.0139424	0	0	0	
422	0.101591	0.0810856	0.0202338	0.000272076	0.45124	0.360158	0.0898729	0.00120848	0.000272151	0.00120881	
423	0.0643817	0.0560509	0.00829708	3.37231e-05	0.285965	0.248962	0.0368532	0.000149788	3.56738e-05	0.000158452	
424	0.110688	0.110688	0	0	0.491644	0.491644	0	0	0	0	
425	0.0766687	0.06965	0.00693645	8.22203e-05	0.34054	0.309365	0.0308097	0.000365198	8.26382e-05	0.000367055	
426	0.111891	0.109188	0.00270016	2.57732e-06	0.496988	0.484983	0.0119933	1.14477e-05	2.55957e-06	1.13688e-05	
427	0.0950842	0.0906009	0.00448331	0	0.422336	0.402422	0.0199135	0	0	0	
428	0.0963059	0.094181	0.00212467	2.82459e-07	0.427763	0.418324	0.0094372	1.2546e-06	3.20075e-07	1.42168e-06	
429	0.120717	0.0883486	0.0323639	4.50664e-06	0.53619	0.392418	0.143751	2.00171e-05	4.60637e-06	2.04601e-05	
430	0.223291	0.212679	0.010612	6.13634e-07	0.991796	0.944658	0.0471357	2.72558e-06	5.9471e-07	2.64152e-06	
431	0.171852	0.166577	0.00527514	0	0.763317	0.739886	0.0234306	0	0	0	
432	0.130074	0.112342	0.0177245	7.04361e-06	0.577751	0.498992	0.0787274	3.12856e-05	8.05561e-06	3.57807e-05	
433	0.107338	0.0987175	0.00857882	4.1789e-05	0.476764	0.438474	0.0381046	0.000185614	4.20156e-05	0.000186621	
434	0.0853651	0.0807074	0.00465038	7.3621e-06	0.379167	0.358478	0.0206556	3.27003e-05	1.00332e-05	4.45647e-05	
435	0.195105	0.152331	0.0425947	0.000179699	0.866602	0.676611	0.189193	0.000798172	0.000424685	0.00188633	
436	0.117132	0.0862913	0.0307153	0.000125586	0.520266	0.38328	0.136428	0.00055782	0.000167573	0.000744314	
437	0.141556	0.0863407	0.0534501	0.0017661	0.628754	0.3835	0.237409	0.0078445	0.00290872	0.0129197	
438	0.175906	0.130668	0.0447645	0.000473146	0.781325	0.580392	0.198831	0.00210157	0.000536256	0.00238189	
439	0.136545	0.127335	0.00919074	1.93119e-05	0.606496	0.565588	0.0408226	8.57779e-05	2.56017e-05	0.000113715	
440	0.0826338	0.0803189	0.00230674	8.1709e-06	0.367035	0.356753	0.0102458	3.62927e-05	8.44323e-06	3.75023e-05	
441	0.0690813	0.0677799	0.00129785	3.5711e-06	0.306839	0.301058	0.00576471	1.58618e-05	3.61845e-06	1.60721e-05	
442	0.143475	0.0951325	0.0459641	0.0023793	0.637278	0.42255	0.204159	0.0105681	0.00309178	0.0137328	
443	0.168415	0.138249	0.0299787	0.000187158	0.74805	0.614062	0.133156	0.000831302	0.000273093	0.001213	
444	0.12992	0.108189	0.0217059	2.53971e-05	0.577071	0.480546	0.0964116	0.000112806	3.65209e-05	0.000162215	
445	0.107804	0.0884084	0.0192735	0.000122963	0.478837	0.392684	0.0856073	0.000546167	0.000154353	0.000685591	
446	0.150008	0.0909072	0.058919	0.000182595	0.666295	0.403783	0.261701	0.000811034	0.000230974	0.00102591	
447	0.153691	0.122246	0.0314449	9.32038e-08	0.682653	0.542984	0.139669	4.13984e-07	2.06803e-06	9.18559e-06	
448	0.0432949	0.0376369	0.00565793	0	0.192303	0.167172	0.0251308	0	0	0	
449	0.261107	0.154542	0.106339	0.000226567	1.15976	0.686431	0.472326	0.00100634	0.00054214	0.00240803	
450	0.0857679	0.0796043	0.00616359	0	0.380956	0.353579	0.0273768	0	0	0	
451	0.134335	0.120488	0.013818	2.90026e-05	0.59668	0.535176	0.0613758	0.000128821	4.24217e-05	0.000188425	
452	0.168712	0.100271	0.0672933	0.00114771	0.749372	0.445377	0.298897	0.00509779	0.00153753	0.00682927	
453	0.108668	0.095784	0.0128469	3.69866e-05	0.482671	0.425444	0.0570624	0.000164283	4.05767e-05	0.00018023	
454	0.12602	0.0893611	0.0366593	0	0.559746	0.396916	0.16283	0	0	0	
455	0.157754	0.105299	0.0521614	0.000293185	0.700698	0.46771	0.231685	0.00130224	0.000544302	0.00241763	
456	0.145421	0.112136	0.0328626	0.000422814	0.645921	0.498076	0.145966	0.00187802	0.000465543	0.0020678	
457	0.122887	0.100776	0.0220755	3.57136e-05	0.545831	0.447619	0.0980531	0.000158629	4.54095e-05	0.000201695	
458	0.095167	0.0791038	0.0160632	0	0.422704	0.351356	0.0713483	0	0	0	
459	0.100621	0.0891058	0.0115155	0	0.44693	0.395781	0.0511488	0	0	0	
460	0.156186	0.0855526	0.0706341	0	0.693736	0.38	0.313736	0	0	0	
461	0.15763	0.0857253	0.0718568	4.87883e-05	0.70015	0.380766	0.319167	0.000216703	6.88443e-05	0.000305786	
462	0.116241	0.100225	0.0159957	2.02801e-05	0.516311	0.445172	0.0710486	9.00783e-05	4.21231e-05	0.000187098	
463	0.126575	0.119772	0.00680358	0	0.562211	0.531992	0.0302195	0	0	0	
464	0.0825467	0.0691485	0.0133926	5.59014e-06	0.366648	0.307137	0.0594861	2.48298e-05	1.0191e-05	4.52656e-05	
465	0.0881211	0.0828731	0.00524792	0	0.391408	0.368098	0.0233097	0	0	0	
466	0.174066	0.110192	0.0627855	0.00108853	0.773151	0.489441	0.278875	0.00483495	0.00129857	0.0057679	
467	0.102846	0.0799637	0.0227651	0.000117537	0.456813	0.355175	0.101116	0.000522068	0.0003291	0.00146176	
468	0.107038	0.101785	0.00525342	0	0.475435	0.452101	0.0233342	0	0	0	
469	0.0769701	0.0769701	0	0	0.341879	0.341879	0	0	0	0	
470	0.102499	0.0951487	0.00733996	1.0984e-05	0.455273	0.422623	0.0326019	4.87878e-05	1.36363e-05	6.05686e-05	
471	0.115289	0.0792197	0.03607	0	0.512083	0.351871	0.160212	0	0	0	
472	0.127659	0.0893951	0.0364853	0.00177936	0.567027	0.397067	0.162057	0.0079034	0.00288255	0.0128034	
473	0.16165	0.0994355	0.0592463	0.00296865	0.718004	0.441663	0.263155	0.0131858	0.00365806	0.016248	
474	0.106044	0.0771402	0.0289041	0	0.471018	0.342634	0.128383	0	0	0	
475	0.122479	0.11354	0.00893849	4.209e-07	0.544019	0.504315	0.0397021	1.86951e-06	6.97276e-07	3.09709e-06	
476	0.161889	0.112978	0.0489108	0	0.719064	0.501817	0.217247	0	0	0	
477	0.126634	0.097245	0.0293596	3.0333e-05	0.562475	0.431933	0.130407	0.00013473	3.98777e-05	0.000177125	
478	0.0937875	0.0790906	0.0146824	1.45029e-05	0.416577	0.351297	0.065215	6.44177e-05	1.98973e-05	8.83783e-05	
479	0.10488	0.0979326	0.00690124	4.64892e-05	0.465848	0.434988	0.0306533	0.000206491	4.81725e-05	0.000213968	
480	0.13141	0.0978293	0.0334399	0.000141694	0.583688	0.434529	0.14853	0.000629365	0.000238308	0.00105849	
481	0.0819639	0.0760765	0.00588733	0	0.364059	0.337909	0.0261498	0	0	0	
482	0.138338	0.106031	0.0322713	3.57178e-05	0.61446	0.470961	0.143339	0.000158648	4.88902e-05	0.000217156	
483	0.102677	0.0926898	0.00998746	0	0.456062	0.411701	0.0443614	0	0	0	
484	0.1827	0.116931	0.0653809	0.000387913	0.811502	0.519376	0.290402	0.001723	0.000486032	0.00215881	
485	0.110172	0.0950724	0.0150012	9.89616e-05	0.489354	0.422283	0.0666309	0.000439558	0.000115272	0.000512005	
486	0.083073	0.0800941	0.00297829	5.42472e-07	0.368986	0.355754	0.0132287	2.4095e-06	6.50385e-07	2.88882e-06	
487	0.104013	0.0999125	0.0041006	0	0.461996	0.443782	0.0182137	0	0	0	
488	0.134185	0.0956069	0.0382204	0.000358428	0.596014	0.424658	0.169763	0.00159203	0.000559244	0.002484	
489	0.146713	0.0982673	0.0483525	9.34096e-05	0.651657	0.436474	0.214767	0.000414898	9.58303e-05	0.00042565	
490	0.0944234	0.0908518	0.00356796	3.67795e-06	0.419401	0.403537	0.0158478	1.63363e-05	4.56491e-06	2.0276e-05	
491	0.0931157	0.0783492	0.0147503	1.61673e-05	0.413593	0.348004	0.0655169	7.18105e-05	3.75867e-05	0.000166949	
492	0.142082	0.0970998	0.0443592	0.000623336	0.631088	0.431289	0.19703	0.00276868	0.000815704	0.00362312	
493	0.18904	0.111793	0.077212	3.49827e-05	0.839662	0.496553	0.342953	0.000155383	9.03837e-05	0.000401458	
494	0.202563	0.117197	0.0852799	8.65795e-05	0.899729	0.520556	0.378788	0.00038456	0.000112148	0.000498129	
495	0.087692	0.0839854	0.00370661	0	0.389502	0.373038	0.0164637	0	0	0	
496	0.0995483	0.0897851	0.00963984	0.000123343	0.442164	0.398799	0.0428173	0.000547857	0.000123324	0.000547769	
497	0.1204	0.0776194	0.0426833	9.77043e-05	0.534783	0.344762	0.189586	0.000433974	0.000305666	0.00135768	
498	0.166196	0.133617	0.0323925	0.00018631	0.738196	0.59349	0.143878	0.000827535	0.000217303	0.000965199	
499	0.158193	0.158064	0.000129171	2.51088e-08	0.70265	0.702076	0.00057374	1.11526e-07	5.87091e-09	2.60769e-08	
500	0.159708	0.0807925	0.0781773	0.000738204	0.709376	0.358857	0.34724	0.00327888	0.00144999	0.00644044	
501	0.167867	0.108486	0.0593618	1.86084e-05	0.745617	0.481866	0.263667	8.26533e-05	4.11695e-05	0.000182863	
502	0.0929418	0.0909747	0.00196718	0	0.41282	0.404083	0.00873764	0	0	0	
503	0.112171	0.103041	0.00911385	1.66066e-05	0.498233	0.457678	0.040481	7.37619e-05	1.65869e-05	7.36742e-05	
504	0.121295	0.119384	0.00191028	9.13774e-07	0.538759	0.53027	0.00848492	4.05871e-06	8.98273e-07	3.98986e-06	
505	0.0697148	0.0686858	0.00102893	0	0.309652	0.305082	0.00457024	0	0	0	
506	0.15183	0.0978248	0.0522938	0.00171143	0.674385	0.434509	0.232274	0.00760171	0.00194456	0.0086372	
507	0.184121	0.158021	0.0259859	0.000114604	0.817814	0.701883	0.115421	0.000509038	0.000129224	0.000573978	
508	0.0925005	0.0880492	0.00444984	1.49402e-06	0.41086	0.391088	0.0197649	6.63601e-06	1.47481e-06	6.55071e-06	
509	0.0931498	0.0871962	0.00594608	7.51933e-06	0.413744	0.3873	0.0264107	3.33987e-05	8.98397e-06	3.99042e-05	
510	0.136632	0.105317	0.030859	0.000455674	0.60688	0.467789	0.137067	0.00202397	0.000509792	0.00226435	
511	0.0811632	0.0751568	0.00600484	1.52807e-06	0.360503	0.333824	0.0266717	6.78725e-06	1.90364e-06	8.45544e-06	
512	0.180618	0.08834	0.0917836	0.000494813	0.802254	0.39238	0.407676	0.00219781	0.000606464	0.00269373	
513	0.110673	0.0911458	0.0195111	1.63915e-05	0.491578	0.404843	0.0866629	7.28065e-05	1.95167e-05	8.66874e-05	
514	0.231039	0.128459	0.100009	0.00257046	1.02621	0.570579	0.444214	0.0114172	0.00344499	0.0153016	
515	0.0686883	0.0565958	0.0120465	4.59443e-05	0.305093	0.251382	0.0535073	0.000204071	5.69084e-05	0.00025277	
516	0.102613	0.0885005	0.0140533	5.92357e-05	0.455777	0.393093	0.0624209	0.000263107	6.36954e-05	0.000282916	
517	0.0852243	0.0817233	0.00350094	0	0.378541	0.362991	0.0155501	0	0	0	
518	0.176393	0.155825	0.0205671	0	0.783486	0.692133	0.0913532	0	0	0	
519	0.0780682	0.0421037	0.0359645	0	0.346756	0.187012	0.159744	0	0	0	
520	0.151214	0.122351	0.0285075	0.000355698	0.67165	0.543448	0.126622	0.0015799	0.000392857	0.00174495	
521	0.270206	0.109862	0.158832	0.00151117	1.20017	0.487975	0.705489	0.00671218	0.00274525	0.0121936	
522	0.185519	0.0783438	0.106401	0.000773428	0.824021	0.34798	0.472606	0.00343534	0.00101387	0.00450333	
523	0.0896906	0.0762081	0.0134689	1.35756e-05	0.398379	0.338494	0.059825	6.02991e-05	2.40047e-05	0.000106622	
524	0.142133	0.105988	0.035949	0.000195783	0.631313	0.470768	0.159675	0.000869611	0.000254913	0.00113225	
525	0.143004	0.0997843	0.0429515	0.000268385	0.635183	0.443213	0.190778	0.00119209	0.000826113	0.00366935	
526	0.115176	0.101488	0.01368	7.83519e-06	0.511581	0.450783	0.0607629	3.48016e-05	1.06317e-05	4.7223e-05	
527	0.108767	0.0779753	0.0306032	0.000188917	0.483113	0.346343	0.13593	0.000839114	0.000231663	0.00102898	
528	0.091263	0.0804427	0.0108076	1.26291e-05	0.405363	0.357303	0.0480043	5.60949e-05	1.76462e-05	7.83797e-05	
529	0.138943	0.0811094	0.0572609	0.000572738	0.617144	0.360264	0.254336	0.00254393	0.000851879	0.0037838	
530	0.094395	0.0808762	0.0134891	2.97453e-05	0.419275	0.359228	0.0599148	0.00013212	5.19648e-05	0.000230812	
531	0.179016	0.105083	0.0738002	0.000132712	0.795137	0.466748	0.327799	0.000589469	0.000456245	0.0020265	
532	0.109669	0.0838239	0.0254856	0.000359554	0.487118	0.372321	0.113199	0.00159703	0.000545552	0.00242318	
533	0.174417	0.11804	0.0553353	0.00104185	0.774711	0.5243	0.245783	0.00462761	0.00131757	0.00585228	
534	0.120625	0.113533	0.00704469	4.683e-05	0.535782	0.504283	0.0312904	0.000208005	4.68165e-05	0.000207945	
535	0.0852479	0.0777726	0.00741448	6.08316e-05	0.378646	0.345443	0.0329329	0.000270196	6.09485e-05	0.000270715	
536	0.0674984	0.0659663	0.0015321	0	0.299808	0.293003	0.00680517	0	0	0	
537	0.123984	0.0769115	0.0470341	3.87912e-05	0.550702	0.341618	0.208911	0.000172299	0.000125797	0.000558755	
538	0.130833	0.0805714	0.0497355	0.000526172	0.581122	0.357874	0.22091	0.0023371	0.000692127	0.00307422	
539	0.126898	0.0833317	0.0430948	0.000471863	0.563646	0.370135	0.191414	0.00209588	0.000682996	0.00303367	
540	0.0960326	0.080101	0.015613	0.000318593	0.426549	0.355785	0.0693487	0.00141509	0.000352935	0.00156763	
541	0.0912621	0.0823674	0.00888412	1.06688e-05	0.40536	0.365852	0.0394607	4.73878e-05	1.63605e-05	7.26688e-05	
542	0.205623	0.150302	0.0549852	0.000336137	0.913319	0.667597	0.244228	0.00149302	0.000462282	0.00205332	
543	0.130466	0.0895972	0.0407688	0.000100786	0.579496	0.397965	0.181083	0.000447662	0.000257035	0.00114167	
544	0.159701	0.126981	0.0325413	0.000178792	0.709346	0.564013	0.144539	0.000794144	0.000187764	0.000833993	
545	0.148165	0.075359	0.0726001	0.000206862	0.65811	0.334722	0.322468	0.000918824	0.000388178	0.00172417	
546	0.134609	0.116832	0.0177501	2.70932e-05	0.597895	0.518933	0.0788409	0.00012034	3.23387e-05	0.000143639	
547	0.0865293	0.0756612	0.0108539	1.41154e-05	0.384338	0.336065	0.0482101	6.26966e-05	1.53587e-05	6.8219e-05	
548	0.11899	0.111044	0.00794546	0	0.528519	0.493227	0.0352914	0	0	0	
549	0.139005	0.0851984	0.0529635	0.000843786	0.617423	0.378426	0.235248	0.00374785	0.00147653	0.00655835	
550	0.176729	0.120013	0.0562092	0.000506805	0.784979	0.533063	0.249664	0.00225108	0.000845624	0.00375601	
551	0.0972974	0.096784	0.000513359	0	0.432166	0.429886	0.00228019	0	0	0	
552	0.0857675	0.0727659	0.012898	0.000103614	0.380954	0.323204	0.0572894	0.000460225	0.000121622	0.000540213	
553	0.188607	0.183414	0.0051845	8.28498e-06	0.837739	0.814674	0.023028	3.67994e-05	1.00144e-05	4.44814e-05	
554	0.136759	0.102669	0.0331616	0.000928347	0.607447	0.456029	0.147294	0.00412345	0.00103432	0.00459417	
555	0.0987746	0.0753156	0.0234334	2.55765e-05	0.438728	0.33453	0.104084	0.000113603	6.01944e-05	0.000267366	
556	0.168282	0.149923	0.0183553	4.08643e-06	0.747462	0.665915	0.0815292	1.81507e-05	4.06571e-06	1.80587e-05	
557	0.091675	0.0791338	0.0124734	6.78043e-05	0.407193	0.351489	0.0554033	0.000301167	0.000101221	0.000449597	
558	0.102563	0.0976509	0.00490488	7.69398e-06	0.455557	0.433737	0.021786	3.41744e-05	7.67454e-06	3.4088e-05	
559	0.101553	0.0792382	0.022031	0.000284008	0.45107	0.351953	0.0978554	0.00126148	0.00042259	0.00187702	
560	0.0954968	0.0850103	0.0104865	0	0.424169	0.37759	0.046578	0	0	0	
561	0.114663	0.0932968	0.0212489	0.000117856	0.509302	0.414397	0.0943816	0.000523483	0.000230535	0.00102397	
562	0.0683676	0.0499538	0.0184138	0	0.303669	0.22188	0.0817887	0	0	0	
563	0.0876132	0.0789969	0.00858111	3.5268e-05	0.389152	0.350881	0.0381148	0.00015665	4.43635e-05	0.000197049	
564	0.107694	0.0816499	0.0258292	0.000215681	0.478349	0.362665	0.114726	0.000957994	0.000289192	0.0012845	
565	0.0975036	0.0851685	0.0122316	0.000103535	0.433082	0.378293	0.0543294	0.000459876	0.000154486	0.000686185	
566	0.119052	0.10399	0.015011	5.06986e-05	0.528796	0.461896	0.0666747	0.000225188	5.55767e-05	0.000246855	
567	0.202289	0.161218	0.0405175	0.000553185	0.89851	0.716085	0.179967	0.00245709	0.000567398	0.00252021	
568	0.178766	0.115527	0.0632357	3.16469e-06	0.794027	0.513138	0.280874	1.40566e-05	4.23981e-06	1.8832e-05	
569	0.0760454	0.0760454	0	0	0.337771	0.337771	0	0	0	0	
570	0.129055	0.12004	0.00898719	2.74275e-05	0.573226	0.533186	0.0399184	0.000121825	4.25934e-05	0.000189187	
571	0.105269	0.0917287	0.0135343	5.9947e-06	0.467574	0.407432	0.0601158	2.66267e-05	1.11047e-05	4.93239e-05	
572	0.118874	0.0978318	0.0210002	4.2213e-05	0.528004	0.43454	0.0932767	0.000187497	6.18416e-05	0.000274682	
573	0.0993019	0.0845688	0.0146794	5.36304e-05	0.44107	0.37563	0.0652019	0.00023821	6.44662e-05	0.00028634	
574	0.132729	0.0800493	0.0520232	0.000656742	0.589545	0.355555	0.231072	0.00291705	0.000957952	0.00425494	
575	0.133496	0.0845088	0.0483201	0.000667179	0.59295	0.375363	0.214623	0.00296341	0.00123603	0.00549011	
576	0.0616748	0.054618	0.00705677	0	0.273941	0.242597	0.0313441	0	0	0	
577	0.127182	0.113431	0.0137512	0	0.564907	0.503827	0.0610791	0	0	0	
578	0.096612	0.0892395	0.0073725	0	0.429122	0.396375	0.0327465	0	0	0	
579	0.0921574	0.0875141	0.00462997	1.33718e-05	0.409336	0.388712	0.0205649	5.93936e-05	1.4957e-05	6.64348e-05	
580	0.0813056	0.0669382	0.0143243	4.31142e-05	0.361136	0.29732	0.0636246	0.000191501	6.92147e-05	0.000307431	
581	0.0860631	0.0754165	0.0106465	5.3439e-08	0.382267	0.334978	0.0472889	2.3736e-07	6.81434e-08	3.02673e-07	
582	0.0904371	0.0847014	0.00570526	3.04252e-05	0.401695	0.376219	0.0253411	0.00013514	3.67612e-05	0.000163282	
583	0.116618	0.0931542	0.0233333	0.00013132	0.517987	0.413763	0.10364	0.000583285	0.000164312	0.000729826	
584	0.206197	0.128493	0.0774911	0.000212632	0.915869	0.570732	0.344193	0.000944453	0.000267411	0.00118776	
585	0.124214	0.0752147	0.0489763	2.3033e-05	0.551722	0.334082	0.217538	0.000102306	2.31391e-05	0.000102777	
586	0.138177	0.0846994	0.0533175	0.000160971	0.613746	0.37621	0.236821	0.000714987	0.000221735	0.000984885	
587	0.104944	0.0893385	0.0155312	7.47894e-05	0.466132	0.396815	0.0689852	0.000332192	9.97806e-05	0.000443196	
588	0.0682859	0.0679163	0.000369682	0	0.303306	0.301664	0.00164202	0	0	0	
589	0.15606	0.109728	0.0456845	0.000647452	0.693177	0.487383	0.202917	0.00287579	0.000864272	0.00383884	
590	0.133165	0.107868	0.0252827	1.4545e-05	0.591481	0.479118	0.112298	6.46047e-05	3.77466e-05	0.000167659	
591	0.125689	0.096379	0.0293043	6.56675e-06	0.558278	0.428087	0.130161	2.91676e-05	1.24244e-05	5.51859e-05	
592	0.114016	0.0861923	0.0277537	7.05331e-05	0.506428	0.382841	0.123273	0.000313287	0.000116684	0.000518279	
593	0.103341	0.0944354	0.00886906	3.66787e-05	0.459011	0.419454	0.0393938	0.000162916	4.43267e-05	0.000196886	
594	0.0893271	0.0808924	0.00842705	7.64051e-06	0.396765	0.3593	0.0374305	3.39369e-05	1.25843e-05	5.5896e-05	
595	0.10944	0.0942806	0.0150864	7.37833e-05	0.486104	0.418767	0.0670097	0.000327724	8.29334e-05	0.000368366	
596	0.10854	0.0906805	0.0176689	0.000190621	0.482103	0.402776	0.0784805	0.000846687	0.000229921	0.00102124	
597	0.147282	0.141619	0.00565329	1.00189e-05	0.654185	0.629031	0.0251102	4.45012e-05	1.11973e-05	4.97354e-05	
598	0.11283	0.108722	0.004092	1.59016e-05	0.501159	0.482912	0.0181754	7.06304e-05	1.58823e-05	7.05449e-05	
599	0.104494	0.0938351	0.0106592	0	0.464133	0.416788	0.0473451	0	0	0	
600	0.109415	0.108451	0.000963399	0	0.485989	0.48171	0.00427913	0	0	0	
601	0.376704	0.148738	0.220829	0.00713683	1.67321	0.660653	0.980859	0.0316997	0.00715293	0.0317712	
602	0.104565	0.103046	0.00151857	2.14307e-07	0.464449	0.457703	0.00674507	9.51889e-07	2.25983e-07	1.00375e-06	
603	0.142286	0.052198	0.090088	0	0.631993	0.231848	0.400144	0	0	0	
604	0.0887382	0.0813187	0.00741856	9.54473e-07	0.394149	0.361194	0.032951	4.23949e-06	9.34675e-07	4.15155e-06	
605	0.141019	0.0497741	0.091245	0	0.626366	0.221082	0.405283	0	0	0	
606	0.145784	0.0942112	0.0506123	0.000961168	0.647533	0.418458	0.224805	0.00426923	0.00153348	0.00681128	
607	0.0877302	0.0785299	0.00919712	3.19773e-06	0.389672	0.348807	0.0408509	1.42033e-05	5.03941e-06	2.23836e-05	
608	0.0862211	0.0791491	0.00707197	0	0.382969	0.351557	0.0314116	0	0	0	
609	0.0892723	0.0874911	0.00178116	0	0.396521	0.38861	0.00791141	0	0	0	
610	0.0965911	0.0803715	0.0161286	9.0961e-05	0.429029	0.356987	0.0716385	0.000404022	0.000123144	0.000546973	
611	0.0630648	0.0579656	0.00509913	0	0.280115	0.257466	0.0226488	0	0	0	
612	0.0958831	0.0910004	0.00487068	1.20301e-05	0.425884	0.404197	0.0216341	5.34344e-05	1.32075e-05	5.86642e-05	
613	0.08798	0.076956	0.0109599	6.40799e-05	0.390781	0.341816	0.0486809	0.000284624	7.80831e-05	0.000346822	
614	0.0922167	0.0839657	0.00821367	3.73047e-05	0.409599	0.372951	0.0364827	0.000165696	4.11756e-05	0.000182889	
615	0.0921156	0.0870978	0.00499542	2.24864e-05	0.409151	0.386862	0.0221882	9.9878e-05	2.87224e-05	0.000127576	
616	0.1002	0.0893032	0.0107186	0.000178799	0.445062	0.396659	0.0476092	0.000794173	0.000188863	0.000838875	
617	0.122875	0.0920088	0.0307738	9.27514e-05	0.545776	0.408676	0.136688	0.000411974	0.000104831	0.000465633	
618	0.0611332	0.056119	0.00501414	0	0.271536	0.249264	0.0222713	0	0	0	
619	0.13517	0.0992061	0.0358462	0.000117793	0.600386	0.440644	0.159218	0.000523205	0.000142485	0.000632879	
620	0.110458	0.0880088	0.0224466	2.88112e-06	0.490623	0.390909	0.0997016	1.27971e-05	4.68214e-06	2.07967e-05	
621	0.315102	0.186745	0.123699	0.00465771	1.39959	0.829469	0.549436	0.0206882	0.00479348	0.0212912	
622	0.0423884	0.0305815	0.0117591	4.77578e-05	0.188277	0.135834	0.0522308	0.000212126	5.52147e-05	0.000245247	
623	0.0823748	0.0720705	0.0102813	2.30173e-05	0.365885	0.320116	0.0456667	0.000102236	2.76072e-05	0.000122623	
624	0.105487	0.0829514	0.0224412	9.50736e-05	0.468545	0.368446	0.0996773	0.000422289	0.000111827	0.000496706	
625	0.0666638	0.055146	0.0115178	0	0.296101	0.244942	0.0511588	0	0	0	
626	0.067899	0.0640184	0.00388059	0	0.301587	0.284351	0.0172364	0	0	0	
627	0.0874877	0.079346	0.00813692	4.86521e-06	0.388595	0.352431	0.0361418	2.16098e-05	1.64691e-05	7.31511e-05	
628	0.0606089	0.0602888	0.000320095	0	0.269207	0.267785	0.00142177	0	0	0	
629	0.221501	0.138025	0.0826812	0.000795092	0.983846	0.613069	0.367246	0.00353156	0.000960731	0.00426728	
630	0.188012	0.146012	0.0419685	3.08431e-05	0.835094	0.648545	0.186411	0.000136996	6.30852e-05	0.000280206	
631	0.114116	0.0961267	0.0179899	2.23648e-07	0.506873	0.426966	0.0799059	9.93382e-07	2.1903e-07	9.72868e-07	
632	0.0433852	0.0433852	0	0	0.192704	0.192704	0	0	0	0	
633	0.0576899	0.0452941	0.0123568	3.90655e-05	0.256242	0.201183	0.0548853	0.000173517	3.90461e-05	0.000173431	
634	0.0422891	0.0420969	0.000192265	0	0.187836	0.186982	0.000853985	0	0	0	
635	0.0697583	0.0657546	0.00399276	1.09313e-05	0.309846	0.292062	0.0177346	4.85536e-05	1.28704e-05	5.71669e-05	
636	0.083918	0.0652015	0.0187085	7.96642e-06	0.372739	0.289606	0.0830977	3.53845e-05	9.78111e-05	0.000434448	
637	0.0842998	0.0738638	0.0104017	3.43258e-05	0.374435	0.328081	0.0462013	0.000152465	5.06627e-05	0.000225028	
638	0.14036	0.0817973	0.0585616	1.41489e-06	0.623439	0.363319	0.260113	6.28457e-06	3.86456e-06	1.71652e-05	
639	0.142418	0.0763717	0.0659993	4.7156e-05	0.63258	0.339221	0.293149	0.000209453	5.24707e-05	0.000233059	
640	0.087013	0.0807462	0.00623636	3.04306e-05	0.386486	0.358651	0.0277001	0.000135164	3.79736e-05	0.000168667	
641	0.0752896	0.075272	1.75333e-05	0	0.334414	0.334336	7.78778e-05	0	0	0	
642	0.063645	0.0632745	0.000370517	0	0.282692	0.281047	0.00164573	0	0	0	
643	0.186217	0.142383	0.0433745	0.000458793	0.827122	0.632427	0.192656	0.00203782	0.000586513	0.00260512	
644	0.0983998	0.0826649	0.0157349	0	0.437063	0.367173	0.0698898	0	0	0	
645	0.0833032	0.0806533	0.00264186	8.0827e-06	0.370008	0.358238	0.0117343	3.5901e-05	1.24372e-05	5.52424e-05	
646	0.119458	0.0752332	0.0440415	0.00018371	0.530599	0.334163	0.195619	0.000815986	0.000187629	0.000833395	
647	0.181148	0.124236	0.0548831	0.00202891	0.804607	0.55182	0.243775	0.00901184	0.00461596	0.0205027	
648	0.143981	0.117665	0.0261126	0.000202915	0.639523	0.522637	0.115984	0.000901289	0.000249015	0.00110605	
649	0.0645455	0.0645455	0	0	0.286692	0.286692	0	0	0	0	
650	0.073242	0.0732177	2.43082e-05	0	0.325319	0.325211	0.00010797	0	0	0	
651	0.103756	0.101827	0.00192855	0	0.460854	0.452288	0.00856608	0	0	0	
652	0.111264	0.082734	0.0281438	0.000386606	0.494204	0.36748	0.125006	0.00171719	0.000551934	0.00245153	
653	0.104649	0.0879443	0.0167054	0	0.464823	0.390623	0.0742006	0	0	0	
654	0.114559	0.0885438	0.0258821	0.000133561	0.50884	0.393285	0.114961	0.000593242	0.000230412	0.00102342	
655	0.131332	0.0813298	0.0477147	0.00228762	0.583339	0.361243	0.211934	0.0101609	0.0026167	0.0116226	
656	0.219051	0.118823	0.0978172	0.00241124	0.972963	0.527778	0.434475	0.01071	0.00392328	0.017426	
657	0.13014	0.0803829	0.0497573	0	0.578045	0.357037	0.221007	0	0	0	
658	0.106817	0.0756167	0.0311885	1.20735e-05	0.474451	0.335867	0.13853	5.36273e-05	2.52779e-05	0.000112277	
659	0.130902	0.0961214	0.0340862	0.000694751	0.58143	0.426943	0.1514	0.00308588	0.000852856	0.00378813	
660	0.161965	0.100833	0.0608143	0.000317446	0.719403	0.447873	0.270119	0.00141	0.000468695	0.0020818	
661	0.177545	0.0987488	0.0776393	0.00115771	0.788607	0.438613	0.344851	0.00514224	0.00218376	0.00969963	
662	0.116958	0.0807892	0.035838	0.00033125	0.519495	0.358842	0.159182	0.00147131	0.00043917	0.00195066	
663	0.112967	0.0807074	0.0319506	0.000309413	0.501768	0.358478	0.141915	0.00137432	0.000467508	0.00207653	
664	0.098192	0.0877095	0.0104814	1.0488e-06	0.43614	0.38958	0.0465555	4.65847e-06	2.46434e-06	1.09459e-05	
665	0.107498	0.0876037	0.0198473	4.78372e-05	0.477478	0.38911	0.0881559	0.000212479	6.63873e-05	0.000294873	
666	0.111645	0.0793041	0.0320945	0.000247217	0.495898	0.352245	0.142554	0.00109806	0.000322106	0.0014307	
667	0.168164	0.105298	0.0603146	0.00255127	0.746936	0.467704	0.2679	0.011332	0.00536141	0.0238138	
668	0.104166	0.0834304	0.0207194	1.65921e-05	0.462676	0.370573	0.0920297	7.36973e-05	5.62943e-05	0.000250043	
669	0.0463381	0.0437069	0.0026298	1.41962e-06	0.20582	0.194133	0.0116808	6.30556e-06	1.51042e-06	6.70887e-06	
670	0.0892609	0.0830049	0.00622895	2.70595e-05	0.39647	0.368683	0.0276671	0.00012019	3.57272e-05	0.000158689	
671	0.0563831	0.0508748	0.00550815	1.73315e-07	0.250437	0.225971	0.0244655	7.69815e-07	2.3096e-06	1.02586e-05	
672	0.150734	0.112481	0.038208	4.52632e-05	0.66952	0.49961	0.169709	0.000201046	5.89046e-05	0.000261637	
673	0.148593	0.101929	0.046085	0.000579114	0.660008	0.452739	0.204696	0.00257225	0.00109083	0.00484515	
674	0.130189	0.0957886	0.0342196	0.000180915	0.578262	0.425465	0.151993	0.000803575	0.00026219	0.00116457	
675	0.113583	0.0815648	0.0318984	0.000120339	0.504505	0.362287	0.141683	0.000534514	0.00013256	0.000588794	
676	0.144013	0.110291	0.033327	0.00039502	0.639666	0.489883	0.148028	0.00175456	0.000496607	0.00220578	
677	0.102342	0.0938651	0.00841607	6.12714e-05	0.454575	0.416921	0.0373817	0.000272149	7.17306e-05	0.000318606	
678	0.101534	0.0806842	0.0207228	0.000127175	0.450985	0.358376	0.0920447	0.000564877	0.000199568	0.000886423	
679	0.132243	0.0914157	0.0408278	0	0.587387	0.406041	0.181345	0	0	0	
680	0.126241	0.110912	0.0153291	0	0.560729	0.492641	0.0680875	0	0	0	
681	0.108461	0.0982079	0.0102427	1.11574e-05	0.481755	0.436211	0.0454952	4.95581e-05	2.22093e-05	9.86472e-05	
682	0.100136	0.0981075	0.00202854	0	0.444775	0.435765	0.00901022	0	0	0	
683	0.098522	0.0916174	0.00690456	0	0.437606	0.406937	0.030668	0	0	0	
684	0.122466	0.0947209	0.0276895	5.62968e-05	0.543961	0.420722	0.122988	0.000250054	5.72916e-05	0.000254472	
685	0.185557	0.141419	0.043622	0.000516485	0.824193	0.628142	0.193756	0.00229407	0.00052296	0.00232283	
686	0.107942	0.0909544	0.0164206	0.000567919	0.479451	0.403992	0.0729357	0.00252253	0.000580951	0.00258041	
687	0.0835805	0.0782041	0.00536116	1.52922e-05	0.37124	0.347359	0.0238127	6.79238e-05	1.90997e-05	8.48353e-05	
688	0.0650862	0.0645527	0.000533444	0	0.289094	0.286724	0.0023694	0	0	0	
689	0.00738864	0.00718637	0.000202274	0	0.0328182	0.0319197	0.000898442	0	0	0	
690	0.0607532	0.0601244	0.000628769	0	0.269848	0.267055	0.00279281	0	0	0	
691	0.118367	0.0985962	0.0193096	0.000461451	0.525753	0.437935	0.0857678	0.00204963	0.000496859	0.0022069	
692	0.0732704	0.0732704	0	0	0.325446	0.325446	0	0	0	0	
693	0.0916546	0.0797158	0.0119105	2.83068e-05	0.407103	0.354074	0.052903	0.00012573	4.01788e-05	0.000178462	
694	0.212081	0.155148	0.0558254	0.00110765	0.942002	0.689122	0.24796	0.00491986	0.00139711	0.00620559	
695	0.0914164	0.0796988	0.0117088	8.68253e-06	0.406045	0.353999	0.0520074	3.85652e-05	1.30812e-05	5.81032e-05	
696	0.213562	0.160513	0.0522127	0.000836393	0.948584	0.712955	0.231913	0.00371501	0.000958735	0.00425842	
697	0.147575	0.0831798	0.0632961	0.00109995	0.655489	0.36946	0.281142	0.00488569	0.00211174	0.00937976	
698	0.256527	0.19673	0.0591343	0.00066267	1.13942	0.873819	0.262657	0.00294338	0.00135129	0.00600206	
699	0.294909	0.186226	0.106421	0.00226191	1.3099	0.827164	0.472691	0.0100467	0.00287555	0.0127723	
700	0.0829121	0.0829121	0	0	0.368271	0.368271	0	0	0	0	
701	0.0828098	0.0827679	4.19846e-05	0	0.367817	0.36763	0.000186483	0	0	0	
702	0.113209	0.106745	0.00646377	0	0.502843	0.474133	0.0287102	0	0	0	
703	0.0926231	0.0880392	0.004574	9.87847e-06	0.411404	0.391044	0.0203164	4.38772e-05	9.85928e-06	4.3792e-05	
704	0.0948133	0.0798012	0.0149917	2.04273e-05	0.421133	0.354453	0.0665889	9.07323e-05	2.5355e-05	0.000112619	
705	0.0971604	0.0884667	0.00869372	0	0.431558	0.392943	0.0386149	0	0	0	
706	0.242358	0.158883	0.0833733	0.000101108	1.07648	0.705716	0.37032	0.000449094	0.000165053	0.000733121	
707	0.0878188	0.0806105	0.0072083	0	0.390065	0.358048	0.0320171	0	0	0	
708	0.0802778	0.0802778	0	0	0.35657	0.35657	0	0	0	0	
709	0.129051	0.103808	0.0248956	0.000346672	0.573207	0.461088	0.110579	0.00153981	0.000355128	0.00157737	
710	0.149755	0.0963939	0.0533146	4.68502e-05	0.66517	0.428153	0.236808	0.000208095	6.97499e-05	0.000309809	
711	0.0994941	0.0810062	0.0184878	0	0.441923	0.359806	0.0821178	0	0	0	
712	0.0769311	0.076878	5.31054e-05	0	0.341705	0.341469	0.000235878	0	0	0	
713	0.0912508	0.0787294	0.0125213	0	0.405309	0.349693	0.0556161	0	0	0	
714	0.0937281	0.0820034	0.0117247	0	0.416313	0.364235	0.0520777	0	0	0	
715	0.0750233	0.0703344	0.00468894	0	0.333232	0.312405	0.0208269	0	0	0	
716	0.0838088	0.0752855	0.0084924	3.09602e-05	0.372254	0.334396	0.0377207	0.000137516	3.12014e-05	0.000138587	
717	0.09742	0.0886405	0.00877424	5.28541e-06	0.432711	0.393715	0.0389726	2.34762e-05	5.26607e-06	2.33903e-05	
718	0.116429	0.108585	0.00779306	5.06815e-05	0.517143	0.482304	0.0346145	0.000225112	5.22476e-05	0.000232069	
719	0.0704386	0.0631802	0.00718006	7.83652e-05	0.312867	0.280628	0.0318917	0.000348075	7.90726e-05	0.000351217	
720	0.0626558	0.0623374	0.000318424	0	0.278298	0.276884	0.00141434	0	0	0	
721	0.125787	0.106755	0.0189153	0.000116113	0.55871	0.474178	0.0840163	0.000515743	0.000126618	0.000562403	
722	0.0814216	0.0811805	0.000241062	0	0.361651	0.36058	0.00107072	0	0	0	
723	0.111318	0.102457	0.00885661	4.33529e-06	0.494445	0.455088	0.0393384	1.92561e-05	4.31587e-06	1.91698e-05	
724	0.0810546	0.0808135	0.000241062	0	0.36002	0.35895	0.00107072	0	0	0	
725	0.0850001	0.062639	0.022361	0	0.377545	0.278224	0.0993214	0	0	0	
726	0.0438187	0.0427052	0.0011135	0	0.194629	0.189684	0.00494585	0	0	0	
727	0.0896739	0.0890986	0.00057525	0	0.398305	0.39575	0.00255509	0	0	0	
728	0.0988685	0.08555	0.0131547	0.000163873	0.439145	0.379988	0.0584294	0.000727879	0.000169014	0.000750711	
729	0.10597	0.0777126	0.0274658	0.000792322	0.470691	0.345176	0.121995	0.00351926	0.00134651	0.00598082	
730	0.112844	0.105038	0.0077714	3.44177e-05	0.501221	0.46655	0.0345183	0.000152873	3.73547e-05	0.000165918	
731	0.117127	0.094576	0.0220627	0.000488597	0.520245	0.420079	0.0979961	0.0021702	0.000510796	0.0022688	
732	0.0826112	0.0774841	0.00512691	1.40006e-07	0.366934	0.344162	0.0227722	6.21866e-07	3.22341e-07	1.43174e-06	
733	0.105182	0.0921048	0.0129194	0.000157682	0.467187	0.409103	0.0573845	0.000700379	0.000183872	0.000816709	
734	0.113817	0.106996	0.00681761	3.22248e-06	0.505542	0.475246	0.0302818	1.43133e-05	3.84215e-06	1.70657e-05	
735	0.0675279	0.0658219	0.00170602	0	0.299939	0.292361	0.00757764	0	0	0	
736	0.0558197	0.0555732	0.000246508	0	0.247934	0.246839	0.00109492	0	0	0	
737	0.0921869	0.0797598	0.0124257	1.3748e-06	0.409467	0.35427	0.0551915	6.10646e-06	1.47594e-06	6.55571e-06	
738	0.119886	0.113335	0.0065008	5.0875e-05	0.532502	0.503402	0.0288746	0.000225971	5.56826e-05	0.000247326	
739	0.0662935	0.0649214	0.00136878	3.35273e-06	0.294456	0.288362	0.00607972	1.48918e-05	4.33292e-06	1.92455e-05	
740	0.0368038	0.0367478	5.59506e-05	0	0.163471	0.163223	0.000248516	0	0	0	
741	0.0907139	0.0865152	0.0041978	9.23194e-07	0.402925	0.384275	0.0186454	4.10056e-06	1.20127e-06	5.33573e-06	
742	0.146632	0.123128	0.0234802	2.42822e-05	0.651299	0.546899	0.104292	0.000107854	2.42627e-05	0.000107768	
743	0.0880466	0.0842984	0.00371593	3.23166e-05	0.391077	0.374429	0.0165051	0.000143541	3.22973e-05	0.000143455	
744	0.0576938	0.05543	0.00226148	2.36585e-06	0.256259	0.246204	0.0100448	1.05084e-05	2.74418e-06	1.21888e-05	
745	0.122508	0.101874	0.0206209	1.23649e-05	0.544145	0.452498	0.091592	5.49215e-05	3.35388e-05	0.000148969	
746	0.0816304	0.0752443	0.00635028	3.5772e-05	0.362578	0.334213	0.0282061	0.000158888	4.0181e-05	0.000178472	
747	0.0853932	0.084357	0.00103619	0	0.379291	0.374689	0.00460249	0	0	0	
748	0.10046	0.0823347	0.0181257	0	0.446216	0.365707	0.0805093	0	0	0	
749	0.120619	0.112513	0.00808746	1.91401e-05	0.535757	0.49975	0.0359221	8.50149e-05	1.91207e-05	8.49287e-05	
750	0.0918451	0.0822346	0.00961042	0	0.407949	0.365262	0.0426866	0	0	0	
751	0.301892	0.152123	0.129765	0.020003	1.34091	0.675689	0.576382	0.0888476	0.0219425	0.0974623	
752	0.0884137	0.0764669	0.0118933	5.34185e-05	0.392708	0.339644	0.0528268	0.000237269	6.3901e-05	0.000283829	
753	0.10223	0.09262	0.00961042	0	0.454078	0.411391	0.0426866	0	0	0	
754	0.23285	0.176682	0.0561516	1.59536e-05	1.03425	0.784772	0.249409	7.08613e-05	1.62373e-05	7.21213e-05	
755	0.112414	0.0921462	0.0202518	1.64035e-05	0.499312	0.409286	0.0899526	7.28595e-05	1.64663e-05	7.31388e-05	
756	0.217182	0.114165	0.103016	0	0.964661	0.50709	0.457571	0	0	0	
757	0.123292	0.0776193	0.0424756	0.00319718	0.547627	0.344762	0.188664	0.0142009	0.00326024	0.014481	
758	0.20355	0.127949	0.0755146	8.59947e-05	0.90411	0.568314	0.335413	0.000381963	0.000109647	0.000487024	
759	0.111325	0.0713958	0.0396725	0.000257308	0.494476	0.317119	0.176213	0.00114288	0.000271647	0.00120657	
760	0.113254	0.0867896	0.0264299	3.46671e-05	0.503042	0.385494	0.117393	0.000153981	0.000158495	0.000703988	
761	0.121164	0.109972	0.0110799	0.000111285	0.538175	0.488467	0.0492139	0.000494299	0.00011295	0.000501695	
762	0.0506986	0.0506986	0	0	0.225188	0.225188	0	0	0	0	
763	0.0554392	0.0539854	0.00145376	0	0.246244	0.239787	0.00645718	0	0	0	
764	0.0797861	0.0767408	0.0030453	0	0.354386	0.34086	0.0135263	0	0	0	
765	0.0852204	0.0838431	0.00137728	0	0.378524	0.372406	0.00611748	0	0	0	
766	0.0515416	0.0445161	0.00692285	0.000102694	0.228933	0.197727	0.0307492	0.000456137	0.000102674	0.000456051	
767	0.0484512	0.0431611	0.00529004	0	0.215206	0.191709	0.0234968	0	0	0	
768	0.0453307	0.0453208	9.91754e-06	0	0.201346	0.201302	4.40508e-05	0	0	0	
769	0.073459	0.0524834	0.020829	0.000146474	0.326283	0.233116	0.0925166	0.000650598	0.000213273	0.000947297	
770	0.0769006	0.0565772	0.0203233	0	0.34157	0.251299	0.0902705	0	0	0	
771	0.0986586	0.0782653	0.0203727	2.05204e-05	0.438213	0.347632	0.0904899	9.1146e-05	2.40703e-05	0.000106913	
772	0.103356	0.10328	7.62862e-05	0	0.45908	0.458741	0.000338841	0	0	0	
773	0.102991	0.0905425	0.0124423	6.8457e-06	0.457459	0.402163	0.0552652	3.04066e-05	1.31134e-05	5.82461e-05	
774	0.0778424	0.0776429	0.000199479	0	0.345753	0.344867	0.000886029	0	0	0	
775	0.0756625	0.0756625	0	0	0.33607	0.33607	0	0	0	0	
776	0.064909	0.064909	0	0	0.288306	0.288306	0	0	0	0	
777	0.0743352	0.0743352	0	0	0.330175	0.330175	0	0	0	0	
778	0.0922934	0.0922934	0	0	0.40994	0.40994	0	0	0	0	
779	0.153763	0.110764	0.0429987	0	0.682972	0.491984	0.190987	0	0	0	
780	0.0488638	0.0434921	0.0053717	0	0.217038	0.193179	0.0238595	0	0	0	
781	0.0615502	0.0424926	0.0190571	4.21699e-07	0.273388	0.18874	0.0846462	1.87306e-06	4.02356e-07	1.78715e-06	
782	0.10409	0.0951868	0.00890198	1.54631e-06	0.462339	0.422792	0.03954	6.86827e-06	1.52701e-06	6.78255e-06	
783	0.260439	0.134932	0.112371	0.0131364	1.15679	0.599329	0.49912	0.0583484	0.0155641	0.0691315	
784	0.071777	0.071777	0	0	0.318812	0.318812	0	0	0	0	
785	0.13414	0.0753813	0.0587274	3.16473e-05	0.595812	0.334821	0.26085	0.000140568	4.09679e-05	0.000181967	
786	0.135717	0.0949605	0.0407453	1.17277e-05	0.602818	0.421787	0.180979	5.20911e-05	1.17069e-05	5.19988e-05	
787	0.179866	0.0841055	0.0955278	0.000232844	0.798913	0.373572	0.424306	0.00103422	0.000245158	0.00108892	
788	0.143709	0.0916963	0.0519954	1.76257e-05	0.638315	0.407288	0.230948	7.82883e-05	4.00275e-05	0.00017779	
789	0.10306	0.10286	0.000199479	0	0.457764	0.456878	0.000886029	0	0	0	
790	0.120983	0.0846183	0.0363653	0	0.537374	0.37585	0.161524	0	0	0	
791	0.129797	0.0873951	0.0424021	0	0.576521	0.388183	0.188337	0	0	0	
792	0.0915404	0.0826682	0.00887222	0	0.406596	0.367188	0.0394078	0	0	0	
793	0.270521	0.14777	0.114059	0.00869132	1.20157	0.656354	0.506621	0.0386043	0.0128421	0.0570412	
794	0.100979	0.089874	0.0110797	2.60074e-05	0.448522	0.399194	0.0492128	0.000115517	2.95948e-05	0.000131451	
795	0.124186	0.105927	0.0182588	0	0.5516	0.4705	0.0811005	0	0	0	
796	0.0941184	0.0941184	0	0	0.418046	0.418046	0	0	0	0	
797	0.0534468	0.0534468	0	0	0.237395	0.237395	0	0	0	0	
798	0.197279	0.104168	0.0913775	0.00173363	0.876259	0.462686	0.405872	0.00770031	0.0028029	0.0124496	
799	0.172526	0.129769	0.0427024	5.4591e-05	0.766311	0.576397	0.189671	0.000242477	5.58996e-05	0.00024829	
800	0.210414	0.159329	0.0510848	2.52257e-08	0.934599	0.707695	0.226903	1.12045e-07	1.00496e-07	4.46373e-07	
801	0.159831	0.0855808	0.0742185	3.16991e-05	0.709922	0.380124	0.329656	0.000140798	0.000207865	0.000923279	
802	0.110902	0.08666	0.0242006	4.23309e-05	0.492598	0.384918	0.107492	0.000188021	5.94957e-05	0.000264262	
803	0.0836008	0.0836008	0	0	0.37133	0.37133	0	0	0	0	
804	0.189192	0.151574	0.036831	0.000787183	0.840339	0.67325	0.163592	0.00349643	0.000806119	0.00358054	
805	0.206789	0.144426	0.0621558	0.000206835	0.918497	0.6415	0.276078	0.0009187	0.000816765	0.00362783	
806	0.14106	0.107324	0.033326	0.000410179	0.626551	0.476705	0.148024	0.00182189	0.000460166	0.00204392	
807	0.160805	0.119774	0.0409277	0.00010346	0.71425	0.532001	0.181789	0.000459542	0.000131854	0.000585658	
808	0.170249	0.153172	0.0170667	1.00829e-05	0.756198	0.680348	0.0758056	4.47854e-05	1.36001e-05	6.04077e-05	
809	0.184595	0.112611	0.0717178	0.000265375	0.819917	0.500189	0.318549	0.00117872	0.000357403	0.00158747	
810	0.0783225	0.0782283	9.41944e-05	0	0.347885	0.347467	0.000418384	0	0	0	
811	0.12266	0.0974655	0.0250832	0.000111191	0.54482	0.432913	0.111412	0.00049388	0.000123888	0.000550276	
812	0.182868	0.112561	0.068547	0.00176036	0.81225	0.499965	0.304466	0.00781902	0.00291348	0.0129408	
813	0.0649166	0.0641839	0.000732748	0	0.28834	0.285086	0.00325465	0	0	0	
814	0.0988657	0.0817656	0.0170983	1.78617e-06	0.439132	0.363179	0.0759457	7.93367e-06	2.50292e-06	1.11172e-05	
815	0.144974	0.13308	0.0118305	6.29318e-05	0.643933	0.591106	0.0525477	0.000279524	6.32447e-05	0.000280914	
816	0.236403	0.156325	0.0797399	0.000338771	1.05003	0.69435	0.354181	0.00150472	0.00060451	0.00268506	
817	0.14901	0.0975017	0.0512936	0.000214884	0.661859	0.433074	0.227831	0.000954455	0.000515421	0.00228935	
818	0.184886	0.124662	0.059986	0.000237687	0.821211	0.553714	0.26644	0.00105574	0.000346167	0.00153757	
819	0.0671731	0.0671731	0	0	0.298363	0.298363	0	0	0	0	
820	0.0951057	0.0910446	0.00405765	3.47782e-06	0.422431	0.404393	0.0180229	1.54474e-05	6.21213e-06	2.75924e-05	
821	0.0276883	0.0276497	3.86382e-05	0	0.122983	0.122812	0.00017162	0	0	0	
822	0.0932589	0.0845312	0.00872702	7.2646e-07	0.414229	0.375463	0.0387629	3.22672e-06	9.46131e-07	4.20244e-06	
823	0.0660502	0.0591908	0.00685944	0	0.293376	0.262908	0.0304676	0	0	0	
824	0.119964	0.119935	2.85711e-05	0	0.532845	0.532718	0.000126904	0	0	0	
825	0.0792004	0.0787637	0.000436662	0	0.351785	0.349845	0.00193952	0	0	0	
826	0.117911	0.106396	0.011515	0	0.52373	0.472584	0.0511463	0	0	0	
827	0.0847924	0.0843272	0.000465102	8.49955e-08	0.376623	0.374556	0.00206584	3.77525e-07	6.55932e-08	2.91346e-07	
828	0.174031	0.103903	0.0697814	0.000346359	0.772995	0.461508	0.309948	0.00153842	0.000641476	0.00284925	
829	0.133014	0.101797	0.0312163	0	0.59081	0.452156	0.138653	0	0	0	
830	0.159366	0.134236	0.02513	1.0639e-07	0.707859	0.596238	0.11162	4.72557e-07	4.16657e-06	1.85067e-05	
831	0.10101	0.10088	0.000130156	0	0.448659	0.448081	0.000578117	0	0	0	
832	0.0870201	0.0840459	0.00297295	1.33941e-06	0.386518	0.373307	0.0132049	5.94929e-06	1.77451e-06	7.88189e-06	
833	0.0896726	0.0886162	0.00105637	0	0.398299	0.393607	0.00469212	0	0	0	
834	0.0985038	0.0981268	0.000376861	1.15508e-07	0.437525	0.43585	0.00167391	5.13056e-07	2.17496e-07	9.66055e-07	
835	0.0982931	0.0967894	0.00150367	0	0.436589	0.42991	0.00667888	0	0	0	
836	0.147663	0.116419	0.0312302	1.35061e-05	0.655877	0.517101	0.138715	5.99903e-05	1.42682e-05	6.33754e-05	
837	0.129263	0.120368	0.00881367	8.15835e-05	0.574152	0.534642	0.0391477	0.00036237	8.37663e-05	0.000372065	
838	0.144535	0.0974668	0.0467795	0.000288631	0.641982	0.432919	0.207781	0.00128201	0.000373109	0.00165724	
839	0.20018	0.152574	0.0469321	0.000674504	0.889145	0.67769	0.208458	0.00299595	0.000788313	0.00350145	
840	0.108825	0.0767445	0.0320807	0	0.48337	0.340877	0.142493	0	0	0	
841	0.111853	0.0800009	0.0318491	3.53158e-06	0.496821	0.35534	0.141464	1.56862e-05	1.67395e-05	7.43523e-05	
842	0.100898	0.0979916	0.00290629	0	0.448159	0.43525	0.0129089	0	0	0	
843	0.139345	0.121479	0.0176787	0.000187677	0.618933	0.539575	0.0785239	0.000833606	0.000203563	0.000904171	
844	0.11511	0.109976	0.00513187	2.19612e-06	0.511286	0.488482	0.0227942	9.75452e-06	2.17678e-06	9.66865e-06	
845	0.197506	0.134535	0.0614172	0.00155377	0.877267	0.597568	0.272797	0.0069014	0.0018359	0.00815454	
846	0.103378	0.0938854	0.00949295	0	0.459176	0.417011	0.0421649	0	0	0	
847	0.125539	0.095732	0.0297904	1.69378e-05	0.557609	0.425213	0.13232	7.52329e-05	1.72924e-05	7.68079e-05	
848	0.105797	0.102608	0.00318867	6.34216e-07	0.469921	0.455755	0.0141631	2.817e-06	8.92207e-07	3.96292e-06	
849	0.101338	0.0966817	0.00465506	2.00626e-06	0.450117	0.429432	0.0206764	8.91125e-06	3.82784e-06	1.70021e-05	
850	0.0800201	0.0799994	2.06856e-05	0	0.355426	0.355334	9.18794e-05	0	0	0	
851	0.0646303	0.0644562	0.000174108	0	0.287069	0.286295	0.000773339	0	0	0	
852	0.0962756	0.0846714	0.0115294	7.4801e-05	0.427628	0.376086	0.0512103	0.000332244	8.52437e-05	0.000378627	
853	0.105219	0.103288	0.00193095	0	0.467355	0.458778	0.00857671	0	0	0	
854	0.0987853	0.0943646	0.00441793	2.82174e-06	0.438775	0.41914	0.0196231	1.25333e-05	7.28631e-06	3.23636e-05	
855	0.106051	0.0930639	0.012797	0.000190492	0.47105	0.413363	0.0568409	0.00084611	0.000190472	0.000846022	
856	0.113754	0.103452	0.0103018	0	0.505265	0.459507	0.0457576	0	0	0	
857	0.0632539	0.0632539	0	0	0.280955	0.280955	0	0	0	0	
858	0.103809	0.0852097	0.0185958	4.1232e-06	0.461092	0.378476	0.0825974	1.8314e-05	5.48382e-06	2.43575e-05	
859	0.126131	0.111678	0.0144531	0	0.56024	0.496043	0.0641968	0	0	0	
860	0.0942179	0.0839161	0.0103018	0	0.418488	0.37273	0.0457576	0	0	0	
861	0.0861283	0.0860676	6.07417e-05	0	0.382556	0.382287	0.000269797	0	0	0	
862	0.0868902	0.0786311	0.00824219	1.68511e-05	0.38594	0.349256	0.0366094	7.48479e-05	1.76856e-05	7.85542e-05	
863	0.119462	0.114719	0.00474332	0	0.530619	0.50955	0.0210684	0	0	0	
864	0.105168	0.0948966	0.0102717	0	0.467127	0.421503	0.045624	0	0	0	
865	0.11797	0.116267	0.00170349	0	0.523992	0.516426	0.00756641	0	0	0	
866	0.0773304	0.0755598	0.00177063	0	0.343479	0.335614	0.00786466	0	0	0	
867	0.0861002	0.0861002	0	0	0.382432	0.382432	0	0	0	0	
868	0.103536	0.0994019	0.00411503	1.91313e-05	0.459876	0.441514	0.0182777	8.49759e-05	1.94983e-05	8.66058e-05	
869	0.0966409	0.0940946	0.00253749	8.78594e-06	0.42925	0.417941	0.0112708	3.90246e-05	9.22811e-06	4.09885e-05	
870	0.127111	0.12554	0.00157052	0	0.564591	0.557615	0.00697583	0	0	0	
871	0.102672	0.098356	0.0043108	5.20277e-06	0.456039	0.436868	0.0191473	2.31091e-05	5.18339e-06	2.30231e-05	
872	0.0424515	0.0416812	0.000770288	0	0.188557	0.185135	0.00342139	0	0	0	
873	0.101196	0.0994625	0.0017302	3.79219e-06	0.449485	0.441783	0.00768508	1.68438e-05	3.77281e-06	1.67577e-05	
874	0.096959	0.0904733	0.00648458	1.11316e-06	0.430663	0.401856	0.0288026	4.94437e-06	1.39251e-06	6.18512e-06	
875	0.0811377	0.0811377	0	0	0.36039	0.36039	0	0	0	0	
876	0.0442641	0.0442641	0	0	0.196608	0.196608	0	0	0	0	
877	0.0942938	0.0872563	0.00702179	1.57137e-05	0.418825	0.387567	0.0311887	6.97957e-05	1.59908e-05	7.10267e-05	
878	0.0989398	0.0989398	0	0	0.439461	0.439461	0	0	0	0	
879	0.0868692	0.0868692	0	0	0.385847	0.385847	0	0	0	0	
880	0.0886803	0.0873202	0.00136006	0	0.393892	0.387851	0.00604102	0	0	0	
881	0.0794497	0.0790043	0.000445422	0	0.352892	0.350914	0.00197843	0	0	0	
882	0.0910552	0.089088	0.001967	1.72299e-07	0.40444	0.395703	0.00873684	7.65305e-07	4.82511e-07	2.14317e-06	
883	0.0597586	0.0590258	0.000732748	0	0.26543	0.262175	0.00325465	0	0	0	
884	0.0784986	0.0784986	0	0	0.348668	0.348668	0	0	0	0	
885	0.0891726	0.0891726	0	0	0.396079	0.396079	0	0	0	0	
886	0.102423	0.10133	0.00109283	0	0.454934	0.450079	0.00485407	0	0	0	
887	0.0658757	0.0658583	1.73665e-05	0	0.2926	0.292523	7.71369e-05	0	0	0	
888	0.0964559	0.0964559	0	0	0.428429	0.428429	0	0	0	0	
889	0.064377	0.064377	0	0	0.285944	0.285944	0	0	0	0	
890	0.0962203	0.0912942	0.00491403	1.21106e-05	0.427382	0.405502	0.0218267	5.37919e-05	1.20912e-05	5.37056e-05	
891	0.0411177	0.0411177	0	0	0.182633	0.182633	0	0	0	0	
892	0.058329	0.058329	0	0	0.25908	0.25908	0	0	0	0	
893	0.0865708	0.0865708	0	0	0.384522	0.384522	0	0	0	0	
894	0.0837856	0.0834643	0.000321291	0	0.372151	0.370724	0.00142708	0	0	0	
895	0.0798754	0.0797442	0.000131201	0	0.354783	0.3542	0.000582756	0	0	0	
896	0.0788627	0.0785414	0.000321291	0	0.350285	0.348858	0.00142708	0	0	0	
897	0.0723936	0.0714513	0.000942269	0	0.321551	0.317366	0.00418528	0	0	0	
898	0.072885	0.072885	0	0	0.323734	0.323734	0	0	0	0	
899	0.09868	0.0953648	0.00331514	0	0.438307	0.423582	0.0147249	0	0	0	
900	0.0815949	0.0815949	0	0	0.36242	0.36242	0	0	0	0	
901	0.169541	0.11203	0.0566481	0.000862761	0.753054	0.497607	0.251614	0.00383213	0.00115447	0.00512784	
902	0.075071	0.0749856	8.54639e-05	0	0.333443	0.333064	0.000379605	0	0	0	
903	0.199073	0.115892	0.0786664	0.00451488	0.884226	0.514759	0.349413	0.0200538	0.0053152	0.0236085	
904	0.0676649	0.0676649	0	0	0.300547	0.300547	0	0	0	0	
905	0.153072	0.0927153	0.060357	0	0.679902	0.411814	0.268088	0	0	0	
906	0.180248	0.13046	0.0493494	0.000438429	0.800612	0.579468	0.219196	0.00194737	0.000464608	0.00206365	
907	0.0802717	0.0802496	2.20214e-05	0	0.356543	0.356445	9.78127e-05	0	0	0	
908	0.115403	0.0992131	0.0161732	1.75538e-05	0.51259	0.440675	0.071837	7.79691e-05	2.32577e-05	0.000103303	
909	0.106004	0.10547	0.000534137	0	0.470843	0.46847	0.00237248	0	0	0	
910	0.116308	0.0901588	0.0261361	1.32341e-05	0.516607	0.400459	0.116089	5.87822e-05	1.32147e-05	5.86961e-05	
911	0.117653	0.106617	0.0108935	0.000142429	0.52258	0.473562	0.0483858	0.000632628	0.000152987	0.000679525	
912	0.103137	0.095902	0.0072196	1.62402e-05	0.458108	0.425968	0.0320673	7.21344e-05	2.39349e-05	0.000106312	
913	0.117086	0.0987318	0.0182908	6.37883e-05	0.520063	0.438537	0.0812428	0.000283329	6.73711e-05	0.000299242	
914	0.0767269	0.0767269	0	0	0.340798	0.340798	0	0	0	0	
915	0.100683	0.0917579	0.00892576	0	0.447207	0.407562	0.0396456	0	0	0	
916	0.106901	0.106901	0	0	0.474825	0.474825	0	0	0	0	
917	0.117419	0.0926247	0.0247946	4.2779e-07	0.521544	0.411412	0.11013	1.90012e-06	2.865e-06	1.27255e-05	
918	0.124496	0.088999	0.0352823	0.000214897	0.552975	0.395307	0.156713	0.000954512	0.000666448	0.00296017	
919	0.0906941	0.0862908	0.0044033	0	0.402836	0.383278	0.0195581	0	0	0	
920	0.118257	0.0858562	0.0323113	8.9701e-05	0.525264	0.381348	0.143517	0.000398426	0.000196196	0.000871449	
921	0.0383367	0.0383367	0	0	0.17028	0.17028	0	0	0	0	
922	0.0192149	0.0191576	5.7315e-05	0	0.0853471	0.0850925	0.000254576	0	0	0	
923	0.0611466	0.0592412	0.0019035	1.8533e-06	0.271595	0.263132	0.00845479	8.23184e-06	1.9238e-06	8.54498e-06	
924	0.0568902	0.0517279	0.00516231	0	0.252689	0.22976	0.0229294	0	0	0	
925	0.0470705	0.0448739	0.00219658	0	0.209073	0.199317	0.0097566	0	0	0	
926	0.0631382	0.0588787	0.00425947	0	0.280441	0.261522	0.0189193	0	0	0	
927	0.0790688	0.0773668	0.00170201	0	0.3512	0.34364	0.00755985	0	0	0	
928	0.100674	0.0952381	0.00543672	0	0.447168	0.423019	0.0241483	0	0	0	
929	0.0432735	0.0430482	0.000225261	0	0.192208	0.191207	0.00100054	0	0	0	
930	0.0750801	0.0748548	0.000225261	0	0.333484	0.332483	0.00100054	0	0	0	
931	0.091366	0.0826787	0.00860026	8.70459e-05	0.405821	0.367234	0.0381998	0.000386632	8.70264e-05	0.000386545	
932	0.0863163	0.0842422	0.00207409	0	0.383391	0.374179	0.00921251	0	0	0	
933	0.0477771	0.0477771	0	0	0.212212	0.212212	0	0	0	0	
934	0.0455211	0.0455211	0	0	0.202191	0.202191	0	0	0	0	
935	0.0885937	0.0778185	0.010765	1.01421e-05	0.393507	0.345647	0.0478154	4.50483e-05	1.20508e-05	5.35261e-05	
936	0.0766147	0.0759168	0.00069795	0	0.3403	0.3372	0.00310009	0	0	0	
937	0.0619796	0.0619796	0	0	0.275295	0.275295	0	0	0	0	
938	0.0674255	0.0674255	0	0	0.299484	0.299484	0	0	0	0	
939	0.0743729	0.0730124	0.00136044	0	0.330342	0.324299	0.00604271	0	0	0	
940	0.0753238	0.0745995	0.000724319	0	0.334566	0.331349	0.00321721	0	0	0	
941	0.0688349	0.0688349	0	0	0.305744	0.305744	0	0	0	0	
942	0.0709485	0.0709485	0	0	0.315132	0.315132	0	0	0	0	
943	0.080359	0.080359	0	0	0.356931	0.356931	0	0	0	0	
944	0.0645299	0.0637179	0.000811988	0	0.286623	0.283016	0.00360661	0	0	0	
945	0.063437	0.063437	0	0	0.281769	0.281769	0	0	0	0	
946	0.0657381	0.0657381	0	0	0.291989	0.291989	0	0	0	0	
947	0.0959882	0.0959882	0	0	0.426351	0.426351	0	0	0	0	
948	0.0667967	0.0543583	0.0124383	0	0.296691	0.241444	0.0552473	0	0	0	
949	0.0648586	0.0648586	0	0	0.288083	0.288083	0	0	0	0	
950	0.0862835	0.0862835	0	0	0.383246	0.383246	0	0	0	0	
951	0.116829	0.116281	0.000548459	0	0.518924	0.516488	0.00243609	0	0	0	
952	0.0503472	0.0496229	0.000724319	0	0.223627	0.22041	0.00321721	0	0	0	
953	0.0534386	0.0534386	0	0	0.237358	0.237358	0	0	0	0	
954	0.0872535	0.0866241	0.0006294	0	0.387554	0.384759	0.00279561	0	0	0	
955	0.0893162	0.0893162	0	0	0.396716	0.396716	0	0	0	0	
956	0.0527141	0.0498287	0.00288534	0	0.23414	0.221324	0.0128158	0	0	0	
957	0.079177	0.079177	0	0	0.351681	0.351681	0	0	0	0	
958	0.0829148	0.0694892	0.0134255	0	0.368283	0.308651	0.0596322	0	0	0	
959	0.091168	0.091168	0	0	0.404941	0.404941	0	0	0	0	
960	0.056804	0.056804	0	0	0.252306	0.252306	0	0	0	0	
961	0.0775767	0.0751052	0.0024715	0	0.344573	0.333595	0.0109777	0	0	0	
962	0.0982145	0.0981883	2.62374e-05	0	0.43624	0.436123	0.000116539	0	0	0	
963	0.146078	0.146041	3.75653e-05	0	0.648839	0.648673	0.000166854	0	0	0	
964	0.105178	0.104548	0.0006294	0	0.46717	0.464375	0.00279561	0	0	0	
965	0.150456	0.0963959	0.0540605	0	0.668283	0.428162	0.240121	0	0	0	
966	0.155909	0.101839	0.054067	2.44266e-06	0.692503	0.452342	0.24015	1.08495e-05	2.42087e-06	1.07528e-05	
967	0.0447443	0.0444106	0.000333742	0	0.198741	0.197259	0.00148238	0	0	0	
968	0.0711207	0.070787	0.000333742	0	0.315897	0.314415	0.00148238	0	0	0	
969	0.195829	0.178167	0.0176538	7.34647e-06	0.869815	0.79137	0.078413	3.26309e-05	1.50747e-05	6.69574e-05	
970	0.2256	0.173957	0.0507015	0.000941302	1.00205	0.772669	0.225201	0.00418099	0.00116778	0.00518696	
