Node	dPC	dPCintra	dPCflux	dPCconnector	varPC	varPCintra	varPCflux	varPCconnector	dBC_PC	varBC_PC	
1	0.173889	0.166936	0.00695271	1.25379e-07	0.767309	0.736629	0.0306797	5.53253e-07	6.97115e-08	3.07611e-07	
2	0.0910612	0.0840347	0.00702657	0	0.401819	0.370813	0.0310056	0	0	0	
3	0.0979841	0.0823254	0.01563	2.8668e-05	0.432367	0.363271	0.0689697	0.000126501	5.60459e-05	0.000247309	
4	0.057793	0.057793	0	0	0.255019	0.255019	0	0	0	0	
5	0.107025	0.106941	8.36015e-05	0	0.472263	0.471894	0.000368902	0	0	0	
6	0.0904402	0.0900759	0.00036423	0	0.399079	0.397471	0.00160721	0	0	0	
7	0.087185	0.0867561	0.000428946	0	0.384715	0.382822	0.00189278	0	0	0	
8	0.123336	0.103678	0.0196579	0	0.544237	0.457494	0.086743	0	0	0	
9	0.0878692	0.0871881	0.000680528	5.67636e-07	0.387734	0.384729	0.00300291	2.50477e-06	5.11897e-07	2.25881e-06	
10	0.0603925	0.0597304	0.000662167	0	0.26649	0.263568	0.00292189	0	0	0	
11	0.0860424	0.0797258	0.00631662	0	0.379673	0.3518	0.0278729	0	0	0	
12	0.0955612	0.0952116	0.000349551	8.54146e-08	0.421676	0.420133	0.00154243	3.76902e-07	2.96805e-08	1.30969e-07	
13	0.103878	0.103878	0	0	0.458377	0.458377	0	0	0	0	
14	0.0841299	0.0841299	0	0	0.371234	0.371234	0	0	0	0	
15	0.094322	0.0935288	0.000793177	0	0.416208	0.412708	0.0035	0	0	0	
16	0.0739236	0.0739236	0	0	0.326197	0.326197	0	0	0	0	
17	0.0866522	0.0852311	0.00142111	0	0.382364	0.376093	0.00627087	0	0	0	
18	0.0731943	0.0727843	0.000409917	0	0.322979	0.32117	0.00180881	0	0	0	
19	0.0867031	0.0850426	0.0016583	2.22754e-06	0.382588	0.375261	0.00731749	9.8293e-06	2.17182e-06	9.58346e-06	
20	0.0596406	0.0596406	0	0	0.263171	0.263171	0	0	0	0	
21	0.0841143	0.0824683	0.00164599	0	0.371165	0.363902	0.00726317	0	0	0	
22	0.0894061	0.08834	0.00106614	0	0.394516	0.389811	0.00470448	0	0	0	
23	0.0974442	0.0957982	0.00164599	0	0.429985	0.422722	0.00726317	0	0	0	
24	0.065664	0.065664	0	0	0.289751	0.289751	0	0	0	0	
25	0.122514	0.11655	0.00595959	4.80671e-06	0.54061	0.514291	0.0262974	2.12102e-05	4.75113e-06	2.0965e-05	
26	0.0860916	0.0850254	0.00106614	0	0.37989	0.375185	0.00470448	0	0	0	
27	0.0785732	0.0769068	0.00166286	3.60823e-06	0.346714	0.339361	0.00733762	1.59218e-05	3.55256e-06	1.56761e-05	
28	0.062662	0.062662	0	0	0.276504	0.276504	0	0	0	0	
29	0.102395	0.102168	0.00022751	0	0.451833	0.450829	0.00100391	0	0	0	
30	0.169783	0.150158	0.0195983	2.67072e-05	0.74919	0.662592	0.0864803	0.000117849	2.87892e-05	0.000127036	
31	0.139866	0.139638	0.00022751	0	0.617177	0.616173	0.00100391	0	0	0	
32	0.14593	0.140106	0.00582434	0	0.643937	0.618236	0.0257006	0	0	0	
33	0.077697	0.0773255	0.00037145	0	0.342848	0.341209	0.00163907	0	0	0	
34	0.102198	0.0980146	0.00418384	0	0.450963	0.432502	0.0184617	0	0	0	
35	0.0624706	0.0615045	0.000966128	0	0.275659	0.271396	0.00426316	0	0	0	
36	0.0818794	0.0818794	0	0	0.361303	0.361303	0	0	0	0	
37	0.180818	0.0958269	0.0819718	0.00301963	0.797884	0.422848	0.361711	0.0133245	0.00753447	0.0332468	
38	0.0794548	0.0791122	0.00034245	1.15559e-07	0.350604	0.349093	0.0015111	5.09919e-07	5.98231e-08	2.63977e-07	
39	0.0890516	0.0846463	0.0044053	0	0.392952	0.373513	0.0194389	0	0	0	
40	0.101849	0.101849	0	0	0.449424	0.449424	0	0	0	0	
41	0.097303	0.0967797	0.000523355	0	0.429362	0.427053	0.00230937	0	0	0	
42	0.0747537	0.0745935	0.000160224	0	0.32986	0.329153	0.000707012	0	0	0	
43	0.058612	0.0558227	0.00276872	2.06096e-05	0.258633	0.246325	0.0122173	9.09428e-05	2.0554e-05	9.06973e-05	
44	0.065387	0.0651749	0.000212127	0	0.288528	0.287592	0.000936041	0	0	0	
45	0.0539108	0.0526025	0.00130831	0	0.237888	0.232115	0.00577311	0	0	0	
46	0.0922931	0.0858805	0.00641264	0	0.407255	0.378958	0.0282966	0	0	0	
47	0.136267	0.136044	0.000223146	0	0.601296	0.600312	0.000984664	0	0	0	
48	0.0993025	0.0857836	0.0134855	3.34032e-05	0.438185	0.378531	0.0595066	0.000147396	3.54054e-05	0.000156231	
49	0.166187	0.159774	0.00641264	0	0.733321	0.705025	0.0282966	0	0	0	
50	0.0962602	0.0961155	0.000144752	0	0.42476	0.424122	0.000638737	0	0	0	
51	0.0854232	0.0854232	0	0	0.376941	0.376941	0	0	0	0	
52	0.0769161	0.0769161	0	0	0.339402	0.339402	0	0	0	0	
53	0.0958141	0.0958141	0	0	0.422792	0.422792	0	0	0	0	
54	0.0915676	0.0915676	0	0	0.404053	0.404053	0	0	0	0	
55	0.0983485	0.0935952	0.00475335	0	0.433975	0.413	0.0209747	0	0	0	
56	0.117936	0.113057	0.00487972	0	0.520411	0.498879	0.0215323	0	0	0	
57	0.101688	0.101688	0	0	0.448712	0.448712	0	0	0	0	
58	0.120925	0.0921773	0.0286622	8.58798e-05	0.533599	0.406744	0.126475	0.000378955	9.01332e-05	0.000397724	
59	0.183805	0.113104	0.0706907	1.05151e-05	0.811065	0.499087	0.311931	4.63993e-05	1.08534e-05	4.78923e-05	
60	0.0742972	0.0742972	0	0	0.327845	0.327845	0	0	0	0	
61	0.0883313	0.087962	0.00036934	0	0.389773	0.388143	0.00162976	0	0	0	
62	0.0990566	0.0943032	0.00475335	0	0.4371	0.416125	0.0209747	0	0	0	
63	0.115476	0.0947925	0.0206777	5.81911e-06	0.509553	0.418284	0.0912433	2.56775e-05	9.56626e-06	4.22123e-05	
64	0.0985202	0.0977253	0.000793532	1.47834e-06	0.434733	0.431225	0.00350156	6.52338e-06	1.42261e-06	6.27749e-06	
65	0.104775	0.103529	0.0012458	0	0.462335	0.456837	0.00549726	0	0	0	
66	0.107596	0.101867	0.00572994	0	0.474785	0.449501	0.0252841	0	0	0	
67	0.15584	0.138614	0.0171632	6.28548e-05	0.687667	0.611654	0.0757349	0.000277355	6.64768e-05	0.000293337	
68	0.089952	0.0806064	0.00934527	3.34469e-07	0.396924	0.355686	0.0412372	1.47589e-06	2.78671e-07	1.22967e-06	
69	0.115797	0.114807	0.000990133	0	0.510972	0.506603	0.00436909	0	0	0	
70	0.0770551	0.0770551	0	0	0.340015	0.340015	0	0	0	0	
71	0.0574374	0.0445938	0.0128436	0	0.25345	0.196775	0.0566742	0	0	0	
72	0.15726	0.130664	0.0265829	1.22432e-05	0.69393	0.576575	0.1173	5.40249e-05	2.08338e-05	9.1932e-05	
73	0.0731605	0.0602069	0.0129535	0	0.32283	0.265671	0.0571594	0	0	0	
74	0.117635	0.106959	0.0106757	6.12611e-07	0.519083	0.471973	0.0471079	2.70322e-06	5.56873e-07	2.45727e-06	
75	0.168839	0.144115	0.0244512	0.000273247	0.745027	0.635927	0.107894	0.00120574	0.000314372	0.00138721	
76	0.144454	0.141546	0.00290536	2.70058e-06	0.637424	0.624593	0.0128202	1.19166e-05	2.64492e-06	1.1671e-05	
77	0.0897542	0.0897542	0	0	0.396052	0.396052	0	0	0	0	
78	0.109116	0.098871	0.0102451	0	0.481489	0.436281	0.0452082	0	0	0	
79	0.150262	0.137235	0.0128885	0.000139144	0.663054	0.605568	0.0568723	0.000613993	0.000140475	0.000619868	
80	0.136235	0.125332	0.0108801	2.30866e-05	0.601156	0.553044	0.0480102	0.000101872	4.34937e-05	0.000191921	
81	0.109598	0.106362	0.00323646	0	0.483618	0.469337	0.0142813	0	0	0	
82	0.195991	0.161326	0.0342807	0.000384126	0.864838	0.711875	0.151268	0.001695	0.000387316	0.00170908	
83	0.156784	0.125325	0.0313913	6.82364e-05	0.691832	0.553012	0.138518	0.000301102	7.60807e-05	0.000335715	
84	0.0980589	0.0962853	0.00177365	0	0.432697	0.424871	0.00782646	0	0	0	
85	0.106606	0.101211	0.00539481	0	0.470414	0.446609	0.0238053	0	0	0	
86	0.167457	0.146361	0.0208117	0.000284344	0.738928	0.645839	0.0918344	0.0012547	0.000286471	0.00126409	
87	0.0804446	0.0776866	0.00275805	0	0.354972	0.342802	0.0121702	0	0	0	
88	0.0818664	0.0817138	0.000152592	0	0.361246	0.360573	0.000673333	0	0	0	
89	0.077398	0.0770343	0.000363736	0	0.341528	0.339923	0.00160503	0	0	0	
90	0.102903	0.0989036	0.00399202	8.13316e-06	0.454076	0.436425	0.0176153	3.58886e-05	8.07746e-06	3.56428e-05	
91	0.10248	0.10248	0	0	0.452207	0.452207	0	0	0	0	
92	0.0850564	0.0839513	0.00110507	0	0.375322	0.370446	0.0048763	0	0	0	
93	0.0926861	0.0903688	0.00231728	0	0.408989	0.398764	0.0102253	0	0	0	
94	0.0884693	0.0858625	0.00260678	0	0.390382	0.378879	0.0115027	0	0	0	
95	0.149509	0.131645	0.0178163	4.77358e-05	0.659729	0.580902	0.0786168	0.00021064	8.78725e-05	0.000387748	
96	0.182659	0.159775	0.0227049	0.000179481	0.80601	0.70503	0.100188	0.000791985	0.000179475	0.00079196	
97	0.109654	0.0948338	0.0148208	0	0.483865	0.418466	0.065399	0	0	0	
98	0.104289	0.0897346	0.0145543	0	0.460188	0.395965	0.0642229	0	0	0	
99	0.101299	0.100608	0.000691287	0	0.446996	0.443946	0.00305039	0	0	0	
100	0.0926259	0.0924964	0.000129492	0	0.408723	0.408152	0.000571403	0	0	0	
101	0.145425	0.145115	0.000309992	0	0.641707	0.640339	0.00136788	0	0	0	
102	0.150916	0.107868	0.0430447	3.62327e-06	0.665938	0.475982	0.18994	1.59881e-05	3.58934e-06	1.58384e-05	
103	0.0785304	0.0737358	0.0047946	0	0.346525	0.325368	0.0211568	0	0	0	
104	0.110652	0.0837738	0.0268367	4.18956e-05	0.488268	0.369662	0.11842	0.00018487	0.00013274	0.000585735	
105	0.0950059	0.0867076	0.00824426	5.40721e-05	0.419226	0.382608	0.0363788	0.0002386	7.58382e-05	0.000334645	
106	0.135793	0.112164	0.0236293	0	0.599206	0.494938	0.104267	0	0	0	
107	0.158865	0.147522	0.0112974	4.55814e-05	0.701012	0.65096	0.0498516	0.000201133	5.03929e-05	0.000222365	
108	0.102198	0.0974618	0.00473138	5.5061e-06	0.450965	0.430063	0.0208778	2.42964e-05	5.55291e-06	2.45029e-05	
109	0.132884	0.108711	0.0240057	0.000167108	0.586368	0.479703	0.105928	0.000737388	0.000350347	0.00154595	
110	0.11602	0.109236	0.00678471	0	0.511956	0.482018	0.0299384	0	0	0	
111	0.100146	0.0967761	0.00337029	0	0.441909	0.427037	0.0148718	0	0	0	
112	0.101092	0.0953425	0.00574508	5.33045e-06	0.446085	0.420711	0.0253509	2.35213e-05	5.2747e-06	2.32753e-05	
113	0.0971051	0.0922934	0.00480521	6.50496e-06	0.428488	0.407256	0.0212036	2.8704e-05	1.33102e-05	5.8733e-05	
114	0.160032	0.124856	0.0344744	0.00070143	0.706162	0.550944	0.152122	0.00309515	0.00072426	0.00319589	
115	0.116371	0.107418	0.00895131	1.76618e-06	0.513505	0.473999	0.0394988	7.79353e-06	2.22152e-06	9.80277e-06	
116	0.115499	0.115008	0.000490861	0	0.509655	0.507489	0.00216598	0	0	0	
117	0.1081	0.0974036	0.0106968	0	0.477007	0.429806	0.0472012	0	0	0	
118	0.102984	0.102182	0.000801453	2.02396e-07	0.454432	0.450895	0.00353651	8.93102e-07	1.46656e-07	6.4714e-07	
119	0.120329	0.1142	0.00612918	8.58435e-08	0.530968	0.503922	0.0270458	3.78795e-07	5.6138e-08	2.47716e-07	
120	0.108943	0.0966716	0.0122588	1.31221e-05	0.480727	0.426576	0.0540937	5.79033e-05	2.08639e-05	9.20647e-05	
121	0.0912241	0.0847938	0.00641934	1.0947e-05	0.402538	0.374163	0.0283261	4.83051e-05	1.17013e-05	5.16335e-05	
122	0.169381	0.158529	0.0107896	6.30501e-05	0.747418	0.69953	0.0476107	0.000278216	6.38199e-05	0.000281613	
123	0.110078	0.107554	0.00252434	0	0.485734	0.474595	0.0111389	0	0	0	
124	0.143605	0.0968645	0.0466451	9.59944e-05	0.633678	0.427427	0.205827	0.000423588	0.00150029	0.00662023	
125	0.106657	0.103944	0.0027137	0	0.470641	0.458667	0.0119745	0	0	0	
126	0.122938	0.1049	0.0179096	0.000128742	0.542482	0.462886	0.0790287	0.000568093	0.000448553	0.0019793	
127	0.195321	0.192617	0.00270182	2.63317e-06	0.861882	0.849949	0.0119221	1.16192e-05	2.5774e-06	1.13731e-05	
128	0.125454	0.121288	0.0041661	1.8483e-07	0.553584	0.5352	0.0183834	8.15586e-07	1.69556e-07	7.48189e-07	
129	0.121985	0.118672	0.00331301	3.55921e-07	0.538276	0.523656	0.0146191	1.57054e-06	3.06457e-07	1.35228e-06	
130	0.0983747	0.0967479	0.00162594	8.94307e-07	0.434091	0.426912	0.00717467	3.94624e-06	9.88961e-07	4.36391e-06	
131	0.130028	0.125286	0.0047415	1.02481e-06	0.573767	0.55284	0.0209224	4.52211e-06	1.07228e-06	4.73161e-06	
132	0.101966	0.0856062	0.0163598	0	0.449938	0.377748	0.0721898	0	0	0	
133	0.12193	0.111393	0.0103342	0.000202497	0.538033	0.491539	0.0456011	0.000893548	0.000202442	0.000893301	
134	0.096467	0.0961412	0.000325669	1.96435e-07	0.425673	0.424235	0.00143705	8.66796e-07	1.41038e-07	6.2235e-07	
135	0.0715514	0.070926	0.000625376	0	0.315729	0.31297	0.00275955	0	0	0	
136	0.109072	0.104054	0.00500893	8.99396e-06	0.481298	0.459156	0.0221025	3.9687e-05	9.34081e-06	4.12175e-05	
137	0.106422	0.102654	0.00375111	1.75681e-05	0.469604	0.452975	0.0165522	7.75219e-05	2.18118e-05	9.62476e-05	
138	0.108195	0.104895	0.00330023	0	0.477428	0.462865	0.0145627	0	0	0	
139	0.107719	0.106767	0.000951902	0	0.475325	0.471125	0.00420039	0	0	0	
140	0.131473	0.121693	0.00977083	8.55639e-06	0.580141	0.536989	0.043115	3.77561e-05	8.7153e-06	3.84573e-05	
141	0.0943595	0.0935157	0.000843847	0	0.416373	0.41265	0.00372358	0	0	0	
142	0.0838719	0.0838719	0	0	0.370095	0.370095	0	0	0	0	
143	0.156411	0.155617	0.000794163	8.19354e-08	0.690187	0.686683	0.00350434	3.6155e-07	2.62172e-08	1.15687e-07	
144	0.100438	0.0992898	0.00114896	0	0.443199	0.438129	0.00506996	0	0	0	
145	0.0886925	0.0872323	0.00145923	9.87946e-07	0.391367	0.384924	0.00643906	4.35944e-06	9.32157e-07	4.11326e-06	
146	0.0631167	0.06152	0.00159666	0	0.27851	0.271465	0.00704548	0	0	0	
147	0.0746951	0.0730985	0.00159666	0	0.329602	0.322556	0.00704548	0	0	0	
148	0.108479	0.108418	6.18657e-05	0	0.478681	0.478408	0.00027299	0	0	0	
149	0.110662	0.100477	0.01018	4.6849e-06	0.488312	0.443371	0.0449207	2.06727e-05	4.62954e-06	2.04284e-05	
150	0.0872526	0.0830738	0.00417873	0	0.385013	0.366574	0.0184392	0	0	0	
151	0.128392	0.125159	0.00321954	1.34977e-05	0.56655	0.552284	0.0142066	5.95606e-05	1.37056e-05	6.04778e-05	
152	0.0885656	0.0852567	0.00330887	0	0.390807	0.376206	0.0146008	0	0	0	
153	0.138583	0.136411	0.00217181	0	0.611518	0.601934	0.00958339	0	0	0	
154	0.0983973	0.0982907	0.000106551	0	0.43419	0.43372	0.000470171	0	0	0	
155	0.0944047	0.0923984	0.0020063	0	0.416573	0.407719	0.00885307	0	0	0	
156	0.0995049	0.0953262	0.00417873	0	0.439078	0.420639	0.0184392	0	0	0	
157	0.0888952	0.0888926	2.65295e-06	0	0.392261	0.39225	1.17065e-05	0	0	0	
158	0.107806	0.104144	0.00365083	1.16995e-05	0.47571	0.459549	0.0161097	5.16255e-05	1.58501e-05	6.99408e-05	
159	0.10223	0.0998899	0.00233847	2.58805e-06	0.451107	0.440777	0.0103188	1.14201e-05	2.53237e-06	1.11744e-05	
160	0.161105	0.156801	0.00428758	1.67604e-05	0.710898	0.691905	0.0189195	7.39577e-05	1.67047e-05	7.37117e-05	
161	0.19332	0.175086	0.0182085	2.58773e-05	0.853052	0.77259	0.0803477	0.000114186	3.13459e-05	0.000138317	
162	0.110564	0.0949019	0.0156604	1.68323e-06	0.487878	0.418767	0.0691037	7.42749e-06	2.34923e-06	1.03663e-05	
163	0.0829863	0.0791059	0.00386626	1.41551e-05	0.366187	0.349065	0.0170603	6.24616e-05	1.40995e-05	6.22158e-05	
164	0.122416	0.0903894	0.0319831	4.37568e-05	0.540178	0.398855	0.141129	0.000193082	4.96358e-05	0.000219024	
165	0.149383	0.116078	0.0332218	8.31922e-05	0.659176	0.512213	0.146595	0.000367096	0.000313447	0.00138312	
166	0.0984926	0.0981564	0.000335961	3.0445e-07	0.434611	0.433127	0.00148247	1.34342e-06	2.48718e-07	1.0975e-06	
167	0.0984827	0.0978505	0.00063224	0	0.434567	0.431778	0.00278984	0	0	0	
168	0.101099	0.0988031	0.00229651	3.66278e-07	0.446116	0.435981	0.0101336	1.61625e-06	3.13383e-07	1.38284e-06	
169	0.0969492	0.0955008	0.00144646	2.0051e-06	0.427801	0.421409	0.0063827	8.84778e-06	1.9496e-06	8.60288e-06	
170	0.115181	0.109508	0.0056241	4.92829e-05	0.508255	0.483221	0.024817	0.000217467	4.92966e-05	0.000217527	
171	0.209717	0.196871	0.0128272	1.85399e-05	0.925404	0.86872	0.056602	8.18098e-05	2.23125e-05	9.8457e-05	
172	0.131127	0.123097	0.00803001	0	0.578615	0.543181	0.0354334	0	0	0	
173	0.152686	0.136757	0.0158755	5.33277e-05	0.673747	0.603459	0.0700527	0.000235315	5.32717e-05	0.000235068	
174	0.120589	0.114151	0.00643846	0	0.532116	0.503706	0.0284105	0	0	0	
175	0.100866	0.0970277	0.00383343	5.35393e-06	0.445086	0.428147	0.0169155	2.36249e-05	1.05245e-05	4.64408e-05	
176	0.100219	0.0956038	0.00459052	2.50988e-05	0.442231	0.421864	0.0202562	0.000110752	2.52933e-05	0.00011161	
177	0.16591	0.142945	0.0226487	0.000316137	0.732101	0.630765	0.0999407	0.00139499	0.000333587	0.00147199	
178	0.111446	0.107293	0.00415034	2.33204e-06	0.49177	0.473446	0.0183139	1.02904e-05	2.57003e-06	1.13406e-05	
179	0.149768	0.141572	0.00817297	2.30096e-05	0.660872	0.624706	0.0360642	0.000101532	2.33259e-05	0.000102928	
180	0.105524	0.102262	0.00324382	1.77274e-05	0.465639	0.451247	0.0143138	7.82245e-05	1.76718e-05	7.79793e-05	
181	0.1278	0.126359	0.00143706	3.67216e-06	0.563935	0.557578	0.00634122	1.62039e-05	3.61644e-06	1.5958e-05	
182	0.10054	0.100238	0.000302371	0	0.443647	0.442313	0.00133425	0	0	0	
183	0.115754	0.11244	0.00331274	9.56449e-07	0.51078	0.496158	0.0146179	4.22045e-06	2.74496e-06	1.21125e-05	
184	0.0905351	0.0887495	0.00178562	0	0.399497	0.391618	0.0078793	0	0	0	
185	0.0864202	0.0832591	0.00314241	1.87025e-05	0.38134	0.367391	0.0138663	8.25275e-05	1.8647e-05	8.22824e-05	
186	0.125654	0.114742	0.0108919	2.03254e-05	0.554468	0.506316	0.0480619	8.96886e-05	2.75072e-05	0.000121379	
187	0.089002	0.089002	0	0	0.392732	0.392732	0	0	0	0	
188	0.0855709	0.0813415	0.00422946	0	0.377592	0.358929	0.018663	0	0	0	
189	0.103858	0.103135	0.000723321	1.61471e-07	0.45829	0.455098	0.00319175	7.12514e-07	1.05738e-07	4.66583e-07	
190	0.0798935	0.0598668	0.0200266	0	0.35254	0.26417	0.0883701	0	0	0	
191	0.320358	0.215099	0.10356	0.00169875	1.41362	0.949155	0.456974	0.00749597	0.00217058	0.00957797	
192	0.0736057	0.0735916	1.40815e-05	0	0.324794	0.324732	6.21366e-05	0	0	0	
193	0.119385	0.119385	0	0	0.526805	0.526805	0	0	0	0	
194	0.148784	0.122073	0.0263115	0.000399568	0.65653	0.538664	0.116102	0.00176314	0.000497471	0.00219515	
195	0.0893499	0.0893499	0	0	0.394268	0.394268	0	0	0	0	
196	0.0901333	0.0901333	0	0	0.397725	0.397725	0	0	0	0	
197	0.0775732	0.0564875	0.0210856	0	0.342301	0.249258	0.0930432	0	0	0	
198	0.12872	0.115246	0.0134534	2.09491e-05	0.567995	0.508538	0.059365	9.2441e-05	2.0906e-05	9.22505e-05	
199	0.14829	0.115283	0.0329546	5.1935e-05	0.65435	0.508704	0.145416	0.00022917	8.86444e-05	0.000391155	
200	0.109772	0.0879344	0.0218383	0	0.484386	0.388022	0.0963645	0	0	0	
201	0.139182	0.101418	0.0372187	0.000545682	0.614161	0.447521	0.164232	0.00240789	0.0010795	0.00476345	
202	0.106731	0.106731	0	0	0.470968	0.470968	0	0	0	0	
203	0.0952684	0.0952684	0	0	0.420384	0.420384	0	0	0	0	
204	0.166738	0.134868	0.0314903	0.0003798	0.735753	0.595122	0.138955	0.00167591	0.000379948	0.00167657	
205	0.0990566	0.0905798	0.00845064	2.61362e-05	0.4371	0.399695	0.0372895	0.000115329	5.53216e-05	0.000244113	
206	0.196593	0.150522	0.0459593	0.000112165	0.867494	0.664198	0.202801	0.000494944	0.000225393	0.000994576	
207	0.0620095	0.052317	0.00969246	0	0.273624	0.230855	0.0427692	0	0	0	
208	0.100345	0.0990545	0.00129062	0	0.442786	0.437091	0.00569506	0	0	0	
209	0.149521	0.0959459	0.0535572	1.86337e-05	0.659784	0.423374	0.236328	8.22238e-05	8.79462e-05	0.000388073	
210	0.115226	0.114551	0.000674268	0	0.508449	0.505474	0.00297529	0	0	0	
211	0.170509	0.104295	0.0662134	0	0.752394	0.460219	0.292175	0	0	0	
212	0.118095	0.117228	0.000866979	0	0.521111	0.517285	0.00382565	0	0	0	
213	0.249071	0.165857	0.0818441	0.00136897	1.09905	0.731869	0.361147	0.00604075	0.00216444	0.00955087	
214	0.118861	0.116667	0.00218548	8.39708e-06	0.524491	0.514811	0.00964372	3.70532e-05	8.34137e-06	3.68073e-05	
215	0.165849	0.162783	0.00305796	8.02473e-06	0.731831	0.718303	0.0134936	3.54101e-05	8.07935e-06	3.56511e-05	
216	0.0965729	0.0854279	0.0111449	0	0.42614	0.376961	0.0491785	0	0	0	
217	0.197131	0.141911	0.0544444	0.000774807	0.869866	0.626204	0.240243	0.00341893	0.000838787	0.00370125	
218	0.0979613	0.0978662	9.50733e-05	0	0.432267	0.431847	0.000419523	0	0	0	
219	0.134435	0.13402	0.000415503	0	0.593216	0.591382	0.00183346	0	0	0	
220	0.0943906	0.0844248	0.00996579	0	0.416511	0.372535	0.0439753	0	0	0	
221	0.112884	0.0945311	0.0183427	1.02578e-05	0.498115	0.41713	0.0809397	4.52638e-05	1.10279e-05	4.86623e-05	
222	0.0511265	0.0506363	0.000490198	0	0.225602	0.223439	0.00216306	0	0	0	
223	0.0985515	0.097466	0.00108552	0	0.434871	0.430081	0.00479	0	0	0	
224	0.162982	0.146279	0.0167023	1.58089e-06	0.719183	0.645474	0.0737013	6.9759e-06	1.54192e-06	6.80395e-06	
225	0.0817904	0.0788548	0.0029356	0	0.36091	0.347957	0.0129537	0	0	0	
226	0.232808	0.226622	0.00617796	7.85347e-06	1.02729	1	0.027261	3.46544e-05	7.80009e-06	3.44189e-05	
227	0.0846694	0.0828338	0.00183564	0	0.373614	0.365514	0.00810001	0	0	0	
228	0.0884628	0.0798922	0.00856903	1.58454e-06	0.390353	0.352534	0.0378119	6.99199e-06	1.52904e-06	6.7471e-06	
229	0.127911	0.124737	0.00317377	0	0.564425	0.55042	0.0140046	0	0	0	
230	0.107858	0.107306	0.000551388	0	0.475937	0.473504	0.00243307	0	0	0	
231	0.0931287	0.0926447	0.000484004	0	0.410942	0.408806	0.00213573	0	0	0	
232	0.0825261	0.0755865	0.00693959	0	0.364157	0.333535	0.0306218	0	0	0	
233	0.0797991	0.078652	0.00114582	1.2806e-06	0.352123	0.347062	0.00505608	5.65084e-06	1.26418e-06	5.57836e-06	
234	0.105	0.105	0	0	0.463329	0.463329	0	0	0	0	
235	0.137159	0.137159	0	0	0.605233	0.605233	0	0	0	0	
236	0.0694024	0.0666119	0.00279054	0	0.306247	0.293933	0.0123136	0	0	0	
237	0.0476867	0.0476867	0	0	0.210423	0.210423	0	0	0	0	
238	0.0901032	0.0901032	0	0	0.397592	0.397592	0	0	0	0	
239	0.137769	0.122801	0.0149667	6.42724e-07	0.607924	0.541879	0.0660427	2.8361e-06	5.87384e-07	2.5919e-06	
240	0.0915228	0.0912888	0.00023395	0	0.403856	0.402824	0.00103233	0	0	0	
241	0.13488	0.119401	0.0154568	2.20499e-05	0.595177	0.526874	0.0682054	9.72984e-05	2.21663e-05	9.78116e-05	
242	0.0865065	0.0861567	0.000349777	0	0.381721	0.380177	0.00154343	0	0	0	
243	0.0867535	0.0867264	2.70889e-05	0	0.382811	0.382691	0.000119533	0	0	0	
244	0.0895105	0.0894517	5.87914e-05	0	0.394977	0.394717	0.000259424	0	0	0	
245	0.121851	0.0959016	0.0258981	5.168e-05	0.537685	0.423178	0.114278	0.000228044	6.03881e-05	0.00026647	
246	0.106556	0.0902624	0.0162943	0	0.470195	0.398294	0.0719008	0	0	0	
247	0.111079	0.108053	0.00301038	1.57791e-05	0.490154	0.476801	0.0132837	6.96275e-05	1.57234e-05	6.93816e-05	
248	0.0842748	0.0842748	0	0	0.371873	0.371873	0	0	0	0	
249	0.0754236	0.0705778	0.00484583	0	0.332816	0.311433	0.0213828	0	0	0	
250	0.0695262	0.0671946	0.00232896	2.69325e-06	0.306793	0.296504	0.0102768	1.18843e-05	2.63764e-06	1.16389e-05	
251	0.12737	0.110166	0.0171281	7.6489e-05	0.56204	0.486123	0.0755802	0.000337517	7.64333e-05	0.000337272	
252	0.0721491	0.0698437	0.00230369	1.74396e-06	0.318367	0.308194	0.0101653	7.69546e-06	1.95488e-06	8.62618e-06	
253	0.098724	0.0986151	0.000108857	0	0.435632	0.435152	0.000480347	0	0	0	
254	0.0789644	0.0783035	0.000660964	0	0.348441	0.345524	0.00291658	0	0	0	
255	0.0895311	0.0874351	0.00209596	0	0.395067	0.385818	0.0092487	0	0	0	
256	0.0988125	0.097508	0.00130311	1.41232e-06	0.436023	0.430266	0.00575016	6.23207e-06	1.41606e-06	6.24854e-06	
257	0.094681	0.0895252	0.00515575	0	0.417792	0.395041	0.0227504	0	0	0	
258	0.101422	0.0969805	0.00443031	1.11588e-05	0.447537	0.427939	0.0195493	4.92397e-05	1.25887e-05	5.55495e-05	
259	0.0481108	0.0456387	0.00246903	3.07299e-06	0.212295	0.201386	0.0108949	1.35599e-05	6.88426e-06	3.03776e-05	
260	0.0441799	0.0420863	0.00209357	0	0.194949	0.185711	0.00923816	0	0	0	
261	0.112297	0.110764	0.00153216	9.40907e-07	0.495527	0.488762	0.00676089	4.15187e-06	8.872e-07	3.91488e-06	
262	0.116681	0.11201	0.00467043	5.51313e-07	0.51487	0.494259	0.0206088	2.43274e-06	1.34504e-06	5.93517e-06	
263	0.0600743	0.0441185	0.0156866	0.000269174	0.265085	0.194678	0.0692192	0.00118776	0.000301815	0.00133179	
264	0.201693	0.141108	0.0600003	0.000585247	0.889998	0.622657	0.264759	0.00258248	0.000913233	0.00402976	
265	0.047033	0.0437122	0.00329709	2.37202e-05	0.207539	0.192885	0.0145488	0.000104668	2.67623e-05	0.000118092	
266	0.0895545	0.0841008	0.00545268	1.04985e-06	0.39517	0.371105	0.0240606	4.63261e-06	9.94226e-07	4.38715e-06	
267	0.0480212	0.0459276	0.00209357	0	0.211899	0.202661	0.00923816	0	0	0	
268	0.0858763	0.0858763	0	0	0.37894	0.37894	0	0	0	0	
269	0.206733	0.20647	0.000263487	8.66413e-08	0.912238	0.911075	0.00116267	3.82316e-07	3.08921e-08	1.36315e-07	
270	0.109439	0.108206	0.00122924	3.52989e-06	0.482914	0.477474	0.0054242	1.55761e-05	3.47413e-06	1.533e-05	
271	0.0858431	0.0852678	0.000575229	0	0.378793	0.376255	0.00253827	0	0	0	
272	0.106456	0.104466	0.00199053	0	0.469753	0.460969	0.0087835	0	0	0	
273	0.109724	0.0923372	0.0173403	4.67656e-05	0.484172	0.40745	0.0765164	0.000206359	5.13901e-05	0.000226765	
274	0.101669	0.0949973	0.00667211	0	0.448629	0.419188	0.0294415	0	0	0	
275	0.117672	0.112037	0.00559914	3.55256e-05	0.519243	0.49438	0.0247069	0.000156761	3.54701e-05	0.000156516	
276	0.0914183	0.0904472	0.000971062	0	0.403395	0.39911	0.00428494	0	0	0	
277	0.106286	0.104805	0.00148003	1.53e-06	0.469003	0.462465	0.00653082	6.75136e-06	1.47426e-06	6.50539e-06	
278	0.17821	0.149046	0.0290516	0.000112832	0.786378	0.657686	0.128194	0.00049789	0.000127267	0.000561585	
279	0.0787533	0.0775888	0.00116445	0	0.347509	0.34237	0.0051383	0	0	0	
280	0.145464	0.122242	0.0232038	1.90817e-05	0.641882	0.539409	0.102389	8.42005e-05	5.15845e-05	0.000227623	
281	0.113159	0.0957946	0.0172998	6.53939e-05	0.499332	0.422706	0.0763376	0.000288559	6.69457e-05	0.000295406	
282	0.0835502	0.0818076	0.0017426	0	0.368676	0.360986	0.00768949	0	0	0	
283	0.100023	0.0917818	0.00823253	9.37574e-06	0.441367	0.404999	0.0363271	4.13716e-05	1.6302e-05	7.1935e-05	
284	0.147998	0.1114	0.036586	1.20939e-05	0.65306	0.491567	0.16144	5.33661e-05	2.18036e-05	9.62112e-05	
285	0.101456	0.0878496	0.0135945	1.19399e-05	0.447688	0.387648	0.0599877	5.26866e-05	1.4597e-05	6.44114e-05	
286	0.119998	0.0826582	0.0373406	0	0.52951	0.36474	0.16477	0	0	0	
287	0.07722	0.065846	0.0112758	9.81953e-05	0.340743	0.290554	0.0497561	0.000433299	0.000154302	0.000680878	
288	0.232125	0.141484	0.0871832	0.00345792	1.02428	0.624317	0.384707	0.0152585	0.00439021	0.0193724	
289	0.0684888	0.0660932	0.00238345	1.218e-05	0.302215	0.291645	0.0105172	5.37459e-05	1.21243e-05	5.35001e-05	
290	0.070183	0.0694751	0.000706206	1.79443e-06	0.309691	0.306568	0.00311622	7.91817e-06	1.73871e-06	7.67232e-06	
291	0.198523	0.138134	0.0601151	0.000273652	0.87601	0.609537	0.265265	0.00120752	0.000960785	0.00423958	
292	0.12985	0.117486	0.0123332	3.13823e-05	0.572983	0.518423	0.0544221	0.000138478	3.13264e-05	0.000138231	
293	0.0599516	0.047904	0.0120475	0	0.264544	0.211382	0.0531615	0	0	0	
294	0.0649121	0.0614233	0.00345213	3.67363e-05	0.286433	0.271038	0.0152329	0.000162103	4.06129e-05	0.00017921	
295	0.201298	0.15323	0.0475612	0.00050745	0.888257	0.676147	0.20987	0.00223919	0.000625791	0.00276138	
296	0.119191	0.119132	5.86157e-05	0	0.525947	0.525688	0.000258649	0	0	0	
297	0.176421	0.147616	0.0287473	5.85774e-05	0.778484	0.651374	0.126851	0.00025848	7.9295e-05	0.000349899	
298	0.107785	0.0914761	0.016298	1.14785e-05	0.475617	0.40365	0.0719171	5.06506e-05	3.42693e-05	0.000151218	
299	0.103139	0.0799768	0.0227786	0.000383579	0.455114	0.352908	0.100513	0.00169259	0.000403779	0.00178172	
300	0.0775789	0.0772863	0.000292519	0	0.342326	0.341036	0.00129078	0	0	0	
301	0.0629593	0.0626769	0.000282414	0	0.277816	0.27657	0.00124619	0	0	0	
302	0.0742612	0.0698375	0.00442243	1.30201e-06	0.327687	0.308167	0.0195145	5.74531e-06	1.25228e-06	5.52586e-06	
303	0.120739	0.106558	0.014165	1.66416e-05	0.53278	0.470201	0.0625051	7.34334e-05	1.65892e-05	7.32021e-05	
304	0.0961222	0.0961222	0	0	0.424151	0.424151	0	0	0	0	
305	0.0545389	0.041564	0.0129749	0	0.24066	0.183406	0.0572535	0	0	0	
306	0.0636032	0.0533078	0.0102954	0	0.280657	0.235227	0.0454299	0	0	0	
307	0.0920484	0.0879209	0.00412744	0	0.406175	0.387962	0.0182128	0	0	0	
308	0.092978	0.076061	0.0168062	0.000110814	0.410277	0.335629	0.0741597	0.000488981	0.000133101	0.000587329	
309	0.120649	0.111551	0.00907972	1.81459e-05	0.532381	0.492235	0.0400654	8.00711e-05	1.81931e-05	8.02797e-05	
310	0.144921	0.144355	0.000566164	4.8051e-07	0.639485	0.636985	0.00249827	2.12031e-06	4.27984e-07	1.88853e-06	
311	0.0797661	0.0744688	0.00525064	4.66404e-05	0.351978	0.328603	0.0231691	0.000205807	5.23287e-05	0.000230907	
312	0.132406	0.0965215	0.035752	0.000132402	0.584258	0.425913	0.15776	0.000584241	0.000161897	0.000714391	
313	0.105184	0.0940938	0.0110864	4.12878e-06	0.464139	0.415201	0.0489201	1.82187e-05	5.08575e-06	2.24415e-05	
314	0.0787474	0.0778273	0.000920159	0	0.347483	0.343423	0.00406032	0	0	0	
315	0.102402	0.0956524	0.00673119	1.93792e-05	0.451866	0.422078	0.0297022	8.55135e-05	2.2585e-05	9.96595e-05	
316	0.0748842	0.0711068	0.00375331	2.42214e-05	0.330436	0.313767	0.0165619	0.00010688	2.64796e-05	0.000116844	
317	0.12179	0.0773124	0.0443745	0.00010391	0.537417	0.341151	0.195808	0.000458516	0.000125542	0.000553971	
318	0.153509	0.123148	0.0303611	0	0.677381	0.543408	0.133972	0	0	0	
319	0.243586	0.144609	0.0965949	0.00238148	1.07485	0.638109	0.426237	0.0105086	0.00260182	0.0114808	
320	0.0956961	0.0766379	0.0190486	9.67213e-06	0.422271	0.338174	0.0840547	4.26795e-05	1.30418e-05	5.7549e-05	
321	0.147695	0.0995186	0.0467527	0.00142432	0.651726	0.439138	0.206302	0.00628502	0.00145195	0.00640694	
322	0.14071	0.0793693	0.0604725	0.000868778	0.620903	0.350227	0.266842	0.00383359	0.00140198	0.00618645	
323	0.100772	0.0955476	0.00522467	0	0.44467	0.421616	0.0230545	0	0	0	
324	0.12742	0.126112	0.00130743	0	0.562258	0.556488	0.00576924	0	0	0	
325	0.091238	0.090889	0.000348967	0	0.402599	0.401059	0.00153986	0	0	0	
326	0.0716619	0.0715931	6.88221e-05	0	0.316217	0.315913	0.000303686	0	0	0	
327	0.0789854	0.0756913	0.00329405	0	0.348533	0.333998	0.0145354	0	0	0	
328	0.0913821	0.0913821	0	0	0.403235	0.403235	0	0	0	0	
329	0.0950901	0.0921484	0.00293644	5.37092e-06	0.419597	0.406616	0.0129574	2.36999e-05	5.31525e-06	2.34542e-05	
330	0.145437	0.0889327	0.0550653	0.00143909	0.641759	0.392427	0.242982	0.00635018	0.0019942	0.00879967	
331	0.12448	0.117722	0.00674864	8.68072e-06	0.549284	0.519467	0.0297792	3.83048e-05	1.38826e-05	6.12588e-05	
332	0.109711	0.0970768	0.0125192	0.00011562	0.484116	0.428364	0.0552428	0.000510189	0.000137131	0.000605112	
333	0.122855	0.0991712	0.0236843	0	0.542116	0.437605	0.10451	0	0	0	
334	0.141787	0.0890759	0.0524217	0.000290229	0.625657	0.393059	0.231317	0.00128067	0.000410116	0.00180969	
335	0.0850509	0.0810418	0.00400913	0	0.375298	0.357607	0.0176908	0	0	0	
336	0.100786	0.0900886	0.0106979	3.04598e-07	0.444735	0.397527	0.047206	1.34407e-06	2.51835e-07	1.11125e-06	
337	0.118804	0.112636	0.00615773	1.07891e-05	0.524242	0.497022	0.0271717	4.76085e-05	1.08235e-05	4.77601e-05	
338	0.11179	0.102419	0.00923191	0.00013884	0.493289	0.451939	0.040737	0.000612652	0.000138858	0.000612733	
339	0.0854569	0.0775993	0.00782316	3.44243e-05	0.377089	0.342417	0.0345207	0.000151901	4.00165e-05	0.000176578	
340	0.104877	0.0841786	0.0205603	0.000138849	0.462786	0.371449	0.0907253	0.000612691	0.000214275	0.000945517	
341	0.108139	0.105087	0.00305108	1.84506e-07	0.477177	0.463714	0.0134632	8.14157e-07	1.93591e-07	8.54246e-07	
342	0.112221	0.0759451	0.0361665	0.000109645	0.49519	0.335117	0.159589	0.000483826	0.000118467	0.000522751	
343	0.142325	0.08889	0.052094	0.00134133	0.628029	0.392238	0.229871	0.00591882	0.00285536	0.0125996	
344	0.0837954	0.0830988	0.00069664	0	0.369758	0.366684	0.00307401	0	0	0	
345	0.124218	0.0958003	0.0284054	1.26082e-05	0.548129	0.422731	0.125342	5.56357e-05	3.03072e-05	0.000133734	
346	0.148928	0.0990098	0.049187	0.00073136	0.657165	0.436893	0.217044	0.00322722	0.000905334	0.0039949	
347	0.0979698	0.0760654	0.0218078	9.65784e-05	0.432304	0.335648	0.0962297	0.000426164	0.000117658	0.000519182	
348	0.100207	0.0843733	0.0157769	5.68894e-05	0.442176	0.372308	0.0696178	0.000251032	7.20126e-05	0.000317764	
349	0.0824386	0.0727609	0.00967571	2.0147e-06	0.363771	0.321067	0.0426953	8.89012e-06	5.12585e-06	2.26185e-05	
350	0.141425	0.0766783	0.0639576	0.000790038	0.62406	0.338353	0.282221	0.00348614	0.00163786	0.00722729	
351	0.15338	0.0944244	0.0587886	0.000167306	0.67681	0.41666	0.259412	0.00073826	0.000278233	0.00122774	
352	0.130812	0.0823738	0.0484067	3.23384e-05	0.577228	0.363485	0.2136	0.000142697	4.15696e-05	0.000183431	
353	0.0856844	0.0785646	0.00711984	0	0.378093	0.346676	0.0314172	0	0	0	
354	0.0879058	0.0797908	0.00805869	5.63748e-05	0.387896	0.352087	0.03556	0.000248761	6.19497e-05	0.000273361	
355	0.084321	0.0840802	0.000240766	0	0.372077	0.371014	0.00106241	0	0	0	
356	0.124953	0.109649	0.0152501	5.35423e-05	0.551373	0.483844	0.0672933	0.000236262	5.4757e-05	0.000241622	
357	0.214028	0.108837	0.102337	0.00285354	0.944427	0.480259	0.451576	0.0125916	0.00378781	0.0167142	
358	0.175091	0.098571	0.0745974	0.00192292	0.772613	0.434957	0.32917	0.00848516	0.00315545	0.0139238	
359	0.120099	0.0787615	0.0402567	0.00108145	0.529955	0.347545	0.177638	0.00477205	0.00157931	0.00696895	
360	0.102396	0.0973203	0.00507394	2.30398e-06	0.451838	0.429438	0.0223894	1.01666e-05	2.36867e-06	1.04521e-05	
361	0.0473301	0.0473301	0	0	0.20885	0.20885	0	0	0	0	
362	0.105483	0.0876868	0.0177241	7.21155e-05	0.465457	0.386929	0.0782101	0.000318219	7.83508e-05	0.000345733	
363	0.04947	0.0494341	3.59075e-05	0	0.218293	0.218134	0.000158446	0	0	0	
364	0.131674	0.1142	0.0174742	0	0.581031	0.503923	0.0771075	0	0	0	
365	0.0800963	0.0797774	0.000318848	0	0.353435	0.352028	0.00140695	0	0	0	
366	0.11692	0.0920962	0.024812	1.20304e-05	0.515925	0.406386	0.109486	5.30857e-05	2.08156e-05	9.18516e-05	
367	0.12758	0.105728	0.0217415	0.000111272	0.562967	0.466538	0.0959375	0.000491006	0.000208445	0.000919792	
368	0.081085	0.0760797	0.00497941	2.59616e-05	0.357798	0.335711	0.0219723	0.000114559	2.59771e-05	0.000114627	
369	0.0827474	0.080634	0.00211339	0	0.365133	0.355808	0.00932562	0	0	0	
370	0.111914	0.0920124	0.0197415	0.000160229	0.493835	0.406016	0.0871122	0.000707031	0.000255792	0.00112871	
371	0.116374	0.0796466	0.036611	0.000116984	0.513517	0.35145	0.16155	0.000516209	0.000131143	0.000578688	
372	0.102015	0.0793671	0.022567	8.09861e-05	0.450154	0.350217	0.0995799	0.000357361	0.000125968	0.00055585	
373	0.0827936	0.0795232	0.00326931	1.12555e-06	0.365337	0.350906	0.0144262	4.96664e-06	1.41466e-06	6.24237e-06	
374	0.174636	0.10435	0.0643512	0.0059345	0.770604	0.460459	0.283958	0.0261867	0.00780451	0.0344384	
375	0.146203	0.127642	0.0183617	0.000199222	0.64514	0.563238	0.0810237	0.000879094	0.000209853	0.000926006	
376	0.100163	0.09928	0.000882541	5.42321e-07	0.441982	0.438086	0.00389432	2.39306e-06	5.32197e-07	2.34838e-06	
377	0.103457	0.100468	0.0029877	1.31407e-06	0.456519	0.44333	0.0131836	5.79853e-06	1.25847e-06	5.55318e-06	
378	0.114561	0.104102	0.0103938	6.5186e-05	0.505516	0.459365	0.0458642	0.000287641	7.47261e-05	0.000329738	
379	0.0921975	0.0770099	0.0151867	8.4864e-07	0.406833	0.339816	0.0670134	3.74473e-06	2.93508e-06	1.29514e-05	
380	0.114612	0.0827233	0.0318217	6.72124e-05	0.505741	0.365027	0.140417	0.000296583	9.48602e-05	0.000418583	
381	0.110923	0.0800943	0.030408	0.000421641	0.489466	0.353426	0.134179	0.00186054	0.000694214	0.0030633	
382	0.110094	0.104422	0.00566728	4.61061e-06	0.485804	0.460776	0.0250076	2.03449e-05	4.64469e-06	2.04953e-05	
383	0.0827325	0.0761963	0.00653624	0	0.365068	0.336226	0.028842	0	0	0	
384	0.0942453	0.0907192	0.00352606	0	0.415869	0.40031	0.0155592	0	0	0	
385	0.140791	0.107714	0.0325711	0.000505941	0.621261	0.475305	0.143724	0.00223253	0.000657751	0.00290241	
386	0.0978193	0.0798978	0.0177605	0.000161048	0.43164	0.352559	0.0783708	0.000710646	0.000210304	0.000927996	
387	0.093916	0.0845178	0.00933055	6.77214e-05	0.414416	0.372945	0.0411722	0.000298829	7.04802e-05	0.000311003	
388	0.0873392	0.0772445	0.00993907	0.000155707	0.385395	0.340851	0.0438574	0.00068708	0.000155651	0.000686834	
389	0.140812	0.111562	0.0292297	2.02499e-05	0.621351	0.492282	0.12898	8.93554e-05	2.3941e-05	0.000105642	
390	0.0824745	0.074622	0.0078525	0	0.363929	0.329279	0.0346501	0	0	0	
391	0.0980621	0.0915839	0.0064488	2.93815e-05	0.432711	0.404126	0.0284561	0.000129649	3.26953e-05	0.000144272	
392	0.0921483	0.0500191	0.0417501	0.000379185	0.406616	0.220715	0.184227	0.0016732	0.000390367	0.00172254	
393	0.0894385	0.0811907	0.0082478	0	0.394659	0.358264	0.0363944	0	0	0	
394	0.0980193	0.0929642	0.00505513	0	0.432523	0.410216	0.0223064	0	0	0	
395	0.149319	0.13879	0.0105287	0	0.658889	0.61243	0.0464593	0	0	0	
396	0.099323	0.059367	0.039956	0	0.438275	0.261964	0.176311	0	0	0	
397	0.129271	0.101703	0.0272163	0.000351818	0.570427	0.448779	0.120095	0.00155244	0.000586248	0.00258689	
398	0.092332	0.0915132	0.000818801	0	0.407427	0.403813	0.00361306	0	0	0	
399	0.0792838	0.0788261	0.000457372	3.02865e-07	0.34985	0.34783	0.00201821	1.33643e-06	2.47123e-07	1.09046e-06	
400	0.147876	0.129556	0.0183199	0	0.652523	0.571684	0.0808393	0	0	0	
401	0.102382	0.101021	0.001361	0	0.451777	0.445771	0.00600563	0	0	0	
402	0.113759	0.0837267	0.0299783	5.48989e-05	0.50198	0.369455	0.132283	0.000242248	5.8131e-05	0.00025651	
403	0.117772	0.089165	0.0283914	0.000215997	0.519686	0.393452	0.125281	0.000953118	0.000360069	0.00158885	
404	0.110057	0.0991667	0.0108864	4.21329e-06	0.485642	0.437586	0.0480379	1.85916e-05	4.15777e-06	1.83467e-05	
405	0.107626	0.107626	0	0	0.474916	0.474916	0	0	0	0	
406	0.20262	0.177625	0.0249912	4.6414e-06	0.894091	0.783793	0.110277	2.04808e-05	4.58568e-06	2.02349e-05	
407	0.13067	0.0858431	0.0446587	0.000168621	0.5766	0.378793	0.197062	0.000744062	0.000181651	0.000801562	
408	0.130636	0.128198	0.00243803	0	0.576451	0.565693	0.0107581	0	0	0	
409	0.0925607	0.0923826	0.000178084	0	0.408436	0.40765	0.000785819	0	0	0	
410	0.113615	0.0883217	0.0250971	0.000196629	0.501343	0.389731	0.110744	0.000867651	0.000993135	0.00438233	
411	0.135772	0.11803	0.017724	1.74107e-05	0.599111	0.520825	0.0782097	7.6827e-05	1.7356e-05	7.65858e-05	
412	0.148593	0.122959	0.0256339	1.53611e-07	0.655689	0.542575	0.113113	6.77831e-07	1.92369e-07	8.48853e-07	
413	0.0938372	0.092166	0.00167127	0	0.414069	0.406694	0.00737471	0	0	0	
414	0.149062	0.113326	0.0357093	2.62265e-05	0.657755	0.500068	0.157571	0.000115728	2.65658e-05	0.000117225	
415	0.0927354	0.0925951	0.000140379	0	0.409207	0.408587	0.000619442	0	0	0	
416	0.123162	0.106844	0.016318	0	0.543472	0.471466	0.0720056	0	0	0	
417	0.107226	0.0964347	0.0107922	0	0.473152	0.42553	0.0476221	0	0	0	
418	0.0807178	0.0774664	0.00325133	0	0.356177	0.34183	0.0143469	0	0	0	
419	0.135804	0.102853	0.0328878	6.27287e-05	0.599255	0.453856	0.145122	0.000276798	0.00011742	0.000518132	
420	0.0844018	0.0843491	5.27504e-05	0	0.372434	0.372201	0.000232768	0	0	0	
421	0.0882996	0.0867645	0.00153506	0	0.389633	0.382859	0.00677365	0	0	0	
422	0.098877	0.08162	0.0172388	1.8194e-05	0.436307	0.360158	0.0760685	8.02837e-05	1.81374e-05	8.00337e-05	
423	0.0660238	0.0564203	0.00960351	0	0.291338	0.248962	0.0423767	0	0	0	
424	0.111585	0.111417	0.000167653	0	0.492383	0.491644	0.000739792	0	0	0	
425	0.0737757	0.070109	0.00366667	0	0.325544	0.309365	0.0161796	0	0	0	
426	0.113269	0.109908	0.00335751	4.02727e-06	0.499816	0.484983	0.0148154	1.77708e-05	4.55146e-06	2.00839e-05	
427	0.0922763	0.0911979	0.00107836	0	0.407181	0.402422	0.00475843	0	0	0	
428	0.0957014	0.0948016	0.000899436	4.05288e-07	0.422295	0.418324	0.00396887	1.78838e-06	3.49533e-07	1.54236e-06	
429	0.122856	0.0889308	0.033926	0	0.542121	0.392418	0.149702	0	0	0	
430	0.234391	0.21408	0.0202952	1.55111e-05	1.03428	0.944658	0.0895555	6.8445e-05	1.54546e-05	6.81957e-05	
431	0.182989	0.167674	0.0153143	0	0.807462	0.739886	0.0675763	0	0	0	
432	0.135395	0.113082	0.0222799	3.28684e-05	0.59745	0.498992	0.0983131	0.000145036	4.85515e-05	0.00021424	
433	0.110103	0.099368	0.0105936	0.000142211	0.485847	0.438474	0.046746	0.000627527	0.000171066	0.00075485	
434	0.0903887	0.0812393	0.00914941	0	0.398851	0.358478	0.0403729	0	0	0	
435	0.214396	0.153335	0.0608444	0.000216504	0.94605	0.676611	0.268484	0.000955351	0.000296842	0.00130985	
436	0.120151	0.0868599	0.0330004	0.000291154	0.530184	0.38328	0.145618	0.00128475	0.000366538	0.00161739	
437	0.148035	0.0869097	0.0591051	0.0020203	0.653224	0.3835	0.260809	0.00891487	0.00310254	0.0136903	
438	0.181467	0.131529	0.0488758	0.00106227	0.80075	0.580392	0.21567	0.00468743	0.00116257	0.00513001	
439	0.136228	0.128174	0.00805064	3.49234e-06	0.601127	0.565588	0.0355245	1.54104e-05	3.89584e-06	1.71908e-05	
440	0.0857716	0.0808482	0.0048909	3.26188e-05	0.378478	0.356753	0.0215817	0.000143934	3.67793e-05	0.000162293	
441	0.0693342	0.0682266	0.00110758	0	0.305946	0.301058	0.00488736	0	0	0	
442	0.133902	0.0957594	0.037149	0.00099382	0.590861	0.42255	0.163925	0.00438536	0.00133185	0.00587696	
443	0.168884	0.13916	0.0295024	0.000221843	0.745224	0.614062	0.130183	0.000978912	0.000329882	0.00145564	
444	0.137649	0.108902	0.0286815	6.54168e-05	0.607396	0.480546	0.12656	0.00028866	7.69891e-05	0.000339724	
445	0.113049	0.088991	0.023969	8.96287e-05	0.498846	0.392684	0.105766	0.000395498	0.000141314	0.000623566	
446	0.155977	0.0915063	0.0641152	0.000355689	0.688269	0.403783	0.282916	0.00156952	0.000496236	0.0021897	
447	0.16293	0.123052	0.0398785	0	0.718953	0.542984	0.175969	0	0	0	
448	0.0496742	0.0378849	0.0117877	1.5295e-06	0.219193	0.167172	0.052015	6.74911e-06	1.68424e-06	7.43192e-06	
449	0.257473	0.15556	0.101623	0.000289054	1.13613	0.686431	0.448427	0.00127548	0.000486449	0.00214651	
450	0.0891444	0.0801289	0.00901552	0	0.393361	0.353579	0.0397821	0	0	0	
451	0.133823	0.121282	0.0125312	9.42906e-06	0.590513	0.535176	0.0552958	4.16069e-05	1.09199e-05	4.81857e-05	
452	0.174099	0.100932	0.072096	0.00107075	0.768234	0.445377	0.318133	0.00472484	0.00114888	0.0050696	
453	0.102362	0.0964153	0.00594609	1.09408e-06	0.451687	0.425444	0.0262379	4.82779e-06	1.92757e-06	8.50566e-06	
454	0.141426	0.08995	0.0513795	9.67158e-05	0.624061	0.396916	0.226718	0.000426771	0.000207197	0.000914285	
455	0.158325	0.105993	0.0520302	0.000301176	0.698629	0.46771	0.22959	0.00132898	0.000373724	0.0016491	
456	0.150808	0.112875	0.0374978	0.000435385	0.665462	0.498076	0.165464	0.00192119	0.000589127	0.00259959	
457	0.134179	0.10144	0.0327266	1.2519e-05	0.592084	0.447619	0.14441	5.52417e-05	2.40145e-05	0.000105967	
458	0.103841	0.079625	0.0241429	7.33143e-05	0.458213	0.351356	0.106533	0.000323508	8.47099e-05	0.000373793	
459	0.10088	0.089693	0.011176	1.12104e-05	0.445147	0.395781	0.0493158	4.94675e-05	2.66059e-05	0.000117402	
460	0.132062	0.0861164	0.0459337	1.23522e-05	0.582742	0.38	0.202688	5.4506e-05	2.4372e-05	0.000107544	
461	0.144994	0.0862902	0.0587044	0	0.639807	0.380766	0.259041	0	0	0	
462	0.119438	0.100886	0.0184595	9.28354e-05	0.527037	0.445172	0.0814551	0.000409648	0.000125066	0.00055187	
463	0.142218	0.120561	0.0216566	0	0.627555	0.531992	0.0955629	0	0	0	
464	0.0824778	0.0696042	0.0128606	1.3042e-05	0.363944	0.307137	0.0567493	5.75498e-05	1.55522e-05	6.86263e-05	
465	0.0853779	0.0834193	0.00195859	0	0.376741	0.368098	0.00864255	0	0	0	
466	0.174032	0.110918	0.0629984	0.000115325	0.767938	0.489441	0.277988	0.000508888	0.000288533	0.00127319	
467	0.116343	0.0804906	0.0353938	0.000459401	0.513382	0.355175	0.156179	0.00202716	0.000597367	0.00263596	
468	0.107505	0.102456	0.00504834	6.00138e-07	0.47438	0.452101	0.0222764	2.64818e-06	1.59848e-06	7.05352e-06	
469	0.0776266	0.0774774	0.000149203	0	0.342537	0.341879	0.000658381	0	0	0	
470	0.109607	0.0957758	0.0137612	7.01988e-05	0.483655	0.422623	0.0607233	0.000309761	0.000128189	0.000565654	
471	0.129486	0.0797418	0.0497446	0	0.571375	0.351871	0.219504	0	0	0	
472	0.13069	0.0899842	0.0379948	0.00271171	0.576689	0.397067	0.167657	0.0119657	0.0030335	0.0133857	
473	0.162944	0.10009	0.0604882	0.00236514	0.719012	0.441663	0.266912	0.0104365	0.0031009	0.0136831	
474	0.10709	0.0776485	0.0294418	0	0.47255	0.342634	0.129916	0	0	0	
475	0.117715	0.114289	0.00342515	1.78401e-06	0.519436	0.504315	0.0151139	7.8722e-06	1.73167e-06	7.64125e-06	
476	0.157873	0.113722	0.0441367	1.3853e-05	0.696637	0.501817	0.194759	6.11282e-05	1.44863e-05	6.39228e-05	
477	0.126289	0.0978858	0.0283523	5.11954e-05	0.557267	0.431933	0.125108	0.000225906	7.82884e-05	0.000345457	
478	0.0932698	0.0796118	0.0136027	5.52748e-05	0.411565	0.351297	0.0600238	0.000243907	7.23134e-05	0.000319092	
479	0.10782	0.098578	0.00914249	0.000100209	0.475772	0.434988	0.0403424	0.000442186	0.000102302	0.000451423	
480	0.123058	0.0984739	0.0245816	2.76261e-06	0.543011	0.434529	0.108469	1.21904e-05	5.3963e-06	2.38118e-05	
481	0.08336	0.0765779	0.00678209	0	0.367836	0.337909	0.0299268	0	0	0	
482	0.132303	0.10673	0.0255562	1.67968e-05	0.583806	0.470961	0.11277	7.41182e-05	2.92204e-05	0.000128939	
483	0.103216	0.0933007	0.00990398	1.17649e-05	0.455455	0.411701	0.0437025	5.19141e-05	2.14892e-05	9.48239e-05	
484	0.149482	0.117702	0.0311171	0.000662869	0.659609	0.519376	0.137308	0.00292499	0.000881448	0.0038895	
485	0.10972	0.0956989	0.0139147	0.00010697	0.484156	0.422283	0.0614006	0.00047202	0.000109777	0.000484408	
486	0.0846926	0.080622	0.00406946	1.21321e-06	0.373717	0.355754	0.017957	5.35347e-06	4.24559e-06	1.87342e-05	
487	0.104344	0.10057	0.00377352	0	0.460433	0.443782	0.0166511	0	0	0	
488	0.132595	0.096237	0.0363292	2.96907e-05	0.585096	0.424658	0.160307	0.000131014	4.62116e-05	0.000203914	
489	0.146648	0.0989148	0.0477338	0	0.647106	0.436474	0.210631	0	0	0	
490	0.0966277	0.0914505	0.0051772	0	0.426382	0.403537	0.022845	0	0	0	
491	0.103069	0.0788655	0.024197	6.89341e-06	0.454807	0.348004	0.106772	3.0418e-05	1.52746e-05	6.74012e-05	
492	0.148607	0.0977396	0.0497187	0.00114884	0.655748	0.431289	0.21939	0.00506941	0.00132291	0.00583753	
493	0.196634	0.11253	0.0838803	0.000224472	0.867677	0.496553	0.370132	0.000990515	0.000317622	0.00140154	
494	0.176258	0.117969	0.0581993	8.9883e-05	0.777764	0.520556	0.256811	0.00039662	0.000126253	0.000557108	
495	0.0893996	0.0845389	0.00486068	0	0.394487	0.373038	0.0214483	0	0	0	
496	0.105645	0.0903768	0.0149293	0.000339692	0.466175	0.398799	0.0658775	0.00149893	0.000345055	0.0015226	
497	0.115921	0.0781309	0.0376984	9.26206e-05	0.51152	0.344762	0.166349	0.0004087	0.000215849	0.000952463	
498	0.170066	0.134498	0.0352485	0.00031964	0.750439	0.59349	0.155538	0.00141045	0.000345505	0.00152458	
499	0.159541	0.159106	0.000434895	0	0.703995	0.702076	0.00191903	0	0	0	
500	0.141421	0.081325	0.0595088	0.000587648	0.62404	0.358857	0.26259	0.00259307	0.00108875	0.00480426	
501	0.129682	0.109201	0.020333	0.000148226	0.572242	0.481866	0.089722	0.00065407	0.000161884	0.000714334	
502	0.0935715	0.0915742	0.00199736	0	0.412896	0.404083	0.00881361	0	0	0	
503	0.114933	0.10372	0.011201	1.24158e-05	0.507158	0.457678	0.0494258	5.47867e-05	1.23603e-05	5.45416e-05	
504	0.127993	0.120171	0.00780965	1.22624e-05	0.564785	0.53027	0.034461	5.41095e-05	1.22124e-05	5.3889e-05	
505	0.0736885	0.0691385	0.00454999	0	0.32516	0.305082	0.0200774	0	0	0	
506	0.14488	0.0984695	0.0461866	0.000224272	0.639303	0.434509	0.203804	0.00098963	0.000323277	0.0014265	
507	0.208196	0.159062	0.0489219	0.00021179	0.918692	0.701883	0.215874	0.000934551	0.000218594	0.000964577	
508	0.095378	0.0886294	0.00674855	0	0.420867	0.391088	0.0297788	0	0	0	
509	0.0972307	0.0877708	0.00945993	0	0.429043	0.3873	0.0417432	0	0	0	
510	0.139217	0.106011	0.0327904	0.000415859	0.614315	0.467789	0.144691	0.00183503	0.000537363	0.00237118	
511	0.0787146	0.0756521	0.00306256	0	0.347338	0.333824	0.0135139	0	0	0	
512	0.154115	0.0889222	0.0650205	0.000172352	0.680052	0.39238	0.286911	0.000760529	0.000370313	0.00163405	
513	0.107977	0.0917465	0.0162138	1.66958e-05	0.476462	0.404843	0.0715458	7.36726e-05	3.76208e-05	0.000166006	
514	0.240236	0.129306	0.108816	0.00211417	1.06007	0.570579	0.480164	0.00932904	0.00292246	0.0128957	
515	0.0633289	0.0569688	0.00634197	1.81924e-05	0.279447	0.251382	0.0279847	8.02766e-05	1.97411e-05	8.71105e-05	
516	0.103587	0.0890837	0.0142866	0.000217416	0.457094	0.393093	0.0630417	0.00095938	0.000232035	0.00102388	
517	0.0858875	0.0822619	0.00362555	0	0.378989	0.362991	0.0159982	0	0	0	
518	0.189779	0.156852	0.0329265	0	0.837425	0.692133	0.145292	0	0	0	
519	0.0653734	0.0423811	0.0229913	9.63737e-07	0.288468	0.187012	0.101452	4.25261e-06	2.59486e-06	1.14501e-05	
520	0.160994	0.123157	0.0371105	0.000726519	0.710409	0.543448	0.163754	0.00320586	0.000953735	0.00420848	
521	0.257173	0.110586	0.145291	0.00129565	1.13481	0.487975	0.641117	0.00571724	0.00284504	0.0125541	
522	0.173193	0.07886	0.0942134	0.000120228	0.764239	0.34798	0.415728	0.000530525	0.000306024	0.00135037	
523	0.0916477	0.0767103	0.0149373	0	0.404407	0.338494	0.0659129	0	0	0	
524	0.148981	0.106686	0.041873	0.000421575	0.657398	0.470768	0.18477	0.00186025	0.000620245	0.00273691	
525	0.156719	0.100441	0.0557608	0.000517199	0.691546	0.443213	0.246051	0.0022822	0.000809094	0.00357023	
526	0.118481	0.102157	0.0162582	6.61682e-05	0.522816	0.450783	0.0717414	0.000291976	7.32153e-05	0.000323072	
527	0.110897	0.0784891	0.0322251	0.000182765	0.489347	0.346343	0.142197	0.000806475	0.000202668	0.000894301	
528	0.0891996	0.0809728	0.0082062	2.06529e-05	0.393605	0.357303	0.0362109	9.1134e-05	2.66173e-05	0.000117452	
529	0.125187	0.0816439	0.043204	0.000339072	0.552404	0.360264	0.190643	0.0014962	0.000677295	0.00298865	
530	0.0943612	0.0814091	0.012935	1.70772e-05	0.416381	0.359228	0.0570775	7.53554e-05	1.99336e-05	8.79596e-05	
531	0.172366	0.105775	0.0662677	0.00032303	0.760588	0.466748	0.292415	0.00142541	0.0010523	0.00464341	
532	0.10771	0.0843763	0.0233342	0	0.475286	0.372321	0.102965	0	0	0	
533	0.166157	0.118818	0.047174	0.000165326	0.733191	0.5243	0.208161	0.000729526	0.000357702	0.0015784	
534	0.136063	0.114281	0.0214078	0.000373536	0.600396	0.504283	0.0944648	0.00164827	0.00037388	0.00164979	
535	0.092223	0.0782851	0.0139308	7.10196e-06	0.406946	0.345443	0.0614717	3.13383e-05	1.44635e-05	6.38223e-05	
536	0.0739764	0.066401	0.00757535	0	0.32643	0.293003	0.0334272	0	0	0	
537	0.122799	0.0774183	0.0448292	0.000551747	0.541867	0.341618	0.197814	0.00243465	0.00107434	0.0047407	
538	0.136892	0.0811023	0.0540432	0.00174678	0.604055	0.357874	0.238472	0.0077079	0.00400808	0.0176861	
539	0.134347	0.0838809	0.0503575	0.000108705	0.592823	0.370135	0.222209	0.000479676	0.000176915	0.00078066	
540	0.0930785	0.0806288	0.0123348	0.000114885	0.41072	0.355785	0.0544289	0.000506948	0.000134418	0.000593138	
541	0.0921542	0.0829102	0.00922029	2.37888e-05	0.406642	0.365852	0.0406857	0.000104971	2.72952e-05	0.000120443	
542	0.180766	0.151292	0.029241	0.000233322	0.797657	0.667597	0.129029	0.00102956	0.000253002	0.0011164	
543	0.131089	0.0901877	0.040893	8.38958e-06	0.578447	0.397965	0.180445	3.70201e-05	3.15257e-05	0.000139111	
544	0.168661	0.127817	0.040806	3.78282e-05	0.744241	0.564013	0.180061	0.000166922	0.000219375	0.000968024	
545	0.150698	0.0758556	0.0748273	1.53072e-05	0.664975	0.334722	0.330185	6.7545e-05	1.67066e-05	7.37202e-05	
546	0.137095	0.117601	0.0194905	2.7955e-06	0.60495	0.518933	0.0860047	1.23355e-05	5.3981e-06	2.38198e-05	
547	0.0850613	0.0761598	0.00890146	0	0.375344	0.336065	0.0392788	0	0	0	
548	0.117158	0.111776	0.00538208	0	0.516976	0.493227	0.0237491	0	0	0	
549	0.154067	0.0857599	0.0671543	0.00115346	0.679843	0.378426	0.296327	0.0050898	0.00203795	0.00899275	
550	0.173583	0.120804	0.050633	0.00214677	0.765961	0.533063	0.223424	0.00947291	0.00259104	0.0114333	
551	0.0976894	0.0974218	0.000267611	0	0.431067	0.429886	0.00118087	0	0	0	
552	0.0829502	0.0732454	0.00964449	6.04271e-05	0.366028	0.323204	0.0425575	0.000266642	6.49187e-05	0.000286462	
553	0.186567	0.184623	0.00194354	5.52829e-07	0.823253	0.814674	0.00857614	2.43943e-06	4.97042e-07	2.19326e-06	
554	0.139061	0.103346	0.0349455	0.000769945	0.613628	0.456029	0.154201	0.00339748	0.000824709	0.00363913	
555	0.0939694	0.0758119	0.0181574	0	0.414652	0.33453	0.0801221	0	0	0	
556	0.185867	0.150911	0.0348817	7.49174e-05	0.820166	0.665915	0.15392	0.000330583	7.48604e-05	0.000330331	
557	0.0894897	0.0796553	0.00981078	2.36791e-05	0.394885	0.351489	0.0432913	0.000104487	4.94833e-05	0.000218351	
558	0.106522	0.0982944	0.00822805	0	0.470044	0.433737	0.0363073	0	0	0	
559	0.0962605	0.0797604	0.0162872	0.000212959	0.424762	0.351953	0.0718694	0.000939712	0.000283889	0.0012527	
560	0.094752	0.0855705	0.0091815	0	0.418105	0.37759	0.0405145	0	0	0	
561	0.107404	0.0939117	0.0133199	0.000172843	0.473936	0.414397	0.0587761	0.000762696	0.000224208	0.000989349	
562	0.0759155	0.050283	0.0256324	0	0.334986	0.22188	0.113106	0	0	0	
563	0.103991	0.0795174	0.0244133	6.02786e-05	0.458874	0.350881	0.107727	0.000265987	8.07571e-05	0.000356351	
564	0.117493	0.0821879	0.0351709	0.000134173	0.518453	0.362665	0.155196	0.000592056	0.000298591	0.00131757	
565	0.101131	0.0857297	0.0153185	8.2738e-05	0.446253	0.378293	0.0675951	0.000365092	0.000106623	0.000470491	
566	0.122373	0.104675	0.0174851	0.000211917	0.539986	0.461896	0.0771556	0.000935114	0.000212339	0.000936974	
567	0.220321	0.162281	0.0572075	0.000832864	0.972196	0.716085	0.252435	0.00367512	0.000876531	0.0038678	
568	0.141047	0.116288	0.024759	0	0.622391	0.513138	0.109252	0	0	0	
569	0.0766066	0.0765466	6.00167e-05	0	0.338036	0.337771	0.000264831	0	0	0	
570	0.131093	0.120831	0.0101541	0.000107045	0.578464	0.533186	0.0448064	0.000472352	0.000126197	0.000556863	
571	0.103758	0.0923332	0.0114206	4.97153e-06	0.457849	0.407432	0.0503952	2.19375e-05	5.47928e-06	2.4178e-05	
572	0.111653	0.0984765	0.0130881	8.84601e-05	0.492683	0.43454	0.057753	0.000390341	0.000102282	0.000451335	
573	0.0996607	0.0851261	0.0145139	2.07109e-05	0.439765	0.37563	0.0640445	9.13896e-05	4.14087e-05	0.000182721	
574	0.135031	0.0805768	0.054142	0.000312948	0.595845	0.355555	0.238909	0.00138092	0.000406728	0.00179474	
575	0.131954	0.0850657	0.0462192	0.000669051	0.582264	0.375363	0.203948	0.00295227	0.000848199	0.00374279	
576	0.0685195	0.054978	0.0135415	0	0.302351	0.242597	0.0597538	0	0	0	
577	0.133283	0.114178	0.0191044	0	0.588128	0.503827	0.084301	0	0	0	
578	0.102982	0.0898276	0.0131546	0	0.454422	0.396375	0.0580467	0	0	0	
579	0.0949616	0.0880908	0.00686732	3.59131e-06	0.41903	0.388712	0.0303029	1.58471e-05	5.72291e-06	2.5253e-05	
580	0.076814	0.0673793	0.0094201	1.46457e-05	0.338951	0.29732	0.0415674	6.4626e-05	3.81921e-05	0.000168527	
581	0.0778345	0.0759135	0.00192099	0	0.343454	0.334978	0.00847662	0	0	0	
582	0.0863649	0.0852596	0.00110537	0	0.381096	0.376219	0.00487762	0	0	0	
583	0.111071	0.093768	0.0172755	2.77523e-05	0.490116	0.413763	0.0762306	0.00012246	3.17052e-05	0.000139903	
584	0.180896	0.12934	0.0508362	0.000719575	0.798228	0.570732	0.224321	0.00317521	0.000809285	0.00357107	
585	0.114513	0.0757104	0.0387817	2.18211e-05	0.505307	0.334082	0.171129	9.62884e-05	4.37889e-05	0.000193224	
586	0.125964	0.0852576	0.040446	0.000260784	0.555834	0.37621	0.178473	0.00115074	0.000307551	0.0013571	
587	0.106406	0.0899272	0.0164017	7.77814e-05	0.469533	0.396815	0.0723747	0.00034322	0.000106087	0.000468126	
588	0.068812	0.0683638	0.000448191	0	0.303642	0.301664	0.0019777	0	0	0	
589	0.154768	0.110452	0.0435756	0.000741166	0.682937	0.487383	0.192283	0.00327049	0.0011126	0.0049095	
590	0.135296	0.108579	0.0264209	0.000296225	0.597011	0.479118	0.116585	0.00130713	0.000331046	0.00146078	
591	0.124611	0.0970142	0.0274429	0.000153954	0.549862	0.428087	0.121095	0.000679342	0.000224657	0.00099133	
592	0.110783	0.0867603	0.0240161	6.73259e-06	0.488845	0.382841	0.105974	2.97084e-05	1.0106e-05	4.45943e-05	
593	0.0965265	0.0950577	0.00146603	2.78944e-06	0.425935	0.419454	0.00646906	1.23087e-05	2.73376e-06	1.2063e-05	
594	0.0890242	0.0814255	0.00758154	1.71409e-05	0.39283	0.3593	0.0334545	7.56368e-05	3.10934e-05	0.000137203	
595	0.111697	0.0949019	0.0167394	5.63525e-05	0.49288	0.418767	0.0738648	0.000248662	8.08663e-05	0.000356833	
596	0.108834	0.0912781	0.0175113	4.51285e-05	0.480246	0.402776	0.0772712	0.000199135	8.20277e-05	0.000361957	
597	0.154472	0.142552	0.0118853	3.4845e-05	0.68163	0.629031	0.0524455	0.000153758	3.63335e-05	0.000160326	
598	0.116365	0.109438	0.00686412	6.22421e-05	0.513476	0.482912	0.0302888	0.000274651	6.30364e-05	0.000278156	
599	0.107618	0.0944534	0.0131649	0	0.47488	0.416788	0.0580919	0	0	0	
600	0.110298	0.109166	0.0011319	0	0.486705	0.48171	0.00499466	0	0	0	
601	0.260441	0.149718	0.109886	0.000836687	1.14923	0.660653	0.484886	0.00369199	0.000840358	0.00370818	
602	0.110229	0.103725	0.006504	0	0.486403	0.457703	0.0286997	0	0	0	
603	0.109258	0.052542	0.0567166	0	0.482118	0.231848	0.250269	0	0	0	
604	0.0867896	0.0818546	0.00493447	6.01165e-07	0.38297	0.361194	0.0217739	2.65272e-06	3.3722e-06	1.48803e-05	
605	0.127422	0.0501021	0.0773205	0	0.562269	0.221082	0.341186	0	0	0	
606	0.144034	0.094832	0.0486366	0.00056633	0.635572	0.418458	0.214615	0.002499	0.000708318	0.00312554	
607	0.0871465	0.0790474	0.0080825	1.66567e-05	0.384545	0.348807	0.0356651	7.34999e-05	2.569e-05	0.00011336	
608	0.0882115	0.0796707	0.00851641	2.44572e-05	0.389245	0.351557	0.0375798	0.00010792	2.53805e-05	0.000111994	
609	0.0905438	0.0880677	0.00247416	1.98607e-06	0.399536	0.38861	0.0109175	8.76382e-06	2.07222e-06	9.14393e-06	
610	0.100937	0.0809012	0.0197942	0.000242155	0.4454	0.356987	0.0873447	0.00106854	0.00029505	0.00130194	
611	0.061308	0.0583476	0.00296038	0	0.270529	0.257466	0.013063	0	0	0	
612	0.0979811	0.0916	0.00638079	3.04438e-07	0.432354	0.404197	0.028156	1.34337e-06	4.01554e-07	1.77191e-06	
613	0.0920171	0.0774631	0.0143768	0.000177207	0.406037	0.341816	0.0634397	0.000781953	0.000206458	0.000911026	
614	0.0965829	0.0845191	0.012003	6.09235e-05	0.426184	0.372951	0.0529648	0.000268833	6.10728e-05	0.000269491	
615	0.10078	0.0876717	0.0131086	0	0.444706	0.386862	0.0578437	0	0	0	
616	0.122474	0.0898917	0.0302814	0.00230124	0.540434	0.396659	0.13362	0.0101545	0.00233732	0.0103137	
617	0.124099	0.0926151	0.0314322	5.18352e-05	0.547603	0.408676	0.138699	0.000228729	6.02028e-05	0.000265652	
618	0.0600747	0.0564889	0.00358587	0	0.265087	0.249264	0.0158231	0	0	0	
619	0.14046	0.0998598	0.0405472	5.35885e-05	0.6198	0.440644	0.178919	0.000236466	6.21823e-05	0.000274387	
620	0.104304	0.0885887	0.0157152	0	0.460254	0.390909	0.0693455	0	0	0	
621	0.317802	0.187976	0.12662	0.00320533	1.40234	0.829469	0.558731	0.0141439	0.00323078	0.0142562	
622	0.0325844	0.0307831	0.00180132	0	0.143783	0.135834	0.00794857	0	0	0	
623	0.100308	0.0725454	0.0277033	5.98459e-05	0.442624	0.320116	0.122244	0.000264078	8.84215e-05	0.000390171	
624	0.120021	0.0834981	0.0364757	4.78088e-05	0.52961	0.368446	0.160954	0.000210962	5.03946e-05	0.000222372	
625	0.0654817	0.0555094	0.00997233	0	0.288946	0.244942	0.0440042	0	0	0	
626	0.070028	0.0644403	0.00558772	0	0.309007	0.284351	0.0246565	0	0	0	
627	0.0983377	0.0798688	0.0184688	0	0.433927	0.352431	0.0814961	0	0	0	
628	0.060691	0.0606861	4.86712e-06	0	0.267807	0.267785	2.14768e-05	0	0	0	
629	0.20762	0.138935	0.0683654	0.000319979	0.916152	0.613069	0.301671	0.00141195	0.000349339	0.0015415	
630	0.189523	0.146974	0.0425278	2.05428e-05	0.836295	0.648545	0.187659	9.06479e-05	2.08874e-05	9.21685e-05	
631	0.109827	0.0967601	0.0130668	0	0.484626	0.426966	0.0576593	0	0	0	
632	0.0442194	0.0436711	0.000548351	0	0.195124	0.192704	0.00241967	0	0	0	
633	0.0564685	0.0455925	0.0107997	7.62947e-05	0.249174	0.201183	0.0476551	0.00033666	8.90424e-05	0.000392911	
634	0.0459138	0.0423743	0.00353161	7.92711e-06	0.2026	0.186982	0.0155837	3.49794e-05	8.91256e-06	3.93278e-05	
635	0.0748057	0.0661879	0.00859902	1.88135e-05	0.33009	0.292062	0.0379443	8.30171e-05	1.87977e-05	8.29476e-05	
636	0.0835862	0.0656312	0.0179479	7.15404e-06	0.368835	0.289606	0.0791976	3.15681e-05	7.18388e-06	3.16998e-05	
637	0.0756004	0.0743506	0.0012498	0	0.333596	0.328081	0.00551494	0	0	0	
638	0.124644	0.0823363	0.0423077	7.54271e-07	0.550011	0.363319	0.186688	3.32831e-06	2.32268e-06	1.02491e-05	
639	0.122979	0.076875	0.0461044	0	0.542663	0.339221	0.203441	0	0	0	
640	0.0865713	0.0812783	0.00529296	0	0.382007	0.358651	0.0233559	0	0	0	
641	0.0757681	0.0757681	0	0	0.334336	0.334336	0	0	0	0	
642	0.0636915	0.0636915	0	0	0.281047	0.281047	0	0	0	0	
643	0.226511	0.143322	0.0759069	0.00728238	0.99951	0.632427	0.334949	0.0321344	0.00913406	0.0403052	
644	0.104317	0.0832097	0.0211073	0	0.460312	0.367173	0.0931387	0	0	0	
645	0.0828992	0.0811848	0.00170828	6.21025e-06	0.365803	0.358238	0.00753802	2.74035e-05	7.25025e-06	3.19926e-05	
646	0.132343	0.0757289	0.0566147	0	0.583983	0.334163	0.249819	0	0	0	
647	0.221146	0.125054	0.0848294	0.0112621	0.975836	0.55182	0.37432	0.0496958	0.0130394	0.0575383	
648	0.141254	0.118441	0.0227268	8.67384e-05	0.623304	0.522637	0.100285	0.000382744	0.000136653	0.000603001	
649	0.0649708	0.0649708	0	0	0.286692	0.286692	0	0	0	0	
650	0.0744317	0.0737002	0.000731548	0	0.328439	0.325211	0.00322805	0	0	0	
651	0.102951	0.102498	0.00045308	0	0.454288	0.452288	0.00199927	0	0	0	
652	0.107861	0.0832793	0.0243922	0.000189614	0.475951	0.36748	0.107634	0.000836697	0.000257679	0.00113704	
653	0.104006	0.0885238	0.0154737	8.98516e-06	0.458942	0.390623	0.06828	3.96481e-05	1.27376e-05	5.62067e-05	
654	0.110017	0.0891273	0.0208856	4.5953e-06	0.485466	0.393285	0.0921605	2.02773e-05	7.7775e-06	3.43192e-05	
655	0.119468	0.0818657	0.0374674	0.000135518	0.527171	0.361243	0.16533	0.000597991	0.000214771	0.000947706	
656	0.213705	0.119606	0.0926776	0.00142163	0.943003	0.527778	0.408952	0.00627316	0.00331697	0.0146365	
657	0.117027	0.0809126	0.0361152	0	0.5164	0.357037	0.159363	0	0	0	
658	0.102885	0.076115	0.0267699	0	0.453993	0.335867	0.118125	0	0	0	
659	0.129532	0.0967548	0.0324613	0.000316702	0.57158	0.426943	0.143239	0.00139749	0.000351365	0.00155044	
660	0.149958	0.101498	0.0484327	2.79087e-05	0.661712	0.447873	0.213715	0.00012315	0.000111664	0.000492734	
661	0.175035	0.0993996	0.0752551	0.000380325	0.772364	0.438613	0.332073	0.00167823	0.000708236	0.00312518	
662	0.121652	0.0813216	0.0403204	9.87793e-06	0.536805	0.358842	0.177919	4.35876e-05	1.70226e-05	7.51145e-05	
663	0.108033	0.0812393	0.0267673	2.65027e-05	0.476709	0.358478	0.118114	0.000116946	4.50253e-05	0.00019868	
664	0.100607	0.0882875	0.0123026	1.7575e-05	0.443944	0.38958	0.054287	7.75519e-05	2.13141e-05	9.40514e-05	
665	0.105325	0.088181	0.0171427	1.6434e-06	0.464762	0.38911	0.0756447	7.25172e-06	3.22809e-06	1.42443e-05	
666	0.109758	0.0798267	0.0297046	0.000227219	0.484324	0.352245	0.131075	0.00100263	0.000289035	0.0012754	
667	0.147511	0.105992	0.0404584	0.00106049	0.650911	0.467704	0.178528	0.00467955	0.00159169	0.00702355	
668	0.109064	0.0839802	0.0250747	9.68454e-06	0.481261	0.370573	0.110645	4.27342e-05	3.46069e-05	0.000152707	
669	0.0441981	0.0439949	0.000203165	0	0.195029	0.194133	0.000896493	0	0	0	
670	0.0887097	0.0835519	0.00514479	1.30579e-05	0.391443	0.368683	0.022702	5.76198e-05	1.30023e-05	5.73744e-05	
671	0.055091	0.0512101	0.00388091	0	0.243096	0.225971	0.017125	0	0	0	
672	0.144394	0.113222	0.0311654	5.89133e-06	0.637157	0.49961	0.137521	2.59962e-05	3.76181e-05	0.000165994	
673	0.128372	0.1026	0.025643	0.000128384	0.566459	0.452739	0.113153	0.000566511	0.000181794	0.000802193	
674	0.127448	0.0964198	0.0308635	0.000165003	0.562382	0.425465	0.136189	0.0007281	0.000217197	0.000958412	
675	0.108096	0.0821023	0.0259936	0	0.476987	0.362287	0.1147	0	0	0	
676	0.132513	0.111018	0.021269	0.000225568	0.58473	0.489883	0.0938525	0.000995347	0.000269544	0.0011894	
677	0.0999326	0.0944837	0.00544788	1.11846e-06	0.440965	0.416921	0.0240395	4.93537e-06	1.06606e-06	4.70413e-06	
678	0.0998829	0.0812159	0.0186664	5.61375e-07	0.440746	0.358376	0.0823682	2.47714e-06	1.59643e-06	7.04446e-06	
679	0.125036	0.0920181	0.0330183	0	0.551739	0.406041	0.145697	0	0	0	
680	0.129031	0.111643	0.0173882	0	0.569369	0.492641	0.0767277	0	0	0	
681	0.108807	0.0988551	0.00991983	3.23162e-05	0.480126	0.436211	0.0437725	0.000142599	4.64678e-05	0.000205045	
682	0.100023	0.0987541	0.001269	0	0.441364	0.435765	0.00559965	0	0	0	
683	0.0976206	0.0922212	0.00539939	0	0.430763	0.406937	0.0238255	0	0	0	
684	0.105878	0.0953451	0.0105337	0	0.467204	0.420722	0.0464816	0	0	0	
685	0.183159	0.142351	0.0401608	0.000647241	0.808213	0.628142	0.177214	0.00285603	0.00064914	0.00286441	
686	0.106156	0.0915537	0.0141554	0.00044697	0.468427	0.403992	0.0624626	0.00197231	0.000447529	0.00197478	
687	0.0811927	0.0787194	0.00247327	0	0.358273	0.347359	0.0109136	0	0	0	
688	0.0649781	0.0649782	0	0	0.286724	0.286724	0	0	0	0	
689	0.00810412	0.00723373	0.000870395	0	0.0357604	0.0319197	0.00384073	0	0	0	
690	0.0605206	0.0605206	0	0	0.267055	0.267055	0	0	0	0	
691	0.105354	0.099246	0.00605643	5.24532e-05	0.464891	0.437935	0.0267247	0.000231456	5.27143e-05	0.000232608	
692	0.0737533	0.0737533	0	0	0.325446	0.325446	0	0	0	0	
693	0.0859986	0.0802411	0.00575627	1.27251e-06	0.37948	0.354074	0.0254002	5.61514e-06	2.19024e-06	9.66474e-06	
694	0.23133	0.15617	0.070312	0.00484811	1.02077	0.689122	0.31026	0.0213929	0.00514972	0.0227238	
695	0.0888413	0.080224	0.00860287	1.44465e-05	0.392023	0.353999	0.0379612	6.37474e-05	1.56045e-05	6.88569e-05	
696	0.241448	0.161571	0.0780649	0.00181163	1.06542	0.712955	0.344471	0.00799405	0.00213694	0.00942955	
697	0.141112	0.0837279	0.0571107	0.000273555	0.622675	0.36946	0.252008	0.0012071	0.000782123	0.00345122	
698	0.315595	0.198027	0.115358	0.0022104	1.3926	0.873819	0.509032	0.0097537	0.00272351	0.0120178	
699	0.326913	0.187453	0.135359	0.00409922	1.44254	0.827164	0.597293	0.0180883	0.00914651	0.0403601	
700	0.0834585	0.0834585	0	0	0.368271	0.368271	0	0	0	0	
701	0.0833133	0.0833133	0	0	0.36763	0.36763	0	0	0	0	
702	0.110575	0.107449	0.00312668	0	0.48793	0.474133	0.0137969	0	0	0	
703	0.0904846	0.0886194	0.00186525	0	0.399275	0.391044	0.00823069	0	0	0	
704	0.0919778	0.0803271	0.0116507	0	0.405864	0.354453	0.0514104	0	0	0	
705	0.10388	0.0890497	0.0148306	0	0.458385	0.392943	0.0654423	0	0	0	
706	0.200427	0.159931	0.0404284	6.82782e-05	0.884413	0.705716	0.178395	0.000301286	9.39955e-05	0.000414767	
707	0.0871562	0.0811417	0.00601451	0	0.384588	0.358048	0.0265398	0	0	0	
708	0.0808069	0.0808069	0	0	0.35657	0.35657	0	0	0	0	
709	0.118336	0.104492	0.0137194	0.000123889	0.522173	0.461088	0.0605389	0.000546677	0.000123833	0.000546432	
710	0.165355	0.0970291	0.0682858	4.03912e-05	0.729651	0.428153	0.30132	0.000178231	5.5731e-05	0.00024592	
711	0.0929961	0.08154	0.011456	0	0.410357	0.359806	0.0505511	0	0	0	
712	0.0773846	0.0773846	0	0	0.341469	0.341469	0	0	0	0	
713	0.0863207	0.0792482	0.00707249	0	0.380901	0.349693	0.0312082	0	0	0	
714	0.0906413	0.0825438	0.00809752	0	0.399966	0.364235	0.0357313	0	0	0	
715	0.0707979	0.0707979	0	0	0.312405	0.312405	0	0	0	0	
716	0.0844054	0.0757816	0.00859622	2.76231e-05	0.372449	0.334396	0.0379319	0.00012189	2.94634e-05	0.000130011	
717	0.0990311	0.0892246	0.009744	6.25456e-05	0.436987	0.393715	0.0429966	0.00027599	6.25065e-05	0.000275818	
718	0.118803	0.1093	0.00943164	7.13198e-05	0.524236	0.482304	0.0416183	0.000314707	7.1427e-05	0.000315181	
719	0.0707648	0.0635965	0.00716823	0	0.312258	0.280628	0.0316307	0	0	0	
720	0.0627482	0.0627482	0	0	0.276884	0.276884	0	0	0	0	
721	0.125305	0.107459	0.0176402	0.000206178	0.552927	0.474178	0.0778398	0.000909787	0.000206121	0.000909539	
722	0.0826861	0.0817155	0.000970602	0	0.364863	0.36058	0.0042829	0	0	0	
723	0.117855	0.103133	0.0147227	0	0.520054	0.455088	0.064966	0	0	0	
724	0.0823827	0.0813461	0.00103664	0	0.363524	0.35895	0.00457431	0	0	0	
725	0.0831378	0.0630518	0.020086	0	0.366856	0.278224	0.0886321	0	0	0	
726	0.0437469	0.0429866	0.000760329	0	0.193039	0.189684	0.00335504	0	0	0	
727	0.089869	0.0896858	0.000183143	0	0.396558	0.39575	0.000808143	0	0	0	
728	0.103994	0.0861137	0.0174908	0.000389667	0.458887	0.379988	0.0771804	0.00171945	0.000447427	0.00197433	
729	0.103695	0.0782247	0.0253968	7.37927e-05	0.457569	0.345176	0.112067	0.000325619	8.10884e-05	0.000357813	
730	0.111011	0.10573	0.00526708	1.36142e-05	0.489851	0.46655	0.0232416	6.00746e-05	1.38263e-05	6.10105e-05	
731	0.121136	0.0951992	0.0255098	0.000427276	0.534529	0.420079	0.112565	0.00188541	0.00068926	0.00304145	
732	0.0887742	0.0779948	0.0107793	0	0.391727	0.344162	0.0475654	0	0	0	
733	0.101178	0.0927118	0.00838907	7.74142e-05	0.446462	0.409103	0.0370178	0.0003416	7.73584e-05	0.000341354	
734	0.113386	0.107701	0.00568395	9.0742e-07	0.500331	0.475246	0.0250811	4.0041e-06	9.20959e-07	4.06385e-06	
735	0.0667839	0.0662556	0.000528231	0	0.294692	0.292361	0.00233088	0	0	0	
736	0.0563452	0.0559394	0.000405815	0	0.24863	0.246839	0.00179071	0	0	0	
737	0.0977325	0.0802854	0.017447	0	0.431257	0.35427	0.0769875	0	0	0	
738	0.123241	0.114082	0.00914253	1.66464e-05	0.543817	0.503402	0.0403426	7.34544e-05	1.80311e-05	7.95648e-05	
739	0.0658069	0.0653492	0.000457654	0	0.290381	0.288362	0.00201946	0	0	0	
740	0.0369987	0.03699	8.76382e-06	0	0.163261	0.163223	3.86714e-05	0	0	0	
741	0.092772	0.0870854	0.00560821	7.85108e-05	0.409368	0.384275	0.0247469	0.000346439	7.84551e-05	0.000346193	
742	0.14589	0.123939	0.0219295	2.13319e-05	0.64376	0.546899	0.0967669	9.41299e-05	2.12769e-05	9.38872e-05	
743	0.0902675	0.0848539	0.00534518	6.84618e-05	0.398317	0.374429	0.0235863	0.000302096	6.8406e-05	0.00030185	
744	0.0561902	0.0557953	0.000394878	0	0.247946	0.246204	0.00174245	0	0	0	
745	0.118028	0.102546	0.015482	0	0.520815	0.452498	0.0683167	0	0	0	
746	0.0810332	0.0757402	0.00529296	0	0.357569	0.334213	0.0233559	0	0	0	
747	0.0864971	0.0849129	0.00158418	0	0.381679	0.374689	0.0069904	0	0	0	
748	0.0963305	0.0828773	0.0134465	6.67269e-06	0.42507	0.365707	0.0593345	2.94441e-05	7.78022e-06	3.43312e-05	
749	0.120059	0.113254	0.0067979	7.47808e-06	0.52978	0.49975	0.0299966	3.2998e-05	7.42237e-06	3.27522e-05	
750	0.0904894	0.0827766	0.00771285	0	0.399296	0.365262	0.0340339	0	0	0	
751	0.332166	0.153126	0.149403	0.0296363	1.46572	0.675689	0.659263	0.130774	0.0349142	0.154063	
752	0.0926289	0.0769709	0.0156579	0	0.408737	0.339644	0.0690929	0	0	0	
753	0.100943	0.0932304	0.00771285	0	0.445425	0.411391	0.0340339	0	0	0	
754	0.231817	0.177846	0.0538379	0.000133149	1.02292	0.784772	0.237566	0.00058754	0.000616258	0.00271932	
755	0.118005	0.0927534	0.0252518	0	0.520713	0.409286	0.111427	0	0	0	
756	0.199415	0.114917	0.0844565	4.09932e-05	0.879946	0.50709	0.372675	0.000180888	0.000263994	0.0011649	
757	0.121597	0.0781308	0.04041	0.00305678	0.536565	0.344762	0.178314	0.0134884	0.00310003	0.0136793	
758	0.222697	0.128792	0.0939045	0	0.98268	0.568314	0.414365	0	0	0	
759	0.118912	0.0718663	0.0470242	2.22413e-05	0.524717	0.317119	0.2075	9.81428e-05	0.00012718	0.000561201	
760	0.110337	0.0873615	0.0229761	0	0.486879	0.385494	0.101385	0	0	0	
761	0.120421	0.110697	0.0096352	8.92254e-05	0.531377	0.488467	0.0425166	0.000393718	8.91698e-05	0.000393473	
762	0.0510327	0.0510327	0	0	0.225188	0.225188	0	0	0	0	
763	0.0564349	0.0543412	0.00209369	0	0.249026	0.239787	0.00923871	0	0	0	
764	0.0801133	0.0772465	0.00286622	6.36633e-07	0.35351	0.34086	0.0126475	2.80922e-06	5.81026e-07	2.56385e-06	
765	0.088585	0.0843957	0.00418937	0	0.390893	0.372406	0.0184861	0	0	0	
766	0.0504063	0.0448095	0.00549959	9.73295e-05	0.222424	0.197727	0.0242676	0.000429479	0.000106966	0.000472001	
767	0.0520587	0.0434456	0.00852459	8.85402e-05	0.229715	0.191709	0.0376158	0.000390695	0.000105818	0.000466939	
768	0.0456195	0.0456195	0	0	0.201302	0.201302	0	0	0	0	
769	0.0845916	0.0528293	0.0308552	0.0009071	0.373271	0.233116	0.136152	0.00400269	0.000913867	0.00403255	
770	0.0847577	0.05695	0.0278076	0	0.374004	0.251299	0.122705	0	0	0	
771	0.110704	0.0787811	0.0318995	2.35664e-05	0.488496	0.347632	0.14076	0.000103989	0.0001865	0.000822956	
772	0.10396	0.10396	0	0	0.458741	0.458741	0	0	0	0	
773	0.130412	0.0911392	0.0392734	0	0.575462	0.402163	0.173298	0	0	0	
774	0.0781546	0.0781546	0	0	0.344867	0.344867	0	0	0	0	
775	0.0761611	0.0761611	0	0	0.33607	0.33607	0	0	0	0	
776	0.0653367	0.0653367	0	0	0.288306	0.288306	0	0	0	0	
777	0.0748251	0.0748251	0	0	0.330175	0.330175	0	0	0	0	
778	0.0929016	0.0929016	0	0	0.40994	0.40994	0	0	0	0	
779	0.134545	0.111494	0.0230506	0	0.593698	0.491984	0.101714	0	0	0	
780	0.0509942	0.0437787	0.00721555	0	0.225018	0.193179	0.0318395	0	0	0	
781	0.0575292	0.0427727	0.0147565	0	0.253855	0.18874	0.0651151	0	0	0	
782	0.109101	0.0958141	0.0132874	0	0.481424	0.422792	0.0586325	0	0	0	
783	0.287079	0.135821	0.131649	0.0196085	1.26677	0.599329	0.580919	0.0865253	0.0248149	0.109499	
784	0.07225	0.07225	0	0	0.318812	0.318812	0	0	0	0	
785	0.121329	0.075878	0.0454509	0	0.535379	0.334821	0.200558	0	0	0	
786	0.119281	0.0955863	0.0236946	9.44548e-07	0.526346	0.421787	0.104555	4.16794e-06	8.88817e-07	3.92202e-06	
787	0.199286	0.0846598	0.113261	0.00136545	0.879377	0.373572	0.499779	0.00602524	0.00690829	0.0304837	
788	0.16289	0.0923006	0.0704919	9.74663e-05	0.718773	0.407288	0.311054	0.000430082	0.000267379	0.00117984	
789	0.103538	0.103538	0	0	0.456878	0.456878	0	0	0	0	
790	0.114313	0.0851759	0.0291221	1.57104e-05	0.504424	0.37585	0.128505	6.93241e-05	1.56553e-05	6.90812e-05	
791	0.12188	0.087971	0.0339098	0	0.537815	0.388183	0.149631	0	0	0	
792	0.0965004	0.083213	0.0132874	0	0.42582	0.367188	0.0586325	0	0	0	
793	0.292834	0.148744	0.13116	0.0129293	1.29216	0.656354	0.578762	0.0570525	0.0181787	0.0802161	
794	0.106124	0.0904663	0.0156579	0	0.468287	0.399194	0.0690929	0	0	0	
795	0.13601	0.106625	0.0293638	2.07096e-05	0.600163	0.4705	0.129571	9.1384e-05	2.06535e-05	9.11365e-05	
796	0.0947386	0.0947386	0	0	0.418046	0.418046	0	0	0	0	
797	0.053799	0.053799	0	0	0.237395	0.237395	0	0	0	0	
798	0.183824	0.104855	0.078636	0.000332957	0.811147	0.462686	0.346991	0.00146921	0.00092558	0.00408424	
799	0.175872	0.130624	0.0452479	0	0.776059	0.576397	0.199662	0	0	0	
800	0.223759	0.160379	0.0633773	2.51063e-06	0.987367	0.707695	0.27966	1.10785e-05	2.45433e-06	1.083e-05	
801	0.13935	0.0861447	0.053191	1.48504e-05	0.614902	0.380124	0.234712	6.55294e-05	2.4538e-05	0.000108277	
802	0.123038	0.0872311	0.0358069	0	0.542921	0.384918	0.158003	0	0	0	
803	0.0841518	0.0841518	0	0	0.37133	0.37133	0	0	0	0	
804	0.197942	0.152573	0.0453243	4.42773e-05	0.873445	0.67325	0.199999	0.000195379	5.43678e-05	0.000239905	
805	0.185176	0.145378	0.0397987	0	0.817117	0.6415	0.175617	0	0	0	
806	0.163468	0.108032	0.0516801	0.00375597	0.721323	0.476705	0.228045	0.0165737	0.00445362	0.0196521	
807	0.137611	0.120563	0.0167417	0.00030654	0.607228	0.532001	0.0738749	0.00135264	0.000339098	0.00149631	
808	0.170065	0.154182	0.0158372	4.64173e-05	0.750436	0.680348	0.0698839	0.000204822	4.63617e-05	0.000204577	
809	0.166136	0.113353	0.0518217	0.000961072	0.733099	0.500189	0.22867	0.00424085	0.00100173	0.00442026	
810	0.0800717	0.0787438	0.00132795	0	0.353327	0.347467	0.00585976	0	0	0	
811	0.140443	0.0981078	0.0423358	0	0.619725	0.432913	0.186812	0	0	0	
812	0.17587	0.113303	0.0625322	3.49564e-05	0.77605	0.499965	0.275931	0.00015425	0.00016483	0.000727335	
813	0.0646069	0.0646069	0	0	0.285086	0.285086	0	0	0	0	
814	0.103425	0.0823044	0.0211205	9.02869e-07	0.45638	0.363179	0.0931972	3.98402e-06	1.90531e-06	8.40745e-06	
815	0.150259	0.133957	0.0160868	0.00021464	0.663039	0.591106	0.0709854	0.000947127	0.000219785	0.000969831	
816	0.212727	0.157355	0.0546487	0.000723089	0.938685	0.69435	0.241144	0.00319072	0.00161444	0.00712393	
817	0.162693	0.0981443	0.062485	0.00206428	0.717906	0.433074	0.275723	0.00910894	0.00399773	0.0176405	
818	0.192729	0.125484	0.0658299	0.00141548	0.850443	0.553714	0.290483	0.00624599	0.00224666	0.00991369	
819	0.0676158	0.0676158	0	0	0.298363	0.298363	0	0	0	0	
820	0.0964118	0.0916446	0.00476721	0	0.425429	0.404393	0.0210359	0	0	0	
821	0.0280269	0.0278319	0.000194978	0	0.123672	0.122812	0.000860367	0	0	0	
822	0.0932097	0.0850882	0.00812147	0	0.4113	0.375463	0.035837	0	0	0	
823	0.0595809	0.0595809	0	0	0.262908	0.262908	0	0	0	0	
824	0.120725	0.120725	0	0	0.532718	0.532718	0	0	0	0	
825	0.0797222	0.0792828	0.000439473	0	0.351784	0.349845	0.00193923	0	0	0	
826	0.118266	0.107098	0.0111683	0	0.521866	0.472584	0.0492819	0	0	0	
827	0.0853224	0.0848829	0.000439473	0	0.376496	0.374556	0.00193923	0	0	0	
828	0.177833	0.104588	0.0726729	0.000572731	0.784713	0.461508	0.320678	0.00252725	0.00130245	0.00574723	
829	0.129445	0.102468	0.026977	0	0.571196	0.452156	0.119039	0	0	0	
830	0.171686	0.13512	0.0365658	0	0.75759	0.596238	0.161351	0	0	0	
831	0.101545	0.101545	0	0	0.448081	0.448081	0	0	0	0	
832	0.0888364	0.0845997	0.00423453	2.1853e-06	0.392002	0.373307	0.0186854	9.64291e-06	5.494e-06	2.4243e-05	
833	0.0933666	0.0892002	0.00415953	6.95035e-06	0.411992	0.393607	0.0183544	3.06693e-05	9.05073e-06	3.99375e-05	
834	0.100095	0.0987735	0.00131984	2.45459e-06	0.441685	0.43585	0.005824	1.08312e-05	2.39887e-06	1.05853e-05	
835	0.103113	0.0974272	0.00568614	0	0.455001	0.42991	0.0250908	0	0	0	
836	0.146143	0.117186	0.0288067	0.000150166	0.644877	0.517101	0.127113	0.000662629	0.000152997	0.000675123	
837	0.133662	0.121161	0.0123205	0.000179701	0.5898	0.534642	0.0543661	0.000792957	0.000183804	0.000811062	
838	0.133624	0.0981091	0.035297	0.000218201	0.589634	0.432919	0.155752	0.000962841	0.000430189	0.00189826	
839	0.204182	0.153579	0.0496597	0.000943141	0.900982	0.67769	0.21913	0.00416173	0.000966358	0.00426417	
840	0.108691	0.0772503	0.0314412	0	0.479615	0.340877	0.138738	0	0	0	
841	0.109085	0.0805281	0.0285339	2.33176e-05	0.481353	0.35534	0.125909	0.000102892	3.73462e-05	0.000164795	
842	0.10701	0.0986374	0.00837278	0	0.472196	0.43525	0.0369459	0	0	0	
843	0.134155	0.122279	0.0118068	6.92873e-05	0.59198	0.539575	0.0520991	0.000305739	7.11092e-05	0.000313778	
844	0.142006	0.110701	0.0312594	4.59623e-05	0.626621	0.488482	0.137936	0.000202814	4.73589e-05	0.000208977	
845	0.178015	0.135422	0.0416035	0.00099021	0.785518	0.597568	0.18358	0.00436943	0.00112215	0.00495165	
846	0.106656	0.0945041	0.0121525	0	0.470636	0.417011	0.0536248	0	0	0	
847	0.122585	0.0963629	0.0262095	1.35837e-05	0.540926	0.425213	0.115652	5.99402e-05	1.38473e-05	6.11032e-05	
848	0.105056	0.103284	0.00177158	1.76945e-07	0.463573	0.455755	0.00781736	7.80795e-07	1.55029e-07	6.84085e-07	
849	0.100824	0.0973188	0.00350574	0	0.444901	0.429432	0.0154695	0	0	0	
850	0.0810813	0.0805266	0.000554718	0	0.357781	0.355334	0.00244776	0	0	0	
851	0.064881	0.064881	0	0	0.286295	0.286295	0	0	0	0	
852	0.0893348	0.0852294	0.00409081	1.46615e-05	0.394201	0.376086	0.0180512	6.46961e-05	1.69616e-05	7.48455e-05	
853	0.108289	0.103969	0.00431987	0	0.47784	0.458778	0.019062	0	0	0	
854	0.100968	0.0949864	0.00598206	3.86218e-07	0.445538	0.41914	0.0263966	1.70424e-06	3.30331e-07	1.45763e-06	
855	0.111734	0.0936772	0.0172819	0.000775628	0.493044	0.413363	0.0762588	0.00342255	0.000775571	0.00342231	
856	0.112243	0.104134	0.00810874	0	0.495288	0.459507	0.0357808	0	0	0	
857	0.0636708	0.0636708	0	0	0.280955	0.280955	0	0	0	0	
858	0.102786	0.0857712	0.0170148	0	0.453556	0.378476	0.07508	0	0	0	
859	0.126798	0.112414	0.0143841	0	0.559515	0.496043	0.0634717	0	0	0	
860	0.0925778	0.0844691	0.00810874	0	0.408511	0.37273	0.0357808	0	0	0	
861	0.0866347	0.0866347	0	0	0.382287	0.382287	0	0	0	0	
862	0.119107	0.0791493	0.0399506	7.60718e-06	0.525577	0.349256	0.176287	3.35676e-05	1.80109e-05	7.94754e-05	
863	0.121389	0.115475	0.0059141	1.85166e-07	0.535647	0.50955	0.0260967	8.1707e-07	1.2928e-07	5.70466e-07	
864	0.105982	0.095522	0.0104603	0	0.46766	0.421503	0.0461574	0	0	0	
865	0.117954	0.117033	0.000921	0	0.52049	0.516426	0.00406403	0	0	0	
866	0.0769527	0.0760577	0.000895012	0	0.339564	0.335614	0.00394935	0	0	0	
867	0.0866676	0.0866676	0	0	0.382432	0.382432	0	0	0	0	
868	0.105205	0.100056	0.00512497	2.3462e-05	0.464232	0.441514	0.0226146	0.000103529	2.34064e-05	0.000103283	
869	0.0972278	0.0947147	0.0025123	7.93375e-07	0.42903	0.417941	0.0110858	3.50087e-06	7.37762e-07	3.25547e-06	
870	0.132994	0.126368	0.00662652	0	0.586855	0.557615	0.0292403	0	0	0	
871	0.111757	0.0990042	0.0126652	8.76311e-05	0.493142	0.436868	0.0558872	0.000386683	8.75754e-05	0.000386437	
872	0.0419559	0.0419559	0	0	0.185135	0.185135	0	0	0	0	
873	0.100183	0.100117	6.50416e-05	0	0.44207	0.441783	0.000287004	0	0	0	
874	0.11254	0.0910695	0.0213342	0.000136954	0.4966	0.401856	0.0941401	0.00060433	0.000137579	0.000607085	
875	0.0816724	0.0816724	0	0	0.36039	0.36039	0	0	0	0	
876	0.0445558	0.0445558	0	0	0.196608	0.196608	0	0	0	0	
877	0.107925	0.0878313	0.0199109	0.000182758	0.476233	0.387567	0.0878596	0.000806444	0.000182702	0.000806198	
878	0.100391	0.0995918	0.000799493	0	0.442989	0.439461	0.00352786	0	0	0	
879	0.0876149	0.0874417	0.000173197	0	0.386612	0.385847	0.000764255	0	0	0	
880	0.0950861	0.0878957	0.00719041	0	0.419579	0.387851	0.0317286	0	0	0	
881	0.0808147	0.079525	0.00128488	4.95457e-06	0.356605	0.350914	0.0056697	2.18627e-05	4.89882e-06	2.16167e-05	
882	0.0907678	0.0896751	0.0010927	0	0.400525	0.395703	0.0048217	0	0	0	
883	0.0594148	0.0594148	0	0	0.262175	0.262175	0	0	0	0	
884	0.0790159	0.079016	0	0	0.348668	0.348668	0	0	0	0	
885	0.0897603	0.0897603	0	0	0.396079	0.396079	0	0	0	0	
886	0.103397	0.101998	0.00139948	0	0.456255	0.450079	0.00617541	0	0	0	
887	0.0663974	0.0662923	0.000105032	0	0.292987	0.292523	0.000463471	0	0	0	
888	0.0970915	0.0970915	0	0	0.428429	0.428429	0	0	0	0	
889	0.0686144	0.0648013	0.00381312	0	0.30277	0.285944	0.0168259	0	0	0	
890	0.0937508	0.0918958	0.00185353	1.5386e-06	0.413687	0.405502	0.00817897	6.78929e-06	1.48292e-06	6.5436e-06	
891	0.0421921	0.0413887	0.00080338	0	0.186178	0.182633	0.00354501	0	0	0	
892	0.0587134	0.0587134	0	0	0.25908	0.25908	0	0	0	0	
893	0.0873145	0.0871413	0.000173197	0	0.385286	0.384522	0.000764255	0	0	0	
894	0.0853316	0.0840144	0.00131327	4.01745e-06	0.376536	0.370724	0.00579501	1.77275e-05	3.96168e-06	1.74814e-05	
895	0.0802697	0.0802697	0	0	0.3542	0.3542	0	0	0	0	
896	0.0800332	0.079059	0.000974189	0	0.353157	0.348858	0.00429873	0	0	0	
897	0.0761622	0.0719222	0.00424	0	0.336075	0.317366	0.0187095	0	0	0	
898	0.0733653	0.0733653	0	0	0.323734	0.323734	0	0	0	0	
899	0.0994098	0.0959933	0.00341654	0	0.438658	0.423582	0.0150759	0	0	0	
900	0.0821326	0.0821326	0	0	0.36242	0.36242	0	0	0	0	
901	0.183381	0.112768	0.0698892	0.000722991	0.809193	0.497607	0.308395	0.00319029	0.000814078	0.00359222	
902	0.0758612	0.0754797	0.000381521	0	0.334747	0.333064	0.00168351	0	0	0	
903	0.217518	0.116655	0.10036	0.000502264	0.959827	0.514759	0.442852	0.0022163	0.00052784	0.00232916	
904	0.0681108	0.0681108	0	0	0.300547	0.300547	0	0	0	0	
905	0.161229	0.0933263	0.0679028	0	0.711444	0.411814	0.29963	0	0	0	
906	0.210472	0.13132	0.078809	0.00034305	0.928737	0.579468	0.347755	0.00151375	0.000585131	0.00258196	
907	0.0814859	0.0807785	0.000707392	0	0.359567	0.356445	0.00312146	0	0	0	
908	0.11235	0.0998669	0.0124201	6.39055e-05	0.495763	0.440675	0.0548055	0.000281991	6.38498e-05	0.000281745	
909	0.108012	0.106165	0.00184694	0	0.47662	0.46847	0.00814987	0	0	0	
910	0.116028	0.0907529	0.0252759	0	0.511992	0.400459	0.111533	0	0	0	
911	0.127581	0.107319	0.0199286	0.00033302	0.562969	0.473562	0.0879375	0.00146949	0.000445179	0.00196441	
912	0.110066	0.096534	0.0135319	0	0.48568	0.425968	0.0597116	0	0	0	
913	0.11435	0.0993824	0.014824	0.000143941	0.504585	0.438537	0.0654131	0.000635161	0.000143886	0.000634915	
914	0.0772325	0.0772325	0	0	0.340798	0.340798	0	0	0	0	
915	0.134465	0.0923626	0.0419735	0.000129672	0.593347	0.407562	0.185213	0.000572196	0.000129618	0.000571957	
916	0.107605	0.107605	0	0	0.474825	0.474825	0	0	0	0	
917	0.117159	0.0932351	0.0239238	0	0.516979	0.411412	0.105567	0	0	0	
918	0.125557	0.0895855	0.0351568	0.000814765	0.554036	0.395307	0.155134	0.00359525	0.00157079	0.00693135	
919	0.0929575	0.0868594	0.00609806	0	0.410187	0.383278	0.0269084	0	0	0	
920	0.11547	0.086422	0.028881	0.000167051	0.509526	0.381348	0.127441	0.000737134	0.00017706	0.000781303	
921	0.0385893	0.0385893	0	0	0.17028	0.17028	0	0	0	0	
922	0.0194249	0.0192838	0.000141088	0	0.0857151	0.0850925	0.000622572	0	0	0	
923	0.0613996	0.0596316	0.00176404	4.02722e-06	0.270934	0.263132	0.00778405	1.77706e-05	3.97149e-06	1.75247e-05	
924	0.0578381	0.0520687	0.00576932	0	0.255218	0.22976	0.0254579	0	0	0	
925	0.0501296	0.0451697	0.00495995	0	0.221203	0.199317	0.0218864	0	0	0	
926	0.0650825	0.0592667	0.00581581	0	0.287185	0.261522	0.025663	0	0	0	
927	0.078151	0.0778766	0.000274393	0	0.344851	0.34364	0.00121079	0	0	0	
928	0.106326	0.0958657	0.0104606	0	0.469178	0.423019	0.0461588	0	0	0	
929	0.0468912	0.0433319	0.00355931	0	0.206913	0.191207	0.0157059	0	0	0	
930	0.0762551	0.0753481	0.000906984	0	0.336485	0.332483	0.00400218	0	0	0	
931	0.0914624	0.0832235	0.00823888	0	0.403589	0.367234	0.0363551	0	0	0	
932	0.0847973	0.0847973	0	0	0.374179	0.374179	0	0	0	0	
933	0.048092	0.048092	0	0	0.212212	0.212212	0	0	0	0	
934	0.0484734	0.0458211	0.00265233	0	0.213895	0.202191	0.0117037	0	0	0	
935	0.0942661	0.0783313	0.0159347	0	0.415961	0.345647	0.0703143	0	0	0	
936	0.0764171	0.0764171	0	0	0.3372	0.3372	0	0	0	0	
937	0.062388	0.062388	0	0	0.275295	0.275295	0	0	0	0	
938	0.0678699	0.0678699	0	0	0.299484	0.299484	0	0	0	0	
939	0.0744543	0.0734935	0.000960743	0	0.328539	0.324299	0.0042394	0	0	0	
940	0.0758293	0.0750911	0.000738263	0	0.334606	0.331349	0.00325768	0	0	0	
941	0.0692886	0.0692886	0	0	0.305744	0.305744	0	0	0	0	
942	0.071416	0.071416	0	0	0.315132	0.315132	0	0	0	0	
943	0.0808885	0.0808885	0	0	0.356931	0.356931	0	0	0	0	
944	0.0645465	0.0641378	0.000408669	0	0.284819	0.283016	0.0018033	0	0	0	
945	0.0638551	0.0638551	0	0	0.281769	0.281769	0	0	0	0	
946	0.0661713	0.0661713	0	0	0.291989	0.291989	0	0	0	0	
947	0.0966208	0.0966208	0	0	0.426351	0.426351	0	0	0	0	
948	0.0665004	0.0547166	0.0117838	0	0.293441	0.241444	0.0519975	0	0	0	
949	0.065286	0.065286	0	0	0.288083	0.288083	0	0	0	0	
950	0.0868521	0.0868521	0	0	0.383246	0.383246	0	0	0	0	
951	0.117599	0.117047	0.000552073	0	0.518924	0.516488	0.00243609	0	0	0	
952	0.050436	0.0499499	0.000486061	0	0.222555	0.22041	0.00214481	0	0	0	
953	0.0540429	0.0537907	0.000252201	0	0.238471	0.237358	0.00111287	0	0	0	
954	0.0877651	0.0871949	0.000570193	0	0.387275	0.384759	0.00251605	0	0	0	
955	0.0899048	0.0899048	0	0	0.396716	0.396716	0	0	0	0	
956	0.0501571	0.0501571	0	0	0.221324	0.221324	0	0	0	0	
957	0.0796987	0.0796987	0	0	0.351681	0.351681	0	0	0	0	
958	0.0820195	0.0699472	0.0120723	0	0.361922	0.308651	0.0532708	0	0	0	
959	0.0917688	0.0917688	0	0	0.404941	0.404941	0	0	0	0	
960	0.0571783	0.0571783	0	0	0.252306	0.252306	0	0	0	0	
961	0.0758887	0.0756001	0.000288566	0	0.334868	0.333595	0.00127333	0	0	0	
962	0.098897	0.0988353	6.16242e-05	0	0.436395	0.436123	0.000271924	0	0	0	
963	0.147075	0.147003	7.15016e-05	0	0.648988	0.648673	0.00031551	0	0	0	
964	0.105807	0.105237	0.000570193	0	0.466891	0.464375	0.00251605	0	0	0	
965	0.147325	0.0970311	0.0502927	1.21159e-06	0.65009	0.428162	0.221923	5.3463e-06	1.15466e-06	5.09512e-06	
966	0.152795	0.10251	0.0502851	0	0.674232	0.452342	0.221889	0	0	0	
967	0.0447033	0.0447033	0	0	0.197259	0.197259	0	0	0	0	
968	0.0712535	0.0712535	0	0	0.314415	0.314415	0	0	0	0	
969	0.202625	0.179342	0.0232835	0	0.894111	0.79137	0.102741	0	0	0	
970	0.194667	0.175104	0.0195598	3.61656e-06	0.858995	0.772669	0.0863104	1.59585e-05	5.79422e-06	2.55677e-05	
