Node	dPC	dPCintra	dPCflux	dPCconnector	varPC	varPCintra	varPCflux	varPCconnector	dBC_PC	varBC_PC	
1	0.17523	0.165674	0.00955093	5.13844e-06	0.779118	0.736629	0.0424658	2.28468e-05	5.20526e-06	2.31438e-05	
2	0.0927349	0.0833992	0.00929549	4.02569e-05	0.412322	0.370813	0.04133	0.000178992	5.49776e-05	0.000244444	
3	0.093836	0.0817029	0.012116	1.70549e-05	0.417218	0.363271	0.0538709	7.58304e-05	2.46318e-05	0.000109519	
4	0.0573559	0.0573559	0	0	0.255019	0.255019	0	0	0	0	
5	0.110288	0.106133	0.00415554	8.95512e-08	0.490371	0.471894	0.0184765	3.98167e-07	8.03336e-08	3.57183e-07	
6	0.0940977	0.0893948	0.00467876	2.41645e-05	0.418382	0.397471	0.0208029	0.000107441	2.68659e-05	0.000119452	
7	0.0875598	0.0861001	0.00145971	0	0.389312	0.382822	0.00649026	0	0	0	
8	0.120018	0.102894	0.0171234	2.31422e-07	0.53363	0.457494	0.0761349	1.02896e-06	2.75763e-07	1.22611e-06	
9	0.0874502	0.0865288	0.00091996	1.45976e-06	0.388825	0.384729	0.00409037	6.49048e-06	1.44472e-06	6.42363e-06	
10	0.0594615	0.0592787	0.000182771	0	0.26438	0.263568	0.000812648	0	0	0	
11	0.0846586	0.0791229	0.00553566	0	0.376413	0.3518	0.0246129	0	0	0	
12	0.0959713	0.0944916	0.00147881	8.82755e-07	0.426712	0.420133	0.00657519	3.92495e-06	1.91651e-06	8.52132e-06	
13	0.103092	0.103092	0	0	0.458377	0.458377	0	0	0	0	
14	0.0837748	0.0834937	0.000281075	0	0.372484	0.371234	0.00124973	0	0	0	
15	0.0963885	0.0928215	0.00356696	0	0.428567	0.412708	0.0158596	0	0	0	
16	0.0733646	0.0733646	0	0	0.326197	0.326197	0	0	0	0	
17	0.0866456	0.0845866	0.00205777	1.2025e-06	0.385248	0.376093	0.00914939	5.34663e-06	1.1874e-06	5.27951e-06	
18	0.0732231	0.0722339	0.000989154	0	0.325568	0.32117	0.00439802	0	0	0	
19	0.0877101	0.0843995	0.00330278	7.80618e-06	0.389981	0.375261	0.014685	3.47082e-05	8.07729e-06	3.59136e-05	
20	0.0591896	0.0591896	0	0	0.263171	0.263171	0	0	0	0	
21	0.0844879	0.0818447	0.00264098	2.24612e-06	0.375654	0.363902	0.0117424	9.98681e-06	2.23109e-06	9.91999e-06	
22	0.0899959	0.087672	0.00232055	3.32855e-06	0.400144	0.389811	0.0103177	1.47995e-05	3.85226e-06	1.71281e-05	
23	0.0983712	0.0950738	0.00329433	3.13662e-06	0.437383	0.422722	0.0146474	1.39462e-05	3.32035e-06	1.47631e-05	
24	0.0660391	0.0651674	0.000871655	0	0.293626	0.289751	0.00387559	0	0	0	
25	0.121415	0.115668	0.00574357	3.56998e-06	0.539845	0.514291	0.0255373	1.5873e-05	3.8381e-06	1.70651e-05	
26	0.0858674	0.0843825	0.0014849	0	0.381788	0.375185	0.00660228	0	0	0	
27	0.0790354	0.0763252	0.00271016	0	0.351411	0.339361	0.01205	0	0	0	
28	0.0621881	0.0621881	0	0	0.276504	0.276504	0	0	0	0	
29	0.103757	0.101395	0.00236212	0	0.461332	0.450829	0.0105026	0	0	0	
30	0.164649	0.149022	0.0155778	4.93914e-05	0.732074	0.662592	0.0692628	0.000219606	5.16039e-05	0.000229444	
31	0.140785	0.138582	0.00220088	2.0315e-06	0.625968	0.616173	0.0097857	9.0326e-06	2.01647e-06	8.96576e-06	
32	0.144894	0.139046	0.00584424	3.92591e-06	0.644239	0.618236	0.0259849	1.74555e-05	4.22665e-06	1.87927e-05	
33	0.0777085	0.0767408	0.000967685	4.4862e-08	0.345511	0.341209	0.00430257	1.99467e-07	8.65096e-07	3.84643e-06	
34	0.101185	0.0972734	0.00391254	0	0.449898	0.432502	0.0173961	0	0	0	
35	0.0636833	0.0610394	0.0026416	2.32116e-06	0.283152	0.271396	0.0117452	1.03205e-05	2.31733e-06	1.03034e-05	
36	0.0815563	0.0812602	0.000296074	0	0.36262	0.361303	0.00131642	0	0	0	
37	0.179083	0.0951023	0.0835902	0.000390664	0.796249	0.422848	0.371663	0.00173699	0.00607962	0.0270315	
38	0.0800869	0.078514	0.00157284	0	0.356086	0.349093	0.00699326	0	0	0	
39	0.0889979	0.0840063	0.00496715	2.44835e-05	0.395707	0.373513	0.0220852	0.000108859	2.4865e-05	0.000110556	
40	0.103655	0.101079	0.00257577	4.82261e-07	0.460878	0.449424	0.0114525	2.14425e-06	5.0452e-07	2.24322e-06	
41	0.0983328	0.0960478	0.00228497	0	0.437212	0.427053	0.0101595	0	0	0	
42	0.0748708	0.0740294	0.000841395	0	0.332894	0.329153	0.00374105	0	0	0	
43	0.0618065	0.0554006	0.0064057	2.82759e-07	0.274807	0.246325	0.0284813	1.25721e-06	1.60568e-06	7.13928e-06	
44	0.0651681	0.064682	0.000486084	0	0.289753	0.287592	0.00216125	0	0	0	
45	0.0575921	0.0522047	0.00538741	0	0.256069	0.232115	0.0239538	0	0	0	
46	0.0919801	0.085231	0.00674152	7.54027e-06	0.408966	0.378958	0.0299745	3.35259e-05	1.33461e-05	5.93401e-05	
47	0.136141	0.135015	0.00112598	0	0.605318	0.600312	0.0050064	0	0	0	
48	0.107331	0.085135	0.0220912	0.000104826	0.47722	0.378531	0.0982232	0.000466085	0.000136101	0.00060514	
49	0.165934	0.158566	0.0073632	4.99901e-06	0.737785	0.705025	0.0327386	2.22268e-05	4.98411e-06	2.21606e-05	
50	0.0993351	0.0953886	0.00394078	5.67367e-06	0.441668	0.424122	0.0175217	2.52265e-05	6.50934e-06	2.89421e-05	
51	0.0847772	0.0847772	0	0	0.376941	0.376941	0	0	0	0	
52	0.0790473	0.0763345	0.00271181	1.04088e-06	0.351464	0.339402	0.0120574	4.62802e-06	1.53189e-06	6.81119e-06	
53	0.097495	0.0950896	0.00240543	0	0.433487	0.422792	0.0106951	0	0	0	
54	0.0924443	0.0908751	0.00156825	8.8004e-07	0.41103	0.404053	0.00697285	3.91287e-06	8.67927e-07	3.85902e-06	
55	0.0996554	0.0928874	0.00675661	1.14263e-05	0.443093	0.413	0.0300416	5.08043e-05	1.23703e-05	5.50019e-05	
56	0.118745	0.112202	0.00654299	1.34147e-07	0.527971	0.498879	0.0290918	5.96453e-07	1.36539e-06	6.07088e-06	
57	0.101509	0.100919	0.000590377	0	0.451337	0.448712	0.00262496	0	0	0	
58	0.121667	0.0914803	0.0301325	5.4807e-05	0.540964	0.406744	0.133976	0.000243686	0.000105855	0.000470659	
59	0.184067	0.112249	0.0717458	7.22387e-05	0.818409	0.499087	0.319	0.000321191	8.99093e-05	0.000399759	
60	0.0749794	0.0737353	0.00124411	0	0.333377	0.327845	0.00553165	0	0	0	
61	0.0880591	0.0872968	0.000762229	0	0.391532	0.388143	0.00338906	0	0	0	
62	0.100907	0.0935901	0.00730553	1.20939e-05	0.448661	0.416125	0.0324822	5.37728e-05	1.49159e-05	6.632e-05	
63	0.122448	0.0940757	0.0282619	0.000110894	0.544437	0.418284	0.125659	0.000493065	0.000153315	0.000681677	
64	0.0984063	0.0969863	0.00141969	3.30905e-07	0.437539	0.431225	0.00631231	1.47128e-06	3.15848e-07	1.40434e-06	
65	0.108222	0.102746	0.00546901	6.45603e-06	0.481183	0.456837	0.0243166	2.87051e-05	6.47478e-06	2.87885e-05	
66	0.112494	0.101096	0.0113912	6.24876e-06	0.500177	0.449501	0.0506485	2.77835e-05	6.35176e-06	2.82415e-05	
67	0.17699	0.137566	0.0394049	1.92345e-05	0.786944	0.611654	0.175204	8.55215e-05	3.29242e-05	0.000146389	
68	0.0952607	0.0799969	0.0152634	3.74409e-07	0.423552	0.355686	0.0678649	1.66471e-06	1.1466e-06	5.0981e-06	
69	0.117215	0.113939	0.00326706	9.225e-06	0.52117	0.506603	0.0145261	4.10166e-05	1.26965e-05	5.64518e-05	
70	0.0780058	0.0764724	0.00152715	6.25471e-06	0.346833	0.340015	0.00679012	2.781e-05	6.29756e-06	2.80005e-05	
71	0.0619309	0.0442566	0.0176743	0	0.27536	0.196775	0.0785847	0	0	0	
72	0.175798	0.129676	0.0460256	9.6089e-05	0.781644	0.576575	0.204641	0.000427236	0.0001331	0.000591796	
73	0.0791785	0.0597516	0.0194268	0	0.352047	0.265671	0.0863767	0	0	0	
74	0.12449	0.10615	0.0182372	0.000101924	0.553513	0.471973	0.0810874	0.000453183	0.00011927	0.000530305	
75	0.179634	0.143025	0.0362396	0.000369401	0.7987	0.635927	0.16113	0.00164245	0.000497208	0.00221071	
76	0.1501	0.140476	0.00954197	8.2513e-05	0.667385	0.624593	0.042426	0.000366873	8.60785e-05	0.000382726	
77	0.0890755	0.0890755	0	0	0.396052	0.396052	0	0	0	0	
78	0.135562	0.0981233	0.0373996	3.92049e-05	0.602743	0.436281	0.166288	0.000174314	4.94821e-05	0.00022001	
79	0.157226	0.136197	0.020868	0.000160726	0.699067	0.605568	0.0927845	0.000714629	0.000255662	0.00113673	
80	0.135752	0.124384	0.0113607	7.26179e-06	0.603589	0.553044	0.0505125	3.22877e-05	9.89334e-06	4.39883e-05	
81	0.108921	0.105558	0.00336307	0	0.48429	0.469337	0.014953	0	0	0	
82	0.240388	0.160106	0.0791026	0.00117851	1.06882	0.711875	0.35171	0.00523999	0.00162691	0.00723365	
83	0.153777	0.124377	0.0293191	8.11489e-05	0.683733	0.553012	0.13036	0.000360808	9.43756e-05	0.000419617	
84	0.112069	0.0955572	0.0165109	1.55616e-06	0.49829	0.424871	0.0734118	6.91911e-06	2.58284e-06	1.14839e-05	
85	0.141757	0.100446	0.0413114	0	0.63029	0.446609	0.183681	0	0	0	
86	0.16631	0.145254	0.0209307	0.000124573	0.739456	0.645839	0.0930632	0.000553883	0.000150271	0.000668143	
87	0.0800894	0.0770991	0.0029903	0	0.356097	0.342802	0.0132956	0	0	0	
88	0.0822368	0.0810959	0.00114043	4.7295e-07	0.365645	0.360573	0.00507065	2.10285e-06	4.57914e-07	2.036e-06	
89	0.0788692	0.0764518	0.00241005	7.4459e-06	0.350672	0.339923	0.0107156	3.31063e-05	8.47927e-06	3.77009e-05	
90	0.105475	0.0981557	0.00731998	0	0.468971	0.436425	0.0325465	0	0	0	
91	0.103752	0.101705	0.00204717	2.0444e-07	0.46131	0.452207	0.00910223	9.08993e-07	2.54707e-07	1.13249e-06	
92	0.0854565	0.0833165	0.002136	3.96586e-06	0.379961	0.370446	0.00949722	1.76332e-05	4.32427e-06	1.92268e-05	
93	0.0952928	0.0896854	0.00560143	5.96565e-06	0.423695	0.398764	0.0249053	2.65248e-05	7.44556e-06	3.31048e-05	
94	0.0889271	0.0852133	0.00371384	0	0.395392	0.378879	0.0165126	0	0	0	
95	0.150954	0.130649	0.020291	1.39945e-05	0.671183	0.580902	0.0902189	6.22231e-05	3.75934e-05	0.00016715	
96	0.198632	0.158567	0.0399884	7.67756e-05	0.88317	0.70503	0.177798	0.000341363	8.63332e-05	0.000383859	
97	0.108492	0.0941167	0.014338	3.76932e-05	0.482384	0.418466	0.0637506	0.000167593	4.58016e-05	0.000203645	
98	0.108874	0.0890561	0.0198182	0	0.484082	0.395965	0.0881169	0	0	0	
99	0.105931	0.0998473	0.00608368	8.69361e-07	0.470999	0.443946	0.0270495	3.8654e-06	1.49438e-06	6.64439e-06	
100	0.0951792	0.091797	0.00337097	1.13217e-05	0.423191	0.408152	0.0149881	5.03392e-05	1.1749e-05	5.22392e-05	
101	0.145665	0.144017	0.00164821	0	0.647667	0.640339	0.00732839	0	0	0	
102	0.161225	0.107052	0.0541514	2.10945e-05	0.716847	0.475982	0.240771	9.37917e-05	0.000121402	0.000539787	
103	0.0779204	0.0731782	0.00474227	0	0.346454	0.325368	0.0210853	0	0	0	
104	0.107049	0.0831403	0.023879	3.06172e-05	0.475971	0.369662	0.106172	0.000136131	3.27018e-05	0.0001454	
105	0.0936467	0.086052	0.00754581	4.89464e-05	0.416376	0.382608	0.0335505	0.000217628	6.41353e-05	0.000285161	
106	0.144091	0.111315	0.032748	2.76769e-05	0.640667	0.494938	0.145605	0.000123058	3.83059e-05	0.000170317	
107	0.202205	0.146406	0.0556115	0.000187578	0.899057	0.65096	0.247263	0.00083402	0.000229588	0.0010208	
108	0.102653	0.0967248	0.00591031	1.79198e-05	0.456421	0.430063	0.0262787	7.96763e-05	1.90314e-05	8.46184e-05	
109	0.12731	0.107889	0.0193226	9.83659e-05	0.566053	0.479703	0.0859132	0.000437359	0.000127018	0.000564755	
110	0.11734	0.10841	0.00893027	0	0.521724	0.482018	0.0397062	0	0	0	
111	0.101312	0.0960443	0.00526483	3.30106e-06	0.45046	0.427037	0.0234087	1.46773e-05	3.46374e-06	1.54006e-05	
112	0.103518	0.0946216	0.00889553	9.44905e-07	0.460267	0.420711	0.0395517	4.20128e-06	2.42926e-06	1.08011e-05	
113	0.0978247	0.0915955	0.00622918	0	0.434953	0.407256	0.0276965	0	0	0	
114	0.160679	0.123912	0.0361722	0.000594725	0.71442	0.550944	0.160831	0.0026443	0.000778543	0.0034616	
115	0.11547	0.106606	0.00884342	2.04944e-05	0.51341	0.473999	0.03932	9.11233e-05	2.49271e-05	0.000110832	
116	0.120837	0.114138	0.00669595	3.16273e-06	0.537274	0.507489	0.0297718	1.40623e-05	3.52067e-06	1.56538e-05	
117	0.111077	0.0966671	0.0144081	1.88336e-06	0.493876	0.429806	0.0640622	8.37389e-06	2.63909e-06	1.1734e-05	
118	0.104046	0.10141	0.00263622	0	0.462616	0.450895	0.0117213	0	0	0	
119	0.118342	0.113336	0.00500601	0	0.52618	0.503922	0.022258	0	0	0	
120	0.110217	0.0959406	0.0142096	6.70153e-05	0.490053	0.426576	0.0631795	0.000297966	8.23683e-05	0.00036623	
121	0.0892243	0.0841526	0.00507156	1.19391e-07	0.396713	0.374163	0.0225494	5.30845e-07	2.12792e-07	9.4613e-07	
122	0.17635	0.15733	0.0189475	7.30564e-05	0.7841	0.69953	0.0842454	0.000324827	0.000107727	0.000478983	
123	0.110887	0.10674	0.00414566	9.6492e-07	0.493032	0.474595	0.0184326	4.29028e-06	1.57015e-06	6.98128e-06	
124	0.160943	0.0961321	0.062524	0.00228713	0.715593	0.427427	0.277997	0.0101691	0.00559165	0.0248618	
125	0.107149	0.103158	0.003991	0	0.476412	0.458667	0.0177449	0	0	0	
126	0.136692	0.104107	0.0319146	0.00067049	0.607767	0.462886	0.1419	0.00298116	0.000707434	0.00314543	
127	0.201117	0.19116	0.00993539	2.11304e-05	0.894218	0.849949	0.0441752	9.39513e-05	2.14448e-05	9.53491e-05	
128	0.127703	0.120371	0.00733252	0	0.567802	0.5352	0.0326022	0	0	0	
129	0.123973	0.117774	0.00619715	1.09992e-06	0.551215	0.523656	0.0275541	4.89055e-06	2.93582e-06	1.30534e-05	
130	0.0994204	0.0960163	0.00340217	1.92625e-06	0.442048	0.426912	0.0151269	8.5646e-06	2.15582e-06	9.58535e-06	
131	0.132085	0.124338	0.00774514	1.79387e-06	0.587285	0.55284	0.0344368	7.97602e-06	2.79888e-06	1.24445e-05	
132	0.101175	0.0849588	0.0162165	0	0.449851	0.377748	0.0721027	0	0	0	
133	0.146351	0.110551	0.035178	0.000622437	0.650717	0.491539	0.15641	0.00276751	0.000702497	0.00312348	
134	0.0963715	0.0954142	0.000957348	0	0.428492	0.424235	0.00425661	0	0	0	
135	0.0703896	0.0703896	0	0	0.31297	0.31297	0	0	0	0	
136	0.110343	0.103268	0.00705743	1.76638e-05	0.490613	0.459156	0.0313791	7.85379e-05	2.17835e-05	9.6855e-05	
137	0.111789	0.101877	0.00987227	3.95199e-05	0.497045	0.452975	0.0438945	0.000175715	6.55053e-05	0.000291253	
138	0.112851	0.104102	0.00874904	0	0.501765	0.462865	0.0389004	0	0	0	
139	0.108788	0.10596	0.00282827	2.28225e-08	0.4837	0.471125	0.0125752	1.01474e-07	1.31019e-07	5.82547e-07	
140	0.143441	0.120773	0.0226652	3.08437e-06	0.637777	0.536989	0.100775	1.37138e-05	4.74233e-06	2.10856e-05	
141	0.0947298	0.0928085	0.00192133	0	0.421192	0.41265	0.00854275	0	0	0	
142	0.0836902	0.0832377	0.000452506	0	0.372107	0.370095	0.00201195	0	0	0	
143	0.156379	0.15444	0.00193812	0	0.6953	0.686683	0.0086174	0	0	0	
144	0.100939	0.098539	0.00240056	7.86574e-08	0.448803	0.438129	0.0106735	3.4973e-07	8.64149e-08	3.84222e-07	
145	0.0898084	0.0865727	0.00323515	5.12181e-07	0.39931	0.384924	0.0143842	2.27728e-06	7.44832e-07	3.31171e-06	
146	0.062603	0.0610548	0.00154742	7.45679e-07	0.278348	0.271465	0.00688021	3.31547e-06	2.1921e-06	9.74665e-06	
147	0.0743984	0.0725457	0.00184974	3.01355e-06	0.330794	0.322556	0.00822443	1.3399e-05	2.99857e-06	1.33324e-05	
148	0.109071	0.107598	0.00147323	1.19409e-07	0.484959	0.478408	0.00655036	5.30922e-07	1.65775e-07	7.3708e-07	
149	0.113974	0.099718	0.0142462	9.95344e-06	0.506758	0.443371	0.0633425	4.42555e-05	1.23141e-05	5.47519e-05	
150	0.0858592	0.0824457	0.00340493	8.57926e-06	0.381751	0.366574	0.0151392	3.81455e-05	9.22784e-06	4.10292e-05	
151	0.137161	0.124213	0.0129445	3.15389e-06	0.609852	0.552284	0.0575546	1.40229e-05	3.85056e-06	1.71205e-05	
152	0.10024	0.084612	0.0156104	1.77134e-05	0.445693	0.376206	0.0694081	7.87584e-05	3.64473e-05	0.000162054	
153	0.139588	0.13538	0.00420807	0	0.620645	0.601934	0.0187101	0	0	0	
154	0.0983747	0.0975474	0.000827123	1.33386e-07	0.437398	0.43372	0.0036776	5.9307e-07	1.18359e-07	5.26256e-07	
155	0.0967417	0.0916997	0.0050416	4.82165e-07	0.430138	0.407719	0.0224162	2.14383e-06	6.19271e-07	2.75343e-06	
156	0.0977383	0.0946054	0.00313293	0	0.434569	0.420639	0.0139298	0	0	0	
157	0.0894446	0.0882204	0.00122422	0	0.397693	0.39225	0.0054432	0	0	0	
158	0.115985	0.103356	0.0126096	1.89477e-05	0.515698	0.459549	0.0560657	8.42466e-05	2.74784e-05	0.000122176	
159	0.106861	0.0991346	0.00772174	5.50529e-06	0.475134	0.440777	0.0343328	2.44779e-05	9.73851e-06	4.32998e-05	
160	0.169918	0.155615	0.0143	2.61817e-06	0.755498	0.691905	0.0635817	1.1641e-05	2.77193e-06	1.23247e-05	
161	0.204282	0.173762	0.0304569	6.31587e-05	0.90829	0.77259	0.135419	0.000280819	9.10301e-05	0.000404742	
162	0.110253	0.0941843	0.0160465	2.30256e-05	0.490216	0.418767	0.0713467	0.000102377	2.51228e-05	0.000111702	
163	0.0890315	0.0785077	0.0104972	2.65495e-05	0.395856	0.349065	0.0466733	0.000118045	3.91976e-05	0.000174282	
164	0.120169	0.0897059	0.0303686	9.47971e-05	0.534303	0.398855	0.135026	0.000421492	0.000185303	0.000823906	
165	0.154935	0.115201	0.0392059	0.000528209	0.688881	0.512213	0.174319	0.00234855	0.000650664	0.00289301	
166	0.0992512	0.0974141	0.00183694	1.42215e-07	0.441296	0.433127	0.00816749	6.32327e-07	1.27567e-07	5.67196e-07	
167	0.101514	0.0971105	0.00440381	0	0.451358	0.431778	0.0195804	0	0	0	
168	0.111818	0.098056	0.0137621	7.69118e-08	0.497171	0.435981	0.0611899	3.41969e-07	9.28563e-08	4.12862e-07	
169	0.100506	0.0947786	0.005715	1.30871e-05	0.446878	0.421409	0.0254103	5.81886e-05	1.32317e-05	5.88318e-05	
170	0.143394	0.10868	0.0345655	0.000148073	0.637566	0.483221	0.153687	0.00065837	0.000200739	0.000892539	
171	0.218212	0.195382	0.0228214	8.37251e-06	0.970227	0.86872	0.101469	3.72263e-05	1.83991e-05	8.18071e-05	
172	0.13643	0.122166	0.0142642	0	0.606603	0.543181	0.0634222	0	0	0	
173	0.175511	0.135723	0.0393969	0.000391804	0.78037	0.603459	0.175168	0.00174205	0.000496267	0.00220652	
174	0.129052	0.113287	0.0157644	0	0.573799	0.503706	0.0700926	0	0	0	
175	0.103775	0.096294	0.00748121	0	0.46141	0.428147	0.0332633	0	0	0	
176	0.110303	0.0948808	0.0153507	7.21704e-05	0.490438	0.421864	0.068253	0.000320888	8.11198e-05	0.000360679	
177	0.183248	0.141864	0.0407414	0.000642313	0.814768	0.630765	0.181146	0.00285588	0.000724858	0.0032229	
178	0.137916	0.106482	0.0314163	1.78498e-05	0.61321	0.473446	0.139684	7.9365e-05	2.38426e-05	0.00010601	
179	0.187427	0.140501	0.045817	0.00110859	0.83335	0.624706	0.203714	0.00492911	0.00140131	0.00623058	
180	0.114466	0.101489	0.0128366	0.000140604	0.508947	0.451247	0.057075	0.000625164	0.000166653	0.000740981	
181	0.13327	0.125404	0.00786625	8.46645e-08	0.592554	0.557578	0.0349753	3.7644e-07	1.13983e-06	5.06797e-06	
182	0.102363	0.09948	0.00288299	0	0.455131	0.442313	0.0128184	0	0	0	
183	0.115913	0.11159	0.00432362	0	0.515382	0.496158	0.0192239	0	0	0	
184	0.0977673	0.0880783	0.00967241	1.65299e-05	0.434698	0.391618	0.0430059	7.34961e-05	2.38536e-05	0.000106059	
185	0.0938042	0.0826295	0.0111742	4.99161e-07	0.417077	0.367391	0.0496834	2.21939e-06	1.64374e-06	7.30849e-06	
186	0.131503	0.113874	0.0176274	1.23826e-06	0.584698	0.506316	0.0783762	5.50563e-06	1.57427e-06	6.99963e-06	
187	0.091631	0.088329	0.00330206	0	0.407414	0.392732	0.0146818	0	0	0	
188	0.083879	0.0807264	0.00314998	2.70674e-06	0.372947	0.358929	0.0140056	1.20348e-05	4.90841e-06	2.1824e-05	
189	0.106561	0.102355	0.00420212	3.65844e-06	0.473798	0.455098	0.0186836	1.62663e-05	3.81941e-06	1.6982e-05	
190	0.0771255	0.0594141	0.0177113	0	0.342919	0.26417	0.0787492	0	0	0	
191	0.335037	0.213473	0.119125	0.00243904	1.48966	0.949155	0.52966	0.0108446	0.00278876	0.0123995	
192	0.0730613	0.0730351	2.61888e-05	0	0.324849	0.324732	0.000116442	0	0	0	
193	0.118483	0.118483	0	0	0.526805	0.526805	0	0	0	0	
194	0.163507	0.12115	0.0420049	0.000352563	0.726996	0.538664	0.186764	0.00156758	0.000363964	0.00161827	
195	0.0896381	0.0886743	0.000963807	0	0.398553	0.394268	0.00428532	0	0	0	
196	0.0894518	0.0894518	0	0	0.397725	0.397725	0	0	0	0	
197	0.073351	0.0560603	0.0172906	0	0.326137	0.249258	0.0768784	0	0	0	
198	0.154487	0.114374	0.038608	0.00150515	0.686891	0.508538	0.171661	0.0066923	0.00188934	0.00840049	
199	0.150876	0.114412	0.0364375	2.72581e-05	0.670836	0.508704	0.16201	0.000121196	5.27186e-05	0.0002344	
200	0.107061	0.0872694	0.019792	0	0.476022	0.388022	0.0880006	0	0	0	
201	0.153401	0.100651	0.0526436	0.000106686	0.682062	0.447521	0.234066	0.000474355	0.000415338	0.00184669	
202	0.105924	0.105924	0	0	0.470968	0.470968	0	0	0	0	
203	0.100069	0.094548	0.00552192	0	0.444936	0.420384	0.0245518	0	0	0	
204	0.165601	0.133848	0.0316785	7.49861e-05	0.736307	0.595122	0.14085	0.000333407	7.92923e-05	0.000352553	
205	0.112627	0.0898949	0.0226946	3.78139e-05	0.500769	0.399695	0.100906	0.00016813	5.86864e-05	0.000260934	
206	0.189554	0.149384	0.0400945	7.58385e-05	0.842806	0.664198	0.17827	0.000337197	0.000186104	0.000827465	
207	0.0676819	0.0519214	0.0157573	3.19218e-06	0.300931	0.230855	0.0700613	1.41932e-05	9.45459e-06	4.20374e-05	
208	0.103593	0.0983055	0.00528778	0	0.460601	0.437091	0.0235108	0	0	0	
209	0.146734	0.0952204	0.051514	0	0.652418	0.423374	0.229044	0	0	0	
210	0.114052	0.113685	0.000367293	0	0.507107	0.505474	0.00163308	0	0	0	
211	0.166171	0.103507	0.0626645	0	0.738841	0.460219	0.278622	0	0	0	
212	0.117787	0.116341	0.0014454	0	0.523712	0.517285	0.00642662	0	0	0	
213	0.240897	0.164603	0.0753595	0.000933925	1.07108	0.731869	0.335067	0.00415246	0.00162694	0.0072338	
214	0.117293	0.115785	0.00150559	2.56654e-06	0.521516	0.514811	0.00669424	1.14115e-05	2.65961e-06	1.18253e-05	
215	0.176254	0.161552	0.0146782	2.35985e-05	0.78367	0.718303	0.065263	0.000104924	3.47901e-05	0.000154685	
216	0.0985111	0.0847819	0.0137291	0	0.438005	0.376961	0.0610432	0	0	0	
217	0.205459	0.140838	0.0634405	0.00118055	0.913525	0.626204	0.282072	0.00524902	0.00148228	0.00659059	
218	0.0972972	0.0971262	0.000171014	0	0.432608	0.431847	0.000760371	0	0	0	
219	0.133375	0.133007	0.000368648	0	0.593021	0.591382	0.0016391	0	0	0	
220	0.0951076	0.0837864	0.0113212	0	0.422872	0.372535	0.0503369	0	0	0	
221	0.121416	0.0938163	0.0275501	5.00631e-05	0.539848	0.41713	0.122494	0.000222593	6.22247e-05	0.000276667	
222	0.0504246	0.0502534	0.000171202	0	0.2242	0.223439	0.00076121	0	0	0	
223	0.0973774	0.0967289	0.000648505	0	0.432964	0.430081	0.00288341	0	0	0	
224	0.176469	0.145172	0.0312917	4.76505e-06	0.784626	0.645474	0.13913	2.11866e-05	4.7769e-06	2.12393e-05	
225	0.0815543	0.0782585	0.00329516	6.36156e-07	0.362611	0.347957	0.0146511	2.82851e-06	1.14203e-06	5.07778e-06	
226	0.248721	0.224908	0.0237931	2.02403e-05	1.10588	1	0.10579	8.99935e-05	2.2736e-05	0.00010109	
227	0.0846177	0.0822074	0.00240859	1.745e-06	0.376231	0.365514	0.0107092	7.75871e-06	1.75017e-06	7.78171e-06	
228	0.0882309	0.0792881	0.00892747	1.53298e-05	0.392296	0.352534	0.0396938	6.81604e-05	1.53148e-05	6.80938e-05	
229	0.126928	0.123794	0.00313442	0	0.564357	0.55042	0.0139364	0	0	0	
230	0.107846	0.106495	0.00135126	0	0.479512	0.473504	0.00600806	0	0	0	
231	0.0931716	0.0919441	0.00122754	0	0.414264	0.408806	0.00545797	0	0	0	
232	0.0812274	0.0750149	0.00621247	0	0.361157	0.333535	0.0276222	0	0	0	
233	0.0812144	0.0780572	0.00313567	2.15083e-05	0.361099	0.347062	0.0139419	9.56313e-05	2.27509e-05	0.000101156	
234	0.104926	0.104206	0.00071975	0	0.466529	0.463329	0.00320019	0	0	0	
235	0.136128	0.136122	5.9875e-06	0	0.60526	0.605233	2.66219e-05	0	0	0	
236	0.069954	0.0661082	0.00382119	2.4701e-05	0.311033	0.293933	0.0169899	0.000109826	2.69554e-05	0.00011985	
237	0.0480798	0.0473261	0.000753717	0	0.213775	0.210423	0.00335121	0	0	0	
238	0.0894218	0.0894218	0	0	0.397592	0.397592	0	0	0	0	
239	0.141867	0.121873	0.0199851	8.93921e-06	0.630778	0.541879	0.088859	3.97459e-05	1.00705e-05	4.4776e-05	
240	0.093626	0.0905985	0.00302743	0	0.416284	0.402824	0.0134607	0	0	0	
241	0.140076	0.118498	0.0214195	0.000158504	0.622816	0.526874	0.0952365	0.000704748	0.000160135	0.000712001	
242	0.0870917	0.0855052	0.0015827	3.87758e-06	0.387231	0.380177	0.0070371	1.72407e-05	3.86257e-06	1.71739e-05	
243	0.0875857	0.0860706	0.00151513	0	0.389428	0.382691	0.00673664	0	0	0	
244	0.0891769	0.0887753	0.000401371	2.38918e-07	0.396503	0.394717	0.00178459	1.06229e-06	2.23898e-07	9.95509e-07	
245	0.123948	0.0951764	0.0281586	0.00061348	0.551106	0.423178	0.1252	0.00272768	0.00079071	0.00351569	
246	0.108117	0.0895799	0.0185371	0	0.480715	0.398294	0.0824209	0	0	0	
247	0.112262	0.107236	0.0050138	1.18793e-05	0.499146	0.476801	0.0222926	5.28185e-05	1.21537e-05	5.40388e-05	
248	0.0836375	0.0836375	0	0	0.371873	0.371873	0	0	0	0	
249	0.074457	0.0700441	0.00441288	0	0.331054	0.311433	0.0196208	0	0	0	
250	0.0703367	0.0666865	0.00360471	4.55652e-05	0.312734	0.296504	0.0160274	0.000202594	4.55865e-05	0.000202689	
251	0.129799	0.109333	0.0202991	0.000167539	0.577123	0.486123	0.0902551	0.00074492	0.000167524	0.000744854	
252	0.07848	0.0693156	0.00913988	2.4526e-05	0.348941	0.308194	0.0406382	0.000109049	2.46171e-05	0.000109453	
253	0.0997244	0.0978694	0.001855	0	0.443399	0.435152	0.00824782	0	0	0	
254	0.0781496	0.0777114	0.000438291	0	0.347473	0.345524	0.00194875	0	0	0	
255	0.0876611	0.0867739	0.000886774	4.45271e-07	0.389763	0.385818	0.00394282	1.97978e-06	4.30195e-07	1.91275e-06	
256	0.101629	0.0967707	0.00485682	1.73309e-06	0.451869	0.430266	0.0215946	7.70579e-06	2.54205e-06	1.13026e-05	
257	0.0995505	0.0888482	0.0107022	0	0.442626	0.395041	0.0475848	0	0	0	
258	0.10049	0.0962472	0.00422362	1.98274e-05	0.446806	0.427939	0.0187793	8.81576e-05	2.24549e-05	9.98401e-05	
259	0.0501921	0.0452936	0.00487794	2.05963e-05	0.223167	0.201386	0.0216885	9.15766e-05	3.39417e-05	0.000150913	
260	0.0472333	0.041768	0.00539404	7.12138e-05	0.210011	0.185711	0.0239832	0.000316634	7.12001e-05	0.000316573	
261	0.110141	0.109926	0.000215056	0	0.489718	0.488762	0.000956197	0	0	0	
262	0.115784	0.111163	0.00462115	0	0.514806	0.494259	0.0205467	0	0	0	
263	0.0585055	0.0437849	0.0147144	6.0954e-06	0.26013	0.194678	0.0654242	2.71016e-05	0.000133763	0.000594745	
264	0.205296	0.14004	0.0647273	0.000528198	0.912799	0.622657	0.287793	0.0023485	0.000958046	0.00425971	
265	0.0485328	0.0433817	0.00513417	1.69849e-05	0.215789	0.192885	0.0228278	7.55191e-05	1.98566e-05	8.82875e-05	
266	0.0955902	0.0834648	0.0120843	4.09994e-05	0.425018	0.371105	0.0537301	0.000182293	4.09842e-05	0.000182226	
267	0.0503763	0.0455803	0.00479173	4.24868e-06	0.223985	0.202661	0.0213052	1.88906e-05	4.23501e-06	1.88299e-05	
268	0.0854307	0.0852269	0.000203814	0	0.379846	0.37894	0.000906212	0	0	0	
269	0.221576	0.204908	0.0166449	2.25153e-05	0.985183	0.911075	0.0740074	0.000100108	2.58383e-05	0.000114883	
270	0.108635	0.107388	0.00124449	3.2941e-06	0.483022	0.477474	0.00553334	1.46464e-05	3.27908e-06	1.45796e-05	
271	0.0846231	0.0846231	0	0	0.376255	0.376255	0	0	0	0	
272	0.106432	0.103676	0.00275642	4.38938e-07	0.473227	0.460969	0.0122557	1.95163e-06	4.23979e-07	1.88512e-06	
273	0.109989	0.091639	0.0183181	3.25751e-05	0.489042	0.40745	0.081447	0.000144837	6.37561e-05	0.000283475	
274	0.103018	0.094279	0.0087387	2.77947e-07	0.458043	0.419188	0.0388544	1.23582e-06	4.61758e-07	2.05309e-06	
275	0.118623	0.11119	0.00736693	6.61028e-05	0.527429	0.49438	0.0327552	0.00029391	6.82896e-05	0.000303633	
276	0.0922629	0.0897633	0.00249964	0	0.410224	0.39911	0.011114	0	0	0	
277	0.11353	0.104012	0.00946094	5.72258e-05	0.504785	0.462465	0.0420657	0.00025444	7.02413e-05	0.00031231	
278	0.178087	0.147919	0.0300858	8.21508e-05	0.79182	0.657686	0.133769	0.000365263	9.56399e-05	0.000425239	
279	0.0787736	0.0770021	0.00177151	0	0.350247	0.34237	0.00787661	0	0	0	
280	0.146006	0.121317	0.0246656	2.31261e-05	0.649181	0.539409	0.109669	0.000102824	3.29089e-05	0.000146321	
281	0.118698	0.0950703	0.0235895	3.85594e-05	0.527762	0.422706	0.104884	0.000171444	4.99791e-05	0.000222219	
282	0.0850681	0.081189	0.00387908	0	0.378234	0.360986	0.0172473	0	0	0	
283	0.104489	0.0910877	0.0133718	3.0066e-05	0.464587	0.404999	0.0594545	0.000133681	4.97929e-05	0.000221392	
284	0.157834	0.110557	0.0471814	9.57758e-05	0.701773	0.491567	0.20978	0.000425843	0.000297625	0.00132331	
285	0.100533	0.0871853	0.0133476	6.82812e-08	0.446995	0.387648	0.0593469	3.03595e-07	9.03174e-08	4.01574e-07	
286	0.125076	0.0820332	0.0430173	2.63892e-05	0.556123	0.36474	0.191265	0.000117333	3.89133e-05	0.000173018	
287	0.0809627	0.0653481	0.0155024	0.000112178	0.35998	0.290554	0.0689276	0.000498772	0.000119832	0.000532806	
288	0.236517	0.140414	0.0928662	0.00323679	1.05161	0.624317	0.412906	0.0143916	0.00445524	0.0198091	
289	0.0692271	0.0655934	0.0036003	3.33469e-05	0.307801	0.291645	0.0160078	0.000148269	3.33319e-05	0.000148202	
290	0.0689497	0.0689497	0	0	0.306568	0.306568	0	0	0	0	
291	0.215519	0.13709	0.0768017	0.00162701	0.958251	0.609537	0.341479	0.00723409	0.00260988	0.0116041	
292	0.123405	0.116597	0.00680215	5.45092e-06	0.548691	0.518423	0.030244	2.42361e-05	7.02145e-06	3.12191e-05	
293	0.0558434	0.0475418	0.00830162	0	0.248293	0.211382	0.0369111	0	0	0	
294	0.073456	0.0609588	0.0122608	0.000236408	0.326604	0.271038	0.0545147	0.00105113	0.000299352	0.00133099	
295	0.203347	0.152071	0.0507787	0.000496966	0.904132	0.676147	0.225775	0.00220963	0.000727274	0.00323364	
296	0.118231	0.118231	0	0	0.525688	0.525688	0	0	0	0	
297	0.177605	0.146499	0.0310778	2.7652e-05	0.789677	0.651374	0.13818	0.000122947	6.79634e-05	0.000302182	
298	0.1115	0.0907844	0.0203614	0.000354788	0.49576	0.40365	0.0905322	0.00157747	0.000354774	0.00157741	
299	0.10153	0.0793721	0.022098	6.02725e-05	0.451429	0.352908	0.0982534	0.000267987	6.84639e-05	0.000304408	
300	0.0774101	0.0767019	0.000708161	0	0.344184	0.341036	0.00314866	0	0	0	
301	0.0733907	0.0622029	0.0111669	2.08536e-05	0.326313	0.27657	0.0496511	9.27203e-05	2.58275e-05	0.000114835	
302	0.0732481	0.0693094	0.00393669	1.96685e-06	0.325679	0.308167	0.0175035	8.74513e-06	2.12266e-06	9.43792e-06	
303	0.126984	0.105752	0.0210151	0.000216871	0.564604	0.470201	0.0934388	0.000964264	0.000223479	0.000993648	
304	0.0953953	0.0953953	0	0	0.424151	0.424151	0	0	0	0	
305	0.051717	0.0412497	0.0104673	0	0.229947	0.183406	0.0465404	0	0	0	
306	0.0642665	0.0529047	0.0113618	0	0.285745	0.235227	0.0505174	0	0	0	
307	0.091581	0.0872561	0.00432488	0	0.407192	0.387962	0.0192295	0	0	0	
308	0.0942134	0.0754858	0.0187205	6.98197e-06	0.418896	0.335629	0.0832363	3.10436e-05	1.86522e-05	8.29324e-05	
309	0.121659	0.110708	0.0109137	3.74545e-05	0.540927	0.492235	0.048525	0.000166532	4.16193e-05	0.00018505	
310	0.145799	0.143263	0.00253481	1.11739e-06	0.64826	0.636985	0.0112704	4.96823e-06	2.62684e-06	1.16796e-05	
311	0.0803462	0.0739057	0.00638998	5.05153e-05	0.357239	0.328603	0.0284114	0.000224603	5.55879e-05	0.000247157	
312	0.152101	0.0957917	0.0557055	0.000604338	0.676281	0.425913	0.24768	0.00268704	0.000708797	0.00315149	
313	0.104404	0.0933823	0.0109729	4.95855e-05	0.46421	0.415201	0.0487885	0.000220469	6.24488e-05	0.000277663	
314	0.0796201	0.0772387	0.00238133	2.18433e-08	0.354011	0.343423	0.010588	9.71209e-08	1.35105e-08	6.00714e-08	
315	0.110016	0.0949291	0.0150423	4.54769e-05	0.489162	0.422078	0.066882	0.000202201	4.87652e-05	0.000216822	
316	0.075784	0.0705691	0.00521286	2.08228e-06	0.336954	0.313767	0.0231776	9.25836e-06	4.03723e-06	1.79505e-05	
317	0.122716	0.0767278	0.04546	0.000528807	0.545629	0.341151	0.202126	0.00235121	0.000621516	0.00276341	
318	0.149905	0.122217	0.027688	0	0.666516	0.543408	0.123107	0	0	0	
319	0.235787	0.143516	0.0899741	0.00229727	1.04837	0.638109	0.400047	0.0102142	0.00273501	0.0121605	
320	0.0974224	0.0760583	0.0213443	1.96836e-05	0.433164	0.338174	0.0949024	8.75183e-05	3.05369e-05	0.000135775	
321	0.151961	0.0987661	0.0516825	0.00151256	0.675657	0.439138	0.229793	0.00672523	0.00168405	0.00748774	
322	0.143739	0.0787691	0.0640184	0.000952038	0.639102	0.350227	0.284642	0.004233	0.0012845	0.00571124	
323	0.0997209	0.0948251	0.00489589	0	0.443384	0.421616	0.0217683	0	0	0	
324	0.126247	0.125159	0.00108874	0	0.561329	0.556488	0.00484085	0	0	0	
325	0.0912414	0.0902017	0.00103966	0	0.405682	0.401059	0.00462261	0	0	0	
326	0.0716546	0.0710517	0.000602882	0	0.318594	0.315913	0.00268056	0	0	0	
327	0.0799978	0.075119	0.00487885	0	0.35569	0.333998	0.0216926	0	0	0	
328	0.0908549	0.0906911	0.00016376	0	0.403963	0.403235	0.00072812	0	0	0	
329	0.0970285	0.0914516	0.00556513	1.17865e-05	0.431413	0.406616	0.0247439	5.24061e-05	1.2275e-05	5.45781e-05	
330	0.150084	0.0882602	0.0601328	0.0016915	0.667313	0.392427	0.267365	0.00752083	0.00212605	0.00945295	
331	0.133414	0.116832	0.0165467	3.51366e-05	0.593194	0.519467	0.073571	0.000156226	4.16097e-05	0.000185007	
332	0.111434	0.0963427	0.0149933	9.8235e-05	0.495464	0.428364	0.0666641	0.000436777	0.000118453	0.000526676	
333	0.124479	0.0984213	0.026055	3.60844e-06	0.553469	0.437605	0.115847	1.6044e-05	4.11427e-06	1.8293e-05	
334	0.139723	0.0884023	0.0511306	0.000190691	0.621246	0.393059	0.227339	0.000847864	0.000287732	0.00127933	
335	0.0861553	0.080429	0.00572633	0	0.383068	0.357607	0.0254607	0	0	0	
336	0.112573	0.0894074	0.0230901	7.60557e-05	0.50053	0.397527	0.102664	0.000338163	0.000190885	0.000848725	
337	0.12033	0.111784	0.00851913	2.71015e-05	0.535021	0.497022	0.0378782	0.0001205	3.75402e-05	0.000166913	
338	0.113476	0.101645	0.0117833	4.84663e-05	0.504547	0.451939	0.0523918	0.000215493	6.23453e-05	0.000277203	
339	0.0904882	0.0770125	0.0134229	5.2783e-05	0.402333	0.342417	0.0596817	0.000234686	8.36795e-05	0.00037206	
340	0.11014	0.0835421	0.0263529	0.000245263	0.489711	0.371449	0.117171	0.0010905	0.000373404	0.00166024	
341	0.106361	0.104293	0.002068	0	0.472908	0.463714	0.00919485	0	0	0	
342	0.103298	0.0753708	0.027928	0	0.459293	0.335117	0.124175	0	0	0	
343	0.138477	0.0882179	0.0496169	0.000642291	0.615703	0.392238	0.220609	0.00285578	0.00106319	0.00472723	
344	0.0874981	0.0824704	0.00501463	1.31216e-05	0.389038	0.366684	0.0222963	5.8342e-05	2.83398e-05	0.000126006	
345	0.124226	0.0950758	0.0290641	8.63153e-05	0.552341	0.422731	0.129226	0.000383779	0.000167999	0.000746965	
346	0.151513	0.0982611	0.0523755	0.000877069	0.673668	0.436893	0.232874	0.00389967	0.00134532	0.00598163	
347	0.0922626	0.0754903	0.0167343	3.80735e-05	0.410222	0.335648	0.0744049	0.000169284	4.98668e-05	0.00022172	
348	0.101007	0.0837353	0.0172392	3.26393e-05	0.449103	0.372308	0.07665	0.000145122	4.14544e-05	0.000184317	
349	0.0849203	0.0722107	0.012681	2.85964e-05	0.377577	0.321067	0.0563829	0.000127147	4.29964e-05	0.000191173	
350	0.138622	0.0760985	0.0617906	0.000733705	0.616352	0.338353	0.274736	0.00326224	0.00101723	0.00452286	
351	0.155106	0.0937104	0.061153	0.00024278	0.689641	0.41666	0.271901	0.00107946	0.000600688	0.00267081	
352	0.129713	0.0817509	0.0478571	0.000105841	0.57674	0.363485	0.212784	0.000470596	0.000237455	0.00105578	
353	0.0852447	0.0779705	0.00726489	9.31002e-06	0.379019	0.346676	0.0323015	4.13947e-05	1.41769e-05	6.30342e-05	
354	0.0870999	0.0791875	0.00788514	2.73451e-05	0.387268	0.352087	0.0350593	0.000121583	2.92553e-05	0.000130076	
355	0.0834451	0.0834444	6.90789e-07	0	0.371018	0.371014	3.07142e-06	0	0	0	
356	0.123158	0.10882	0.0142655	7.2187e-05	0.547593	0.483844	0.0634282	0.000320961	8.38175e-05	0.000372673	
357	0.210066	0.108014	0.099588	0.00246405	0.934008	0.480259	0.442793	0.0109558	0.00311974	0.0138711	
358	0.174574	0.0978257	0.074824	0.00192433	0.776199	0.434957	0.332686	0.00855607	0.00402873	0.0179127	
359	0.115452	0.0781659	0.0370347	0.000251639	0.513329	0.347545	0.164665	0.00111885	0.00031823	0.00141493	
360	0.100957	0.0965844	0.00437311	0	0.448882	0.429438	0.0194439	0	0	0	
361	0.0469722	0.0469722	0	0	0.20885	0.20885	0	0	0	0	
362	0.103553	0.0870237	0.0164427	8.72182e-05	0.460425	0.386929	0.0731086	0.000387794	0.00011023	0.00049011	
363	0.0494584	0.0490603	0.000398101	0	0.219904	0.218134	0.00177005	0	0	0	
364	0.133357	0.113336	0.0200182	2.36117e-06	0.59294	0.503923	0.0890061	1.04983e-05	4.55214e-06	2.02399e-05	
365	0.0847299	0.0791742	0.00552997	2.57949e-05	0.37673	0.352028	0.0245876	0.00011469	2.68612e-05	0.000119432	
366	0.117051	0.0913997	0.0255529	9.85859e-05	0.520439	0.406386	0.113614	0.000438337	0.000189959	0.000844606	
367	0.125463	0.104928	0.0204325	0.000102658	0.557843	0.466538	0.0908484	0.000456446	0.000191807	0.000852824	
368	0.0793268	0.0755044	0.00381558	6.82888e-06	0.352707	0.335711	0.016965	3.03629e-05	7.68885e-06	3.41865e-05	
369	0.0845047	0.0800242	0.00446973	1.07544e-05	0.375729	0.355808	0.0198735	4.7817e-05	1.83882e-05	8.17588e-05	
370	0.113389	0.0913166	0.0219668	0.000105764	0.504156	0.406016	0.09767	0.000470253	0.000156056	0.000693867	
371	0.113248	0.0790443	0.0339613	0.000242645	0.50353	0.35145	0.151	0.00107886	0.000318636	0.00141673	
372	0.099339	0.078767	0.0204284	0.000143665	0.441686	0.350217	0.0908299	0.000638773	0.000157661	0.000701004	
373	0.0851351	0.0789219	0.00620071	1.24838e-05	0.378532	0.350906	0.0275699	5.55062e-05	1.3048e-05	5.8015e-05	
374	0.170474	0.103561	0.0614494	0.00546411	0.757974	0.460459	0.273219	0.0242948	0.00670906	0.0298301	
375	0.143611	0.126677	0.0167638	0.000170384	0.638531	0.563238	0.0745361	0.000757571	0.000173097	0.000769634	
376	0.101431	0.0985293	0.00290083	9.91587e-07	0.450988	0.438086	0.0128978	4.40884e-06	1.25284e-06	5.57044e-06	
377	0.108031	0.0997088	0.00824506	7.80412e-05	0.480337	0.44333	0.0366596	0.00034699	9.11464e-05	0.000405259	
378	0.121566	0.103315	0.0182436	7.31692e-06	0.540513	0.459365	0.0811157	3.25328e-05	2.24506e-05	9.98211e-05	
379	0.0911628	0.0764276	0.0146817	5.33791e-05	0.405332	0.339816	0.0652789	0.000237337	7.77324e-05	0.000345617	
380	0.107026	0.0820978	0.024783	0.000145338	0.475865	0.365027	0.110191	0.000646209	0.000206847	0.000919697	
381	0.111668	0.0794886	0.0317649	0.000415429	0.496508	0.353426	0.141234	0.0018471	0.000660916	0.0029386	
382	0.106057	0.103632	0.00242207	3.10954e-06	0.471559	0.460776	0.0107691	1.38257e-05	3.22631e-06	1.43449e-05	
383	0.0819312	0.0756201	0.00631108	0	0.364286	0.336226	0.0280606	0	0	0	
384	0.0968797	0.0900332	0.00684649	0	0.430751	0.40031	0.0304412	0	0	0	
385	0.141479	0.1069	0.033949	0.000629841	0.629051	0.475305	0.150945	0.00280043	0.000723188	0.00321547	
386	0.100493	0.0792936	0.0208994	0.00030056	0.446819	0.352559	0.0929242	0.00133636	0.000418539	0.00186093	
387	0.0956217	0.0838787	0.0115854	0.000157589	0.425158	0.372945	0.0515118	0.000700684	0.000225809	0.001004	
388	0.0857588	0.0766604	0.00899104	0.000107366	0.381305	0.340851	0.0399764	0.000477378	0.000107351	0.00047731	
389	0.132154	0.110718	0.0214274	8.21994e-06	0.58759	0.492282	0.0952718	3.65479e-05	1.28346e-05	5.70662e-05	
390	0.0874476	0.0740577	0.0133748	1.50304e-05	0.388814	0.329279	0.0594677	6.6829e-05	4.3545e-05	0.000193612	
391	0.0982787	0.0908914	0.00738729	0	0.436971	0.404126	0.0328457	0	0	0	
392	0.0962862	0.0496409	0.0465641	8.12504e-05	0.428112	0.220715	0.207035	0.000361259	8.12365e-05	0.000361198	
393	0.0875455	0.0805768	0.00696875	0	0.389249	0.358264	0.0309848	0	0	0	
394	0.0977825	0.0922612	0.0055213	0	0.434765	0.410216	0.0245491	0	0	0	
395	0.148063	0.13774	0.0103216	1.10941e-06	0.658327	0.61243	0.0458926	4.93274e-06	2.04239e-06	9.08098e-06	
396	0.10471	0.058918	0.0457925	0	0.465569	0.261964	0.203604	0	0	0	
397	0.131979	0.100934	0.0308924	0.00015314	0.586815	0.448779	0.137355	0.000680901	0.000288394	0.00128227	
398	0.0911592	0.0908212	0.000337992	0	0.405316	0.403813	0.0015028	0	0	0	
399	0.0794813	0.0782301	0.00125069	5.43478e-07	0.353393	0.34783	0.0055609	2.41644e-06	6.84101e-07	3.04168e-06	
400	0.144755	0.128576	0.0161791	0	0.643621	0.571684	0.0719367	0	0	0	
401	0.100512	0.100257	0.000254252	0	0.446902	0.445771	0.00113047	0	0	0	
402	0.109512	0.0830936	0.0263692	4.93194e-05	0.486918	0.369455	0.117244	0.000219286	6.44658e-05	0.000286631	
403	0.11385	0.0884908	0.0252957	6.39597e-05	0.506208	0.393452	0.112471	0.000284381	0.000291869	0.00129772	
404	0.108333	0.0984168	0.00991699	0	0.481679	0.437586	0.0440934	0	0	0	
405	0.107344	0.106812	0.000531531	1.5137e-08	0.477279	0.474916	0.00236332	6.73029e-08	1.17171e-10	5.20975e-10	
406	0.199761	0.176281	0.0233883	9.08426e-05	0.888188	0.783793	0.10399	0.000403909	9.51745e-05	0.00042317	
407	0.127034	0.085194	0.0415966	0.000243899	0.564827	0.378793	0.184949	0.00108443	0.000284691	0.0012658	
408	0.130615	0.127229	0.00338652	0	0.58075	0.565693	0.0150573	0	0	0	
409	0.0929193	0.0916841	0.00123526	0	0.413142	0.40765	0.00549231	0	0	0	
410	0.108313	0.0876538	0.0205974	6.19782e-05	0.481588	0.389731	0.0915814	0.00027557	7.04034e-05	0.000313031	
411	0.130453	0.117138	0.0133095	5.98485e-06	0.580029	0.520825	0.0591774	2.66101e-05	5.97315e-06	2.65581e-05	
412	0.158043	0.122029	0.0359724	4.14887e-05	0.702702	0.542575	0.159942	0.000184469	4.95703e-05	0.000220402	
413	0.0963089	0.091469	0.00483607	3.82622e-06	0.428213	0.406694	0.0215024	1.70123e-05	5.81837e-06	2.58699e-05	
414	0.149518	0.112469	0.0369841	6.48873e-05	0.664797	0.500068	0.164441	0.000288505	6.53229e-05	0.000290442	
415	0.0927376	0.0918949	0.000842749	0	0.412334	0.408587	0.00374707	0	0	0	
416	0.131627	0.106036	0.0255786	1.23328e-05	0.58525	0.471466	0.113729	5.48349e-05	1.2318e-05	5.47692e-05	
417	0.105622	0.0957055	0.00991699	0	0.469624	0.42553	0.0440934	0	0	0	
418	0.0811343	0.0768806	0.00425185	1.85252e-06	0.360743	0.34183	0.0189048	8.23676e-06	3.21883e-06	1.43117e-05	
419	0.137245	0.102076	0.0351384	3.11391e-05	0.610229	0.453856	0.156234	0.000138452	5.69684e-05	0.000253295	
420	0.0837113	0.0837113	0	0	0.372201	0.372201	0	0	0	0	
421	0.0902437	0.0861084	0.00413531	0	0.401246	0.382859	0.0183866	0	0	0	
422	0.107263	0.0810028	0.0260533	0.000207786	0.476922	0.360158	0.115839	0.000923871	0.000207771	0.000923806	
423	0.0649568	0.0559937	0.00892767	3.54752e-05	0.288814	0.248962	0.0396947	0.000157731	4.19721e-05	0.000186618	
424	0.11075	0.110574	0.000175852	0	0.492425	0.491644	0.000781885	0	0	0	
425	0.0769507	0.0695788	0.00730443	6.74397e-05	0.342142	0.309365	0.0324773	0.000299853	7.21636e-05	0.000320857	
426	0.112479	0.109076	0.00339888	3.53698e-06	0.500111	0.484983	0.0151123	1.57263e-05	3.88508e-06	1.7274e-05	
427	0.0953916	0.0905083	0.0048644	1.89578e-05	0.424135	0.402422	0.0216283	8.42913e-05	2.08617e-05	9.27567e-05	
428	0.0956082	0.0940848	0.00152344	4.54234e-08	0.425098	0.418324	0.00677359	2.01964e-07	3.36879e-08	1.49785e-07	
429	0.123543	0.0882583	0.0352803	5.19192e-06	0.549307	0.392418	0.156865	2.30845e-05	5.22589e-06	2.32356e-05	
430	0.222	0.212461	0.0095339	5.06528e-06	0.98707	0.944658	0.0423901	2.25215e-05	5.60152e-06	2.49057e-05	
431	0.181078	0.166406	0.0146717	0	0.80512	0.739886	0.0652343	0	0	0	
432	0.132572	0.112227	0.0203307	1.38404e-05	0.589449	0.498992	0.0903955	6.15383e-05	2.94236e-05	0.000130825	
433	0.114806	0.0986166	0.0159857	0.000203846	0.510457	0.438474	0.0710765	0.000906354	0.000241367	0.00107318	
434	0.0937528	0.080625	0.0130469	8.09996e-05	0.416848	0.358478	0.0580098	0.000360144	8.10576e-05	0.000360402	
435	0.217506	0.152175	0.0652365	9.38849e-05	0.967086	0.676611	0.290057	0.000417435	0.000285771	0.00127061	
436	0.119205	0.0862031	0.0326602	0.000342163	0.530017	0.38328	0.145215	0.00152134	0.000422562	0.00187881	
437	0.141317	0.0862525	0.0539028	0.00116193	0.628332	0.3835	0.239665	0.00516623	0.00195362	0.00868629	
438	0.178637	0.130535	0.0473467	0.000755593	0.794267	0.580392	0.210515	0.00335955	0.000871863	0.00387652	
439	0.153915	0.127205	0.0266959	1.35522e-05	0.684345	0.565588	0.118696	6.02567e-05	1.97112e-05	8.76409e-05	
440	0.0872014	0.0802368	0.00693705	2.76014e-05	0.387719	0.356753	0.0308438	0.000122723	3.53486e-05	0.000157169	
441	0.0684353	0.0677107	0.000724675	0	0.30428	0.301058	0.00322208	0	0	0	
442	0.137694	0.0950353	0.0409255	0.00173411	0.612226	0.42255	0.181965	0.00771029	0.00226636	0.0100768	
443	0.171733	0.138108	0.0333183	0.000307106	0.76357	0.614062	0.148141	0.00136547	0.000408782	0.00181755	
444	0.134399	0.108079	0.0263046	1.54688e-05	0.597572	0.480546	0.116956	6.87783e-05	2.54946e-05	0.000113355	
445	0.109877	0.088318	0.0214427	0.000116345	0.488541	0.392684	0.0953398	0.000517299	0.000158742	0.000705807	
446	0.155342	0.0908143	0.0642037	0.00032404	0.69069	0.403783	0.285466	0.00144076	0.00055928	0.0024867	
447	0.165372	0.122121	0.0432508	0	0.735288	0.542984	0.192304	0	0	0	
448	0.0491859	0.0375985	0.0115862	1.21868e-06	0.218692	0.167172	0.0515151	5.41856e-06	1.20734e-06	5.36815e-06	
449	0.233332	0.154384	0.0786899	0.000257865	1.03745	0.686431	0.349875	0.00114653	0.000415321	0.00184662	
450	0.0865931	0.0795229	0.00707018	0	0.385015	0.353579	0.0314358	0	0	0	
451	0.131073	0.120365	0.0107039	3.91128e-06	0.582785	0.535176	0.0475922	1.73905e-05	7.6658e-06	3.40841e-05	
452	0.180375	0.100169	0.078655	0.00155147	0.801995	0.445377	0.349719	0.00689826	0.0025255	0.011229	
453	0.114369	0.0956862	0.0186397	4.37484e-05	0.508516	0.425444	0.082877	0.000194516	6.80369e-05	0.000302509	
454	0.143177	0.0892698	0.0538592	4.82951e-05	0.636602	0.396916	0.239471	0.000214732	0.000263352	0.00117093	
455	0.167665	0.105192	0.0617224	0.000750981	0.745483	0.46771	0.274433	0.00333905	0.00101669	0.00452047	
456	0.14882	0.112021	0.0364202	0.000378416	0.661692	0.498076	0.161933	0.00168253	0.000522394	0.00232269	
457	0.123394	0.100673	0.0227154	5.12175e-06	0.54864	0.447619	0.100998	2.27725e-05	6.47597e-06	2.87937e-05	
458	0.0943802	0.0790229	0.015357	2.37809e-07	0.419638	0.351356	0.068281	1.05736e-06	9.35249e-07	4.15835e-06	
459	0.102857	0.0890147	0.0138188	2.35275e-05	0.457328	0.395781	0.0614422	0.000104609	3.71805e-05	0.000165314	
460	0.128809	0.0854652	0.0433426	1.5872e-06	0.572719	0.38	0.192712	7.05709e-06	7.29028e-06	3.24144e-05	
461	0.135518	0.0856377	0.0498416	3.8876e-05	0.602548	0.380766	0.221608	0.000172852	6.55971e-05	0.000291661	
462	0.119531	0.100123	0.0193445	6.33952e-05	0.531465	0.445172	0.0860108	0.000281871	8.4299e-05	0.000374814	
463	0.131521	0.119649	0.0118716	0	0.584776	0.531992	0.0527842	0	0	0	
464	0.0829327	0.0690778	0.0138216	3.32207e-05	0.368739	0.307137	0.0614544	0.000147707	5.48452e-05	0.000243855	
465	0.0841348	0.0827885	0.00134628	0	0.374084	0.368098	0.0059859	0	0	0	
466	0.173111	0.110079	0.0619729	0.0010586	0.769695	0.489441	0.275547	0.0047068	0.00135763	0.00603636	
467	0.124585	0.079882	0.0440892	0.000613777	0.553936	0.355175	0.196031	0.00272901	0.00124278	0.00552571	
468	0.106966	0.101681	0.00528438	2.27536e-07	0.475597	0.452101	0.0234957	1.01168e-06	4.05157e-07	1.80143e-06	
469	0.0768915	0.0768915	0	0	0.341879	0.341879	0	0	0	0	
470	0.106671	0.0950515	0.0116119	7.63911e-06	0.474286	0.422623	0.0516295	3.39654e-05	1.12605e-05	5.0067e-05	
471	0.126688	0.0791388	0.0475492	0	0.563286	0.351871	0.211415	0	0	0	
472	0.125539	0.0893037	0.0339256	0.00231015	0.55818	0.397067	0.150841	0.0102715	0.00233552	0.0103843	
473	0.162255	0.0993339	0.0604622	0.00245969	0.72143	0.441663	0.26883	0.0109364	0.00302814	0.0134638	
474	0.106085	0.0770613	0.0290243	0	0.471683	0.342634	0.129049	0	0	0	
475	0.12112	0.113424	0.00769304	2.85232e-06	0.538533	0.504315	0.0342052	1.26821e-05	4.11881e-06	1.83132e-05	
476	0.157198	0.112863	0.0442677	6.75008e-05	0.698942	0.501817	0.196825	0.000300125	0.000198082	0.000880724	
477	0.122426	0.0971456	0.0252312	4.9168e-05	0.544336	0.431933	0.112184	0.000218613	6.66842e-05	0.000296494	
478	0.0952387	0.0790098	0.0161694	5.94311e-05	0.423455	0.351297	0.0718934	0.000264245	8.67723e-05	0.000385811	
479	0.10759	0.0978326	0.00969533	6.22407e-05	0.478373	0.434988	0.0431079	0.000276737	6.22258e-05	0.000276671	
480	0.12304	0.0977293	0.0252754	3.61062e-05	0.54707	0.434529	0.112381	0.000160537	5.69705e-05	0.000253305	
481	0.0813239	0.0759988	0.00532515	0	0.361586	0.337909	0.0236769	0	0	0	
482	0.135816	0.105923	0.0298924	9.55495e-07	0.603875	0.470961	0.132909	4.24837e-06	9.42137e-07	4.18898e-06	
483	0.0993032	0.0925951	0.0067024	5.63516e-06	0.441526	0.411701	0.0298005	2.50553e-05	6.37714e-06	2.83544e-05	
484	0.162312	0.116812	0.044307	0.00119344	0.721683	0.519376	0.197	0.00530633	0.00177474	0.00789097	
485	0.105281	0.0949752	0.0102507	5.54862e-05	0.468107	0.422283	0.0455772	0.000246705	6.5315e-05	0.000290406	
486	0.0829307	0.0800123	0.00291526	3.11631e-06	0.36873	0.355754	0.0129619	1.38559e-05	4.85728e-06	2.15967e-05	
487	0.104277	0.0998104	0.00446753	0	0.463646	0.443782	0.0198637	0	0	0	
488	0.140978	0.0955092	0.0452155	0.000253307	0.626824	0.424658	0.201039	0.00112626	0.000294245	0.00130829	
489	0.149595	0.0981668	0.0514184	9.91306e-06	0.665138	0.436474	0.228619	4.40759e-05	1.73932e-05	7.73346e-05	
490	0.093136	0.0907589	0.00237703	0	0.414106	0.403537	0.0105689	0	0	0	
491	0.100146	0.0782691	0.0218476	2.94102e-05	0.445275	0.348004	0.0971399	0.000130765	3.56777e-05	0.000158632	
492	0.145815	0.0970006	0.0478258	0.000989484	0.648334	0.431289	0.212645	0.00439949	0.00123385	0.00548603	
493	0.199463	0.111679	0.0877289	5.53705e-05	0.886865	0.496553	0.390065	0.000246191	8.89995e-05	0.000395714	
494	0.204312	0.117077	0.0867348	0.000499854	0.908423	0.520556	0.385644	0.00222247	0.000530594	0.00235915	
495	0.0925277	0.0838996	0.00862814	0	0.411401	0.373038	0.0383629	0	0	0	
496	0.110865	0.0896934	0.0202759	0.000896487	0.492937	0.398799	0.0901521	0.00398601	0.000897783	0.00399177	
497	0.113752	0.0775401	0.036056	0.000156597	0.505773	0.344762	0.160314	0.00069627	0.000246387	0.0010955	
498	0.171096	0.133481	0.0375793	3.62177e-05	0.760739	0.59349	0.167087	0.000161033	5.09923e-05	0.000226724	
499	0.160901	0.157903	0.00299873	1.4921e-07	0.71541	0.702076	0.0133331	6.63427e-07	1.45059e-07	6.44972e-07	
500	0.144044	0.08071	0.0632128	0.000121829	0.640459	0.358857	0.28106	0.000541685	0.000372683	0.00165704	
501	0.131802	0.108375	0.0233775	4.94592e-05	0.586029	0.481866	0.103942	0.000219908	6.68887e-05	0.000297404	
502	0.0941365	0.0908817	0.00325476	0	0.418554	0.404083	0.0144715	0	0	0	
503	0.116866	0.102935	0.0139153	1.52246e-05	0.519617	0.457678	0.061871	6.76927e-05	1.52097e-05	6.76262e-05	
504	0.13128	0.119262	0.0119809	3.7334e-05	0.583706	0.53027	0.0532703	0.000165996	3.87578e-05	0.000172327	
505	0.0738199	0.0686157	0.00519602	8.20816e-06	0.328221	0.305082	0.0231028	3.64955e-05	9.93464e-06	4.41719e-05	
506	0.154072	0.0977248	0.0552	0.00114745	0.685044	0.434509	0.245433	0.00510185	0.00145192	0.00645564	
507	0.203334	0.157859	0.044838	0.00063716	0.904077	0.701883	0.199361	0.00283297	0.000683036	0.00303694	
508	0.0956024	0.0879592	0.00764319	0	0.425072	0.391088	0.0339835	0	0	0	
509	0.0915835	0.0871071	0.00446911	7.35044e-06	0.407203	0.3873	0.0198708	3.26819e-05	9.30154e-06	4.1357e-05	
510	0.131671	0.105209	0.0262347	0.000227165	0.585445	0.467789	0.116646	0.00101003	0.000289456	0.00128699	
511	0.0777424	0.07508	0.00265159	1.07882e-05	0.345662	0.333824	0.0117896	4.79672e-05	1.12834e-05	5.01692e-05	
512	0.171932	0.0882498	0.0834691	0.00021386	0.764456	0.39238	0.371124	0.000950878	0.000378536	0.00168306	
513	0.110509	0.0910527	0.0194152	4.16022e-05	0.491353	0.404843	0.0863252	0.000184973	6.39951e-05	0.000284538	
514	0.231889	0.128328	0.100986	0.00257549	1.03104	0.570579	0.449009	0.0114512	0.00364332	0.0161991	
515	0.0670498	0.056538	0.010501	1.07778e-05	0.29812	0.251382	0.0466904	4.79209e-05	2.67157e-05	0.000118785	
516	0.108706	0.08841	0.0199986	0.000297537	0.483335	0.393093	0.088919	0.00132292	0.000305634	0.00135892	
517	0.0859981	0.0816399	0.00435817	7.19119e-08	0.382369	0.362991	0.0193775	3.19738e-07	8.33845e-08	3.70748e-07	
518	0.188937	0.155666	0.0332712	0	0.840065	0.692133	0.147932	0	0	0	
519	0.0710053	0.0420607	0.0289446	0	0.315707	0.187012	0.128695	0	0	0	
520	0.172349	0.122226	0.0482463	0.00187709	0.766309	0.543448	0.214515	0.00834602	0.00264815	0.0117743	
521	0.266886	0.109749	0.156435	0.000700982	1.18664	0.487975	0.695552	0.00311674	0.00107915	0.00479817	
522	0.179898	0.0782637	0.101438	0.000196213	0.799872	0.34798	0.451019	0.000872414	0.000328779	0.00146183	
523	0.0929621	0.0761303	0.0168318	0	0.413332	0.338494	0.0748385	0	0	0	
524	0.153919	0.105879	0.0476249	0.000414584	0.684364	0.470768	0.211752	0.00184334	0.000592515	0.00263447	
525	0.167669	0.0996824	0.0674496	0.000537906	0.745502	0.443213	0.299898	0.00239166	0.00174618	0.00776397	
526	0.117417	0.101385	0.0160054	2.67494e-05	0.522066	0.450783	0.071164	0.000118934	4.53531e-05	0.000201651	
527	0.107976	0.0778956	0.0300425	3.80427e-05	0.480089	0.346343	0.133576	0.000169147	4.61607e-05	0.000205242	
528	0.0855797	0.0803605	0.00521759	1.59461e-06	0.380509	0.357303	0.0231987	7.09007e-06	3.02432e-06	1.34469e-05	
529	0.132702	0.0810265	0.0515418	0.00013424	0.590029	0.360264	0.229168	0.000596867	0.000298914	0.00132904	
530	0.0937955	0.0807935	0.0129578	4.41149e-05	0.417038	0.359228	0.0576137	0.000196146	6.784e-05	0.000301633	
531	0.167113	0.104975	0.0617498	0.000387608	0.743027	0.466748	0.274555	0.0017234	0.000689532	0.00306583	
532	0.108746	0.0837383	0.0247613	0.000246989	0.483514	0.372321	0.110094	0.00109817	0.0003158	0.00140412	
533	0.167387	0.117919	0.0493123	0.000155967	0.744249	0.5243	0.219254	0.000693472	0.000603652	0.00268399	
534	0.13813	0.113417	0.0240508	0.000662316	0.614164	0.504283	0.106936	0.00294482	0.000667898	0.00296964	
535	0.0912059	0.0776931	0.0134727	4.00627e-05	0.405524	0.345443	0.0599032	0.000178129	4.46288e-05	0.00019843	
536	0.0700916	0.0658989	0.00419266	0	0.311645	0.293003	0.0186416	0	0	0	
537	0.124609	0.0768329	0.0477233	5.29844e-05	0.554044	0.341618	0.212189	0.000235582	6.67364e-05	0.000296727	
538	0.135954	0.0804891	0.0540646	0.00140042	0.604486	0.357874	0.240385	0.00622663	0.00284799	0.0126628	
539	0.133287	0.0832466	0.0500173	2.38322e-05	0.59263	0.370135	0.222389	0.000105963	7.4208e-05	0.000329947	
540	0.0973632	0.0800191	0.0170113	0.000332771	0.432901	0.355785	0.0756368	0.00147958	0.000392791	0.00174645	
541	0.0918283	0.0822832	0.00953664	8.50643e-06	0.408292	0.365852	0.0424023	3.78217e-05	1.34089e-05	5.96195e-05	
542	0.181381	0.150148	0.0310917	0.000141417	0.806468	0.667597	0.138241	0.000628777	0.000194431	0.000864489	
543	0.124783	0.0895057	0.0352625	1.534e-05	0.554819	0.397965	0.156786	6.82058e-05	1.72183e-05	7.65573e-05	
544	0.170126	0.126851	0.0432655	9.37246e-06	0.756424	0.564013	0.192369	4.16723e-05	7.78834e-05	0.000346289	
545	0.149608	0.075282	0.0743141	1.20361e-05	0.665195	0.334722	0.330419	5.35158e-05	0.000121213	0.000538945	
546	0.139563	0.116712	0.022846	4.36167e-06	0.620532	0.518933	0.101579	1.93931e-05	4.7878e-06	2.12877e-05	
547	0.0873339	0.0755839	0.0117499	0	0.388308	0.336065	0.0522434	0	0	0	
548	0.117654	0.110931	0.00672339	0	0.523121	0.493227	0.0298938	0	0	0	
549	0.151251	0.0851114	0.0651361	0.00100399	0.672502	0.378426	0.289611	0.00446399	0.00156413	0.00695455	
550	0.194018	0.11989	0.0703134	0.00381488	0.862657	0.533063	0.312631	0.0169619	0.00496152	0.0220601	
551	0.0973377	0.0966851	0.000652576	0	0.432788	0.429886	0.00290151	0	0	0	
552	0.0879948	0.0726915	0.015006	0.000297221	0.391247	0.323204	0.0667206	0.00132152	0.000301972	0.00134264	
553	0.19102	0.183227	0.00778894	4.18532e-06	0.849325	0.814674	0.0346316	1.8609e-05	4.65746e-06	2.07082e-05	
554	0.139933	0.102564	0.0365664	0.000801999	0.622178	0.456029	0.162583	0.00356589	0.000945722	0.00420491	
555	0.0979362	0.0752386	0.0226748	2.27389e-05	0.435449	0.33453	0.100818	0.000101102	3.79368e-05	0.000168676	
556	0.171116	0.14977	0.0211388	0.000207279	0.760825	0.665915	0.0939885	0.000921616	0.000208344	0.000926353	
557	0.0941145	0.079053	0.0149856	7.59e-05	0.418456	0.351489	0.06663	0.00033747	0.000102494	0.000455714	
558	0.109322	0.0975512	0.011771	0	0.486074	0.433737	0.0523372	0	0	0	
559	0.103651	0.0791573	0.024309	0.000185105	0.46086	0.351953	0.108083	0.000823026	0.000265512	0.00118053	
560	0.094806	0.0849234	0.00988202	5.51574e-07	0.421531	0.37759	0.0439379	2.45243e-06	9.83958e-07	4.37492e-06	
561	0.124576	0.0932015	0.0309182	0.000456268	0.553896	0.414397	0.13747	0.00202868	0.000689551	0.00306591	
562	0.0701059	0.0499028	0.0202031	0	0.311708	0.22188	0.0898281	0	0	0	
563	0.112377	0.0789161	0.0332115	0.000250003	0.499659	0.350881	0.147667	0.00111157	0.000352005	0.0015651	
564	0.120207	0.0815664	0.0383042	0.000336942	0.534473	0.362665	0.17031	0.00149813	0.000393739	0.00175066	
565	0.0979948	0.0850814	0.0128097	0.000103604	0.435709	0.378293	0.0569555	0.000460652	0.000133374	0.000593015	
566	0.125414	0.103884	0.0214532	7.67806e-05	0.557623	0.461896	0.0953863	0.000341385	9.22495e-05	0.000410164	
567	0.209779	0.161053	0.047819	0.000906811	0.932733	0.716085	0.212615	0.00403191	0.000936122	0.00416223	
568	0.145611	0.115409	0.030175	2.69871e-05	0.647424	0.513138	0.134165	0.000119991	2.69712e-05	0.000119921	
569	0.0809204	0.0759677	0.00495264	0	0.359792	0.337771	0.0220207	0	0	0	
570	0.135698	0.119918	0.0156484	0.000132239	0.603351	0.533186	0.069577	0.000587969	0.000216759	0.000963765	
571	0.102512	0.091635	0.0108756	1.765e-06	0.455796	0.407432	0.048356	7.84765e-06	3.56057e-06	1.58312e-05	
572	0.116155	0.0977319	0.0182757	0.000148048	0.516457	0.43454	0.0812586	0.000658262	0.00030944	0.00137584	
573	0.0981398	0.0844824	0.0135778	7.96327e-05	0.436354	0.37563	0.0603703	0.000354067	0.000116691	0.000518839	
574	0.141851	0.0799675	0.0612711	0.000612508	0.630706	0.355555	0.272427	0.00272336	0.000889228	0.00395373	
575	0.149111	0.0844224	0.0639083	0.000780932	0.662987	0.375363	0.284152	0.00347222	0.00110901	0.00493095	
576	0.0707805	0.0545622	0.0162183	0	0.314708	0.242597	0.0721106	0	0	0	
577	0.123695	0.113315	0.0103798	0	0.549979	0.503827	0.0461515	0	0	0	
578	0.0982045	0.0891483	0.00905623	0	0.436642	0.396375	0.0402662	0	0	0	
579	0.0940487	0.0874246	0.00659804	2.60235e-05	0.418164	0.388712	0.0293365	0.000115707	3.50145e-05	0.000155683	
580	0.0888132	0.0668698	0.0219315	1.18486e-05	0.394885	0.29732	0.0975132	5.2682e-05	4.1153e-05	0.000182976	
581	0.0804506	0.0753395	0.00511117	0	0.357703	0.334978	0.0227255	0	0	0	
582	0.0899465	0.0846149	0.00531103	2.06125e-05	0.399924	0.376219	0.0236141	9.16484e-05	2.37266e-05	0.000105494	
583	0.109416	0.093059	0.0162946	6.29016e-05	0.486493	0.413763	0.0724502	0.000279676	8.1678e-05	0.000363161	
584	0.164229	0.128362	0.035221	0.000645457	0.730203	0.570732	0.156601	0.00286986	0.000680559	0.00302594	
585	0.112833	0.0751379	0.0376794	1.56412e-05	0.501683	0.334082	0.167532	6.95449e-05	2.58811e-05	0.000115074	
586	0.115527	0.0846129	0.0306833	0.000231598	0.513666	0.37621	0.136426	0.00102974	0.000325386	0.00144675	
587	0.112812	0.0892472	0.0234824	8.25841e-05	0.501591	0.396815	0.104409	0.00036719	0.000100777	0.000448084	
588	0.0678469	0.0678469	0	0	0.301664	0.301664	0	0	0	0	
589	0.150772	0.109616	0.0403058	0.000849697	0.670371	0.487383	0.179209	0.00377796	0.000987735	0.00439172	
590	0.136075	0.107757	0.0281492	0.000168519	0.605026	0.479118	0.125158	0.000749279	0.000207196	0.000921246	
591	0.137574	0.0962806	0.0412277	6.65862e-05	0.611692	0.428087	0.183309	0.000296059	7.6908e-05	0.000341952	
592	0.107169	0.0861042	0.0210386	2.66039e-05	0.476502	0.382841	0.0935432	0.000118287	4.24386e-05	0.000188693	
593	0.101734	0.0943389	0.00735747	3.83e-05	0.452337	0.419454	0.0327131	0.000170291	4.41122e-05	0.000196134	
594	0.0878449	0.0808098	0.00701605	1.91115e-05	0.39058	0.3593	0.0311951	8.49746e-05	3.15896e-05	0.000140455	
595	0.113134	0.0941843	0.0189031	4.74643e-05	0.503026	0.418767	0.0840479	0.000211038	6.0886e-05	0.000270714	
596	0.109769	0.0905879	0.0190629	0.000118802	0.488063	0.402776	0.0847584	0.000528225	0.000136551	0.00060714	
597	0.148693	0.141474	0.00720131	1.76328e-05	0.661128	0.629031	0.0320188	7.84e-05	1.86667e-05	8.29972e-05	
598	0.113355	0.108611	0.00472071	2.33198e-05	0.504006	0.482912	0.0209894	0.000103685	2.44531e-05	0.000108724	
599	0.106491	0.0937392	0.0127483	3.54166e-06	0.473486	0.416788	0.0566823	1.57471e-05	9.15106e-06	4.06879e-05	
600	0.109458	0.10834	0.00111765	0	0.486679	0.48171	0.00496939	0	0	0	
601	0.240735	0.148586	0.09162	0.000528675	1.07037	0.660653	0.407365	0.00235062	0.000529178	0.00235286	
602	0.109906	0.102941	0.00695062	1.47871e-05	0.488673	0.457703	0.0309042	6.57472e-05	4.85593e-05	0.000215907	
603	0.117401	0.0521447	0.0652567	0	0.521996	0.231848	0.290147	0	0	0	
604	0.0873784	0.0812357	0.00613714	5.61615e-06	0.388506	0.361194	0.0272872	2.49708e-05	5.78412e-06	2.57176e-05	
605	0.12287	0.0497233	0.0731245	2.29186e-05	0.546314	0.221082	0.325129	0.000101901	0.000111279	0.000494777	
606	0.129614	0.0941149	0.0348155	0.000683661	0.576297	0.418458	0.154798	0.00303973	0.000992273	0.00441189	
607	0.0844361	0.0784497	0.00594224	4.4206e-05	0.375424	0.348807	0.0264207	0.000196551	4.5372e-05	0.000201735	
608	0.0854008	0.0790683	0.00633255	0	0.379713	0.351557	0.0281561	0	0	0	
609	0.0912835	0.0874018	0.00388176	0	0.405869	0.38861	0.0172592	0	0	0	
610	0.110653	0.0802894	0.0294637	0.000899996	0.491991	0.356987	0.131003	0.0040016	0.0010817	0.00480951	
611	0.0656532	0.0579064	0.00765733	8.9534e-05	0.291911	0.257466	0.0340464	0.000398091	9.29511e-05	0.000413283	
612	0.0955014	0.0909074	0.00458913	4.89956e-06	0.424623	0.404197	0.0204044	2.17846e-05	6.86775e-06	3.05357e-05	
613	0.0925312	0.0768773	0.0155876	6.63046e-05	0.411417	0.341816	0.0693064	0.000294807	8.07886e-05	0.000359206	
614	0.0988178	0.0838799	0.0148863	5.15576e-05	0.439369	0.372951	0.0661883	0.000229238	5.71778e-05	0.000254227	
615	0.0954261	0.0870088	0.00841388	3.42779e-06	0.424288	0.386862	0.0374102	1.52408e-05	3.42173e-06	1.52139e-05	
616	0.114119	0.089212	0.0241274	0.000780483	0.507405	0.396659	0.107276	0.00347022	0.000972916	0.00432583	
617	0.11124	0.0919147	0.0192528	7.30645e-05	0.494603	0.408676	0.0856028	0.000324863	8.74542e-05	0.000388843	
618	0.0626805	0.0560617	0.00658509	3.37456e-05	0.278693	0.249264	0.0292789	0.000150041	3.37312e-05	0.000149977	
619	0.140745	0.0991047	0.0415788	6.21112e-05	0.62579	0.440644	0.18487	0.000276162	6.52046e-05	0.000289916	
620	0.101017	0.0879188	0.0130934	4.88469e-06	0.449147	0.390909	0.0582168	2.17185e-05	6.51858e-06	2.89832e-05	
621	0.361023	0.186554	0.171906	0.00256217	1.60519	0.829469	0.764338	0.011392	0.00292848	0.0130207	
622	0.0352577	0.0305503	0.0047024	5.06038e-06	0.156764	0.135834	0.020908	2.24997e-05	7.01561e-06	3.11931e-05	
623	0.0902346	0.0719968	0.0181023	0.000135486	0.401206	0.320116	0.0804875	0.000602408	0.000162033	0.000720441	
624	0.120974	0.0828666	0.0380966	1.15992e-05	0.537884	0.368446	0.169387	5.15733e-05	1.4115e-05	6.27592e-05	
625	0.0614295	0.0550896	0.00633503	4.86712e-06	0.273131	0.244942	0.0281671	2.16404e-05	4.86181e-06	2.16168e-05	
626	0.0709704	0.063953	0.00701743	0	0.315552	0.284351	0.0312012	0	0	0	
627	0.100036	0.0792649	0.0207717	0	0.444788	0.352431	0.0923563	0	0	0	
628	0.0602291	0.0602272	1.84985e-06	0	0.267793	0.267785	8.22492e-06	0	0	0	
629	0.236831	0.137884	0.097899	0.00104787	1.05301	0.613069	0.435283	0.0046591	0.0013968	0.00621053	
630	0.165378	0.145863	0.0194598	5.51288e-05	0.735314	0.648545	0.0865234	0.000245116	6.66802e-05	0.000296477	
631	0.105122	0.0960285	0.0090941	0	0.467401	0.426966	0.0404346	0	0	0	
632	0.043344	0.0433408	3.13848e-06	0	0.192718	0.192704	1.39544e-05	0	0	0	
633	0.0523916	0.0452478	0.00710483	3.90119e-05	0.232946	0.201183	0.0315898	0.000173456	3.89967e-05	0.000173389	
634	0.0479915	0.0420539	0.00593532	2.36286e-06	0.213382	0.186982	0.0263899	1.05059e-05	2.41006e-06	1.07157e-05	
635	0.0695147	0.0656874	0.00381977	7.50933e-06	0.30908	0.292062	0.0169836	3.33884e-05	2.39527e-05	0.000106499	
636	0.0846916	0.0651349	0.0195549	1.75994e-06	0.37656	0.289606	0.086946	7.82516e-06	2.87824e-06	1.27973e-05	
637	0.0782181	0.0737883	0.00442671	3.0396e-06	0.347777	0.328081	0.0196822	1.35148e-05	4.25324e-06	1.8911e-05	
638	0.142709	0.0817137	0.060991	4.49464e-06	0.634521	0.363319	0.271181	1.99843e-05	1.49859e-05	6.66313e-05	
639	0.130514	0.0762937	0.0542012	1.90778e-05	0.580298	0.339221	0.240992	8.48248e-05	2.77695e-05	0.00012347	
640	0.0860667	0.0806637	0.00534268	6.03274e-05	0.382674	0.358651	0.0237549	0.000268231	6.33019e-05	0.000281456	
641	0.0755358	0.0751951	0.000340698	0	0.335851	0.334336	0.00151483	0	0	0	
642	0.063403	0.0632099	0.000193141	0	0.281905	0.281047	0.000858753	0	0	0	
643	0.168394	0.142238	0.0257855	0.000370597	0.748724	0.632427	0.114649	0.00164776	0.00044165	0.00196368	
644	0.107986	0.0825805	0.0254061	6.7446e-08	0.480136	0.367173	0.112962	2.99882e-07	9.70554e-08	4.31532e-07	
645	0.0809631	0.0805709	0.000392067	2.11094e-07	0.359982	0.358238	0.00174322	9.3858e-07	1.96074e-07	8.71796e-07	
646	0.12033	0.0751563	0.0450227	0.000151076	0.535018	0.334163	0.200182	0.000671723	0.000243239	0.0010815	
647	0.174708	0.124109	0.0494435	0.00115573	0.776797	0.55182	0.219838	0.0051387	0.00156592	0.0069625	
648	0.146021	0.117545	0.0283419	0.000133814	0.649247	0.522637	0.126015	0.000594972	0.000171342	0.000761831	
649	0.0644795	0.0644795	0	0	0.286692	0.286692	0	0	0	0	
650	0.0735971	0.0731429	0.000454275	0	0.327231	0.325211	0.00201982	0	0	0	
651	0.10331	0.101723	0.00158698	0	0.459344	0.452288	0.00705615	0	0	0	
652	0.0946821	0.0826495	0.011884	0.000148515	0.42098	0.36748	0.0528395	0.000660338	0.000173778	0.000772663	
653	0.10024	0.0878544	0.0123864	0	0.445696	0.390623	0.0550731	0	0	0	
654	0.124849	0.0884533	0.0362145	0.000181926	0.555113	0.393285	0.161019	0.000808889	0.000308909	0.00137348	
655	0.132198	0.0812467	0.049615	0.00133679	0.587787	0.361243	0.2206	0.00594373	0.00197418	0.0087777	
656	0.233661	0.118701	0.111311	0.00364849	1.03891	0.527778	0.494917	0.0162221	0.0062793	0.0279193	
657	0.112152	0.0803008	0.0318518	0	0.498658	0.357037	0.141621	0	0	0	
658	0.119172	0.0755395	0.0436303	2.96968e-06	0.529872	0.335867	0.193991	1.32039e-05	3.18962e-06	1.41818e-05	
659	0.127568	0.0960232	0.0311593	0.000386149	0.567202	0.426943	0.138542	0.00171691	0.000422112	0.00187681	
660	0.160126	0.10073	0.0586694	0.000726352	0.711962	0.447873	0.260858	0.00322954	0.00156413	0.00695453	
661	0.204096	0.098648	0.102341	0.003107	0.907463	0.438613	0.455035	0.0138145	0.00712513	0.0316801	
662	0.121302	0.0807067	0.0405351	6.05152e-05	0.539341	0.358842	0.180229	0.000269066	0.000147943	0.000657792	
663	0.0956042	0.0806249	0.0148799	9.93093e-05	0.42508	0.358478	0.06616	0.000441554	0.000116887	0.00051971	
664	0.105728	0.0876199	0.0180911	1.78182e-05	0.470096	0.38958	0.0804377	7.92244e-05	2.12144e-05	9.43247e-05	
665	0.0996259	0.0875142	0.0121116	0	0.442961	0.38911	0.0538513	0	0	0	
666	0.101135	0.0792231	0.0217029	0.000209197	0.449672	0.352245	0.0964967	0.000930146	0.000259436	0.00115351	
667	0.148719	0.10519	0.0417152	0.00181376	0.661244	0.467704	0.185476	0.00806444	0.0020936	0.00930869	
668	0.100912	0.0833451	0.0175611	5.81374e-06	0.44868	0.370573	0.0780812	2.58493e-05	1.07809e-05	4.79346e-05	
669	0.0446969	0.0436622	0.00103462	0	0.198733	0.194133	0.0046002	0	0	0	
670	0.0936688	0.0829201	0.0106967	5.20141e-05	0.416475	0.368683	0.0475604	0.000231268	5.57032e-05	0.00024767	
671	0.0512969	0.0508228	0.000474055	0	0.228079	0.225971	0.00210777	0	0	0	
672	0.15559	0.112366	0.04319	3.35999e-05	0.691793	0.49961	0.192033	0.000149393	6.59949e-05	0.00029343	
673	0.150873	0.101825	0.0482363	0.000811854	0.67082	0.452739	0.21447	0.0036097	0.00107563	0.00478254	
674	0.138062	0.0956907	0.0422361	0.000135466	0.613859	0.425465	0.187792	0.000602318	0.000140048	0.000622692	
675	0.125331	0.0814815	0.0434221	0.000428118	0.557256	0.362287	0.193065	0.00190352	0.000494357	0.00219803	
676	0.159183	0.110178	0.047953	0.00105175	0.70777	0.489883	0.213211	0.00467637	0.00166573	0.00740629	
677	0.105313	0.0937692	0.0115107	3.40312e-05	0.468252	0.416921	0.0511795	0.000151311	4.15244e-05	0.000184628	
678	0.109252	0.0806018	0.0286421	8.69301e-06	0.485764	0.358376	0.12735	3.86513e-05	1.2331e-05	5.48268e-05	
679	0.12354	0.0913223	0.032167	5.09637e-05	0.549291	0.406041	0.143022	0.000226597	5.50425e-05	0.000244732	
680	0.128187	0.110799	0.0173882	0	0.569954	0.492641	0.0773123	0	0	0	
681	0.111956	0.0981076	0.0138166	3.18734e-05	0.497785	0.436211	0.0614322	0.000141717	6.76899e-05	0.000300966	
682	0.100298	0.0980073	0.00229126	0	0.445952	0.435765	0.0101875	0	0	0	
683	0.0948954	0.0915238	0.00337157	0	0.421928	0.406937	0.0149908	0	0	0	
684	0.108773	0.0946242	0.014113	3.61904e-05	0.483633	0.420722	0.0627501	0.000160911	3.67756e-05	0.000163513	
685	0.175744	0.141274	0.033932	0.000537632	0.781403	0.628142	0.15087	0.00239044	0.000547517	0.00243439	
686	0.10625	0.0908614	0.0153031	8.58901e-05	0.472416	0.403992	0.0680417	0.000381889	0.000124735	0.000554605	
687	0.0819534	0.0781242	0.00382051	8.70332e-06	0.364385	0.347359	0.0169869	3.86971e-05	9.75531e-06	4.33745e-05	
688	0.0648515	0.0644868	0.000364719	0	0.288346	0.286724	0.00162163	0	0	0	
689	0.00769778	0.00717902	0.000518758	0	0.0342262	0.0319197	0.00230652	0	0	0	
690	0.0603117	0.060063	0.000248681	0	0.26816	0.267055	0.0011057	0	0	0	
691	0.106038	0.0984955	0.00749103	5.16091e-05	0.471472	0.437935	0.033307	0.000229467	6.99179e-05	0.000310872	
692	0.0731956	0.0731956	0	0	0.325446	0.325446	0	0	0	0	
693	0.0910867	0.0796343	0.0114512	1.08853e-06	0.404994	0.354074	0.0509152	4.83988e-06	4.03419e-06	1.7937e-05	
694	0.206878	0.154989	0.0510152	0.000873423	0.919832	0.689122	0.226826	0.00388346	0.00143662	0.00638759	
695	0.094213	0.0796174	0.0145893	6.28145e-06	0.418894	0.353999	0.0648678	2.79289e-05	9.81513e-06	4.36405e-05	
696	0.244414	0.160349	0.0823325	0.00173258	1.08673	0.712955	0.366071	0.00770352	0.0020716	0.00921086	
697	0.157117	0.0830948	0.0733692	0.000653138	0.698582	0.36946	0.326218	0.00290401	0.0022962	0.0102095	
698	0.245172	0.196529	0.0482833	0.000359287	1.09009	0.873819	0.214679	0.00159748	0.000458627	0.00203917	
699	0.322287	0.186036	0.132959	0.00329101	1.43296	0.827164	0.591172	0.0146326	0.00397446	0.0176714	
700	0.0828274	0.0828274	0	0	0.368271	0.368271	0	0	0	0	
701	0.0826833	0.0826833	0	0	0.36763	0.36763	0	0	0	0	
702	0.112517	0.106636	0.00588116	0	0.500282	0.474133	0.0261491	0	0	0	
703	0.0907263	0.0879492	0.00276503	1.20392e-05	0.403392	0.391044	0.012294	5.35293e-05	1.20242e-05	5.34629e-05	
704	0.0943776	0.0797196	0.0146529	5.02796e-06	0.419626	0.354453	0.0651505	2.23555e-05	1.12057e-05	4.98233e-05	
705	0.0980457	0.0883763	0.00966933	0	0.435935	0.392943	0.0429922	0	0	0	
706	0.202068	0.158721	0.0431829	0.000164049	0.898447	0.705716	0.192002	0.000729404	0.000257571	0.00114522	
707	0.0871759	0.0805281	0.00664776	0	0.387606	0.358048	0.0295576	0	0	0	
708	0.0801958	0.0801958	0	0	0.35657	0.35657	0	0	0	0	
709	0.122962	0.103702	0.0190515	0.000208239	0.546721	0.461088	0.0847077	0.000925885	0.000216638	0.00096323	
710	0.197766	0.0962954	0.101033	0.00043796	0.879319	0.428153	0.449218	0.00194728	0.000511914	0.00227609	
711	0.0958763	0.0809234	0.0149528	0	0.42629	0.359806	0.0664839	0	0	0	
712	0.0771205	0.0767994	0.000321055	0	0.342897	0.341469	0.00142749	0	0	0	
713	0.0893864	0.078649	0.0107374	0	0.397434	0.349693	0.0477413	0	0	0	
714	0.0922253	0.0819196	0.0102929	1.27848e-05	0.410057	0.364235	0.0457649	5.68445e-05	1.27692e-05	5.67754e-05	
715	0.0718546	0.0702625	0.00159204	0	0.319483	0.312405	0.00707863	0	0	0	
716	0.0810006	0.0752086	0.00576669	2.53608e-05	0.360149	0.334396	0.0256401	0.00011276	2.68949e-05	0.000119581	
717	0.0966221	0.0885499	0.00806593	6.28711e-06	0.429606	0.393715	0.0358631	2.7954e-05	6.27227e-06	2.7888e-05	
718	0.119694	0.108474	0.0111652	5.46437e-05	0.53219	0.482304	0.0496433	0.000242959	5.83461e-05	0.000259421	
719	0.0773227	0.0631156	0.0138607	0.000346299	0.343796	0.280628	0.0616285	0.00153973	0.000354145	0.00157461	
720	0.0624782	0.0622737	0.000204559	0	0.277794	0.276884	0.000909524	0	0	0	
721	0.127236	0.106646	0.0203465	0.000242936	0.565723	0.474178	0.0904656	0.00108015	0.000248909	0.00110671	
722	0.081392	0.0810976	0.000294428	0	0.361889	0.36058	0.0013091	0	0	0	
723	0.112179	0.102353	0.0098189	7.54586e-06	0.498778	0.455088	0.0436573	3.35508e-05	7.53068e-06	3.34833e-05	
724	0.0809231	0.0807309	0.000192222	0	0.359804	0.35895	0.000854667	0	0	0	
725	0.0821195	0.062575	0.0193758	0.000168633	0.365124	0.278224	0.0861501	0.000749785	0.000171853	0.000764102	
726	0.0464058	0.0426615	0.0037443	0	0.206332	0.189684	0.0166481	0	0	0	
727	0.0893343	0.0890076	0.000326722	0	0.397203	0.39575	0.00145268	0	0	0	
728	0.101251	0.0854625	0.0154401	0.000348515	0.450188	0.379988	0.0686508	0.00154958	0.000381599	0.00169668	
729	0.0984706	0.0776332	0.0208374	0	0.437825	0.345176	0.0926483	0	0	0	
730	0.111672	0.104931	0.00673015	1.09431e-05	0.496522	0.46655	0.0299239	4.86561e-05	2.08101e-05	9.2527e-05	
731	0.111486	0.0944793	0.0169539	5.27591e-05	0.495695	0.420079	0.0753817	0.00023458	5.92172e-05	0.000263294	
732	0.0827131	0.077405	0.00529615	1.19944e-05	0.367763	0.344162	0.023548	5.33305e-05	1.19972e-05	5.33427e-05	
733	0.101467	0.0920107	0.00945415	2.38065e-06	0.451149	0.409103	0.0420355	1.05849e-05	9.93588e-06	4.41774e-05	
734	0.114309	0.106886	0.00742267	0	0.508249	0.475246	0.033003	0	0	0	
735	0.0706111	0.0657546	0.00485644	0	0.313954	0.292361	0.0215929	0	0	0	
736	0.0574415	0.0555164	0.00192508	0	0.255399	0.246839	0.00855941	0	0	0	
737	0.0893371	0.0796783	0.00965873	0	0.397215	0.35427	0.0429451	0	0	0	
738	0.118799	0.113219	0.00556913	1.10717e-05	0.528212	0.503402	0.0247617	4.92277e-05	1.42996e-05	6.358e-05	
739	0.0660568	0.0648551	0.00120173	6.53381e-08	0.293705	0.288362	0.00534322	2.90509e-07	5.28959e-08	2.35188e-07	
740	0.0367444	0.0367103	3.41318e-05	0	0.163374	0.163223	0.000151758	0	0	0	
741	0.0901928	0.0864268	0.00376208	3.93724e-06	0.40102	0.384275	0.0167271	1.75059e-05	4.23032e-06	1.88091e-05	
742	0.141613	0.123002	0.0185883	2.23722e-05	0.629647	0.546899	0.0826486	9.94727e-05	2.23566e-05	9.94033e-05	
743	0.0885151	0.0842123	0.00426178	4.10155e-05	0.39356	0.374429	0.0189489	0.000182365	4.10006e-05	0.000182299	
744	0.0559774	0.0553734	0.000604017	0	0.248889	0.246204	0.00268561	0	0	0	
745	0.124604	0.10177	0.0227805	5.28326e-05	0.554021	0.452498	0.101287	0.000234907	5.28179e-05	0.000234841	
746	0.0794379	0.0751675	0.00427047	0	0.353201	0.334213	0.0189876	0	0	0	
747	0.0855654	0.0842708	0.00129459	0	0.380445	0.374689	0.00575609	0	0	0	
748	0.101643	0.0822506	0.0192524	0.000140652	0.451933	0.365707	0.085601	0.000625377	0.000151972	0.000675708	
749	0.12014	0.112398	0.00774255	0	0.534176	0.49975	0.0344253	0	0	0	
750	0.090973	0.0821506	0.00882243	0	0.404489	0.365262	0.0392267	0	0	0	
751	0.259647	0.151968	0.101913	0.00576551	1.15445	0.675689	0.453132	0.0256349	0.00751523	0.0334146	
752	0.0834159	0.0763888	0.00702569	1.41203e-06	0.370888	0.339644	0.031238	6.27824e-06	1.64642e-06	7.32043e-06	
753	0.101352	0.0925254	0.00882632	2.71372e-07	0.450636	0.411391	0.039244	1.20658e-06	2.56091e-07	1.13864e-06	
754	0.223885	0.176502	0.0470537	0.000330098	0.995452	0.784772	0.209212	0.0014677	0.000680696	0.00302654	
755	0.111024	0.092052	0.018949	2.38223e-05	0.493644	0.409286	0.0842522	0.000105919	2.44552e-05	0.000108734	
756	0.197324	0.114048	0.0832423	3.36346e-05	0.877356	0.50709	0.370116	0.000149548	0.000165981	0.000737997	
757	0.122738	0.07754	0.0423244	0.00287408	0.545726	0.344762	0.188184	0.0127789	0.00318617	0.0141665	
758	0.224182	0.127818	0.0963589	4.51576e-06	0.99677	0.568314	0.428436	2.00782e-05	8.17979e-06	3.63694e-05	
759	0.111485	0.0713229	0.0401318	3.08916e-05	0.495693	0.317119	0.178436	0.000137352	6.21402e-05	0.000276291	
760	0.112582	0.0867009	0.0258813	0	0.500569	0.385494	0.115074	0	0	0	
761	0.123223	0.10986	0.0131981	0.000164959	0.547882	0.488467	0.0586823	0.00073345	0.000170756	0.000759227	
762	0.0506468	0.0506468	0	0	0.225188	0.225188	0	0	0	0	
763	0.0558294	0.0539302	0.00189917	0	0.248231	0.239787	0.0084442	0	0	0	
764	0.0772178	0.0766624	0.000555426	0	0.343329	0.34086	0.00246956	0	0	0	
765	0.0848194	0.0837575	0.00106194	0	0.377128	0.372406	0.00472166	0	0	0	
766	0.0476198	0.0444706	0.00312599	2.31636e-05	0.211729	0.197727	0.0138989	0.000102991	2.31485e-05	0.000102924	
767	0.0518028	0.043117	0.00862561	6.01791e-05	0.230328	0.191709	0.0383516	0.000267571	6.01641e-05	0.000267504	
768	0.0453132	0.0452745	3.8669e-05	0	0.201473	0.201302	0.000171932	0	0	0	
769	0.0807036	0.0524298	0.0281469	0.000126914	0.358828	0.233116	0.125148	0.000564291	0.000359955	0.00160045	
770	0.083647	0.0565194	0.0267998	0.00032789	0.371915	0.251299	0.119158	0.00145788	0.00033861	0.00150554	
771	0.109591	0.0781854	0.0314026	3.82713e-06	0.487272	0.347632	0.139623	1.70164e-05	6.19217e-06	2.75319e-05	
772	0.103419	0.103174	0.000244824	0	0.459829	0.458741	0.00108855	0	0	0	
773	0.117597	0.09045	0.0271322	1.55659e-05	0.522869	0.402163	0.120636	6.92102e-05	2.7143e-05	0.000120684	
774	0.0779001	0.0775636	0.000336554	0	0.346363	0.344867	0.0014964	0	0	0	
775	0.0755852	0.0755852	0	0	0.33607	0.33607	0	0	0	0	
776	0.0648427	0.0648427	0	0	0.288306	0.288306	0	0	0	0	
777	0.0742593	0.0742593	0	0	0.330175	0.330175	0	0	0	0	
778	0.0921991	0.0921991	0	0	0.40994	0.40994	0	0	0	0	
779	0.130696	0.110651	0.0200452	8.43887e-08	0.581111	0.491984	0.0891262	3.75213e-07	7.34683e-08	3.26658e-07	
780	0.0506738	0.0434476	0.00722617	0	0.225308	0.193179	0.0321293	0	0	0	
781	0.0536541	0.0424492	0.0112048	0	0.238559	0.18874	0.0498197	0	0	0	
782	0.107456	0.0950896	0.0123643	2.10382e-06	0.477776	0.422792	0.0549749	9.35413e-06	2.26434e-06	1.00678e-05	
783	0.198374	0.134794	0.0613589	0.0022212	0.882022	0.599329	0.272817	0.00987603	0.00298594	0.0132762	
784	0.0717036	0.0717036	0	0	0.318812	0.318812	0	0	0	0	
785	0.126845	0.0753042	0.0514721	6.86166e-05	0.563984	0.334821	0.228858	0.000305087	7.79989e-05	0.000346802	
786	0.117033	0.0948635	0.0219983	0.000171478	0.520359	0.421787	0.0978102	0.000762435	0.000357852	0.0015911	
787	0.171769	0.0840196	0.0849333	0.00281638	0.763729	0.373572	0.377635	0.0125223	0.00382856	0.0170227	
788	0.159707	0.0916026	0.0679777	0.000127152	0.7101	0.407288	0.302246	0.000565352	0.000163627	0.000727529	
789	0.103092	0.102755	0.000336554	0	0.458374	0.456878	0.0014964	0	0	0	
790	0.116401	0.0845319	0.0318512	1.87153e-05	0.517551	0.37585	0.141618	8.32131e-05	1.91047e-05	8.49444e-05	
791	0.12412	0.0873058	0.0367093	0.000105438	0.551871	0.388183	0.163219	0.000468806	0.000711859	0.0031651	
792	0.0950193	0.0825837	0.0124258	9.74574e-06	0.422479	0.367188	0.0552484	4.3332e-05	9.73206e-06	4.32711e-05	
793	0.215222	0.147619	0.0650227	0.00257954	0.956931	0.656354	0.289107	0.0114692	0.003141	0.0139656	
794	0.096894	0.0897822	0.00710922	2.62125e-06	0.430815	0.399194	0.0316094	1.16547e-05	3.52758e-06	1.56845e-05	
795	0.153868	0.105819	0.0477136	0.000335497	0.684138	0.4705	0.212146	0.0014917	0.000502536	0.0022344	
796	0.0949411	0.0940222	0.000918937	0	0.422132	0.418046	0.00408582	0	0	0	
797	0.0533922	0.0533922	0	0	0.237395	0.237395	0	0	0	0	
798	0.185012	0.104062	0.080742	0.000208488	0.822613	0.462686	0.358999	0.000926993	0.000312711	0.00139039	
799	0.154958	0.129636	0.0252956	2.66586e-05	0.688986	0.576397	0.11247	0.00011853	3.34245e-05	0.000148614	
800	0.199009	0.159166	0.0396469	0.00019563	0.884846	0.707695	0.17628	0.00086982	0.000454825	0.00202226	
801	0.15281	0.0854933	0.0672223	9.51056e-05	0.679435	0.380124	0.298887	0.000422863	0.000177816	0.000790614	
802	0.132694	0.0865714	0.0461128	1.02899e-05	0.589993	0.384918	0.205029	4.57518e-05	1.30684e-05	5.81056e-05	
803	0.0835154	0.0835154	0	0	0.37133	0.37133	0	0	0	0	
804	0.185185	0.151419	0.0337576	8.3939e-06	0.823382	0.67325	0.150095	3.73214e-05	1.40069e-05	6.22782e-05	
805	0.180429	0.144278	0.0360872	6.32709e-05	0.802234	0.6415	0.160453	0.000281318	0.000225875	0.00100429	
806	0.154778	0.107215	0.0448931	0.00267016	0.688183	0.476705	0.199606	0.0118722	0.00317506	0.0141171	
807	0.160867	0.119651	0.040846	0.000369255	0.715255	0.532001	0.181611	0.0016418	0.00048002	0.00213429	
808	0.168738	0.153016	0.0157115	1.09286e-05	0.750253	0.680348	0.0698573	4.85917e-05	1.3323e-05	5.92375e-05	
809	0.171887	0.112496	0.0590162	0.000374143	0.764253	0.500189	0.262401	0.00166353	0.000776092	0.0034507	
810	0.0788556	0.0781483	0.00070693	2.93658e-07	0.350611	0.347467	0.00314319	1.30568e-06	2.78666e-07	1.23902e-06	
811	0.131376	0.0973659	0.0340093	1.41735e-06	0.584133	0.432913	0.151214	6.3019e-06	1.79194e-06	7.96745e-06	
812	0.174408	0.112446	0.0616391	0.00032261	0.775462	0.499965	0.274062	0.0014344	0.00036753	0.00163413	
813	0.0641183	0.0641183	0	0	0.285086	0.285086	0	0	0	0	
814	0.0956273	0.0816821	0.0139451	3.79629e-08	0.425183	0.363179	0.0620037	1.68792e-07	4.82662e-07	2.14603e-06	
815	0.151527	0.132944	0.0183922	0.000190732	0.673731	0.591106	0.0817765	0.000848043	0.000190746	0.000848105	
816	0.187191	0.156165	0.0309699	5.65488e-05	0.832302	0.69435	0.1377	0.00025143	8.83849e-05	0.000392981	
817	0.158976	0.0974021	0.0608604	0.000714354	0.706851	0.433074	0.2706	0.00317619	0.00165901	0.00737638	
818	0.190943	0.124535	0.0655096	0.000898806	0.848983	0.553714	0.291272	0.00399631	0.00236642	0.0105217	
819	0.0671045	0.0671045	0	0	0.298363	0.298363	0	0	0	0	
820	0.0945334	0.0909515	0.00357989	1.98804e-06	0.420319	0.404393	0.0159171	8.83936e-06	2.04171e-06	9.07798e-06	
821	0.0278669	0.0276214	0.000245489	0	0.123903	0.122812	0.0010915	0	0	0	
822	0.0987925	0.0844448	0.0143276	2.0099e-05	0.439256	0.375463	0.0637043	8.93656e-05	2.31104e-05	0.000102755	
823	0.063544	0.0591303	0.00441367	0	0.282532	0.262908	0.0196242	0	0	0	
824	0.119841	0.119812	2.84764e-05	0	0.532845	0.532718	0.000126613	0	0	0	
825	0.0786832	0.0786832	0	0	0.349845	0.349845	0	0	0	0	
826	0.117426	0.106288	0.0111383	0	0.522107	0.472584	0.0495237	0	0	0	
827	0.0842695	0.084241	2.84764e-05	0	0.374683	0.374556	0.000126613	0	0	0	
828	0.16956	0.103797	0.0655018	0.000261815	0.753909	0.461508	0.291237	0.00116409	0.00135862	0.00604078	
829	0.133998	0.101693	0.0323042	0	0.595789	0.452156	0.143632	0	0	0	
830	0.163868	0.134099	0.0297685	8.23075e-07	0.7286	0.596238	0.132358	3.65959e-06	2.16872e-06	9.64271e-06	
831	0.100902	0.100777	0.000125128	0	0.448638	0.448081	0.000556352	0	0	0	
832	0.0868006	0.08396	0.00284044	2.06428e-07	0.385937	0.373307	0.0126293	9.17833e-07	3.1223e-07	1.38825e-06	
833	0.090867	0.0885257	0.00233794	3.35438e-06	0.404017	0.393607	0.0103951	1.49144e-05	4.31708e-06	1.91948e-05	
834	0.0983567	0.0980265	0.000329937	2.81373e-07	0.437319	0.43585	0.00146698	1.25105e-06	2.66353e-07	1.18427e-06	
835	0.0985135	0.0966905	0.00182301	0	0.438016	0.42991	0.00810558	0	0	0	
836	0.142746	0.1163	0.0263725	7.31826e-05	0.634685	0.517101	0.117259	0.000325388	7.62452e-05	0.000339005	
837	0.128139	0.120245	0.0077932	0.000100297	0.569738	0.534642	0.0346505	0.000445946	0.00010354	0.000460367	
838	0.143759	0.0973672	0.0463317	6.03971e-05	0.63919	0.432919	0.206002	0.00026854	7.42673e-05	0.000330211	
839	0.200247	0.152418	0.0469973	0.000831757	0.89035	0.67769	0.208962	0.0036982	0.000947029	0.00421073	
840	0.101243	0.0766661	0.0245778	0	0.450156	0.340877	0.109279	0	0	0	
841	0.115436	0.0799191	0.0350661	0.00045077	0.513257	0.35534	0.155912	0.00200423	0.000606442	0.00269639	
842	0.107512	0.0978915	0.0096209	0	0.478027	0.43525	0.0427769	0	0	0	
843	0.1379	0.121355	0.0163856	0.000159599	0.61314	0.539575	0.0728548	0.00070962	0.00021825	0.000970394	
844	0.151509	0.109863	0.0415762	6.88225e-05	0.673647	0.488482	0.184858	0.000306002	6.9501e-05	0.000309019	
845	0.194987	0.134398	0.0585545	0.00203429	0.866961	0.597568	0.260348	0.009045	0.00228014	0.010138	
846	0.106373	0.0937895	0.0125798	3.74877e-06	0.472961	0.417011	0.055933	1.6668e-05	4.5989e-06	2.04478e-05	
847	0.119133	0.0956342	0.0234673	3.18338e-05	0.529697	0.425213	0.104341	0.000141541	3.21366e-05	0.000142887	
848	0.105013	0.102503	0.0025096	6.80824e-08	0.466914	0.455755	0.0111583	3.02711e-07	1.53704e-07	6.83407e-07	
849	0.102296	0.0965829	0.00570912	4.21065e-06	0.454834	0.429432	0.0253842	1.87216e-05	4.43902e-06	1.97369e-05	
850	0.0800347	0.0799177	0.000117042	0	0.355854	0.355334	0.000520401	0	0	0	
851	0.0645711	0.0643903	0.000180764	0	0.287099	0.286295	0.000803724	0	0	0	
852	0.0934586	0.0845849	0.00886042	1.3229e-05	0.41554	0.376086	0.0393956	5.88195e-05	1.737e-05	7.72314e-05	
853	0.108125	0.103183	0.00494236	0	0.480753	0.458778	0.0219749	0	0	0	
854	0.0995423	0.0942682	0.00526792	6.26122e-06	0.44259	0.41914	0.0234225	2.78389e-05	7.61482e-06	3.38574e-05	
855	0.11013	0.0929688	0.0164681	0.000693223	0.489666	0.413363	0.0732213	0.00308224	0.000693207	0.00308217	
856	0.115562	0.103347	0.012213	1.74825e-06	0.513817	0.459507	0.0543023	7.77319e-06	1.73305e-06	7.70561e-06	
857	0.0631893	0.0631893	0	0	0.280955	0.280955	0	0	0	0	
858	0.100791	0.0851226	0.0156672	1.1331e-06	0.448142	0.378476	0.0696603	5.03807e-06	6.61858e-06	2.94279e-05	
859	0.126195	0.111564	0.0146282	2.61697e-06	0.561095	0.496043	0.0650406	1.16357e-05	3.20366e-06	1.42443e-05	
860	0.0957578	0.0838303	0.0119274	0	0.425763	0.37273	0.0530323	0	0	0	
861	0.0859796	0.0859796	0	0	0.382287	0.382287	0	0	0	0	
862	0.121036	0.0785508	0.0423756	0.00011017	0.538159	0.349256	0.188412	0.000489846	0.000160306	0.000712762	
863	0.119411	0.114602	0.00480895	0	0.530932	0.50955	0.0213818	0	0	0	
864	0.102978	0.0947997	0.00817899	0	0.457869	0.421503	0.0363658	0	0	0	
865	0.116629	0.116148	0.000480726	0	0.518563	0.516426	0.00213743	0	0	0	
866	0.0763155	0.0754826	0.000832932	0	0.339318	0.335614	0.00370342	0	0	0	
867	0.0860122	0.0860122	0	0	0.382432	0.382432	0	0	0	0	
868	0.105016	0.0993003	0.00568687	2.95873e-05	0.466931	0.441514	0.0252852	0.000131552	2.99197e-05	0.00013303	
869	0.0967373	0.0939985	0.00273449	4.36504e-06	0.430118	0.417941	0.0121582	1.9408e-05	4.39933e-06	1.95605e-05	
870	0.129528	0.125412	0.00411648	0	0.575918	0.557615	0.0183029	0	0	0	
871	0.109088	0.0982555	0.0107865	4.60181e-05	0.485032	0.436868	0.0479595	0.000204608	4.60892e-05	0.000204924	
872	0.0416386	0.0416386	0	0	0.185135	0.185135	0	0	0	0	
873	0.100513	0.0993609	0.00115307	2.04174e-08	0.44691	0.441783	0.00512684	9.07813e-08	1.24122e-08	5.51881e-08	
874	0.10598	0.0903809	0.0155976	1.58758e-06	0.471214	0.401856	0.069351	7.05879e-06	4.22022e-06	1.87641e-05	
875	0.0810548	0.0810548	0	0	0.36039	0.36039	0	0	0	0	
876	0.0442189	0.0442189	0	0	0.196608	0.196608	0	0	0	0	
877	0.103838	0.0871671	0.0164525	0.000218616	0.461691	0.387567	0.0731521	0.000972025	0.000219135	0.00097433	
878	0.0998978	0.0988387	0.00105907	0	0.44417	0.439461	0.00470889	0	0	0	
879	0.0867805	0.0867805	0	0	0.385847	0.385847	0	0	0	0	
880	0.0920333	0.087231	0.0048023	0	0.409203	0.387851	0.0213522	0	0	0	
881	0.0818749	0.0789236	0.00294232	8.9799e-06	0.364036	0.350914	0.0130823	3.99269e-05	9.02939e-06	4.01469e-05	
882	0.0912122	0.088997	0.00221473	4.30524e-07	0.405552	0.395703	0.00984727	1.91422e-06	5.5135e-07	2.45144e-06	
883	0.0589655	0.0589655	0	0	0.262175	0.262175	0	0	0	0	
884	0.0784184	0.0784184	0	0	0.348668	0.348668	0	0	0	0	
885	0.0890815	0.0890815	0	0	0.396079	0.396079	0	0	0	0	
886	0.102606	0.101226	0.00137982	0	0.456214	0.450079	0.00613505	0	0	0	
887	0.0657911	0.0657911	0	0	0.292523	0.292523	0	0	0	0	
888	0.0963573	0.0963573	0	0	0.428429	0.428429	0	0	0	0	
889	0.0645494	0.0643112	0.000238122	0	0.287002	0.285944	0.00105875	0	0	0	
890	0.0942018	0.0912009	0.00299708	3.86858e-06	0.418845	0.405502	0.0133257	1.72006e-05	3.85361e-06	1.71341e-05	
891	0.0421461	0.0410757	0.00107035	0	0.187392	0.182633	0.00475904	0	0	0	
892	0.0582694	0.0582694	0	0	0.25908	0.25908	0	0	0	0	
893	0.0864823	0.0864823	0	0	0.384522	0.384522	0	0	0	0	
894	0.0838926	0.0833791	0.000513541	0	0.373007	0.370724	0.00228333	0	0	0	
895	0.0796627	0.0796627	0	0	0.3542	0.3542	0	0	0	0	
896	0.0789747	0.0784612	0.000513541	0	0.351141	0.348858	0.00228333	0	0	0	
897	0.0785217	0.0713783	0.00711266	3.07981e-05	0.349127	0.317366	0.0316247	0.000136936	3.07831e-05	0.000136869	
898	0.0728106	0.0728106	0	0	0.323734	0.323734	0	0	0	0	
899	0.10217	0.0952674	0.00690344	0	0.454277	0.423582	0.0306944	0	0	0	
900	0.0815115	0.0815115	0	0	0.36242	0.36242	0	0	0	0	
901	0.178406	0.111916	0.0652528	0.00123716	0.793238	0.497607	0.29013	0.00550075	0.00145771	0.00648137	
902	0.0761004	0.0749089	0.00119145	0	0.338361	0.333064	0.00529751	0	0	0	
903	0.202852	0.115773	0.0868728	0.000205842	0.901933	0.514759	0.386258	0.000915226	0.000755737	0.00336019	
904	0.0675957	0.0675957	0	0	0.300547	0.300547	0	0	0	0	
905	0.15721	0.0926205	0.06459	0	0.698998	0.411814	0.287183	0	0	0	
906	0.195641	0.130327	0.0648382	0.000475936	0.869872	0.579468	0.288287	0.00211613	0.000604847	0.0026893	
907	0.0804904	0.0801677	0.00032276	0	0.35788	0.356445	0.00143507	0	0	0	
908	0.113796	0.0991117	0.0145882	9.6067e-05	0.505966	0.440675	0.0648631	0.000427138	0.00010811	0.000480685	
909	0.10776	0.105363	0.00239786	0	0.479132	0.46847	0.0106615	0	0	0	
910	0.111906	0.0900667	0.0218402	0	0.497566	0.400459	0.0971072	0	0	0	
911	0.12684	0.106508	0.0198528	0.000479383	0.563964	0.473562	0.0882709	0.00213145	0.000539682	0.00239956	
912	0.106937	0.095804	0.0111225	1.09022e-05	0.475471	0.425968	0.0494536	4.84739e-05	1.28272e-05	5.70333e-05	
913	0.115248	0.0986309	0.016467	0.000150902	0.512425	0.438537	0.0732165	0.000670948	0.000159737	0.000710233	
914	0.0766485	0.0766485	0	0	0.340798	0.340798	0	0	0	0	
915	0.122439	0.0916642	0.0307415	3.38595e-05	0.544397	0.407562	0.136684	0.000150547	3.38455e-05	0.000150485	
916	0.106792	0.106792	0	0	0.474825	0.474825	0	0	0	0	
917	0.115127	0.0925301	0.022597	0	0.511884	0.411412	0.100472	0	0	0	
918	0.126434	0.088908	0.0371607	0.000365462	0.562158	0.395307	0.165225	0.00162493	0.000780784	0.00347156	
919	0.092532	0.0862026	0.00632938	0	0.41142	0.383278	0.028142	0	0	0	
920	0.117408	0.0857685	0.031492	0.000148023	0.522027	0.381348	0.140021	0.000658149	0.000151587	0.000673995	
921	0.0382975	0.0382975	0	0	0.17028	0.17028	0	0	0	0	
922	0.0192442	0.019138	0.000106237	0	0.0855649	0.0850925	0.000472357	0	0	0	
923	0.0627465	0.0591807	0.00355023	1.5618e-05	0.278987	0.263132	0.0157852	6.94418e-05	1.5603e-05	6.93752e-05	
924	0.0639194	0.051675	0.0119999	0.00024449	0.284201	0.22976	0.0533545	0.00108706	0.000247591	0.00110085	
925	0.0486959	0.0448281	0.0038433	2.45461e-05	0.216514	0.199317	0.0170883	0.000109138	2.45311e-05	0.000109071	
926	0.0681464	0.0588185	0.00932782	0	0.302996	0.261522	0.0414738	0	0	0	
927	0.0773748	0.0772877	8.70671e-05	0	0.344028	0.34364	0.000387122	0	0	0	
928	0.102803	0.0951408	0.00766236	0	0.457088	0.423019	0.0340687	0	0	0	
929	0.0452202	0.0430042	0.00220217	1.3789e-05	0.20106	0.191207	0.00979143	6.13097e-05	1.3774e-05	6.1243e-05	
930	0.078024	0.0747783	0.00324568	0	0.346914	0.332483	0.0144311	0	0	0	
931	0.0934932	0.0825942	0.0108277	7.1273e-05	0.415694	0.367234	0.0481429	0.000316897	7.12576e-05	0.000316829	
932	0.0854184	0.0841561	0.00126227	0	0.379791	0.374179	0.00561241	0	0	0	
933	0.0477283	0.0477283	0	0	0.212212	0.212212	0	0	0	0	
934	0.048648	0.0454746	0.00314932	2.41255e-05	0.216301	0.202191	0.0140026	0.000107268	2.41105e-05	0.000107201	
935	0.0929697	0.077739	0.0152197	1.09836e-05	0.413367	0.345647	0.0676709	4.88361e-05	1.3376e-05	5.94734e-05	
936	0.0764744	0.0758392	0.000635157	0	0.340024	0.3372	0.00282406	0	0	0	
937	0.0619162	0.0619162	0	0	0.275295	0.275295	0	0	0	0	
938	0.0673567	0.0673567	0	0	0.299484	0.299484	0	0	0	0	
939	0.0729691	0.0729378	3.13085e-05	0	0.324439	0.324299	0.000139205	0	0	0	
940	0.0759704	0.0745232	0.00144715	0	0.337783	0.331349	0.00643442	0	0	0	
941	0.0687646	0.0687646	0	0	0.305744	0.305744	0	0	0	0	
942	0.070876	0.070876	0	0	0.315132	0.315132	0	0	0	0	
943	0.0802769	0.0802769	0	0	0.356931	0.356931	0	0	0	0	
944	0.0636528	0.0636528	0	0	0.283016	0.283016	0	0	0	0	
945	0.0642912	0.0633722	0.000918937	0	0.285854	0.281769	0.00408582	0	0	0	
946	0.0656709	0.0656709	0	0	0.291989	0.291989	0	0	0	0	
947	0.0958901	0.0958901	0	0	0.426351	0.426351	0	0	0	0	
948	0.0615	0.0543028	0.0071972	0	0.273444	0.241444	0.0320005	0	0	0	
949	0.0647924	0.0647924	0	0	0.288083	0.288083	0	0	0	0	
950	0.0861954	0.0861954	0	0	0.383246	0.383246	0	0	0	0	
951	0.116193	0.116162	3.13085e-05	0	0.516627	0.516488	0.000139205	0	0	0	
952	0.0510194	0.0495722	0.00144715	0	0.226845	0.22041	0.00643442	0	0	0	
953	0.053384	0.053384	0	0	0.237358	0.237358	0	0	0	0	
954	0.0865356	0.0865356	0	0	0.384759	0.384759	0	0	0	0	
955	0.089225	0.089225	0	0	0.396716	0.396716	0	0	0	0	
956	0.0534662	0.0497778	0.00368839	0	0.237724	0.221324	0.0163995	0	0	0	
957	0.0790961	0.0790961	0	0	0.351681	0.351681	0	0	0	0	
958	0.0783823	0.0694182	0.00896405	0	0.348507	0.308651	0.0398564	0	0	0	
959	0.0910749	0.0910748	0	0	0.404941	0.404941	0	0	0	0	
960	0.0567459	0.0567459	0	0	0.252306	0.252306	0	0	0	0	
961	0.0762849	0.0750285	0.00125642	0	0.339181	0.333595	0.00558639	0	0	0	
962	0.0981841	0.0980879	9.61058e-05	0	0.436551	0.436123	0.00042731	0	0	0	
963	0.146018	0.145892	0.000126322	0	0.649234	0.648673	0.000561663	0	0	0	
964	0.104441	0.104441	0	0	0.464375	0.464375	0	0	0	0	
965	0.142632	0.0962974	0.0463305	4.26412e-06	0.634178	0.428162	0.205997	1.89593e-05	4.2467e-06	1.88819e-05	
966	0.148044	0.101735	0.0463087	0	0.658242	0.452342	0.2059	0	0	0	
967	0.0443652	0.0443652	0	0	0.197259	0.197259	0	0	0	0	
968	0.0707146	0.0707146	0	0	0.314415	0.314415	0	0	0	0	
969	0.19632	0.177985	0.0183077	2.68428e-05	0.87289	0.79137	0.0814008	0.00011935	2.6926e-05	0.000119719	
970	0.194481	0.173779	0.020681	2.07984e-05	0.864714	0.772669	0.0919531	9.24752e-05	4.8402e-05	0.000215207	
