Node	dPC	dPCintra	dPCflux	dPCconnector	varPC	varPCintra	varPCflux	varPCconnector	dBC_PC	varBC_PC	
1	0.171805	0.164921	0.00688408	2.17572e-07	0.767378	0.736629	0.0307481	9.71798e-07	1.51604e-07	6.77147e-07	
2	0.0903137	0.0830201	0.00727477	1.89062e-05	0.403391	0.370813	0.0324932	8.44458e-05	1.88404e-05	8.41517e-05	
3	0.0998332	0.0813315	0.0184703	3.14212e-05	0.44591	0.363271	0.0824989	0.000140344	6.74561e-05	0.000301296	
4	0.0570952	0.0570952	0	0	0.255019	0.255019	0	0	0	0	
5	0.111798	0.10565	0.00614524	3.01629e-06	0.499355	0.471894	0.027448	1.34724e-05	3.70951e-06	1.65687e-05	
6	0.0902656	0.0889884	0.00127697	2.88431e-07	0.403176	0.397471	0.0057037	1.28829e-06	2.22328e-07	9.9304e-07	
7	0.0867684	0.0857087	0.00105974	0	0.387556	0.382822	0.0047334	0	0	0	
8	0.122992	0.102426	0.0205654	0	0.549351	0.457494	0.0918567	0	0	0	
9	0.0868099	0.0861355	0.000673944	5.73202e-07	0.387741	0.384729	0.00301021	2.56024e-06	5.07164e-07	2.26527e-06	
10	0.0596651	0.0590092	0.000655844	0	0.266497	0.263568	0.00292936	0	0	0	
11	0.0850152	0.0787633	0.00625194	0	0.379725	0.3518	0.0279246	0	0	0	
12	0.0948565	0.0940621	0.000792933	1.57362e-06	0.423682	0.420133	0.00354168	7.02868e-06	1.5076e-06	6.73378e-06	
13	0.102624	0.102624	0	0	0.458377	0.458377	0	0	0	0	
14	0.0831142	0.0831142	0	0	0.371234	0.371234	0	0	0	0	
15	0.0946463	0.0923996	0.00224488	1.94342e-06	0.422743	0.412708	0.0100268	8.68043e-06	1.87731e-06	8.38515e-06	
16	0.0730311	0.0730311	0	0	0.326197	0.326197	0	0	0	0	
17	0.0863885	0.0842021	0.00218642	0	0.385859	0.376093	0.0097658	0	0	0	
18	0.0728078	0.0719056	0.000899442	2.83918e-06	0.3252	0.32117	0.0040174	1.26813e-05	2.77723e-06	1.24046e-05	
19	0.0873842	0.0840159	0.00336617	2.2457e-06	0.390306	0.375261	0.0150352	1.00305e-05	2.17975e-06	9.73601e-06	
20	0.0589205	0.0589205	0	0	0.263171	0.263171	0	0	0	0	
21	0.0834934	0.0814727	0.00201971	1.09883e-06	0.372928	0.363902	0.00902118	4.90802e-06	1.49185e-06	6.66345e-06	
22	0.0887641	0.0872735	0.00149065	0	0.396469	0.389811	0.00665808	0	0	0	
23	0.0976449	0.0946416	0.00299484	8.51707e-06	0.436136	0.422722	0.0133766	3.80419e-05	8.86994e-06	3.9618e-05	
24	0.065811	0.0648712	0.000939796	0	0.293948	0.289751	0.00419765	0	0	0	
25	0.122373	0.115142	0.00721573	1.47215e-05	0.546586	0.514291	0.0322294	6.57548e-05	1.50698e-05	6.73101e-05	
26	0.0857404	0.0839989	0.00173892	2.64504e-06	0.382964	0.375185	0.00776699	1.18142e-05	3.21978e-06	1.43813e-05	
27	0.0791271	0.0759783	0.00313349	1.5434e-05	0.353425	0.339361	0.0139959	6.89372e-05	1.58288e-05	7.07002e-05	
28	0.0619054	0.0619054	0	0	0.276504	0.276504	0	0	0	0	
29	0.103757	0.100934	0.00282283	0	0.463438	0.450829	0.0126083	0	0	0	
30	0.168775	0.148345	0.0203867	4.32218e-05	0.753843	0.662592	0.0910585	0.000193052	4.41328e-05	0.000197121	
31	0.140206	0.137952	0.0022536	0	0.626239	0.616173	0.0100658	0	0	0	
32	0.144964	0.138414	0.00654894	4.701e-07	0.647489	0.618236	0.0292512	2.09972e-06	4.42344e-07	1.97575e-06	
33	0.078516	0.076392	0.00212407	0	0.350696	0.341209	0.00948728	0	0	0	
34	0.102559	0.0968312	0.00571811	9.89202e-06	0.458086	0.432502	0.0255402	4.41832e-05	1.18779e-05	5.30533e-05	
35	0.0660718	0.0607619	0.00528484	2.50689e-05	0.295113	0.271396	0.023605	0.000111971	2.64381e-05	0.000118087	
36	0.0809431	0.0808908	5.22989e-05	0	0.361537	0.361303	0.000233596	0	0	0	
37	0.17879	0.09467	0.0811199	0.00300066	0.798578	0.422848	0.362326	0.0134026	0.00746098	0.0333248	
38	0.0802731	0.0781571	0.00211596	1.39269e-07	0.358544	0.349093	0.00945105	6.22053e-07	7.49869e-08	3.34933e-07	
39	0.0920899	0.0836244	0.0084639	1.67649e-06	0.411324	0.373513	0.0378044	7.48816e-06	2.55061e-06	1.13924e-05	
40	0.10194	0.100619	0.00131933	1.42036e-06	0.455323	0.449424	0.00589287	6.34413e-06	1.3637e-06	6.09105e-06	
41	0.0991739	0.0956112	0.00354392	1.88406e-05	0.442966	0.427053	0.0158291	8.41529e-05	1.87747e-05	8.38582e-05	
42	0.0748499	0.0736929	0.00115697	0	0.334321	0.329153	0.00516771	0	0	0	
43	0.0581013	0.0551487	0.00293436	1.82206e-05	0.259512	0.246325	0.0131065	8.13833e-05	1.81546e-05	8.10888e-05	
44	0.0646835	0.064388	0.000295514	0	0.288912	0.287592	0.00131993	0	0	0	
45	0.0536744	0.0519674	0.0017018	5.23632e-06	0.239739	0.232115	0.00760118	2.33883e-05	7.75548e-06	3.46403e-05	
46	0.0936467	0.0848436	0.00880312	0	0.418278	0.378958	0.0393196	0	0	0	
47	0.135055	0.134401	0.000653646	0	0.603231	0.600312	0.00291954	0	0	0	
48	0.0991595	0.0847479	0.0144023	9.28487e-06	0.442901	0.378531	0.064329	4.14714e-05	1.49959e-05	6.69801e-05	
49	0.166354	0.157845	0.0085093	0	0.743032	0.705025	0.0380072	0	0	0	
50	0.101649	0.094955	0.00668922	5.19047e-06	0.454022	0.424122	0.0298777	2.31835e-05	5.94744e-06	2.65646e-05	
51	0.0843918	0.0843918	0	0	0.376941	0.376941	0	0	0	0	
52	0.078636	0.0759875	0.00264852	0	0.351232	0.339402	0.0118297	0	0	0	
53	0.0963098	0.0946573	0.0016506	1.91216e-06	0.430173	0.422792	0.0073725	8.54079e-06	2.01826e-06	9.01471e-06	
54	0.0926097	0.090462	0.00214198	5.76477e-06	0.413646	0.404053	0.0095673	2.57487e-05	5.7e-06	2.54593e-05	
55	0.0995769	0.0924652	0.00711008	1.76552e-06	0.444766	0.413	0.0317576	7.8858e-06	3.95842e-06	1.76805e-05	
56	0.11884	0.111692	0.00714796	2.72756e-07	0.530807	0.498879	0.0319267	1.21828e-06	2.19794e-07	9.81723e-07	
57	0.101807	0.10046	0.00134584	7.72154e-07	0.454727	0.448712	0.00601127	3.44887e-06	7.06469e-07	3.15548e-06	
58	0.119506	0.0910644	0.0283558	8.67213e-05	0.533784	0.406744	0.126652	0.000387345	9.09153e-05	0.000406078	
59	0.18174	0.111738	0.0699909	1.04032e-05	0.811752	0.499087	0.312618	4.64666e-05	1.07224e-05	4.78923e-05	
60	0.0757579	0.0734001	0.00235773	0	0.338376	0.327845	0.0105309	0	0	0	
61	0.0879211	0.0869	0.00102111	0	0.392704	0.388143	0.00456086	0	0	0	
62	0.101546	0.0931647	0.00837223	1.00095e-05	0.453564	0.416125	0.037395	4.47082e-05	1.05516e-05	4.71293e-05	
63	0.125494	0.093648	0.0317601	8.61577e-05	0.560527	0.418284	0.141858	0.000384828	0.000118656	0.000529984	
64	0.09801	0.0965454	0.00146458	0	0.437767	0.431225	0.00654166	0	0	0	
65	0.107456	0.102279	0.00517593	5.51699e-07	0.479958	0.456837	0.0231186	2.46419e-06	7.9437e-07	3.5481e-06	
66	0.112611	0.100637	0.0119743	0	0.502985	0.449501	0.053484	0	0	0	
67	0.166064	0.136941	0.0290837	4.00266e-05	0.741737	0.611654	0.129904	0.000178781	5.51818e-05	0.000246472	
68	0.0947968	0.0796332	0.0150684	9.51378e-05	0.423415	0.355686	0.0673042	0.000424938	0.000101336	0.000452623	
69	0.11605	0.113421	0.00262138	7.86356e-06	0.518346	0.506603	0.0117085	3.5123e-05	1.06269e-05	4.74656e-05	
70	0.0765255	0.0761248	0.000400688	0	0.341805	0.340015	0.00178969	0	0	0	
71	0.0577737	0.0440554	0.0137183	0	0.258049	0.196775	0.0612736	0	0	0	
72	0.16904	0.129087	0.0399176	3.53725e-05	0.755027	0.576575	0.178294	0.000157993	5.68423e-05	0.000253889	
73	0.0767462	0.05948	0.017205	6.12377e-05	0.342791	0.265671	0.076847	0.000273521	0.000134983	0.00060291	
74	0.118239	0.105668	0.0125315	3.95208e-05	0.528122	0.471973	0.0559729	0.000176522	4.90154e-05	0.00021893	
75	0.184035	0.142375	0.0413011	0.000359167	0.822005	0.635927	0.184473	0.00160423	0.000425201	0.00189918	
76	0.145128	0.139837	0.00526653	2.45522e-05	0.648225	0.624593	0.0235232	0.000109663	2.4609e-05	0.000109917	
77	0.0886706	0.0886706	0	0	0.396052	0.396052	0	0	0	0	
78	0.149749	0.0976773	0.0519747	9.73281e-05	0.668863	0.436281	0.232148	0.000434721	0.000123309	0.000550766	
79	0.152885	0.135578	0.0172156	9.16428e-05	0.682871	0.605568	0.0768945	0.000409327	0.000129063	0.00057647	
80	0.1362	0.123819	0.0123687	1.31758e-05	0.608348	0.553044	0.0552455	5.88508e-05	1.76678e-05	7.89146e-05	
81	0.10831	0.105078	0.00323247	0	0.483775	0.469337	0.014438	0	0	0	
82	0.236944	0.159379	0.0768239	0.000741202	1.05832	0.711875	0.343138	0.00331062	0.000860283	0.0038425	
83	0.157397	0.123811	0.0335016	8.36038e-05	0.703023	0.553012	0.149637	0.000373421	9.67236e-05	0.000432021	
84	0.115868	0.0951228	0.0207454	0	0.517532	0.424871	0.0926609	0	0	0	
85	0.148293	0.0999896	0.0483038	0	0.662361	0.446609	0.215751	0	0	0	
86	0.166431	0.144594	0.0215525	0.000284179	0.743373	0.645839	0.0962654	0.0012693	0.00028677	0.00128087	
87	0.0795497	0.0767486	0.00280109	0	0.355313	0.342802	0.0125112	0	0	0	
88	0.08358	0.0807273	0.00283754	1.52598e-05	0.373315	0.360573	0.012674	6.81587e-05	1.63387e-05	7.2978e-05	
89	0.0776533	0.0761042	0.00154765	1.51306e-06	0.346843	0.339923	0.00691269	6.75818e-06	2.59115e-06	1.15735e-05	
90	0.104111	0.0977095	0.00640049	1.19708e-06	0.465018	0.436425	0.0285881	5.34686e-06	1.13124e-06	5.05278e-06	
91	0.104228	0.101242	0.00298525	2.27342e-07	0.465541	0.452207	0.0133338	1.01543e-06	8.94889e-07	3.99707e-06	
92	0.0850848	0.0829378	0.0021463	8.19544e-07	0.380036	0.370446	0.00958659	3.66054e-06	8.05158e-07	3.59628e-06	
93	0.0923105	0.0892777	0.00303251	3.50212e-07	0.41231	0.398764	0.0135449	1.56424e-06	2.84269e-07	1.2697e-06	
94	0.0884547	0.0848259	0.00362402	4.86595e-06	0.395088	0.378879	0.0161869	2.1734e-05	5.38958e-06	2.40728e-05	
95	0.149075	0.130056	0.0189975	2.24076e-05	0.665855	0.580902	0.0848534	0.000100084	4.80285e-05	0.000214521	
96	0.203084	0.157846	0.044971	0.000266847	0.907087	0.70503	0.200865	0.00119189	0.000276324	0.00123421	
97	0.110173	0.0936889	0.016448	3.68387e-05	0.492096	0.418466	0.0734659	0.000164542	4.31312e-05	0.000192648	
98	0.103605	0.0886512	0.0149546	0	0.462761	0.395965	0.0667955	0	0	0	
99	0.105106	0.0993934	0.00570921	3.92516e-06	0.469464	0.443946	0.0255005	1.75319e-05	5.72616e-06	2.55762e-05	
100	0.0944029	0.0913797	0.00302246	8.16628e-07	0.421655	0.408152	0.0134999	3.64751e-06	2.52647e-06	1.12846e-05	
101	0.144373	0.143363	0.0010106	0	0.644853	0.640339	0.00451392	0	0	0	
102	0.153027	0.106565	0.0464424	1.87884e-05	0.683503	0.475982	0.207437	8.39197e-05	2.92819e-05	0.000130789	
103	0.0779067	0.0728455	0.00504865	1.25683e-05	0.347974	0.325368	0.02255	5.61372e-05	1.40151e-05	6.25995e-05	
104	0.111851	0.0827624	0.029028	6.0874e-05	0.499589	0.369662	0.129655	0.000271897	6.81816e-05	0.000304537	
105	0.0953669	0.0856608	0.0096107	9.54402e-05	0.425961	0.382608	0.0429267	0.000426288	0.000122314	0.000546324	
106	0.14144	0.110809	0.0305954	3.47653e-05	0.631749	0.494938	0.136656	0.000155281	3.71786e-05	0.00016606	
107	0.235419	0.145741	0.0890997	0.000578917	1.05151	0.65096	0.397969	0.00258576	0.000621497	0.00277595	
108	0.106954	0.0962852	0.0106624	6.84506e-06	0.477717	0.430063	0.0476242	3.05738e-05	1.70221e-05	7.60303e-05	
109	0.13357	0.107398	0.025967	0.000205069	0.596602	0.479703	0.115983	0.000915952	0.000393216	0.00175632	
110	0.115047	0.107917	0.00712977	0	0.513863	0.482018	0.0318455	0	0	0	
111	0.101298	0.0956077	0.00568714	3.58656e-06	0.452455	0.427037	0.0254019	1.60196e-05	5.11315e-06	2.28381e-05	
112	0.101705	0.0941914	0.00751325	7.24317e-07	0.454272	0.420711	0.0335583	3.2352e-06	5.10256e-06	2.27908e-05	
113	0.0988616	0.0911791	0.00767443	8.14145e-06	0.441571	0.407256	0.0342782	3.63642e-05	1.38721e-05	6.19605e-05	
114	0.162485	0.123348	0.0384941	0.000642859	0.725752	0.550944	0.171936	0.00287136	0.000697167	0.00311393	
115	0.116804	0.106121	0.0106668	1.53707e-05	0.521711	0.473999	0.0476441	6.86544e-05	1.69015e-05	7.54917e-05	
116	0.118082	0.113619	0.00446262	2.68442e-07	0.527422	0.507489	0.0199325	1.19901e-06	2.02423e-07	9.04136e-07	
117	0.109197	0.0962277	0.0129693	0	0.487734	0.429806	0.0579285	0	0	0	
118	0.102036	0.100949	0.00108702	4.93674e-07	0.455752	0.450895	0.00485524	2.20502e-06	4.27654e-07	1.91014e-06	
119	0.119345	0.112821	0.00652394	0	0.533062	0.503922	0.0291395	0	0	0	
120	0.1115	0.0955044	0.015984	1.23048e-05	0.498024	0.426576	0.0713938	5.49602e-05	1.86938e-05	8.34971e-05	
121	0.0914538	0.0837701	0.00768367	0	0.408483	0.374163	0.0343195	0	0	0	
122	0.17289	0.156615	0.016235	4.05364e-05	0.772225	0.69953	0.0725149	0.000181058	4.99988e-05	0.000223322	
123	0.10977	0.106255	0.0035149	5.59628e-07	0.490297	0.474595	0.0156994	2.49961e-06	8.69299e-07	3.88277e-06	
124	0.149578	0.0956951	0.0535175	0.000365504	0.668099	0.427427	0.239039	0.00163254	0.00224665	0.0100348	
125	0.106794	0.102689	0.00410498	0	0.477002	0.458667	0.0183351	0	0	0	
126	0.127421	0.103633	0.0236843	0.000103573	0.569136	0.462886	0.105787	0.000462616	0.000453596	0.00202601	
127	0.199875	0.190291	0.00956303	2.02811e-05	0.892753	0.849949	0.0427138	9.05869e-05	2.02982e-05	9.0663e-05	
128	0.126298	0.119823	0.00647453	5.54514e-07	0.564121	0.5352	0.0289188	2.47677e-06	4.88379e-07	2.18137e-06	
129	0.121355	0.117239	0.00411434	1.77043e-06	0.54204	0.523656	0.0183769	7.90772e-06	1.93139e-06	8.62666e-06	
130	0.100247	0.0955799	0.00466605	1.87758e-06	0.447762	0.426912	0.0208412	8.38634e-06	3.04025e-06	1.35794e-05	
131	0.129255	0.123773	0.00547759	4.15652e-06	0.577324	0.55284	0.0244659	1.85653e-05	4.47137e-06	1.99716e-05	
132	0.101346	0.0845726	0.016774	0	0.45267	0.377748	0.0749222	0	0	0	
133	0.131081	0.110048	0.0207091	0.00032384	0.585484	0.491539	0.0924986	0.00144645	0.00039461	0.00176255	
134	0.0960473	0.0949804	0.00106672	1.94504e-07	0.429	0.424235	0.00476458	8.68763e-07	1.29255e-07	5.77326e-07	
135	0.0718063	0.0700697	0.00173667	0	0.320727	0.31297	0.00775693	0	0	0	
136	0.109731	0.102798	0.00692086	1.17764e-05	0.49012	0.459156	0.0309124	5.25999e-05	1.32143e-05	5.90227e-05	
137	0.115909	0.101414	0.0144753	1.94104e-05	0.517716	0.452975	0.0646548	8.66977e-05	3.7073e-05	0.000165588	
138	0.108914	0.103629	0.00528528	0	0.486472	0.462865	0.023607	0	0	0	
139	0.107534	0.105478	0.00205608	0	0.480308	0.471125	0.00918363	0	0	0	
140	0.134741	0.120224	0.0144318	8.47685e-05	0.601828	0.536989	0.0644608	0.000378623	9.37048e-05	0.000418538	
141	0.0952622	0.0923866	0.00286901	6.65343e-06	0.425494	0.41265	0.0128146	2.97179e-05	9.94513e-06	4.44204e-05	
142	0.0828593	0.0828593	0	0	0.370095	0.370095	0	0	0	0	
143	0.15515	0.153738	0.0014114	0	0.692987	0.686683	0.00630413	0	0	0	
144	0.101049	0.098091	0.00295779	2.88221e-07	0.451341	0.438129	0.0132111	1.28735e-06	3.23165e-07	1.44343e-06	
145	0.0894351	0.0861792	0.00325391	2.05464e-06	0.399466	0.384924	0.0145337	9.17719e-06	1.98861e-06	8.88227e-06	
146	0.0623816	0.0607773	0.00160433	0	0.278631	0.271465	0.00716583	0	0	0	
147	0.0750538	0.0722159	0.00281096	2.70105e-05	0.335232	0.322556	0.0125553	0.000120643	2.69444e-05	0.000120349	
148	0.10916	0.107109	0.00205131	1.98502e-07	0.487571	0.478408	0.00916229	8.8662e-07	2.10578e-07	9.40561e-07	
149	0.11185	0.0992647	0.0125861	0	0.499588	0.443371	0.0562168	0	0	0	
150	0.0861992	0.0820709	0.00412828	0	0.385013	0.366574	0.0184392	0	0	0	
151	0.138759	0.123648	0.0150862	2.46631e-05	0.619777	0.552284	0.0673837	0.000110159	3.8504e-05	0.00017198	
152	0.094404	0.0842274	0.0101629	1.37559e-05	0.42166	0.376206	0.0453932	6.14417e-05	1.50831e-05	6.73698e-05	
153	0.139105	0.134764	0.0043403	0	0.621321	0.601934	0.0193862	0	0	0	
154	0.098156	0.097104	0.00105197	0	0.438419	0.43372	0.0046987	0	0	0	
155	0.096058	0.0912828	0.00477515	0	0.429048	0.407719	0.0213284	0	0	0	
156	0.0983036	0.0941753	0.00412828	0	0.439078	0.420639	0.0184392	0	0	0	
157	0.0891466	0.0878194	0.00132623	1.08947e-06	0.398178	0.39225	0.00592371	4.86621e-06	1.16514e-06	5.2042e-06	
158	0.119776	0.102886	0.0168501	3.98802e-05	0.534989	0.459549	0.0752621	0.000178127	7.53706e-05	0.000336647	
159	0.104539	0.0986839	0.00585487	4.13002e-07	0.46693	0.440777	0.0261511	1.84469e-06	1.16241e-06	5.19198e-06	
160	0.163014	0.154908	0.00810388	2.29612e-06	0.728111	0.691905	0.0361964	1.02557e-05	2.49029e-06	1.1123e-05	
161	0.218262	0.172972	0.0452557	3.40372e-05	0.974879	0.77259	0.202137	0.000152029	6.13423e-05	0.000273988	
162	0.117241	0.0937561	0.0234793	5.6209e-06	0.523663	0.418767	0.104871	2.5106e-05	3.39244e-05	0.000151525	
163	0.08675	0.0781508	0.0085936	5.63854e-06	0.387473	0.349065	0.0383838	2.51848e-05	9.74232e-06	4.35146e-05	
164	0.123509	0.0892981	0.0341538	5.79432e-05	0.551663	0.398855	0.15255	0.000258806	7.23209e-05	0.000323025	
165	0.153332	0.114677	0.0385572	9.78537e-05	0.684868	0.512213	0.172218	0.000437069	0.000325698	0.00145475	
166	0.0985997	0.0969713	0.00162819	2.96046e-07	0.440401	0.433127	0.00727243	1.3223e-06	2.35562e-07	1.05215e-06	
167	0.0991473	0.0966691	0.00247625	2.01688e-06	0.442847	0.431778	0.0110603	9.00852e-06	2.06565e-06	9.22635e-06	
168	0.107249	0.0976102	0.00963101	8.07361e-06	0.479034	0.435981	0.0430174	3.60612e-05	8.71446e-06	3.89236e-05	
169	0.0991935	0.0943478	0.00482543	2.03328e-05	0.443053	0.421409	0.021553	9.08178e-05	2.07087e-05	9.24967e-05	
170	0.128599	0.108186	0.0199058	0.000506912	0.574395	0.483221	0.0889104	0.00226415	0.000535524	0.00239194	
171	0.21505	0.194494	0.020534	2.2311e-05	0.960536	0.86872	0.0917162	9.96536e-05	2.40521e-05	0.00010743	
172	0.130661	0.12161	0.00905101	0	0.583608	0.543181	0.0404268	0	0	0	
173	0.171893	0.135106	0.0361117	0.0006752	0.767769	0.603459	0.161295	0.00301582	0.000748395	0.00334274	
174	0.121082	0.112772	0.0083093	0	0.54082	0.503706	0.0371139	0	0	0	
175	0.101414	0.0958563	0.00555261	5.21205e-06	0.452971	0.428147	0.024801	2.32799e-05	6.42933e-06	2.87169e-05	
176	0.10552	0.0944495	0.0110103	6.06972e-05	0.471313	0.421864	0.0491782	0.000271107	6.91735e-05	0.000308967	
177	0.184014	0.141219	0.0421278	0.000666511	0.821909	0.630765	0.188166	0.00297701	0.00080208	0.00358253	
178	0.11883	0.105998	0.0128071	2.52072e-05	0.530762	0.473446	0.0572037	0.000112589	3.34539e-05	0.000149423	
179	0.19132	0.139863	0.0504018	0.00105512	0.854542	0.624706	0.225122	0.00471276	0.00137077	0.00612266	
180	0.115411	0.101028	0.0143003	8.36402e-05	0.515493	0.451247	0.0638732	0.000373583	0.000104819	0.000468179	
181	0.14145	0.124834	0.0166146	1.92823e-06	0.631797	0.557578	0.0742103	8.61257e-06	5.1285e-06	2.29067e-05	
182	0.103802	0.0990278	0.00477443	0	0.463638	0.442313	0.0213252	0	0	0	
183	0.116557	0.111083	0.00547439	2.67719e-07	0.520611	0.496158	0.0244516	1.19578e-06	7.44447e-07	3.32511e-06	
184	0.0925341	0.087678	0.00485611	0	0.413308	0.391618	0.0216901	0	0	0	
185	0.0926585	0.0822539	0.0104046	0	0.413864	0.367391	0.0464727	0	0	0	
186	0.127394	0.113357	0.014017	1.96661e-05	0.569012	0.506316	0.062608	8.78397e-05	3.08977e-05	0.000138006	
187	0.0921495	0.0879274	0.00422205	0	0.41159	0.392732	0.018858	0	0	0	
188	0.0870293	0.0803594	0.00662587	4.40346e-05	0.388721	0.358929	0.0295948	0.000196682	4.75432e-05	0.000212354	
189	0.104907	0.10189	0.00301131	5.94597e-06	0.468574	0.455098	0.0134502	2.6558e-05	6.06544e-06	2.70916e-05	
190	0.0791542	0.059144	0.0200102	0	0.353547	0.26417	0.0893767	0	0	0	
191	0.368551	0.212502	0.15271	0.0033386	1.64615	0.949155	0.682087	0.014912	0.00382676	0.0170924	
192	0.0727176	0.0727031	1.44991e-05	0	0.324797	0.324732	6.47613e-05	0	0	0	
193	0.117944	0.117944	0	0	0.526805	0.526805	0	0	0	0	
194	0.155396	0.120599	0.0343484	0.00044863	0.694087	0.538664	0.153419	0.00200383	0.000449455	0.00200751	
195	0.0937842	0.0882712	0.00550659	6.44483e-06	0.418892	0.394268	0.0245954	2.87862e-05	8.27677e-06	3.69686e-05	
196	0.0890451	0.0890451	0	0	0.397725	0.397725	0	0	0	0	
197	0.0766937	0.0558055	0.0208881	0	0.342556	0.249258	0.0932981	0	0	0	
198	0.168346	0.113854	0.0522202	0.00227128	0.751927	0.508538	0.233244	0.0101448	0.0029518	0.0131843	
199	0.150228	0.113891	0.036318	1.85904e-05	0.671003	0.508704	0.162216	8.30351e-05	5.48009e-05	0.000244771	
200	0.110783	0.0868727	0.0239109	0	0.494821	0.388022	0.106799	0	0	0	
201	0.151234	0.100193	0.0503473	0.000693052	0.675495	0.447521	0.224879	0.00309555	0.00117964	0.00526895	
202	0.105443	0.105443	0	0	0.470968	0.470968	0	0	0	0	
203	0.0957187	0.0941182	0.00160044	0	0.427532	0.420384	0.00714845	0	0	0	
204	0.173081	0.133239	0.0391769	0.000664701	0.773077	0.595122	0.174986	0.00296892	0.00106004	0.00473477	
205	0.117052	0.0894862	0.0275582	8.04705e-06	0.522821	0.399695	0.12309	3.59426e-05	1.61326e-05	7.20573e-05	
206	0.194575	0.148704	0.0457598	0.000111053	0.869083	0.664198	0.204388	0.000496025	0.000222902	0.000995607	
207	0.0624499	0.0516854	0.0107645	0	0.278936	0.230855	0.0480805	0	0	0	
208	0.103268	0.0978586	0.00541007	0	0.461255	0.437091	0.0241644	0	0	0	
209	0.148051	0.0947876	0.0532451	1.84197e-05	0.661278	0.423374	0.237822	8.22728e-05	8.68844e-05	0.000388073	
210	0.113835	0.113168	0.000666239	0	0.50845	0.505474	0.00297579	0	0	0	
211	0.168479	0.103036	0.0654428	0	0.752523	0.460219	0.292304	0	0	0	
212	0.116681	0.115813	0.000868693	0	0.521165	0.517285	0.00388006	0	0	0	
213	0.246277	0.163855	0.081061	0.00136102	1.10001	0.731869	0.362063	0.00607909	0.00214688	0.00958916	
214	0.117446	0.115259	0.00217876	8.41886e-06	0.52458	0.514811	0.00973156	3.76033e-05	8.35285e-06	3.73084e-05	
215	0.18703	0.160818	0.0261183	9.35866e-05	0.835379	0.718303	0.116659	0.000418009	0.000102488	0.000457769	
216	0.0995232	0.0843965	0.015111	1.57258e-05	0.444526	0.376961	0.0674942	7.02402e-05	2.25311e-05	0.000100636	
217	0.204235	0.140198	0.0631131	0.000923959	0.912229	0.626204	0.281898	0.00412691	0.00107821	0.00481591	
218	0.0974266	0.0966847	0.00074187	0	0.435161	0.431847	0.0033136	0	0	0	
219	0.132813	0.132402	0.000410776	0	0.593217	0.591382	0.00183475	0	0	0	
220	0.0938638	0.0834056	0.0104582	0	0.419248	0.372535	0.0467123	0	0	0	
221	0.112146	0.0933898	0.0187414	1.51458e-05	0.500907	0.41713	0.0837095	6.76498e-05	1.63954e-05	7.32311e-05	
222	0.0505095	0.050025	0.00048457	0	0.225603	0.223439	0.00216436	0	0	0	
223	0.0975127	0.0962892	0.00122346	0	0.435546	0.430081	0.00546466	0	0	0	
224	0.162293	0.144512	0.0177784	1.96273e-06	0.724892	0.645474	0.0794086	8.76665e-06	1.91873e-06	8.57015e-06	
225	0.0842193	0.0779028	0.00629107	2.54899e-05	0.37617	0.347957	0.0280994	0.000113852	2.94935e-05	0.000131734	
226	0.232123	0.223886	0.00822512	1.24336e-05	1.03679	1	0.0367379	5.55357e-05	1.27487e-05	5.69431e-05	
227	0.0840849	0.0818337	0.00225121	0	0.37557	0.365514	0.0100551	0	0	0	
228	0.0873947	0.0789276	0.00846558	1.57638e-06	0.390353	0.352534	0.0378119	7.041e-06	1.51058e-06	6.7471e-06	
229	0.126367	0.123231	0.00313545	0	0.564425	0.55042	0.0140046	0	0	0	
230	0.106931	0.106011	0.000920368	0	0.477615	0.473504	0.00411087	0	0	0	
231	0.0921416	0.0915261	0.000615416	0	0.411555	0.408806	0.00274879	0	0	0	
232	0.0815298	0.0746739	0.00685581	0	0.364157	0.333535	0.0306218	0	0	0	
233	0.0799458	0.0777024	0.002242	1.43316e-06	0.357082	0.347062	0.010014	6.40129e-06	2.45457e-06	1.09635e-05	
234	0.103923	0.103733	0.000190094	0	0.464178	0.463329	0.000849069	0	0	0	
235	0.135503	0.135503	0	0	0.605233	0.605233	0	0	0	0	
236	0.0719589	0.0658076	0.00610722	4.41031e-05	0.321408	0.293933	0.0272782	0.000196989	5.00328e-05	0.000223474	
237	0.047111	0.047111	0	0	0.210423	0.210423	0	0	0	0	
238	0.0890153	0.0890153	0	0	0.397592	0.397592	0	0	0	0	
239	0.138169	0.121319	0.0168492	5.40702e-07	0.617139	0.541879	0.0752581	2.41507e-06	4.75116e-07	2.12213e-06	
240	0.090565	0.0901867	0.000378272	0	0.404513	0.402824	0.00168957	0	0	0	
241	0.135412	0.11796	0.017411	4.10393e-05	0.604825	0.526874	0.0777674	0.000183304	4.35477e-05	0.000194508	
242	0.0855016	0.0851165	0.000385105	0	0.381897	0.380177	0.00172009	0	0	0	
243	0.0857148	0.0856793	3.54311e-05	0	0.382849	0.382691	0.000158255	0	0	0	
244	0.0886199	0.0883718	0.000248051	1.90892e-07	0.395826	0.394717	0.00110793	8.52632e-07	1.24856e-07	5.57677e-07	
245	0.121975	0.0947437	0.0270539	0.000178145	0.544811	0.423178	0.120837	0.000795696	0.000231875	0.00103568	
246	0.105274	0.0891727	0.016102	0	0.470215	0.398294	0.0719206	0	0	0	
247	0.112198	0.106749	0.00540893	4.04451e-05	0.501141	0.476801	0.0241592	0.00018065	4.37711e-05	0.000195506	
248	0.0835714	0.0832573	0.000314095	0	0.373276	0.371873	0.00140292	0	0	0	
249	0.0749881	0.0697257	0.00526215	3.27423e-07	0.334938	0.311433	0.0235037	1.46245e-06	4.25995e-07	1.90273e-06	
250	0.0686868	0.0663833	0.0023009	2.67316e-06	0.306793	0.296504	0.010277	1.19398e-05	2.60724e-06	1.16454e-05	
251	0.125885	0.108836	0.0169694	8.0117e-05	0.562275	0.486123	0.0757949	0.000357847	8.0051e-05	0.000357552	
252	0.0733104	0.0690005	0.00430689	3.12763e-06	0.327445	0.308194	0.0192369	1.39697e-05	5.46322e-06	2.44018e-05	
253	0.0975363	0.0974245	0.000111814	0	0.435651	0.435152	0.000499423	0	0	0	
254	0.0780111	0.0773581	0.000652984	0	0.348441	0.345524	0.00291658	0	0	0	
255	0.0884501	0.0863795	0.00207065	0	0.395067	0.385818	0.00924871	0	0	0	
256	0.100845	0.0963308	0.0045099	5.11807e-06	0.450433	0.430266	0.0201437	2.28601e-05	5.15708e-06	2.30343e-05	
257	0.0935379	0.0884444	0.0050935	0	0.417792	0.395041	0.0227504	0	0	0	
258	0.101052	0.0958097	0.00523246	1.0705e-05	0.451358	0.427939	0.0233711	4.78147e-05	1.30098e-05	5.8109e-05	
259	0.0478945	0.0450877	0.00280288	3.96545e-06	0.213923	0.201386	0.0125192	1.77119e-05	5.38715e-06	2.4062e-05	
260	0.0436465	0.0415782	0.00206829	0	0.194949	0.185711	0.00923816	0	0	0	
261	0.111267	0.109427	0.00183955	1.10499e-06	0.496983	0.488762	0.00821646	4.93551e-06	1.5907e-06	7.10497e-06	
262	0.116472	0.110657	0.00581493	0	0.520231	0.494259	0.0259727	0	0	0	
263	0.0606765	0.0435859	0.0166968	0.000393803	0.271015	0.194678	0.0745774	0.00175894	0.000440396	0.00196705	
264	0.202768	0.139404	0.0627261	0.000638237	0.905677	0.622657	0.280169	0.00285072	0.000951305	0.00424905	
265	0.0466893	0.0431845	0.00348249	2.24235e-05	0.20854	0.192885	0.0155547	0.000100156	2.82805e-05	0.000126316	
266	0.0884734	0.0830854	0.00538695	1.04855e-06	0.395171	0.371105	0.0240611	4.68344e-06	9.82631e-07	4.38897e-06	
267	0.0474414	0.0453731	0.00206829	0	0.211899	0.202661	0.00923816	0	0	0	
268	0.0848395	0.0848395	0	0	0.37894	0.37894	0	0	0	0	
269	0.21212	0.203977	0.00813807	5.25254e-06	0.947448	0.911075	0.0363491	2.34607e-05	6.01666e-06	2.68737e-05	
270	0.108117	0.1069	0.0012144	3.49824e-06	0.482914	0.477474	0.0054242	1.56251e-05	3.43218e-06	1.533e-05	
271	0.0848067	0.0842384	0.000568284	0	0.378793	0.376255	0.00253827	0	0	0	
272	0.105171	0.103204	0.0019665	0	0.469753	0.460969	0.0087835	0	0	0	
273	0.11003	0.0912224	0.0187155	9.24496e-05	0.491456	0.40745	0.083594	0.000412931	0.000113603	0.000507416	
274	0.103068	0.0938504	0.00921715	1.04522e-06	0.460361	0.419188	0.0411689	4.66855e-06	1.49873e-06	6.69418e-06	
275	0.11662	0.110684	0.00589899	3.67243e-05	0.520892	0.49438	0.0263481	0.000164031	3.76025e-05	0.000167953	
276	0.0914718	0.0893552	0.00211659	0	0.408564	0.39911	0.00945387	0	0	0	
277	0.105494	0.103539	0.00195328	1.77418e-06	0.471197	0.462465	0.00872447	7.92447e-06	2.21738e-06	9.90408e-06	
278	0.177683	0.147246	0.03033	0.000107084	0.793634	0.657686	0.13547	0.000478297	0.000117702	0.000525725	
279	0.0779872	0.0766521	0.00133514	0	0.348334	0.34237	0.00596351	0	0	0	
280	0.143813	0.120766	0.023029	1.82254e-05	0.64235	0.539409	0.10286	8.1405e-05	5.0889e-05	0.000227298	
281	0.116909	0.0946381	0.0220947	0.000176332	0.522181	0.422706	0.0986874	0.000787598	0.000201751	0.000901132	
282	0.0825428	0.08082	0.00172286	0	0.368682	0.360986	0.00769527	0	0	0	
283	0.103451	0.0906737	0.012662	0.000116041	0.462072	0.404999	0.0565557	0.000518307	0.000140122	0.000625863	
284	0.150115	0.110055	0.0400335	2.71269e-05	0.670499	0.491567	0.178812	0.000121163	0.000104826	0.000468213	
285	0.103266	0.086789	0.0164656	1.23772e-05	0.461247	0.387648	0.0735446	5.52834e-05	1.57925e-05	7.0538e-05	
286	0.121309	0.0816603	0.0396492	0	0.541835	0.36474	0.177095	0	0	0	
287	0.0818274	0.065051	0.0164884	0.000287997	0.365486	0.290554	0.0736465	0.00128635	0.000397242	0.0017743	
288	0.234779	0.139775	0.0914173	0.0035863	1.04865	0.624317	0.40832	0.0160184	0.00477088	0.0213094	
289	0.0676619	0.0652953	0.00235467	1.20439e-05	0.302215	0.291645	0.0105172	5.37949e-05	1.19779e-05	5.35001e-05	
290	0.0693357	0.0686363	0.00069768	1.78374e-06	0.309691	0.306568	0.00311622	7.96718e-06	1.71772e-06	7.67232e-06	
291	0.196861	0.136467	0.0601198	0.000274368	0.879291	0.609537	0.268528	0.00122548	0.000874522	0.0039061	
292	0.1298	0.116067	0.013703	2.93464e-05	0.579759	0.518423	0.0612052	0.000131077	4.06384e-05	0.000181513	
293	0.0628192	0.0473256	0.0154935	0	0.280585	0.211382	0.0692028	0	0	0	
294	0.0666949	0.0606817	0.00592047	9.28197e-05	0.297896	0.271038	0.0264441	0.000414584	0.000105466	0.00047107	
295	0.201072	0.15138	0.0492341	0.000458229	0.898101	0.676147	0.219907	0.0020467	0.00066429	0.00296708	
296	0.117752	0.117694	5.79262e-05	0	0.525947	0.525688	0.00025873	0	0	0	
297	0.175189	0.145833	0.0293051	5.00548e-05	0.782491	0.651374	0.130893	0.000223572	6.73553e-05	0.000300846	
298	0.106497	0.0903717	0.0161144	1.13509e-05	0.475677	0.40365	0.0719762	5.06996e-05	3.38556e-05	0.000151218	
299	0.102066	0.0790113	0.0226593	0.000395573	0.455883	0.352908	0.101209	0.00176685	0.000415545	0.00185605	
300	0.0766422	0.0763532	0.000288987	0	0.342326	0.341036	0.00129078	0	0	0	
301	0.0635092	0.0619202	0.00158903	0	0.283667	0.27657	0.00709751	0	0	0	
302	0.0734175	0.0689943	0.00442173	1.47863e-06	0.327923	0.308167	0.0197499	6.60439e-06	1.5438e-06	6.89548e-06	
303	0.124518	0.105271	0.0191702	7.66852e-05	0.556169	0.470201	0.0856249	0.000342518	0.000140813	0.000628951	
304	0.0949617	0.0949617	0	0	0.424151	0.424151	0	0	0	0	
305	0.0538814	0.0410622	0.0128192	0	0.240664	0.183406	0.0572579	0	0	0	
306	0.0628478	0.0526642	0.0101835	1.39131e-07	0.280713	0.235227	0.0454852	6.21439e-07	1.09594e-07	4.8951e-07	
307	0.0909377	0.0868594	0.00407825	0	0.406178	0.387962	0.0182157	0	0	0	
308	0.0942595	0.0751427	0.018982	0.000134766	0.421015	0.335629	0.0847844	0.000601944	0.000173463	0.000774785	
309	0.121743	0.110204	0.0114695	6.91731e-05	0.543773	0.492235	0.0512293	0.000308965	7.65273e-05	0.000341813	
310	0.145509	0.142612	0.00289144	5.55145e-06	0.649924	0.636985	0.0129148	2.47958e-05	5.53192e-06	2.47086e-05	
311	0.082496	0.0735697	0.0088177	0.000108635	0.368473	0.328603	0.0393847	0.000485224	0.000123066	0.000549683	
312	0.136994	0.0953562	0.0414691	0.000169035	0.611893	0.425913	0.185224	0.000755004	0.000217223	0.000970238	
313	0.104865	0.0929578	0.0118961	1.18075e-05	0.468388	0.415201	0.0531349	5.2739e-05	1.63928e-05	7.32196e-05	
314	0.0778414	0.0768876	0.000953744	0	0.347683	0.343423	0.00425995	0	0	0	
315	0.102512	0.0944975	0.00799391	2.06113e-05	0.457875	0.422078	0.0357052	9.20617e-05	2.47614e-05	0.000110598	
316	0.0776454	0.0702483	0.00733305	6.4178e-05	0.346807	0.313767	0.0327534	0.000286654	7.20378e-05	0.00032176	
317	0.123033	0.076379	0.0464125	0.000242087	0.549536	0.341151	0.207304	0.00108129	0.000283024	0.00126414	
318	0.151865	0.121661	0.0302037	0	0.678315	0.543408	0.134906	0	0	0	
319	0.248881	0.142863	0.102899	0.00311826	1.11164	0.638109	0.459608	0.0139279	0.00354142	0.0158179	
320	0.0957632	0.0757126	0.0200397	1.09442e-05	0.427731	0.338174	0.0895085	4.88831e-05	1.55318e-05	6.93736e-05	
321	0.147244	0.0983171	0.0474791	0.00144873	0.657677	0.439138	0.212068	0.00647084	0.00147809	0.00660201	
322	0.14092	0.0784111	0.0615674	0.000941877	0.629428	0.350227	0.274994	0.00420694	0.00155305	0.0069368	
323	0.0995829	0.094394	0.00518888	0	0.444792	0.421616	0.0231764	0	0	0	
324	0.125888	0.12459	0.00129817	0	0.562287	0.556488	0.00579836	0	0	0	
325	0.0901617	0.0897917	0.000370027	0	0.402712	0.401059	0.00165274	0	0	0	
326	0.0708317	0.0707287	0.000102996	0	0.316373	0.315913	0.000460038	0	0	0	
327	0.0786312	0.0747775	0.00384838	5.36032e-06	0.35121	0.333998	0.017189	2.39421e-05	5.68406e-06	2.53881e-05	
328	0.090461	0.0902789	0.000182181	0	0.404049	0.403235	0.000813722	0	0	0	
329	0.0956418	0.0910358	0.00459047	1.55828e-05	0.427189	0.406616	0.0205036	6.96018e-05	1.77891e-05	7.94561e-05	
330	0.148066	0.087859	0.0578978	0.00230937	0.661345	0.392427	0.258604	0.0103149	0.00297878	0.0133048	
331	0.124235	0.116301	0.00792491	9.47091e-06	0.554906	0.519467	0.035397	4.23023e-05	1.14339e-05	5.10703e-05	
332	0.113646	0.0959048	0.0176019	0.000139921	0.507608	0.428364	0.07862	0.000624966	0.000200313	0.00089471	
333	0.122082	0.0979739	0.0241086	4.06804e-07	0.545289	0.437605	0.107682	1.81701e-06	3.93269e-06	1.75655e-05	
334	0.141343	0.0880005	0.0529765	0.000366478	0.631318	0.393059	0.236622	0.00163689	0.000471209	0.00210468	
335	0.0840329	0.0800633	0.00396953	0	0.375337	0.357607	0.0177301	0	0	0	
336	0.105222	0.089001	0.0161784	4.312e-05	0.469982	0.397527	0.0722619	0.000192598	5.15036e-05	0.000230043	
337	0.11793	0.111276	0.00664273	1.14867e-05	0.526744	0.497022	0.0296701	5.13063e-05	1.45527e-05	6.50005e-05	
338	0.117501	0.101183	0.0162403	7.77282e-05	0.524825	0.451939	0.0725384	0.000347177	0.000110622	0.0004941	
339	0.0855474	0.0766624	0.00884562	3.93488e-05	0.382102	0.342417	0.0395094	0.000175753	4.55328e-05	0.000203375	
340	0.104572	0.0831623	0.021228	0.000181973	0.467077	0.371449	0.0948161	0.000812796	0.000270641	0.00120883	
341	0.108073	0.103819	0.00425435	0	0.482716	0.463714	0.0190023	0	0	0	
342	0.110908	0.0750282	0.0357716	0.000108425	0.495377	0.335117	0.159775	0.00048429	0.00011781	0.000526206	
343	0.140776	0.0878168	0.0516278	0.00133197	0.628786	0.392238	0.230598	0.00594933	0.0028503	0.012731	
344	0.0852342	0.0820955	0.00313864	1.58883e-07	0.380703	0.366684	0.0140189	7.09662e-07	2.78826e-07	1.24539e-06	
345	0.125806	0.0946436	0.0311236	3.87525e-05	0.561919	0.422731	0.139015	0.00017309	7.89248e-05	0.000352521	
346	0.149116	0.0978144	0.0505291	0.000773418	0.666039	0.436893	0.225691	0.00345451	0.00103431	0.00461982	
347	0.0991982	0.0751471	0.0239564	9.47114e-05	0.443074	0.335648	0.107002	0.000423034	0.000118897	0.00053106	
348	0.0997724	0.0833546	0.0163519	6.59343e-05	0.445639	0.372308	0.0730368	0.000294499	8.60108e-05	0.000384172	
349	0.0834284	0.0718825	0.0115426	3.2926e-06	0.372637	0.321067	0.0515561	1.47066e-05	9.10705e-06	4.06771e-05	
350	0.141378	0.0757525	0.0645539	0.00107195	0.631474	0.338353	0.288333	0.00478793	0.00192249	0.00858692	
351	0.152902	0.0932844	0.0594465	0.000171612	0.682947	0.41666	0.265521	0.000766514	0.000313609	0.00140075	
352	0.129568	0.0813793	0.0481573	3.19363e-05	0.578725	0.363485	0.215097	0.000142645	4.10425e-05	0.000183319	
353	0.0874326	0.077616	0.0097625	5.41127e-05	0.390522	0.346676	0.0436047	0.000241697	6.44889e-05	0.000288043	
354	0.0872094	0.0788275	0.00833911	4.28086e-05	0.389525	0.352087	0.0372471	0.000191207	5.15489e-05	0.000230246	
355	0.0847538	0.0830651	0.00168869	0	0.378557	0.371014	0.00754264	0	0	0	
356	0.129157	0.108326	0.0207002	0.000131507	0.57689	0.483844	0.0924589	0.000587383	0.000156095	0.000697209	
357	0.214715	0.107523	0.104058	0.00313295	0.959038	0.480259	0.464785	0.0139935	0.00410902	0.0183531	
358	0.173729	0.097381	0.074451	0.00189721	0.775971	0.434957	0.332539	0.00847403	0.00312582	0.0139616	
359	0.120088	0.0778106	0.0411646	0.00111324	0.536381	0.347545	0.183864	0.00497234	0.00167721	0.00749138	
360	0.101297	0.0961453	0.00515114	1.24776e-06	0.452451	0.429438	0.0230078	5.57321e-06	1.8386e-06	8.21221e-06	
361	0.0467587	0.0467587	0	0	0.20885	0.20885	0	0	0	0	
362	0.105751	0.0866281	0.0189599	0.000163247	0.472343	0.386929	0.0846855	0.000729155	0.00020165	0.000900682	
363	0.0488728	0.0488373	3.55605e-05	0	0.218293	0.218134	0.000158833	0	0	0	
364	0.130485	0.112821	0.0176619	2.04209e-06	0.58282	0.503923	0.0788879	9.12111e-06	2.5198e-06	1.12548e-05	
365	0.0822388	0.0788143	0.00342037	4.27967e-06	0.367324	0.352028	0.0152772	1.91153e-05	6.49919e-06	2.9029e-05	
366	0.115586	0.0909843	0.0245903	1.18961e-05	0.516273	0.406386	0.109834	5.31347e-05	2.05643e-05	9.18516e-05	
367	0.126635	0.104451	0.0220867	9.7359e-05	0.565624	0.466538	0.0986516	0.000434859	0.000166818	0.000745105	
368	0.0804526	0.0751612	0.00525861	3.29282e-05	0.359346	0.335711	0.0234878	0.000147075	3.29781e-05	0.000147298	
369	0.0817726	0.0796605	0.00211207	0	0.365241	0.355808	0.00943371	0	0	0	
370	0.112318	0.0909015	0.021248	0.00016852	0.501674	0.406016	0.0949055	0.000752707	0.000270433	0.0012079	
371	0.119959	0.078685	0.0409774	0.000297125	0.535806	0.35145	0.183028	0.00132712	0.000370681	0.00165566	
372	0.101151	0.0784089	0.0226942	4.80193e-05	0.451797	0.350217	0.101365	0.000214481	7.74158e-05	0.000345782	
373	0.0824015	0.0785631	0.00383742	1.04795e-06	0.368051	0.350906	0.01714	4.68075e-06	1.65703e-06	7.40125e-06	
374	0.173747	0.10309	0.0646581	0.00599833	0.77605	0.460459	0.288798	0.0267918	0.00792109	0.03538	
375	0.144824	0.126101	0.0185182	0.000205202	0.646867	0.563238	0.0827125	0.000916547	0.000218962	0.000978007	
376	0.100135	0.0980814	0.00205231	2.04236e-06	0.447261	0.438086	0.00916679	9.12234e-06	2.15645e-06	9.63192e-06	
377	0.106804	0.0992556	0.00749653	5.20924e-05	0.477046	0.44333	0.0334836	0.000232673	5.82645e-05	0.000260241	
378	0.120269	0.102845	0.0172353	0.00018891	0.537191	0.459365	0.0769827	0.000843778	0.000213979	0.000955749	
379	0.0934621	0.0760802	0.017345	3.70192e-05	0.417454	0.339816	0.0774724	0.000165348	5.37683e-05	0.000240159	
380	0.114794	0.0817246	0.0328118	0.000258266	0.512736	0.365027	0.146556	0.00115356	0.000297622	0.00132934	
381	0.111502	0.0791273	0.031989	0.000385819	0.49803	0.353426	0.14288	0.00172328	0.00062194	0.00277793	
382	0.110651	0.103161	0.00748095	8.84398e-06	0.494229	0.460776	0.0334141	3.95021e-05	9.13762e-06	4.08137e-05	
383	0.0817382	0.0752763	0.00646185	0	0.365088	0.336226	0.0288622	0	0	0	
384	0.0939215	0.0896239	0.00429753	0	0.419505	0.40031	0.0191951	0	0	0	
385	0.141362	0.106414	0.0343358	0.000611999	0.631401	0.475305	0.153363	0.00273353	0.000789739	0.00352741	
386	0.0981902	0.0789331	0.0191243	0.000132715	0.438572	0.352559	0.0854201	0.00059278	0.000178241	0.000796124	
387	0.0940404	0.0834974	0.0104494	9.3723e-05	0.420037	0.372945	0.0466728	0.000418619	0.000103522	0.000462389	
388	0.0862922	0.0763119	0.00982582	0.000154517	0.385428	0.340851	0.0438875	0.00069016	0.000154451	0.000689864	
389	0.140076	0.110215	0.0298218	3.90743e-05	0.625657	0.492282	0.1332	0.000174527	4.78738e-05	0.000213831	
390	0.0824103	0.0737211	0.0086892	0	0.36809	0.329279	0.0388108	0	0	0	
391	0.0976234	0.0904782	0.00711337	3.18686e-05	0.43604	0.404126	0.0317722	0.000142343	3.56652e-05	0.0001593	
392	0.0910595	0.0494152	0.0412695	0.000374773	0.406722	0.220715	0.184332	0.00167394	0.000385828	0.00172332	
393	0.0883594	0.0802105	0.0081489	0	0.394662	0.358264	0.0363975	0	0	0	
394	0.096867	0.0918418	0.00502526	0	0.432662	0.410216	0.0224456	0	0	0	
395	0.148308	0.137114	0.0111942	0	0.66243	0.61243	0.0499999	0	0	0	
396	0.098124	0.0586502	0.0394738	0	0.438276	0.261964	0.176311	0	0	0	
397	0.131313	0.100475	0.0304399	0.000398428	0.586519	0.448779	0.135961	0.0017796	0.000700548	0.00312904	
398	0.0914174	0.0904083	0.00100905	0	0.40832	0.403813	0.00450699	0	0	0	
399	0.0786716	0.0778744	0.000796861	3.47546e-07	0.351391	0.34783	0.00355922	1.55233e-06	3.94168e-07	1.76057e-06	
400	0.14755	0.127992	0.0195534	5.34992e-06	0.659044	0.571684	0.0873363	2.38957e-05	1.20466e-05	5.38071e-05	
401	0.101209	0.0998021	0.00140743	0	0.452058	0.445771	0.0062864	0	0	0	
402	0.112389	0.0827159	0.0296195	5.44494e-05	0.501995	0.369455	0.132297	0.000243201	5.76808e-05	0.000257634	
403	0.116376	0.0880885	0.0280719	0.000216468	0.519804	0.393452	0.125384	0.000966869	0.000359101	0.00160394	
404	0.108729	0.0979695	0.0107554	4.19177e-06	0.485644	0.437586	0.0480398	1.87228e-05	4.12595e-06	1.84288e-05	
405	0.106887	0.106327	0.000560222	0	0.477418	0.474916	0.00250226	0	0	0	
406	0.206581	0.17548	0.030989	0.000112427	0.922709	0.783793	0.138414	0.000502165	0.000121554	0.000542931	
407	0.129103	0.0848067	0.0441291	0.000167298	0.576646	0.378793	0.197105	0.000747246	0.000180845	0.000807756	
408	0.129111	0.12665	0.0024603	0	0.576682	0.565693	0.010989	0	0	0	
409	0.0915654	0.0912673	0.000298141	0	0.408982	0.40765	0.00133166	0	0	0	
410	0.112653	0.0872554	0.0251658	0.000232567	0.503174	0.389731	0.112404	0.00103877	0.00102449	0.00457595	
411	0.134219	0.116605	0.0175971	1.68922e-05	0.599499	0.520825	0.0785987	7.54503e-05	1.68352e-05	7.51956e-05	
412	0.147566	0.121475	0.0260908	2.16611e-07	0.659112	0.542575	0.116536	9.67507e-07	3.80093e-07	1.6977e-06	
413	0.0927082	0.0910532	0.00165493	0	0.414086	0.406694	0.00739187	0	0	0	
414	0.147303	0.111958	0.0353188	2.60888e-05	0.657938	0.500068	0.157753	0.000116527	2.64231e-05	0.00011802	
415	0.0925295	0.0914771	0.0010524	0	0.413288	0.408587	0.00470062	0	0	0	
416	0.121786	0.105554	0.0162318	0	0.543967	0.471466	0.0725002	0	0	0	
417	0.105932	0.0952704	0.0106619	0	0.473153	0.42553	0.0476222	0	0	0	
418	0.0799113	0.0765311	0.00338011	0	0.356928	0.34183	0.0150974	0	0	0	
419	0.13432	0.101612	0.0326404	6.78414e-05	0.599949	0.453856	0.14579	0.000303017	0.000138744	0.000619708	
420	0.0835996	0.0833307	0.000268826	1.57593e-07	0.373402	0.372201	0.00120072	7.039e-07	1.33158e-07	5.9476e-07	
421	0.0872374	0.085717	0.00152037	0	0.38965	0.382859	0.00679082	0	0	0	
422	0.0984226	0.0806346	0.017656	0.00013202	0.43961	0.360158	0.0788617	0.000589676	0.0001324	0.000591375	
423	0.0652408	0.0557391	0.00950162	0	0.291401	0.248962	0.0424395	0	0	0	
424	0.110238	0.110072	0.000165983	0	0.492385	0.491644	0.000741376	0	0	0	
425	0.074022	0.0692626	0.00473278	2.67662e-05	0.330623	0.309365	0.0211392	0.000119552	2.67227e-05	0.000119358	
426	0.112142	0.108581	0.0035567	5.11335e-06	0.500892	0.484983	0.0158862	2.28391e-05	5.89064e-06	2.63109e-05	
427	0.094644	0.0900969	0.00452553	2.16437e-05	0.422732	0.402422	0.0202135	9.6673e-05	2.25718e-05	0.000100818	
428	0.0961466	0.0936571	0.00248772	1.83613e-06	0.429444	0.418324	0.0111115	8.2012e-06	1.88799e-06	8.43284e-06	
429	0.121786	0.0878571	0.0339213	7.8124e-06	0.543965	0.392418	0.151511	3.48945e-05	7.98594e-06	3.56696e-05	
430	0.246536	0.211495	0.0350261	1.48488e-05	1.10117	0.944658	0.156446	6.63232e-05	2.43953e-05	0.000108963	
431	0.18104	0.16565	0.0153898	0	0.808626	0.739886	0.0687397	0	0	0	
432	0.134978	0.111717	0.0232069	5.37988e-05	0.602887	0.498992	0.103655	0.000240295	7.95152e-05	0.000355159	
433	0.110397	0.0981683	0.0120946	0.000135064	0.493098	0.438474	0.0540212	0.000603272	0.000145641	0.000650513	
434	0.0912358	0.0802584	0.0109773	0	0.407509	0.358478	0.0490309	0	0	0	
435	0.211817	0.151483	0.0601178	0.000215492	0.946093	0.676611	0.268519	0.00096251	0.000295294	0.00131894	
436	0.11895	0.0858112	0.0328206	0.0003186	0.531298	0.38328	0.146595	0.00142304	0.000394801	0.0017634	
437	0.147613	0.0858604	0.0596244	0.00212882	0.659324	0.3835	0.266315	0.00950853	0.00329001	0.014695	
438	0.180059	0.129941	0.0490555	0.00106195	0.804244	0.580392	0.219109	0.00474327	0.00115515	0.00515955	
439	0.135828	0.126627	0.00919123	9.58103e-06	0.606683	0.565588	0.0410531	4.27942e-05	1.08929e-05	4.8654e-05	
440	0.0860847	0.0798721	0.00617539	3.73669e-05	0.384502	0.356753	0.0275827	0.000166901	4.31218e-05	0.000192606	
441	0.0690216	0.0674029	0.00161448	4.33583e-06	0.308289	0.301058	0.0072112	1.93662e-05	4.58216e-06	2.04664e-05	
442	0.134269	0.0946033	0.038491	0.00117497	0.59972	0.42255	0.171922	0.00524807	0.0015472	0.00691065	
443	0.167376	0.13748	0.0296735	0.000222508	0.747595	0.614062	0.132538	0.000993845	0.000341301	0.00152444	
444	0.137279	0.107587	0.02961	8.15109e-05	0.613165	0.480546	0.132255	0.000364073	9.41912e-05	0.00042071	
445	0.112809	0.0879166	0.024815	7.75312e-05	0.503868	0.392684	0.110837	0.000346297	0.000145873	0.000651551	
446	0.155031	0.0904015	0.064262	0.000368159	0.692457	0.403783	0.287029	0.0016444	0.000494732	0.00220975	
447	0.160963	0.121566	0.0393972	0	0.718954	0.542984	0.175969	0	0	0	
448	0.0491067	0.0374276	0.0116777	1.52201e-06	0.219338	0.167172	0.0521591	6.79816e-06	1.66391e-06	7.43198e-06	
449	0.25889	0.153682	0.104797	0.000410967	1.15635	0.686431	0.468084	0.0018356	0.000639419	0.002856	
450	0.0881308	0.0791614	0.00896934	0	0.393641	0.353579	0.040062	0	0	0	
451	0.132756	0.119818	0.0129261	1.20223e-05	0.592964	0.535176	0.0577352	5.36984e-05	1.40589e-05	6.27949e-05	
452	0.172174	0.0997137	0.071397	0.0010642	0.769028	0.445377	0.318898	0.00475334	0.00114205	0.00510106	
453	0.107824	0.0952512	0.012573	2.67105e-07	0.481604	0.425444	0.0561581	1.19304e-06	2.9486e-07	1.317e-06	
454	0.139719	0.088864	0.0507601	9.55591e-05	0.624065	0.396916	0.226722	0.00042682	0.000204695	0.000914285	
455	0.157599	0.104713	0.0525863	0.00029943	0.703927	0.46771	0.234879	0.00133742	0.000379498	0.00169505	
456	0.14912	0.111512	0.0371744	0.000433881	0.666056	0.498076	0.166041	0.00193795	0.00058752	0.00262419	
457	0.132567	0.100215	0.0323392	1.23806e-05	0.592119	0.447619	0.144444	5.52989e-05	2.37397e-05	0.000106034	
458	0.10259	0.0786637	0.0238547	7.25034e-05	0.458228	0.351356	0.106548	0.00032384	8.3778e-05	0.000374199	
459	0.0996667	0.0886101	0.0110456	1.10849e-05	0.445167	0.395781	0.0493359	4.95113e-05	2.62828e-05	0.000117393	
460	0.131145	0.0850767	0.0460383	3.02782e-05	0.585768	0.38	0.205633	0.000135239	4.87881e-05	0.000217914	
461	0.144121	0.0852484	0.0588509	2.24706e-05	0.643728	0.380766	0.262861	0.000100366	3.41521e-05	0.000152542	
462	0.118293	0.099668	0.0185362	8.8896e-05	0.528362	0.445172	0.0827931	0.000397058	0.0001139	0.000508741	
463	0.140709	0.119105	0.0216036	6.60829e-08	0.628486	0.531992	0.0964939	2.95163e-07	7.15123e-09	3.19413e-08	
464	0.0821898	0.0687638	0.0134167	9.26163e-06	0.367105	0.307137	0.0599267	4.13676e-05	1.81939e-05	8.12643e-05	
465	0.0846661	0.0824121	0.00225393	0	0.378165	0.368098	0.0100673	0	0	0	
466	0.175791	0.109579	0.0655899	0.000622373	0.785182	0.489441	0.292961	0.00277986	0.000872905	0.00389887	
467	0.114944	0.0795189	0.0349715	0.000454203	0.513406	0.355175	0.156202	0.00202872	0.000590352	0.00263684	
468	0.10631	0.101219	0.00509097	5.8335e-07	0.474842	0.452101	0.0227391	2.60556e-06	1.55689e-06	6.95395e-06	
469	0.0766894	0.0765419	0.000147407	0	0.342537	0.341879	0.000658405	0	0	0	
470	0.10829	0.0946194	0.0136013	6.93623e-05	0.483683	0.422623	0.0607509	0.00030981	0.000126642	0.000565654	
471	0.127968	0.078779	0.0491895	0	0.571578	0.351871	0.219707	0	0	0	
472	0.129419	0.0888978	0.0377889	0.00273328	0.578061	0.397067	0.168786	0.0122083	0.00306934	0.0137094	
473	0.160983	0.0988823	0.0597683	0.00233324	0.719043	0.441663	0.266958	0.0104215	0.0030516	0.0136301	
474	0.105798	0.076711	0.0290872	0	0.472553	0.342634	0.129919	0	0	0	
475	0.117118	0.112909	0.0042083	1.34234e-06	0.523117	0.504315	0.0187966	5.99564e-06	1.35802e-06	6.06567e-06	
476	0.155968	0.112349	0.0436052	1.36967e-05	0.696643	0.501817	0.194765	6.11772e-05	1.43114e-05	6.39228e-05	
477	0.125114	0.096704	0.0283409	6.91806e-05	0.558829	0.431933	0.126586	0.000308999	9.30076e-05	0.000415423	
478	0.0921607	0.0786506	0.0134568	5.32418e-05	0.411641	0.351297	0.0601058	0.000237807	7.13773e-05	0.00031881	
479	0.107028	0.0973879	0.00953131	0.000109678	0.47805	0.434988	0.0425721	0.000489883	0.000115975	0.00051801	
480	0.121675	0.097285	0.0243884	2.32922e-06	0.543471	0.434529	0.108932	1.04036e-05	3.52396e-06	1.57399e-05	
481	0.0841071	0.0756533	0.00842558	2.82684e-05	0.375669	0.337909	0.0376333	0.000126262	3.79779e-05	0.00016963	
482	0.131757	0.105441	0.0262721	4.35518e-05	0.588502	0.470961	0.117346	0.000194526	7.5962e-05	0.000339288	
483	0.104172	0.0921742	0.0119953	2.94689e-06	0.465292	0.411701	0.0535779	1.31624e-05	4.65946e-06	2.08117e-05	
484	0.154882	0.116281	0.0379462	0.000655294	0.691792	0.519376	0.169489	0.00292691	0.00110441	0.00493291	
485	0.110892	0.0945435	0.0162259	0.000123332	0.495308	0.422283	0.0724742	0.000550869	0.000130734	0.000583934	
486	0.0837386	0.0796486	0.00408962	4.87931e-07	0.374023	0.355754	0.0182665	2.17937e-06	4.19433e-06	1.87342e-05	
487	0.103084	0.0993567	0.00372796	0	0.460433	0.443782	0.0166511	0	0	0	
488	0.132754	0.0950751	0.0374847	0.000194293	0.592953	0.424658	0.167427	0.000867821	0.00023438	0.00104687	
489	0.146281	0.0977206	0.0483122	0.000248553	0.653373	0.436474	0.215789	0.00111017	0.000269551	0.00120396	
490	0.0955023	0.0903464	0.00515596	0	0.426566	0.403537	0.0230293	0	0	0	
491	0.101933	0.0779134	0.0240137	6.82145e-06	0.455293	0.348004	0.107258	3.04683e-05	1.50908e-05	6.74042e-05	
492	0.148278	0.0965596	0.0504197	0.00129904	0.662293	0.431289	0.225202	0.00580227	0.001493	0.0066686	
493	0.196048	0.111171	0.0846143	0.000262455	0.87566	0.496553	0.377934	0.00117227	0.00036041	0.00160979	
494	0.178035	0.116545	0.0613087	0.00018123	0.795204	0.520556	0.273838	0.000809474	0.000230159	0.00102802	
495	0.0883202	0.0835182	0.004802	0	0.394487	0.373038	0.0214484	0	0	0	
496	0.10437	0.0892857	0.0147492	0.000335606	0.466176	0.398799	0.0658781	0.001499	0.000340893	0.00152261	
497	0.115227	0.0771876	0.037951	8.938e-05	0.514672	0.344762	0.16951	0.000399221	0.00021834	0.000975228	
498	0.168499	0.132874	0.0352913	0.000333749	0.752611	0.59349	0.15763	0.0014907	0.000366041	0.00163494	
499	0.160525	0.157185	0.00333927	1.0354e-06	0.716996	0.702076	0.014915	4.62471e-06	1.04448e-06	4.66525e-06	
500	0.146048	0.0803431	0.0651907	0.000514275	0.652332	0.358857	0.291178	0.00229703	0.000986485	0.00440619	
501	0.147217	0.107883	0.0389428	0.000390952	0.657552	0.481866	0.17394	0.00174621	0.000636529	0.00284309	
502	0.0924487	0.0904686	0.0019801	0	0.412927	0.404083	0.00884423	0	0	0	
503	0.113592	0.102467	0.0111117	1.24172e-05	0.507364	0.457678	0.0496313	5.54623e-05	1.23513e-05	5.51681e-05	
504	0.132768	0.11872	0.0139677	8.05324e-05	0.593017	0.53027	0.0623878	0.000359702	8.79188e-05	0.000392694	
505	0.0732165	0.0683037	0.00490965	3.1899e-06	0.327025	0.305082	0.0219292	1.42478e-05	8.13725e-06	3.63454e-05	
506	0.145945	0.0972806	0.0477654	0.000899928	0.651875	0.434509	0.213346	0.00401957	0.00108468	0.00484481	
507	0.212568	0.157142	0.0547233	0.000702962	0.949448	0.701883	0.244425	0.00313982	0.000779823	0.00348312	
508	0.0942264	0.0875594	0.00666707	0	0.420867	0.391088	0.0297788	0	0	0	
509	0.0970522	0.0867111	0.0103224	1.87109e-05	0.433489	0.3873	0.0461058	8.35734e-05	2.44149e-05	0.00010905	
510	0.140596	0.104731	0.0352291	0.000635633	0.627981	0.467789	0.157353	0.00283909	0.000823181	0.00367678	
511	0.0784626	0.0747387	0.00371644	7.48084e-06	0.350457	0.333824	0.0165996	3.34135e-05	7.91642e-06	3.53591e-05	
512	0.153638	0.0878486	0.065603	0.000186326	0.686232	0.39238	0.293019	0.000832238	0.000374126	0.00167105	
513	0.11148	0.0906388	0.0208048	3.69012e-05	0.497933	0.404843	0.0929259	0.000164821	8.78063e-05	0.000392192	
514	0.244386	0.127744	0.114208	0.0024337	1.09156	0.570579	0.510117	0.0108702	0.00348744	0.0155768	
515	0.0682562	0.056281	0.0119122	6.30474e-05	0.30487	0.251382	0.0532065	0.000281605	7.86645e-05	0.000351359	
516	0.105548	0.0880081	0.017252	0.000288126	0.471437	0.393093	0.0770572	0.00128693	0.000321461	0.00143582	
517	0.0874784	0.0812687	0.0062058	3.91651e-06	0.390727	0.362991	0.0277185	1.74933e-05	1.00327e-05	4.48119e-05	
518	0.188056	0.154959	0.0330972	6.78122e-08	0.839963	0.692133	0.14783	3.02887e-07	1.59249e-08	7.11295e-08	
519	0.0646949	0.0418695	0.0228246	8.32623e-07	0.288963	0.187012	0.101947	3.71895e-06	2.55597e-06	1.14164e-05	
520	0.159987	0.12167	0.0375789	0.000737703	0.714591	0.543448	0.167848	0.00329499	0.000941889	0.00420699	
521	0.261284	0.109251	0.150786	0.00124668	1.16704	0.487975	0.673497	0.00556836	0.00291069	0.0130007	
522	0.172893	0.0779079	0.0949446	4.04093e-05	0.772236	0.34798	0.424075	0.00018049	0.000148964	0.000665357	
523	0.0905962	0.0757842	0.014812	0	0.404653	0.338494	0.0661588	0	0	0	
524	0.147478	0.105398	0.0416629	0.000417336	0.658722	0.470768	0.186089	0.00186405	0.000614924	0.00274659	
525	0.156282	0.0992293	0.0564192	0.000633941	0.698043	0.443213	0.251999	0.00283153	0.000980748	0.00438056	
526	0.119112	0.100924	0.0180744	0.000113676	0.532021	0.450783	0.0807305	0.000507744	0.000131385	0.000586842	
527	0.111695	0.0775415	0.0338463	0.000307352	0.498892	0.346343	0.151176	0.0013728	0.000343731	0.00153529	
528	0.0886876	0.0799952	0.00867409	1.83821e-05	0.396128	0.357303	0.0387433	8.21047e-05	2.96474e-05	0.000132422	
529	0.124621	0.0806582	0.0435334	0.000430051	0.556629	0.360264	0.194444	0.00192084	0.000808418	0.00361084	
530	0.0943725	0.0804263	0.0138801	6.61791e-05	0.42152	0.359228	0.0619963	0.000295592	7.53638e-05	0.000336616	
531	0.171734	0.104498	0.0668345	0.000401881	0.767063	0.466748	0.298519	0.00179502	0.00120636	0.00538831	
532	0.12002	0.0833576	0.0352974	0.00136583	0.536079	0.372321	0.157658	0.00610056	0.00145101	0.00648101	
533	0.169099	0.117383	0.0514865	0.000229257	0.755291	0.5243	0.229967	0.00102399	0.00043374	0.00193732	
534	0.13672	0.112902	0.0232798	0.000538454	0.610669	0.504283	0.10398	0.00240503	0.000557458	0.00248992	
535	0.103057	0.0773399	0.0253375	0.000379897	0.460311	0.345443	0.113171	0.00169683	0.000439647	0.0019637	
536	0.0740369	0.0655994	0.00843601	1.62734e-06	0.33069	0.293003	0.0376799	7.26864e-06	2.21738e-06	9.90405e-06	
537	0.12485	0.0764837	0.04758	0.000787297	0.557653	0.341618	0.212518	0.0035165	0.00149542	0.00667938	
538	0.144923	0.0801232	0.0618049	0.00299594	0.647311	0.357874	0.276054	0.0133815	0.00579909	0.0259019	
539	0.132888	0.0828682	0.0499171	0.000103323	0.593554	0.370135	0.222957	0.000461501	0.000175674	0.000784661	
540	0.0926376	0.0796554	0.012859	0.000123222	0.413771	0.355785	0.0574356	0.000550379	0.000144357	0.00064478	
541	0.0911009	0.0819092	0.00917039	2.14452e-05	0.406907	0.365852	0.04096	9.57864e-05	2.75498e-05	0.000123052	
542	0.20421	0.149465	0.0542621	0.000482682	0.912118	0.667597	0.242365	0.00215592	0.000613912	0.00274207	
543	0.131591	0.0890988	0.0424631	2.97828e-05	0.587761	0.397965	0.189664	0.000133026	3.72843e-05	0.000166532	
544	0.167982	0.126274	0.0416913	1.63583e-05	0.750302	0.564013	0.186216	7.30655e-05	0.00020997	0.000937842	
545	0.149669	0.0749397	0.0747143	1.51205e-05	0.668505	0.334722	0.333715	6.75369e-05	1.83534e-05	8.19766e-05	
546	0.135924	0.116182	0.0197394	3.34266e-06	0.607115	0.518933	0.0881672	1.49301e-05	4.2236e-06	1.88649e-05	
547	0.0860075	0.0752403	0.0107671	0	0.384157	0.336065	0.0480919	0	0	0	
548	0.116385	0.110426	0.00595882	0	0.519843	0.493227	0.0266154	0	0	0	
549	0.153337	0.0847245	0.0675551	0.00105793	0.68489	0.378426	0.301738	0.00472532	0.00185232	0.00827352	
550	0.185817	0.119345	0.0651079	0.00136408	0.829964	0.533063	0.290808	0.00609278	0.0023261	0.0103896	
551	0.096659	0.0962456	0.00041338	0	0.431733	0.429886	0.00184638	0	0	0	
552	0.0825415	0.0723611	0.0100826	9.78686e-05	0.368676	0.323204	0.0450346	0.000437135	0.000102443	0.00045757	
553	0.190977	0.182394	0.00857319	9.4964e-06	0.853009	0.814674	0.0382926	4.24162e-05	1.17919e-05	5.26694e-05	
554	0.14295	0.102098	0.0395225	0.00132969	0.638498	0.456029	0.176529	0.00593915	0.00142423	0.00636142	
555	0.0963289	0.0748966	0.0212946	0.000137698	0.430258	0.33453	0.0951135	0.000615037	0.000156388	0.000698518	
556	0.189464	0.149089	0.039906	0.000468985	0.846252	0.665915	0.178242	0.00209475	0.000472796	0.00211177	
557	0.0894566	0.0786936	0.0107236	3.94173e-05	0.399563	0.351489	0.0478978	0.000176059	6.89932e-05	0.000308162	
558	0.106559	0.0971077	0.00945173	0	0.475953	0.433737	0.0422166	0	0	0	
559	0.0990154	0.0787975	0.0199413	0.000276676	0.442257	0.351953	0.0890689	0.00123579	0.000385706	0.00172277	
560	0.0949681	0.0845374	0.0104307	0	0.42418	0.37759	0.0465895	0	0	0	
561	0.111119	0.0927778	0.0181773	0.000164845	0.496323	0.414397	0.08119	0.00073629	0.000262502	0.00117248	
562	0.0752504	0.0496759	0.0255744	0	0.33611	0.22188	0.114229	0	0	0	
563	0.107109	0.0785574	0.0285171	3.51217e-05	0.478411	0.350881	0.127373	0.000156873	6.53581e-05	0.000291925	
564	0.123927	0.0811957	0.0425139	0.000217921	0.553529	0.362665	0.18989	0.000973357	0.000420246	0.00187705	
565	0.102504	0.0846947	0.0175865	0.00022283	0.457839	0.378293	0.0785511	0.000995282	0.000278027	0.00124182	
566	0.122009	0.103412	0.018522	7.51031e-05	0.544961	0.461896	0.0827299	0.000335452	8.46104e-05	0.000377917	
567	0.2199	0.160321	0.0586576	0.00092149	0.982199	0.716085	0.261997	0.00411588	0.000972446	0.00434348	
568	0.139385	0.114884	0.0245004	0	0.62257	0.513138	0.109432	0	0	0	
569	0.0756819	0.0756224	5.94886e-05	0	0.338037	0.337771	0.000265709	0	0	0	
570	0.135985	0.119373	0.0164907	0.000122043	0.607388	0.533186	0.073657	0.000545113	0.000168563	0.000752896	
571	0.109957	0.0912184	0.0187331	6.28813e-06	0.491132	0.407432	0.0836726	2.80862e-05	9.63415e-06	4.30314e-05	
572	0.114611	0.0972876	0.0172426	8.13146e-05	0.511918	0.43454	0.077015	0.000363196	0.000102824	0.000459269	
573	0.101563	0.0840983	0.0174012	6.40326e-05	0.453639	0.37563	0.0777237	0.000286005	9.17637e-05	0.000409868	
574	0.143288	0.079604	0.0632573	0.000426738	0.640003	0.355555	0.282542	0.00190605	0.000677282	0.00302511	
575	0.149588	0.0840387	0.0636406	0.00190928	0.668145	0.375363	0.284254	0.00852792	0.00219705	0.00981325	
576	0.0678226	0.0543142	0.0135083	0	0.302933	0.242597	0.0603359	0	0	0	
577	0.134766	0.1128	0.0219418	2.5038e-05	0.601944	0.503827	0.0980046	0.000111833	3.25757e-05	0.000145501	
578	0.110937	0.0887431	0.0221915	2.74419e-06	0.495507	0.396375	0.0991197	1.2257e-05	2.90917e-06	1.29939e-05	
579	0.0952213	0.0870272	0.00818514	9.01865e-06	0.425311	0.388712	0.0365593	4.02823e-05	1.13619e-05	5.07488e-05	
580	0.0842274	0.0665658	0.0176372	2.44092e-05	0.376206	0.29732	0.0787777	0.000109025	6.69767e-05	0.000299155	
581	0.0804118	0.074997	0.00541481	0	0.359163	0.334978	0.0241855	0	0	0	
582	0.0869841	0.0842302	0.00275313	8.42021e-07	0.388519	0.376219	0.012297	3.76093e-06	8.41077e-07	3.75672e-06	
583	0.111922	0.0926359	0.0192054	8.12259e-05	0.499908	0.413763	0.0857822	0.0003628	0.000108871	0.000486282	
584	0.180387	0.127779	0.051907	0.000701101	0.805708	0.570732	0.231845	0.0031315	0.000831434	0.00371364	
585	0.113543	0.0747963	0.0387178	2.89789e-05	0.507146	0.334082	0.172935	0.000129436	5.07229e-05	0.000226557	
586	0.125181	0.0842282	0.040659	0.00029421	0.55913	0.37621	0.181605	0.0013141	0.000342266	0.00152875	
587	0.106932	0.0888415	0.0179418	0.00014935	0.47762	0.396815	0.0801384	0.000667082	0.000188912	0.000843786	
588	0.0686226	0.0675384	0.00108416	0	0.306506	0.301664	0.00484246	0	0	0	
589	0.162756	0.109118	0.0527672	0.000870885	0.726961	0.487383	0.235687	0.00388985	0.00150912	0.00674056	
590	0.136729	0.107268	0.0291337	0.000327502	0.610709	0.479118	0.130127	0.0014628	0.000352613	0.00157496	
591	0.133119	0.0958429	0.0371252	0.000150907	0.594583	0.428087	0.165821	0.000674037	0.000292972	0.00130857	
592	0.113719	0.0857128	0.0279627	4.3801e-05	0.507933	0.382841	0.124897	0.000195639	5.61331e-05	0.000250721	
593	0.0968351	0.09391	0.00292426	8.96323e-07	0.432519	0.419454	0.0130613	4.00347e-06	1.42066e-06	6.34547e-06	
594	0.0879641	0.0804424	0.0075047	1.69813e-05	0.392896	0.3593	0.0335201	7.58481e-05	3.07618e-05	0.000137399	
595	0.112058	0.0937561	0.0182408	6.1448e-05	0.500515	0.418767	0.0814737	0.000274461	0.00010428	0.000465773	
596	0.108544	0.0901761	0.0182853	8.26966e-05	0.484818	0.402776	0.0816725	0.000369369	0.000131082	0.000585489	
597	0.153541	0.140831	0.0126964	1.35673e-05	0.6858	0.629031	0.0567095	6.05994e-05	2.04814e-05	9.14815e-05	
598	0.115141	0.108117	0.00695905	6.49065e-05	0.514285	0.482912	0.031083	0.000289908	6.57766e-05	0.000293795	
599	0.106741	0.0933131	0.0134278	0	0.476764	0.416788	0.0599764	0	0	0	
600	0.10897	0.107848	0.00112172	0	0.48672	0.48171	0.00501023	0	0	0	
601	0.260019	0.147911	0.110987	0.00112038	1.16139	0.660653	0.495732	0.00500424	0.00112546	0.00502696	
602	0.114147	0.102473	0.0115589	0.000115376	0.509847	0.457703	0.0516285	0.000515333	0.000137394	0.000613679	
603	0.108047	0.0519076	0.05614	0	0.482601	0.231848	0.250752	0	0	0	
604	0.0857569	0.0808664	0.00488997	6.04879e-07	0.383038	0.361194	0.0218413	2.70172e-06	3.33149e-06	1.48803e-05	
605	0.126035	0.0494972	0.0765379	0	0.562943	0.221082	0.341861	0	0	0	
606	0.144231	0.0936871	0.049746	0.000798675	0.644219	0.418458	0.222193	0.00356732	0.000973496	0.00434817	
607	0.0868138	0.0780931	0.00868132	3.94465e-05	0.387758	0.348807	0.0387756	0.00017619	4.95487e-05	0.000221312	
608	0.0871852	0.0787088	0.00845171	2.46957e-05	0.389417	0.351557	0.03775	0.000110305	2.56209e-05	0.000114437	
609	0.0900768	0.0870044	0.00307053	1.89938e-06	0.402333	0.38861	0.0137147	8.4837e-06	2.04746e-06	9.1451e-06	
610	0.106555	0.0799244	0.0260344	0.000596683	0.475936	0.356987	0.116284	0.00266512	0.000732057	0.00326977	
611	0.0605803	0.0576432	0.00293711	0	0.270585	0.257466	0.0131187	0	0	0	
612	0.0976796	0.0904941	0.00718549	0	0.436291	0.404197	0.0320944	0	0	0	
613	0.092315	0.0765279	0.0156706	0.00011657	0.41233	0.341816	0.0699936	0.000520666	0.000159899	0.000714201	
614	0.0980401	0.0834986	0.0144086	0.000132915	0.437901	0.372951	0.0643568	0.000593675	0.000142307	0.000635626	
615	0.0999156	0.0866132	0.0133023	0	0.446278	0.386862	0.0594158	0	0	0	
616	0.125664	0.0888064	0.0340284	0.00283015	0.561289	0.396659	0.151989	0.012641	0.00288868	0.0129024	
617	0.124304	0.0914969	0.032574	0.000233068	0.55521	0.408676	0.145493	0.00104101	0.00025382	0.0011337	
618	0.0593525	0.0558069	0.0035456	0	0.265101	0.249264	0.0158366	0	0	0	
619	0.139569	0.0986542	0.040854	6.08755e-05	0.623392	0.440644	0.182476	0.000271904	7.414e-05	0.00033115	
620	0.104472	0.0875192	0.0169388	1.46473e-05	0.466633	0.390909	0.0756584	6.54233e-05	1.75185e-05	7.82473e-05	
621	0.334177	0.185706	0.145654	0.0028162	1.49262	0.829469	0.650575	0.0125787	0.00362219	0.0161787	
622	0.0345604	0.0304114	0.00413335	1.57061e-05	0.154366	0.135834	0.0184618	7.01525e-05	2.00064e-05	8.93598e-05	
623	0.101825	0.0716695	0.0300397	0.000116209	0.454809	0.320116	0.134174	0.000519056	0.000193177	0.000862839	
624	0.119442	0.08249	0.036809	0.000143117	0.533494	0.368446	0.164409	0.000639241	0.000153169	0.000684139	
625	0.0647021	0.0548392	0.0098629	0	0.288995	0.244942	0.0440532	0	0	0	
626	0.0692229	0.0636623	0.00556056	0	0.309187	0.284351	0.0248365	0	0	0	
627	0.0972007	0.0789046	0.0182961	0	0.434152	0.352431	0.0817207	0	0	0	
628	0.0599583	0.0599535	4.84899e-06	0	0.267807	0.267785	2.16583e-05	0	0	0	
629	0.207527	0.137257	0.0697645	0.000505445	0.926933	0.613069	0.311607	0.00225759	0.000628235	0.00280604	
630	0.189113	0.1452	0.0439041	8.79318e-06	0.844685	0.648545	0.1961	3.92752e-05	1.22945e-05	5.4914e-05	
631	0.109198	0.0955919	0.0136063	0	0.48774	0.426966	0.0607736	0	0	0	
632	0.0436857	0.0431438	0.000541888	0	0.195124	0.192704	0.00242037	0	0	0	
633	0.0558108	0.0450421	0.0106928	7.59274e-05	0.249282	0.201183	0.0477601	0.000339134	8.85047e-05	0.000395311	
634	0.0453776	0.0418627	0.00350814	6.84457e-06	0.202681	0.186982	0.0156693	3.05716e-05	8.83591e-06	3.9466e-05	
635	0.0773369	0.0653888	0.0117947	0.000153377	0.345429	0.292062	0.052682	0.00068507	0.000157484	0.000703413	
636	0.0835677	0.0648388	0.0187206	8.30461e-06	0.37326	0.289606	0.0836169	3.7093e-05	1.00183e-05	4.47476e-05	
637	0.0792543	0.0734529	0.00577666	2.47854e-05	0.353993	0.328081	0.0258017	0.000110705	3.29406e-05	0.000147131	
638	0.123902	0.0813422	0.042554	5.89898e-06	0.553415	0.363319	0.190069	2.63481e-05	1.62612e-05	7.26316e-05	
639	0.123189	0.0759469	0.0472032	3.9421e-05	0.550233	0.339221	0.210836	0.000176076	5.23641e-05	0.000233887	
640	0.0890606	0.080297	0.00867325	9.03748e-05	0.397794	0.358651	0.0387395	0.000403664	9.57637e-05	0.000427734	
641	0.0757146	0.0748533	0.000859982	1.42078e-06	0.338183	0.334336	0.00384115	6.34599e-06	1.69621e-06	7.57625e-06	
642	0.062924	0.0629225	1.48899e-06	0	0.281053	0.281047	6.65066e-06	0	0	0	
643	0.232148	0.141591	0.0826198	0.00793645	1.0369	0.632427	0.369026	0.0354486	0.010227	0.0456796	
644	0.103241	0.0822051	0.0210364	0	0.461134	0.367173	0.0939602	0	0	0	
645	0.0827663	0.0802046	0.00255201	9.69892e-06	0.36968	0.358238	0.0113987	4.33208e-05	1.12506e-05	5.02517e-05	
646	0.131081	0.0748146	0.0562662	3.06796e-07	0.585481	0.334163	0.251316	1.37032e-06	8.99053e-07	4.01567e-06	
647	0.223426	0.123545	0.0885323	0.0113493	0.997947	0.55182	0.395434	0.0506923	0.0122946	0.0549146	
648	0.140366	0.117011	0.0232295	0.000125402	0.626953	0.522637	0.103756	0.000560116	0.000182867	0.000816785	
649	0.0641864	0.0641864	0	0	0.286692	0.286692	0	0	0	0	
650	0.0749895	0.0728104	0.00217908	0	0.334944	0.325211	0.009733	0	0	0	
651	0.101711	0.101261	0.00045077	0	0.454302	0.452288	0.00201339	0	0	0	
652	0.108694	0.0822738	0.0260295	0.000391623	0.485491	0.36748	0.116262	0.0017492	0.000495524	0.00221328	
653	0.102865	0.0874551	0.0154003	1.04336e-05	0.459456	0.390623	0.0687866	4.66025e-05	1.47933e-05	6.60752e-05	
654	0.109969	0.0880512	0.0217546	0.000163657	0.491185	0.393285	0.0971683	0.000730986	0.000187189	0.000836093	
655	0.119522	0.0808773	0.0381468	0.000498773	0.533855	0.361243	0.170384	0.00222779	0.000593877	0.00265258	
656	0.21315	0.118162	0.0934082	0.0015804	0.95205	0.527778	0.417213	0.00705895	0.00350689	0.0156637	
657	0.116138	0.0799357	0.0362027	0	0.518739	0.357037	0.161701	0	0	0	
658	0.101926	0.0751961	0.0267302	8.67918e-08	0.455259	0.335867	0.119392	3.8766e-07	4.36766e-08	1.95084e-07	
659	0.133055	0.0955867	0.0364787	0.000989831	0.594298	0.426943	0.162934	0.00442113	0.00111286	0.00497065	
660	0.148807	0.100272	0.0484829	5.17563e-05	0.664656	0.447873	0.216551	0.000231172	0.000160649	0.000717549	
661	0.174654	0.0981995	0.075982	0.00047277	0.780103	0.438613	0.339377	0.00211165	0.00091515	0.00408756	
662	0.121698	0.0803398	0.0413427	1.61555e-05	0.543574	0.358842	0.184659	7.21597e-05	2.35878e-05	0.000105356	
663	0.108261	0.0802584	0.0278039	0.000199352	0.483556	0.358478	0.124187	0.000890417	0.000227422	0.00101579	
664	0.0995084	0.0872215	0.0122715	1.53784e-05	0.44446	0.38958	0.0548117	6.86886e-05	2.38314e-05	0.000106444	
665	0.104802	0.0871164	0.0176618	2.47514e-05	0.468108	0.38911	0.0788876	0.000110553	2.90197e-05	0.000129618	
666	0.109337	0.078863	0.030136	0.000338021	0.488359	0.352245	0.134604	0.00150979	0.000417214	0.00186351	
667	0.150299	0.104712	0.0439629	0.00162391	0.67132	0.467704	0.196362	0.0072533	0.00217248	0.00970352	
668	0.108125	0.0829662	0.0251447	1.47834e-05	0.482949	0.370573	0.11231	6.60309e-05	4.63784e-05	0.000207151	
669	0.0456875	0.0434638	0.00222374	6.5952e-08	0.204065	0.194133	0.00993246	2.94578e-07	1.12942e-06	5.04464e-06	
670	0.0888448	0.0825431	0.00628123	2.04899e-05	0.39683	0.368683	0.0280554	9.15195e-05	2.13984e-05	9.55775e-05	
671	0.0554645	0.0505918	0.00487266	0	0.247735	0.225971	0.021764	0	0	0	
672	0.145498	0.111855	0.0335733	6.92284e-05	0.649876	0.49961	0.149957	0.000309212	0.000132536	0.00059198	
673	0.130404	0.101362	0.0288488	0.000193742	0.582459	0.452739	0.128854	0.000865362	0.000299794	0.00133904	
674	0.12779	0.0952557	0.0322837	0.000251323	0.570784	0.425465	0.144197	0.00112254	0.000316058	0.00141169	
675	0.107446	0.0811111	0.0263132	2.2503e-05	0.479917	0.362287	0.117529	0.000100511	2.48274e-05	0.000110893	
676	0.136216	0.109678	0.0262219	0.000316935	0.60842	0.489883	0.117121	0.00141561	0.000369033	0.00164831	
677	0.100845	0.0933429	0.00749793	4.33406e-06	0.45043	0.416921	0.0334899	1.93583e-05	6.53903e-06	2.92069e-05	
678	0.101371	0.0802354	0.0211364	6.62066e-08	0.452783	0.358376	0.0944072	2.95715e-07	2.95247e-07	1.31874e-06	
679	0.124694	0.0909071	0.0337398	4.79796e-05	0.556956	0.406041	0.1507	0.000214303	7.99202e-05	0.000356968	
680	0.12782	0.110295	0.0175251	0	0.570918	0.492641	0.0782769	0	0	0	
681	0.108529	0.0976616	0.0108287	3.96808e-05	0.484755	0.436211	0.048367	0.000177236	6.6885e-05	0.000298745	
682	0.0992864	0.0975618	0.00172468	0	0.443468	0.435765	0.0077034	0	0	0	
683	0.0965642	0.0911077	0.00545644	0	0.431309	0.406937	0.0243715	0	0	0	
684	0.105139	0.094194	0.0109455	0	0.469612	0.420722	0.048889	0	0	0	
685	0.184799	0.140632	0.0433218	0.000845264	0.825417	0.628142	0.193499	0.00377542	0.000850515	0.00379887	
686	0.105578	0.0904484	0.0147195	0.000410506	0.471571	0.403992	0.0657457	0.00183355	0.000410949	0.00183552	
687	0.0815818	0.077769	0.00380447	8.39946e-06	0.36439	0.347359	0.0169929	3.75166e-05	1.04984e-05	4.6892e-05	
688	0.0641936	0.0641936	0	0	0.286724	0.286724	0	0	0	0	
689	0.00822975	0.00714639	0.00108335	0	0.0367586	0.0319197	0.00483888	0	0	0	
690	0.0605024	0.0597899	0.000712492	0	0.270237	0.267055	0.00318238	0	0	0	
691	0.107328	0.0980478	0.0091756	0.000105533	0.47939	0.437935	0.0409833	0.00047137	0.00011503	0.000513791	
692	0.0728628	0.0728628	0	0	0.325446	0.325446	0	0	0	0	
693	0.085401	0.0792723	0.00612583	2.91247e-06	0.381448	0.354074	0.0273613	1.30087e-05	3.41564e-06	1.52561e-05	
694	0.236755	0.154284	0.0774975	0.00497331	1.05748	0.689122	0.346146	0.0222135	0.00577869	0.0258108	
695	0.0914086	0.0792555	0.0121164	3.67732e-05	0.408281	0.353999	0.0541187	0.000164249	4.1087e-05	0.000183517	
696	0.240208	0.15962	0.0788059	0.00178148	1.0729	0.712955	0.351991	0.0079571	0.00210108	0.00938459	
697	0.142714	0.0827171	0.0596011	0.000396008	0.63744	0.36946	0.266211	0.00176879	0.000917179	0.00409663	
698	0.385296	0.195636	0.187293	0.00236686	1.72094	0.873819	0.836555	0.0105717	0.00320821	0.0143296	
699	0.343998	0.18519	0.154493	0.00431469	1.53648	0.827164	0.690052	0.0192718	0.010115	0.0451793	
700	0.0824509	0.0824509	0	0	0.368271	0.368271	0	0	0	0	
701	0.0826	0.0823074	0.00029257	0	0.368937	0.36763	0.00130678	0	0	0	
702	0.110452	0.106151	0.00430029	6.21512e-07	0.493343	0.474133	0.0192075	2.77601e-06	9.55862e-07	4.26941e-06	
703	0.0900249	0.0875495	0.00247039	5.11141e-06	0.402101	0.391044	0.0110341	2.28303e-05	5.04544e-06	2.25357e-05	
704	0.0908695	0.0793573	0.0115121	0	0.405873	0.354453	0.0514198	0	0	0	
705	0.102626	0.0879746	0.0146517	0	0.458386	0.392943	0.0654427	0	0	0	
706	0.208518	0.158	0.0504238	9.42593e-05	0.931357	0.705716	0.22522	0.000421014	0.000146972	0.000656462	
707	0.086104	0.0801621	0.00594192	0	0.384588	0.358048	0.0265399	0	0	0	
708	0.0798313	0.0798313	0	0	0.35657	0.35657	0	0	0	0	
709	0.117435	0.103231	0.0140572	0.000147127	0.524532	0.461088	0.0627873	0.000657152	0.000147068	0.000656888	
710	0.174127	0.0958577	0.0781632	0.00010677	0.77775	0.428153	0.34912	0.000476896	0.000176993	0.000790551	
711	0.091898	0.0805556	0.0113424	0	0.410467	0.359806	0.0506614	0	0	0	
712	0.0764503	0.0764503	0	0	0.341469	0.341469	0	0	0	0	
713	0.0852795	0.0782914	0.00698809	0	0.380906	0.349693	0.0312127	0	0	0	
714	0.089551	0.0815472	0.00800381	0	0.399984	0.364235	0.0357494	0	0	0	
715	0.0710162	0.0699431	0.00107309	0	0.317198	0.312405	0.00479305	0	0	0	
716	0.0834336	0.0748667	0.00855667	1.03427e-05	0.372661	0.334396	0.0382188	4.61966e-05	1.75825e-05	7.85333e-05	
717	0.0978797	0.0881474	0.00967025	6.20995e-05	0.437185	0.393715	0.0431927	0.000277371	6.20653e-05	0.000277218	
718	0.118293	0.107981	0.0102233	8.92388e-05	0.528365	0.482304	0.045663	0.00039859	9.05689e-05	0.000404531	
719	0.0705201	0.0628287	0.00768487	6.56582e-06	0.314981	0.280628	0.0343249	2.93266e-05	7.18177e-06	3.20777e-05	
720	0.0621143	0.0619906	0.000123679	0	0.277436	0.276884	0.000552419	0	0	0	
721	0.124054	0.106161	0.0176708	0.000221318	0.554094	0.474178	0.0789276	0.000988529	0.000225932	0.00100914	
722	0.0816878	0.0807289	0.000958884	0	0.364863	0.36058	0.0042829	0	0	0	
723	0.116432	0.101887	0.014545	0	0.520054	0.455088	0.0649661	0	0	0	
724	0.0813881	0.0803639	0.00102416	0	0.363524	0.35895	0.0045745	0	0	0	
725	0.0822323	0.0622905	0.0199417	0	0.367295	0.278224	0.0890709	0	0	0	
726	0.0441631	0.0424676	0.00169545	0	0.197256	0.189684	0.00757282	0	0	0	
727	0.0887856	0.088603	0.000182604	0	0.396566	0.39575	0.000815614	0	0	0	
728	0.104478	0.085074	0.0189053	0.000499602	0.466661	0.379988	0.0844417	0.0022315	0.000592178	0.00264499	
729	0.102468	0.0772803	0.0251153	7.32463e-05	0.457682	0.345176	0.112179	0.000327158	8.04777e-05	0.000359458	
730	0.11177	0.104454	0.00727289	4.34689e-05	0.499228	0.46655	0.0324847	0.000194156	4.61738e-05	0.000206237	
731	0.121393	0.0940499	0.0269342	0.000409657	0.542212	0.420079	0.120303	0.00182975	0.000690133	0.00308252	
732	0.0883598	0.0770531	0.0113066	0	0.394663	0.344162	0.0505017	0	0	0	
733	0.0999576	0.0915925	0.00828867	7.65187e-05	0.446466	0.409103	0.0370218	0.000341775	7.64526e-05	0.00034148	
734	0.112529	0.106401	0.00612665	1.53072e-06	0.502617	0.475246	0.027365	6.83708e-06	1.72596e-06	7.7091e-06	
735	0.0662508	0.0654557	0.000795088	0	0.295913	0.292361	0.0035513	0	0	0	
736	0.0556666	0.055264	0.000402616	0	0.248638	0.246839	0.0017983	0	0	0	
737	0.0984276	0.0793161	0.0191047	6.7579e-06	0.439632	0.35427	0.0853325	3.01845e-05	1.19799e-05	5.35091e-05	
738	0.123475	0.112704	0.0107347	3.58572e-05	0.551509	0.503402	0.0479473	0.000160158	4.09294e-05	0.000182813	
739	0.0673652	0.0645602	0.00279583	9.22557e-06	0.30089	0.288362	0.0124877	4.12065e-05	9.28379e-06	4.14665e-05	
740	0.036561	0.0365434	1.76084e-05	0	0.163301	0.163223	7.86491e-05	0	0	0	
741	0.0917689	0.0860339	0.0056525	8.24855e-05	0.40989	0.384275	0.0252472	0.000368426	8.24196e-05	0.000368131	
742	0.14418	0.122443	0.0217157	2.11589e-05	0.643988	0.546899	0.0969946	9.45077e-05	2.10936e-05	9.42161e-05	
743	0.0891826	0.0838295	0.00528547	6.77324e-05	0.398339	0.374429	0.0236078	0.00030253	6.76663e-05	0.000302235	
744	0.0556954	0.0551217	0.00057376	0	0.248766	0.246204	0.00256273	0	0	0	
745	0.116603	0.101308	0.0152951	0	0.520815	0.452498	0.0683167	0	0	0	
746	0.0812224	0.0748258	0.00639658	0	0.362784	0.334213	0.0285706	0	0	0	
747	0.0854528	0.0838877	0.00156514	0	0.38168	0.374689	0.00699079	0	0	0	
748	0.0951674	0.0818767	0.0132841	6.6031e-06	0.42507	0.365707	0.0593345	2.94931e-05	7.68629e-06	3.43312e-05	
749	0.11861	0.111887	0.00671582	7.39877e-06	0.52978	0.49975	0.0299966	3.3047e-05	7.33276e-06	3.27522e-05	
750	0.0893969	0.0817772	0.00761973	0	0.399296	0.365262	0.0340339	0	0	0	
751	0.336583	0.151277	0.154325	0.0309802	1.50336	0.675689	0.689303	0.138374	0.0368698	0.164681	
752	0.0957404	0.0760416	0.0195664	0.000132538	0.42763	0.339644	0.0873944	0.000591989	0.00015176	0.000677844	
753	0.0997245	0.0921048	0.00761973	0	0.445425	0.411391	0.0340339	0	0	0	
754	0.234068	0.175699	0.0583425	2.62212e-05	1.04547	0.784772	0.26059	0.000117118	0.000355814	0.00158926	
755	0.11693	0.0916336	0.0252853	1.20216e-05	0.522278	0.409286	0.112938	5.36953e-05	1.19667e-05	5.34501e-05	
756	0.213178	0.11353	0.0996477	0	0.952172	0.50709	0.445082	0	0	0	
757	0.12016	0.0771875	0.0399515	0.0030211	0.536701	0.344762	0.178445	0.0134939	0.00306699	0.0136989	
758	0.228285	0.127237	0.100957	9.05702e-05	1.01965	0.568314	0.450932	0.000404536	0.000143472	0.000640827	
759	0.117521	0.0709986	0.0465007	2.19936e-05	0.524915	0.317119	0.207698	9.82357e-05	0.000125701	0.000561452	
760	0.109012	0.0863068	0.0227055	0	0.486909	0.385494	0.101415	0	0	0	
761	0.119559	0.109361	0.0100959	0.00010283	0.53402	0.488467	0.0450941	0.000459296	0.000103868	0.000463933	
762	0.0504166	0.0504166	0	0	0.225188	0.225188	0	0	0	0	
763	0.055764	0.0536851	0.00207888	0	0.249073	0.239787	0.00928545	0	0	0	
764	0.0791461	0.0763139	0.00283161	6.39919e-07	0.35351	0.34086	0.0126475	2.85823e-06	5.74011e-07	2.56385e-06	
765	0.0875155	0.0833767	0.00413879	0	0.390893	0.372406	0.0184861	0	0	0	
766	0.0497978	0.0442685	0.00543319	9.61654e-05	0.222424	0.197727	0.0242676	0.000429528	0.000105674	0.000472001	
767	0.0514301	0.042921	0.00842167	8.74822e-05	0.229715	0.191709	0.0376158	0.000390744	0.000104541	0.000466939	
768	0.0450883	0.0450687	1.95548e-05	0	0.201389	0.201302	8.73427e-05	0	0	0	
769	0.0835703	0.0521915	0.0304827	0.000896159	0.373271	0.233116	0.136152	0.00400274	0.000902834	0.00403255	
770	0.0837344	0.0562624	0.0274719	0	0.374004	0.251299	0.122705	0	0	0	
771	0.114677	0.07783	0.0368166	3.09387e-05	0.512213	0.347632	0.164443	0.000138189	0.000204391	0.000912925	
772	0.102705	0.102705	0	0	0.458741	0.458741	0	0	0	0	
773	0.13236	0.0900389	0.0423092	1.28381e-05	0.591197	0.402163	0.188976	5.73423e-05	2.21478e-05	9.89244e-05	
774	0.0772771	0.077211	6.61232e-05	0	0.345162	0.344867	0.000295343	0	0	0	
775	0.0752416	0.0752416	0	0	0.33607	0.33607	0	0	0	0	
776	0.0645479	0.0645479	0	0	0.288306	0.288306	0	0	0	0	
777	0.0739217	0.0739217	0	0	0.330175	0.330175	0	0	0	0	
778	0.09178	0.09178	0	0	0.40994	0.40994	0	0	0	0	
779	0.134881	0.110148	0.0247326	7.10562e-08	0.602454	0.491984	0.110469	3.17376e-07	1.43364e-07	6.40344e-07	
780	0.0503787	0.0432501	0.00712851	0	0.225019	0.193179	0.0318398	0	0	0	
781	0.0568346	0.0422563	0.0145783	0	0.253855	0.18874	0.0651151	0	0	0	
782	0.108099	0.0946573	0.013442	0	0.482832	0.422792	0.0600397	0	0	0	
783	0.285515	0.134181	0.131938	0.0193952	1.27526	0.599329	0.589309	0.0866298	0.024545	0.109631	
784	0.0713777	0.0713777	0	0	0.318812	0.318812	0	0	0	0	
785	0.129545	0.0749619	0.0545688	1.43145e-05	0.57862	0.334821	0.243734	6.39366e-05	2.7759e-05	0.000123987	
786	0.118213	0.0944323	0.0237483	3.28887e-05	0.528006	0.421787	0.106073	0.000146899	3.34791e-05	0.000149536	
787	0.200503	0.0836377	0.115444	0.00142141	0.895559	0.373572	0.515638	0.00634883	0.00707563	0.0316036	
788	0.172093	0.0911862	0.0807328	0.000174493	0.768665	0.407288	0.360597	0.000779384	0.000216544	0.000967209	
789	0.102354	0.102288	6.61232e-05	0	0.457173	0.456878	0.000295343	0	0	0	
790	0.113041	0.0841476	0.0288778	1.55837e-05	0.504904	0.37585	0.128984	6.96056e-05	1.55207e-05	6.93243e-05	
791	0.120977	0.0869089	0.0340193	4.96016e-05	0.540354	0.388183	0.151949	0.000221548	4.97587e-05	0.00022225	
792	0.0956504	0.0822083	0.013442	0	0.427227	0.367188	0.0600397	0	0	0	
793	0.292573	0.146948	0.132673	0.0129514	1.30679	0.656354	0.592592	0.0578484	0.0187196	0.0836124	
794	0.106311	0.0893741	0.016937	2.37986e-07	0.474845	0.399194	0.0756501	1.06297e-06	6.34451e-07	2.83381e-06	
795	0.148607	0.105338	0.0432127	5.65017e-05	0.663764	0.4705	0.193012	0.000252368	8.27672e-05	0.000369684	
796	0.0935948	0.0935948	0	0	0.418046	0.418046	0	0	0	0	
797	0.0531495	0.0531495	0	0	0.237395	0.237395	0	0	0	0	
798	0.196162	0.103589	0.0918232	0.000750221	0.87617	0.462686	0.410133	0.0033509	0.001532	0.00684276	
799	0.176361	0.129047	0.0473135	5.43681e-07	0.787728	0.576397	0.211328	2.42838e-06	4.95516e-07	2.21325e-06	
800	0.22302	0.158443	0.0645721	4.61752e-06	0.996131	0.707695	0.288415	2.06244e-05	5.09669e-06	2.27646e-05	
801	0.148086	0.0851047	0.06294	4.15447e-05	0.661435	0.380124	0.281125	0.000185562	6.91541e-05	0.000308881	
802	0.137005	0.0861779	0.0507255	0.000102394	0.611944	0.384918	0.226568	0.000457351	0.000147366	0.000658222	
803	0.0831358	0.0831358	0	0	0.37133	0.37133	0	0	0	0	
804	0.198058	0.150731	0.0472856	4.16621e-05	0.88464	0.67325	0.211204	0.000186086	5.22333e-05	0.000233303	
805	0.206411	0.143623	0.0622743	0.00051415	0.921948	0.6415	0.278151	0.00229647	0.00142166	0.00634995	
806	0.168503	0.106727	0.0575715	0.00420475	0.752631	0.476705	0.257146	0.0187807	0.00499316	0.0223022	
807	0.166985	0.119107	0.0475998	0.000277793	0.745849	0.532001	0.212607	0.00124078	0.000339552	0.00151662	
808	0.176596	0.15232	0.0242217	5.46872e-05	0.788779	0.680348	0.108187	0.000244263	6.43661e-05	0.000287494	
809	0.182414	0.111985	0.0696979	0.000731627	0.814766	0.500189	0.311309	0.00326785	0.000920133	0.00410982	
810	0.079105	0.0777931	0.00131192	0	0.353327	0.347467	0.00585976	0	0	0	
811	0.141812	0.0969233	0.0448353	5.3615e-05	0.633412	0.432913	0.200259	0.000239474	6.29894e-05	0.000281345	
812	0.182827	0.111935	0.070832	5.97899e-05	0.816607	0.499965	0.316375	0.000267055	0.00042604	0.00190293	
813	0.0645555	0.0638268	0.000728672	0	0.28834	0.285086	0.00325465	0	0	0	
814	0.102853	0.0813108	0.0215422	1.31036e-07	0.459398	0.363179	0.0962194	5.85282e-07	3.01064e-07	1.34472e-06	
815	0.15361	0.13234	0.0206604	0.000609698	0.68611	0.591106	0.0922812	0.00272325	0.000628968	0.00280932	
816	0.215024	0.155455	0.059042	0.000527445	0.96042	0.69435	0.263714	0.00235586	0.00120326	0.00537445	
817	0.165428	0.0969593	0.0662138	0.00225547	0.738896	0.433074	0.295747	0.0100742	0.00435015	0.0194302	
818	0.191909	0.123969	0.0664951	0.00144536	0.857174	0.553714	0.297004	0.0064558	0.00229985	0.0102724	
819	0.0674046	0.0667994	0.000605172	0	0.301066	0.298363	0.00270303	0	0	0	
820	0.0953869	0.0905381	0.00484878	0	0.42605	0.404393	0.0216573	0	0	0	
821	0.0276888	0.0274959	0.000192893	0	0.123673	0.122812	0.000861568	0	0	0	
822	0.0923449	0.0840609	0.00828393	0	0.412463	0.375463	0.0370006	0	0	0	
823	0.0602366	0.0588615	0.00137508	0	0.26905	0.262908	0.00614189	0	0	0	
824	0.119268	0.119268	0	0	0.532718	0.532718	0	0	0	0	
825	0.0787597	0.0783256	0.000434167	0	0.351784	0.349845	0.00193923	0	0	0	
826	0.116874	0.105805	0.0110691	0	0.522025	0.472584	0.049441	0	0	0	
827	0.0842923	0.0838581	0.000434167	0	0.376496	0.374556	0.00193923	0	0	0	
828	0.182953	0.103325	0.0789434	0.000684953	0.817172	0.461508	0.352605	0.00305938	0.00146891	0.00656097	
829	0.12804	0.101231	0.026808	8.2992e-07	0.5719	0.452156	0.119739	3.70688e-06	1.62344e-05	7.25122e-05	
830	0.170205	0.133489	0.0367141	1.67221e-06	0.760231	0.596238	0.163985	7.46904e-06	2.11893e-06	9.46433e-06	
831	0.100319	0.100319	0	0	0.448081	0.448081	0	0	0	0	
832	0.0880511	0.0835783	0.00446991	2.9575e-06	0.393285	0.373307	0.0199651	1.32098e-05	6.28568e-06	2.80753e-05	
833	0.0926736	0.0881233	0.00453997	1.03889e-05	0.413931	0.393607	0.020278	4.64027e-05	1.32612e-05	5.9232e-05	
834	0.0988906	0.0975809	0.00130726	2.43596e-06	0.4417	0.43585	0.00583897	1.08803e-05	2.36994e-06	1.05854e-05	
835	0.102335	0.096251	0.0060845	0	0.457087	0.42991	0.0271767	0	0	0	
836	0.144596	0.115771	0.0286518	0.000172501	0.645846	0.517101	0.127975	0.000770488	0.000175562	0.00078416	
837	0.133809	0.119698	0.0138682	0.000242179	0.597666	0.534642	0.061943	0.0010817	0.00025409	0.00113491	
838	0.13265	0.0969246	0.0356752	5.07095e-05	0.59249	0.432919	0.159345	0.000226496	0.000127988	0.000571666	
839	0.206663	0.151725	0.0538807	0.00105761	0.923075	0.67769	0.240661	0.00472391	0.00112479	0.00502394	
840	0.108399	0.0763176	0.0320818	0	0.484172	0.340877	0.143295	0	0	0	
841	0.107931	0.0795558	0.0283559	1.93963e-05	0.48208	0.35534	0.126653	8.66348e-05	4.16462e-05	0.000186015	
842	0.105718	0.0974465	0.00827169	0	0.472196	0.43525	0.0369459	0	0	0	
843	0.133116	0.120803	0.0122443	6.88753e-05	0.594573	0.539575	0.0546902	0.000307635	7.2657e-05	0.000324526	
844	0.140291	0.109364	0.030882	4.51906e-05	0.62662	0.488482	0.137936	0.000201846	4.67871e-05	0.000208977	
845	0.177383	0.133787	0.0427782	0.000817624	0.792291	0.597568	0.191071	0.00365196	0.00120719	0.00539198	
846	0.105647	0.0933631	0.0122838	2.43284e-07	0.471878	0.417011	0.0548662	1.08664e-06	6.85047e-07	3.0598e-06	
847	0.121131	0.0951995	0.0259185	1.34386e-05	0.54104	0.425213	0.115766	6.00244e-05	1.36882e-05	6.11392e-05	
848	0.104984	0.102037	0.00294663	1.52307e-07	0.468917	0.455755	0.0131612	6.8029e-07	1.53157e-07	6.84085e-07	
849	0.100252	0.0961439	0.0041082	2.8621e-07	0.447782	0.429432	0.0183495	1.27837e-06	6.27566e-07	2.80305e-06	
850	0.0801044	0.0795544	0.000550069	0	0.357791	0.355334	0.00245691	0	0	0	
851	0.0640976	0.0640976	0	0	0.286295	0.286295	0	0	0	0	
852	0.0945217	0.0842004	0.0103013	1.99992e-05	0.422186	0.376086	0.0460115	8.93278e-05	2.88901e-05	0.000129039	
853	0.106982	0.102714	0.00426798	0	0.477841	0.458778	0.0190632	0	0	0	
854	0.0997498	0.0938396	0.00590984	3.92528e-07	0.445538	0.41914	0.0263966	1.75325e-06	3.26344e-07	1.45763e-06	
855	0.110385	0.0925462	0.0170733	0.000766274	0.493044	0.413363	0.0762588	0.0034226	0.000766208	0.00342231	
856	0.110888	0.102877	0.00801084	0	0.495288	0.459507	0.0357808	0	0	0	
857	0.0629021	0.0629021	0	0	0.280955	0.280955	0	0	0	0	
858	0.101563	0.0847357	0.0168275	0	0.453637	0.378476	0.075161	0	0	0	
859	0.125269	0.111057	0.0142123	0	0.559523	0.496043	0.0634803	0	0	0	
860	0.0914601	0.0834493	0.00801084	0	0.408511	0.37273	0.0357808	0	0	0	
861	0.0855888	0.0855888	0	0	0.382287	0.382287	0	0	0	0	
862	0.117669	0.0781937	0.0394683	7.52631e-06	0.525577	0.349256	0.176287	3.36166e-05	1.77934e-05	7.94754e-05	
863	0.119924	0.114081	0.0058432	1.94957e-07	0.53565	0.50955	0.026099	8.70786e-07	1.28773e-07	5.75172e-07	
864	0.104702	0.0943687	0.010334	0	0.46766	0.421503	0.0461574	0	0	0	
865	0.11653	0.11562	0.0009101	0	0.520491	0.516426	0.00406501	0	0	0	
866	0.0760237	0.0751395	0.000884214	0	0.339564	0.335614	0.00394939	0	0	0	
867	0.0856212	0.0856212	0	0	0.382432	0.382432	0	0	0	0	
868	0.104036	0.0988489	0.00516382	2.39502e-05	0.464685	0.441514	0.0230645	0.000106975	2.38843e-05	0.00010668	
869	0.0960539	0.0935712	0.00248196	7.94769e-07	0.42903	0.417941	0.0110858	3.54988e-06	7.28855e-07	3.25547e-06	
870	0.131388	0.124842	0.00654651	0	0.586855	0.557615	0.0292403	0	0	0	
871	0.110501	0.0978088	0.0126064	8.66599e-05	0.493563	0.436868	0.0563075	0.000387071	8.65938e-05	0.000386776	
872	0.0414493	0.0414493	0	0	0.185135	0.185135	0	0	0	0	
873	0.0991891	0.0989092	0.000279913	0	0.443033	0.441783	0.00125024	0	0	0	
874	0.111181	0.08997	0.0210766	0.000135312	0.4966	0.401856	0.0941401	0.000604379	0.000135917	0.000607085	
875	0.0806863	0.0806863	0	0	0.36039	0.36039	0	0	0	0	
876	0.0440178	0.0440178	0	0	0.196608	0.196608	0	0	0	0	
877	0.106622	0.0867709	0.0196705	0.000180562	0.476233	0.387567	0.0878596	0.000806493	0.000180496	0.000806198	
878	0.0991793	0.0983894	0.000789841	0	0.442989	0.439461	0.00352786	0	0	0	
879	0.0865571	0.086386	0.000171106	0	0.386612	0.385847	0.000764255	0	0	0	
880	0.0939381	0.0868345	0.0071036	0	0.419579	0.387851	0.0317286	0	0	0	
881	0.079839	0.0785648	0.00126936	4.90573e-06	0.356605	0.350914	0.0056697	2.19117e-05	4.83968e-06	2.16167e-05	
882	0.0904169	0.0885925	0.00182439	0	0.403852	0.395703	0.00814875	0	0	0	
883	0.0594261	0.0586975	0.000728672	0	0.26543	0.262175	0.00325465	0	0	0	
884	0.078062	0.078062	0	0	0.348668	0.348668	0	0	0	0	
885	0.0886766	0.0886766	0	0	0.396079	0.396079	0	0	0	0	
886	0.102149	0.100766	0.00138266	0	0.456255	0.450079	0.00617574	0	0	0	
887	0.0655957	0.065492	0.000103764	0	0.292987	0.292523	0.000463471	0	0	0	
888	0.096009	0.0959193	8.96609e-05	0	0.428829	0.428429	0.000400475	0	0	0	
889	0.067786	0.0640189	0.00376708	0	0.30277	0.285944	0.0168259	0	0	0	
890	0.092619	0.0907863	0.00183117	1.53104e-06	0.413687	0.405502	0.00817904	6.83849e-06	1.46506e-06	6.54379e-06	
891	0.0416827	0.040889	0.00079368	0	0.186178	0.182633	0.00354501	0	0	0	
892	0.0580045	0.0580045	0	0	0.25908	0.25908	0	0	0	0	
893	0.0862603	0.0860892	0.000171106	0	0.385286	0.384522	0.000764255	0	0	0	
894	0.0843014	0.083	0.00129749	3.9807e-06	0.376537	0.370724	0.00579531	1.778e-05	3.91463e-06	1.74849e-05	
895	0.0793006	0.0793006	0	0	0.3542	0.3542	0	0	0	0	
896	0.0790669	0.0781045	0.000962428	0	0.353157	0.348858	0.00429873	0	0	0	
897	0.0752426	0.0710538	0.00418881	0	0.336075	0.317366	0.0187095	0	0	0	
898	0.0724796	0.0724796	0	0	0.323734	0.323734	0	0	0	0	
899	0.0982096	0.0948343	0.0033753	0	0.438658	0.423582	0.0150759	0	0	0	
900	0.081141	0.081141	0	0	0.36242	0.36242	0	0	0	0	
901	0.181173	0.111407	0.0690514	0.000714296	0.809219	0.497607	0.308422	0.00319044	0.000804272	0.00359232	
902	0.0749453	0.0745684	0.000376914	0	0.334747	0.333064	0.00168351	0	0	0	
903	0.214938	0.115247	0.099182	0.000508735	0.960033	0.514759	0.443002	0.00227229	0.000533992	0.0023851	
904	0.0672884	0.0672884	0	0	0.300547	0.300547	0	0	0	0	
905	0.159289	0.0921995	0.0670894	0	0.711473	0.411814	0.299658	0	0	0	
906	0.207931	0.129735	0.0778575	0.000338919	0.928737	0.579468	0.347755	0.0015138	0.000578067	0.00258196	
907	0.0805482	0.0798032	0.000744955	0	0.359773	0.356445	0.00332738	0	0	0	
908	0.110994	0.0986612	0.0122701	6.3145e-05	0.495763	0.440675	0.0548055	0.00028204	6.30789e-05	0.000281745	
909	0.106708	0.104884	0.00182464	0	0.47662	0.46847	0.00814987	0	0	0	
910	0.114628	0.0896572	0.0249708	0	0.511992	0.400459	0.111533	0	0	0	
911	0.126041	0.106024	0.0196883	0.000329021	0.56297	0.473562	0.0879388	0.00146959	0.000439814	0.00196445	
912	0.108737	0.0953685	0.0133686	0	0.48568	0.425968	0.0597116	0	0	0	
913	0.112969	0.0981825	0.014645	0.000142214	0.504585	0.438537	0.0654131	0.00063521	0.000142148	0.000634915	
914	0.0763001	0.0763001	0	0	0.340798	0.340798	0	0	0	0	
915	0.132936	0.0912475	0.0415606	0.000128492	0.593768	0.407562	0.185632	0.000573919	0.000128428	0.000573631	
916	0.106306	0.106306	0	0	0.474825	0.474825	0	0	0	0	
917	0.115744	0.0921095	0.023635	0	0.516979	0.411412	0.105567	0	0	0	
918	0.124041	0.0885039	0.0347323	0.000804939	0.554036	0.395307	0.155134	0.0035953	0.00155183	0.00693135	
919	0.0918352	0.0858108	0.00602443	0	0.410187	0.383278	0.0269084	0	0	0	
920	0.114076	0.0853786	0.0285323	0.000165045	0.509526	0.381348	0.127441	0.000737183	0.000174922	0.000781303	
921	0.0381234	0.0381234	0	0	0.17028	0.17028	0	0	0	0	
922	0.0191905	0.019051	0.000139449	0	0.0857154	0.0850925	0.000622857	0	0	0	
923	0.0606583	0.0589117	0.00174274	3.98957e-06	0.270934	0.263132	0.00778405	1.78196e-05	3.92354e-06	1.75247e-05	
924	0.0571398	0.0514401	0.00569967	0	0.255218	0.22976	0.0254579	0	0	0	
925	0.0495244	0.0446243	0.00490007	0	0.221203	0.199317	0.0218864	0	0	0	
926	0.0642968	0.0585512	0.0057456	0	0.287185	0.261522	0.025663	0	0	0	
927	0.0772075	0.0769364	0.00027108	0	0.344851	0.34364	0.00121079	0	0	0	
928	0.105042	0.0947083	0.0103343	0	0.469178	0.423019	0.0461588	0	0	0	
929	0.0463251	0.0428088	0.00351634	0	0.206913	0.191207	0.0157059	0	0	0	
930	0.0753344	0.0744384	0.000896034	0	0.336485	0.332483	0.00400218	0	0	0	
931	0.0903582	0.0822187	0.00813941	0	0.403589	0.367234	0.0363551	0	0	0	
932	0.0837735	0.0837735	0	0	0.374179	0.374179	0	0	0	0	
933	0.0475113	0.0475113	0	0	0.212212	0.212212	0	0	0	0	
934	0.0478882	0.0452679	0.0026203	0	0.213895	0.202191	0.0117037	0	0	0	
935	0.093128	0.0773856	0.0157424	0	0.415961	0.345647	0.0703143	0	0	0	
936	0.0754945	0.0754945	0	0	0.3372	0.3372	0	0	0	0	
937	0.0616348	0.0616348	0	0	0.275295	0.275295	0	0	0	0	
938	0.0670505	0.0670505	0	0	0.299484	0.299484	0	0	0	0	
939	0.0735554	0.0726062	0.000949144	0	0.328539	0.324299	0.0042394	0	0	0	
940	0.0749138	0.0741845	0.00072935	0	0.334606	0.331349	0.00325768	0	0	0	
941	0.068452	0.068452	0	0	0.305744	0.305744	0	0	0	0	
942	0.0705538	0.0705538	0	0	0.315132	0.315132	0	0	0	0	
943	0.0799119	0.0799119	0	0	0.356931	0.356931	0	0	0	0	
944	0.0637672	0.0633634	0.000403735	0	0.284819	0.283016	0.0018033	0	0	0	
945	0.0630841	0.0630841	0	0	0.281769	0.281769	0	0	0	0	
946	0.0653724	0.0653724	0	0	0.291989	0.291989	0	0	0	0	
947	0.0954542	0.0954542	0	0	0.426351	0.426351	0	0	0	0	
948	0.0656975	0.0540559	0.0116415	0	0.293441	0.241444	0.0519975	0	0	0	
949	0.0644978	0.0644978	0	0	0.288083	0.288083	0	0	0	0	
950	0.0858035	0.0858035	0	0	0.383246	0.383246	0	0	0	0	
951	0.116179	0.115634	0.000545408	0	0.518924	0.516488	0.00243609	0	0	0	
952	0.0498271	0.0493469	0.000480193	0	0.222555	0.22041	0.00214481	0	0	0	
953	0.0533905	0.0531413	0.000249156	0	0.238471	0.237358	0.00111287	0	0	0	
954	0.0867055	0.0861422	0.000563309	0	0.387275	0.384759	0.00251605	0	0	0	
955	0.0888194	0.0888194	0	0	0.396716	0.396716	0	0	0	0	
956	0.0495515	0.0495515	0	0	0.221324	0.221324	0	0	0	0	
957	0.0787365	0.0787365	0	0	0.351681	0.351681	0	0	0	0	
958	0.0810293	0.0691027	0.0119266	0	0.361922	0.308651	0.0532708	0	0	0	
959	0.0906608	0.0906608	0	0	0.404941	0.404941	0	0	0	0	
960	0.056488	0.056488	0	0	0.252306	0.252306	0	0	0	0	
961	0.0749725	0.0746874	0.000285082	0	0.334868	0.333595	0.00127333	0	0	0	
962	0.0977029	0.0976421	6.08802e-05	0	0.436395	0.436123	0.000271924	0	0	0	
963	0.145299	0.145228	7.06384e-05	0	0.648988	0.648673	0.00031551	0	0	0	
964	0.10453	0.103967	0.000563309	0	0.466891	0.464375	0.00251605	0	0	0	
965	0.145546	0.0958596	0.0496855	1.20793e-06	0.65009	0.428162	0.221923	5.3953e-06	1.14072e-06	5.09512e-06	
966	0.150951	0.101273	0.049678	0	0.674232	0.452342	0.221889	0	0	0	
967	0.0444954	0.0441635	0.000331885	0	0.198741	0.197259	0.00148238	0	0	0	
968	0.0707251	0.0703932	0.000331885	0	0.315897	0.314415	0.00148238	0	0	0	
969	0.225329	0.177176	0.0480942	5.82366e-05	1.00644	0.79137	0.214815	0.000260117	8.1401e-05	0.000363582	
970	0.217511	0.172989	0.0443892	0.000132124	0.971526	0.772669	0.198267	0.000590142	0.0001721	0.000768698	
