Node	dPC	dPCintra	dPCflux	dPCconnector	varPC	varPCintra	varPCflux	varPCconnector	dBC_PC	varBC_PC	
1	0.172465	0.166412	0.00605286	0	0.763423	0.736629	0.0267931	0	0	0	
2	0.0885959	0.0837708	0.00482512	0	0.392172	0.370813	0.0213585	0	0	0	
3	0.0936586	0.0820669	0.0115916	0	0.414582	0.363271	0.0513108	0	0	0	
4	0.0576115	0.0576115	0	0	0.255019	0.255019	0	0	0	0	
5	0.114464	0.106606	0.00785287	5.41244e-06	0.506679	0.471894	0.0347609	2.39583e-05	6.55132e-06	2.89996e-05	
6	0.0913238	0.0897931	0.00152831	2.30013e-06	0.404247	0.397471	0.00676512	1.01816e-05	2.31752e-06	1.02585e-05	
7	0.0874181	0.0864837	0.000934346	0	0.386958	0.382822	0.00413591	0	0	0	
8	0.122753	0.103352	0.0194007	0	0.543372	0.457494	0.085878	0	0	0	
9	0.0905997	0.0869144	0.00368531	0	0.401042	0.384729	0.0163131	0	0	0	
10	0.0602176	0.0595428	0.000674739	0	0.266554	0.263568	0.00298675	0	0	0	
11	0.084597	0.0794755	0.00512148	0	0.374471	0.3518	0.0226703	0	0	0	
12	0.098382	0.0949126	0.0034639	5.42877e-06	0.43549	0.420133	0.015333	2.40306e-05	5.51115e-06	2.43952e-05	
13	0.103552	0.103552	0	0	0.458377	0.458377	0	0	0	0	
14	0.0838688	0.0838658	3.0825e-06	0	0.371247	0.371234	1.36447e-05	0	0	0	
15	0.0948164	0.0932351	0.00158129	0	0.419707	0.412708	0.00699963	0	0	0	
16	0.0736915	0.0736915	0	0	0.326197	0.326197	0	0	0	0	
17	0.0880295	0.0849635	0.00306441	1.5826e-06	0.389665	0.376093	0.0135647	7.00545e-06	1.60001e-06	7.08251e-06	
18	0.0728633	0.0725558	0.000307444	0	0.322531	0.32117	0.0013609	0	0	0	
19	0.0881749	0.0847756	0.00339934	0	0.390308	0.375261	0.0150472	0	0	0	
20	0.0594964	0.0594533	4.30522e-05	0	0.263362	0.263171	0.000190571	0	0	0	
21	0.0840869	0.0822094	0.00187752	0	0.372213	0.363902	0.00831091	0	0	0	
22	0.0891818	0.0880626	0.00111772	1.44336e-06	0.394766	0.389811	0.00494764	6.38909e-06	2.06971e-06	9.16166e-06	
23	0.0975826	0.0954974	0.00208286	2.27599e-06	0.431952	0.422722	0.00921985	1.00747e-05	2.29339e-06	1.01517e-05	
24	0.0665475	0.0654578	0.00108969	0	0.294574	0.289751	0.00482355	0	0	0	
25	0.125993	0.116184	0.00964662	0.000162591	0.557712	0.514291	0.042701	0.000719717	0.000162869	0.000720945	
26	0.0855411	0.0847585	0.000781829	8.24464e-07	0.37865	0.375185	0.00346078	3.64951e-06	8.4188e-07	3.7266e-06	
27	0.0846448	0.0766653	0.0078209	0.000158545	0.374682	0.339361	0.0346194	0.000701806	0.000158575	0.000701938	
28	0.0645942	0.0624652	0.00212898	0	0.285928	0.276504	0.009424	0	0	0	
29	0.106691	0.101847	0.00484426	2.79394e-07	0.472274	0.450829	0.0214432	1.23674e-06	2.96779e-07	1.3137e-06	
30	0.170431	0.149686	0.0206666	7.83989e-05	0.75442	0.662592	0.0914813	0.000347035	8.19731e-05	0.000362856	
31	0.143817	0.1392	0.00461593	1.03648e-06	0.636611	0.616173	0.0204325	4.58802e-06	1.05388e-06	4.66506e-06	
32	0.145998	0.139666	0.00633171	1.31314e-08	0.646264	0.618236	0.0280274	5.81268e-08	4.07228e-07	1.8026e-06	
33	0.0789501	0.0770827	0.00186737	0	0.349475	0.341209	0.00826596	0	0	0	
34	0.104175	0.0977068	0.00646891	0	0.461136	0.432502	0.0286348	0	0	0	
35	0.0750994	0.0613114	0.0137631	2.47851e-05	0.332429	0.271396	0.060923	0.000109712	3.36712e-05	0.000149046	
36	0.0832899	0.0816223	0.0016676	0	0.368685	0.361303	0.00738167	0	0	0	
37	0.168635	0.0955261	0.0702701	0.00283892	0.746468	0.422848	0.311052	0.0125665	0.00497158	0.0220068	
38	0.0797669	0.0788639	0.000902995	0	0.35309	0.349093	0.00399713	0	0	0	
39	0.0915165	0.0843806	0.00707896	5.69632e-05	0.4051	0.373513	0.0313352	0.000252149	5.82364e-05	0.000257785	
40	0.101844	0.101529	0.000314673	0	0.450817	0.449424	0.00139291	0	0	0	
41	0.0987578	0.0964758	0.00228161	3.76151e-07	0.437154	0.427053	0.0100996	1.66504e-06	4.9383e-07	2.18595e-06	
42	0.0766737	0.0743593	0.00231443	0	0.339398	0.329153	0.0102449	0	0	0	
43	0.0598551	0.0556474	0.00420763	0	0.26495	0.246325	0.0186252	0	0	0	
44	0.0651724	0.0649702	0.000202125	0	0.288487	0.287592	0.000894713	0	0	0	
45	0.0553875	0.0524373	0.00294544	4.69028e-06	0.245174	0.232115	0.013038	2.07616e-05	6.33874e-06	2.80586e-05	
46	0.0930816	0.0856108	0.00747076	0	0.412028	0.378958	0.0330695	0	2.35304e-08	1.04158e-07	
47	0.137085	0.135616	0.00146826	0	0.606811	0.600312	0.00649933	0	0	0	
48	0.107469	0.0855143	0.0219532	1.94627e-06	0.475717	0.378531	0.0971768	8.61524e-06	1.17815e-05	5.21512e-05	
49	0.167337	0.159272	0.00805948	5.56756e-06	0.740725	0.705025	0.0356755	2.46449e-05	1.14517e-05	5.06916e-05	
50	0.0996258	0.0958137	0.00381183	3.09635e-07	0.440996	0.424122	0.0168731	1.3706e-06	7.64291e-07	3.38315e-06	
51	0.0852971	0.085155	0.000142086	0	0.37757	0.376941	0.000628948	0	0	0	
52	0.0773343	0.0766746	0.000659696	0	0.342322	0.339402	0.00292016	0	0	0	
53	0.0969849	0.0955133	0.00146744	4.10542e-06	0.429306	0.422792	0.00649569	1.81727e-05	4.13617e-06	1.83088e-05	
54	0.0937529	0.0912801	0.00247284	0	0.415	0.404053	0.0109461	0	0	0	
55	0.100726	0.0933013	0.00742511	1.93943e-07	0.445869	0.413	0.0328674	8.58494e-07	4.43931e-06	1.96507e-05	
56	0.120248	0.112702	0.0075407	5.27704e-06	0.532282	0.498879	0.0333791	2.33589e-05	6.13136e-06	2.71406e-05	
57	0.101796	0.101369	0.000426979	0	0.450603	0.448712	0.00189003	0	0	0	
58	0.121219	0.0918879	0.0292534	7.76134e-05	0.536579	0.406744	0.129491	0.000343557	9.77073e-05	0.000432504	
59	0.169544	0.112749	0.0567951	2.69078e-07	0.750494	0.499087	0.251405	1.19108e-06	4.08363e-07	1.80763e-06	
60	0.0773882	0.0740639	0.00331694	7.38684e-06	0.342561	0.327845	0.0146825	3.2698e-05	7.80305e-06	3.45404e-05	
61	0.089035	0.0876858	0.00134915	0	0.394115	0.388143	0.00597209	0	0	0	
62	0.102913	0.0940072	0.00889329	1.31924e-05	0.45555	0.416125	0.0393664	5.83968e-05	1.96369e-05	8.69235e-05	
63	0.120844	0.0944949	0.0263215	2.81917e-05	0.534922	0.418284	0.116512	0.000124791	4.19853e-05	0.000185849	
64	0.0989633	0.0974185	0.00154311	1.75716e-06	0.438064	0.431225	0.00683063	7.77815e-06	2.56455e-06	1.1352e-05	
65	0.112042	0.103204	0.00876546	7.19987e-05	0.495957	0.456837	0.0388005	0.000318704	7.27186e-05	0.000321891	
66	0.110771	0.101547	0.00922388	0	0.490331	0.449501	0.0408297	0	0	0	
67	0.162015	0.138179	0.023834	1.50868e-06	0.717163	0.611654	0.105502	6.67822e-06	2.51195e-06	1.11192e-05	
68	0.112793	0.0803533	0.0323466	9.36106e-05	0.499284	0.355686	0.143183	0.00041437	9.86915e-05	0.00043686	
69	0.115396	0.114447	0.00094908	2.10808e-08	0.510804	0.506603	0.00420113	9.33151e-08	5.83111e-08	2.58116e-07	
70	0.0785594	0.0768132	0.00174528	8.74967e-07	0.347745	0.340015	0.00772554	3.87306e-06	1.08002e-06	4.78075e-06	
71	0.0651682	0.0444538	0.0207144	0	0.288468	0.196775	0.0916929	0	0	0	
72	0.158809	0.130254	0.0285195	3.47929e-05	0.702972	0.576575	0.126242	0.000154012	4.23212e-05	0.000187336	
73	0.0725865	0.0600179	0.0125686	0	0.321306	0.265671	0.0556353	0	0	0	
74	0.146014	0.106623	0.0393762	1.4542e-05	0.646337	0.471973	0.1743	6.43709e-05	2.18892e-05	9.68933e-05	
75	0.184008	0.143662	0.0400823	0.000263495	0.814519	0.635927	0.177425	0.00116637	0.000310647	0.00137509	
76	0.157566	0.141102	0.0162419	0.000222047	0.697471	0.624593	0.0718953	0.000982897	0.000224083	0.000991912	
77	0.0898702	0.0894724	0.000397832	0	0.397813	0.396052	0.00176101	0	0	0	
78	0.131613	0.0985606	0.033011	4.14708e-05	0.582589	0.436281	0.146124	0.000183572	4.94531e-05	0.000218905	
79	0.154112	0.136804	0.0172271	8.09962e-05	0.682183	0.605568	0.0762564	0.000358532	0.000100209	0.000443579	
80	0.13788	0.124938	0.0129301	1.16814e-05	0.610331	0.553044	0.0572357	5.17082e-05	1.30637e-05	5.78269e-05	
81	0.109563	0.106028	0.0035346	0	0.484983	0.469337	0.015646	0	0	0	
82	0.232637	0.16082	0.0709877	0.000829599	1.02977	0.711875	0.314229	0.00367224	0.000986258	0.0043657	
83	0.159575	0.124931	0.0346012	4.31973e-05	0.706367	0.553012	0.153163	0.000191214	4.66365e-05	0.000206437	
84	0.114813	0.095983	0.0188305	0	0.508225	0.424871	0.083354	0	0	0	
85	0.134302	0.100893	0.0334089	0	0.594494	0.446609	0.147885	0	0	0	
86	0.170239	0.145902	0.0241873	0.000150231	0.75357	0.645839	0.107065	0.000665002	0.000154787	0.000685169	
87	0.0834841	0.0774426	0.00604147	0	0.369544	0.342802	0.0267427	0	0	0	
88	0.0840749	0.0814573	0.00261032	7.24965e-06	0.372159	0.360573	0.0115546	3.20907e-05	7.74126e-06	3.42669e-05	
89	0.0771315	0.0767924	0.000339073	0	0.341424	0.339923	0.00150091	0	0	0	
90	0.10756	0.0985931	0.00896713	0	0.476118	0.436425	0.0396932	0	0	0	
91	0.10689	0.102158	0.00473172	1.49112e-07	0.473152	0.452207	0.0209451	6.60052e-07	1.66618e-07	7.37539e-07	
92	0.0849341	0.0836878	0.00124634	0	0.375963	0.370446	0.00551699	0	0	0	
93	0.0953491	0.090085	0.00526404	0	0.422065	0.398764	0.0233014	0	0	0	
94	0.0902071	0.085593	0.00461383	2.828e-07	0.399304	0.378879	0.0204232	1.25182e-06	1.14268e-06	5.0581e-06	
95	0.153625	0.131232	0.0223934	0	0.680027	0.580902	0.0991252	0	0	0	
96	0.185154	0.159273	0.0257598	0.000120296	0.819589	0.70503	0.114026	0.000532495	0.000189597	0.000839256	
97	0.113673	0.0945361	0.0191303	7.45615e-06	0.50318	0.418466	0.0846809	3.30048e-05	1.04051e-05	4.60588e-05	
98	0.100287	0.0894529	0.0108256	9.12931e-06	0.443926	0.395965	0.0479201	4.04111e-05	1.02659e-05	4.54424e-05	
99	0.107115	0.100292	0.00682194	1.07754e-06	0.474148	0.443946	0.0301975	4.76976e-06	1.10871e-06	4.90776e-06	
100	0.0964322	0.092206	0.0042259	2.67683e-07	0.426859	0.408152	0.018706	1.18491e-06	2.12296e-06	9.39736e-06	
101	0.147019	0.144659	0.00236022	0	0.650786	0.640339	0.0104475	0	0	0	
102	0.139592	0.107529	0.0320584	4.35197e-06	0.617909	0.475982	0.141907	1.92641e-05	6.19417e-06	2.74186e-05	
103	0.075888	0.0735042	0.00237879	4.91295e-06	0.33592	0.325368	0.0105297	2.17473e-05	4.93298e-06	2.18359e-05	
104	0.106415	0.0835108	0.0228816	2.27514e-05	0.471049	0.369662	0.101286	0.000100709	2.82876e-05	0.000125216	
105	0.0927085	0.0864354	0.00620511	6.80104e-05	0.410377	0.382608	0.0274671	0.00030105	6.84566e-05	0.000303025	
106	0.133766	0.111811	0.0219538	1.00908e-06	0.592122	0.494938	0.0971794	4.46675e-06	4.30504e-06	1.90564e-05	
107	0.201385	0.147058	0.0542189	0.000107431	0.891437	0.65096	0.240001	0.000475547	0.00015897	0.000703688	
108	0.100406	0.0971558	0.00324819	2.37769e-06	0.444451	0.430063	0.0143782	1.05249e-05	2.65709e-06	1.17617e-05	
109	0.129552	0.10837	0.0209982	0.000184358	0.573468	0.479703	0.0929492	0.000816065	0.000198204	0.000877356	
110	0.117234	0.108893	0.0083408	2.95806e-07	0.51894	0.482018	0.0369208	1.30939e-06	7.88533e-07	3.49046e-06	
111	0.104488	0.0964723	0.00801326	2.97531e-06	0.462521	0.427037	0.0354709	1.31703e-05	3.62385e-06	1.60411e-05	
112	0.102051	0.0950432	0.00700869	0	0.451735	0.420711	0.0310241	0	0	0	
113	0.094539	0.0920036	0.00253468	6.76689e-07	0.418479	0.407256	0.0112198	2.99538e-06	1.04296e-06	4.61671e-06	
114	0.150512	0.124464	0.0258529	0.000195266	0.666248	0.550944	0.114438	0.000864354	0.000499803	0.00221239	
115	0.1144	0.107081	0.00731656	1.99496e-06	0.506395	0.473999	0.0323869	8.83074e-06	4.55739e-06	2.01734e-05	
116	0.120738	0.114647	0.00609132	2.37767e-07	0.534453	0.507489	0.0269633	1.05248e-06	2.74446e-07	1.21484e-06	
117	0.104026	0.0970978	0.00692846	0	0.460475	0.429806	0.030669	0	0	0	
118	0.104164	0.101862	0.00230248	3.14862e-08	0.461087	0.450895	0.010192	1.39374e-07	2.16332e-07	9.576e-07	
119	0.116372	0.113841	0.00253051	0	0.515124	0.503922	0.0112013	0	0	0	
120	0.109494	0.0963681	0.0130577	6.86066e-05	0.48468	0.426576	0.0578002	0.000303689	9.30593e-05	0.000411929	
121	0.0902686	0.0845276	0.00572043	2.05255e-05	0.399576	0.374163	0.0253216	9.08569e-05	2.46106e-05	0.000108939	
122	0.179151	0.158031	0.0210344	8.52928e-05	0.793017	0.69953	0.0931095	0.000377551	0.000119377	0.000528425	
123	0.111366	0.107216	0.00414985	1.91528e-07	0.492966	0.474595	0.0183694	8.47804e-07	3.79509e-07	1.6799e-06	
124	0.135942	0.0965604	0.0391159	0.000265994	0.601752	0.427427	0.173147	0.00117742	0.000534359	0.00236535	
125	0.108607	0.103617	0.00498981	0	0.480754	0.458667	0.0220875	0	0	0	
126	0.130436	0.10457	0.0258212	4.45264e-05	0.577381	0.462886	0.114298	0.000197097	5.34194e-05	0.000236462	
127	0.203704	0.192012	0.0116588	3.29774e-05	0.901703	0.849949	0.0516082	0.000145975	3.56255e-05	0.000157697	
128	0.131264	0.120907	0.0103555	1.41615e-06	0.581045	0.5352	0.0458389	6.26866e-06	4.27723e-06	1.89332e-05	
129	0.123515	0.118299	0.00521493	4.52631e-07	0.546742	0.523656	0.023084	2.00358e-06	7.89236e-07	3.49357e-06	
130	0.0976028	0.0964442	0.00115783	7.34204e-07	0.432041	0.426912	0.00512516	3.24997e-06	9.50068e-07	4.2055e-06	
131	0.131346	0.124892	0.00644699	6.88855e-06	0.581409	0.55284	0.0285377	3.04923e-05	7.24394e-06	3.20655e-05	
132	0.116879	0.0853374	0.0315416	0	0.517368	0.377748	0.13962	0	0	0	
133	0.127086	0.111044	0.0159177	0.000124379	0.56255	0.491539	0.0704601	0.000550569	0.000133847	0.000592477	
134	0.0970202	0.0958393	0.0011809	0	0.429462	0.424235	0.00522731	0	0	0	
135	0.0721995	0.0707033	0.00149619	0	0.319593	0.31297	0.00662292	0	0	0	
136	0.106827	0.103728	0.003096	3.21318e-06	0.472874	0.459156	0.0137045	1.42232e-05	3.85092e-06	1.70462e-05	
137	0.114131	0.102331	0.0117624	3.67098e-05	0.505204	0.452975	0.0520669	0.000162496	4.86657e-05	0.00021542	
138	0.11092	0.104566	0.00635042	3.70527e-06	0.490992	0.462865	0.0281103	1.64015e-05	5.05008e-06	2.23543e-05	
139	0.109743	0.106432	0.00331109	4.22083e-07	0.485783	0.471125	0.0146566	1.86836e-06	2.48114e-06	1.09828e-05	
140	0.133864	0.121311	0.0125264	2.60733e-05	0.592553	0.536989	0.0554485	0.000115414	2.66198e-05	0.000117833	
141	0.0981955	0.0932221	0.00496661	6.85231e-06	0.434665	0.41265	0.0219848	3.03319e-05	1.30952e-05	5.79666e-05	
142	0.0881088	0.0836086	0.00450017	0	0.390015	0.370095	0.0199201	0	0	0	
143	0.158724	0.155129	0.00359573	4.55409e-08	0.702599	0.686683	0.0159166	2.01588e-07	6.28028e-08	2.77998e-07	
144	0.10109	0.0989781	0.00211124	9.12046e-07	0.447478	0.438129	0.00934548	4.03719e-06	9.29493e-07	4.11442e-06	
145	0.0895655	0.0869585	0.00260674	3.25722e-07	0.396464	0.384924	0.0115388	1.44181e-06	5.39205e-07	2.3868e-06	
146	0.0620776	0.0613269	0.000750718	0	0.274788	0.271465	0.00332307	0	0	0	
147	0.0737187	0.072869	0.000848599	1.13974e-06	0.326318	0.322556	0.00375634	5.04512e-06	1.36711e-06	6.05156e-06	
148	0.111933	0.108077	0.00385562	2.45702e-07	0.495476	0.478408	0.017067	1.0876e-06	3.60063e-07	1.59383e-06	
149	0.113938	0.100162	0.0137377	3.79938e-05	0.50435	0.443371	0.0608104	0.00016818	4.74918e-05	0.000210224	
150	0.0980165	0.082813	0.0151857	1.77128e-05	0.433872	0.366574	0.06722	7.84065e-05	3.79506e-05	0.000167989	
151	0.133012	0.124766	0.00823626	9.51518e-06	0.588784	0.552284	0.036458	4.21192e-05	1.20948e-05	5.3538e-05	
152	0.0926932	0.084989	0.00770385	2.73247e-07	0.410309	0.376206	0.0341013	1.20953e-06	3.82254e-07	1.69206e-06	
153	0.139568	0.135983	0.00358529	0	0.617805	0.601934	0.0158704	0	0	0	
154	0.103178	0.0979821	0.00519625	1.20589e-07	0.456722	0.43372	0.0230013	5.33792e-07	1.91244e-07	8.46549e-07	
155	0.111098	0.0921083	0.0189811	9.34035e-06	0.491781	0.407719	0.0840204	4.13453e-05	1.65381e-05	7.32065e-05	
156	0.113936	0.0950269	0.0189031	6.27397e-06	0.504342	0.420639	0.0836755	2.77719e-05	9.80026e-06	4.33811e-05	
157	0.0890993	0.0886135	0.000485759	0	0.3944	0.39225	0.00215022	0	0	0	
158	0.110831	0.103817	0.00700425	1.01136e-05	0.490598	0.459549	0.0310045	4.47681e-05	1.27091e-05	5.62572e-05	
159	0.102508	0.0995763	0.00293181	3.01169e-07	0.453756	0.440777	0.0129777	1.33313e-06	3.40743e-07	1.50831e-06	
160	0.170292	0.156308	0.0139813	1.95042e-06	0.753802	0.691905	0.0618887	8.63361e-06	9.99768e-06	4.4255e-05	
161	0.206104	0.174536	0.0314736	9.46969e-05	0.912328	0.77259	0.139318	0.000419178	0.00012032	0.000532601	
162	0.118562	0.094604	0.0239209	3.72222e-05	0.524818	0.418767	0.105886	0.000164765	3.97007e-05	0.000175736	
163	0.089979	0.0788576	0.0111214	0	0.398294	0.349065	0.0492292	0	0	0	
164	0.123412	0.0901056	0.0333059	4.09244e-07	0.546287	0.398855	0.147429	1.81153e-06	6.36041e-07	2.81545e-06	
165	0.151651	0.115714	0.0356912	0.000245581	0.671288	0.512213	0.157988	0.00108707	0.000256449	0.00113517	
166	0.102033	0.0978482	0.00418494	0	0.451652	0.433127	0.0185247	0	0	0	
167	0.104008	0.0975433	0.00645823	6.61289e-06	0.460395	0.431778	0.0285875	2.92721e-05	6.6304e-06	2.93496e-05	
168	0.104295	0.0984929	0.00579585	7.16468e-06	0.461668	0.435981	0.0256554	3.17146e-05	1.1378e-05	5.03652e-05	
169	0.0982388	0.095201	0.00303439	3.41227e-06	0.434856	0.421409	0.0134318	1.51045e-05	3.42953e-06	1.51809e-05	
170	0.141884	0.109164	0.0321248	0.000595262	0.628057	0.483221	0.142201	0.00263494	0.000767126	0.0033957	
171	0.225198	0.196253	0.0289417	3.30271e-06	0.996846	0.86872	0.128111	1.46195e-05	8.74305e-06	3.87013e-05	
172	0.135797	0.12271	0.0130856	1.37721e-06	0.601111	0.543181	0.057924	6.09627e-06	1.39941e-06	6.19455e-06	
173	0.182383	0.136327	0.0459001	0.000155457	0.807325	0.603459	0.203178	0.000688138	0.000217393	0.000962299	
174	0.11894	0.113792	0.00514747	0	0.526491	0.503706	0.0227854	0	0	0	
175	0.107839	0.0967231	0.0111163	0	0.477354	0.428147	0.0492067	0	0	0	
176	0.107025	0.0953036	0.0116547	6.69127e-05	0.47375	0.421864	0.05159	0.00029619	7.87899e-05	0.000348765	
177	0.188157	0.142496	0.045535	0.000125514	0.832883	0.630765	0.201562	0.000555595	0.000131681	0.000582893	
178	0.131583	0.106956	0.0245625	6.40471e-05	0.582457	0.473446	0.108727	0.000283506	9.80196e-05	0.000433886	
179	0.173551	0.141128	0.0322982	0.000125134	0.76823	0.624706	0.142969	0.000553911	0.000174432	0.000772128	
180	0.113131	0.101941	0.0111845	5.41342e-06	0.50078	0.451247	0.0495087	2.39626e-05	5.76588e-06	2.55228e-05	
181	0.131406	0.125962	0.00544293	6.78366e-07	0.581674	0.557578	0.0240933	3.0028e-06	2.15105e-06	9.5217e-06	
182	0.10325	0.0999233	0.00332759	0	0.457042	0.442313	0.0147296	0	0	0	
183	0.117099	0.112087	0.00501154	0	0.518342	0.496158	0.0221837	0	0	0	
184	0.093505	0.0884708	0.00503369	5.08069e-07	0.413902	0.391618	0.0222817	2.24898e-06	6.78978e-07	3.00551e-06	
185	0.0933398	0.0829977	0.0103412	8.90977e-07	0.413171	0.367391	0.0457757	3.94393e-06	9.16031e-07	4.05483e-06	
186	0.143741	0.114382	0.0293476	1.12006e-05	0.636274	0.506316	0.129908	4.95798e-05	1.33463e-05	5.90778e-05	
187	0.0890407	0.0887225	0.000318148	0	0.394141	0.392732	0.00140829	0	0	0	
188	0.085751	0.0810861	0.00465746	7.46978e-06	0.379579	0.358929	0.0206164	3.30652e-05	8.99072e-06	3.97977e-05	
189	0.10917	0.102811	0.00635346	5.04238e-06	0.483244	0.455098	0.0281237	2.23202e-05	5.05992e-06	2.23979e-05	
190	0.070762	0.0596789	0.0110831	0	0.31323	0.26417	0.0490597	0	5.11356e-08	2.26353e-07	
191	0.325041	0.214424	0.108134	0.00248232	1.4388	0.949155	0.478662	0.010988	0.00269922	0.0119481	
192	0.0734159	0.0733606	5.53748e-05	0	0.324977	0.324732	0.000245118	0	0	0	
193	0.11901	0.11901	0	0	0.526805	0.526805	0	0	0	0	
194	0.157083	0.12169	0.0353514	4.18804e-05	0.695334	0.538664	0.156484	0.000185384	0.000103752	0.000459264	
195	0.0897327	0.0890694	0.000663247	0	0.397204	0.394268	0.00293588	0	0	0	
196	0.0898503	0.0898503	0	0	0.397725	0.397725	0	0	0	0	
197	0.076958	0.0563101	0.0206151	3.26061e-05	0.340656	0.249258	0.0912537	0.000144332	0.000106481	0.000471345	
198	0.158043	0.114884	0.0421043	0.00105498	0.699584	0.508538	0.186376	0.0046699	0.00140103	0.00620171	
199	0.135152	0.114921	0.0202304	0	0.598255	0.508704	0.0895506	0	0	0	
200	0.112985	0.0876583	0.0253269	0	0.500132	0.388022	0.11211	0	0	0	
201	0.157607	0.101099	0.055309	0.00119812	0.697651	0.447521	0.244827	0.00530354	0.00200981	0.00889649	
202	0.106396	0.106396	0	0	0.470968	0.470968	0	0	0	0	
203	0.0960412	0.0949693	0.0010719	0	0.425129	0.420384	0.00474482	0	0	0	
204	0.168901	0.134444	0.0344254	3.12134e-05	0.747646	0.595122	0.152385	0.000138167	4.61805e-05	0.000204419	
205	0.118302	0.0902954	0.0279966	1.01914e-05	0.523668	0.399695	0.123927	4.51128e-05	2.33668e-05	0.000103434	
206	0.177512	0.150049	0.0274376	2.54157e-05	0.785764	0.664198	0.121453	0.000112503	4.20495e-05	0.000186133	
207	0.0591696	0.0521527	0.00701691	0	0.261916	0.230855	0.0310605	0	0	0	
208	0.10256	0.0987435	0.0038172	1.42007e-07	0.453988	0.437091	0.0168969	6.28599e-07	1.86265e-07	8.24507e-07	
209	0.136414	0.0956447	0.0407697	0	0.603842	0.423374	0.180468	0	0	0	
210	0.114669	0.114192	0.000477312	0	0.507587	0.505474	0.00211283	0	0	0	
211	0.168287	0.103968	0.0643185	0	0.744927	0.460219	0.284707	0	0	0	
212	0.116999	0.11686	0.000139198	0	0.517901	0.517285	0.000616165	0	0	0	
213	0.237459	0.165337	0.0718176	0.000305017	1.05112	0.731869	0.317902	0.00135016	0.000392602	0.00173786	
214	0.119004	0.116301	0.00270015	2.45499e-06	0.526774	0.514811	0.0119522	1.0867e-05	2.52558e-06	1.11795e-05	
215	0.176113	0.162272	0.0138247	1.68599e-05	0.779573	0.718303	0.0611954	7.4631e-05	1.7726e-05	7.84649e-05	
216	0.100458	0.0851597	0.0152915	7.21261e-06	0.444682	0.376961	0.0676885	3.19268e-05	7.25305e-06	3.21058e-05	
217	0.181623	0.141466	0.0396655	0.000491824	0.803962	0.626204	0.17558	0.00217707	0.000527153	0.00233345	
218	0.0979917	0.097559	0.000432709	0	0.433763	0.431847	0.00191539	0	0	0	
219	0.13437	0.133599	0.000770868	0	0.594794	0.591382	0.00341227	0	0	0	
220	0.0972764	0.0841598	0.0131128	3.70631e-06	0.430596	0.372535	0.0580445	1.6406e-05	1.29015e-05	5.7109e-05	
221	0.106992	0.0942343	0.0127037	5.41414e-05	0.473604	0.41713	0.0562334	0.000239658	5.42242e-05	0.000240025	
222	0.0504818	0.0504773	4.45556e-06	0	0.223459	0.223439	1.97226e-05	0	0	0	
223	0.0972752	0.09716	0.000115211	0	0.430591	0.430081	0.000509987	0	0	0	
224	0.156856	0.145819	0.0110366	0	0.694328	0.645474	0.0488538	0	0	0	
225	0.0839197	0.0786072	0.00527233	4.01153e-05	0.371472	0.347957	0.0233381	0.000177571	4.33471e-05	0.000191877	
226	0.228247	0.22591	0.00233417	2.89647e-06	1.01034	1	0.0103322	1.28213e-05	2.99836e-06	1.32723e-05	
227	0.0848003	0.0825737	0.00222614	4.10261e-07	0.37537	0.365514	0.0098541	1.81603e-06	4.39006e-07	1.94327e-06	
228	0.090771	0.0796414	0.0110709	5.86655e-05	0.4018	0.352534	0.0490058	0.000259684	5.86833e-05	0.000259763	
229	0.125638	0.124346	0.00129273	0	0.556143	0.55042	0.00572234	0	0	0	
230	0.10724	0.106969	0.000270648	3.06623e-08	0.474702	0.473504	0.00119803	1.35727e-07	4.91598e-08	2.17607e-07	
231	0.092437	0.0923538	8.31844e-05	0	0.409174	0.408806	0.000368218	0	0	0	
232	0.0852448	0.0753492	0.00989558	0	0.377338	0.333535	0.043803	0	0	0	
233	0.0786107	0.0784051	0.000205619	0	0.347972	0.347062	0.000910181	0	0	0	
234	0.10474	0.104671	6.90297e-05	0	0.463635	0.463329	0.000305561	0	0	0	
235	0.136728	0.136728	0	0	0.605233	0.605233	0	0	0	0	
236	0.0683447	0.0664027	0.00194193	0	0.302529	0.293933	0.00859604	0	0	0	
237	0.0477413	0.047537	0.000204295	0	0.211328	0.210423	0.000904319	0	0	0	
238	0.0899623	0.0898203	0.000142056	0	0.39822	0.397592	0.000628817	0	0	0	
239	0.150076	0.122416	0.0276017	5.78133e-05	0.664315	0.541879	0.12218	0.000255912	5.85602e-05	0.000259218	
240	0.0921608	0.0910022	0.0011586	0	0.407952	0.402824	0.00512857	0	0	0	
241	0.149459	0.119026	0.0303942	3.80295e-05	0.661584	0.526874	0.134541	0.000168338	3.94436e-05	0.000174598	
242	0.0859021	0.0858862	1.59474e-05	0	0.380248	0.380177	7.05918e-05	0	0	0	
243	0.0864541	0.0864541	0	0	0.382691	0.382691	0	0	0	0	
244	0.0893328	0.0891709	0.000161899	0	0.395434	0.394717	0.000716653	0	0	0	
245	0.123131	0.0956005	0.026849	0.000682385	0.545046	0.423178	0.118847	0.00302059	0.000690369	0.00305594	
246	0.100975	0.089979	0.0109964	0	0.44697	0.398294	0.048676	0	0	0	
247	0.112587	0.107714	0.0048405	3.20481e-05	0.498369	0.476801	0.0214266	0.000141862	3.34705e-05	0.000148158	
248	0.0840102	0.0840102	0	0	0.371873	0.371873	0	0	0	0	
249	0.0709228	0.0703562	0.00056654	0	0.313941	0.311433	0.0025078	0	0	0	
250	0.0685508	0.0669836	0.00156185	5.29728e-06	0.303442	0.296504	0.00691359	2.34485e-05	5.31467e-06	2.35255e-05	
251	0.120816	0.10982	0.0109964	0	0.534799	0.486123	0.048676	0	0	0	
252	0.0759722	0.0696244	0.00631374	3.40509e-05	0.336293	0.308194	0.0279479	0.000150727	3.60496e-05	0.000159574	
253	0.0984684	0.0983055	0.000162915	0	0.435873	0.435152	0.000721151	0	0	0	
254	0.0781669	0.0780576	0.000109237	0	0.346007	0.345524	0.000483543	0	0	0	
255	0.0871606	0.0871606	0	0	0.385818	0.385818	0	0	0	0	
256	0.100141	0.0972019	0.00293988	0	0.44328	0.430266	0.0130134	0	0	0	
257	0.0900016	0.0892441	0.00075745	0	0.398394	0.395041	0.00335287	0	0	0	
258	0.102759	0.0966761	0.00605321	2.99843e-05	0.454866	0.427939	0.0267947	0.000132726	4.33356e-05	0.000191826	
259	0.0540957	0.0454954	0.00847971	0.000120511	0.239456	0.201386	0.0375356	0.000533447	0.000164997	0.000730363	
260	0.0435205	0.0419542	0.00156637	0	0.192644	0.185711	0.0069336	0	0	0	
261	0.111342	0.110416	0.000925758	4.41153e-07	0.492862	0.488762	0.00409789	1.95277e-06	4.5869e-07	2.0304e-06	
262	0.115359	0.111658	0.00370082	0	0.510641	0.494259	0.0163818	0	0	0	
263	0.0571852	0.04398	0.0132051	0	0.253131	0.194678	0.0584529	0	0	0	
264	0.18984	0.140664	0.0488509	0.000324889	0.840335	0.622657	0.216239	0.00143813	0.000533705	0.00236246	
265	0.0502207	0.043575	0.00664434	1.39969e-06	0.222303	0.192885	0.0294113	6.19577e-06	4.45095e-06	1.97022e-05	
266	0.0851479	0.0838367	0.00130889	2.28983e-06	0.376909	0.371105	0.00579387	1.0136e-05	2.30722e-06	1.02129e-05	
267	0.0473827	0.0457834	0.00159815	1.10758e-06	0.20974	0.202661	0.00707428	4.90274e-06	1.12501e-06	4.97992e-06	
268	0.0856067	0.0856067	0	0	0.37894	0.37894	0	0	0	0	
269	0.207188	0.205821	0.00136612	4.9277e-07	0.917125	0.911075	0.00604717	2.18126e-06	5.49331e-07	2.43162e-06	
270	0.107975	0.107866	0.000109237	0	0.477958	0.477474	0.000483543	0	0	0	
271	0.0850001	0.0850001	0	0	0.376255	0.376255	0	0	0	0	
272	0.104138	0.104138	0	0	0.460969	0.460969	0	0	0	0	
273	0.11359	0.0920473	0.0212628	0.000280551	0.502812	0.40745	0.0941206	0.00124186	0.000338787	0.00149965	
274	0.103087	0.0946991	0.00838756	4.00625e-07	0.456317	0.419188	0.0371277	1.77338e-06	7.86607e-07	3.48194e-06	
275	0.11838	0.111685	0.00664593	4.90104e-05	0.524015	0.49438	0.0294183	0.000216946	4.94904e-05	0.00021907	
276	0.0912881	0.0901633	0.00112482	0	0.404089	0.39911	0.00497907	0	0	0	
277	0.104839	0.104475	0.000363169	0	0.464073	0.462465	0.00160757	0	0	0	
278	0.175612	0.148578	0.0269104	0.000123304	0.777351	0.657686	0.119119	0.00054581	0.000233567	0.00103389	
279	0.0778179	0.0773452	0.000472628	0	0.344463	0.34237	0.0020921	0	0	0	
280	0.134788	0.121858	0.0129299	0	0.596643	0.539409	0.0572347	0	0	0	
281	0.12131	0.0954939	0.0257648	5.1741e-05	0.536984	0.422706	0.114048	0.000229033	6.87168e-05	0.000304177	
282	0.0842478	0.0815508	0.00269705	0	0.372925	0.360986	0.0119385	0	0	0	
283	0.104343	0.0914936	0.0128116	3.77603e-05	0.461877	0.404999	0.056711	0.000167147	5.97498e-05	0.000264484	
284	0.132027	0.11105	0.0209025	7.41602e-05	0.584421	0.491567	0.0925259	0.000328272	8.21464e-05	0.000363623	
285	0.100011	0.0875738	0.0124372	0	0.442701	0.387648	0.0550539	0	0	0	
286	0.124065	0.0823987	0.0415611	0.000105559	0.549179	0.36474	0.183971	0.000467261	0.000168113	0.00074416	
287	0.0716838	0.0656393	0.00604452	0	0.31731	0.290554	0.0267562	0	0	0	
288	0.204543	0.141039	0.0623253	0.00117772	0.905415	0.624317	0.275884	0.00521322	0.00143725	0.00636204	
289	0.0658857	0.0658857	0	0	0.291645	0.291645	0	0	0	0	
290	0.0709382	0.069257	0.00168123	0	0.31401	0.306568	0.00744202	0	0	0	
291	0.175526	0.137701	0.0376744	0.000150533	0.776971	0.609537	0.166767	0.000666341	0.000400523	0.00177292	
292	0.140753	0.117117	0.0233918	0.000244414	0.623049	0.518423	0.103544	0.0010819	0.000248182	0.00109858	
293	0.0685383	0.0477536	0.0207847	0	0.303387	0.211382	0.0920042	0	0	0	
294	0.0667933	0.0612304	0.00556285	0	0.295662	0.271038	0.0246241	0	0	0	
295	0.169442	0.152749	0.0166205	7.26841e-05	0.75004	0.676147	0.0735711	0.000321738	0.00012195	0.000539817	
296	0.118758	0.118758	0	0	0.525688	0.525688	0	0	0	0	
297	0.168613	0.147152	0.0214239	3.73903e-05	0.746374	0.651374	0.0948337	0.000165509	5.33261e-05	0.000236049	
298	0.106601	0.0911889	0.0153316	8.13608e-05	0.471876	0.40365	0.0678659	0.000360146	9.84631e-05	0.000435849	
299	0.0966063	0.0797257	0.0168675	1.30273e-05	0.42763	0.352908	0.0746646	5.76659e-05	1.7268e-05	7.64375e-05	
300	0.0787249	0.0770437	0.00168123	0	0.348478	0.341036	0.00744202	0	0	0	
301	0.06577	0.0624801	0.00327617	1.37547e-05	0.291133	0.27657	0.014502	6.08856e-05	1.64992e-05	7.30342e-05	
302	0.0709677	0.0696182	0.0013495	0	0.31414	0.308167	0.00597363	0	0	0	
303	0.133847	0.106223	0.0275157	0.000108312	0.59248	0.470201	0.121799	0.000479447	0.000141201	0.000625033	
304	0.0958204	0.0958204	0	0	0.424151	0.424151	0	0	0	0	
305	0.0493406	0.0414335	0.00789835	8.79471e-06	0.218407	0.183406	0.0349622	3.893e-05	9.67202e-06	4.28134e-05	
306	0.0610841	0.0531404	0.00794375	0	0.27039	0.235227	0.0351632	0	0	0	
307	0.0907382	0.0876449	0.00309334	0	0.401655	0.387962	0.0136927	0	0	0	
308	0.0909629	0.0758222	0.0151276	1.30544e-05	0.402649	0.335629	0.0669629	5.7786e-05	1.36715e-05	6.05172e-05	
309	0.118981	0.111201	0.0077201	5.99324e-05	0.526674	0.492235	0.0341732	0.000265292	6.28515e-05	0.000278214	
310	0.15154	0.143901	0.0076354	2.9174e-06	0.670796	0.636985	0.0337983	1.29139e-05	3.34874e-06	1.48232e-05	
311	0.0768923	0.074235	0.00264054	1.67656e-05	0.340366	0.328603	0.0116884	7.42135e-05	1.69386e-05	7.49795e-05	
312	0.141307	0.0962185	0.0448506	0.000238664	0.625503	0.425913	0.198532	0.00105645	0.000300234	0.00132899	
313	0.100947	0.0937984	0.00714925	0	0.446847	0.415201	0.0316463	0	0	0	
314	0.0785193	0.0775829	0.000936368	0	0.347567	0.343423	0.00414485	0	0	0	
315	0.109247	0.095352	0.0138367	5.81362e-05	0.483584	0.422078	0.0612487	0.000257341	8.70851e-05	0.000385484	
316	0.071567	0.0708835	0.00068353	0	0.316793	0.313767	0.00302566	0	0	0	
317	0.119972	0.0770696	0.0427814	0.000121402	0.531061	0.341151	0.189373	0.000537389	0.000172506	0.000763606	
318	0.184404	0.122761	0.0616411	1.4587e-06	0.816271	0.543408	0.272856	6.45698e-06	1.47469e-06	6.52778e-06	
319	0.232606	0.144155	0.085836	0.0026149	1.02963	0.638109	0.379955	0.0115749	0.00303173	0.01342	
320	0.0852397	0.0763972	0.00882799	1.44105e-05	0.377315	0.338174	0.0390773	6.37885e-05	2.56338e-05	0.000113468	
321	0.128369	0.0992062	0.0287761	0.000387631	0.568233	0.439138	0.127378	0.00171586	0.000415191	0.00183785	
322	0.135029	0.0791201	0.055483	0.000425898	0.597709	0.350227	0.245597	0.00188525	0.000745324	0.00329919	
323	0.0969541	0.0952476	0.0017065	0	0.42917	0.421616	0.00755391	0	0	0	
324	0.126703	0.125716	0.00098653	0	0.560855	0.556488	0.0043669	0	0	0	
325	0.0911098	0.0906036	0.000506124	0	0.4033	0.401059	0.00224037	0	0	0	
326	0.0724058	0.0713683	0.00103745	0	0.320506	0.315913	0.00459233	0	0	0	
327	0.0808674	0.0754537	0.00541375	0	0.357962	0.333998	0.0239641	0	0	0	
328	0.0912606	0.0910952	0.000165405	0	0.403967	0.403235	0.000732172	0	0	0	
329	0.103566	0.0918591	0.011618	8.90367e-05	0.458438	0.406616	0.0514276	0.000394123	0.000106421	0.000471077	
330	0.148169	0.0886535	0.0576429	0.00187339	0.655877	0.392427	0.255158	0.00829261	0.00231532	0.0102488	
331	0.12514	0.117353	0.0077389	4.78764e-05	0.553936	0.519467	0.0342564	0.000211926	5.30206e-05	0.000234697	
332	0.112539	0.096772	0.0157113	5.56102e-05	0.498156	0.428364	0.0695466	0.00024616	9.96136e-05	0.000440942	
333	0.118976	0.0988598	0.0201162	0	0.526651	0.437605	0.0890451	0	0	0	
334	0.133378	0.0887963	0.0444209	0.000161733	0.590405	0.393059	0.19663	0.000715917	0.000220731	0.000977075	
335	0.082254	0.0807873	0.00146661	0	0.364099	0.357607	0.00649199	0	0	0	
336	0.107246	0.0898058	0.0171178	0.000322717	0.474729	0.397527	0.0757724	0.00142851	0.000498219	0.00220538	
337	0.117159	0.112282	0.00484691	2.97696e-05	0.518609	0.497022	0.0214549	0.000131776	3.05857e-05	0.000135388	
338	0.116345	0.102098	0.0141454	0.000102224	0.515007	0.451939	0.0626151	0.0004525	0.000105492	0.000466967	
339	0.0824687	0.0773557	0.00509466	1.82992e-05	0.36505	0.342417	0.0225516	8.1002e-05	1.92757e-05	8.53248e-05	
340	0.104563	0.0839143	0.0206316	1.7515e-05	0.462853	0.371449	0.0913266	7.75306e-05	5.58509e-05	0.000247225	
341	0.106468	0.104757	0.0017097	4.32042e-07	0.471284	0.463714	0.00756805	1.91244e-06	4.5883e-07	2.03102e-06	
342	0.108334	0.0757067	0.032628	0	0.479546	0.335117	0.144428	0	0	0	
343	0.142312	0.0886109	0.0520609	0.00164015	0.629948	0.392238	0.230449	0.00726018	0.00299959	0.0132777	
344	0.0832874	0.0828379	0.00044956	0	0.368674	0.366684	0.00198999	0	0	0	
345	0.123717	0.0954995	0.028035	0.000182537	0.547637	0.422731	0.124097	0.000808006	0.000212804	0.000941986	
346	0.140211	0.098699	0.04068	0.000832042	0.620648	0.436893	0.180071	0.00368305	0.00106571	0.00471743	
347	0.0962707	0.0758266	0.0202131	0.000230904	0.426145	0.335648	0.0894742	0.0010221	0.00028445	0.00125912	
348	0.0993277	0.0841084	0.0151724	4.67866e-05	0.439676	0.372308	0.0671614	0.000207102	6.21496e-05	0.000275106	
349	0.0784068	0.0725325	0.00586498	9.3449e-06	0.34707	0.321067	0.0259615	4.13654e-05	1.15316e-05	5.10451e-05	
350	0.132146	0.0764376	0.055007	0.000701365	0.584948	0.338353	0.24349	0.00310461	0.00085081	0.00376613	
351	0.143652	0.094128	0.0490176	0.000506475	0.63588	0.41666	0.216978	0.00224192	0.000683761	0.00302669	
352	0.131979	0.0821152	0.0498233	4.0781e-05	0.58421	0.363485	0.220544	0.000180518	6.47973e-05	0.000286827	
353	0.0908485	0.0783179	0.0124872	4.33135e-05	0.402143	0.346676	0.055275	0.000191728	4.49479e-05	0.000198963	
354	0.0855935	0.0795403	0.00600335	4.98487e-05	0.378882	0.352087	0.026574	0.000220656	5.46234e-05	0.000241791	
355	0.0857058	0.0838162	0.00188957	0	0.379379	0.371014	0.00836426	0	0	0	
356	0.119565	0.109305	0.0102036	5.64585e-05	0.529261	0.483844	0.0451669	0.000249915	5.70621e-05	0.000252587	
357	0.20918	0.108495	0.0952746	0.00540988	0.925942	0.480259	0.421735	0.023947	0.00752504	0.0333098	
358	0.165084	0.0982615	0.0655508	0.00127155	0.730749	0.434957	0.290162	0.00562859	0.00370317	0.0163921	
359	0.10537	0.0785142	0.0266168	0.000239356	0.466425	0.347545	0.11782	0.00105951	0.000521749	0.00230953	
360	0.102886	0.0970148	0.00586946	2.329e-06	0.45543	0.429438	0.0259813	1.03093e-05	3.85513e-06	1.70648e-05	
361	0.0471815	0.0471815	0	0	0.20885	0.20885	0	0	0	0	
362	0.10453	0.0874115	0.017063	5.5697e-05	0.462706	0.386929	0.0755301	0.000246544	5.9389e-05	0.000262887	
363	0.0493248	0.0492789	4.58761e-05	0	0.218337	0.218134	0.000203072	0	0	0	
364	0.124319	0.113841	0.0104645	1.29918e-05	0.550302	0.503923	0.0463214	5.75088e-05	1.52489e-05	6.74998e-05	
365	0.0814741	0.079527	0.00194545	1.70558e-06	0.360647	0.352028	0.0086116	7.54982e-06	1.78627e-06	7.90698e-06	
366	0.108139	0.091807	0.0162288	0.000103052	0.47868	0.406386	0.0718375	0.000456166	0.000150625	0.000666749	
367	0.127592	0.105396	0.022086	0.000110585	0.564792	0.466538	0.0977645	0.000489509	0.000157532	0.000697323	
368	0.0799945	0.0758408	0.00414355	1.01286e-05	0.354098	0.335711	0.0183415	4.48349e-05	1.26069e-05	5.58048e-05	
369	0.0833015	0.0803808	0.00292066	0	0.368736	0.355808	0.0129283	0	0	0	
370	0.11464	0.0917235	0.022695	0.000221702	0.507458	0.406016	0.10046	0.00098137	0.000293168	0.00129771	
371	0.117506	0.0793965	0.0379121	0.000198178	0.520147	0.35145	0.167819	0.000877241	0.000204136	0.000903614	
372	0.10741	0.0791179	0.0281483	0.000144043	0.475455	0.350217	0.124599	0.00063761	0.000148228	0.000656136	
373	0.0842468	0.0792735	0.00495344	1.9832e-05	0.372921	0.350906	0.0219265	8.7787e-05	3.10134e-05	0.000137282	
374	0.20829	0.104022	0.094111	0.0101565	0.922003	0.460459	0.416585	0.0449584	0.0198121	0.0876991	
375	0.143639	0.127241	0.0163124	8.59871e-05	0.635826	0.563238	0.0722072	0.000380624	9.00148e-05	0.000398453	
376	0.0999307	0.0989683	0.000961905	4.31116e-07	0.442345	0.438086	0.0042579	1.90834e-06	4.71715e-07	2.08806e-06	
377	0.108175	0.100153	0.00800312	1.89841e-05	0.47884	0.44333	0.035426	8.4034e-05	2.61104e-05	0.000115578	
378	0.12433	0.103775	0.0204761	7.82617e-05	0.55035	0.459365	0.0906383	0.000346427	9.59326e-05	0.000424648	
379	0.102583	0.0767681	0.0257417	7.37548e-05	0.454089	0.339816	0.113946	0.000326477	7.59647e-05	0.000336259	
380	0.117908	0.0824636	0.0353668	7.75509e-05	0.521923	0.365027	0.156552	0.000343281	7.99314e-05	0.000353818	
381	0.095561	0.0798428	0.0156634	5.47396e-05	0.423003	0.353426	0.0693346	0.000242306	8.55372e-05	0.000378632	
382	0.106322	0.104094	0.00222731	4.75136e-07	0.470637	0.460776	0.00985925	2.1032e-06	5.72218e-07	2.53294e-06	
383	0.0792122	0.0759571	0.00325515	0	0.350635	0.336226	0.014409	0	0	0	
384	0.0970225	0.0904344	0.0065881	0	0.429472	0.40031	0.0291624	0	0	0	
385	0.124841	0.107376	0.017411	5.389e-05	0.552614	0.475305	0.0770705	0.000238545	0.000116418	0.000515328	
386	0.0984028	0.0796469	0.0184609	0.000294947	0.435582	0.352559	0.0817177	0.00130559	0.000390965	0.00173062	
387	0.0928303	0.0842524	0.00849982	7.80675e-05	0.410916	0.372945	0.0376246	0.000345568	8.25511e-05	0.000365414	
388	0.0835335	0.077002	0.0064894	4.20973e-05	0.369763	0.340851	0.0287255	0.000186345	4.21147e-05	0.000186422	
389	0.131263	0.111211	0.0200499	1.35492e-06	0.58104	0.492282	0.0887517	5.99763e-06	1.37234e-06	6.07472e-06	
390	0.0824632	0.0743877	0.00805669	1.872e-05	0.365025	0.329279	0.0356631	8.28648e-05	2.53518e-05	0.00011222	
391	0.0959464	0.0912964	0.00465001	0	0.424709	0.404126	0.0205833	0	0	0	
392	0.105898	0.049862	0.0550413	0.000994873	0.468761	0.220715	0.243641	0.00440383	0.00128716	0.00569769	
393	0.0855061	0.0809358	0.00456607	4.19299e-06	0.378495	0.358264	0.0202118	1.85604e-05	4.21035e-06	1.86372e-05	
394	0.0969963	0.0926723	0.004324	0	0.429356	0.410216	0.0191403	0	0	0	
395	0.153176	0.138354	0.0147791	4.29775e-05	0.67804	0.61243	0.0654201	0.000190241	4.31084e-05	0.00019082	
396	0.115109	0.0591806	0.0551846	0.00074423	0.509535	0.261964	0.244276	0.00329435	0.000744247	0.00329442	
397	0.133406	0.101384	0.031444	0.000578093	0.590526	0.448779	0.139188	0.00255894	0.000922895	0.00408522	
398	0.0916675	0.0912259	0.000441669	0	0.405769	0.403813	0.00195506	0	0	0	
399	0.0790467	0.0785786	0.000468059	0	0.349902	0.34783	0.00207187	0	0	0	
400	0.147642	0.129149	0.0184905	2.61566e-06	0.653545	0.571684	0.0818488	1.15783e-05	6.86607e-06	3.03928e-05	
401	0.103859	0.100704	0.00315502	0	0.459737	0.445771	0.0139657	0	0	0	
402	0.105316	0.0834638	0.0218383	1.44863e-05	0.466187	0.369455	0.0966679	6.4124e-05	1.63094e-05	7.21942e-05	
403	0.113024	0.0888851	0.0240195	0.000119678	0.500305	0.393452	0.106322	0.00052976	0.000138414	0.000612695	
404	0.107572	0.0988554	0.00870338	1.32009e-05	0.47617	0.437586	0.0385257	5.84341e-05	1.32182e-05	5.85109e-05	
405	0.107288	0.107288	0	0	0.474916	0.474916	0	0	0	0	
406	0.187976	0.177067	0.0109071	2.11719e-06	0.832083	0.783793	0.0482808	9.37181e-06	2.20669e-06	9.76801e-06	
407	0.120267	0.0855736	0.0336659	0.00102805	0.532368	0.378793	0.149023	0.0045507	0.00120244	0.00532265	
408	0.130345	0.127796	0.00254971	0	0.576979	0.565693	0.0112863	0	0	0	
409	0.094595	0.0920926	0.0025024	0	0.418727	0.40765	0.0110769	0	0	0	
410	0.107042	0.0880444	0.0188478	0.000150487	0.473827	0.389731	0.0834305	0.000666134	0.000156687	0.00069358	
411	0.134589	0.11766	0.0169295	1.18317e-07	0.595764	0.520825	0.0749391	5.23733e-07	1.4826e-07	6.56277e-07	
412	0.151109	0.122573	0.0285041	3.20349e-05	0.668892	0.542575	0.126174	0.000141803	3.71692e-05	0.00016453	
413	0.0941134	0.0918766	0.00223672	6.95485e-08	0.416595	0.406694	0.00990092	3.07858e-07	1.29162e-07	5.7174e-07	
414	0.147375	0.11297	0.034326	7.84901e-05	0.652361	0.500068	0.151945	0.000347438	8.16616e-05	0.000361477	
415	0.0968276	0.0923043	0.00452328	0	0.42861	0.408587	0.0200224	0	0	0	
416	0.12783	0.106509	0.0213114	9.48381e-06	0.565844	0.471466	0.0943357	4.19803e-05	9.50297e-06	4.20651e-05	
417	0.104578	0.0961319	0.00844637	0	0.462918	0.42553	0.0373881	0	0	0	
418	0.0811637	0.0772232	0.00394051	0	0.359273	0.34183	0.0174427	0	0	0	
419	0.137552	0.102531	0.0350191	1.92691e-06	0.608878	0.453856	0.155013	8.52953e-06	6.96177e-06	3.08164e-05	
420	0.0843411	0.0840843	0.000256875	0	0.373338	0.372201	0.00113706	0	0	0	
421	0.088217	0.0864921	0.00172491	0	0.390495	0.382859	0.00763538	0	0	0	
422	0.104656	0.0813637	0.0229593	0.000333407	0.463264	0.360158	0.10163	0.00147583	0.000339322	0.00150202	
423	0.062001	0.0562432	0.00575129	6.53716e-06	0.274449	0.248962	0.0254582	2.89369e-05	8.62071e-06	3.81598e-05	
424	0.111123	0.111067	5.572e-05	0	0.49189	0.491644	0.000246646	0	0	0	
425	0.0753263	0.0698889	0.00541234	2.50103e-05	0.333433	0.309365	0.0239578	0.000110708	2.55435e-05	0.000113069	
426	0.113213	0.109562	0.00364392	6.74727e-06	0.501143	0.484983	0.0161299	2.98669e-05	8.16888e-06	3.61597e-05	
427	0.0926173	0.0909116	0.00169938	6.31289e-06	0.409973	0.402422	0.00752239	2.79442e-05	6.47265e-06	2.86513e-05	
428	0.0950565	0.094504	0.000552275	2.0723e-07	0.42077	0.418324	0.00244466	9.17312e-07	3.96588e-07	1.7555e-06	
429	0.121905	0.0886516	0.0332491	4.79733e-06	0.539618	0.392418	0.147178	2.12355e-05	4.82306e-06	2.13494e-05	
430	0.229018	0.213408	0.0156096	3.97611e-07	1.01375	0.944658	0.0690963	1.76003e-06	4.51127e-07	1.99692e-06	
431	0.171715	0.167148	0.00456759	0	0.760105	0.739886	0.0202185	0	0	0	
432	0.124818	0.112727	0.0120867	3.68107e-06	0.552511	0.498992	0.0535021	1.62943e-05	4.40243e-06	1.94875e-05	
433	0.108852	0.099056	0.00963358	0.000162831	0.481838	0.438474	0.0426433	0.000720776	0.000166396	0.000736558	
434	0.084771	0.0809842	0.00378427	2.47009e-06	0.375241	0.358478	0.0167512	1.09339e-05	4.77076e-06	2.11179e-05	
435	0.204726	0.152853	0.0516006	0.000272317	0.906228	0.676611	0.228411	0.00120542	0.000404525	0.00179064	
436	0.11709	0.0865872	0.0302883	0.000215223	0.518305	0.38328	0.134072	0.00095269	0.000338494	0.00149835	
437	0.140918	0.0866368	0.0529948	0.00128658	0.623778	0.3835	0.234583	0.00569511	0.00232692	0.0103002	
438	0.173104	0.131116	0.0417508	0.00023705	0.766253	0.580392	0.184811	0.0010493	0.000303625	0.001344	
439	0.144466	0.127772	0.0166329	6.1273e-05	0.639485	0.565588	0.0736263	0.000271226	7.70187e-05	0.000340925	
440	0.0835408	0.0805943	0.002939	7.47427e-06	0.369795	0.356753	0.0130095	3.3085e-05	7.62676e-06	3.376e-05	
441	0.0696287	0.0680124	0.00161463	1.69275e-06	0.308213	0.301058	0.00714723	7.49304e-06	1.76631e-06	7.81862e-06	
442	0.140488	0.0954587	0.0431207	0.00190936	0.621877	0.42255	0.190874	0.00845183	0.00241338	0.0106829	
443	0.167962	0.138723	0.029067	0.000172421	0.743492	0.614062	0.128666	0.000763226	0.000381168	0.00168725	
444	0.124384	0.10856	0.0158106	1.2746e-05	0.550589	0.480546	0.0699864	5.64208e-05	2.38366e-05	0.000105513	
445	0.109905	0.0887116	0.0211264	6.72603e-05	0.486499	0.392684	0.0935169	0.000297729	9.10352e-05	0.00040297	
446	0.150936	0.091219	0.0593232	0.00039452	0.668126	0.403783	0.262596	0.00174635	0.000858281	0.0037992	
447	0.154441	0.122665	0.0317759	7.00927e-08	0.683641	0.542984	0.140656	3.10267e-07	1.39872e-06	6.1915e-06	
448	0.0435253	0.037766	0.00574614	1.31505e-05	0.192666	0.167172	0.0254354	5.82113e-05	1.62091e-05	7.17503e-05	
449	0.286377	0.155072	0.131062	0.000243429	1.26765	0.686431	0.58015	0.00107754	0.000479607	0.00212299	
450	0.0865282	0.0798773	0.00665095	0	0.383019	0.353579	0.0294406	0	0	0	
451	0.1291	0.120902	0.00818716	1.08773e-05	0.571465	0.535176	0.0362407	4.81489e-05	1.87793e-05	8.3127e-05	
452	0.175896	0.100615	0.0730878	0.00219309	0.77861	0.445377	0.323525	0.00970778	0.00280457	0.0124145	
453	0.11128	0.0961125	0.0151182	4.97586e-05	0.492586	0.425444	0.0669212	0.000220257	5.63369e-05	0.000249376	
454	0.126158	0.0896676	0.0364905	0	0.558442	0.396916	0.161526	0	0	0	
455	0.157305	0.10566	0.0508323	0.000812031	0.696316	0.46771	0.22501	0.00359448	0.00108788	0.00481555	
456	0.147835	0.11252	0.0348481	0.000466205	0.654396	0.498076	0.154256	0.00206366	0.000530187	0.00234688	
457	0.118516	0.101122	0.0173945	0	0.524616	0.447619	0.0769973	0	0	0	
458	0.095633	0.0793751	0.0162574	4.6019e-07	0.423322	0.351356	0.0719639	2.03704e-06	3.01458e-06	1.33441e-05	
459	0.0991324	0.0894114	0.00971344	7.61643e-06	0.438812	0.395781	0.0429968	3.37143e-05	9.92766e-06	4.3945e-05	
460	0.155222	0.0858461	0.0693717	4.58978e-06	0.687096	0.38	0.307076	2.03167e-05	9.59136e-06	4.24564e-05	
461	0.159643	0.0860193	0.0735822	4.21124e-05	0.706667	0.380766	0.325713	0.000186411	0.000331871	0.00146903	
462	0.11951	0.100569	0.0189226	1.81481e-05	0.529014	0.445172	0.0837617	8.03332e-05	2.45991e-05	0.000108888	
463	0.129261	0.120182	0.00907897	9.00297e-08	0.572181	0.531992	0.0401883	3.98518e-07	1.11712e-07	4.94498e-07	
464	0.0844573	0.0693856	0.0150413	3.03228e-05	0.373852	0.307137	0.0665809	0.000134225	4.7543e-05	0.00021045	
465	0.0850016	0.0831574	0.00184423	0	0.376262	0.368098	0.00816353	0	0	0	
466	0.17198	0.11057	0.0610133	0.000397528	0.761278	0.489441	0.270077	0.00175966	0.000556131	0.00246173	
467	0.103426	0.0802379	0.0229085	0.000279774	0.457819	0.355175	0.101405	0.00123843	0.000354156	0.00156768	
468	0.107497	0.102134	0.00536301	1.95686e-07	0.475841	0.452101	0.0237395	8.66211e-07	4.27075e-07	1.89046e-06	
469	0.0772341	0.0772341	0	0	0.341879	0.341879	0	0	0	0	
470	0.102013	0.095475	0.00653252	6.05863e-06	0.451566	0.422623	0.0289164	2.68187e-05	8.01118e-06	3.54617e-05	
471	0.115114	0.0794914	0.0356233	0	0.509558	0.351871	0.157687	0	0	0	
472	0.129508	0.0897017	0.0377012	0.00210598	0.573274	0.397067	0.166885	0.00932217	0.00290344	0.0128521	
473	0.1603	0.0997765	0.0586981	0.00182591	0.709574	0.441663	0.259828	0.00808246	0.00414483	0.0183472	
474	0.110063	0.0774047	0.032659	0	0.4872	0.342634	0.144566	0	0	0	
475	0.129201	0.11393	0.0152592	1.24329e-05	0.571915	0.504315	0.0675455	5.50349e-05	1.30715e-05	5.78617e-05	
476	0.165589	0.113365	0.0522233	0	0.732985	0.501817	0.231168	0	0	0	
477	0.125151	0.0975785	0.0274406	0.000131939	0.553984	0.431933	0.121466	0.000584033	0.000198715	0.000879618	
478	0.091176	0.0793619	0.0117763	3.77229e-05	0.403593	0.351297	0.0521284	0.000166981	5.29599e-05	0.000234428	
479	0.102316	0.0982685	0.00403804	9.80708e-06	0.452906	0.434988	0.0178745	4.34113e-05	9.82452e-06	4.34885e-05	
480	0.138436	0.0981648	0.0402467	2.50253e-05	0.612793	0.434529	0.178153	0.000110775	6.3616e-05	0.000281598	
481	0.0875845	0.0763374	0.011247	0	0.387695	0.337909	0.0497854	0	0	0	
482	0.138113	0.106395	0.0316463	7.20099e-05	0.611364	0.470961	0.140083	0.000318753	9.53598e-05	0.000422112	
483	0.109758	0.0930077	0.016749	1.47636e-06	0.485848	0.411701	0.0741401	6.53514e-06	2.97717e-06	1.31785e-05	
484	0.16372	0.117332	0.0458437	0.000544279	0.724714	0.519376	0.202928	0.00240926	0.000821864	0.003638	
485	0.1185	0.0953984	0.0229425	0.000159587	0.524546	0.422283	0.101555	0.00070642	0.00019562	0.000865917	
486	0.0822997	0.0803688	0.00193084	0	0.364301	0.355754	0.00854694	0	0	0	
487	0.102578	0.100255	0.00232352	0	0.454067	0.443782	0.0102851	0	0	0	
488	0.134525	0.0959348	0.038522	6.88984e-05	0.595482	0.424658	0.170518	0.00030498	0.00010934	0.000483999	
489	0.1465	0.0986043	0.0478359	6.03737e-05	0.648489	0.436474	0.211747	0.000267246	6.65546e-05	0.000294605	
490	0.0949532	0.0911633	0.00378982	0	0.420313	0.403537	0.0167757	0	0	0	
491	0.0950618	0.0786179	0.0164439	0	0.420794	0.348004	0.0727895	0	0	0	
492	0.13927	0.0974328	0.0416043	0.000233263	0.616484	0.431289	0.184162	0.00103254	0.000348094	0.00154084	
493	0.184796	0.112176	0.0726073	1.24572e-05	0.818007	0.496553	0.321398	5.51422e-05	2.59437e-05	0.00011484	
494	0.191441	0.117599	0.0735578	0.000284883	0.847423	0.520556	0.325605	0.00126104	0.000318896	0.0014116	
495	0.088986	0.0842734	0.00471251	1.86021e-08	0.393899	0.373038	0.02086	8.2343e-08	2.16415e-07	9.5797e-07	
496	0.10143	0.0900931	0.0111262	0.000210796	0.448983	0.398799	0.0492507	0.000933097	0.000216033	0.000956276	
497	0.120497	0.0778856	0.042507	0.000104503	0.533384	0.344762	0.188158	0.000462586	0.00022636	0.00100199	
498	0.169524	0.134075	0.0353033	0.000145192	0.750405	0.59349	0.156271	0.000642698	0.00017527	0.000775841	
499	0.158867	0.158606	0.000260805	1.93701e-09	0.703231	0.702076	0.00115446	8.57426e-09	2.04831e-08	9.06692e-08	
500	0.142498	0.0810696	0.0610102	0.000418363	0.630772	0.358857	0.270063	0.00185189	0.000733555	0.0032471	
501	0.153969	0.108858	0.0450883	2.26248e-05	0.681551	0.481866	0.199584	0.000100149	2.59983e-05	0.000115082	
502	0.092586	0.0912867	0.00129928	0	0.409834	0.404083	0.00575132	0	0	0	
503	0.110667	0.103394	0.00726914	4.00673e-06	0.489873	0.457678	0.032177	1.77359e-05	4.02413e-06	1.78129e-05	
504	0.121863	0.119793	0.00206736	2.47358e-06	0.539433	0.53027	0.00915126	1.09493e-05	2.64425e-06	1.17048e-05	
505	0.0724367	0.0689214	0.00351509	1.40642e-07	0.320643	0.305082	0.0155596	6.22555e-07	6.32424e-07	2.79944e-06	
506	0.143674	0.0981603	0.0451918	0.000322443	0.635979	0.434509	0.200043	0.0014273	0.000789154	0.00349321	
507	0.184734	0.158563	0.026109	6.25977e-05	0.817733	0.701883	0.115572	0.00027709	0.000100241	0.00044372	
508	0.0924058	0.0883511	0.00405468	0	0.409037	0.391088	0.0179481	0	0	0	
509	0.0953026	0.0874952	0.00780649	8.99273e-07	0.421859	0.3873	0.0345556	3.98065e-06	2.13331e-06	9.44315e-06	
510	0.137992	0.105678	0.0317611	0.000552833	0.610828	0.467789	0.140591	0.00244713	0.000605924	0.00268214	
511	0.0772124	0.0754146	0.00179558	2.27014e-06	0.341783	0.333824	0.00794821	1.00488e-05	2.31917e-06	1.02659e-05	
512	0.166048	0.088643	0.0771792	0.000226575	0.735019	0.39238	0.341636	0.00100294	0.000270899	0.00119914	
513	0.112695	0.0914584	0.0211403	9.64507e-05	0.498848	0.404843	0.0935782	0.000426941	0.000134947	0.00059735	
514	0.24688	0.1289	0.114217	0.00376263	1.09282	0.570579	0.505587	0.0166553	0.00493487	0.0218443	
515	0.0681157	0.0567899	0.0113128	1.28844e-05	0.301516	0.251382	0.0500767	5.70333e-05	3.26184e-05	0.000144386	
516	0.0993345	0.088804	0.0104923	3.81463e-05	0.439706	0.393093	0.0464445	0.000168855	4.61553e-05	0.000204307	
517	0.0870042	0.0820036	0.00500041	1.0507e-07	0.385126	0.362991	0.0221344	4.65095e-07	2.68138e-07	1.18692e-06	
518	0.178074	0.15636	0.0217143	0	0.788252	0.692133	0.0961191	0	0	0	
519	0.0717287	0.0422481	0.02948	6.16315e-07	0.317509	0.187012	0.130494	2.72813e-06	1.19831e-05	5.30436e-05	
520	0.147	0.12277	0.0240646	0.000165313	0.650703	0.543448	0.106522	0.000731763	0.000199406	0.000882679	
521	0.24252	0.110239	0.131533	0.000748443	1.07352	0.487975	0.582235	0.003313	0.000952477	0.00421616	
522	0.175769	0.0786124	0.0971314	2.51744e-05	0.778046	0.34798	0.429954	0.000111435	3.43304e-05	0.000151964	
523	0.08903	0.0764695	0.0125605	0	0.394093	0.338494	0.0555994	0	0	0	
524	0.139038	0.106351	0.0324878	0.00019908	0.615458	0.470768	0.143808	0.000881235	0.000252489	0.00111765	
525	0.14484	0.100126	0.04431	0.000404066	0.641141	0.443213	0.196139	0.00178861	0.00110271	0.00488118	
526	0.117518	0.101836	0.0156602	2.16315e-05	0.5202	0.450783	0.0693205	9.57528e-05	2.62102e-05	0.00011602	
527	0.112117	0.0782427	0.0338462	2.87883e-05	0.496292	0.346343	0.149821	0.000127432	5.39287e-05	0.000238717	
528	0.0875572	0.0807186	0.00683335	5.26754e-06	0.387574	0.357303	0.030248	2.33169e-05	5.28709e-06	2.34034e-05	
529	0.126784	0.0813876	0.0451522	0.000244774	0.561215	0.360264	0.199867	0.0010835	0.000373696	0.00165417	
530	0.0955284	0.0811535	0.0143181	5.67515e-05	0.422859	0.359228	0.0633796	0.000251212	9.78287e-05	0.000433041	
531	0.171098	0.105443	0.065142	0.000512959	0.757372	0.466748	0.288353	0.00227062	0.00156426	0.00692427	
532	0.113172	0.0841114	0.0290043	5.66457e-05	0.50096	0.372321	0.128388	0.000250744	0.000102983	0.000455858	
533	0.173102	0.118445	0.0541402	0.000517387	0.766244	0.5243	0.239653	0.00229022	0.00072601	0.0032137	
534	0.120114	0.113923	0.00616903	2.22502e-05	0.531689	0.504283	0.0273074	9.84911e-05	2.2273e-05	9.85921e-05	
535	0.0873911	0.0780393	0.00929613	5.56724e-05	0.386839	0.345443	0.0411495	0.000246435	6.21248e-05	0.000274997	
536	0.0685355	0.0661926	0.00234293	0	0.303374	0.293003	0.010371	0	0	0	
537	0.120369	0.0771753	0.0429887	0.00020519	0.532818	0.341618	0.190291	0.000908282	0.000395656	0.00175138	
538	0.13768	0.0808477	0.0548475	0.00198515	0.609446	0.357874	0.242784	0.00878733	0.00245081	0.0108486	
539	0.130642	0.0836175	0.0468258	0.000198861	0.578291	0.370135	0.207275	0.000880265	0.000325996	0.00144303	
540	0.0925124	0.0803757	0.0120207	0.000116035	0.409509	0.355785	0.05321	0.000513633	0.000153367	0.000678884	
541	0.089923	0.0826499	0.00726339	9.76235e-06	0.398046	0.365852	0.0321515	4.32133e-05	2.59812e-05	0.000115006	
542	0.213927	0.150817	0.0628344	0.000275014	0.946953	0.667597	0.278138	0.00121735	0.000307277	0.00136017	
543	0.129734	0.0899045	0.0398124	1.73092e-05	0.574272	0.397965	0.17623	7.66196e-05	3.12685e-05	0.000138411	
544	0.162048	0.127416	0.0346255	6.26302e-06	0.717311	0.564013	0.15327	2.77234e-05	1.35089e-05	5.97975e-05	
545	0.15233	0.0756174	0.0765644	0.000148425	0.674294	0.334722	0.338914	0.000657007	0.000288471	0.00127692	
546	0.135089	0.117232	0.017833	2.40771e-05	0.597979	0.518933	0.0789384	0.000106578	3.16348e-05	0.000140032	
547	0.0810551	0.0759207	0.00513436	0	0.358792	0.336065	0.0227274	0	0	0	
548	0.115321	0.111425	0.00389624	0	0.510474	0.493227	0.0172468	0	0	0	
549	0.147972	0.0854906	0.0615131	0.000968607	0.655004	0.378426	0.272289	0.00428756	0.00128695	0.00569675	
550	0.170663	0.120424	0.0498511	0.000387857	0.755448	0.533063	0.220667	0.00171686	0.000617943	0.00273534	
551	0.0974411	0.097116	0.000325149	0	0.431325	0.429886	0.00143928	0	0	0	
552	0.0857154	0.0730154	0.0125199	0.000180047	0.379421	0.323204	0.0554198	0.000796983	0.000200922	0.000889388	
553	0.188781	0.184043	0.00473645	1.65473e-06	0.835648	0.814674	0.020966	7.3247e-06	2.65671e-06	1.176e-05	
554	0.133815	0.103021	0.0301258	0.000667864	0.592338	0.456029	0.133352	0.00295631	0.000769001	0.003404	
555	0.0978582	0.0755739	0.0222597	2.45837e-05	0.433172	0.33453	0.0985332	0.00010882	2.96881e-05	0.000131415	
556	0.168809	0.150437	0.0183508	2.0857e-05	0.747238	0.665915	0.0812307	9.23245e-05	2.10383e-05	9.31268e-05	
557	0.0925482	0.0794052	0.0130562	8.67149e-05	0.409667	0.351489	0.057794	0.000383846	0.000127049	0.000562387	
558	0.10339	0.0979858	0.00539584	8.4114e-06	0.457659	0.433737	0.0238848	3.72333e-05	8.42873e-06	3.731e-05	
559	0.09801	0.07951	0.0182377	0.00026224	0.433844	0.351953	0.0807297	0.00116081	0.000319021	0.00141215	
560	0.0940659	0.0853018	0.00876405	0	0.416385	0.37759	0.0387943	0	0	0	
561	0.111421	0.0936168	0.0176973	0.000107689	0.493211	0.414397	0.0783376	0.00047669	0.000157021	0.000695058	
562	0.0757736	0.0501251	0.0248239	0.000824514	0.335414	0.22188	0.109884	0.00364973	0.000824531	0.0036498	
563	0.0962309	0.0792678	0.0169419	2.11247e-05	0.425968	0.350881	0.0749939	9.35091e-05	4.34141e-05	0.000192173	
564	0.120051	0.0819299	0.0377493	0.000372607	0.531413	0.362665	0.167098	0.00164935	0.000494498	0.00218891	
565	0.101657	0.0854605	0.0160894	0.000107708	0.449991	0.378293	0.0712206	0.000476775	0.000153076	0.000677598	
566	0.118772	0.104347	0.0143702	5.5141e-05	0.52575	0.461896	0.0636102	0.000244083	0.000179289	0.00079363	
567	0.216069	0.161771	0.0537019	0.000596012	0.956437	0.716085	0.237713	0.00263826	0.000615391	0.00272404	
568	0.15815	0.115923	0.0422267	0	0.700056	0.513138	0.186917	0	0	0	
569	0.0763062	0.0763062	0	0	0.337771	0.337771	0	0	0	0	
570	0.128992	0.120452	0.00852861	1.14498e-05	0.570989	0.533186	0.0377521	5.06829e-05	1.46827e-05	6.49933e-05	
571	0.101039	0.0920433	0.008992	3.82232e-06	0.447252	0.407432	0.0398033	1.69196e-05	6.87738e-06	3.04429e-05	
572	0.117216	0.0981674	0.0189448	0.000103798	0.51886	0.43454	0.0838598	0.000459466	0.000196044	0.000867794	
573	0.0945507	0.0848588	0.00967863	1.32384e-05	0.418531	0.37563	0.0428427	5.86001e-05	1.9913e-05	8.81457e-05	
574	0.137138	0.0803238	0.056173	0.000641917	0.607048	0.355555	0.248651	0.00284146	0.000953587	0.00422108	
575	0.140537	0.0847986	0.0549867	0.000751969	0.622092	0.375363	0.2434	0.00332861	0.00141878	0.00628029	
576	0.0637465	0.0548054	0.00894108	0	0.282175	0.242597	0.0395779	0	0	0	
577	0.132561	0.11382	0.0187399	1.39901e-06	0.586787	0.503827	0.0829529	6.19278e-06	1.77766e-06	7.86886e-06	
578	0.0972518	0.0895455	0.00770504	1.18275e-06	0.430487	0.396375	0.0341065	5.23551e-06	2.0593e-06	9.11556e-06	
579	0.0939939	0.0878142	0.00616027	1.94532e-05	0.416066	0.388712	0.0272686	8.61105e-05	2.40732e-05	0.00010656	
580	0.0890727	0.0671677	0.0218318	7.30592e-05	0.394282	0.29732	0.0966392	0.000323398	0.000113069	0.000500505	
581	0.0832073	0.0756752	0.00753213	0	0.368319	0.334978	0.0333412	0	0	0	
582	0.0886784	0.0849919	0.00368647	0	0.392537	0.376219	0.0163182	0	5.07951e-09	2.24846e-08	
583	0.119335	0.0934736	0.0257607	0.000100834	0.52824	0.413763	0.11403	0.000446347	0.000134557	0.00059562	
584	0.202313	0.128934	0.0731168	0.000262103	0.895546	0.570732	0.323653	0.0011602	0.000323996	0.00143418	
585	0.123107	0.0754727	0.0476192	1.53946e-05	0.544938	0.334082	0.210787	6.81447e-05	2.57354e-05	0.000113918	
586	0.135841	0.0849899	0.0507392	0.000112595	0.601307	0.37621	0.224598	0.000498405	0.000144664	0.000640362	
587	0.103976	0.0896449	0.0142745	5.7459e-05	0.460256	0.396815	0.0631867	0.000254343	7.31841e-05	0.000323951	
588	0.0689643	0.0681492	0.000814099	9.66625e-07	0.305272	0.301664	0.00360363	4.27879e-06	2.21139e-06	9.78878e-06	
589	0.154839	0.110105	0.044439	0.000295312	0.685401	0.487383	0.19671	0.0013072	0.000514919	0.0022793	
590	0.135518	0.108238	0.0272553	2.52571e-05	0.599877	0.479118	0.120646	0.000111801	6.5099e-05	0.000288162	
591	0.127507	0.0967096	0.0306797	0.00011813	0.564415	0.428087	0.135804	0.000522906	0.00017045	0.000754504	
592	0.113229	0.0864879	0.0266619	8.00831e-05	0.501215	0.382841	0.118019	0.00035449	0.000116582	0.000516054	
593	0.100849	0.0947593	0.00607623	1.39093e-05	0.446412	0.419454	0.0268965	6.15699e-05	1.62088e-05	7.17488e-05	
594	0.0909383	0.0811699	0.00976584	2.55897e-06	0.402541	0.3593	0.0432287	1.13273e-05	1.04632e-05	4.6316e-05	
595	0.110948	0.094604	0.0163067	3.73375e-05	0.491114	0.418767	0.0721821	0.000165275	4.50272e-05	0.000199314	
596	0.107693	0.0909915	0.0166858	1.60973e-05	0.476708	0.402776	0.0738601	7.12554e-05	2.04474e-05	9.05113e-05	
597	0.148067	0.142104	0.00594937	1.35841e-05	0.655426	0.629031	0.026335	6.01307e-05	1.50556e-05	6.6644e-05	
598	0.11359	0.109095	0.0044615	3.33093e-05	0.502809	0.482912	0.0197489	0.000147444	3.41857e-05	0.000151324	
599	0.106095	0.0941569	0.0119381	0	0.469632	0.416788	0.0528447	0	0	0	
600	0.109677	0.108823	0.000854424	0	0.485492	0.48171	0.00378213	0	0	0	
601	0.336329	0.149248	0.182909	0.0041712	1.48877	0.660653	0.809653	0.0184639	0.00417382	0.0184755	
602	0.109091	0.1034	0.00568752	3.43048e-06	0.482894	0.457703	0.0251759	1.51851e-05	5.13566e-06	2.27331e-05	
603	0.136115	0.052377	0.0837387	0	0.60252	0.231848	0.370671	0	0	0	
604	0.089802	0.0815976	0.00820381	5.57038e-07	0.397511	0.361194	0.0363144	2.46574e-06	6.95248e-07	3.07753e-06	
605	0.136346	0.0499448	0.0864013	0	0.60354	0.221082	0.382458	0	0	0	
606	0.12735	0.0945343	0.0326606	0.00015564	0.56372	0.418458	0.144573	0.000688948	0.000280805	0.00124299	
607	0.0932738	0.0787992	0.0143865	8.78837e-05	0.412878	0.348807	0.0636826	0.000389019	0.000100515	0.000444935	
608	0.0942824	0.0794206	0.0147526	0.00010913	0.417343	0.351557	0.0653029	0.000483069	0.000132174	0.000585072	
609	0.0949854	0.0877912	0.00719326	9.44438e-07	0.420455	0.38861	0.0318411	4.18058e-06	1.10829e-06	4.90588e-06	
610	0.110059	0.0806472	0.0285863	0.000826065	0.487182	0.356987	0.126538	0.0036566	0.00097322	0.00430798	
611	0.062491	0.0581644	0.00428197	4.46181e-05	0.276618	0.257466	0.0189542	0.000197503	4.46356e-05	0.00019758	
612	0.0968549	0.0913124	0.00554231	9.18445e-08	0.42873	0.404197	0.0245331	4.06552e-07	1.92116e-05	8.5041e-05	
613	0.0951532	0.0772199	0.0178348	9.84045e-05	0.421198	0.341816	0.0789464	0.00043559	0.000148906	0.00065914	
614	0.096029	0.0842537	0.0117138	6.14157e-05	0.425075	0.372951	0.0518516	0.000271858	7.48094e-05	0.000331145	
615	0.0923594	0.0873965	0.00495194	1.09678e-05	0.408831	0.386862	0.0219199	4.85494e-05	1.28956e-05	5.70827e-05	
616	0.111462	0.0896095	0.0217412	0.000111612	0.493391	0.396659	0.0962381	0.000494056	0.000152972	0.000677134	
617	0.11063	0.0923243	0.0182139	9.22949e-05	0.489709	0.408676	0.0806247	0.000408545	0.000112415	0.000497608	
618	0.0603364	0.0563115	0.00402484	0	0.26708	0.249264	0.017816	0	0	0	
619	0.14366	0.0995463	0.0439605	0.000153201	0.635915	0.440644	0.194592	0.000678152	0.00018857	0.000834713	
620	0.106264	0.0883106	0.0179504	3.79051e-06	0.470384	0.390909	0.0794582	1.67788e-05	4.42867e-06	1.96036e-05	
621	0.340715	0.187385	0.149424	0.0039048	1.50818	0.829469	0.661431	0.0172847	0.00413878	0.0183204	
622	0.0396819	0.0306864	0.00894039	5.50296e-05	0.175653	0.135834	0.0395749	0.00024359	7.08008e-05	0.000313402	
623	0.0823136	0.0723176	0.00995452	4.14186e-05	0.364363	0.320116	0.0440639	0.00018334	4.68111e-05	0.00020721	
624	0.119824	0.0832359	0.0364729	0.000116021	0.530408	0.368446	0.161448	0.000513571	0.000174419	0.000772071	
625	0.0712073	0.0553351	0.015842	3.0129e-05	0.315201	0.244942	0.0701251	0.000133366	3.13736e-05	0.000138876	
626	0.0688349	0.064238	0.00459693	0	0.304699	0.284351	0.0203484	0	0	0	
627	0.0952076	0.0796181	0.0155895	0	0.421439	0.352431	0.0690076	0	0	0	
628	0.0610931	0.0604956	0.000597465	0	0.27043	0.267785	0.00264469	0	0	0	
629	0.215848	0.138498	0.0764088	0.00094089	0.955459	0.613069	0.338225	0.00416487	0.00116408	0.00515286	
630	0.193319	0.146513	0.0467761	2.9475e-05	0.855732	0.648545	0.207055	0.000130471	9.8992e-05	0.00043819	
631	0.114659	0.0964564	0.0181986	3.96602e-06	0.507541	0.426966	0.0805567	1.75557e-05	4.11153e-06	1.81998e-05	
632	0.043534	0.043534	0	0	0.192704	0.192704	0	0	0	0	
633	0.0634778	0.0454494	0.0178756	0.000152715	0.280986	0.201183	0.0791272	0.000676001	0.000152733	0.000676079	
634	0.0443132	0.0422412	0.00205308	1.88277e-05	0.196153	0.186982	0.00908805	8.33417e-05	1.95794e-05	8.66689e-05	
635	0.0754836	0.0659801	0.00939157	0.000111837	0.33413	0.292062	0.041572	0.000495053	0.000134704	0.000596271	
636	0.0932529	0.0654251	0.0278116	1.60586e-05	0.412786	0.289606	0.123109	7.10841e-05	0.000103882	0.00045984	
637	0.079232	0.0741171	0.00510312	1.17067e-05	0.350722	0.328081	0.0225891	5.18202e-05	1.26349e-05	5.59288e-05	
638	0.138186	0.0820778	0.0560999	8.66026e-06	0.611686	0.363319	0.248328	3.83349e-05	1.99063e-05	8.81158e-05	
639	0.139917	0.0766337	0.0632767	7.48521e-06	0.61935	0.339221	0.280096	3.31335e-05	1.56439e-05	6.92481e-05	
640	0.086669	0.0810231	0.00560116	4.47066e-05	0.383642	0.358651	0.0247937	0.000197895	4.79543e-05	0.000212271	
641	0.0759438	0.0755302	0.000413264	3.07601e-07	0.336167	0.334336	0.00182932	1.3616e-06	3.37193e-07	1.49259e-06	
642	0.0636695	0.0634915	0.000177942	0	0.281834	0.281047	0.000787666	0	0	0	
643	0.192271	0.142872	0.0487161	0.000682974	0.851094	0.632427	0.215643	0.0030232	0.00122502	0.00542259	
644	0.101455	0.0829484	0.0185065	0	0.449093	0.367173	0.0819198	0	0	0	
645	0.0833576	0.0809299	0.00242106	6.62763e-06	0.368984	0.358238	0.0107169	2.93374e-05	9.43679e-06	4.17722e-05	
646	0.141653	0.0754912	0.0654938	0.000668451	0.627033	0.334163	0.28991	0.00295891	0.00144423	0.00639292	
647	0.188621	0.124662	0.0617463	0.00221278	0.834937	0.55182	0.273321	0.00979496	0.00246069	0.0108923	
648	0.145772	0.118069	0.027606	9.69968e-05	0.645265	0.522637	0.122198	0.000429359	0.000124601	0.00055155	
649	0.0651075	0.0647668	0.000340638	0	0.2882	0.286692	0.00150784	0	0	0	
650	0.0739464	0.0734688	0.000477621	0	0.327325	0.325211	0.0021142	0	0	0	
651	0.10353	0.102176	0.00135388	0	0.458281	0.452288	0.00599302	0	0	0	
652	0.103662	0.0830178	0.0204421	0.000202884	0.458866	0.36748	0.0904878	0.000898074	0.000237962	0.00105334	
653	0.10277	0.0882459	0.0145165	7.59101e-06	0.454914	0.390623	0.0642577	3.36018e-05	1.78394e-05	7.8967e-05	
654	0.118257	0.0888475	0.0293984	1.14531e-05	0.523469	0.393285	0.130132	5.06976e-05	2.02621e-05	8.96908e-05	
655	0.143906	0.0816087	0.0613046	0.000992803	0.637004	0.361243	0.271366	0.00439467	0.00142678	0.00631572	
656	0.223611	0.11923	0.101955	0.0024251	0.989823	0.527778	0.451309	0.0107347	0.00507437	0.0224618	
657	0.12936	0.0806586	0.0487015	0	0.572616	0.357037	0.215578	0	0	0	
658	0.121292	0.0758761	0.0453417	7.41205e-05	0.536902	0.335867	0.200706	0.000328096	0.000102691	0.000454566	
659	0.133442	0.096451	0.0355582	0.00143275	0.590685	0.426943	0.157399	0.0063421	0.00171222	0.00757922	
660	0.165783	0.101179	0.0640194	0.000584789	0.733846	0.447873	0.283383	0.00258858	0.00106374	0.0047087	
661	0.188662	0.0990875	0.0889754	0.000599381	0.835119	0.438613	0.393852	0.00265317	0.00107971	0.00477938	
662	0.119758	0.0810663	0.038582	0.000110443	0.530115	0.358842	0.170784	0.000488881	0.000179097	0.000792782	
663	0.108521	0.0809842	0.0272384	0.000299089	0.480374	0.358478	0.120571	0.00132392	0.000364881	0.00161515	
664	0.0993657	0.0880103	0.0113457	9.65891e-06	0.439845	0.38958	0.0502221	4.27554e-05	1.62905e-05	7.21105e-05	
665	0.114246	0.0879042	0.0263256	1.69296e-05	0.505716	0.38911	0.116531	7.49397e-05	5.29133e-05	0.000234222	
666	0.102949	0.0795761	0.0232566	0.000116916	0.455709	0.352245	0.102946	0.000517534	0.000176224	0.000780064	
667	0.169981	0.105659	0.0600116	0.00431065	0.752428	0.467704	0.265643	0.0190812	0.00476549	0.0210946	
668	0.101456	0.0837165	0.0177278	1.21643e-05	0.4491	0.370573	0.0784729	5.38456e-05	1.30489e-05	5.77615e-05	
669	0.0446844	0.0438568	0.000827609	0	0.197796	0.194133	0.00366343	0	0	0	
670	0.0940767	0.0832896	0.010617	0.00017014	0.416433	0.368683	0.0469965	0.000753131	0.000174694	0.000773291	
671	0.0565013	0.0510493	0.00544481	7.18999e-06	0.250104	0.225971	0.0241016	3.18267e-05	8.5946e-06	3.80442e-05	
672	0.144891	0.112867	0.0319996	2.49786e-05	0.641368	0.49961	0.141647	0.000110568	2.90432e-05	0.00012856	
673	0.142297	0.102278	0.0388361	0.00118238	0.629882	0.452739	0.171909	0.00523387	0.00169584	0.0075067	
674	0.134959	0.0961171	0.0385828	0.000259033	0.597399	0.425465	0.170788	0.00114661	0.000612605	0.00271171	
675	0.118175	0.0818445	0.0362715	5.89438e-05	0.523105	0.362287	0.160556	0.000260916	6.01301e-05	0.000266167	
676	0.141773	0.110669	0.0307874	0.000316658	0.627566	0.489883	0.136281	0.00140169	0.000437824	0.00193804	
677	0.0985484	0.094187	0.00435709	4.27658e-06	0.436227	0.416921	0.0192867	1.89304e-05	6.2248e-06	2.75542e-05	
678	0.102327	0.0809609	0.0213574	8.55412e-06	0.452953	0.358376	0.0945392	3.7865e-05	1.47364e-05	6.52311e-05	
679	0.133066	0.0917292	0.0411917	0.000145251	0.589021	0.406041	0.182336	0.00064296	0.000200752	0.000888636	
680	0.128485	0.111293	0.0171925	0	0.568745	0.492641	0.0761034	0	0	0	
681	0.112431	0.0985447	0.0138814	4.80022e-06	0.497678	0.436211	0.0614464	2.12483e-05	1.2775e-05	5.65492e-05	
682	0.10096	0.098444	0.00251661	0	0.446905	0.435765	0.0111398	0	0	0	
683	0.101094	0.0919316	0.00916242	0	0.447495	0.406937	0.0405577	0	0	0	
684	0.117602	0.0950458	0.0225566	1.60889e-07	0.520571	0.420722	0.0998474	7.12183e-07	3.79799e-07	1.68119e-06	
685	0.184285	0.141904	0.0419279	0.000453379	0.815744	0.628142	0.185595	0.00200689	0.000456372	0.00202014	
686	0.11447	0.0912663	0.0219805	0.00122356	0.506706	0.403992	0.0972973	0.00541614	0.00122685	0.00543072	
687	0.0812957	0.0784723	0.00281548	7.89348e-06	0.359857	0.347359	0.0124628	3.49407e-05	8.29443e-06	3.67155e-05	
688	0.0652515	0.0647741	0.000477388	0	0.288837	0.286724	0.00211317	0	0	0	
689	0.00771341	0.00721101	0.000502401	0	0.0341436	0.0319197	0.00222389	0	0	0	
690	0.0615697	0.0603306	0.00123912	0	0.27254	0.267055	0.00548503	0	0	0	
691	0.112353	0.0989344	0.0133416	7.69952e-05	0.497333	0.437935	0.059057	0.000340821	9.54306e-05	0.000422426	
692	0.0735232	0.0735217	1.43612e-06	0	0.325452	0.325446	6.35704e-06	0	0	0	
693	0.0926605	0.0799892	0.0126654	5.8945e-06	0.410164	0.354074	0.0560637	2.60921e-05	8.23007e-06	3.64306e-05	
694	0.216066	0.15568	0.0587833	0.0016034	0.956426	0.689122	0.260206	0.00709749	0.00206568	0.0091438	
695	0.0954418	0.0799721	0.0154122	5.73666e-05	0.422475	0.353999	0.0682229	0.000253934	7.98737e-05	0.000353563	
696	0.237794	0.161064	0.0750122	0.00171743	1.0526	0.712955	0.332043	0.00760227	0.00199871	0.00884737	
697	0.14999	0.0834651	0.0663198	0.000206036	0.663939	0.36946	0.293566	0.000912027	0.000343677	0.00152129	
698	0.249387	0.197405	0.0513212	0.000660588	1.10391	0.873819	0.227174	0.00292411	0.000806833	0.00357146	
699	0.275285	0.186865	0.0872428	0.00117713	1.21855	0.827164	0.386182	0.00521063	0.00316295	0.0140009	
700	0.0831965	0.0831965	0	0	0.368271	0.368271	0	0	0	0	
701	0.0830553	0.0830517	3.56152e-06	0	0.367646	0.36763	1.57651e-05	0	0	0	
702	0.117774	0.107111	0.0106468	1.56956e-05	0.521331	0.474133	0.0471284	6.94771e-05	1.79968e-05	7.96636e-05	
703	0.0943465	0.0883411	0.0059619	4.3445e-05	0.417627	0.391044	0.0263905	0.00019231	4.34623e-05	0.000192387	
704	0.0871111	0.0800749	0.00703382	2.38037e-06	0.385599	0.354453	0.0311353	1.05367e-05	7.85466e-06	3.47689e-05	
705	0.10081	0.0887701	0.0120401	0	0.446239	0.392943	0.0532958	0	0	0	
706	0.27039	0.159428	0.110628	0.000332678	1.19688	0.705716	0.4897	0.00147261	0.000662953	0.00293458	
707	0.0887035	0.080887	0.00781655	0	0.392648	0.358048	0.0346001	0	0	0	
708	0.0805532	0.0805532	0	0	0.35657	0.35657	0	0	0	0	
709	0.129886	0.104164	0.0253024	0.000419121	0.574945	0.461088	0.112002	0.00185525	0.000419139	0.00185533	
710	0.145504	0.0967245	0.0487581	2.21969e-05	0.644081	0.428153	0.215829	9.82555e-05	4.40891e-05	0.000195161	
711	0.10231	0.081284	0.0210268	0	0.452882	0.359806	0.093076	0	0	0	
712	0.0791944	0.0771416	0.00205278	0	0.350556	0.341469	0.00908669	0	0	0	
713	0.0899442	0.0789994	0.0109447	0	0.39814	0.349693	0.0484474	0	0	0	
714	0.0947121	0.0822846	0.0124274	0	0.419245	0.364235	0.0550102	0	0	0	
715	0.071626	0.0705756	0.00105039	0	0.317054	0.312405	0.0046496	0	0	0	
716	0.0842724	0.0755437	0.00868532	4.33488e-05	0.373034	0.334396	0.0384458	0.000191884	4.37579e-05	0.000193695	
717	0.098162	0.0889445	0.00920967	7.81279e-06	0.434516	0.393715	0.0407668	3.45835e-05	7.83509e-06	3.46822e-05	
718	0.116372	0.108957	0.00737521	3.93289e-05	0.515124	0.482304	0.0326466	0.00017409	4.82626e-05	0.000213635	
719	0.0700622	0.0633968	0.00657386	9.15115e-05	0.310132	0.280628	0.0290993	0.000405078	9.15306e-05	0.000405163	
720	0.0628853	0.0625512	0.000334177	0	0.278363	0.276884	0.00147924	0	0	0	
721	0.121835	0.107121	0.0146307	8.2951e-05	0.539308	0.474178	0.0647635	0.000367184	8.69741e-05	0.000384993	
722	0.0814589	0.0814589	0	0	0.36058	0.36058	0	0	0	0	
723	0.115073	0.102809	0.0122418	2.2749e-05	0.509377	0.455088	0.0541889	0.000100699	2.27666e-05	0.000100777	
724	0.0810906	0.0810906	0	0	0.35895	0.35895	0	0	0	0	
725	0.0816017	0.0628538	0.0187478	0	0.361212	0.278224	0.082988	0	0	0	
726	0.0452908	0.0428516	0.0024392	0	0.200481	0.189684	0.0107971	0	0	0	
727	0.0894042	0.0894042	0	0	0.39575	0.39575	0	0	0	0	
728	0.0967036	0.0858433	0.0107341	0.000126042	0.428061	0.379988	0.047515	0.000557928	0.000131011	0.000579927	
729	0.0946389	0.0779791	0.0166592	6.11827e-07	0.418922	0.345176	0.0737423	2.70827e-06	1.24823e-06	5.52536e-06	
730	0.109158	0.105398	0.00375457	5.09077e-06	0.483192	0.46655	0.0166197	2.25344e-05	5.10849e-06	2.26128e-05	
731	0.112613	0.0949003	0.0174862	0.000226331	0.498484	0.420079	0.0774035	0.00100186	0.000239655	0.00106083	
732	0.0827374	0.0777499	0.00498754	0	0.366239	0.344162	0.0220775	0	0	0	
733	0.10334	0.0924207	0.0108504	6.92595e-05	0.457439	0.409103	0.0480299	0.000306579	7.4549e-05	0.000329993	
734	0.112254	0.107363	0.00487721	1.36618e-05	0.496896	0.475246	0.0215891	6.04745e-05	1.39745e-05	6.18588e-05	
735	0.0684299	0.0660476	0.00238231	0	0.302907	0.292361	0.0105453	0	0	0	
736	0.058005	0.0557637	0.00224124	0	0.25676	0.246839	0.00992094	0	0	0	
737	0.08992	0.0800334	0.00987765	8.93176e-06	0.398033	0.35427	0.0437237	3.95366e-05	8.9688e-06	3.97006e-05	
738	0.118915	0.113723	0.00518842	3.55442e-06	0.526384	0.503402	0.0229667	1.57337e-05	3.82319e-06	1.69234e-05	
739	0.0652408	0.065144	9.67336e-05	0	0.28879	0.288362	0.000428194	0	0	0	
740	0.0369015	0.0368738	2.76961e-05	0	0.163345	0.163223	0.000122597	0	0	0	
741	0.0896999	0.0868119	0.00288668	1.21557e-06	0.397059	0.384275	0.012778	5.38078e-06	1.777e-06	7.86594e-06	
742	0.148019	0.12355	0.0244427	2.61834e-05	0.655211	0.546899	0.108196	0.000115901	2.62007e-05	0.000115978	
743	0.0877312	0.0845875	0.00312434	1.93408e-05	0.388344	0.374429	0.0138299	8.56127e-05	1.93582e-05	8.56896e-05	
744	0.0567484	0.0556201	0.00112743	8.42366e-07	0.251198	0.246204	0.00499063	3.72875e-06	9.46104e-07	4.18795e-06	
745	0.122483	0.102224	0.0202531	6.07144e-06	0.542176	0.452498	0.089651	2.68754e-05	6.13521e-06	2.71577e-05	
746	0.0804552	0.0755024	0.00495106	1.73881e-06	0.356137	0.334213	0.021916	7.69692e-06	3.76343e-06	1.66589e-05	
747	0.0856226	0.0846463	0.000976335	0	0.379011	0.374689	0.00432177	0	0	0	
748	0.100144	0.0826171	0.0175188	8.27612e-06	0.443291	0.365707	0.0775477	3.66345e-05	8.29361e-06	3.67118e-05	
749	0.121616	0.112899	0.00870804	9.04724e-06	0.538337	0.49975	0.0385464	4.00478e-05	9.06481e-06	4.01256e-05	
750	0.0923016	0.0825167	0.00978433	5.86969e-07	0.408575	0.365262	0.0433106	2.59823e-06	6.04409e-07	2.67543e-06	
751	0.312138	0.152645	0.137653	0.0218398	1.38168	0.675689	0.609325	0.0966745	0.0235592	0.104285	
752	0.0852219	0.0767292	0.00848823	4.45879e-06	0.377237	0.339644	0.0375733	1.97369e-05	4.86504e-06	2.15352e-05	
753	0.102712	0.0929377	0.0097743	0	0.454657	0.411391	0.0432662	0	0	0	
754	0.228439	0.177288	0.0511281	2.26963e-05	1.01119	0.784772	0.22632	0.000100466	3.13812e-05	0.000138909	
755	0.118747	0.0924622	0.0262851	0	0.525638	0.409286	0.116351	0	0	0	
756	0.222475	0.114557	0.107918	0	0.984795	0.50709	0.477704	0	0	0	
757	0.13559	0.0778855	0.0523579	0.00534663	0.600193	0.344762	0.231763	0.023667	0.00540916	0.0239437	
758	0.191501	0.128388	0.0631126	5.44916e-07	0.847687	0.568314	0.279369	2.41208e-06	8.24618e-07	3.65019e-06	
759	0.126405	0.0716407	0.0539412	0.000823946	0.559539	0.317119	0.238772	0.00364722	0.00271517	0.0120187	
760	0.119336	0.0870873	0.0322496	0	0.528248	0.385494	0.142753	0	0	0	
761	0.122031	0.110349	0.0115642	0.00011681	0.540173	0.488467	0.0511896	0.000517064	0.000118486	0.000524482	
762	0.0508725	0.0508725	0	0	0.225188	0.225188	0	0	0	0	
763	0.0554655	0.0541706	0.00129498	0	0.245519	0.239787	0.00573229	0	0	0	
764	0.0779622	0.077004	0.000958197	0	0.345101	0.34086	0.00424148	0	0	0	
765	0.0850889	0.0841307	0.000958197	0	0.376648	0.372406	0.00424148	0	0	0	
766	0.0472317	0.0446688	0.00256291	0	0.209072	0.197727	0.0113448	0	0	0	
767	0.0497215	0.0433092	0.00641232	0	0.220093	0.191709	0.0283843	0	0	0	
768	0.0455171	0.0454763	4.08635e-05	0	0.201482	0.201302	0.000180883	0	0	0	
769	0.0760241	0.0526634	0.0229669	0.000393632	0.336522	0.233116	0.101663	0.00174242	0.000459186	0.0020326	
770	0.0787113	0.0567712	0.0219401	0	0.348418	0.251299	0.0971186	0	0	0	
771	0.103922	0.0785338	0.0253882	3.11017e-07	0.460015	0.347632	0.112381	1.37672e-06	5.41945e-07	2.39893e-06	
772	0.103675	0.103634	4.08635e-05	0	0.458922	0.458741	0.000180883	0	0	0	
773	0.10094	0.0908531	0.0100872	0	0.446815	0.402163	0.0446513	0	1.95904e-08	8.67178e-08	
774	0.0787235	0.0779092	0.000814363	0	0.348472	0.344867	0.0036048	0	0	0	
775	0.075922	0.075922	0	0	0.33607	0.33607	0	0	0	0	
776	0.0651316	0.0651316	0	0	0.288306	0.288306	0	0	0	0	
777	0.0745902	0.0745901	0	0	0.330175	0.330175	0	0	0	0	
778	0.0926099	0.0926099	0	0	0.40994	0.40994	0	0	0	0	
779	0.14755	0.111144	0.0364062	0	0.653137	0.491984	0.161153	0	0	0	
780	0.049965	0.0436412	0.00632373	0	0.221171	0.193179	0.0279921	0	0	0	
781	0.0608098	0.0426384	0.0181714	0	0.269176	0.18874	0.0804363	0	0	0	
782	0.10641	0.0955133	0.0108969	0	0.471028	0.422792	0.0482356	0	0	0	
783	0.233331	0.135394	0.0911183	0.0068178	1.03284	0.599329	0.403337	0.0301791	0.0127456	0.0564187	
784	0.0720231	0.0720231	0	0	0.318812	0.318812	0	0	0	0	
785	0.128992	0.0756398	0.0533526	0	0.570988	0.334821	0.236166	0	0	0	
786	0.123199	0.0952862	0.0278943	1.86074e-05	0.545344	0.421787	0.123475	8.23663e-05	0.000574192	0.00254167	
787	0.200533	0.084394	0.113531	0.00260765	0.887665	0.373572	0.502549	0.0115428	0.010092	0.0446727	
788	0.146468	0.0920108	0.0543072	0.000150199	0.648346	0.407288	0.240392	0.00066486	0.000290421	0.00128556	
789	0.104086	0.103213	0.000872734	3.47138e-07	0.460742	0.456878	0.00386318	1.53661e-06	3.64502e-07	1.61348e-06	
790	0.114519	0.0849085	0.0296112	0	0.506925	0.37585	0.131075	0	0	0	
791	0.12435	0.0876948	0.0366553	0	0.550439	0.388183	0.162256	0	0	0	
792	0.0939041	0.0829517	0.0109486	3.66401e-06	0.415669	0.367188	0.0484647	1.62188e-05	3.6813e-06	1.62954e-05	
793	0.243255	0.148277	0.0894242	0.00555348	1.07677	0.656354	0.395838	0.0245826	0.0069045	0.0305629	
794	0.0991181	0.0901823	0.00890202	3.38197e-05	0.438749	0.399194	0.039405	0.000149704	3.39009e-05	0.000150063	
795	0.125704	0.106291	0.0194101	3.00866e-06	0.556433	0.4705	0.0859194	1.33179e-05	6.93742e-06	3.07086e-05	
796	0.0944412	0.0944412	0	0	0.418046	0.418046	0	0	0	0	
797	0.0543464	0.0536301	0.000716231	0	0.240565	0.237395	0.00317041	0	0	0	
798	0.189901	0.104525	0.085277	9.89683e-05	0.840606	0.462686	0.377481	0.000438085	0.000414901	0.00183657	
799	0.167072	0.130214	0.036858	1.73575e-07	0.739551	0.576397	0.163153	7.68335e-07	2.3124e-07	1.02359e-06	
800	0.20373	0.159876	0.0438474	6.72251e-06	0.901817	0.707695	0.194092	2.97573e-05	7.32143e-06	3.24085e-05	
801	0.157889	0.0858743	0.071537	0.000478336	0.698902	0.380124	0.31666	0.00211737	0.00079928	0.00353803	
802	0.114581	0.0869572	0.0273502	0.000273888	0.507197	0.384918	0.121066	0.00121237	0.000372848	0.00165042	
803	0.0838875	0.0838875	0	0	0.37133	0.37133	0	0	0	0	
804	0.179855	0.152094	0.0274361	0.000324965	0.796135	0.67325	0.121446	0.00143846	0.000361197	0.00159885	
805	0.179713	0.144921	0.0346399	0.000151847	0.795507	0.6415	0.153334	0.000672155	0.000209198	0.000926022	
806	0.142818	0.107692	0.0345181	0.000607753	0.632191	0.476705	0.152795	0.00269023	0.000848617	0.00375642	
807	0.143398	0.120184	0.0231885	2.4935e-05	0.634756	0.532001	0.102644	0.000110375	4.71568e-05	0.000208741	
808	0.165533	0.153697	0.01182	1.53197e-05	0.732737	0.680348	0.0523217	6.78132e-05	1.53682e-05	6.80279e-05	
809	0.183972	0.112998	0.0708793	9.5561e-05	0.814361	0.500189	0.313749	0.000423003	0.000186239	0.000824392	
810	0.0794791	0.0784966	0.000982569	0	0.351816	0.347467	0.00434937	0	0	0	
811	0.12491	0.0977998	0.0270948	1.61441e-05	0.552921	0.432913	0.119936	7.14624e-05	2.84667e-05	0.000126008	
812	0.166218	0.112947	0.0528293	0.000441251	0.735769	0.499965	0.23385	0.00195321	0.000655533	0.00290173	
813	0.064404	0.064404	0	0	0.285086	0.285086	0	0	0	0	
814	0.0950338	0.082046	0.0129865	1.22e-06	0.42067	0.363179	0.0574854	5.40039e-06	2.8058e-06	1.24199e-05	
815	0.149051	0.133537	0.0152749	0.00023913	0.65978	0.591106	0.067615	0.00105851	0.000240586	0.00106496	
816	0.228326	0.156861	0.0713622	0.000102536	1.01069	0.69435	0.315886	0.000453879	0.000222939	0.000986846	
817	0.156776	0.0978361	0.0578286	0.00111115	0.693973	0.433074	0.25598	0.00491856	0.00133574	0.00591273	
818	0.178476	0.12509	0.0528361	0.000550558	0.790032	0.553714	0.23388	0.00243706	0.000645227	0.00285611	
819	0.0674035	0.0674035	0	0	0.298363	0.298363	0	0	0	0	
820	0.0966427	0.0913568	0.00528593	0	0.427791	0.404393	0.0233983	0	0	0	
821	0.0277504	0.0277445	5.92599e-06	0	0.122838	0.122812	2.62315e-05	0	0	0	
822	0.0925617	0.0848211	0.00773626	4.29901e-06	0.409726	0.375463	0.0342447	1.90297e-05	7.59666e-06	3.36268e-05	
823	0.0640305	0.0593938	0.00459232	4.43275e-05	0.283432	0.262908	0.020328	0.000196216	4.4345e-05	0.000196294	
824	0.120404	0.120346	5.72065e-05	0	0.532971	0.532718	0.000253226	0	0	0	
825	0.0790338	0.0790338	0	0	0.349845	0.349845	0	0	0	0	
826	0.117376	0.106761	0.0106148	0	0.51957	0.472584	0.0469868	0	0	0	
827	0.0846736	0.0846164	5.72065e-05	0	0.37481	0.374556	0.000253226	0	0	0	
828	0.165666	0.104259	0.0612105	0.000196509	0.733328	0.461508	0.27095	0.000869854	0.000280526	0.00124175	
829	0.135869	0.102147	0.0337224	0	0.60143	0.452156	0.149273	0	0	0	
830	0.163769	0.134696	0.0290723	0	0.724928	0.596238	0.128689	0	0	0	
831	0.101325	0.101226	9.92922e-05	0	0.448521	0.448081	0.000439519	0	0	0	
832	0.0861461	0.0843341	0.00181159	3.77574e-07	0.381328	0.373307	0.00801905	1.67134e-06	4.32483e-07	1.91439e-06	
833	0.0910315	0.0889202	0.00211134	0	0.402953	0.393607	0.0093459	0	0	0	
834	0.0990027	0.0984633	0.000539134	2.31795e-07	0.438238	0.43585	0.00238649	1.02604e-06	2.49199e-07	1.10308e-06	
835	0.0986092	0.0971213	0.00148785	0	0.436496	0.42991	0.00658602	0	0	0	
836	0.142876	0.116818	0.026009	4.87699e-05	0.632447	0.517101	0.115129	0.000215881	5.16053e-05	0.000228432	
837	0.124599	0.120781	0.00380853	9.76215e-06	0.551543	0.534642	0.0168585	4.32124e-05	9.77958e-06	4.32895e-05	
838	0.13224	0.0978011	0.0343212	0.000117921	0.585365	0.432919	0.151924	0.000521982	0.000164545	0.000728365	
839	0.208219	0.153097	0.0542709	0.000850759	0.921688	0.67769	0.240231	0.0037659	0.000921231	0.00407785	
840	0.104889	0.0770078	0.0278817	0	0.464296	0.340877	0.123419	0	0	0	
841	0.116149	0.0802752	0.0358694	4.51424e-06	0.514137	0.35534	0.158776	1.99824e-05	9.07337e-06	4.01635e-05	
842	0.104241	0.0983277	0.00591328	0	0.461425	0.43525	0.0261753	0	0	0	
843	0.140819	0.121895	0.0187547	0.000169171	0.623343	0.539575	0.0830184	0.000748842	0.000205953	0.000911659	
844	0.116241	0.110353	0.00588492	2.60255e-06	0.514544	0.488482	0.0260497	1.15202e-05	2.62014e-06	1.15981e-05	
845	0.182632	0.134997	0.0457798	0.00185597	0.808429	0.597568	0.202645	0.0082155	0.00186261	0.00824493	
846	0.104378	0.0942074	0.0101709	0	0.462033	0.417011	0.0450218	0	1.75572e-08	7.77174e-08	
847	0.120089	0.0960603	0.0240218	6.86816e-06	0.531577	0.425213	0.106333	3.04021e-05	7.09636e-06	3.14122e-05	
848	0.105919	0.10296	0.0029596	0	0.468856	0.455755	0.0131007	0	0	0	
849	0.101636	0.0970133	0.00462036	3.21831e-06	0.449898	0.429432	0.0204521	1.42459e-05	6.54642e-06	2.89779e-05	
850	0.0803222	0.0802738	4.84708e-05	0	0.355548	0.355334	0.000214557	0	0	0	
851	0.0646946	0.0646773	1.7367e-05	0	0.286372	0.286295	7.68758e-05	0	0	0	
852	0.0921908	0.0849618	0.0072108	1.82007e-05	0.408085	0.376086	0.0319188	8.05661e-05	2.3329e-05	0.000103266	
853	0.106081	0.103643	0.00243867	0	0.469573	0.458778	0.0107948	0	0	0	
854	0.10031	0.0946882	0.00561475	7.56402e-06	0.444027	0.41914	0.0248538	3.34823e-05	9.67857e-06	4.28424e-05	
855	0.112879	0.0933831	0.0188182	0.000678465	0.499665	0.413363	0.0832994	0.00300324	0.000678483	0.00300332	
856	0.115216	0.103807	0.0114058	2.93242e-06	0.510009	0.459507	0.0504884	1.29804e-05	2.9495e-06	1.3056e-05	
857	0.0634709	0.0634709	0	0	0.280955	0.280955	0	0	0	0	
858	0.105288	0.0855019	0.0197717	1.44597e-05	0.466061	0.378476	0.0875203	6.40066e-05	1.63941e-05	7.25692e-05	
859	0.125953	0.112061	0.0138914	1.04589e-07	0.557534	0.496043	0.061491	4.62969e-07	5.3031e-07	2.34743e-06	
860	0.0953926	0.0842039	0.0111887	0	0.422258	0.37273	0.0495273	0	0	0	
861	0.0864126	0.0863627	4.98826e-05	0	0.382507	0.382287	0.000220806	0	0	0	
862	0.0956685	0.0789008	0.0167493	1.83698e-05	0.423479	0.349256	0.0741413	8.13147e-05	2.38191e-05	0.000105436	
863	0.120225	0.115112	0.00511266	0	0.532181	0.50955	0.0226313	0	0	0	
864	0.109484	0.0952221	0.0142619	0	0.484634	0.421503	0.0631307	0	0	0	
865	0.117514	0.116666	0.000848299	2.51528e-07	0.520182	0.516426	0.00375501	1.11339e-06	2.68925e-07	1.1904e-06	
866	0.0765015	0.0758189	0.000682569	0	0.338636	0.335614	0.00302141	0	0	0	
867	0.0863955	0.0863955	0	0	0.382432	0.382432	0	0	0	0	
868	0.104433	0.0997428	0.00466659	2.42366e-05	0.462278	0.441514	0.0206567	0.000107284	2.42539e-05	0.00010736	
869	0.0965141	0.0944173	0.00209285	3.91564e-06	0.427222	0.417941	0.00926407	1.73327e-05	4.54803e-06	2.01319e-05	
870	0.128912	0.125971	0.00294132	0	0.570635	0.557615	0.0130198	0	0	0	
871	0.10605	0.0986933	0.00729095	6.66704e-05	0.469437	0.436868	0.0322735	0.000295118	6.66879e-05	0.000295195	
872	0.0418241	0.0418241	0	0	0.185135	0.185135	0	0	0	0	
873	0.100365	0.0998036	0.000562046	0	0.444271	0.441783	0.00248791	0	0	0	
874	0.104261	0.0907836	0.0134781	0	0.461517	0.401856	0.0596612	0	0	0	
875	0.0815368	0.081416	0.000120817	0	0.360924	0.36039	0.0005348	0	0	0	
876	0.0444159	0.0444159	0	0	0.196608	0.196608	0	0	0	0	
877	0.0994255	0.0875555	0.0117863	8.35951e-05	0.440109	0.387567	0.0521726	0.000370036	8.36127e-05	0.000370114	
878	0.0999748	0.0992791	0.00069567	0	0.442541	0.439461	0.0030794	0	0	0	
879	0.0872884	0.0871671	0.000121261	0	0.386384	0.385847	0.000536765	0	0	0	
880	0.0922104	0.0876197	0.00459069	0	0.408172	0.387851	0.0203208	0	0	0	
881	0.0809253	0.0792753	0.00164492	5.10396e-06	0.358218	0.350914	0.00728128	2.25928e-05	5.12135e-06	2.26697e-05	
882	0.0928938	0.0893936	0.00349701	3.23593e-06	0.411197	0.395703	0.0154796	1.43239e-05	3.44998e-06	1.52714e-05	
883	0.0592282	0.0592282	0	0	0.262175	0.262175	0	0	0	0	
884	0.0787679	0.0787679	0	0	0.348668	0.348668	0	0	0	0	
885	0.0894785	0.0894785	0	0	0.396079	0.396079	0	0	0	0	
886	0.102264	0.101677	0.000586431	0	0.452675	0.450079	0.00259585	0	0	0	
887	0.0660842	0.0660842	0	0	0.292523	0.292523	0	0	0	0	
888	0.0968734	0.0967867	8.67153e-05	0	0.428812	0.428429	0.000383847	0	0	0	
889	0.0665328	0.0645978	0.00193499	0	0.294509	0.285944	0.00856528	0	0	0	
890	0.0953775	0.0916073	0.00377023	0	0.422191	0.405502	0.016689	0	0	0	
891	0.0421227	0.0412587	0.000863924	0	0.186457	0.182633	0.00382418	0	0	0	
892	0.0585291	0.0585291	0	0	0.25908	0.25908	0	0	0	0	
893	0.0868677	0.0868677	0	0	0.384522	0.384522	0	0	0	0	
894	0.084073	0.0837506	0.000322393	0	0.372151	0.370724	0.00142708	0	0	0	
895	0.0800177	0.0800177	0	0	0.3542	0.3542	0	0	0	0	
896	0.0791332	0.0788108	0.000322393	0	0.350285	0.348858	0.00142708	0	0	0	
897	0.0735566	0.0716963	0.00186026	0	0.3256	0.317366	0.00823453	0	0	0	
898	0.073135	0.073135	0	0	0.323734	0.323734	0	0	0	0	
899	0.101382	0.0956919	0.00569038	0	0.448771	0.423582	0.0251886	0	0	0	
900	0.0818747	0.0818747	0	0	0.36242	0.36242	0	0	0	0	
901	0.168175	0.112414	0.0546825	0.00107805	0.744433	0.497607	0.242053	0.00477203	0.00110715	0.00490083	
902	0.0752427	0.0752427	0	0	0.333064	0.333064	0	0	0	0	
903	0.190832	0.116289	0.0739588	0.000583912	0.844725	0.514759	0.32738	0.0025847	0.00434913	0.0192515	
904	0.0678969	0.0678969	0	0	0.300547	0.300547	0	0	0	0	
905	0.145683	0.0930333	0.0526506	0	0.644873	0.411814	0.233059	0	0	0	
906	0.182495	0.130908	0.0512992	0.000288229	0.807822	0.579468	0.227077	0.00127585	0.000311314	0.00137803	
907	0.0805997	0.0805249	7.48032e-05	0	0.356776	0.356445	0.000331118	0	0	0	
908	0.110208	0.0995533	0.0106375	1.76999e-05	0.487841	0.440675	0.0470872	7.83494e-05	2.43426e-05	0.000107753	
909	0.107086	0.105832	0.00125431	0	0.474023	0.46847	0.00555226	0	0	0	
910	0.117392	0.090468	0.026924	0	0.519639	0.400459	0.119179	0	0	0	
911	0.119994	0.106982	0.0128358	0.000175804	0.531158	0.473562	0.0568183	0.000778202	0.000182885	0.000809547	
912	0.104627	0.0962309	0.00833697	5.95499e-05	0.463136	0.425968	0.0369038	0.000263599	5.9567e-05	0.000263675	
913	0.115542	0.0990704	0.0163717	0.000100386	0.511452	0.438537	0.0724699	0.000444365	0.000101516	0.000449366	
914	0.0769901	0.0769901	0	0	0.340798	0.340798	0	0	0	0	
915	0.111282	0.0920726	0.0191873	2.20811e-05	0.492593	0.407562	0.0849332	9.77429e-05	2.31767e-05	0.000102592	
916	0.107268	0.107268	0	0	0.474825	0.474825	0	0	0	0	
917	0.118783	0.0929424	0.0258395	1.08822e-06	0.525796	0.411412	0.114379	4.81704e-06	1.28022e-06	5.66695e-06	
918	0.127286	0.0893042	0.0379128	6.94335e-05	0.563437	0.395307	0.167822	0.000307349	0.000101859	0.000450882	
919	0.0906652	0.0865867	0.00407845	0	0.401332	0.383278	0.0180534	0	0	0	
920	0.119103	0.0861506	0.0329192	3.32372e-05	0.527213	0.381348	0.145718	0.000147125	5.2606e-05	0.000232862	
921	0.0384681	0.0384681	0	0	0.17028	0.17028	0	0	0	0	
922	0.0194894	0.0192233	0.000266121	0	0.0862705	0.0850925	0.00117799	0	0	0	
923	0.0624339	0.0594444	0.00298041	9.03233e-06	0.276365	0.263132	0.0131928	3.99818e-05	2.12491e-05	9.40597e-05	
924	0.0628125	0.0519053	0.0109072	0	0.278041	0.22976	0.0482811	0	0	0	
925	0.0490077	0.0450278	0.00395783	2.2011e-05	0.216934	0.199317	0.0175194	9.74326e-05	2.37744e-05	0.000105238	
926	0.0669606	0.0590806	0.00787996	0	0.296403	0.261522	0.0348808	0	0	0	
927	0.0786967	0.0776321	0.00106452	0	0.348353	0.34364	0.00471216	0	0	0	
928	0.0997665	0.0955647	0.00420182	0	0.441619	0.423019	0.0185995	0	0	0	
929	0.0446288	0.0431959	0.00143293	0	0.19755	0.191207	0.00634294	0	0	0	
930	0.076713	0.0751115	0.00160144	0	0.339572	0.332483	0.00708883	0	0	0	
931	0.0908971	0.0829622	0.00787807	5.67446e-05	0.402358	0.367234	0.0348724	0.000251181	5.67618e-05	0.000251257	
932	0.0857842	0.0845311	0.00125309	0	0.379726	0.374179	0.00554684	0	0	0	
933	0.0479867	0.047941	4.5699e-05	0	0.212414	0.212212	0.000202287	0	0	0	
934	0.0469033	0.0456772	0.0012261	0	0.207619	0.202191	0.0054274	0	0	0	
935	0.0882856	0.0780854	0.0101966	3.52964e-06	0.390798	0.345647	0.0451358	1.5624e-05	4.03071e-06	1.7842e-05	
936	0.0766788	0.0761771	0.000501638	0	0.33942	0.3372	0.00222051	0	0	0	
937	0.0621921	0.0621921	0	0	0.275295	0.275295	0	0	0	0	
938	0.0676568	0.0676568	0	0	0.299484	0.299484	0	0	0	0	
939	0.0744699	0.0732628	0.00120215	4.87896e-06	0.329643	0.324299	0.00532138	2.15968e-05	4.89637e-06	2.16739e-05	
940	0.0756004	0.0748553	0.000745087	0	0.334647	0.331349	0.00329814	0	0	0	
941	0.069071	0.069071	0	0	0.305744	0.305744	0	0	0	0	
942	0.0711918	0.0711918	0	0	0.315132	0.315132	0	0	0	0	
943	0.0808478	0.0806346	0.000213224	0	0.357875	0.356931	0.000943842	0	0	0	
944	0.0645931	0.0639364	0.000656715	0	0.285923	0.283016	0.00290696	0	0	0	
945	0.0638678	0.0636546	0.000213224	0	0.282712	0.281769	0.000943842	0	0	0	
946	0.0659636	0.0659636	0	0	0.291989	0.291989	0	0	0	0	
947	0.0963174	0.0963174	0	0	0.426351	0.426351	0	0	0	0	
948	0.0633549	0.0545448	0.0088101	0	0.280442	0.241444	0.0389981	0	0	0	
949	0.0650811	0.0650811	0	0	0.288083	0.288083	0	0	0	0	
950	0.0865794	0.0865794	0	0	0.383246	0.383246	0	0	0	0	
951	0.117235	0.11668	0.000555236	0	0.518945	0.516488	0.00245777	0	0	0	
952	0.0500354	0.0497931	0.000242267	0	0.221483	0.22041	0.0010724	0	0	0	
953	0.0541247	0.0536218	0.000502819	0	0.239584	0.237358	0.00222574	0	0	0	
954	0.0873001	0.0869211	0.000378935	0	0.386436	0.384759	0.00167736	0	0	0	
955	0.0896225	0.0896225	0	0	0.396716	0.396716	0	0	0	0	
956	0.0541128	0.0499996	0.00411319	0	0.239532	0.221324	0.0182071	0	0	0	
957	0.0794485	0.0794485	0	0	0.351681	0.351681	0	0	0	0	
958	0.0795282	0.0697276	0.00980068	0	0.352034	0.308651	0.043383	0	0	0	
959	0.0914807	0.0914807	0	0	0.404941	0.404941	0	0	0	0	
960	0.0569988	0.0569988	0	0	0.252306	0.252306	0	0	0	0	
961	0.0790607	0.0753628	0.00369793	0	0.349964	0.333595	0.016369	0	0	0	
962	0.0988337	0.098525	0.000308645	0	0.43749	0.436123	0.00136622	0	0	0	
963	0.146868	0.146542	0.000326249	1.12946e-08	0.650117	0.648673	0.00144415	4.99962e-08	2.86869e-08	1.26983e-07	
964	0.105286	0.104907	0.000378935	0	0.466052	0.464375	0.00167736	0	0	0	
965	0.15285	0.0967265	0.0561244	0	0.676599	0.428162	0.248436	0	0	0	
966	0.158313	0.102188	0.0561247	0	0.700779	0.452342	0.248437	0	0	0	
967	0.0445629	0.0445629	0	0	0.197259	0.197259	0	0	0	0	
968	0.0710297	0.0710297	0	0	0.314415	0.314415	0	0	0	0	
969	0.195431	0.178779	0.0166476	4.43304e-06	0.865081	0.79137	0.0736914	1.9623e-05	6.42632e-06	2.84462e-05	
970	0.206828	0.174554	0.0321041	0.000169587	0.915529	0.772669	0.14211	0.000750684	0.000306954	0.00135874	
