Node	dPC	dPCintra	dPCflux	dPCconnector	varPC	varPCintra	varPCflux	varPCconnector	dBC_PC	varBC_PC	
1	0.171534	0.16811	0.00342396	0	0.751633	0.736629	0.0150032	0	0	0	
2	0.0866946	0.0846253	0.0020693	0	0.379881	0.370813	0.00906733	0	0	0	
3	0.0936687	0.0829041	0.0107645	0	0.41044	0.363271	0.0471686	0	0	0	
4	0.0581992	0.0581992	0	0	0.255019	0.255019	0	0	0	0	
5	0.109375	0.107693	0.00168185	1.29687e-07	0.479264	0.471894	0.0073696	5.68268e-07	3.02406e-07	1.32509e-06	
6	0.0908485	0.0907091	0.000139439	0	0.398082	0.397471	0.000610998	0	0	0	
7	0.0887987	0.0873659	0.00143276	0	0.3891	0.382822	0.00627814	0	0	0	
8	0.122364	0.104407	0.0179574	0	0.536181	0.457494	0.0786862	0	0	0	
9	0.0890608	0.087801	0.00125605	3.82386e-06	0.390249	0.384729	0.00550381	1.67555e-05	3.81511e-06	1.67171e-05	
10	0.0614733	0.0601502	0.00131657	6.47387e-06	0.269365	0.263568	0.00576898	2.83674e-05	6.46513e-06	2.83291e-05	
11	0.0835079	0.0802862	0.00322166	0	0.365917	0.3518	0.0141167	0	0	0	
12	0.0960049	0.0958808	0.000124025	2.17684e-08	0.420677	0.420133	0.000543459	9.53857e-08	1.44595e-08	6.33594e-08	
13	0.104608	0.104608	0	0	0.458377	0.458377	0	0	0	0	
14	0.0847213	0.0847213	0	0	0.371234	0.371234	0	0	0	0	
15	0.0957565	0.0941862	0.00156842	1.90118e-06	0.419588	0.412708	0.00687255	8.33067e-06	1.89247e-06	8.29248e-06	
16	0.0744432	0.0744432	0	0	0.326197	0.326197	0	0	0	0	
17	0.0889776	0.0858302	0.00314736	0	0.389884	0.376093	0.0137911	0	0	0	
18	0.0742685	0.0732959	0.000969349	3.21173e-06	0.325432	0.32117	0.00424752	1.40732e-05	3.20297e-06	1.40348e-05	
19	0.0909583	0.0856404	0.00529477	2.31811e-05	0.398564	0.375261	0.0232007	0.000101576	2.31725e-05	0.000101538	
20	0.0600598	0.0600598	0	0	0.263171	0.263171	0	0	0	0	
21	0.0849424	0.083048	0.00189436	0	0.372203	0.363902	0.00830076	0	0	0	
22	0.0897922	0.088961	0.000831201	0	0.393454	0.389811	0.00364218	0	0	0	
23	0.0983659	0.0964716	0.00189436	0	0.431022	0.422722	0.00830076	0	0	0	
24	0.0683235	0.0661255	0.00219793	0	0.299382	0.289751	0.00963099	0	0	0	
25	0.126501	0.117369	0.00901181	0.000120781	0.554309	0.514291	0.0394882	0.000529244	0.000120772	0.000529206	
26	0.0864543	0.0856231	0.000831201	0	0.378828	0.375185	0.00364218	0	0	0	
27	0.0834235	0.0774474	0.00589048	8.56812e-05	0.365547	0.339361	0.0258111	0.00037544	8.82145e-05	0.000386541	
28	0.0631024	0.0631024	0	0	0.276504	0.276504	0	0	0	0	
29	0.103899	0.102886	0.00101336	0	0.45527	0.450829	0.00444041	0	0	0	
30	0.173353	0.151213	0.0220513	8.88686e-05	0.759606	0.662592	0.0966253	0.000389406	9.17038e-05	0.00040183	
31	0.141633	0.14062	0.00101336	0	0.620614	0.616173	0.00444041	0	0	0	
32	0.1477	0.141091	0.00660907	0	0.647196	0.618236	0.0289598	0	0	0	
33	0.0787477	0.0778691	0.000878689	0	0.345059	0.341209	0.00385026	0	0	0	
34	0.107569	0.0987035	0.00884909	1.72302e-05	0.471352	0.432502	0.0387752	7.54998e-05	1.72216e-05	7.54621e-05	
35	0.0676189	0.0619368	0.00562188	6.02345e-05	0.296294	0.271396	0.0246341	0.000263937	6.02259e-05	0.000263899	
36	0.0835023	0.0824549	0.00104731	0	0.365892	0.361303	0.00458915	0	0	0	
37	0.169201	0.0965005	0.0726863	1.45807e-05	0.741411	0.422848	0.318499	6.38902e-05	0.00386172	0.0169214	
38	0.0805493	0.0796683	0.00088098	0	0.352953	0.349093	0.0038603	0	0	0	
39	0.0905518	0.0852413	0.00531049	0	0.396782	0.373513	0.0232696	0	0	0	
40	0.10296	0.102565	0.000394762	0	0.451153	0.449424	0.00172978	0	0	0	
41	0.0991381	0.0974599	0.00167817	0	0.434406	0.427053	0.00735348	0	0	0	
42	0.0753205	0.0751178	0.000202645	0	0.330041	0.329153	0.000887957	0	0	0	
43	0.058934	0.0562151	0.00271891	0	0.258238	0.246325	0.0119138	0	0	0	
44	0.066859	0.065633	0.00122604	0	0.292965	0.287592	0.00537233	0	0	0	
45	0.0548646	0.0529722	0.00189231	0	0.240407	0.232115	0.00829179	0	0	0	
46	0.0910644	0.0864841	0.00457103	9.24369e-06	0.399028	0.378958	0.0200295	4.05042e-05	9.77829e-06	4.28468e-05	
47	0.138854	0.137	0.0018543	0	0.608437	0.600312	0.00812523	0	0	0	
48	0.110887	0.0863866	0.0245011	0	0.485891	0.378531	0.107359	0	0	0	
49	0.165113	0.160897	0.00421599	0	0.723498	0.705025	0.0184737	0	0	0	
50	0.0984306	0.0967911	0.00163282	6.72246e-06	0.431306	0.424122	0.00715477	2.94566e-05	6.71377e-06	2.94186e-05	
51	0.0864995	0.0860236	0.000475853	0	0.379026	0.376941	0.0020851	0	0	0	
52	0.0781507	0.0774568	0.000693904	0	0.342443	0.339402	0.00304056	0	0	0	
53	0.0968824	0.0964876	0.000394762	0	0.424522	0.422792	0.00172978	0	0	0	
54	0.0931935	0.0922112	0.000979652	2.6087e-06	0.408357	0.404053	0.00429267	1.14308e-05	2.59995e-06	1.13925e-05	
55	0.0976692	0.0942531	0.00341614	0	0.427969	0.413	0.0149689	0	0	0	
56	0.117787	0.113851	0.00393539	0	0.516123	0.498879	0.0172442	0	0	0	
57	0.102403	0.102403	0	0	0.448712	0.448712	0	0	0	0	
58	0.123183	0.0928252	0.0302766	8.10934e-05	0.539766	0.406744	0.132667	0.000355337	0.000278247	0.00121923	
59	0.169528	0.113899	0.0555529	7.63037e-05	0.742845	0.499087	0.243423	0.000334349	8.01078e-05	0.000351018	
60	0.0758346	0.0748194	0.00101523	0	0.332294	0.327845	0.00444857	0	0	0	
61	0.0889174	0.0885803	0.000337118	0	0.389621	0.388143	0.00147719	0	0	0	
62	0.0982234	0.0949661	0.00325733	0	0.430398	0.416125	0.014273	0	0	0	
63	0.10829	0.0954588	0.0128185	1.29936e-05	0.474509	0.418284	0.0561685	5.69358e-05	2.04435e-05	8.95803e-05	
64	0.0991753	0.0984122	0.000762912	1.80501e-07	0.434569	0.431225	0.00334295	7.90925e-07	1.71745e-07	7.52561e-07	
65	0.109196	0.104257	0.00492921	1.03723e-05	0.478482	0.456837	0.0215989	4.54497e-05	1.45646e-05	6.38197e-05	
66	0.109354	0.102583	0.00677132	0	0.479172	0.449501	0.0296707	0	0	0	
67	0.158576	0.139588	0.0189609	2.66908e-05	0.694855	0.611654	0.0830835	0.000116954	4.05148e-05	0.000177528	
68	0.100802	0.081173	0.019624	5.78238e-06	0.441701	0.355686	0.0859892	2.53374e-05	1.34761e-05	5.90501e-05	
69	0.116518	0.115614	0.000902109	1.43732e-06	0.510562	0.506603	0.00395288	6.2981e-06	1.42858e-06	6.25982e-06	
70	0.0786669	0.0775967	0.001069	1.16216e-06	0.344705	0.340015	0.0046842	5.0924e-06	1.15343e-06	5.05414e-06	
71	0.0630892	0.0449072	0.018182	0	0.276446	0.196775	0.0796705	0	0	0	
72	0.150263	0.131583	0.0186673	1.25915e-05	0.658427	0.576575	0.0817971	5.5174e-05	1.80723e-05	7.91898e-05	
73	0.0801356	0.0606301	0.0194427	6.27416e-05	0.35114	0.265671	0.0851949	0.000274923	0.000162378	0.000711513	
74	0.128734	0.107711	0.0210138	8.92292e-06	0.564091	0.471973	0.092079	3.90987e-05	9.86683e-06	4.32347e-05	
75	0.16857	0.145128	0.0231815	0.000260736	0.738647	0.635927	0.101577	0.0011425	0.000358693	0.00157173	
76	0.149858	0.142541	0.00725685	5.95811e-05	0.656652	0.624593	0.0317983	0.000261074	6.00613e-05	0.000263178	
77	0.0903851	0.0903851	0	0	0.396052	0.396052	0	0	0	0	
78	0.123331	0.099566	0.0236231	0.000141931	0.540415	0.436281	0.103512	0.000621918	0.00016431	0.000719981	
79	0.150826	0.138199	0.0124916	0.000134601	0.660894	0.605568	0.0547363	0.000589802	0.000134592	0.000589762	
80	0.136371	0.126213	0.0101331	2.56542e-05	0.597558	0.553044	0.0444017	0.000112412	2.73933e-05	0.000120032	
81	0.10987	0.107109	0.00276052	0	0.481433	0.469337	0.0120961	0	0	0	
82	0.222454	0.16246	0.0592433	0.000749985	0.974756	0.711875	0.259594	0.0032863	0.00113651	0.00498002	
83	0.153543	0.126205	0.027269	6.88195e-05	0.672802	0.553012	0.119488	0.000301555	8.54358e-05	0.000374365	
84	0.104012	0.0969621	0.00705054	0	0.455765	0.424871	0.0308942	0	0	0	
85	0.125	0.101922	0.0230779	0	0.547732	0.446609	0.101123	0	0	0	
86	0.171804	0.14739	0.0242238	0.000189939	0.752816	0.645839	0.106144	0.00083228	0.000222317	0.000974157	
87	0.0805792	0.0782326	0.00234657	0	0.353084	0.342802	0.0102823	0	0	0	
88	0.0830472	0.0822882	0.000758423	5.19644e-07	0.363898	0.360573	0.00332328	2.27699e-06	5.10898e-07	2.23866e-06	
89	0.0781398	0.0775758	0.000564007	0	0.342395	0.339923	0.00247138	0	0	0	
90	0.105315	0.0995988	0.00570735	9.22138e-06	0.461474	0.436425	0.0250086	4.04065e-05	9.62625e-06	4.21806e-05	
91	0.104552	0.1032	0.00135154	0	0.458129	0.452207	0.00592225	0	0	0	
92	0.0856736	0.0845414	0.00113049	1.62834e-06	0.375407	0.370446	0.00495364	7.13513e-06	1.61964e-06	7.09702e-06	
93	0.0944683	0.091004	0.00345916	5.16758e-06	0.413944	0.398764	0.0151574	2.26434e-05	6.08672e-06	2.66709e-05	
94	0.089643	0.0864661	0.0031769	0	0.3928	0.378879	0.0139206	0	0	0	
95	0.154912	0.13257	0.0223387	3.28241e-06	0.678801	0.580902	0.0978844	1.43829e-05	3.42714e-06	1.50171e-05	
96	0.180222	0.160898	0.0192853	3.85319e-05	0.789704	0.70503	0.0845049	0.00016884	4.31932e-05	0.000189265	
97	0.11689	0.0955004	0.0213898	0	0.512193	0.418466	0.0937265	0	0	0	
98	0.114478	0.0903654	0.0241125	3.20126e-07	0.501624	0.395965	0.105656	1.40274e-06	3.82077e-07	1.67419e-06	
99	0.103851	0.101315	0.00253663	0	0.455061	0.443946	0.0111151	0	0	0	
100	0.0959792	0.0931466	0.00282898	3.60534e-06	0.420564	0.408152	0.0123961	1.5798e-05	3.59663e-06	1.57598e-05	
101	0.147396	0.146135	0.00126102	0	0.645864	0.640339	0.00552561	0	0	0	
102	0.161968	0.108626	0.0533059	3.59684e-05	0.709717	0.475982	0.233577	0.000157607	3.64345e-05	0.000159649	
103	0.0772176	0.074254	0.00296351	0	0.338354	0.325368	0.0129855	0	0	0	
104	0.106395	0.0843627	0.0220323	0	0.466204	0.369662	0.0965421	0	0	0	
105	0.093823	0.0873171	0.00641815	8.77647e-05	0.411116	0.382608	0.0281232	0.000384569	8.7756e-05	0.000384531	
106	0.133131	0.112952	0.0201641	1.45876e-05	0.583357	0.494938	0.0883556	6.39206e-05	6.38685e-05	0.000279861	
107	0.16855	0.148559	0.0198854	0.000105755	0.738558	0.65096	0.0871347	0.000463402	0.000108336	0.000474713	
108	0.100081	0.0981469	0.00193246	1.74078e-06	0.438538	0.430063	0.00846771	7.62784e-06	1.73205e-06	7.58957e-06	
109	0.135951	0.109475	0.0264395	3.65494e-05	0.595716	0.479703	0.115853	0.000160153	4.40378e-05	0.000192966	
110	0.11949	0.110003	0.0094868	0	0.523588	0.482018	0.0415695	0	0	0	
111	0.103844	0.0974564	0.00638139	6.79013e-06	0.455029	0.427037	0.0279621	2.97531e-05	7.03055e-06	3.08066e-05	
112	0.102906	0.0960127	0.0068792	1.41093e-05	0.450916	0.420711	0.0301434	6.18246e-05	1.54731e-05	6.78009e-05	
113	0.09447	0.0929421	0.00152784	0	0.413951	0.407256	0.00669475	0	0	0	
114	0.149952	0.125734	0.0239006	0.000317525	0.657064	0.550944	0.104728	0.00139134	0.000319848	0.00140152	
115	0.111107	0.108173	0.00293393	0	0.486855	0.473999	0.0128559	0	0	0	
116	0.118689	0.115816	0.0028727	0	0.520076	0.507489	0.0125877	0	0	0	
117	0.104893	0.0980883	0.00680489	0	0.459624	0.429806	0.0298178	0	0	0	
118	0.103653	0.102901	0.000751087	7.55471e-07	0.454189	0.450895	0.00329113	3.31034e-06	7.46724e-07	3.27201e-06	
119	0.117799	0.115002	0.00279649	0	0.516176	0.503922	0.0122537	0	0	0	
120	0.105823	0.0973511	0.00841088	6.16631e-05	0.463701	0.426576	0.036855	0.000270197	6.51606e-05	0.000285522	
121	0.0882629	0.0853898	0.00287301	0	0.386752	0.374163	0.012589	0	0	0	
122	0.169416	0.159643	0.00969016	8.26981e-05	0.742353	0.69953	0.0424606	0.000362368	8.82837e-05	0.000386844	
123	0.111437	0.10831	0.00312711	0	0.488298	0.474595	0.0137025	0	0	0	
124	0.159425	0.0975454	0.0587492	0.00313046	0.698573	0.427427	0.257429	0.0137171	0.0045428	0.0199058	
125	0.106383	0.104674	0.00170886	0	0.466155	0.458667	0.00748796	0	0	0	
126	0.13926	0.105637	0.0329206	0.000702051	0.610214	0.462886	0.144252	0.00307626	0.00106222	0.0046545	
127	0.207303	0.193971	0.0132862	4.63257e-05	0.90837	0.849949	0.058218	0.000202991	5.30344e-05	0.000232387	
128	0.133084	0.12214	0.0109359	7.37499e-06	0.583151	0.5352	0.0479192	3.23159e-05	7.63859e-06	3.34709e-05	
129	0.123669	0.119506	0.00416173	1.65465e-06	0.541899	0.523656	0.018236	7.2504e-06	1.77139e-06	7.76196e-06	
130	0.0978706	0.097428	0.000442631	0	0.428852	0.426912	0.00193953	0	0	0	
131	0.131006	0.126166	0.00483777	2.04122e-06	0.574047	0.55284	0.0211983	8.94431e-06	2.03242e-06	8.90575e-06	
132	0.113882	0.0862079	0.0276739	4.8363e-07	0.499012	0.377748	0.121262	2.11918e-06	6.09706e-06	2.67162e-05	
133	0.130779	0.112176	0.0185729	2.96666e-05	0.573052	0.491539	0.0813833	0.000129994	0.000159447	0.00069867	
134	0.0969947	0.096817	0.000177692	0	0.425014	0.424235	0.000778616	0	0	0	
135	0.0719329	0.0714245	0.000508325	0	0.315197	0.31297	0.00222739	0	0	0	
136	0.105511	0.104786	0.000723768	8.73117e-07	0.462331	0.459156	0.00317143	3.82584e-06	8.64346e-07	3.78741e-06	
137	0.106012	0.103375	0.0026283	8.66911e-06	0.464529	0.452975	0.0115167	3.79865e-05	8.66033e-06	3.79481e-05	
138	0.11038	0.105632	0.00474604	1.19913e-06	0.483667	0.462865	0.0207963	5.25439e-06	1.19063e-06	5.21714e-06	
139	0.110104	0.107517	0.00258659	2.94642e-07	0.48246	0.471125	0.0113339	1.29107e-06	2.86452e-07	1.25518e-06	
140	0.136085	0.122549	0.0135132	2.33479e-05	0.596303	0.536989	0.0592126	0.000102306	2.74531e-05	0.000120295	
141	0.0985876	0.094173	0.00441457	0	0.431994	0.41265	0.0193439	0	0	0	
142	0.0859971	0.0844615	0.00153563	0	0.376824	0.370095	0.0067289	0	0	0	
143	0.159667	0.156711	0.00295603	0	0.699635	0.686683	0.0129528	0	0	0	
144	0.100564	0.0999877	0.000576555	1.22902e-07	0.440656	0.438129	0.00252636	5.38537e-07	1.14682e-07	5.0252e-07	
145	0.0909174	0.0878455	0.00307191	0	0.398384	0.384924	0.0134606	0	0	0	
146	0.0631584	0.0619525	0.00120591	0	0.276749	0.271465	0.00528411	0	0	0	
147	0.0748182	0.0736123	0.00120591	0	0.32784	0.322556	0.00528411	0	0	0	
148	0.112967	0.10918	0.00378207	5.18472e-06	0.495003	0.478408	0.0165723	2.27185e-05	5.17606e-06	2.26806e-05	
149	0.111859	0.101184	0.0106604	1.53123e-05	0.490151	0.443371	0.0467124	6.70961e-05	1.9191e-05	8.40917e-05	
150	0.0958051	0.0836578	0.0121472	0	0.419801	0.366574	0.0532272	0	0	0	
151	0.131129	0.126039	0.00507059	1.97209e-05	0.574588	0.552284	0.0222184	8.64136e-05	2.37212e-05	0.000103942	
152	0.0915919	0.085856	0.00573335	2.56511e-06	0.40134	0.376206	0.0251225	1.12399e-05	2.97378e-06	1.30306e-05	
153	0.140415	0.13737	0.00304472	1.66997e-07	0.615277	0.601934	0.0133414	7.31755e-07	1.58323e-07	6.93746e-07	
154	0.10383	0.0989816	0.00483928	9.6875e-06	0.454968	0.43372	0.0212049	4.24489e-05	1.10832e-05	4.85649e-05	
155	0.112484	0.0930479	0.0194363	0	0.492886	0.407719	0.0851666	0	0	0	
156	0.111343	0.0959963	0.0153469	0	0.487887	0.420639	0.0672477	0	0	0	
157	0.0895328	0.0895174	1.53324e-05	0	0.392317	0.39225	6.71839e-05	0	0	0	
158	0.106791	0.104876	0.00191493	1.21207e-07	0.46794	0.459549	0.00839092	5.31109e-07	1.12364e-07	4.92361e-07	
159	0.100673	0.100592	8.15887e-05	0	0.441134	0.440777	0.000357508	0	0	0	
160	0.166327	0.157903	0.00832621	9.78515e-05	0.728817	0.691905	0.036484	0.000428768	9.78428e-05	0.00042873	
161	0.186055	0.176316	0.00969633	4.21649e-05	0.815263	0.77259	0.0424876	0.000184759	4.89705e-05	0.00021458	
162	0.10893	0.095569	0.0133093	5.19068e-05	0.477313	0.418767	0.0583191	0.000227446	5.32469e-05	0.000233318	
163	0.0872983	0.079662	0.00763636	0	0.382526	0.349065	0.0334612	0	0	0	
164	0.125052	0.0910248	0.0340103	1.68626e-05	0.547956	0.398855	0.149027	7.38894e-05	2.32621e-05	0.00010193	
165	0.152863	0.116894	0.0358823	8.60198e-05	0.66982	0.512213	0.15723	0.000376924	0.000115327	0.000505344	
166	0.0999537	0.0988463	0.00110736	0	0.43798	0.433127	0.00485226	0	0	0	
167	0.101359	0.0985383	0.00281033	1.11119e-05	0.444141	0.431778	0.0123143	4.86906e-05	1.11031e-05	4.86521e-05	
168	0.10421	0.0994976	0.0047108	1.89413e-06	0.456631	0.435981	0.0206419	8.29977e-06	2.0359e-06	8.92099e-06	
169	0.0997864	0.0961721	0.00359426	2.00144e-05	0.437246	0.421409	0.0157494	8.76999e-05	2.00058e-05	8.76623e-05	
170	0.133615	0.110278	0.0230851	0.000251728	0.585479	0.483221	0.101155	0.00110302	0.000271695	0.00119052	
171	0.220426	0.198255	0.022122	4.92895e-05	0.965871	0.86872	0.0969352	0.000215978	6.39633e-05	0.000280276	
172	0.13672	0.123962	0.0127584	0	0.599086	0.543181	0.0559052	0	0	0	
173	0.157871	0.137718	0.0198885	0.000264544	0.691766	0.603459	0.0871482	0.00115919	0.000264817	0.00116038	
174	0.122738	0.114953	0.00778525	0	0.537819	0.503706	0.0341136	0	0	0	
175	0.104182	0.0977097	0.00647059	2.24857e-06	0.45651	0.428147	0.028353	9.85287e-06	2.59329e-06	1.13633e-05	
176	0.10362	0.0962758	0.00728953	5.49876e-05	0.454046	0.421864	0.0319414	0.000240946	5.53171e-05	0.00024239	
177	0.170478	0.14395	0.026167	0.000361502	0.747009	0.630765	0.114659	0.00158404	0.00036472	0.00159814	
178	0.125873	0.108047	0.017746	8.01201e-05	0.551557	0.473446	0.0777599	0.000351072	9.38628e-05	0.00041129	
179	0.150439	0.142567	0.00781264	5.89671e-05	0.659198	0.624706	0.0342336	0.000258383	6.8137e-05	0.000298565	
180	0.112645	0.102981	0.00951166	0.000152163	0.493592	0.451247	0.0416785	0.000666756	0.000152155	0.000666718	
181	0.128174	0.127247	0.000926257	0	0.561637	0.557578	0.0040587	0	0	0	
182	0.10099	0.100942	4.75397e-05	0	0.442521	0.442313	0.000208311	0	0	0	
183	0.116369	0.11323	0.00313844	0	0.50991	0.496158	0.0137521	0	0	0	
184	0.0935128	0.0893733	0.00413951	0	0.409757	0.391618	0.0181386	0	0	0	
185	0.0885794	0.0838443	0.00473502	0	0.388139	0.367391	0.020748	0	0	0	
186	0.128091	0.115549	0.0125427	0	0.561276	0.506316	0.0549601	0	0	0	
187	0.0896276	0.0896276	0	0	0.392732	0.392732	0	0	0	0	
188	0.084867	0.0819132	0.00295372	0	0.371872	0.358929	0.0129427	0	0	0	
189	0.105888	0.10386	0.0020281	1.87046e-07	0.463985	0.455098	0.00888679	8.19604e-07	4.33205e-07	1.89823e-06	
190	0.0721182	0.0602876	0.0118119	1.86117e-05	0.316009	0.26417	0.0517579	8.15534e-05	2.29801e-05	0.000100694	
191	0.322004	0.216611	0.103496	0.00189616	1.41096	0.949155	0.453504	0.00830867	0.0020619	0.0090349	
192	0.0741089	0.0741089	0	0	0.324732	0.324732	0	0	0	0	
193	0.120224	0.120224	0	0	0.526805	0.526805	0	0	0	0	
194	0.141981	0.122931	0.0188546	0.000195884	0.62214	0.538664	0.0826178	0.00085833	0.000203807	0.000893051	
195	0.089978	0.089978	0	0	0.394268	0.394268	0	0	0	0	
196	0.0907669	0.0907669	0	0	0.397725	0.397725	0	0	0	0	
197	0.0662125	0.0568846	0.00932503	2.93405e-06	0.290132	0.249258	0.0408607	1.28565e-05	1.19578e-05	5.23973e-05	
198	0.126402	0.116056	0.0103399	6.7263e-06	0.553875	0.508538	0.0453078	2.94734e-05	6.7177e-06	2.94358e-05	
199	0.13124	0.116094	0.015128	1.85678e-05	0.575074	0.508704	0.0662884	8.13609e-05	1.8559e-05	8.13223e-05	
200	0.109284	0.0885525	0.020732	0	0.478866	0.388022	0.0908442	0	0	0	
201	0.134859	0.102131	0.032376	0.000352222	0.590931	0.447521	0.141866	0.00154337	0.000528576	0.00231613	
202	0.107482	0.107482	0	0	0.470968	0.470968	0	0	0	0	
203	0.0959381	0.0959381	0	0	0.420384	0.420384	0	0	0	0	
204	0.158953	0.135816	0.023106	3.1436e-05	0.696507	0.595122	0.101246	0.000137747	5.11787e-05	0.000224256	
205	0.108423	0.0912165	0.0172	6.80888e-06	0.475093	0.399695	0.0753678	2.98353e-05	1.00024e-05	4.38288e-05	
206	0.186813	0.15158	0.0351539	7.96605e-05	0.818586	0.664198	0.154038	0.000349058	9.34237e-05	0.000409366	
207	0.0618717	0.0526847	0.00918072	6.21013e-06	0.271111	0.230855	0.0402283	2.72117e-05	1.11661e-05	4.8928e-05	
208	0.10179	0.0997508	0.00203956	0	0.446028	0.437091	0.00893703	0	0	0	
209	0.149302	0.0966204	0.052659	2.34146e-05	0.654219	0.423374	0.230742	0.000102599	0.000184329	0.000807698	
210	0.11542	0.115356	6.34883e-05	0	0.505752	0.505474	0.000278195	0	0	0	
211	0.16621	0.105029	0.0611817	0	0.728306	0.460219	0.268087	0	0	0	
212	0.118308	0.118052	0.000256292	0	0.518408	0.517285	0.00112302	0	0	0	
213	0.244596	0.167023	0.077099	0.000474037	1.07178	0.731869	0.337834	0.00207715	0.0020909	0.00916196	
214	0.11959	0.117487	0.00210239	0	0.524023	0.514811	0.00921232	0	0	0	
215	0.165345	0.163927	0.00141616	1.22896e-06	0.724513	0.718303	0.00620538	5.38509e-06	1.22019e-06	5.3467e-06	
216	0.099621	0.0860284	0.0135926	0	0.436522	0.376961	0.0595605	0	0	0	
217	0.18272	0.142909	0.0392041	0.000606757	0.800648	0.626204	0.171785	0.0026587	0.000646631	0.00283343	
218	0.0987626	0.0985542	0.00020845	0	0.432761	0.431847	0.000913395	0	0	0	
219	0.135408	0.134962	0.000445879	0	0.593336	0.591382	0.00195376	0	0	0	
220	0.0946264	0.0850183	0.00960809	0	0.414636	0.372535	0.042101	0	0	0	
221	0.106937	0.0951956	0.0117222	2.0021e-05	0.468583	0.41713	0.0513647	8.77286e-05	2.00767e-05	8.79727e-05	
222	0.0509922	0.0509922	0	0	0.223439	0.223439	0	0	0	0	
223	0.0984074	0.0981511	0.000256292	0	0.431204	0.430081	0.00112302	0	0	0	
224	0.155382	0.147307	0.00807527	0	0.680859	0.645474	0.0353844	0	0	0	
225	0.0827709	0.0794091	0.00335838	3.44591e-06	0.362688	0.347957	0.0147158	1.50993e-05	3.43718e-06	1.50611e-05	
226	0.232026	0.228215	0.00380896	2.72775e-06	1.0167	1	0.0166902	1.19525e-05	2.71902e-06	1.19143e-05	
227	0.0836421	0.083416	0.000226105	0	0.366505	0.365514	0.000990757	0	0	0	
228	0.0881334	0.0804538	0.00767957	0	0.386185	0.352534	0.0336505	0	0	0	
229	0.12731	0.125614	0.00169652	0	0.557854	0.55042	0.00743389	0	0	0	
230	0.108076	0.10806	1.50619e-05	0	0.47357	0.473504	6.59988e-05	0	0	0	
231	0.0933145	0.0932959	1.86602e-05	0	0.408888	0.408806	8.17658e-05	0	0	0	
232	0.0837985	0.0761178	0.00768066	0	0.36719	0.333535	0.0336553	0	0	0	
233	0.0795097	0.0792049	0.000304833	0	0.348398	0.347062	0.00133572	0	0	0	
234	0.105738	0.105738	0	0	0.463329	0.463329	0	0	0	0	
235	0.138123	0.138123	0	0	0.605233	0.605233	0	0	0	0	
236	0.0685581	0.0670801	0.00147391	4.11407e-06	0.30041	0.293933	0.00645846	1.80271e-05	4.10531e-06	1.79887e-05	
237	0.0490204	0.0480219	0.000998494	0	0.214799	0.210423	0.00437523	0	0	0	
238	0.0907365	0.0907365	0	0	0.397592	0.397592	0	0	0	0	
239	0.149426	0.123665	0.0257596	1.66888e-06	0.654761	0.541879	0.112874	7.31276e-06	1.66071e-06	7.27697e-06	
240	0.0930616	0.0919305	0.00113109	0	0.40778	0.402824	0.00495625	0	0	0	
241	0.147479	0.12024	0.0271371	0.000101123	0.646228	0.526874	0.11891	0.000443106	0.000101115	0.00044307	
242	0.0869597	0.0867623	0.000197375	0	0.381042	0.380177	0.000864864	0	0	0	
243	0.087336	0.087336	0	0	0.382691	0.382691	0	0	0	0	
244	0.0900805	0.0900805	0	0	0.394717	0.394717	0	0	0	0	
245	0.118979	0.0965757	0.0218818	0.000521729	0.521346	0.423178	0.0958824	0.00228612	0.000522942	0.00229144	
246	0.103653	0.0908969	0.012756	0	0.454189	0.398294	0.0558948	0	0	0	
247	0.1138	0.108813	0.00496503	2.16978e-05	0.498652	0.476801	0.0217559	9.50762e-05	2.16887e-05	9.50363e-05	
248	0.0848672	0.0848672	0	0	0.371873	0.371873	0	0	0	0	
249	0.0735341	0.0710739	0.00246018	0	0.322214	0.311433	0.01078	0	0	0	
250	0.0682951	0.0676669	0.000628169	0	0.299257	0.296504	0.00275253	0	0	0	
251	0.123729	0.11094	0.0127866	1.7351e-06	0.542159	0.486123	0.0560289	7.60294e-06	1.72625e-06	7.56415e-06	
252	0.0761668	0.0703347	0.00577027	6.18588e-05	0.333749	0.308194	0.0252843	0.000271054	6.18497e-05	0.000271015	
253	0.0993087	0.0993083	3.75833e-07	0	0.435153	0.435152	1.64683e-06	0	0	0	
254	0.0792401	0.0788539	0.000386231	0	0.347216	0.345524	0.0016924	0	0	0	
255	0.088356	0.0880497	0.000306303	0	0.387161	0.385818	0.00134216	0	0	0	
256	0.0999232	0.0981934	0.00172973	0	0.437846	0.430266	0.00757941	0	0	0	
257	0.0901545	0.0901545	0	0	0.395041	0.395041	0	0	0	0	
258	0.101519	0.0976622	0.00384069	1.63671e-05	0.44484	0.427939	0.0168292	7.17182e-05	1.79163e-05	7.85063e-05	
259	0.0517993	0.0459595	0.00577568	6.41238e-05	0.226975	0.201386	0.025308	0.000280979	8.13649e-05	0.000356527	
260	0.0439633	0.0423821	0.00158121	0	0.19264	0.185711	0.00692862	0	0	0	
261	0.112126	0.111543	0.000583615	0	0.491319	0.488762	0.0025573	0	0	0	
262	0.11569	0.112797	0.00289259	0	0.506934	0.494259	0.0126748	0	0	0	
263	0.0547512	0.0444286	0.0103225	0	0.23991	0.194678	0.0452317	0	0	0	
264	0.185461	0.142099	0.0429789	0.000382951	0.812661	0.622657	0.188326	0.00167802	0.000555179	0.0024327	
265	0.0482329	0.0440195	0.00420397	9.48243e-06	0.211348	0.192885	0.018421	4.15504e-05	1.32251e-05	5.79501e-05	
266	0.0848957	0.084692	0.000203765	0	0.371998	0.371105	0.000892863	0	0	0	
267	0.0478316	0.0462504	0.00158121	0	0.20959	0.202661	0.00692862	0	0	0	
268	0.0866837	0.0864799	0.000203765	0	0.379833	0.37894	0.000892863	0	0	0	
269	0.208004	0.207921	8.27363e-05	0	0.911438	0.911075	0.000362536	0	0	0	
270	0.109353	0.108967	0.000386231	0	0.479167	0.477474	0.0016924	0	0	0	
271	0.0858672	0.0858672	0	0	0.376255	0.376255	0	0	0	0	
272	0.108188	0.1052	0.00298847	0	0.474064	0.460969	0.013095	0	0	0	
273	0.109522	0.0929863	0.016457	7.93324e-05	0.479909	0.40745	0.0721121	0.000347621	0.000116027	0.000508412	
274	0.100218	0.0956651	0.00455235	6.94228e-07	0.439138	0.419188	0.0199476	3.04198e-06	7.51172e-07	3.2915e-06	
275	0.118396	0.112825	0.00553421	3.74349e-05	0.518794	0.49438	0.0242499	0.000164033	3.74693e-05	0.000164184	
276	0.0920929	0.091083	0.00100984	0	0.403535	0.39911	0.00442498	0	0	0	
277	0.105672	0.105541	0.00013126	0	0.46304	0.462465	0.00057516	0	0	0	
278	0.172797	0.150094	0.0226059	9.77785e-05	0.75717	0.657686	0.0990555	0.000428448	0.000140638	0.000616253	
279	0.0785978	0.0781342	0.000463605	0	0.344402	0.34237	0.00203143	0	0	0	
280	0.137893	0.123101	0.014766	2.64888e-05	0.604227	0.539409	0.0647023	0.000116069	2.73692e-05	0.000119927	
281	0.121853	0.096468	0.0253093	7.59094e-05	0.53394	0.422706	0.110901	0.000332622	9.6776e-05	0.000424056	
282	0.0846149	0.0823827	0.00223225	0	0.370768	0.360986	0.00978135	0	0	0	
283	0.101034	0.0924269	0.00859707	1.07754e-05	0.442717	0.404999	0.0376709	4.7216e-05	1.23103e-05	5.39417e-05	
284	0.126776	0.112183	0.0145499	4.32208e-05	0.555511	0.491567	0.0637554	0.000189386	4.75515e-05	0.000208362	
285	0.0985918	0.0884671	0.0101246	0	0.432012	0.387648	0.0443643	0	0	0	
286	0.118865	0.0832392	0.0356267	0	0.52085	0.36474	0.15611	0	0	0	
287	0.0697392	0.0663089	0.00343033	0	0.305585	0.290554	0.0150311	0	0	0	
288	0.201022	0.142478	0.0574845	0.00105897	0.880844	0.624317	0.251887	0.00464025	0.0012786	0.00560262	
289	0.0695463	0.0665578	0.00298847	0	0.30474	0.291645	0.013095	0	0	0	
290	0.0708419	0.0699635	0.000878474	0	0.310417	0.306568	0.00384932	0	0	0	
291	0.174241	0.139105	0.0350583	7.76353e-05	0.763497	0.609537	0.153619	0.000340184	0.000536424	0.00235052	
292	0.139918	0.118312	0.0214998	0.000106937	0.6131	0.518423	0.0942087	0.00046858	0.000106927	0.000468535	
293	0.0692241	0.0482407	0.0209834	0	0.303328	0.211382	0.0919457	0	0	0	
294	0.0634437	0.061855	0.0015845	4.19159e-06	0.277999	0.271038	0.00694301	1.83668e-05	4.59824e-06	2.01487e-05	
295	0.171794	0.154307	0.0173821	0.000104891	0.752773	0.676147	0.0761658	0.000459617	0.00015014	0.000657891	
296	0.11997	0.11997	0	0	0.525688	0.525688	0	0	0	0	
297	0.169875	0.148653	0.0211175	0.000103958	0.744363	0.651374	0.0925336	0.000455527	0.00012064	0.000528625	
298	0.102228	0.0921191	0.0100746	3.42912e-05	0.447946	0.40365	0.0441454	0.000150258	3.70254e-05	0.000162239	
299	0.0950322	0.080539	0.0143382	0.000154886	0.416414	0.352908	0.0628279	0.000678687	0.000154878	0.000678649	
300	0.0787081	0.0778296	0.000878474	0	0.344885	0.341036	0.00384932	0	0	0	
301	0.063993	0.0631174	0.000875549	0	0.280406	0.27657	0.0038365	0	0	0	
302	0.0708055	0.0703284	0.000477074	0	0.310257	0.308167	0.00209045	0	0	0	
303	0.129441	0.107307	0.0221331	1.06929e-06	0.56719	0.470201	0.0969835	4.68548e-06	1.96e-05	8.58838e-05	
304	0.0967978	0.0967979	0	0	0.424151	0.424151	0	0	0	0	
305	0.0475948	0.0418561	0.00573867	0	0.208552	0.183406	0.0251458	0	0	0	
306	0.0609137	0.0536825	0.00723126	0	0.266913	0.235227	0.0316861	0	0	0	
307	0.0890824	0.0885389	0.000543508	0	0.390344	0.387962	0.00238156	0	0	0	
308	0.0924756	0.0765957	0.0158799	0	0.405212	0.335629	0.0695833	0	0	0	
309	0.114294	0.112335	0.00195599	2.68305e-06	0.500818	0.492235	0.00857085	1.17566e-05	3.0464e-06	1.33488e-05	
310	0.148383	0.145369	0.00300714	6.49402e-06	0.65019	0.636985	0.0131767	2.84557e-05	6.48526e-06	2.84173e-05	
311	0.0761423	0.0749923	0.00114973	3.21102e-07	0.333642	0.328603	0.00503796	1.40701e-06	3.47304e-06	1.52182e-05	
312	0.128222	0.0972	0.0309426	7.95053e-05	0.561847	0.425913	0.135585	0.000348378	9.67225e-05	0.000423821	
313	0.101561	0.0947552	0.00680665	0	0.445026	0.415201	0.0298256	0	0	0	
314	0.0789709	0.0783743	0.000596602	0	0.346037	0.343423	0.00261421	0	0	0	
315	0.103109	0.0963247	0.00677999	4.93913e-06	0.451809	0.422078	0.0297087	2.16424e-05	4.9638e-06	2.17505e-05	
316	0.072374	0.0716066	0.000765542	1.88693e-06	0.31713	0.313767	0.00335447	8.2682e-06	1.88073e-06	8.24104e-06	
317	0.119055	0.0778558	0.0408889	0.000310699	0.52168	0.341151	0.179168	0.00136142	0.000381689	0.00167249	
318	0.166698	0.124014	0.0426841	0	0.730442	0.543408	0.187034	0	0	0	
319	0.213106	0.145626	0.0652094	0.00227051	0.933794	0.638109	0.285736	0.00994899	0.0022938	0.010051	
320	0.0836269	0.0771766	0.00643238	1.7959e-05	0.366438	0.338174	0.0281856	7.86934e-05	1.93669e-05	8.48625e-05	
321	0.129192	0.100218	0.0286312	0.00034283	0.566098	0.439138	0.125457	0.00150222	0.00035481	0.00155471	
322	0.133024	0.0799272	0.0520635	0.00103372	0.58289	0.350227	0.228133	0.0045296	0.00113556	0.00497587	
323	0.0976072	0.0962192	0.00138802	0	0.427698	0.421616	0.00608208	0	0	0	
324	0.12834	0.126999	0.00134088	0	0.562364	0.556488	0.0058755	0	0	0	
325	0.0924379	0.0915279	0.000910032	0	0.405047	0.401059	0.0039876	0	0	0	
326	0.0726574	0.0720963	0.000560805	2.78131e-07	0.318372	0.315913	0.00245735	1.21872e-06	2.69379e-07	1.18037e-06	
327	0.0805375	0.0762234	0.00431415	0	0.352901	0.333998	0.0189038	0	0	0	
328	0.092026	0.0920245	1.53469e-06	0	0.403242	0.403235	6.72477e-06	0	0	0	
329	0.0960047	0.0927961	0.0032086	0	0.420676	0.406616	0.0140595	0	0	0	
330	0.14364	0.0895578	0.0523646	0.00171797	0.629407	0.392427	0.229452	0.00752785	0.00192199	0.00842185	
331	0.125036	0.11855	0.00648017	5.68292e-06	0.547887	0.519467	0.028395	2.49016e-05	6.50277e-06	2.8494e-05	
332	0.11175	0.0977592	0.0139907	8.84628e-07	0.489672	0.428364	0.0613049	3.87628e-06	5.96567e-06	2.61405e-05	
333	0.11674	0.0998683	0.0168726	0	0.511538	0.437605	0.073933	0	0	0	
334	0.133106	0.089702	0.0432007	0.000204063	0.583251	0.393059	0.189298	0.00089417	0.000283961	0.00124427	
335	0.0835826	0.0816114	0.00197112	0	0.366244	0.357607	0.0086371	0	0	0	
336	0.101621	0.0907219	0.010797	0.000102354	0.445287	0.397527	0.0473108	0.0004485	0.000110321	0.000483408	
337	0.118802	0.113428	0.0053381	3.6253e-05	0.520572	0.497022	0.0233906	0.000158854	3.62444e-05	0.000158816	
338	0.110882	0.103139	0.00772005	2.30725e-05	0.485869	0.451939	0.0338279	0.0001011	2.30637e-05	0.000101061	
339	0.084352	0.0781448	0.00620307	4.12618e-06	0.369616	0.342417	0.0271807	1.80802e-05	4.12056e-06	1.80556e-05	
340	0.100025	0.0847703	0.0152004	5.47528e-05	0.438295	0.371449	0.0666059	0.000239917	6.76636e-05	0.00029649	
341	0.107897	0.105826	0.00207123	2.69566e-08	0.472789	0.463714	0.0090758	1.18119e-07	3.66374e-08	1.60538e-07	
342	0.107401	0.076479	0.030922	0	0.470613	0.335117	0.135495	0	0	0	
343	0.139746	0.0895149	0.0483557	0.00187547	0.612343	0.392238	0.211886	0.00821799	0.00250701	0.0109852	
344	0.0836829	0.0836829	0	0	0.366684	0.366684	0	0	0	0	
345	0.123183	0.0964737	0.0265754	0.000134031	0.539767	0.422731	0.116449	0.000587303	0.000189126	0.000828721	
346	0.141832	0.0997058	0.0413356	0.000790558	0.621483	0.436893	0.181125	0.00346409	0.0011587	0.00507726	
347	0.0933769	0.0766001	0.0166286	0.00014809	0.409161	0.335648	0.0728641	0.000648908	0.000163321	0.000715645	
348	0.09911	0.0849664	0.0140956	4.7991e-05	0.434283	0.372308	0.0617648	0.000210288	9.46652e-05	0.000414806	
349	0.0793678	0.0732724	0.0060475	4.79031e-05	0.347776	0.321067	0.0264991	0.000209903	5.75066e-05	0.000251984	
350	0.137574	0.0772173	0.059932	0.00042473	0.602826	0.338353	0.262612	0.00186109	0.000575559	0.002522	
351	0.156035	0.0950882	0.0604893	0.00045749	0.683718	0.41666	0.265053	0.00200464	0.000574752	0.00251846	
352	0.134478	0.0829528	0.051494	3.11057e-05	0.589259	0.363485	0.225638	0.0001363	6.17897e-05	0.000270752	
353	0.0862684	0.0791168	0.00713578	1.5839e-05	0.378013	0.346676	0.0312677	6.94038e-05	1.59395e-05	6.98444e-05	
354	0.0863166	0.0803517	0.00595193	1.29276e-05	0.378224	0.352087	0.0260803	5.66466e-05	1.51527e-05	6.63967e-05	
355	0.0856408	0.0846712	0.000969583	0	0.375263	0.371014	0.00424854	0	0	0	
356	0.118161	0.11042	0.00773037	1.02448e-05	0.517762	0.483844	0.0338731	4.48913e-05	1.0754e-05	4.71224e-05	
357	0.212946	0.109602	0.0981386	0.0052053	0.933095	0.480259	0.430026	0.0228087	0.00790114	0.0346214	
358	0.168801	0.0992639	0.0673411	0.00219656	0.739659	0.434957	0.295077	0.00962496	0.0051647	0.0226308	
359	0.103203	0.0793151	0.023394	0.000493949	0.452218	0.347545	0.102508	0.0021644	0.000538409	0.00235921	
360	0.104615	0.0980044	0.0066104	1.14329e-06	0.458409	0.429438	0.0289656	5.0097e-06	1.13894e-06	4.99068e-06	
361	0.0476628	0.0476628	0	0	0.20885	0.20885	0	0	0	0	
362	0.10101	0.0883031	0.0126677	3.92792e-05	0.442609	0.386929	0.0555078	0.000172114	4.17294e-05	0.000182851	
363	0.0500066	0.0497816	0.000225011	0	0.21912	0.218134	0.000985961	0	0	0	
364	0.126652	0.115003	0.011649	0	0.554967	0.503923	0.0510439	0	0	0	
365	0.0810285	0.0803382	0.000690256	0	0.355053	0.352028	0.00302458	0	0	0	
366	0.107443	0.0927435	0.0145975	0.000102004	0.470797	0.406386	0.0639637	0.000446966	0.000110476	0.000484088	
367	0.124187	0.106471	0.0176512	6.51753e-05	0.544169	0.466538	0.0773447	0.000285587	7.55235e-05	0.000330931	
368	0.0792452	0.0766145	0.00262891	1.79208e-06	0.347239	0.335711	0.0115194	7.85262e-06	1.78333e-06	7.81427e-06	
369	0.0869527	0.0812008	0.00572026	3.16696e-05	0.381012	0.355808	0.0250652	0.000138771	3.16999e-05	0.000138903	
370	0.112579	0.0926591	0.0197579	0.00016246	0.493304	0.406016	0.0865758	0.000711873	0.000228794	0.00100253	
371	0.118399	0.0802064	0.0381782	1.43638e-05	0.518804	0.35145	0.16729	6.29397e-05	1.43563e-05	6.29069e-05	
372	0.11059	0.079925	0.0305579	0.000107142	0.484586	0.350217	0.133899	0.000469481	0.000107133	0.000469442	
373	0.0872428	0.0800822	0.00713942	2.11551e-05	0.382283	0.350906	0.0312837	9.2698e-05	2.2937e-05	0.000100506	
374	0.180324	0.105083	0.071389	0.00385187	0.790152	0.460459	0.312814	0.0168782	0.0111621	0.0489106	
375	0.144078	0.128539	0.0154721	6.6631e-05	0.631326	0.563238	0.0677961	0.000291965	6.66223e-05	0.000291927	
376	0.100286	0.0999779	0.000308849	0	0.439439	0.438086	0.00135332	0	0	0	
377	0.102857	0.101174	0.0016831	0	0.450705	0.44333	0.00737509	0	0	0	
378	0.11769	0.104834	0.0128161	4.03788e-05	0.5157	0.459365	0.0561579	0.000176933	4.53678e-05	0.000198794	
379	0.102122	0.0775512	0.0245541	1.66923e-05	0.447481	0.339816	0.107592	7.31431e-05	1.68549e-05	7.38556e-05	
380	0.117004	0.0833048	0.0336666	3.33593e-05	0.512695	0.365027	0.147521	0.000146175	3.33519e-05	0.000146142	
381	0.102395	0.0806573	0.0216965	4.16465e-05	0.448679	0.353426	0.0950706	0.000182487	8.29934e-05	0.000363662	
382	0.105988	0.105156	0.00083274	4.27572e-08	0.464425	0.460776	0.00364892	1.87354e-07	1.42713e-07	6.25348e-07	
383	0.0813226	0.0767319	0.00459071	0	0.356341	0.336226	0.0201157	0	0	0	
384	0.0927309	0.0913569	0.00137398	0	0.406331	0.40031	0.00602056	0	0	0	
385	0.120781	0.108471	0.0122986	1.06675e-05	0.529242	0.475305	0.0538906	4.67433e-05	1.41348e-05	6.19366e-05	
386	0.0958338	0.0804594	0.0151871	0.000187316	0.419927	0.352559	0.0665473	0.000820788	0.000247466	0.00108435	
387	0.0933728	0.0851119	0.0081932	6.77551e-05	0.409143	0.372945	0.0359012	0.000296891	7.39009e-05	0.000323821	
388	0.0817406	0.0777875	0.00394746	5.64936e-06	0.358173	0.340851	0.0172971	2.47545e-05	5.64049e-06	2.47156e-05	
389	0.127981	0.112346	0.0156182	1.73486e-05	0.560794	0.492282	0.0684365	7.60187e-05	1.7891e-05	7.83955e-05	
390	0.0808786	0.0751465	0.00572661	5.4281e-06	0.354396	0.329279	0.025093	2.3785e-05	5.45594e-06	2.3907e-05	
391	0.0965616	0.0922277	0.00433188	2.05901e-06	0.423116	0.404126	0.0189815	9.02226e-06	3.35504e-06	1.47012e-05	
392	0.101965	0.0503707	0.0509908	0.000603545	0.446793	0.220715	0.223433	0.00264463	0.00066906	0.0029317	
393	0.0854064	0.0817614	0.00364501	0	0.374236	0.358264	0.0159718	0	0	0	
394	0.0972199	0.0936176	0.00360226	0	0.426001	0.410216	0.0157844	0	0	0	
395	0.150271	0.139765	0.0104931	1.2552e-05	0.658464	0.61243	0.0459791	5.5001e-05	1.29504e-05	5.67465e-05	
396	0.110756	0.0597843	0.0509721	0	0.485315	0.261964	0.223351	0	0	0	
397	0.12748	0.102418	0.0245762	0.0004864	0.558599	0.448779	0.107688	0.00213132	0.00089634	0.00392761	
398	0.0936944	0.0921564	0.00153447	3.46534e-06	0.410552	0.403813	0.00672379	1.51845e-05	3.4566e-06	1.51462e-05	
399	0.0805696	0.0793802	0.00118895	4.81001e-07	0.353042	0.34783	0.00520979	2.10766e-06	9.42255e-07	4.1288e-06	
400	0.145513	0.130467	0.0150461	0	0.637614	0.571684	0.0659297	0	0	0	
401	0.10373	0.101731	0.00199851	0	0.454529	0.445771	0.00875716	0	0	0	
402	0.108076	0.0843152	0.0237614	0	0.473573	0.369455	0.104118	0	0	0	
403	0.109791	0.0897918	0.0199937	5.89016e-06	0.481087	0.393452	0.0876091	2.58096e-05	6.0685e-06	2.65911e-05	
404	0.110356	0.0998638	0.0104926	0	0.483563	0.437586	0.045977	0	0	0	
405	0.108383	0.108383	0	0	0.474916	0.474916	0	0	0	0	
406	0.184193	0.178873	0.00532016	1.02501e-07	0.807106	0.783793	0.023312	4.49143e-07	9.35705e-08	4.1001e-07	
407	0.119435	0.0864465	0.0327466	0.000241928	0.523344	0.378793	0.14349	0.00106009	0.000760321	0.00333159	
408	0.130872	0.129099	0.00177224	0	0.573458	0.565693	0.00776566	0	0	0	
409	0.0937936	0.093032	0.00076163	0	0.410987	0.40765	0.00333733	0	0	0	
410	0.115399	0.0889425	0.0262031	0.000254092	0.505662	0.389731	0.114817	0.00111339	0.000256186	0.00112256	
411	0.142169	0.11886	0.0233088	0	0.62296	0.520825	0.102135	0	0	0	
412	0.150487	0.123824	0.0266175	4.62606e-05	0.659411	0.542575	0.116633	0.000202706	5.36094e-05	0.000234907	
413	0.0958143	0.0928138	0.00299783	2.70851e-06	0.419842	0.406694	0.0131359	1.18682e-05	4.14801e-06	1.81758e-05	
414	0.149319	0.114123	0.0350041	0.000191792	0.65429	0.500068	0.153381	0.000840402	0.000195684	0.000857457	
415	0.0932459	0.0932459	0	0	0.408587	0.408587	0	0	0	0	
416	0.124033	0.107595	0.0164149	2.31027e-05	0.543495	0.471466	0.0719273	0.000101232	2.3093e-05	0.000101189	
417	0.107605	0.0971126	0.0104926	0	0.471507	0.42553	0.045977	0	0	0	
418	0.0806366	0.0780109	0.00262561	0	0.353335	0.34183	0.0115049	0	0	0	
419	0.140265	0.103576	0.0366871	1.47979e-06	0.614619	0.453856	0.160756	6.48422e-06	3.28167e-06	1.43797e-05	
420	0.084942	0.084942	0	0	0.372201	0.372201	0	0	0	0	
421	0.0887992	0.0873744	0.00142483	0	0.389103	0.382859	0.0062434	0	0	0	
422	0.0985235	0.0821937	0.0163187	1.10795e-05	0.431713	0.360158	0.071506	4.85488e-05	1.10698e-05	4.85062e-05	
423	0.0637771	0.0568169	0.00695978	4.09033e-07	0.27946	0.248962	0.0304965	1.79231e-06	2.7491e-06	1.2046e-05	
424	0.112312	0.1122	0.000111771	0	0.492133	0.491644	0.000489764	0	0	0	
425	0.0814808	0.0706018	0.0106985	0.000180487	0.357035	0.309365	0.046879	0.000790867	0.000180588	0.000791309	
426	0.11328	0.11068	0.00259697	3.20703e-06	0.496376	0.484983	0.0113795	1.40526e-05	4.15019e-06	1.81854e-05	
427	0.0919628	0.091839	0.000123857	0	0.402965	0.402422	0.00054272	0	0	0	
428	0.0955919	0.095468	0.000123857	0	0.418867	0.418324	0.00054272	0	0	0	
429	0.123916	0.0895559	0.0343601	0	0.542979	0.392418	0.15056	0	0	0	
430	0.222378	0.215585	0.00679358	0	0.974426	0.944658	0.0297683	0	0	0	
431	0.172292	0.168853	0.00343782	1.13668e-06	0.754955	0.739886	0.0150639	4.98077e-06	1.12792e-06	4.94237e-06	
432	0.125173	0.113877	0.0112923	3.63321e-06	0.548489	0.498992	0.0494813	1.59201e-05	3.64113e-06	1.59548e-05	
433	0.111528	0.100066	0.0113322	0.000129378	0.488697	0.438474	0.0496561	0.000566914	0.00013445	0.000589139	
434	0.0849564	0.0818103	0.00313951	6.53677e-06	0.372264	0.358478	0.0137568	2.8643e-05	6.53418e-06	2.86316e-05	
435	0.213828	0.154413	0.0591486	0.000267093	0.93696	0.676611	0.259179	0.00117035	0.000489758	0.00214603	
436	0.118388	0.0874705	0.0306452	0.000272474	0.518756	0.38328	0.134282	0.00119393	0.00032071	0.00140529	
437	0.143119	0.0875206	0.0543974	0.00120118	0.627123	0.3835	0.23836	0.0052634	0.00227831	0.00998316	
438	0.18352	0.132454	0.0505305	0.000535711	0.804156	0.580392	0.221416	0.00234739	0.000580054	0.00254169	
439	0.134032	0.129075	0.00494265	1.4505e-05	0.587309	0.565588	0.0216578	6.35585e-05	1.63707e-05	7.17337e-05	
440	0.082944	0.0814165	0.00152542	2.13193e-06	0.363446	0.356753	0.00668415	9.34177e-06	3.49949e-06	1.53341e-05	
441	0.0689235	0.0687062	0.000217304	0	0.302011	0.301058	0.000952189	0	0	0	
442	0.141879	0.0964325	0.0432093	0.00223725	0.62169	0.42255	0.189336	0.00980324	0.00245921	0.0107758	
443	0.159227	0.140138	0.0190565	3.25152e-05	0.697707	0.614062	0.0835024	0.000142476	7.07109e-05	0.000309843	
444	0.126128	0.109668	0.0164487	1.1994e-05	0.552674	0.480546	0.0720754	5.2556e-05	2.10948e-05	9.24341e-05	
445	0.113246	0.0896165	0.0235148	0.000114772	0.496225	0.392684	0.103037	0.000502911	0.000171431	0.000751183	
446	0.155722	0.0921495	0.0633128	0.000259832	0.682348	0.403783	0.277426	0.00113854	0.000399912	0.00175234	
447	0.148135	0.123917	0.0242186	0	0.649106	0.542984	0.106121	0	0	0	
448	0.04398	0.0381512	0.00582873	0	0.192712	0.167172	0.0255405	0	0	0	
449	0.318302	0.156654	0.161298	0.000350646	1.39474	0.686431	0.70678	0.00153647	0.000537231	0.00235405	
450	0.0847191	0.0806921	0.00402701	0	0.371224	0.353579	0.0176457	0	0	0	
451	0.131535	0.122135	0.0093953	4.7911e-06	0.576365	0.535176	0.0411686	2.09938e-05	5.80259e-06	2.54259e-05	
452	0.186963	0.101641	0.0816516	0.00367025	0.819243	0.445377	0.357783	0.0160824	0.00511822	0.0224271	
453	0.104977	0.097093	0.00785995	2.42202e-05	0.459992	0.425444	0.0344409	0.000106129	2.80331e-05	0.000122836	
454	0.122778	0.0905823	0.032196	0	0.537993	0.396916	0.141077	0	0	0	
455	0.160298	0.106738	0.0528418	0.000717847	0.7024	0.46771	0.231544	0.00314548	0.00133702	0.00585862	
456	0.15014	0.113668	0.0362325	0.000239469	0.657891	0.498076	0.158764	0.00104931	0.000426241	0.00186771	
457	0.123998	0.102153	0.0218454	0	0.543342	0.447619	0.0957229	0	0	0	
458	0.101017	0.0801847	0.0208327	0	0.442641	0.351356	0.0912857	0	0	0	
459	0.100099	0.0903234	0.00977628	0	0.43862	0.395781	0.042838	0	0	0	
460	0.15543	0.0867218	0.068709	0	0.681071	0.38	0.301071	0	0	0	
461	0.168154	0.0868967	0.0812572	0	0.736822	0.380766	0.356055	0	0	0	
462	0.116978	0.101595	0.0153538	2.95697e-05	0.51258	0.445172	0.067278	0.000129569	4.2013e-05	0.000184094	
463	0.125418	0.121408	0.00400957	0	0.549561	0.531992	0.0175692	0	0	0	
464	0.0775419	0.0700934	0.00744832	1.17528e-07	0.339775	0.307137	0.0326372	5.1499e-07	1.8153e-07	7.95433e-07	
465	0.0854061	0.0840056	0.00140046	0	0.374235	0.368098	0.00613659	0	0	0	
466	0.182592	0.111697	0.0707604	0.000134049	0.800088	0.489441	0.31006	0.000587382	0.000175771	0.0007702	
467	0.100462	0.0810564	0.0192398	0.000166508	0.44021	0.355175	0.0843055	0.000729609	0.000191196	0.000837789	
468	0.106415	0.103176	0.00323926	0	0.466295	0.452101	0.0141939	0	0	0	
469	0.078022	0.078022	0	0	0.341879	0.341879	0	0	0	0	
470	0.101822	0.096449	0.00536704	6.81039e-06	0.44617	0.422623	0.0235174	2.9842e-05	1.32302e-05	5.79725e-05	
471	0.118514	0.0803023	0.0382119	0	0.519309	0.351871	0.167438	0	0	0	
472	0.136805	0.0906167	0.042976	0.0032127	0.599457	0.397067	0.188313	0.0140775	0.00390036	0.0170907	
473	0.16156	0.100794	0.0589544	0.00181164	0.70793	0.441663	0.258328	0.00793831	0.00249337	0.0109255	
474	0.103548	0.0781943	0.0253545	0	0.453733	0.342634	0.111099	0	0	0	
475	0.123621	0.115092	0.00852881	6.53535e-07	0.541689	0.504315	0.0373718	2.86367e-06	2.42283e-06	1.06164e-05	
476	0.158459	0.114522	0.0439374	0	0.694343	0.501817	0.192526	0	0	0	
477	0.12543	0.0985739	0.0268462	1.07506e-05	0.549616	0.431933	0.117635	4.71077e-05	2.72393e-05	0.000119357	
478	0.091955	0.0801714	0.0117834	1.24339e-07	0.402931	0.351297	0.0516329	5.44832e-07	1.27053e-06	5.56727e-06	
479	0.102559	0.0992709	0.00328827	3.8068e-07	0.449398	0.434988	0.0144086	1.66807e-06	3.72019e-07	1.63012e-06	
480	0.13097	0.0991661	0.031752	5.27258e-05	0.573892	0.434529	0.139132	0.000231035	7.3117e-05	0.000320386	
481	0.0864844	0.0771161	0.00936417	4.07365e-06	0.378959	0.337909	0.0410322	1.785e-05	2.25642e-05	9.88727e-05	
482	0.135608	0.10748	0.0280893	3.85542e-05	0.594213	0.470961	0.123082	0.000168938	4.5268e-05	0.000198356	
483	0.106488	0.0939565	0.0125324	0	0.466616	0.411701	0.0549149	0	0	0	
484	0.153653	0.118529	0.0343526	0.000771132	0.673283	0.519376	0.150527	0.00337896	0.00111884	0.00490257	
485	0.112356	0.0963716	0.0159116	7.34755e-05	0.492327	0.422283	0.069722	0.000321957	8.16022e-05	0.000357567	
486	0.0814194	0.0811887	0.00023075	0	0.356766	0.355754	0.00101111	0	0	0	
487	0.103628	0.101277	0.00235029	0	0.45408	0.443782	0.0102985	0	0	0	
488	0.136074	0.0969134	0.0391474	1.39275e-05	0.596256	0.424658	0.171537	6.10283e-05	3.02468e-05	0.000132536	
489	0.145658	0.0996101	0.0460423	5.90568e-06	0.63825	0.436474	0.201749	2.58777e-05	1.41337e-05	6.19316e-05	
490	0.094562	0.0920933	0.00246869	0	0.414354	0.403537	0.0108174	0	0	0	
491	0.0934054	0.0794199	0.0139854	0	0.409286	0.348004	0.061282	0	0	0	
492	0.144171	0.0984267	0.0452451	0.000499836	0.631735	0.431289	0.198256	0.00219019	0.000770566	0.00337649	
493	0.179215	0.113321	0.0655088	0.000385619	0.785292	0.496553	0.287048	0.00168971	0.000518042	0.00226997	
494	0.18537	0.118798	0.0664426	0.000129178	0.812262	0.520556	0.29114	0.000566037	0.000417832	0.00183086	
495	0.0899462	0.0851331	0.00481306	0	0.394128	0.373038	0.02109	0	0	0	
496	0.101472	0.0910121	0.0102925	0.00016794	0.444635	0.398799	0.0451003	0.000735885	0.000169356	0.000742092	
497	0.127363	0.0786801	0.048566	0.000117005	0.558083	0.344762	0.212807	0.000512697	0.000276955	0.00121356	
498	0.178269	0.135443	0.0426676	0.00015855	0.781147	0.59349	0.186962	0.000694739	0.000195509	0.00085669	
499	0.160224	0.160224	0	0	0.702076	0.702076	0	0	0	0	
500	0.140838	0.0818966	0.0586932	0.000248957	0.617131	0.358857	0.257183	0.00109088	0.000317608	0.0013917	
501	0.147634	0.109969	0.0373352	0.000329817	0.646908	0.481866	0.163596	0.0014452	0.000437881	0.00191872	
502	0.0929396	0.0922179	0.00072168	0	0.407245	0.404083	0.00316227	0	0	0	
503	0.111103	0.104449	0.00660484	4.95865e-05	0.486836	0.457678	0.0289413	0.000217279	4.95776e-05	0.00021724	
504	0.123033	0.121015	0.00201792	0	0.539112	0.53027	0.00884218	0	0	0	
505	0.0714548	0.0696245	0.00183034	0	0.313102	0.305082	0.00802024	0	0	0	
506	0.137763	0.0991616	0.0376489	0.00095335	0.603657	0.434509	0.164971	0.00417741	0.00116168	0.0050903	
507	0.185601	0.16018	0.0253335	8.75936e-05	0.813274	0.701883	0.111007	0.00038382	8.75848e-05	0.000383781	
508	0.0928498	0.0892524	0.00359742	0	0.406852	0.391088	0.0157632	0	0	0	
509	0.0953035	0.0883877	0.00689827	1.74969e-05	0.417603	0.3873	0.030227	7.66685e-05	2.14768e-05	9.41079e-05	
510	0.135456	0.106756	0.028438	0.000262115	0.593548	0.467789	0.12461	0.00114854	0.000295714	0.00129577	
511	0.0776661	0.0761839	0.00148228	0	0.340319	0.333824	0.00649511	0	0	0	
512	0.159054	0.0895472	0.0694947	1.28932e-05	0.696951	0.39238	0.304514	5.64959e-05	2.57754e-05	0.000112943	
513	0.108185	0.0923914	0.0157672	2.65894e-05	0.474049	0.404843	0.0690892	0.00011651	4.66653e-05	0.000204479	
514	0.241003	0.130214	0.108874	0.00191381	1.05603	0.570579	0.477068	0.00838599	0.00309847	0.0135769	
515	0.062334	0.0573692	0.00495491	9.87437e-06	0.273137	0.251382	0.0217115	4.32678e-05	1.05941e-05	4.64216e-05	
516	0.098738	0.0897099	0.00899067	3.74282e-05	0.432653	0.393093	0.0393956	0.000164004	4.2308e-05	0.000185386	
517	0.0853036	0.0828401	0.00246267	7.71947e-07	0.373785	0.362991	0.010791	3.38254e-06	1.07766e-06	4.72216e-06	
518	0.180407	0.157955	0.0224524	0	0.790516	0.692133	0.0983826	0	0	0	
519	0.073604	0.0426791	0.030922	2.9091e-06	0.32252	0.187012	0.135494	1.27472e-05	1.74068e-05	7.62737e-05	
520	0.152462	0.124023	0.0281405	0.000298578	0.668063	0.543448	0.123306	0.00130831	0.000401858	0.00176087	
521	0.238024	0.111363	0.125725	0.000934688	1.04298	0.487975	0.550909	0.00409564	0.00160019	0.00701175	
522	0.172816	0.0794144	0.0930608	0.000341543	0.757253	0.34798	0.407776	0.00149658	0.000436415	0.00191229	
523	0.0904133	0.0772495	0.0131637	0	0.396175	0.338494	0.0576814	0	0	0	
524	0.150735	0.107436	0.0427135	0.000585623	0.660497	0.470768	0.187163	0.0025661	0.000656838	0.00287815	
525	0.152606	0.101147	0.0509973	0.000461174	0.668695	0.443213	0.223461	0.00202078	0.00121924	0.00534253	
526	0.118844	0.102875	0.0158937	7.45923e-05	0.520754	0.450783	0.0696438	0.000326851	8.44847e-05	0.000370197	
527	0.109709	0.0790408	0.0306664	2.6201e-06	0.48073	0.346343	0.134375	1.14808e-05	4.35779e-06	1.90951e-05	
528	0.0890227	0.081542	0.00748071	0	0.390082	0.357303	0.0327791	0	0	0	
529	0.122216	0.0822178	0.0399525	4.59338e-05	0.535531	0.360264	0.175065	0.000201274	7.86482e-05	0.000344623	
530	0.0941817	0.0819814	0.0121713	2.89828e-05	0.412688	0.359228	0.0533327	0.000126997	4.31402e-05	0.000189033	
531	0.159635	0.106519	0.0527076	0.000408413	0.699493	0.466748	0.230955	0.00178959	0.00059414	0.00260342	
532	0.102283	0.0849694	0.0171977	0.00011667	0.44819	0.372321	0.0753575	0.000511229	0.000142602	0.00062486	
533	0.157508	0.119653	0.0377117	0.000143354	0.690175	0.5243	0.165246	0.000628155	0.000196608	0.000861502	
534	0.120482	0.115085	0.0053942	3.18227e-06	0.527934	0.504283	0.0236364	1.39441e-05	3.17347e-06	1.39056e-05	
535	0.0824116	0.0788354	0.00355651	1.97147e-05	0.361113	0.345443	0.015584	8.63868e-05	1.9706e-05	8.63486e-05	
536	0.0680502	0.0668678	0.00118242	0	0.298184	0.293003	0.00518118	0	0	0	
537	0.11297	0.0779625	0.0350077	0	0.495016	0.341618	0.153397	0	0	0	
538	0.125341	0.0816724	0.0429448	0.000724573	0.549226	0.357874	0.188176	0.00317495	0.000754889	0.00330779	
539	0.134577	0.0844705	0.0499015	0.000205657	0.589696	0.370135	0.21866	0.000901157	0.000313976	0.00137579	
540	0.0905759	0.0811956	0.0093362	4.40981e-05	0.396888	0.355785	0.0409096	0.00019323	6.89238e-05	0.000302012	
541	0.0920684	0.083493	0.00856651	8.95835e-06	0.403428	0.365852	0.037537	3.92539e-05	1.44838e-05	6.34657e-05	
542	0.1912	0.152356	0.0387336	0.000110621	0.837806	0.667597	0.169724	0.000484722	0.000137744	0.000603572	
543	0.130739	0.0908216	0.0398777	4.05162e-05	0.57288	0.397965	0.174737	0.000177535	5.2348e-05	0.00022938	
544	0.165666	0.128716	0.0369137	3.62121e-05	0.725921	0.564013	0.161749	0.000158675	0.000217382	0.000952531	
545	0.158083	0.0763888	0.081676	1.87926e-05	0.692695	0.334722	0.35789	8.23463e-05	3.89333e-05	0.000170599	
546	0.132274	0.118428	0.0138099	3.61767e-05	0.579605	0.518933	0.0605127	0.00015852	6.46382e-05	0.000283233	
547	0.0800501	0.0766952	0.00335492	0	0.350766	0.336065	0.0147007	0	0	0	
548	0.114679	0.112562	0.00211772	0	0.502507	0.493227	0.00927951	0	0	0	
549	0.139394	0.0863627	0.0527861	0.00024601	0.610804	0.378426	0.2313	0.00107797	0.000302248	0.00132439	
550	0.151057	0.121653	0.0292265	0.000177735	0.661908	0.533063	0.128065	0.000778804	0.000187268	0.00082058	
551	0.0983234	0.0981066	0.00021675	0	0.430836	0.429886	0.000949765	0	0	0	
552	0.0863688	0.0737602	0.0125108	9.77533e-05	0.378453	0.323204	0.0548202	0.000428338	0.000111804	0.000489907	
553	0.187555	0.185921	0.00163408	0	0.821835	0.814674	0.00716029	0	0	0	
554	0.13733	0.104072	0.0321949	0.00106267	0.601758	0.456029	0.141072	0.00465644	0.0011036	0.00483582	
555	0.100645	0.0763448	0.0242371	6.35427e-05	0.441011	0.33453	0.106203	0.000278433	6.57249e-05	0.000287995	
556	0.161781	0.151972	0.00980921	1.06658e-07	0.708898	0.665915	0.0429822	4.67361e-07	9.72278e-08	4.26035e-07	
557	0.0888924	0.0802152	0.00867223	4.98376e-06	0.389511	0.351489	0.0380002	2.1838e-05	1.7369e-05	7.6108e-05	
558	0.102404	0.0989854	0.0034152	3.45851e-06	0.448717	0.433737	0.0149648	1.51546e-05	3.44984e-06	1.51166e-05	
559	0.0955679	0.0803211	0.0150024	0.000244365	0.418762	0.351953	0.0657382	0.00107076	0.000302205	0.00132421	
560	0.0964266	0.086172	0.0102396	1.50565e-05	0.422525	0.37759	0.0448681	6.59753e-05	2.08355e-05	9.12979e-05	
561	0.106301	0.0945718	0.0116624	6.76599e-05	0.465796	0.414397	0.0511027	0.000296474	7.77494e-05	0.000340684	
562	0.0625341	0.0506364	0.0118976	0	0.274013	0.22188	0.0521333	0	0	0	
563	0.0895168	0.0800764	0.00938577	5.46784e-05	0.392247	0.350881	0.0411268	0.000239591	6.94196e-05	0.000304184	
564	0.10729	0.0827656	0.0244293	9.50999e-05	0.470127	0.362665	0.107045	0.000416711	0.000123397	0.000540707	
565	0.0959254	0.0863323	0.00956722	2.58717e-05	0.420328	0.378293	0.0419219	0.000113365	3.01413e-05	0.000132074	
566	0.115732	0.105411	0.0103139	6.97481e-06	0.50712	0.461896	0.0451938	3.05624e-05	6.96815e-06	3.05332e-05	
567	0.1932	0.163421	0.0294359	0.000342437	0.846569	0.716085	0.128983	0.0015005	0.000351715	0.00154115	
568	0.176215	0.117106	0.0591095	0	0.772146	0.513138	0.259007	0	0	0	
569	0.0770846	0.0770846	0	0	0.337771	0.337771	0	0	0	0	
570	0.128922	0.121681	0.00721617	2.462e-05	0.564914	0.533186	0.03162	0.00010788	2.5084e-05	0.000109914	
571	0.100958	0.0929822	0.00794015	3.64461e-05	0.442384	0.407432	0.0347923	0.0001597	5.15165e-05	0.000225736	
572	0.112626	0.0991687	0.0133697	8.76726e-05	0.493508	0.43454	0.0585841	0.000384166	0.000104477	0.000457801	
573	0.0954926	0.0857245	0.00976507	3.03776e-06	0.418432	0.37563	0.0427888	1.33109e-05	1.51445e-05	6.63606e-05	
574	0.11356	0.0811432	0.0320202	0.000396564	0.4976	0.355555	0.140307	0.00173767	0.000482115	0.00211254	
575	0.10201	0.0856636	0.0162096	0.000137208	0.446992	0.375363	0.071028	0.000601225	0.000186377	0.000816673	
576	0.0620434	0.0553644	0.00667895	0	0.271863	0.242597	0.029266	0	0	0	
577	0.128714	0.114981	0.0137328	0	0.564002	0.503827	0.0601748	0	0	0	
578	0.0983493	0.090459	0.00789032	0	0.43095	0.396375	0.034574	0	0	0	
579	0.0918761	0.08871	0.00315915	6.99782e-06	0.402585	0.388712	0.0138428	3.06632e-05	1.02287e-05	4.48205e-05	
580	0.0762504	0.0678529	0.00834673	5.08094e-05	0.334116	0.29732	0.0365739	0.000222638	6.28357e-05	0.000275335	
581	0.0808431	0.0764471	0.00439597	0	0.35424	0.334978	0.0192624	0	0	0	
582	0.0883711	0.0858589	0.0025122	0	0.387227	0.376219	0.011008	0	0	0	
583	0.125287	0.0944271	0.0306389	0.000221737	0.548989	0.413763	0.134254	0.000971617	0.000822199	0.00360273	
584	0.26234	0.130249	0.131281	0.000808786	1.14952	0.570732	0.575253	0.00354396	0.000846736	0.00371025	
585	0.13118	0.0762426	0.0549042	3.38496e-05	0.574811	0.334082	0.24058	0.000148323	3.9587e-05	0.000173463	
586	0.154235	0.0858569	0.0681682	0.000210404	0.675833	0.37621	0.298701	0.000921958	0.00176836	0.00774866	
587	0.103675	0.0905593	0.0131161	0	0.454288	0.396815	0.0574729	0	0	0	
588	0.0690689	0.0688444	0.000224544	0	0.302648	0.301664	0.000983917	0	0	0	
589	0.148023	0.111228	0.036151	0.000643986	0.648613	0.487383	0.158407	0.00282183	0.000729306	0.00319569	
590	0.134329	0.109342	0.024858	0.000129781	0.588611	0.479118	0.108923	0.00056868	0.000201049	0.000880963	
591	0.121714	0.0976961	0.0239274	9.09437e-05	0.533332	0.428087	0.104845	0.000398499	9.94288e-05	0.00043568	
592	0.109465	0.0873701	0.0220606	3.48644e-05	0.47966	0.382841	0.0966661	0.00015277	5.66907e-05	0.000248408	
593	0.102203	0.0957259	0.00645745	1.99577e-05	0.447837	0.419454	0.0282954	8.74512e-05	2.03468e-05	8.91564e-05	
594	0.0901247	0.0819979	0.00811125	1.55992e-05	0.394911	0.3593	0.0355421	6.83533e-05	2.97303e-05	0.000130273	
595	0.10613	0.095569	0.0104892	7.23243e-05	0.465046	0.418767	0.0459623	0.000316912	7.44755e-05	0.000326338	
596	0.105989	0.0919197	0.0140567	1.29684e-05	0.464427	0.402776	0.0615944	5.68253e-05	2.01878e-05	8.84597e-05	
597	0.148461	0.143554	0.00489719	9.493e-06	0.650531	0.629031	0.0214586	4.15967e-05	9.82795e-06	4.30644e-05	
598	0.111179	0.110208	0.000971818	0	0.487171	0.482912	0.00425834	0	0	0	
599	0.103787	0.0951174	0.00867052	0	0.45478	0.416788	0.0379927	0	0	0	
600	0.110969	0.109933	0.00103576	0	0.486248	0.48171	0.00453854	0	0	0	
601	0.370698	0.150771	0.21335	0.00657695	1.62433	0.660653	0.934863	0.028819	0.00657694	0.028819	
602	0.106442	0.104454	0.00198597	1.43276e-06	0.466411	0.457703	0.00870219	6.27811e-06	1.424e-06	6.23975e-06	
603	0.143926	0.0529113	0.091015	0	0.63066	0.231848	0.398812	0	0	0	
604	0.0871493	0.08243	0.0047193	0	0.381873	0.361194	0.0206791	0	0	0	
605	0.141366	0.0504543	0.090912	0	0.619443	0.221082	0.39836	0	0	0	
606	0.15363	0.0954986	0.057016	0.00111536	0.67318	0.418458	0.249834	0.00488732	0.00196252	0.00859943	
607	0.0907103	0.0796031	0.0110856	2.15934e-05	0.397477	0.348807	0.0485755	9.46186e-05	2.25812e-05	9.89471e-05	
608	0.0895138	0.0802307	0.00927264	1.04676e-05	0.392234	0.351557	0.0406311	4.58673e-05	1.14136e-05	5.00124e-05	
609	0.0925845	0.0886868	0.00389027	7.52722e-06	0.405689	0.38861	0.0170465	3.2983e-05	8.07961e-06	3.54035e-05	
610	0.0948184	0.0814699	0.0131857	0.000162853	0.415478	0.356987	0.0577776	0.000713593	0.000166131	0.000727958	
611	0.0611274	0.0587577	0.00236961	0	0.267849	0.257466	0.0103832	0	0	0	
612	0.0961359	0.0922439	0.00389199	0	0.421251	0.404197	0.017054	0	0	0	
613	0.0883004	0.0780076	0.010268	2.47242e-05	0.386917	0.341816	0.044993	0.000108337	3.02312e-05	0.000132468	
614	0.0921172	0.0851131	0.00697218	3.19162e-05	0.403642	0.372951	0.0305509	0.000139851	3.95024e-05	0.000173093	
615	0.0924726	0.088288	0.0041846	0	0.405199	0.386862	0.0183362	0	0	0	
616	0.103413	0.0905236	0.0125981	0.000291359	0.453138	0.396659	0.0552029	0.00127668	0.00029346	0.00128589	
617	0.126975	0.0932661	0.0337077	1.88446e-06	0.556385	0.408676	0.147701	8.2574e-06	1.13948e-05	4.99303e-05	
618	0.0595077	0.0568859	0.00262179	0	0.260752	0.249264	0.0114882	0	0	0	
619	0.136116	0.100561	0.0355355	1.87903e-05	0.596437	0.440644	0.15571	8.2336e-05	2.14387e-05	9.3941e-05	
620	0.111732	0.0892114	0.0225213	0	0.489593	0.390909	0.0986844	0	0	0	
621	0.305839	0.189297	0.114754	0.00178705	1.34013	0.829469	0.502836	0.00783058	0.00178704	0.00783052	
622	0.0395617	0.0309994	0.00855298	9.29256e-06	0.173352	0.135834	0.0374777	4.07184e-05	2.84761e-05	0.000124777	
623	0.07579	0.0730553	0.00272091	1.37479e-05	0.332098	0.320116	0.0119225	6.0241e-05	1.37391e-05	6.02027e-05	
624	0.111984	0.084085	0.0278182	8.10058e-05	0.490695	0.368446	0.121894	0.000354953	8.33944e-05	0.00036542	
625	0.0742344	0.0558996	0.0183348	0	0.325282	0.244942	0.08034	0	0	0	
626	0.0675245	0.0648933	0.0026312	0	0.29588	0.284351	0.0115295	0	0	0	
627	0.0885981	0.0804302	0.00816783	0	0.388221	0.352431	0.03579	0	0	0	
628	0.061117	0.0611127	4.28331e-06	0	0.267804	0.267785	1.87687e-05	0	0	0	
629	0.216989	0.139911	0.0765631	0.000514799	0.950811	0.613069	0.335486	0.00225576	0.000550282	0.00241124	
630	0.170448	0.148008	0.0222755	0.000165411	0.746877	0.648545	0.0976074	0.000724803	0.000238688	0.00104589	
631	0.113676	0.0974403	0.0162364	0	0.498112	0.426966	0.0711454	0	0	0	
632	0.0450095	0.043978	0.00103143	0	0.197224	0.192704	0.00451956	0	0	0	
633	0.0660835	0.045913	0.0201704	0	0.289566	0.201183	0.0883835	0	0	0	
634	0.0443743	0.0426721	0.00170217	0	0.19444	0.186982	0.00745862	0	0	0	
635	0.0699123	0.0666532	0.00324379	1.53742e-05	0.306344	0.292062	0.0142137	6.73673e-05	1.53655e-05	6.73291e-05	
636	0.0760013	0.0660925	0.00990876	0	0.333024	0.289606	0.0434185	0	0	0	
637	0.075539	0.0748732	0.000665827	0	0.330999	0.328081	0.00291754	0	0	0	
638	0.138105	0.0829151	0.055163	2.77427e-05	0.605156	0.363319	0.241714	0.000121564	3.41681e-05	0.000149718	
639	0.128311	0.0774154	0.0508964	0	0.56224	0.339221	0.223019	0	0	0	
640	0.0916328	0.0818496	0.00977419	8.98735e-06	0.401519	0.358651	0.0428288	3.9381e-05	1.3177e-05	5.77396e-05	
641	0.0771335	0.0763007	0.000832812	0	0.337985	0.334336	0.00364924	0	0	0	
642	0.064972	0.0641392	0.000832812	0	0.284696	0.281047	0.00364924	0	0	0	
643	0.178919	0.144329	0.0338675	0.000722053	0.783993	0.632427	0.148401	0.00316391	0.001118	0.00489891	
644	0.0975104	0.0837946	0.0137157	0	0.427273	0.367173	0.0601002	0	0	0	
645	0.0824424	0.0817554	0.000685723	1.27169e-06	0.361248	0.358238	0.00300472	5.57236e-06	1.26297e-06	5.53411e-06	
646	0.128317	0.0762612	0.0520559	0	0.562264	0.334163	0.2281	0	0	0	
647	0.187664	0.125933	0.05919	0.00254089	0.822315	0.55182	0.25936	0.0111337	0.003852	0.0168788	
648	0.147762	0.119273	0.028461	2.74904e-05	0.647468	0.522637	0.124711	0.000120458	3.33394e-05	0.000146087	
649	0.0654275	0.0654275	0	0	0.286692	0.286692	0	0	0	0	
650	0.0742182	0.0742182	0	0	0.325211	0.325211	0	0	0	0	
651	0.103843	0.103219	0.000623933	1.0368e-07	0.455023	0.452288	0.00273396	4.54308e-07	9.57455e-08	4.1954e-07	
652	0.111767	0.0838646	0.0275154	0.000387813	0.489747	0.36748	0.120567	0.00169933	0.000447591	0.00196126	
653	0.108586	0.0891461	0.0194391	1.30791e-06	0.475807	0.390623	0.0851792	5.73105e-06	2.01536e-06	8.83097e-06	
654	0.121144	0.0897538	0.0313447	4.59533e-05	0.530834	0.393285	0.137347	0.000201359	0.000104421	0.000457557	
655	0.128959	0.0824412	0.0451242	0.00139416	0.565079	0.361243	0.197726	0.00610901	0.00159577	0.00699243	
656	0.236024	0.120447	0.111711	0.00386562	1.03421	0.527778	0.489501	0.0169384	0.00563365	0.0246857	
657	0.130583	0.0814814	0.0491021	0	0.572194	0.357037	0.215157	0	0	0	
658	0.105219	0.0766501	0.0285693	0	0.461053	0.335867	0.125185	0	0	0	
659	0.124281	0.0974349	0.026311	0.000535197	0.544578	0.426943	0.11529	0.00234514	0.00070376	0.00308375	
660	0.168157	0.102211	0.0654136	0.000531909	0.736835	0.447873	0.286631	0.00233073	0.00092455	0.00405122	
661	0.171582	0.100098	0.071178	0.000306485	0.751846	0.438613	0.31189	0.00134296	0.000569774	0.00249665	
662	0.125324	0.0818933	0.0433604	7.11271e-05	0.549152	0.358842	0.189997	0.000311667	9.84381e-05	0.000431339	
663	0.113315	0.0818103	0.031478	2.72376e-05	0.496529	0.358478	0.137931	0.00011935	4.6819e-05	0.000205153	
664	0.102131	0.0889081	0.0131684	5.49041e-05	0.447522	0.38958	0.0577019	0.00024058	9.62239e-05	0.000421636	
665	0.112962	0.0888009	0.0241594	1.944e-06	0.494981	0.38911	0.105862	8.51831e-06	7.72861e-06	3.38654e-05	
666	0.106244	0.0803878	0.0258417	1.53921e-05	0.465547	0.352245	0.113233	6.74459e-05	4.61517e-05	0.000202228	
667	0.159752	0.106737	0.0505264	0.00248858	0.700006	0.467704	0.221398	0.0109045	0.00291857	0.0127887	
668	0.104434	0.0845705	0.019864	0	0.457614	0.370573	0.0870409	0	0	0	
669	0.0443042	0.0443042	0	0	0.194133	0.194133	0	0	0	0	
670	0.0925327	0.0841392	0.00836017	3.33509e-05	0.405462	0.368683	0.0366328	0.000146138	4.82192e-05	0.000211288	
671	0.0542631	0.05157	0.00269309	0	0.237771	0.225971	0.0118006	0	0	0	
672	0.145003	0.114018	0.0309752	1.00071e-05	0.635382	0.49961	0.135728	4.38497e-05	1.75991e-05	7.71163e-05	
673	0.13673	0.103322	0.0331477	0.000261114	0.599131	0.452739	0.145247	0.00114415	0.00030643	0.00134272	
674	0.126184	0.0970976	0.0290125	7.43136e-05	0.552918	0.425465	0.127127	0.000325629	8.82248e-05	0.000386586	
675	0.114449	0.0826794	0.0316478	0.000122524	0.501499	0.362287	0.138675	0.000536881	0.00014173	0.000621038	
676	0.140757	0.111798	0.0281451	0.000813236	0.616773	0.489883	0.123327	0.00356346	0.000912584	0.00399878	
677	0.1008	0.0951478	0.00562788	2.50991e-05	0.441691	0.416921	0.0246604	0.00010998	3.24721e-05	0.000142287	
678	0.101515	0.0817868	0.0195467	0.000181733	0.444822	0.358376	0.0856503	0.000796326	0.000240831	0.00105528	
679	0.131063	0.0926649	0.0383988	0	0.574299	0.406041	0.168257	0	0	0	
680	0.122524	0.112428	0.0100958	0	0.53688	0.492641	0.0442383	0	0	0	
681	0.114831	0.09955	0.0152005	8.10529e-05	0.503172	0.436211	0.0666064	0.00035516	0.000111757	0.000489704	
682	0.102035	0.0994482	0.00258747	0	0.447103	0.435765	0.0113378	0	0	0	
683	0.102837	0.0928694	0.00996842	0	0.450617	0.406937	0.0436799	0	0	0	
684	0.111385	0.0960153	0.0153703	0	0.488073	0.420722	0.06735	0	0	0	
685	0.182979	0.143351	0.039411	0.000216812	0.801785	0.628142	0.172692	0.000950035	0.000216985	0.000950793	
686	0.11573	0.0921973	0.0228283	0.000705168	0.507112	0.403992	0.100029	0.00308992	0.000878252	0.00384835	
687	0.0833432	0.0792728	0.00407041	8.61515e-09	0.365195	0.347359	0.0178358	3.77501e-08	4.18166e-06	1.83233e-05	
688	0.0655288	0.0654349	9.39149e-05	0	0.287136	0.286724	0.000411519	0	0	0	
689	0.00730802	0.00728457	2.34457e-05	0	0.0320225	0.0319197	0.000102735	0	0	0	
690	0.0627525	0.060946	0.00180643	0	0.27497	0.267055	0.00791546	0	0	0	
691	0.110964	0.0999436	0.0109535	6.70013e-05	0.486226	0.437935	0.0479966	0.000293588	9.90179e-05	0.000433879	
692	0.0750726	0.0742717	0.00080095	0	0.328955	0.325446	0.00350962	0	0	0	
693	0.0915864	0.0808052	0.0107812	0	0.401316	0.354074	0.0472415	0	0	0	
694	0.209666	0.157268	0.05071	0.00168829	0.918722	0.689122	0.222202	0.00739781	0.00175916	0.00770835	
695	0.0933264	0.0807879	0.012497	4.14079e-05	0.40894	0.353999	0.05476	0.000181442	6.30158e-05	0.000276124	
696	0.219177	0.162707	0.0553037	0.00116639	0.960398	0.712955	0.242331	0.00511092	0.00124937	0.00547455	
697	0.12514	0.0843165	0.0408	2.43063e-05	0.548345	0.36946	0.178778	0.000106506	3.8575e-05	0.000169029	
698	0.236727	0.199418	0.03663	0.000678228	1.03729	0.873819	0.160506	0.00297188	0.000697119	0.00305465	
699	0.26598	0.188771	0.0752845	0.00192452	1.16548	0.827164	0.329884	0.00843292	0.00197967	0.00867461	
700	0.0840451	0.0840451	0	0	0.368271	0.368271	0	0	0	0	
701	0.0838989	0.0838989	0	0	0.36763	0.36763	0	0	0	0	
702	0.111896	0.108204	0.00369102	8.86199e-07	0.49031	0.474133	0.0161734	3.88317e-06	1.23835e-06	5.42623e-06	
703	0.0945797	0.0892423	0.0053115	2.59054e-05	0.414432	0.391044	0.0232741	0.000113513	2.58968e-05	0.000113475	
704	0.090052	0.0808917	0.00916034	0	0.394592	0.354453	0.040139	0	0	0	
705	0.0988285	0.0896757	0.00915281	0	0.433049	0.392943	0.040106	0	0	0	
706	0.250288	0.161055	0.0888725	0.000360744	1.09672	0.705716	0.389424	0.00158072	0.000570784	0.00250108	
707	0.0875569	0.0817121	0.00584477	0	0.383659	0.358048	0.0256108	0	0	0	
708	0.0813749	0.0813749	0	0	0.35657	0.35657	0	0	0	0	
709	0.130392	0.105227	0.024827	0.000337879	0.571356	0.461088	0.108788	0.00148053	0.000337872	0.00148049	
710	0.125684	0.0977112	0.0279511	2.17895e-05	0.550726	0.428153	0.122477	9.54779e-05	3.53946e-05	0.000155093	
711	0.101027	0.0821132	0.0189142	0	0.442685	0.359806	0.0828791	0	0	0	
712	0.0793646	0.0779286	0.00143604	0	0.347762	0.341469	0.0062925	0	0	0	
713	0.0898767	0.0798053	0.0100713	0	0.393824	0.349693	0.044131	0	0	0	
714	0.0939922	0.083124	0.0108681	0	0.411857	0.364235	0.0476224	0	0	0	
715	0.0731154	0.0712956	0.00181989	0	0.320379	0.312405	0.00797446	0	0	0	
716	0.0825014	0.0763143	0.0061871	0	0.361507	0.334396	0.0271108	0	0	0	
717	0.099081	0.0898518	0.0092292	0	0.434156	0.393715	0.0404407	0	0	0	
718	0.116926	0.110069	0.00684532	1.23585e-05	0.512353	0.482304	0.029995	5.41528e-05	1.4097e-05	6.17708e-05	
719	0.0701329	0.0640435	0.00607277	1.6623e-05	0.30731	0.280628	0.0266098	7.28394e-05	1.66145e-05	7.28021e-05	
720	0.0647471	0.0631892	0.00155788	0	0.28371	0.276884	0.00682639	0	0	0	
721	0.125965	0.108214	0.0175123	0.000238124	0.551957	0.474178	0.0767362	0.00104341	0.000238115	0.00104337	
722	0.0830229	0.0822899	0.000733068	0	0.363792	0.36058	0.00321218	0	0	0	
723	0.11301	0.103858	0.00915281	0	0.495194	0.455088	0.040106	0	0	0	
724	0.0826509	0.0819178	0.000733068	0	0.362162	0.35895	0.00321218	0	0	0	
725	0.0822217	0.063495	0.0187267	0	0.360281	0.278224	0.0820572	0	0	0	
726	0.0445109	0.0432888	0.00122211	0	0.195039	0.189684	0.0053551	0	0	0	
727	0.0904957	0.0903162	0.000179468	0	0.396536	0.39575	0.000786401	0	0	0	
728	0.102062	0.086719	0.0150843	0.000259205	0.44722	0.379988	0.066097	0.00113579	0.000281995	0.00123565	
729	0.0992696	0.0787746	0.0202866	0.000208422	0.434982	0.345176	0.0888925	0.000913273	0.000779861	0.00341721	
730	0.11064	0.106473	0.00416613	0	0.484805	0.46655	0.0182552	0	0	0	
731	0.121972	0.0958684	0.0255149	0.000589125	0.534462	0.420079	0.111802	0.00258144	0.000589117	0.00258141	
732	0.0839969	0.078543	0.00545391	0	0.36806	0.344162	0.0238981	0	0	0	
733	0.102105	0.0933635	0.00868139	6.034e-05	0.447407	0.409103	0.0380403	0.000264399	6.6321e-05	0.000290607	
734	0.113071	0.108458	0.00461213	9.58854e-07	0.49546	0.475246	0.0202095	4.20153e-06	9.50137e-07	4.16333e-06	
735	0.0686841	0.0667214	0.00196274	0	0.300962	0.292361	0.00860041	0	0	0	
736	0.0574532	0.0563326	0.00112063	0	0.25175	0.246839	0.00491041	0	0	0	
737	0.098353	0.0808498	0.0174947	8.50221e-06	0.430966	0.35427	0.0766589	3.72552e-05	8.49346e-06	3.72169e-05	
738	0.119587	0.114884	0.00469496	8.52982e-06	0.524011	0.503402	0.0205725	3.73762e-05	8.57031e-06	3.75536e-05	
739	0.0658086	0.0658086	0	0	0.288362	0.288362	0	0	0	0	
740	0.0373059	0.03725	5.58985e-05	0	0.163468	0.163223	0.000244938	0	0	0	
741	0.0908622	0.0876975	0.00314936	1.53967e-05	0.398142	0.384275	0.0137999	6.74658e-05	1.5388e-05	6.74277e-05	
742	0.146886	0.12481	0.0220554	2.04278e-05	0.643631	0.546899	0.0966432	8.95111e-05	2.04181e-05	8.9469e-05	
743	0.0901388	0.0854504	0.00462666	6.17304e-05	0.394972	0.374429	0.0202732	0.000270492	6.17218e-05	0.000270454	
744	0.0564791	0.0561875	0.000291617	0	0.247481	0.246204	0.00127781	0	0	0	
745	0.125271	0.103267	0.0219851	1.90455e-05	0.548916	0.452498	0.096335	8.34542e-05	5.4552e-05	0.000239037	
746	0.085612	0.0762726	0.00930292	3.64904e-05	0.375137	0.334213	0.0407638	0.000159894	5.10544e-05	0.000223711	
747	0.0876067	0.0855097	0.00209696	0	0.383877	0.374689	0.00918853	0	0	0	
748	0.104269	0.0834599	0.0206077	0.000202124	0.456892	0.365707	0.0902997	0.000885674	0.000213665	0.000936244	
749	0.122089	0.11405	0.0080354	3.48963e-06	0.534975	0.49975	0.0352097	1.52909e-05	3.48087e-06	1.52526e-05	
750	0.0945482	0.0833584	0.0111898	0	0.414294	0.365262	0.049032	0	0	0	
751	0.275709	0.154202	0.108742	0.0127644	1.20811	0.675689	0.476491	0.0559316	0.0134771	0.0590546	
752	0.0916603	0.0775119	0.0141483	0	0.401639	0.339644	0.0619957	0	0	0	
753	0.105075	0.0938857	0.0111898	0	0.460423	0.411391	0.049032	0	0	0	
754	0.22386	0.179096	0.0447569	6.17186e-06	0.980916	0.784772	0.196117	2.7044e-05	6.35702e-06	2.78553e-05	
755	0.117087	0.0934054	0.0236823	0	0.513058	0.409286	0.103771	0	0	0	
756	0.209913	0.115725	0.0941874	0	0.919803	0.50709	0.412713	0	0	0	
757	0.129703	0.07868	0.0474243	0.00359932	0.568339	0.344762	0.207805	0.0157716	0.00380271	0.0166628	
758	0.18379	0.129698	0.054092	0	0.805336	0.568314	0.237022	0	0	0	
759	0.126939	0.0723715	0.0532581	0.00130954	0.556225	0.317119	0.233368	0.00573821	0.00394303	0.0172777	
760	0.114209	0.0879756	0.0262335	0	0.500445	0.385494	0.11495	0	0	0	
761	0.127905	0.111475	0.0162742	0.000155826	0.56046	0.488467	0.0713108	0.000682803	0.000155817	0.000682765	
762	0.0513914	0.0513914	0	0	0.225188	0.225188	0	0	0	0	
763	0.0561316	0.0547231	0.00140846	0	0.245959	0.239787	0.00617166	0	0	0	
764	0.0809377	0.0777895	0.00314824	0	0.354655	0.34086	0.013795	0	0	0	
765	0.0878507	0.0849889	0.00286185	0	0.384947	0.372406	0.0125401	0	0	0	
766	0.0550168	0.0451244	0.00970812	0.000184193	0.241074	0.197727	0.0425393	0.000807104	0.000184184	0.000807066	
767	0.0538172	0.043751	0.00994357	0.000122678	0.235817	0.191709	0.043571	0.000537556	0.000173662	0.000760957	
768	0.0460008	0.0459401	6.06791e-05	0	0.201567	0.201302	0.000265885	0	0	0	
769	0.0731453	0.0532007	0.019487	0.000457641	0.32051	0.233116	0.0853888	0.0020053	0.00045823	0.00200788	
770	0.0731998	0.0573503	0.0158495	0	0.320749	0.251299	0.0694498	0	0	0	
771	0.103663	0.0793349	0.0243288	0	0.454237	0.347632	0.106605	0	0	0	
772	0.104691	0.104691	0	0	0.458741	0.458741	0	0	0	0	
773	0.100466	0.0917799	0.00868677	0	0.440227	0.402163	0.0380639	0	0	0	
774	0.0787713	0.0787039	6.74018e-05	0	0.345162	0.344867	0.000295343	0	0	0	
775	0.0766964	0.0766964	0	0	0.33607	0.33607	0	0	0	0	
776	0.065796	0.065796	0	0	0.288306	0.288306	0	0	0	0	
777	0.075351	0.075351	0	0	0.330175	0.330175	0	0	0	0	
778	0.0935546	0.0935546	0	0	0.40994	0.40994	0	0	0	0	
779	0.146944	0.112278	0.0346657	0	0.643883	0.491984	0.151899	0	0	0	
780	0.0504506	0.0440864	0.00636416	0	0.221066	0.193179	0.0278866	0	0	0	
781	0.0588055	0.0430733	0.0157321	0	0.257675	0.18874	0.0689355	0	0	0	
782	0.108798	0.0964876	0.0123103	0	0.476734	0.422792	0.0539419	0	0	0	
783	0.224527	0.136776	0.0827086	0.00504226	0.983838	0.599329	0.362415	0.0220943	0.00810354	0.0355083	
784	0.0727578	0.0727578	0	0	0.318812	0.318812	0	0	0	0	
785	0.13098	0.0764114	0.0545688	0	0.573932	0.334821	0.239111	0	0	0	
786	0.128048	0.0962582	0.0317898	0	0.561084	0.421787	0.139297	0	0	0	
787	0.178831	0.0852549	0.0914899	0.00208631	0.783607	0.373572	0.400893	0.00914186	0.00720074	0.0315524	
788	0.13325	0.0929494	0.0401677	0.000133571	0.583882	0.407288	0.176008	0.000585286	0.000157058	0.000688203	
789	0.104333	0.104266	6.74018e-05	0	0.457173	0.456878	0.000295343	0	0	0	
790	0.119488	0.0857747	0.0337137	0	0.523577	0.37585	0.147727	0	0	0	
791	0.127248	0.0885894	0.0385789	8.02753e-05	0.557582	0.388183	0.169046	0.000351752	0.000130776	0.000573039	
792	0.0961083	0.0837979	0.0123103	0	0.42113	0.367188	0.0539419	0	0	0	
793	0.240699	0.14979	0.086214	0.00469533	1.0547	0.656354	0.377775	0.0205741	0.0048828	0.0213956	
794	0.10525	0.0911022	0.0141483	0	0.46119	0.399194	0.0619957	0	0	0	
795	0.124051	0.107375	0.0166713	4.88777e-06	0.543572	0.4705	0.073051	2.14173e-05	4.87871e-06	2.13777e-05	
796	0.0954045	0.0954045	0	0	0.418046	0.418046	0	0	0	0	
797	0.0548705	0.0541772	0.000693339	0	0.240433	0.237395	0.00303809	0	0	0	
798	0.183365	0.105592	0.0774075	0.000365771	0.803476	0.462686	0.339186	0.00160274	0.000647811	0.00283859	
799	0.167236	0.131542	0.0356937	0	0.732801	0.576397	0.156403	0	0	0	
800	0.203931	0.161506	0.0424133	1.09503e-05	0.893591	0.707695	0.185847	4.79824e-05	1.09412e-05	4.79426e-05	
801	0.156063	0.0867502	0.0691557	0.000157448	0.683843	0.380124	0.303028	0.000689912	0.000414223	0.00181505	
802	0.107881	0.0878442	0.0200206	1.65973e-05	0.472718	0.384918	0.0877271	7.27267e-05	5.81513e-05	0.000254809	
803	0.0847433	0.0847433	0	0	0.37133	0.37133	0	0	0	0	
804	0.189302	0.153646	0.0351682	0.000488619	0.829492	0.67325	0.154101	0.00214104	0.000488611	0.00214101	
805	0.185712	0.1464	0.0393087	3.25676e-06	0.813758	0.6415	0.172244	1.42705e-05	3.248e-06	1.42321e-05	
806	0.146438	0.108791	0.035644	0.00200271	0.641666	0.476705	0.156186	0.00877555	0.00239301	0.0104857	
807	0.123655	0.12141	0.00223606	8.95152e-06	0.541838	0.532001	0.00979805	3.9224e-05	8.94273e-06	3.91855e-05	
808	0.168347	0.155265	0.0130766	4.66407e-06	0.737668	0.680348	0.0572997	2.04371e-05	4.65589e-06	2.04013e-05	
809	0.159051	0.11415	0.0448631	3.78638e-05	0.696937	0.500189	0.196582	0.000165912	3.89717e-05	0.000170767	
810	0.0806361	0.0792973	0.00133469	4.15313e-06	0.353333	0.347467	0.0058484	1.81983e-05	4.14439e-06	1.816e-05	
811	0.123484	0.0987974	0.0246849	2.50321e-06	0.541089	0.432913	0.108165	1.09686e-05	2.54693e-06	1.11602e-05	
812	0.167793	0.114099	0.053356	0.000338058	0.735243	0.499965	0.233797	0.00148131	0.000541673	0.00237352	
813	0.065061	0.065061	0	0	0.285086	0.285086	0	0	0	0	
814	0.106509	0.082883	0.0236215	4.904e-06	0.466706	0.363179	0.103505	2.14884e-05	1.32841e-05	5.82089e-05	
815	0.149269	0.134899	0.0142188	0.000150942	0.654072	0.591106	0.0623045	0.000661405	0.000151236	0.000662693	
816	0.217554	0.158461	0.0579123	0.00118033	0.953284	0.69435	0.253762	0.00517202	0.0014154	0.00620208	
817	0.143903	0.0988341	0.0447678	0.000301077	0.630558	0.433074	0.196165	0.00131927	0.000442505	0.00193898	
818	0.171565	0.126366	0.0450737	0.000125787	0.751771	0.553714	0.197505	0.00055118	0.000905131	0.00396612	
819	0.068091	0.068091	0	0	0.298363	0.298363	0	0	0	0	
820	0.0941491	0.0922887	0.00186035	1.14834e-08	0.412545	0.404393	0.00815176	5.03187e-08	6.66092e-07	2.9187e-06	
821	0.02806	0.0280275	3.25183e-05	0	0.122954	0.122812	0.00014249	0	0	0	
822	0.0961031	0.0856863	0.0104167	0	0.421107	0.375463	0.0456444	0	0	0	
823	0.0619835	0.0599997	0.00196927	1.46077e-05	0.271601	0.262908	0.00862904	6.40088e-05	1.4599e-05	6.39706e-05	
824	0.121603	0.121574	2.89615e-05	0	0.532845	0.532718	0.000126904	0	0	0	
825	0.0800368	0.0798401	0.000196761	0	0.350707	0.349845	0.000862173	0	0	0	
826	0.115854	0.10785	0.00800401	0	0.507656	0.472584	0.0350722	0	0	0	
827	0.0857052	0.0854796	0.000225589	7.52485e-08	0.375545	0.374556	0.000988495	3.29726e-07	6.64896e-08	2.91346e-07	
828	0.168024	0.105323	0.0625546	0.00014668	0.736254	0.461508	0.274103	0.000642726	0.000253473	0.00111067	
829	0.134411	0.103189	0.0312224	0	0.588968	0.452156	0.136811	0	0	0	
830	0.153866	0.13607	0.0177956	0	0.674216	0.596238	0.0779777	0	0	0	
831	0.102259	0.102259	0	0	0.448081	0.448081	0	0	0	0	
832	0.086894	0.0851944	0.00169959	0	0.380754	0.373307	0.00744731	0	0	0	
833	0.0909343	0.0898272	0.00110711	0	0.398458	0.393607	0.00485118	0	0	0	
834	0.0994984	0.0994677	3.063e-05	0	0.435985	0.43585	0.000134215	0	0	0	
835	0.0988066	0.0981121	0.000694576	0	0.432953	0.42991	0.00304351	0	0	0	
836	0.133836	0.11801	0.0158133	1.23444e-05	0.586446	0.517101	0.0692914	5.40911e-05	1.38672e-05	6.07639e-05	
837	0.125025	0.122013	0.0030026	9.64363e-06	0.547841	0.534642	0.0131569	4.22567e-05	9.74988e-06	4.27223e-05	
838	0.140487	0.0987987	0.0416164	7.20266e-05	0.615591	0.432919	0.182356	0.000315608	9.12666e-05	0.000399914	
839	0.196601	0.154659	0.041507	0.000434948	0.861473	0.67769	0.181876	0.00190586	0.000449611	0.00197012	
840	0.104751	0.0777933	0.026954	4.19811e-06	0.459003	0.340877	0.118107	1.83954e-05	1.88552e-05	8.26203e-05	
841	0.113987	0.0810941	0.0328936	0	0.499475	0.35534	0.144134	0	0	0	
842	0.104854	0.0993308	0.00552326	0	0.459452	0.43525	0.024202	0	0	0	
843	0.140518	0.123139	0.017302	7.69266e-05	0.615727	0.539575	0.0758145	0.000337079	8.42188e-05	0.000369032	
844	0.116685	0.111479	0.00519463	1.20694e-05	0.511297	0.488482	0.022762	5.28864e-05	1.20607e-05	5.28482e-05	
845	0.188127	0.136374	0.0497135	0.00203946	0.82434	0.597568	0.217836	0.00893657	0.00217333	0.00952317	
846	0.102519	0.0951684	0.00735095	0	0.449222	0.417011	0.0322106	0	0	0	
847	0.112561	0.0970402	0.015508	1.32393e-05	0.493225	0.425213	0.0679535	5.80126e-05	1.32302e-05	5.79725e-05	
848	0.106574	0.10401	0.00256441	0	0.466992	0.455755	0.0112368	0	0	0	
849	0.0995696	0.0980029	0.001566	7.34564e-07	0.436297	0.429432	0.00686194	3.21873e-06	7.25792e-07	3.18029e-06	
850	0.0815605	0.0810926	0.000467835	0	0.357384	0.355334	0.00204997	0	0	0	
851	0.065337	0.065337	0	0	0.286295	0.286295	0	0	0	0	
852	0.0914224	0.0858285	0.00556309	3.08147e-05	0.400597	0.376086	0.0243765	0.000135024	3.62509e-05	0.000158845	
853	0.108084	0.1047	0.00338461	0	0.473609	0.458778	0.0148308	0	0	0	
854	0.0974384	0.0956541	0.00178364	6.83373e-07	0.426958	0.41914	0.0078156	2.99442e-06	7.36059e-07	3.22528e-06	
855	0.111905	0.0943357	0.0170078	0.000561583	0.490349	0.413363	0.0745253	0.00246076	0.000561575	0.00246072	
856	0.113636	0.104866	0.00877009	0	0.497936	0.459507	0.038429	0	0	0	
857	0.0641183	0.0641183	0	0	0.280955	0.280955	0	0	0	0	
858	0.102272	0.0863741	0.015894	4.70634e-06	0.448142	0.378476	0.0696451	2.06224e-05	5.37854e-06	2.35678e-05	
859	0.125091	0.113204	0.0118873	0	0.548131	0.496043	0.0520884	0	0	0	
860	0.0938329	0.0850628	0.00877009	0	0.41116	0.37273	0.038429	0	0	0	
861	0.0873057	0.0872437	6.1963e-05	0	0.382558	0.382287	0.000271511	0	0	0	
862	0.0934955	0.0797057	0.013777	1.27148e-05	0.409681	0.349256	0.0603688	5.57143e-05	1.32881e-05	5.82263e-05	
863	0.11782	0.116287	0.00153291	0	0.516267	0.50955	0.00671697	0	0	0	
864	0.108801	0.0961934	0.0126076	0	0.476748	0.421503	0.0552447	0	0	0	
865	0.118523	0.117856	0.00066753	0	0.519351	0.516426	0.002925	0	0	0	
866	0.077324	0.0765923	0.000731665	0	0.33882	0.335614	0.00320603	0	0	0	
867	0.0872768	0.0872768	0	0	0.382432	0.382432	0	0	0	0	
868	0.104896	0.10076	0.00412032	1.61738e-05	0.459639	0.441514	0.0180545	7.0871e-05	1.61649e-05	7.08321e-05	
869	0.0969062	0.0953805	0.00152297	2.74075e-06	0.424626	0.417941	0.00667343	1.20095e-05	2.74591e-06	1.20321e-05	
870	0.134465	0.127256	0.00720926	0	0.589205	0.557615	0.0315897	0	0	0	
871	0.109596	0.0997001	0.00989364	2.5364e-06	0.480232	0.436868	0.0433522	1.1114e-05	2.52768e-06	1.10758e-05	
872	0.0422508	0.0422508	0	0	0.185135	0.185135	0	0	0	0	
873	0.10093	0.100821	0.000108304	0	0.442258	0.441783	0.00047457	0	0	0	
874	0.100594	0.0917096	0.00888518	0	0.440789	0.401856	0.0389333	0	0	0	
875	0.0822465	0.0822465	0	0	0.36039	0.36039	0	0	0	0	
876	0.044869	0.044869	0	0	0.196608	0.196608	0	0	0	0	
877	0.0954554	0.0884487	0.00700128	5.47228e-06	0.418269	0.387567	0.0306784	2.39786e-05	6.54979e-06	2.87e-05	
878	0.100806	0.100291	0.00051454	0	0.441716	0.439461	0.00225462	0	0	0	
879	0.0880563	0.0880563	0	0	0.385847	0.385847	0	0	0	0	
880	0.0923468	0.0885135	0.00383327	0	0.404647	0.387851	0.0167967	0	0	0	
881	0.0810802	0.0800839	0.000994628	1.61306e-06	0.355279	0.350914	0.00435829	7.06818e-06	1.60431e-06	7.02984e-06	
882	0.0920191	0.0903055	0.00171122	2.43882e-06	0.403212	0.395703	0.0074983	1.06865e-05	2.43083e-06	1.06514e-05	
883	0.0598324	0.0598324	0	0	0.262175	0.262175	0	0	0	0	
884	0.0795714	0.0795714	0	0	0.348668	0.348668	0	0	0	0	
885	0.0903912	0.0903912	0	0	0.396079	0.396079	0	0	0	0	
886	0.103519	0.102715	0.000804303	0	0.453604	0.450079	0.00352431	0	0	0	
887	0.0667583	0.0667583	0	0	0.292523	0.292523	0	0	0	0	
888	0.097774	0.097774	0	0	0.428429	0.428429	0	0	0	0	
889	0.0667381	0.0652568	0.00148138	0	0.292435	0.285944	0.00649115	0	0	0	
890	0.0967134	0.0925418	0.00415912	1.24934e-05	0.423781	0.405502	0.0182245	5.47441e-05	1.24848e-05	5.47064e-05	
891	0.0423645	0.0416796	0.000684906	0	0.185634	0.182633	0.00300114	0	0	0	
892	0.0591261	0.0591261	0	0	0.25908	0.25908	0	0	0	0	
893	0.0877538	0.0877538	0	0	0.384522	0.384522	0	0	0	0	
894	0.0846049	0.0846049	0	0	0.370724	0.370724	0	0	0	0	
895	0.0808339	0.0808339	0	0	0.3542	0.3542	0	0	0	0	
896	0.0796147	0.0796147	0	0	0.348858	0.348858	0	0	0	0	
897	0.0735743	0.0724277	0.00114662	0	0.32239	0.317366	0.00502429	0	0	0	
898	0.073881	0.073881	0	0	0.323734	0.323734	0	0	0	0	
899	0.0992651	0.096668	0.00259704	0	0.434962	0.423582	0.0113798	0	0	0	
900	0.0827099	0.0827099	0	0	0.36242	0.36242	0	0	0	0	
901	0.175273	0.113561	0.0608799	0.000832224	0.76802	0.497607	0.266765	0.00364666	0.00103318	0.00452724	
902	0.0763442	0.0760103	0.000333887	0	0.334527	0.333064	0.00146303	0	0	0	
903	0.206055	0.117475	0.0841445	0.00443521	0.9029	0.514759	0.368706	0.0194343	0.00989341	0.0433512	
904	0.0685895	0.0685895	0	0	0.300547	0.300547	0	0	0	0	
905	0.15799	0.0939823	0.0640083	0	0.692288	0.411814	0.280473	0	0	0	
906	0.185996	0.132243	0.0531367	0.000615856	0.815003	0.579468	0.232836	0.00269857	0.000615846	0.00269853	
907	0.081369	0.0813463	2.26743e-05	0	0.356545	0.356445	9.93549e-05	0	0	0	
908	0.114143	0.100568	0.0135743	3.02693e-07	0.500157	0.440675	0.0594802	1.32634e-06	1.68504e-06	7.38359e-06	
909	0.107701	0.106912	0.000789813	0	0.471931	0.46847	0.00346082	0	0	0	
910	0.114119	0.0913908	0.0227287	0	0.500052	0.400459	0.0995934	0	0	0	
911	0.120382	0.108074	0.0121533	0.000155201	0.527496	0.473562	0.053254	0.000680067	0.000161977	0.000709758	
912	0.106468	0.0972126	0.00918147	7.41253e-05	0.466525	0.425968	0.0402316	0.000324804	7.41166e-05	0.000324766	
913	0.114999	0.100081	0.0149011	1.7368e-05	0.503908	0.438537	0.0652941	7.61038e-05	1.73591e-05	7.60648e-05	
914	0.0777754	0.0777754	0	0	0.340798	0.340798	0	0	0	0	
915	0.110278	0.0930118	0.017256	1.02875e-05	0.48322	0.407562	0.0756129	4.50784e-05	1.06972e-05	4.68737e-05	
916	0.108362	0.108362	0	0	0.474825	0.474825	0	0	0	0	
917	0.118645	0.0938905	0.0247434	1.165e-05	0.519885	0.411412	0.108421	5.10483e-05	3.79979e-05	0.0001665	
918	0.124384	0.0902152	0.0340091	0.000159733	0.54503	0.395307	0.149022	0.000699924	0.000229804	0.00100696	
919	0.0920358	0.08747	0.0045658	0	0.403285	0.383278	0.0200065	0	0	0	
920	0.117843	0.0870295	0.0306873	0.000127043	0.516371	0.381348	0.134466	0.000556682	0.000178462	0.000781992	
921	0.0388606	0.0388605	0	0	0.17028	0.17028	0	0	0	0	
922	0.0195221	0.0194194	0.000102756	0	0.0855428	0.0850925	0.000450259	0	0	0	
923	0.0605954	0.0600508	0.000544645	0	0.265518	0.263132	0.00238654	0	0	0	
924	0.0591859	0.0524347	0.00669943	5.16995e-05	0.259342	0.22976	0.0293557	0.000226538	5.16905e-05	0.000226498	
925	0.048012	0.0454872	0.00250776	1.71142e-05	0.21038	0.199317	0.0109886	7.49917e-05	1.71055e-05	7.49534e-05	
926	0.0650342	0.0596833	0.00535089	0	0.284968	0.261522	0.0234467	0	0	0	
927	0.0797036	0.078424	0.0012796	0	0.349247	0.34364	0.00560698	0	0	0	
928	0.100542	0.0965396	0.0040026	0	0.440558	0.423019	0.0175387	0	0	0	
929	0.0463228	0.0436365	0.00266677	1.95759e-05	0.202978	0.191207	0.0116853	8.57784e-05	1.95672e-05	8.57403e-05	
930	0.0774957	0.0758777	0.00161794	0	0.339573	0.332483	0.00708956	0	0	0	
931	0.0932247	0.0838085	0.00937603	4.01712e-05	0.408494	0.367234	0.0410841	0.000176023	4.01623e-05	0.000175984	
932	0.0866059	0.0853934	0.00121254	0	0.379492	0.374179	0.00531314	0	0	0	
933	0.04843	0.04843	0	0	0.212212	0.212212	0	0	0	0	
934	0.0472311	0.0461432	0.00108795	0	0.206958	0.202191	0.00476724	0	0	0	
935	0.0898653	0.0788819	0.0109399	4.34868e-05	0.393774	0.345647	0.0479369	0.000190552	4.60516e-05	0.00020179	
936	0.0781416	0.0769542	0.00118742	0	0.342403	0.3372	0.00520309	0	0	0	
937	0.0628265	0.0628265	0	0	0.275295	0.275295	0	0	0	0	
938	0.0683469	0.0683469	0	0	0.299484	0.299484	0	0	0	0	
939	0.0740101	0.0740101	0	0	0.324299	0.324299	0	0	0	0	
940	0.0765978	0.0756189	0.000978956	0	0.335638	0.331349	0.00428962	0	0	0	
941	0.0697756	0.0697756	0	0	0.305744	0.305744	0	0	0	0	
942	0.071918	0.071918	0	0	0.315132	0.315132	0	0	0	0	
943	0.0814571	0.0814571	0	0	0.356931	0.356931	0	0	0	0	
944	0.0645886	0.0645886	0	0	0.283016	0.283016	0	0	0	0	
945	0.0643039	0.0643039	0	0	0.281769	0.281769	0	0	0	0	
946	0.0666365	0.0666365	0	0	0.291989	0.291989	0	0	0	0	
947	0.0972999	0.0972999	0	0	0.426351	0.426351	0	0	0	0	
948	0.0647428	0.0551012	0.00964163	0	0.283692	0.241444	0.042248	0	0	0	
949	0.0657449	0.065745	0	0	0.288083	0.288083	0	0	0	0	
950	0.0874626	0.0874626	0	0	0.383246	0.383246	0	0	0	0	
951	0.11787	0.11787	0	0	0.516488	0.516488	0	0	0	0	
952	0.05128	0.050301	0.000978956	0	0.2247	0.22041	0.00428962	0	0	0	
953	0.0541688	0.0541688	0	0	0.237358	0.237358	0	0	0	0	
954	0.088382	0.0878078	0.000574201	0	0.387275	0.384759	0.00251605	0	0	0	
955	0.0905368	0.0905368	0	0	0.396716	0.396716	0	0	0	0	
956	0.0526962	0.0505096	0.00218654	0	0.230905	0.221324	0.00958107	0	0	0	
957	0.0802589	0.0802589	0	0	0.351681	0.351681	0	0	0	0	
958	0.0810812	0.0704388	0.0106423	0	0.355284	0.308651	0.0466328	0	0	0	
959	0.0924139	0.0924139	0	0	0.404941	0.404941	0	0	0	0	
960	0.0575802	0.0575802	0	0	0.252306	0.252306	0	0	0	0	
961	0.0778986	0.0761315	0.00176705	0	0.341338	0.333595	0.00774291	0	0	0	
962	0.0996859	0.0995301	0.000155882	0	0.436806	0.436123	0.000683049	0	0	0	
963	0.148192	0.148037	0.000155882	0	0.649356	0.648673	0.000683049	0	0	0	
964	0.106551	0.105977	0.000574201	0	0.466891	0.464375	0.00251605	0	0	0	
965	0.156691	0.0977132	0.058978	0	0.686594	0.428162	0.258431	0	0	0	
966	0.162209	0.103231	0.058978	0	0.710773	0.452342	0.258431	0	0	0	
967	0.0450175	0.0450175	0	0	0.197259	0.197259	0	0	0	0	
968	0.0717543	0.0717543	0	0	0.314415	0.314415	0	0	0	0	
969	0.1926	0.180602	0.0119981	0	0.843943	0.79137	0.0525736	0	0	0	
970	0.186209	0.176334	0.00987412	1.9785e-07	0.815936	0.772669	0.0432667	8.66948e-07	3.39363e-07	1.48703e-06	
