Node	dPC	dPCintra	dPCflux	dPCconnector	varPC	varPCintra	varPCflux	varPCconnector	dBC_PC	varBC_PC	
1	0.173035	0.165603	0.00743256	2.94185e-08	0.769691	0.736629	0.0330612	1.30858e-07	6.53527e-09	2.90699e-08	
2	0.0911121	0.0833635	0.00774342	5.2109e-06	0.405281	0.370813	0.0344439	2.31789e-05	5.18817e-06	2.30778e-05	
3	0.0929154	0.0816679	0.0112448	2.74416e-06	0.413302	0.363271	0.0500187	1.22064e-05	3.62002e-06	1.61024e-05	
4	0.0573314	0.0573314	0	0	0.255019	0.255019	0	0	0	0	
5	0.111463	0.106087	0.00537527	2.104e-07	0.495805	0.471894	0.02391	9.35895e-07	3.74722e-07	1.66682e-06	
6	0.0903361	0.0893565	0.000979524	1.25531e-07	0.401829	0.397471	0.00435707	5.58384e-07	1.02596e-07	4.56366e-07	
7	0.0867335	0.0860632	0.000669798	5.18571e-07	0.385804	0.382822	0.00297936	2.30668e-06	5.06092e-07	2.25118e-06	
8	0.123546	0.10285	0.0206963	0	0.549555	0.457494	0.0920607	0	0	0	
9	0.0884173	0.0864918	0.00192551	0	0.393294	0.384729	0.008565	0	0	0	
10	0.0614251	0.0592533	0.00216405	7.78072e-06	0.273228	0.263568	0.00962603	3.46098e-05	8.24648e-06	3.66816e-05	
11	0.0854424	0.079089	0.00635335	0	0.380061	0.3518	0.0282607	0	0	0	
12	0.0970797	0.0944511	0.00262806	5.2307e-07	0.431825	0.420133	0.01169	2.32669e-06	5.00086e-07	2.22446e-06	
13	0.103048	0.103048	0	0	0.458377	0.458377	0	0	0	0	
14	0.083458	0.083458	0	0	0.371234	0.371234	0	0	0	0	
15	0.094071	0.0927818	0.00128807	1.16551e-06	0.418442	0.412708	0.00572954	5.1844e-06	1.14258e-06	5.08239e-06	
16	0.0733332	0.0733332	0	0	0.326197	0.326197	0	0	0	0	
17	0.086427	0.0845504	0.00187661	0	0.38444	0.376093	0.00834749	0	0	0	
18	0.0740222	0.072203	0.00181919	0	0.329262	0.32117	0.00809204	0	0	0	
19	0.0870326	0.0843634	0.00266919	0	0.387134	0.375261	0.0118729	0	0	0	
20	0.0592808	0.0591642	0.000116595	0	0.26369	0.263171	0.000518635	0	0	0	
21	0.0862674	0.0818097	0.00445777	0	0.383731	0.363902	0.0198288	0	0	0	
22	0.0900342	0.0876344	0.00239497	4.78358e-06	0.400486	0.389811	0.0106532	2.12781e-05	4.76066e-06	2.11761e-05	
23	0.100162	0.0950331	0.00512277	6.71998e-06	0.445538	0.422722	0.0227868	2.98915e-05	7.35273e-06	3.2706e-05	
24	0.0651395	0.0651395	0	0	0.289751	0.289751	0	0	0	0	
25	0.121152	0.115619	0.00552892	4.80694e-06	0.538906	0.514291	0.0245935	2.1382e-05	4.82532e-06	2.14637e-05	
26	0.0860287	0.0843463	0.00168235	0	0.382669	0.375185	0.00748337	0	0	0	
27	0.0859569	0.0762925	0.00947543	0.000188913	0.382349	0.339361	0.0421482	0.000840318	0.000191337	0.000851101	
28	0.0621615	0.0621615	0	0	0.276504	0.276504	0	0	0	0	
29	0.10782	0.101352	0.00646793	0	0.4796	0.450829	0.0287703	0	0	0	
30	0.170445	0.148958	0.0213717	0.00011527	0.758169	0.662592	0.0950649	0.000512741	0.00011577	0.000514965	
31	0.144532	0.138523	0.00600823	6.72051e-07	0.642902	0.616173	0.0267255	2.98938e-06	6.49282e-07	2.8881e-06	
32	0.144357	0.138987	0.00536952	5.69177e-07	0.642123	0.618236	0.0238845	2.53178e-06	5.46068e-07	2.42899e-06	
33	0.07841	0.0767079	0.00170208	0	0.34878	0.341209	0.00757113	0	0	0	
34	0.104675	0.0972317	0.00744184	1.55771e-06	0.465611	0.432502	0.0331024	6.92895e-06	3.35851e-06	1.49391e-05	
35	0.0730514	0.0610133	0.0120381	0	0.324944	0.271396	0.0535476	0	0	0	
36	0.0838008	0.0812254	0.00257538	0	0.372759	0.361303	0.0114556	0	0	0	
37	0.17105	0.0950616	0.0748573	0.00113165	0.760859	0.422848	0.332976	0.00503376	0.00592053	0.0263354	
38	0.0795323	0.0784804	0.00105188	8.69517e-08	0.353772	0.349093	0.00467893	3.86774e-07	8.42174e-08	3.74612e-07	
39	0.0892957	0.0839703	0.00532298	2.48808e-06	0.397201	0.373513	0.0236774	1.10674e-05	3.05679e-06	1.35971e-05	
40	0.102803	0.101036	0.00176629	8.40255e-07	0.457284	0.449424	0.00785676	3.73758e-06	8.19649e-07	3.64593e-06	
41	0.100347	0.0960067	0.004341	0	0.446362	0.427053	0.0193094	0	0	0	
42	0.0746961	0.0739977	0.000698424	0	0.33226	0.329153	0.0031067	0	0	0	
43	0.0604519	0.0553768	0.00507504	0	0.268899	0.246325	0.0225745	0	0	0	
44	0.0655237	0.0646543	0.00086942	0	0.29146	0.287592	0.00386731	0	0	0	
45	0.0579115	0.0521824	0.00572394	5.23272e-06	0.257599	0.232115	0.025461	2.32759e-05	7.78756e-06	3.46403e-05	
46	0.093431	0.0851945	0.00823556	9.40701e-07	0.415595	0.378958	0.036633	4.18438e-06	1.12567e-06	5.00716e-06	
47	0.136027	0.134957	0.00106998	0	0.605071	0.600312	0.00475947	0	0	0	
48	0.105489	0.0850985	0.020391	0	0.469234	0.378531	0.0907026	0	0	0	
49	0.169474	0.158498	0.0109651	1.11548e-05	0.753849	0.705025	0.0487748	4.96184e-05	1.61221e-05	7.17136e-05	
50	0.100885	0.0953478	0.00553253	4.66672e-06	0.448752	0.424122	0.0246095	2.07583e-05	9.42282e-06	4.19141e-05	
51	0.084744	0.0847409	3.09753e-06	0	0.376954	0.376941	1.37783e-05	0	0	0	
52	0.0784405	0.0763018	0.00213873	0	0.348915	0.339402	0.00951342	0	0	0	
53	0.09713	0.0950489	0.00207571	5.50052e-06	0.432049	0.422792	0.0092331	2.44671e-05	5.78488e-06	2.5732e-05	
54	0.0931248	0.0908362	0.00228844	1.24824e-07	0.414233	0.404053	0.0101793	5.55239e-07	1.02601e-07	4.56387e-07	
55	0.0974236	0.0928476	0.00457601	0	0.433355	0.413	0.0203548	0	0	0	
56	0.120729	0.112154	0.00857568	0	0.537025	0.498879	0.038146	0	0	0	
57	0.10218	0.100876	0.00130352	3.32676e-07	0.454512	0.448712	0.00579827	1.47979e-06	5.71114e-07	2.5404e-06	
58	0.122285	0.0914411	0.0308362	7.92021e-06	0.543943	0.406744	0.137164	3.52303e-05	2.34219e-05	0.000104184	
59	0.17378	0.112201	0.0615454	3.39415e-05	0.773002	0.499087	0.273763	0.000150977	8.4935e-05	0.000377804	
60	0.074762	0.0737037	0.00105826	0	0.332553	0.327845	0.00470732	0	0	0	
61	0.0874709	0.0872595	0.000211396	3.94358e-08	0.389084	0.388143	0.000940326	1.75417e-07	1.66098e-08	7.38832e-08	
62	0.0995808	0.0935501	0.00602534	5.37459e-06	0.44295	0.416125	0.0268016	2.3907e-05	6.5086e-06	2.89512e-05	
63	0.121055	0.0940354	0.0270063	1.40467e-05	0.538475	0.418284	0.120128	6.24819e-05	3.79295e-05	0.000168716	
64	0.098804	0.0969448	0.00185689	2.35185e-06	0.439495	0.431225	0.00825973	1.04614e-05	2.32886e-06	1.03591e-05	
65	0.111262	0.102702	0.00854468	1.54299e-05	0.494914	0.456837	0.038008	6.86349e-05	1.83195e-05	8.14883e-05	
66	0.112244	0.101053	0.0111906	0	0.499279	0.449501	0.0497775	0	0	0	
67	0.166213	0.137507	0.0286403	6.56563e-05	0.739343	0.611654	0.127396	0.000292049	0.000100655	0.00044773	
68	0.105766	0.0799626	0.0257751	2.87917e-05	0.470466	0.355686	0.114651	0.00012807	4.52355e-05	0.000201214	
69	0.115608	0.11389	0.00171723	3.36201e-07	0.514243	0.506603	0.00763852	1.49547e-06	4.16621e-07	1.85319e-06	
70	0.0780135	0.0764397	0.00157381	0	0.347016	0.340015	0.00700055	0	0	0	
71	0.0663966	0.0442376	0.0221589	0	0.295342	0.196775	0.0985666	0	0	0	
72	0.167484	0.129621	0.0378119	5.14434e-05	0.744997	0.576575	0.168193	0.000228828	7.98008e-05	0.000354966	
73	0.0774571	0.0597261	0.017731	0	0.344541	0.265671	0.0788703	0	0	0	
74	0.141908	0.106105	0.0356497	0.000153503	0.631231	0.471973	0.158575	0.000682807	0.000183447	0.000816003	
75	0.185425	0.142964	0.04196	0.000501335	0.824802	0.635927	0.186644	0.00223001	0.000614976	0.00273551	
76	0.151254	0.140416	0.0107347	0.000103643	0.672803	0.624593	0.0477498	0.00046102	0.000105645	0.000469926	
77	0.0892068	0.0890373	0.000169485	0	0.396806	0.396052	0.000753899	0	0	0	
78	0.144123	0.0980813	0.0460019	4.00229e-05	0.641083	0.436281	0.204624	0.000178028	4.49132e-05	0.000199781	
79	0.159086	0.136139	0.0228726	7.41942e-05	0.707639	0.605568	0.101741	0.000330027	0.000133326	0.000593056	
80	0.138074	0.124331	0.0137207	2.30919e-05	0.614179	0.553044	0.061032	0.000102716	3.59336e-05	0.000159838	
81	0.108372	0.105512	0.00285971	0	0.482058	0.469337	0.0127204	0	0	0	
82	0.239323	0.160038	0.0784343	0.000850331	1.06454	0.711875	0.348888	0.0037824	0.00130794	0.00581796	
83	0.160072	0.124324	0.0356389	0.000109583	0.712027	0.553012	0.158527	0.000487444	0.000111786	0.000497244	
84	0.116065	0.0955162	0.0205495	0	0.516279	0.424871	0.0914076	0	0	0	
85	0.136692	0.100403	0.0362896	0	0.608031	0.446609	0.161422	0	0	0	
86	0.16841	0.145192	0.0230274	0.000190296	0.749115	0.645839	0.102429	0.000846467	0.000254947	0.00113404	
87	0.0821998	0.0770661	0.00513375	0	0.365637	0.342802	0.0228357	0	0	0	
88	0.0826971	0.0810612	0.00163528	6.25996e-07	0.367849	0.360573	0.00727401	2.78453e-06	6.03076e-07	2.68257e-06	
89	0.0768545	0.076419	0.000435475	0	0.34186	0.339923	0.00193706	0	0	0	
90	0.108573	0.0981137	0.0104556	4.61849e-06	0.482953	0.436425	0.0465084	2.05438e-05	6.16854e-06	2.74386e-05	
91	0.103586	0.101661	0.00192424	3.80932e-07	0.460768	0.452207	0.00855934	1.69444e-06	5.42746e-07	2.41422e-06	
92	0.0850591	0.0832808	0.0017783	0	0.378356	0.370446	0.00791017	0	0	0	
93	0.0938181	0.089647	0.00416657	4.53636e-06	0.417317	0.398764	0.0185335	2.01784e-05	5.86347e-06	2.60816e-05	
94	0.0875522	0.0851768	0.00237547	0	0.389446	0.378879	0.0105664	0	0	0	
95	0.152016	0.130594	0.0214199	2.64667e-06	0.676193	0.580902	0.0952794	1.17728e-05	2.87096e-06	1.27704e-05	
96	0.199076	0.158499	0.0404934	8.38883e-05	0.885524	0.70503	0.180121	0.000373148	9.50186e-05	0.000422657	
97	0.114624	0.0940764	0.0205393	8.862e-06	0.509868	0.418466	0.0913622	3.94195e-05	1.21885e-05	5.42164e-05	
98	0.103928	0.0890179	0.0148908	2.00611e-05	0.462291	0.395965	0.0662369	8.92351e-05	2.16774e-05	9.64246e-05	
99	0.104702	0.0998045	0.00489674	9.69016e-07	0.465731	0.443946	0.0217814	4.31033e-06	1.01044e-06	4.4946e-06	
100	0.0948279	0.0917576	0.00306359	6.69666e-06	0.421809	0.408152	0.0136273	2.97878e-05	8.38643e-06	3.73041e-05	
101	0.145375	0.143956	0.00141926	0	0.646652	0.640339	0.0063131	0	0	0	
102	0.148538	0.107006	0.0414999	3.22027e-05	0.660723	0.475982	0.184598	0.000143242	6.39157e-05	0.000284307	
103	0.077096	0.0731468	0.00394917	0	0.342935	0.325368	0.0175665	0	0	0	
104	0.112134	0.0831047	0.0289935	3.6121e-05	0.498791	0.369662	0.128967	0.000160672	4.43409e-05	0.000197235	
105	0.0937859	0.0860151	0.00768672	8.41299e-05	0.417174	0.382608	0.0341917	0.000374222	0.000101704	0.000452397	
106	0.142397	0.111268	0.031121	7.83164e-06	0.633404	0.494938	0.138431	3.48363e-05	1.34793e-05	5.99582e-05	
107	0.206388	0.146343	0.0597493	0.000295383	0.918048	0.65096	0.265774	0.00131391	0.000340705	0.00151551	
108	0.10564	0.0966834	0.0089376	1.91263e-05	0.469904	0.430063	0.0397558	8.50769e-05	2.3381e-05	0.000104002	
109	0.135888	0.107843	0.0278311	0.000214531	0.604454	0.479703	0.123797	0.000954269	0.000276659	0.00123062	
110	0.117717	0.108363	0.00935406	0	0.523626	0.482018	0.0416083	0	0	0	
111	0.102781	0.0960032	0.00677228	6.31885e-06	0.457189	0.427037	0.0301241	2.81072e-05	1.05266e-05	4.68243e-05	
112	0.10247	0.094581	0.00788922	0	0.455803	0.420711	0.0350925	0	0	0	
113	0.095823	0.0915562	0.00426057	6.22565e-06	0.426236	0.407256	0.0189517	2.76926e-05	9.84037e-06	4.37715e-05	
114	0.161139	0.123859	0.0365947	0.000685426	0.716772	0.550944	0.162778	0.00304888	0.000764533	0.00340076	
115	0.116976	0.10656	0.0104045	1.07087e-05	0.520327	0.473999	0.046281	4.76341e-05	1.08563e-05	4.82905e-05	
116	0.119318	0.114089	0.00522493	4.11899e-06	0.530748	0.507489	0.0232413	1.83219e-05	4.58821e-06	2.04091e-05	
117	0.109628	0.0966257	0.0130028	0	0.487645	0.429806	0.0578386	0	0	0	
118	0.102677	0.101366	0.0013108	3.26368e-07	0.456727	0.450895	0.00583068	1.45173e-06	6.94974e-07	3.09135e-06	
119	0.118165	0.113288	0.00487777	0	0.52562	0.503922	0.021697	0	0	0	
120	0.112246	0.0958995	0.0162663	8.05457e-05	0.499289	0.426576	0.072355	0.00035828	0.000111116	0.000494264	
121	0.0896783	0.0841166	0.00556175	0	0.398903	0.374163	0.0247395	0	0	0	
122	0.175722	0.157262	0.0184025	5.74331e-05	0.781642	0.69953	0.0818573	0.000255471	9.0303e-05	0.000401682	
123	0.110629	0.106694	0.00393263	1.53465e-06	0.492095	0.474595	0.0174929	6.82636e-06	2.56398e-06	1.1405e-05	
124	0.149269	0.0960909	0.052448	0.00073079	0.663975	0.427427	0.233297	0.00325067	0.00249429	0.011095	
125	0.107238	0.103113	0.00412462	0	0.477014	0.458667	0.0183469	0	0	0	
126	0.127946	0.104062	0.0236038	0.000280289	0.569126	0.462886	0.104993	0.00124676	0.000381773	0.00169818	
127	0.20185	0.191079	0.0107582	1.27751e-05	0.89786	0.849949	0.0478545	5.6826e-05	1.42355e-05	6.33217e-05	
128	0.128156	0.120319	0.00783648	4.96726e-07	0.57006	0.5352	0.0348578	2.20951e-06	4.7393e-07	2.10811e-06	
129	0.121743	0.117724	0.00401872	0	0.541532	0.523656	0.0178758	0	0	0	
130	0.100103	0.0959752	0.00412284	4.99933e-06	0.445274	0.426912	0.018339	2.22378e-05	5.74027e-06	2.55336e-05	
131	0.129871	0.124285	0.00558489	1.06026e-06	0.577687	0.55284	0.0248424	4.71624e-06	1.30856e-06	5.82069e-06	
132	0.118967	0.0849224	0.0340438	1.63579e-06	0.529188	0.377748	0.151432	7.27628e-06	5.13694e-06	2.28499e-05	
133	0.127341	0.110504	0.0167439	9.39352e-05	0.566436	0.491539	0.0744798	0.000417838	0.000119979	0.000533688	
134	0.0961816	0.0953733	0.000808254	0	0.42783	0.424235	0.00359524	0	0	0	
135	0.0703595	0.0703595	0	0	0.31297	0.31297	0	0	0	0	
136	0.107762	0.103223	0.00453747	1.49055e-06	0.479346	0.459156	0.0201833	6.63021e-06	2.06329e-06	9.17785e-06	
137	0.111166	0.101834	0.0092926	3.91873e-05	0.494484	0.452975	0.0413349	0.000174311	5.2194e-05	0.000232167	
138	0.109705	0.104057	0.00564312	4.18796e-06	0.487985	0.462865	0.0251015	1.86287e-05	4.59206e-06	2.04262e-05	
139	0.108649	0.105914	0.00273341	1.22602e-06	0.483289	0.471125	0.0121586	5.45353e-06	1.4109e-06	6.27592e-06	
140	0.137259	0.120721	0.0164845	5.2798e-05	0.610549	0.536989	0.0733258	0.000234854	6.1678e-05	0.000274353	
141	0.0959567	0.0927688	0.00318674	1.24317e-06	0.42683	0.41265	0.0141751	5.52985e-06	2.22582e-06	9.90081e-06	
142	0.0852746	0.083202	0.00207258	0	0.379315	0.370095	0.00921916	0	0	0	
143	0.155307	0.154374	0.000932606	0	0.690831	0.686683	0.00414837	0	0	0	
144	0.100578	0.0984968	0.00208172	0	0.447389	0.438129	0.00925984	0	0	0	
145	0.0896059	0.0865356	0.00306858	1.6935e-06	0.398581	0.384924	0.0136495	7.53298e-06	2.34995e-06	1.04529e-05	
146	0.0626126	0.0610287	0.00158391	0	0.27851	0.271465	0.00704548	0	0	0	
147	0.074508	0.0725146	0.00199336	0	0.331423	0.322556	0.00886681	0	0	0	
148	0.111283	0.107552	0.00373182	0	0.495008	0.478408	0.0165997	0	0	0	
149	0.114402	0.0996753	0.0147071	1.96221e-05	0.508878	0.443371	0.0654195	8.72825e-05	2.32087e-05	0.000103236	
150	0.0916288	0.0824103	0.00921526	3.22747e-06	0.407579	0.366574	0.0409909	1.43562e-05	3.20421e-06	1.42528e-05	
151	0.130299	0.12416	0.00611801	2.16265e-05	0.579594	0.552284	0.0272138	9.61982e-05	2.70085e-05	0.000120138	
152	0.0908283	0.0845758	0.00625232	2.37087e-07	0.404018	0.376206	0.0278113	1.0546e-06	2.56837e-07	1.14245e-06	
153	0.139147	0.135322	0.00382497	0	0.618949	0.601934	0.017014	0	0	0	
154	0.101304	0.0975057	0.00379886	3.1293e-07	0.450619	0.43372	0.0168979	1.39196e-06	3.52163e-07	1.56647e-06	
155	0.107803	0.0916604	0.0161306	1.24533e-05	0.479526	0.407719	0.0717516	5.53943e-05	1.52264e-05	6.77296e-05	
156	0.104104	0.0945648	0.0095315	8.49437e-06	0.463074	0.420639	0.0423976	3.77842e-05	1.19565e-05	5.31845e-05	
157	0.0886655	0.0881826	0.00048294	0	0.394398	0.39225	0.00214819	0	0	0	
158	0.110541	0.103312	0.00721267	1.65082e-05	0.491705	0.459549	0.0320831	7.34314e-05	1.75075e-05	7.78763e-05	
159	0.105951	0.0990921	0.00685792	1.22396e-06	0.471287	0.440777	0.0305051	5.4444e-06	3.2936e-06	1.46504e-05	
160	0.168418	0.155548	0.0128694	0	0.74915	0.691905	0.0572454	0	0	0	
161	0.214227	0.173687	0.0405214	1.83853e-05	0.952917	0.77259	0.180245	8.17807e-05	3.22832e-05	0.0001436	
162	0.118045	0.0941439	0.0238343	6.75776e-05	0.525086	0.418767	0.106018	0.000300595	7.54316e-05	0.000335531	
163	0.0887217	0.0784741	0.010138	0.000109586	0.394648	0.349065	0.0450955	0.000487457	0.000109563	0.000487356	
164	0.125774	0.0896675	0.0361064	0	0.559462	0.398855	0.160607	0	0	0	
165	0.151596	0.115151	0.0360551	0.000389959	0.674326	0.512213	0.160379	0.00173459	0.000502365	0.00223459	
166	0.100494	0.0973724	0.00312166	0	0.447013	0.433127	0.0138856	0	0	0	
167	0.102797	0.097069	0.00571486	1.36342e-05	0.457259	0.431778	0.0254206	6.06472e-05	1.57322e-05	6.99795e-05	
168	0.103793	0.098014	0.00577743	1.75865e-06	0.461688	0.435981	0.0256989	7.82276e-06	3.12097e-06	1.38825e-05	
169	0.0966814	0.094738	0.00194079	2.60676e-06	0.430054	0.421409	0.00863296	1.15952e-05	2.58501e-06	1.14985e-05	
170	0.145145	0.108634	0.0356469	0.000864172	0.645627	0.483221	0.158563	0.00384397	0.000966039	0.00429709	
171	0.214761	0.195299	0.0194564	5.56023e-06	0.95529	0.86872	0.0865452	2.47328e-05	8.05503e-06	3.583e-05	
172	0.129544	0.122113	0.00743054	0	0.576233	0.543181	0.0330522	0	0	0	
173	0.166586	0.135665	0.0307964	0.000125475	0.741004	0.603459	0.136987	0.000558133	0.000148623	0.000661102	
174	0.118982	0.113239	0.00574292	7.60723e-08	0.529251	0.503706	0.0255454	3.38381e-07	3.47754e-07	1.54686e-06	
175	0.108427	0.0962527	0.0121751	0	0.482304	0.428147	0.0541568	0	0	0	
176	0.106645	0.0948402	0.0117457	5.99038e-05	0.474377	0.421864	0.0522468	0.000266461	8.31905e-05	0.000370044	
177	0.173711	0.141803	0.0314672	0.000440372	0.772696	0.630765	0.139971	0.00195884	0.000670267	0.00298145	
178	0.130729	0.106436	0.0242644	2.89413e-05	0.581507	0.473446	0.107931	0.000128735	4.65727e-05	0.000207162	
179	0.171861	0.140441	0.0312478	0.000171411	0.764464	0.624706	0.138995	0.000762466	0.000239291	0.0010644	
180	0.110138	0.101445	0.00867259	2.01868e-05	0.489914	0.451247	0.038577	8.97944e-05	2.51231e-05	0.000111751	
181	0.129607	0.12535	0.00425661	1.73556e-07	0.576513	0.557578	0.018934	7.72004e-07	7.42059e-07	3.30079e-06	
182	0.100883	0.0994374	0.00144615	0	0.448745	0.442313	0.00643273	0	0	0	
183	0.115564	0.111542	0.0040215	0	0.514046	0.496158	0.0178882	0	0	0	
184	0.0932504	0.0880406	0.00520772	2.05122e-06	0.414792	0.391618	0.0231647	9.12415e-06	2.76142e-06	1.22832e-05	
185	0.0903086	0.0825941	0.00771444	0	0.401706	0.367391	0.034315	0	0	0	
186	0.14864	0.113826	0.0348024	1.15315e-05	0.661174	0.506316	0.154806	5.12942e-05	1.30764e-05	5.81662e-05	
187	0.0905969	0.0882911	0.00229919	6.61345e-06	0.402989	0.392732	0.0102271	2.94177e-05	6.74564e-06	3.00056e-05	
188	0.0864459	0.0806918	0.00574883	5.2589e-06	0.384524	0.358929	0.0255717	2.33924e-05	5.52064e-06	2.45566e-05	
189	0.107133	0.102311	0.00482226	0	0.476548	0.455098	0.0214502	0	0	0	
190	0.0719737	0.0593887	0.012585	0	0.32015	0.26417	0.0559801	0	0	0	
191	0.347562	0.213381	0.13103	0.00315023	1.54601	0.949155	0.582844	0.0140127	0.00360307	0.016027	
192	0.0730038	0.0730038	0	0	0.324732	0.324732	0	0	0	0	
193	0.118432	0.118432	0	0	0.526805	0.526805	0	0	0	0	
194	0.159959	0.121098	0.0387729	8.82289e-05	0.711524	0.538664	0.172468	0.000392456	0.0001341	0.000596498	
195	0.0888767	0.0886363	0.000240411	0	0.395337	0.394268	0.00106938	0	0	0	
196	0.0894134	0.0894135	0	0	0.397725	0.397725	0	0	0	0	
197	0.0717333	0.0560363	0.0156781	1.89033e-05	0.319081	0.249258	0.0697387	8.40851e-05	5.26711e-05	0.000234289	
198	0.14896	0.114325	0.0344483	0.000186944	0.662601	0.508538	0.153231	0.000831556	0.000261674	0.00116396	
199	0.147062	0.114363	0.0326991	0	0.654155	0.508704	0.145451	0	0	0	
200	0.116278	0.0872321	0.0290464	0	0.517225	0.388022	0.129203	0	0	0	
201	0.162416	0.100608	0.0607276	0.00108065	0.722454	0.447521	0.270125	0.0048069	0.00239175	0.0106388	
202	0.105879	0.105879	0	0	0.470968	0.470968	0	0	0	0	
203	0.0972962	0.0945075	0.00278863	0	0.432788	0.420384	0.0124043	0	0	0	
204	0.177361	0.13379	0.0430668	0.000504026	0.788933	0.595122	0.191568	0.00224198	0.000761726	0.00338827	
205	0.114978	0.0898564	0.0250885	3.3946e-05	0.511444	0.399695	0.111597	0.000150997	3.72618e-05	0.000165746	
206	0.188459	0.14932	0.0389778	0.000161921	0.838298	0.664198	0.173379	0.000720252	0.000296481	0.00131879	
207	0.0676376	0.0518991	0.0157362	2.19298e-06	0.300862	0.230855	0.0699973	9.75473e-06	4.75569e-06	2.1154e-05	
208	0.103478	0.0982634	0.00521494	0	0.460287	0.437091	0.0231969	0	0	0	
209	0.144482	0.0951796	0.0493029	0	0.642681	0.423374	0.219307	0	0	0	
210	0.114339	0.113636	0.000702538	0	0.508599	0.505474	0.003125	0	0	0	
211	0.160556	0.103462	0.0570935	0	0.71418	0.460219	0.253961	0	0	0	
212	0.116739	0.116292	0.000447742	1.30167e-07	0.519277	0.517285	0.00199162	5.79003e-07	1.07225e-07	4.76954e-07	
213	0.233469	0.164533	0.0680757	0.000860814	1.03851	0.731869	0.302811	0.00382903	0.00195502	0.00869623	
214	0.118403	0.115735	0.00266797	1.43948e-07	0.526679	0.514811	0.0118675	6.40304e-07	1.20981e-07	5.38143e-07	
215	0.183021	0.161483	0.021501	3.67359e-05	0.814106	0.718303	0.0956399	0.000163407	4.41985e-05	0.000196601	
216	0.0985574	0.0847456	0.0138062	5.6139e-06	0.438398	0.376961	0.0614121	2.49715e-05	7.34553e-06	3.2674e-05	
217	0.203321	0.140778	0.0615922	0.000950625	0.904404	0.626204	0.273971	0.00422853	0.000982599	0.00437075	
218	0.0975984	0.0970846	0.000513794	0	0.434133	0.431847	0.00228543	0	0	0	
219	0.13344	0.13295	0.000490162	0	0.593563	0.591382	0.00218032	0	0	0	
220	0.0945997	0.0837505	0.0108491	0	0.420794	0.372535	0.0482586	0	0	0	
221	0.106662	0.0937761	0.0128728	1.39902e-05	0.474453	0.41713	0.0572603	6.22308e-05	1.42452e-05	6.33651e-05	
222	0.0502423	0.0502319	1.04403e-05	0	0.223485	0.223439	4.644e-05	0	0	0	
223	0.0969401	0.0966875	0.000252578	0	0.431204	0.430081	0.0011235	0	0	0	
224	0.153484	0.14511	0.00837389	2.08721e-07	0.682724	0.645474	0.0372483	9.28425e-07	1.86948e-07	8.31576e-07	
225	0.0800969	0.078225	0.00186682	5.11666e-06	0.356283	0.347957	0.00830391	2.27597e-05	5.33485e-06	2.37302e-05	
226	0.229313	0.224812	0.00449305	8.48142e-06	1.02002	1	0.0199858	3.77267e-05	8.47031e-06	3.76772e-05	
227	0.0847625	0.0821722	0.00259026	0	0.377036	0.365514	0.0115219	0	0	0	
228	0.0906921	0.0792541	0.011435	2.90476e-06	0.403412	0.352534	0.0508649	1.29208e-05	2.88198e-06	1.28194e-05	
229	0.128693	0.123741	0.00495199	0	0.572448	0.55042	0.0220272	0	0	0	
230	0.106738	0.106449	0.000288487	0	0.474787	0.473504	0.00128323	0	0	0	
231	0.0929252	0.0919047	0.00101992	6.13038e-07	0.413346	0.408806	0.0045368	2.72689e-06	5.90113e-07	2.62491e-06	
232	0.0851412	0.0749828	0.0101583	0	0.378721	0.333535	0.0451859	0	0	0	
233	0.0787381	0.0780238	0.00071432	0	0.350239	0.347062	0.0031774	0	0	0	
234	0.104162	0.104162	0	0	0.463329	0.463329	0	0	0	0	
235	0.136063	0.136063	0	0	0.605233	0.605233	0	0	0	0	
236	0.068583	0.0660798	0.00250312	0	0.305067	0.293933	0.0111342	0	0	0	
237	0.0473058	0.0473058	0	0	0.210423	0.210423	0	0	0	0	
238	0.0893835	0.0893835	0	0	0.397592	0.397592	0	0	0	0	
239	0.140708	0.121821	0.0188872	4.51346e-07	0.625894	0.541879	0.0840134	2.00765e-06	4.42123e-07	1.96663e-06	
240	0.0924978	0.0905597	0.00193802	0	0.411444	0.402824	0.00862064	0	0	0	
241	0.137027	0.118447	0.018571	8.47427e-06	0.609519	0.526874	0.0826071	3.76948e-05	8.59229e-06	3.82198e-05	
242	0.0862734	0.0854686	0.000804821	0	0.383757	0.380177	0.00357997	0	0	0	
243	0.0860337	0.0860337	0	0	0.382691	0.382691	0	0	0	0	
244	0.0887373	0.0887373	0	0	0.394717	0.394717	0	0	0	0	
245	0.121819	0.0951356	0.0263525	0.000331036	0.54187	0.423178	0.11722	0.0014725	0.000383908	0.00170768	
246	0.102168	0.0895415	0.0126268	0	0.454461	0.398294	0.0561661	0	0	0	
247	0.111133	0.10719	0.00393035	1.24464e-05	0.494339	0.476801	0.0174828	5.53639e-05	1.25386e-05	5.5774e-05	
248	0.0836017	0.0836017	0	0	0.371873	0.371873	0	0	0	0	
249	0.0719823	0.0700141	0.00196439	3.81666e-06	0.320188	0.311433	0.00873793	1.69771e-05	3.79377e-06	1.68753e-05	
250	0.0690241	0.0666579	0.00234741	1.88065e-05	0.30703	0.296504	0.0104416	8.36544e-05	1.88915e-05	8.40324e-05	
251	0.12257	0.109286	0.0132513	3.2307e-05	0.54521	0.486123	0.058944	0.000143706	3.22843e-05	0.000143605	
252	0.0759399	0.0692859	0.00663321	2.08178e-05	0.337792	0.308194	0.0295055	9.2601e-05	2.21109e-05	9.83527e-05	
253	0.0978979	0.0978275	7.04016e-05	0	0.435465	0.435152	0.000313157	0	0	0	
254	0.0778955	0.0776781	0.000217412	0	0.346491	0.345524	0.000967086	0	0	0	
255	0.0869271	0.0867367	0.000190358	0	0.386665	0.385818	0.000846742	0	0	0	
256	0.0990401	0.0967292	0.00231086	0	0.440546	0.430266	0.010279	0	0	0	
257	0.0889843	0.0888102	0.000174121	0	0.395816	0.395041	0.000774518	0	0	0	
258	0.103745	0.096206	0.00748774	5.13122e-05	0.461474	0.427939	0.0333066	0.000228244	5.64179e-05	0.000250955	
259	0.0528725	0.0452742	0.00755184	4.64731e-05	0.235185	0.201386	0.0335917	0.00020672	5.644e-05	0.000251054	
260	0.0459039	0.0417502	0.0041537	0	0.204187	0.185711	0.0184763	0	0	0	
261	0.110485	0.109879	0.000606126	0	0.491458	0.488762	0.00269614	0	0	0	
262	0.114025	0.111115	0.00291039	0	0.507205	0.494259	0.0129458	0	0	0	
263	0.0579026	0.0437662	0.0141077	2.87329e-05	0.25756	0.194678	0.0627533	0.000127808	4.55685e-05	0.000202696	
264	0.187675	0.13998	0.0471166	0.000577851	0.834809	0.622657	0.209582	0.00257037	0.000883469	0.0039298	
265	0.0503202	0.0433631	0.0069571	0	0.223832	0.192885	0.0309462	0	0	0	
266	0.085231	0.0834291	0.00179859	3.35517e-06	0.379121	0.371105	0.00800044	1.49243e-05	3.33231e-06	1.48226e-05	
267	0.0497145	0.0455608	0.0041537	0	0.221138	0.202661	0.0184763	0	0	0	
268	0.0851904	0.0851904	0	0	0.37894	0.37894	0	0	0	0	
269	0.206339	0.204821	0.00151853	4.35425e-07	0.917832	0.911075	0.00675467	1.93683e-06	4.52681e-07	2.01359e-06	
270	0.107619	0.107342	0.000277124	0	0.478707	0.477474	0.00123269	0	0	0	
271	0.0845868	0.0845868	0	0	0.376255	0.376255	0	0	0	0	
272	0.104616	0.103631	0.000984674	0	0.465349	0.460969	0.00437998	0	0	0	
273	0.109063	0.0915997	0.0174282	3.57728e-05	0.485132	0.40745	0.0775237	0.000159123	4.74122e-05	0.000210897	
274	0.10111	0.0942386	0.00687088	9.14668e-07	0.449755	0.419188	0.0305627	4.06858e-06	8.9519e-07	3.98194e-06	
275	0.120807	0.111142	0.00956952	9.48762e-05	0.537369	0.49438	0.0425667	0.000422024	9.48854e-05	0.000422065	
276	0.0898528	0.0897248	0.000127973	0	0.399679	0.39911	0.000569244	0	0	0	
277	0.104512	0.103967	0.000544658	5.89827e-08	0.464888	0.462465	0.00242272	2.62364e-07	3.60491e-08	1.60352e-07	
278	0.178769	0.147855	0.0308291	8.49688e-05	0.795196	0.657686	0.137132	0.000377954	0.000175609	0.000781138	
279	0.0822775	0.0769691	0.00530838	0	0.365983	0.34237	0.0236125	0	0	0	
280	0.137596	0.121265	0.0163309	4.51806e-08	0.612051	0.539409	0.0726425	2.0097e-07	5.73394e-08	2.55054e-07	
281	0.11576	0.0950295	0.020671	5.98632e-05	0.51492	0.422706	0.0919482	0.00026628	7.41774e-05	0.000329952	
282	0.0849568	0.0811542	0.00380259	0	0.377901	0.360986	0.0169145	0	0	0	
283	0.0981357	0.0910487	0.00706882	1.81428e-05	0.436522	0.404999	0.0314432	8.07022e-05	2.85656e-05	0.000127064	
284	0.133869	0.11051	0.0233353	2.39192e-05	0.595472	0.491567	0.103799	0.000106396	3.09942e-05	0.000137867	
285	0.102261	0.087148	0.0151139	0	0.454877	0.387648	0.0672292	0	0	0	
286	0.119315	0.081998	0.0372902	2.76261e-05	0.530736	0.36474	0.165873	0.000122885	5.47429e-05	0.000243504	
287	0.0799383	0.0653201	0.014593	2.52108e-05	0.355578	0.290554	0.0649121	0.000112141	2.73806e-05	0.000121793	
288	0.211098	0.140354	0.0694805	0.00126398	0.938999	0.624317	0.30906	0.0056224	0.00166322	0.00739829	
289	0.0667751	0.0655653	0.00120638	3.39168e-06	0.297026	0.291645	0.00536619	1.50867e-05	3.36873e-06	1.49846e-05	
290	0.0693817	0.0689202	0.000461533	0	0.308621	0.306568	0.00205297	0	0	0	
291	0.181469	0.137031	0.0443702	6.76537e-05	0.807204	0.609537	0.197365	0.000300934	8.15097e-05	0.000362568	
292	0.135677	0.116547	0.0190943	3.50419e-05	0.603514	0.518423	0.0849347	0.000155871	5.52805e-05	0.000245896	
293	0.0673286	0.0475214	0.0198071	0	0.299488	0.211382	0.0881054	0	0	0	
294	0.0649878	0.0609327	0.00404656	8.61649e-06	0.289076	0.271038	0.0179997	3.83275e-05	1.94432e-05	8.64866e-05	
295	0.17746	0.152006	0.0253731	8.07272e-05	0.78937	0.676147	0.112863	0.000359087	0.000143142	0.000636718	
296	0.11822	0.118181	3.88693e-05	0	0.525861	0.525688	0.000172896	0	0	0	
297	0.172031	0.146437	0.0255636	3.05976e-05	0.765221	0.651374	0.113711	0.000136103	5.63254e-05	0.000250544	
298	0.10383	0.0907455	0.0130046	7.98129e-05	0.461852	0.40365	0.0578468	0.00035502	9.70763e-05	0.00043181	
299	0.0921968	0.0793381	0.012853	5.65397e-06	0.410105	0.352908	0.0571724	2.51497e-05	5.7201e-06	2.54439e-05	
300	0.077359	0.0766691	0.000689982	0	0.344105	0.341036	0.00306914	0	0	0	
301	0.064045	0.0621763	0.00186299	5.76378e-06	0.284882	0.27657	0.00828687	2.56382e-05	6.23407e-06	2.77301e-05	
302	0.0737633	0.0692797	0.0044694	1.42051e-05	0.32811	0.308167	0.0198806	6.31869e-05	2.20643e-05	9.81457e-05	
303	0.126548	0.105707	0.0207638	7.70978e-05	0.562905	0.470201	0.0923606	0.000342943	0.000104862	0.000466442	
304	0.0953545	0.0953545	0	0	0.424151	0.424151	0	0	0	0	
305	0.0510283	0.041232	0.00977144	2.48303e-05	0.226981	0.183406	0.0434649	0.000110449	2.89421e-05	0.000128739	
306	0.0637056	0.052882	0.010815	8.6167e-06	0.283372	0.235227	0.0481068	3.83284e-05	8.60313e-06	3.8268e-05	
307	0.0912319	0.0872187	0.00401322	0	0.405814	0.387962	0.0178514	0	0	0	
308	0.0910329	0.0754535	0.0155794	0	0.404928	0.335629	0.0692997	0	0	0	
309	0.120309	0.11066	0.00958957	5.97564e-05	0.535157	0.492235	0.0426559	0.000265806	6.02439e-05	0.000267974	
310	0.147213	0.143202	0.0040084	3.09764e-06	0.654828	0.636985	0.01783	1.37788e-05	3.44398e-06	1.53193e-05	
311	0.0770121	0.0738741	0.00313157	6.47463e-06	0.342561	0.328603	0.0139297	2.88001e-05	8.86957e-06	3.94532e-05	
312	0.145369	0.0957506	0.0491189	0.000499678	0.646625	0.425913	0.218488	0.00222264	0.000657738	0.00292572	
313	0.103153	0.0933423	0.00979118	2.04163e-05	0.458844	0.415201	0.0435527	9.08153e-05	2.1076e-05	9.37495e-05	
314	0.079488	0.0772057	0.00228227	9.10056e-08	0.353575	0.343423	0.0101518	4.04807e-07	6.80903e-08	3.02876e-07	
315	0.103231	0.0948884	0.00833955	3.89197e-06	0.459191	0.422078	0.0370956	1.73121e-05	3.90108e-06	1.73526e-05	
316	0.0746166	0.0705388	0.00407776	0	0.331906	0.313767	0.0181385	0	0	0	
317	0.119715	0.0766949	0.04297	5.03636e-05	0.532512	0.341151	0.191137	0.000224025	5.84284e-05	0.000259898	
318	0.18124	0.122164	0.0590757	0	0.806186	0.543408	0.262778	0	0	0	
319	0.237581	0.143454	0.0909587	0.00316778	1.05679	0.638109	0.404598	0.0140908	0.00367982	0.0163684	
320	0.0833269	0.0760258	0.00725953	4.16425e-05	0.370651	0.338174	0.0322915	0.000185232	5.07501e-05	0.000225744	
321	0.137421	0.0987238	0.0382856	0.000412229	0.611272	0.439138	0.1703	0.00183366	0.000503188	0.00223826	
322	0.135787	0.0787354	0.0567556	0.000296547	0.604004	0.350227	0.252458	0.00131909	0.000458895	0.00204123	
323	0.0959815	0.0947844	0.00119703	0	0.42694	0.421616	0.00532461	0	0	0	
324	0.126504	0.125105	0.00139855	0	0.562709	0.556488	0.00622098	0	0	0	
325	0.0912184	0.0901631	0.00105527	0	0.405753	0.401059	0.00469405	0	0	0	
326	0.0728882	0.0710213	0.00186694	0	0.324218	0.315913	0.00830445	0	0	0	
327	0.0778405	0.0750868	0.00275365	0	0.346246	0.333998	0.0122486	0	0	0	
328	0.090906	0.0906523	0.000253757	0	0.404364	0.403235	0.00112875	0	0	0	
329	0.0960815	0.0914124	0.00466076	8.39886e-06	0.427385	0.406616	0.0207318	3.73594e-05	1.07334e-05	4.77442e-05	
330	0.144587	0.0882224	0.0547393	0.00162547	0.643146	0.392427	0.243489	0.00723038	0.00185766	0.00826319	
331	0.130016	0.116782	0.0132207	1.2886e-05	0.578332	0.519467	0.0588079	5.7319e-05	2.59699e-05	0.000115518	
332	0.106358	0.0963014	0.0100376	1.93673e-05	0.473099	0.428364	0.0446491	8.61488e-05	3.98204e-05	0.000177127	
333	0.124683	0.0983791	0.0262173	8.71208e-05	0.554612	0.437605	0.116618	0.000387527	9.78205e-05	0.00043512	
334	0.139391	0.0883645	0.0507126	0.000314246	0.620034	0.393059	0.225577	0.00139781	0.000452894	0.00201454	
335	0.0842825	0.0803945	0.00388801	0	0.374902	0.357607	0.0172945	0	0	0	
336	0.104524	0.0893691	0.0150815	7.33487e-05	0.464939	0.397527	0.0670852	0.000326266	8.54931e-05	0.000380286	
337	0.119138	0.111736	0.00739347	8.18204e-06	0.529946	0.497022	0.0328873	3.6395e-05	9.45504e-06	4.20574e-05	
338	0.120117	0.101601	0.0184084	0.000107767	0.534302	0.451939	0.0818836	0.000479364	0.000200124	0.000890186	
339	0.0862752	0.0769795	0.00925374	4.19806e-05	0.383765	0.342417	0.041162	0.000186736	5.1408e-05	0.00022867	
340	0.101244	0.0835063	0.0175905	0.000147826	0.450352	0.371449	0.0782455	0.000657553	0.000197402	0.000878076	
341	0.105364	0.104248	0.00111547	0	0.468675	0.463714	0.00496179	0	0	0	
342	0.111926	0.0753386	0.0364968	9.09157e-05	0.497865	0.335117	0.162343	0.000404407	0.000134211	0.000596992	
343	0.147388	0.0881801	0.0570032	0.00220561	0.655609	0.392238	0.253559	0.00981089	0.00431564	0.0191966	
344	0.0831653	0.0824351	0.00073017	1.32855e-07	0.369932	0.366684	0.00324791	5.9096e-07	3.77396e-07	1.67871e-06	
345	0.129429	0.0950351	0.0341134	0.00028061	0.575721	0.422731	0.151742	0.00124819	0.000304207	0.00135316	
346	0.137257	0.098219	0.0386144	0.000423862	0.610542	0.436893	0.171763	0.0018854	0.000656124	0.00291854	
347	0.098491	0.0754579	0.0228564	0.000176711	0.438103	0.335648	0.101668	0.000786038	0.000201794	0.000897613	
348	0.101619	0.0836994	0.0178535	6.63261e-05	0.452018	0.372308	0.0794154	0.000295029	8.28211e-05	0.000368401	
349	0.0797531	0.0721798	0.00756741	5.90605e-06	0.354754	0.321067	0.033661	2.6271e-05	8.08958e-06	3.59837e-05	
350	0.133017	0.0760659	0.0560633	0.000888374	0.591683	0.338353	0.249378	0.00395162	0.00108807	0.00483991	
351	0.149047	0.0936703	0.0551723	0.000204415	0.662984	0.41666	0.245415	0.000909271	0.000428885	0.00190774	
352	0.136863	0.0817159	0.0549635	0.000183922	0.608789	0.363485	0.244486	0.000818115	0.000306128	0.0013617	
353	0.0857731	0.0779371	0.00782165	1.43525e-05	0.381532	0.346676	0.0347919	6.38422e-05	1.99924e-05	8.89295e-05	
354	0.0879399	0.0791535	0.00875913	2.72922e-05	0.39117	0.352087	0.0389619	0.0001214	3.36275e-05	0.00014958	
355	0.0848102	0.0834087	0.00140111	4.6831e-07	0.377249	0.371014	0.00623238	2.08312e-06	4.6732e-07	2.07871e-06	
356	0.122191	0.108774	0.0133805	3.66337e-05	0.543525	0.483844	0.0595187	0.000162952	3.86259e-05	0.000171814	
357	0.209265	0.107968	0.0947977	0.00649919	0.930844	0.480259	0.421674	0.0289094	0.00828941	0.0368726	
358	0.160432	0.0977838	0.0613507	0.00129753	0.713626	0.434957	0.272897	0.00577165	0.00190342	0.00846673	
359	0.103186	0.0781324	0.0248111	0.000242863	0.458989	0.347545	0.110364	0.00108029	0.000266139	0.00118383	
360	0.100918	0.096543	0.00437573	2.11725e-07	0.448903	0.429438	0.0194639	9.41789e-07	2.75923e-07	1.22734e-06	
361	0.0469521	0.0469521	0	0	0.20885	0.20885	0	0	0	0	
362	0.102453	0.0869864	0.0153268	0.000140273	0.455729	0.386929	0.068176	0.000623956	0.000145097	0.000645418	
363	0.0490393	0.0490393	0	0	0.218134	0.218134	0	0	0	0	
364	0.128159	0.113288	0.0148633	7.6625e-06	0.570072	0.503923	0.0661144	3.4084e-05	5.93418e-05	0.000263961	
365	0.0812446	0.0791403	0.00209823	6.09384e-06	0.361388	0.352028	0.00933328	2.71063e-05	6.59288e-06	2.93262e-05	
366	0.108353	0.0913606	0.0169274	6.5239e-05	0.481972	0.406386	0.0752957	0.000290193	8.46506e-05	0.000376539	
367	0.122751	0.104883	0.017796	7.19954e-05	0.546018	0.466538	0.0791594	0.000320247	0.000120798	0.000537331	
368	0.0825416	0.0754721	0.00700815	6.13603e-05	0.367157	0.335711	0.0311733	0.00027294	6.3001e-05	0.000280238	
369	0.0829859	0.07999	0.00299137	4.52617e-06	0.369134	0.355808	0.0133061	2.01331e-05	7.01409e-06	3.11998e-05	
370	0.108883	0.0912775	0.0174657	0.000140085	0.48433	0.406016	0.0776905	0.000623121	0.000166782	0.000741876	
371	0.123926	0.0790104	0.0448303	8.52897e-05	0.551242	0.35145	0.199412	0.000379382	9.70686e-05	0.000431776	
372	0.104331	0.0787332	0.0255322	6.57237e-05	0.464081	0.350217	0.113571	0.000292349	9.15066e-05	0.000407035	
373	0.0831978	0.0788881	0.00430966	4.10863e-08	0.370076	0.350906	0.01917	1.82758e-07	2.04363e-08	9.09042e-08	
374	0.209648	0.103517	0.0933234	0.0128077	0.932547	0.460459	0.415117	0.0569707	0.0198409	0.0882555	
375	0.140449	0.126622	0.0137091	0.000117206	0.624739	0.563238	0.0609804	0.000521354	0.000118604	0.000527573	
376	0.0995982	0.0984871	0.00111082	3.69799e-07	0.443028	0.438086	0.00494112	1.64492e-06	5.61832e-07	2.49911e-06	
377	0.106906	0.0996661	0.00719524	4.47719e-05	0.475535	0.44333	0.0320055	0.000199152	5.19767e-05	0.0002312	
378	0.127233	0.10327	0.023894	6.83864e-05	0.565954	0.459365	0.106284	0.000304193	8.53709e-05	0.000379743	
379	0.0978529	0.0763949	0.0214575	5.35334e-07	0.435265	0.339816	0.0954464	2.38125e-06	1.01917e-06	4.53345e-06	
380	0.111035	0.0820626	0.0289395	3.36809e-05	0.493904	0.365027	0.128727	0.000149817	8.78712e-05	0.000390864	
381	0.0926134	0.0794546	0.0131176	4.12969e-05	0.411959	0.353426	0.0583491	0.000183695	6.88681e-05	0.000306336	
382	0.104697	0.103588	0.00110927	1.3639e-07	0.465711	0.460776	0.00493422	6.06684e-07	1.63448e-07	7.27044e-07	
383	0.0792085	0.0755877	0.00362079	0	0.352332	0.336226	0.0161058	0	0	0	
384	0.0914879	0.0899946	0.00149324	0	0.406952	0.40031	0.00664218	0	0	0	
385	0.132978	0.106854	0.0255686	0.000555587	0.591509	0.475305	0.113733	0.00247134	0.000691608	0.00307638	
386	0.0960962	0.0792596	0.0166311	0.000205406	0.427451	0.352559	0.073978	0.000913678	0.00031041	0.00138075	
387	0.092331	0.0838427	0.00833069	0.000157589	0.410702	0.372945	0.0370562	0.000700983	0.000158038	0.000702978	
388	0.0842612	0.0766276	0.00761102	2.26756e-05	0.374807	0.340851	0.033855	0.000100864	2.26526e-05	0.000100762	
389	0.146338	0.110671	0.0356623	4.68728e-06	0.650934	0.492282	0.158631	2.08497e-05	4.67503e-06	2.07952e-05	
390	0.0803443	0.074026	0.00630166	1.66883e-05	0.357384	0.329279	0.0280307	7.42325e-05	2.67537e-05	0.000119005	
391	0.0957232	0.0908525	0.00486522	5.57135e-06	0.425792	0.404126	0.0216412	2.47822e-05	5.9153e-06	2.63121e-05	
392	0.102268	0.0496196	0.0520175	0.000631234	0.454905	0.220715	0.231381	0.00280783	0.000765915	0.00340691	
393	0.0859455	0.0805423	0.0054032	0	0.382299	0.358264	0.0240342	0	0	0	
394	0.0968042	0.0922217	0.00458256	0	0.4306	0.410216	0.0203839	0	0	0	
395	0.153169	0.137681	0.015485	2.47743e-06	0.68132	0.61243	0.0688797	1.102e-05	2.95685e-05	0.000131525	
396	0.109853	0.0588928	0.050961	0	0.488647	0.261964	0.226682	0	0	0	
397	0.132652	0.100891	0.0313798	0.000381174	0.590057	0.448779	0.139582	0.00169552	0.000499758	0.002223	
398	0.0908819	0.0907823	9.96091e-05	0	0.404257	0.403813	0.000443076	0	0	0	
399	0.0787871	0.0781966	0.000590175	3.49834e-07	0.350457	0.34783	0.00262519	1.55611e-06	5.96759e-07	2.65448e-06	
400	0.143983	0.128521	0.0154613	0	0.640459	0.571684	0.0687745	0	0	0	
401	0.102747	0.100214	0.00253294	0	0.457038	0.445771	0.0112669	0	0	0	
402	0.10589	0.083058	0.0228323	0	0.471017	0.369455	0.101561	0	0	0	
403	0.109685	0.0884529	0.021228	4.87197e-06	0.487899	0.393452	0.0944255	2.16712e-05	7.08891e-06	3.15326e-05	
404	0.109692	0.0983747	0.0113178	0	0.487929	0.437586	0.0503435	0	0	0	
405	0.106881	0.106767	0.000114728	0	0.475426	0.474916	0.00051033	0	0	0	
406	0.213946	0.176206	0.0377297	1.06901e-05	0.951668	0.783793	0.167827	4.75513e-05	2.3948e-05	0.000106524	
407	0.118798	0.0851575	0.0335149	0.000126349	0.528435	0.378793	0.149079	0.000562021	0.000178914	0.000795838	
408	0.12923	0.127174	0.00205594	0	0.574838	0.565693	0.00914514	0	0	0	
409	0.0927736	0.0916448	0.00112879	0	0.412671	0.40765	0.00502103	0	0	0	
410	0.112415	0.0876163	0.0245641	0.000234555	0.500039	0.389731	0.109265	0.00104333	0.000240428	0.00106946	
411	0.133643	0.117087	0.0165553	0	0.594465	0.520825	0.0736406	0	0	0	
412	0.148563	0.121977	0.0265761	9.4181e-06	0.660832	0.542575	0.118214	4.18931e-05	1.3403e-05	5.96187e-05	
413	0.0944883	0.0914298	0.0030561	2.33014e-06	0.420298	0.406694	0.013594	1.03648e-05	2.65797e-06	1.1823e-05	
414	0.148967	0.112421	0.0364193	0.000126621	0.66263	0.500068	0.161999	0.000563231	0.000136384	0.000606659	
415	0.0937091	0.0918555	0.00185355	0	0.416832	0.408587	0.0082449	0	0	0	
416	0.130356	0.105991	0.0243653	0	0.579847	0.471466	0.108381	0	0	0	
417	0.106982	0.0956645	0.0113178	0	0.475874	0.42553	0.0503435	0	0	0	
418	0.0834637	0.0768477	0.00661599	0	0.371259	0.34183	0.0294289	0	0	0	
419	0.1369	0.102032	0.0348611	7.04597e-06	0.608955	0.453856	0.155067	3.13415e-05	1.72992e-05	7.69496e-05	
420	0.0838741	0.0836754	0.000198666	0	0.373085	0.372201	0.000883698	0	0	0	
421	0.0886232	0.0860715	0.00255163	0	0.394209	0.382859	0.01135	0	0	0	
422	0.107139	0.0809681	0.025976	0.000195839	0.476575	0.360158	0.115545	0.000871125	0.000199387	0.000886908	
423	0.0645082	0.0559697	0.00853255	5.98781e-06	0.286942	0.248962	0.0379541	2.66347e-05	5.99994e-06	2.66886e-05	
424	0.110755	0.110527	0.000228204	0	0.492659	0.491644	0.00101509	0	0	0	
425	0.0773994	0.069549	0.0077684	8.19533e-05	0.344284	0.309365	0.034555	0.000364541	8.35097e-05	0.000371464	
426	0.11399	0.10903	0.00495666	3.86371e-06	0.507048	0.484983	0.022048	1.71863e-05	5.01397e-06	2.23029e-05	
427	0.0921797	0.0904695	0.0017059	4.23007e-06	0.410029	0.402422	0.00758813	1.8816e-05	4.26739e-06	1.8982e-05	
428	0.0954628	0.0940445	0.00141811	2.24761e-07	0.424633	0.418324	0.00630799	9.99773e-07	2.33727e-07	1.03965e-06	
429	0.123209	0.0882205	0.0349888	0	0.548055	0.392418	0.155636	0	0	0	
430	0.223466	0.21237	0.011095	2.71215e-07	0.994011	0.944658	0.0493526	1.20641e-06	3.50262e-07	1.55802e-06	
431	0.176272	0.166335	0.00993663	0	0.784086	0.739886	0.0441997	0	0	0	
432	0.133544	0.112179	0.0213355	2.91556e-05	0.594026	0.498992	0.0949038	0.000129688	3.08067e-05	0.000137033	
433	0.10893	0.0985744	0.0102772	7.84215e-05	0.484538	0.438474	0.0457149	0.000348831	8.17391e-05	0.000363588	
434	0.0877755	0.0805904	0.00718508	0	0.390439	0.358478	0.0319603	0	0	0	
435	0.199696	0.15211	0.0474903	9.59092e-05	0.888282	0.676611	0.211244	0.000426619	0.00015074	0.000670518	
436	0.127062	0.0861662	0.0406286	0.000268064	0.565195	0.38328	0.180722	0.00119239	0.000327325	0.00145599	
437	0.139608	0.0862155	0.0523509	0.00104243	0.621002	0.3835	0.232865	0.00463691	0.00143129	0.00636661	
438	0.176909	0.130479	0.0458476	0.000582923	0.786923	0.580392	0.203937	0.00259293	0.000643322	0.00286159	
439	0.137635	0.127151	0.0104574	2.70121e-05	0.612224	0.565588	0.0465165	0.000120154	4.78774e-05	0.000212966	
440	0.0823824	0.0802024	0.00217565	4.32407e-06	0.366449	0.356753	0.00967766	1.92341e-05	4.68316e-06	2.08314e-05	
441	0.0700793	0.0676817	0.00239762	0	0.311723	0.301058	0.010665	0	0	0	
442	0.142198	0.0949946	0.0448198	0.00238416	0.632521	0.42255	0.199365	0.0106051	0.00300151	0.0133511	
443	0.172059	0.138048	0.0337079	0.000302314	0.765345	0.614062	0.149938	0.00134474	0.000532826	0.00237009	
444	0.13617	0.108032	0.0281101	2.80064e-05	0.605709	0.480546	0.125038	0.000124576	6.66049e-05	0.000296269	
445	0.107086	0.0882802	0.0187332	7.34495e-05	0.476339	0.392684	0.0833285	0.000326714	0.000105929	0.000471189	
446	0.145623	0.0907754	0.0547009	0.000146639	0.647754	0.403783	0.243318	0.000652275	0.000365841	0.00162731	
447	0.158459	0.122069	0.0363904	0	0.704854	0.542984	0.16187	0	0	0	
448	0.0444449	0.0375824	0.00686256	0	0.197698	0.167172	0.0305257	0	0	0	
449	0.262483	0.154318	0.107876	0.000288008	1.16756	0.686431	0.479853	0.0012811	0.000438592	0.00195092	
450	0.0867826	0.0794889	0.00729371	0	0.386022	0.353579	0.0324435	0	0	0	
451	0.131935	0.120314	0.0116145	6.99706e-06	0.58687	0.535176	0.0516631	3.1124e-05	7.80328e-06	3.47102e-05	
452	0.17427	0.100126	0.0719386	0.00220574	0.775183	0.445377	0.319994	0.00981151	0.00255881	0.0113819	
453	0.108026	0.0956452	0.0123459	3.5609e-05	0.48052	0.425444	0.0549169	0.000158394	4.24555e-05	0.000188848	
454	0.128206	0.0892316	0.0389747	0	0.570282	0.396916	0.173365	0	0	0	
455	0.158315	0.105147	0.0526873	0.000481313	0.704213	0.46771	0.234361	0.00214095	0.000586181	0.00260742	
456	0.146634	0.111973	0.034335	0.000325551	0.652252	0.498076	0.152727	0.0014481	0.00049844	0.00221714	
457	0.123875	0.10063	0.0232449	1.13521e-07	0.551017	0.447619	0.103397	5.04962e-07	1.63782e-07	7.28528e-07	
458	0.0933496	0.0789891	0.0143605	0	0.415233	0.351356	0.0638778	0	0	0	
459	0.103458	0.0889766	0.0144784	3.249e-06	0.460198	0.395781	0.0644021	1.4452e-05	5.54538e-06	2.46667e-05	
460	0.149868	0.0854286	0.0644098	3.02134e-05	0.666639	0.38	0.286505	0.000134394	3.02034e-05	0.000134349	
461	0.156007	0.085601	0.0703196	8.67404e-05	0.693945	0.380766	0.312792	0.000385834	0.000228624	0.00101695	
462	0.119951	0.10008	0.0198112	5.96964e-05	0.533561	0.445172	0.0881233	0.000265539	8.65613e-05	0.000385038	
463	0.129758	0.119598	0.0101601	9.05855e-08	0.577186	0.531992	0.0451937	4.02938e-07	2.32658e-07	1.0349e-06	
464	0.0808076	0.0690483	0.0117283	3.10323e-05	0.359445	0.307137	0.0521696	0.000138036	3.52486e-05	0.000156791	
465	0.0862186	0.082753	0.00346561	0	0.383514	0.368098	0.0154156	0	0	0	
466	0.175445	0.110032	0.065045	0.000368163	0.780409	0.489441	0.28933	0.00163764	0.000549166	0.00244277	
467	0.110003	0.0798478	0.0297315	0.000424473	0.489314	0.355175	0.13225	0.00188812	0.000874126	0.00388824	
468	0.108245	0.101637	0.00660707	7.4415e-08	0.48149	0.452101	0.0293893	3.31009e-07	1.29363e-07	5.7543e-07	
469	0.0768585	0.0768585	0	0	0.341879	0.341879	0	0	0	0	
470	0.102617	0.0950108	0.00759823	8.56897e-06	0.456459	0.422623	0.0337981	3.81161e-05	9.55481e-06	4.25013e-05	
471	0.119548	0.0791049	0.0404439	0	0.531771	0.351871	0.1799	0	0	0	
472	0.134837	0.0892655	0.043532	0.00204009	0.599778	0.397067	0.193637	0.00907464	0.00464008	0.0206398	
473	0.159962	0.0992913	0.0583862	0.00228494	0.711538	0.441663	0.259711	0.0101637	0.00366254	0.0162915	
474	0.106502	0.0770283	0.0294737	0	0.473738	0.342634	0.131103	0	0	0	
475	0.129783	0.113376	0.0164016	5.44945e-06	0.577296	0.504315	0.0729571	2.424e-05	9.61891e-06	4.27864e-05	
476	0.159366	0.112814	0.0465513	0	0.708884	0.501817	0.207067	0	0	0	
477	0.122813	0.097104	0.0256465	6.294e-05	0.546293	0.431933	0.114079	0.000279967	0.000260885	0.00116046	
478	0.0938625	0.078976	0.0148537	3.28295e-05	0.417515	0.351297	0.0660715	0.00014603	5.769e-05	0.000256614	
479	0.105538	0.0977907	0.00765638	9.1145e-05	0.46945	0.434988	0.0340568	0.000405427	9.1123e-05	0.000405329	
480	0.123567	0.0976874	0.0258554	2.42202e-05	0.549645	0.434529	0.115009	0.000107735	5.65916e-05	0.000251728	
481	0.0852724	0.0759662	0.00930497	1.20706e-06	0.379305	0.337909	0.0413899	5.36922e-06	2.19327e-06	9.75604e-06	
482	0.138651	0.105877	0.0327135	6.01568e-05	0.616744	0.470961	0.145515	0.000267586	7.12566e-05	0.00031696	
483	0.107714	0.0925555	0.0151591	0	0.479131	0.411701	0.0674304	0	0	0	
484	0.177046	0.116762	0.0594055	0.000879002	0.787531	0.519376	0.264245	0.00390994	0.00107555	0.00478423	
485	0.117468	0.0949346	0.022487	4.69701e-05	0.522518	0.422283	0.100025	0.00020893	9.0404e-05	0.000402131	
486	0.0841438	0.079978	0.00416553	2.35305e-07	0.374284	0.355754	0.0185289	1.04667e-06	4.6963e-07	2.08898e-06	
487	0.105204	0.0997677	0.00543726	0	0.467968	0.443782	0.0241857	0	0	0	
488	0.143826	0.0954683	0.0476453	0.000712611	0.639762	0.424658	0.211934	0.0031698	0.000999045	0.00444391	
489	0.147135	0.0981248	0.0489971	1.34016e-05	0.654481	0.436474	0.217947	5.96126e-05	1.91674e-05	8.52596e-05	
490	0.0935313	0.0907201	0.00281127	0	0.416042	0.403537	0.0125049	0	0	0	
491	0.0936601	0.0782356	0.01541	1.43787e-05	0.416614	0.348004	0.0685464	6.39591e-05	2.16158e-05	9.61504e-05	
492	0.136256	0.096959	0.0389771	0.000319852	0.606088	0.431289	0.173376	0.00142275	0.000500681	0.00222711	
493	0.190885	0.111631	0.0791228	0.000130965	0.849087	0.496553	0.35195	0.000582556	0.000171641	0.000763486	
494	0.194462	0.117027	0.0772913	0.000144017	0.865	0.520556	0.343803	0.000640613	0.000210506	0.000936366	
495	0.0905473	0.0838637	0.00668368	0	0.402768	0.373038	0.02973	0	0	0	
496	0.104436	0.089655	0.0144643	0.000317183	0.464549	0.398799	0.0643395	0.00141088	0.00031716	0.00141077	
497	0.118102	0.0775069	0.0404324	0.000163061	0.525338	0.344762	0.17985	0.000725323	0.000250624	0.00111481	
498	0.171297	0.133424	0.0378655	8.14402e-06	0.761959	0.59349	0.168432	3.62259e-05	1.74564e-05	7.76489e-05	
499	0.159339	0.157835	0.00150358	6.03345e-07	0.708767	0.702076	0.00668817	2.68377e-06	5.83008e-07	2.59331e-06	
500	0.145444	0.0806754	0.0646985	7.04691e-05	0.646959	0.358857	0.287789	0.000313457	0.000195121	0.000867931	
501	0.157847	0.108329	0.0493452	0.000172364	0.702128	0.481866	0.219495	0.000766704	0.00025145	0.00111849	
502	0.0924303	0.0908428	0.00158746	0	0.411144	0.404083	0.00706129	0	0	0	
503	0.112542	0.102891	0.00964281	8.44656e-06	0.500608	0.457678	0.0428927	3.75716e-05	8.42358e-06	3.74694e-05	
504	0.130318	0.119211	0.0109729	0.000134223	0.579676	0.53027	0.0488092	0.000597045	0.00014319	0.000636931	
505	0.0749381	0.0685863	0.00635129	5.81206e-07	0.333336	0.305082	0.0282515	2.58529e-06	6.34278e-07	2.82136e-06	
506	0.149207	0.097683	0.0500523	0.00147219	0.663698	0.434509	0.22264	0.00654855	0.00232067	0.0103227	
507	0.192642	0.157792	0.0346965	0.00015438	0.856905	0.701883	0.154335	0.000686708	0.000161412	0.000717987	
508	0.0935845	0.0879215	0.00566299	0	0.416278	0.391088	0.0251898	0	0	0	
509	0.0940344	0.0870698	0.00695006	1.46409e-05	0.41828	0.3873	0.0309149	6.51252e-05	1.55886e-05	6.93409e-05	
510	0.143143	0.105164	0.0375665	0.000412557	0.636725	0.467789	0.167101	0.00183512	0.000461337	0.0020521	
511	0.0828743	0.0750479	0.00780958	1.69291e-05	0.368638	0.333824	0.0347382	7.53036e-05	1.96367e-05	8.73473e-05	
512	0.175494	0.088212	0.0865111	0.00077094	0.780625	0.39238	0.384815	0.00342926	0.000982621	0.00437085	
513	0.113018	0.0910137	0.0219691	3.60185e-05	0.502725	0.404843	0.0977224	0.000160216	7.23716e-05	0.00032192	
514	0.24262	0.128273	0.111873	0.00247334	1.07921	0.570579	0.497632	0.0110018	0.00348666	0.0155092	
515	0.0661887	0.0565138	0.00967494	0	0.294417	0.251382	0.0430356	0	0	0	
516	0.100066	0.0883722	0.0116387	5.52719e-05	0.44511	0.393093	0.0517709	0.000245858	7.58677e-05	0.000337471	
517	0.0855372	0.0816049	0.0039323	0	0.380483	0.362991	0.0174915	0	0	0	
518	0.177496	0.1556	0.0218965	0	0.789532	0.692133	0.0973992	0	0	0	
519	0.0734965	0.0420427	0.0314189	3.48924e-05	0.326924	0.187012	0.139756	0.000155206	5.81543e-05	0.000258679	
520	0.160944	0.122173	0.0383022	0.000468146	0.715905	0.543448	0.170374	0.00208239	0.000701042	0.00311834	
521	0.270482	0.109702	0.158962	0.00181676	1.20314	0.487975	0.707091	0.00808126	0.00268291	0.011934	
522	0.18249	0.0782302	0.10366	0.000600229	0.811746	0.34798	0.461096	0.00266991	0.00087799	0.00390543	
523	0.0903845	0.0760976	0.0142632	2.36555e-05	0.402044	0.338494	0.0634449	0.000105223	2.55018e-05	0.000113436	
524	0.15364	0.105834	0.0473191	0.000486774	0.683416	0.470768	0.210483	0.00216524	0.000732719	0.00325924	
525	0.15042	0.0996397	0.0504702	0.000310506	0.669093	0.443213	0.224499	0.00138118	0.00050334	0.00223893	
526	0.120652	0.101341	0.0192687	4.19325e-05	0.53668	0.450783	0.0857104	0.000186522	5.17794e-05	0.000230323	
527	0.117222	0.0778622	0.0392842	7.56817e-05	0.521422	0.346343	0.174742	0.000336644	0.000121547	0.000540663	
528	0.0873074	0.0803261	0.0069784	2.9298e-06	0.388357	0.357303	0.031041	1.30322e-05	6.66959e-06	2.96673e-05	
529	0.131128	0.0809918	0.0498422	0.00029405	0.583278	0.360264	0.221706	0.00130798	0.000451677	0.00200913	
530	0.0966716	0.0807589	0.0158946	1.80505e-05	0.43001	0.359228	0.0707018	8.02916e-05	3.8463e-05	0.000171089	
531	0.177335	0.10493	0.071768	0.000636849	0.788816	0.466748	0.319235	0.0028328	0.000980807	0.00436278	
532	0.104896	0.0837024	0.0211259	6.79467e-05	0.466595	0.372321	0.0939717	0.000302237	0.000101557	0.000451743	
533	0.175861	0.117869	0.0574709	0.000520912	0.782257	0.5243	0.255639	0.0023171	0.000976013	0.00434146	
534	0.12997	0.113369	0.0161865	0.000415204	0.57813	0.504283	0.0720001	0.00184689	0.000459922	0.0020458	
535	0.0943445	0.0776598	0.0166722	1.24986e-05	0.419659	0.345443	0.0741606	5.55959e-05	1.49444e-05	6.64752e-05	
536	0.0708523	0.0658707	0.00497847	3.14054e-06	0.315162	0.293003	0.022145	1.39696e-05	3.58601e-06	1.59511e-05	
537	0.118037	0.0768	0.0408305	0.000406973	0.525049	0.341618	0.18162	0.00181028	0.000481903	0.00214358	
538	0.125578	0.0804546	0.0448168	0.000307111	0.558593	0.357874	0.199352	0.00136608	0.000879526	0.00391227	
539	0.13505	0.0832109	0.0515548	0.00028488	0.600726	0.370135	0.229324	0.00126719	0.000379343	0.00168738	
540	0.0958673	0.0799848	0.0157736	0.000108769	0.426432	0.355785	0.0701637	0.000483824	0.000234064	0.00104115	
541	0.0906371	0.082248	0.00838262	6.54546e-06	0.403168	0.365852	0.0372872	2.91152e-05	9.03624e-06	4.01946e-05	
542	0.19454	0.150084	0.0442861	0.000169731	0.865344	0.667597	0.196991	0.000754991	0.00025864	0.00115047	
543	0.134551	0.0894674	0.045079	4.89255e-06	0.598505	0.397965	0.200518	2.17628e-05	3.27313e-05	0.000145594	
544	0.165692	0.126797	0.0388861	9.27435e-06	0.737025	0.564013	0.172971	4.12537e-05	2.20372e-05	9.80252e-05	
545	0.14996	0.0752497	0.0746664	4.47464e-05	0.667049	0.334722	0.332128	0.000199039	0.000102534	0.000456088	
546	0.1344	0.116662	0.0177344	3.73793e-06	0.597835	0.518933	0.0788854	1.66269e-05	4.47765e-06	1.99173e-05	
547	0.0844859	0.0755516	0.00890658	2.77625e-05	0.375806	0.336065	0.0396178	0.000123491	5.02277e-05	0.00022342	
548	0.116619	0.110883	0.00573539	0	0.518739	0.493227	0.0255119	0	0	0	
549	0.143133	0.0850749	0.0567649	0.0012934	0.636679	0.378426	0.252499	0.00575326	0.00177915	0.00791394	
550	0.175315	0.119839	0.0544353	0.00104127	0.779832	0.533063	0.242136	0.00463175	0.00148408	0.00660144	
551	0.0967509	0.0966437	0.00010719	0	0.430363	0.429886	0.000476799	0	0	0	
552	0.0857044	0.0726604	0.0129905	5.34391e-05	0.381226	0.323204	0.0577841	0.000237705	8.33123e-05	0.000370586	
553	0.187693	0.183148	0.00453636	8.56845e-06	0.834891	0.814674	0.0201784	3.81138e-05	8.85009e-06	3.93666e-05	
554	0.147497	0.102521	0.0440466	0.000929768	0.656091	0.456029	0.195926	0.00413575	0.00112143	0.0049883	
555	0.102962	0.0752064	0.0275712	0.000184792	0.457993	0.33453	0.122641	0.000821987	0.000206838	0.000920051	
556	0.176229	0.149705	0.0264521	7.108e-05	0.783894	0.665915	0.117663	0.000316175	7.11415e-05	0.000316448	
557	0.0910645	0.0790191	0.0120073	3.80847e-05	0.405069	0.351489	0.0534104	0.000169407	5.06623e-05	0.000225354	
558	0.105212	0.0975094	0.00770118	2.15301e-06	0.468002	0.433737	0.034256	9.57693e-06	2.13011e-06	9.47508e-06	
559	0.0998867	0.0791234	0.0204853	0.000277937	0.444311	0.351953	0.091122	0.00123631	0.000410346	0.00182528	
560	0.0928473	0.084887	0.00795574	4.5558e-06	0.412999	0.37759	0.0353883	2.02649e-05	5.17148e-06	2.30035e-05	
561	0.108609	0.0931616	0.0153582	8.93165e-05	0.48311	0.414397	0.0683158	0.000397293	0.000125314	0.00055742	
562	0.0719388	0.0498814	0.0220574	0	0.319995	0.22188	0.0981149	0	0	0	
563	0.0973827	0.0788823	0.0184546	4.57621e-05	0.433173	0.350881	0.082089	0.000203557	8.07922e-05	0.000359376	
564	0.109465	0.0815315	0.0277459	0.000188009	0.486919	0.362665	0.123418	0.000836293	0.000312805	0.0013914	
565	0.100273	0.085045	0.0151941	3.3941e-05	0.44603	0.378293	0.0675859	0.000150975	5.04837e-05	0.000224559	
566	0.123244	0.103839	0.0193078	9.66035e-05	0.54821	0.461896	0.0858841	0.000429707	0.000110496	0.000491504	
567	0.205969	0.160984	0.0446778	0.000306389	0.916182	0.716085	0.198733	0.00136287	0.000358056	0.00159269	
568	0.146964	0.115359	0.0316044	0	0.65372	0.513138	0.140581	0	0	0	
569	0.0759352	0.0759352	0	0	0.337771	0.337771	0	0	0	0	
570	0.137046	0.119866	0.0171093	7.06501e-05	0.609605	0.533186	0.0761048	0.000314262	0.000108256	0.000481542	
571	0.107643	0.0915957	0.016048	3.94163e-08	0.478816	0.407432	0.0713843	1.7533e-07	1.35257e-07	6.01644e-07	
572	0.112394	0.09769	0.0146508	5.36338e-05	0.499948	0.43454	0.065169	0.000238571	0.000119836	0.000533053	
573	0.103027	0.0844462	0.0185069	7.44093e-05	0.458282	0.37563	0.0823218	0.000330984	0.000126489	0.000562646	
574	0.128713	0.0799333	0.0482885	0.000491208	0.572535	0.355555	0.214795	0.00218497	0.000806133	0.0035858	
575	0.144439	0.0843863	0.0589056	0.00114759	0.642489	0.375363	0.262021	0.00510466	0.00185898	0.00826903	
576	0.0601692	0.0545389	0.00563033	0	0.267642	0.242597	0.0250446	0	0	0	
577	0.125782	0.113266	0.0125153	2.21011e-07	0.559499	0.503827	0.0556701	9.83094e-07	6.36088e-07	2.82942e-06	
578	0.098484	0.0891101	0.00936761	6.24961e-06	0.438072	0.396375	0.0416686	2.77992e-05	7.92612e-06	3.52566e-05	
579	0.0931279	0.0873872	0.0057366	4.07432e-06	0.414247	0.388712	0.0255173	1.81232e-05	1.13875e-05	5.06534e-05	
580	0.0898278	0.0668411	0.0227705	0.000216108	0.399568	0.29732	0.101287	0.000961282	0.000357585	0.00159059	
581	0.08534	0.0753072	0.0100267	6.09427e-06	0.379605	0.334978	0.0446006	2.71082e-05	1.31839e-05	5.86441e-05	
582	0.0888398	0.0845786	0.00425215	9.02714e-06	0.395173	0.376219	0.0189142	4.01541e-05	1.05564e-05	4.69568e-05	
583	0.121328	0.0930191	0.0281521	0.00015764	0.539689	0.413763	0.125225	0.000701211	0.000189547	0.000843136	
584	0.229141	0.128307	0.100359	0.00047444	1.01925	0.570732	0.446414	0.00211038	0.000574669	0.00255622	
585	0.126539	0.0751057	0.0512286	0.000204761	0.562865	0.334082	0.227873	0.00091081	0.000230846	0.00102684	
586	0.143292	0.0845766	0.0586025	0.000113655	0.637388	0.37621	0.260673	0.000505559	0.00018247	0.000811658	
587	0.104751	0.089209	0.015465	7.73069e-05	0.46595	0.396815	0.0687908	0.000343873	0.000103553	0.00046062	
588	0.0682653	0.0678178	0.000447462	0	0.303654	0.301664	0.00199038	0	0	0	
589	0.15766	0.109569	0.0475024	0.000587787	0.701296	0.487383	0.211298	0.00261457	0.00115183	0.00512354	
590	0.132979	0.107711	0.0252354	3.21429e-05	0.591513	0.479118	0.112251	0.000142977	5.88387e-05	0.000261723	
591	0.134424	0.0962393	0.0380499	0.000135453	0.597942	0.428087	0.169252	0.000602516	0.000193969	0.000862805	
592	0.122033	0.0860673	0.0357661	0.000199497	0.542821	0.382841	0.159093	0.000887398	0.000250297	0.00111336	
593	0.0989335	0.0942985	0.00461491	2.01441e-05	0.440071	0.419454	0.0205278	8.96044e-05	2.54487e-05	0.000113199	
594	0.0902338	0.0807752	0.00945725	1.38307e-06	0.401374	0.3593	0.0420673	6.15213e-06	2.20366e-06	9.80224e-06	
595	0.111311	0.094144	0.0171284	3.95093e-05	0.495132	0.418767	0.0761901	0.000175743	4.63844e-05	0.000206325	
596	0.105037	0.0905491	0.014444	4.41843e-05	0.467222	0.402776	0.0642495	0.000196538	6.59128e-05	0.00029319	
597	0.151827	0.141413	0.0103898	2.37044e-05	0.675352	0.629031	0.0462157	0.00010544	3.01174e-05	0.000133967	
598	0.114623	0.108564	0.00601986	3.92419e-05	0.509864	0.482912	0.0267772	0.000174554	3.9219e-05	0.000174452	
599	0.104185	0.093699	0.010486	0	0.463431	0.416788	0.0466434	0	0	0	
600	0.109636	0.108294	0.00134235	0	0.487681	0.48171	0.00597101	0	0	0	
601	0.313077	0.148523	0.163313	0.00124055	1.39261	0.660653	0.726445	0.00551817	0.00124119	0.005521	
602	0.107975	0.102897	0.00507556	2.413e-06	0.480291	0.457703	0.0225769	1.07334e-05	2.83171e-06	1.25959e-05	
603	0.134757	0.0521224	0.0826347	0	0.59942	0.231848	0.367572	0	0	0	
604	0.0889936	0.0812009	0.0077889	3.87647e-06	0.395857	0.361194	0.0346462	1.72431e-05	4.22874e-06	1.88101e-05	
605	0.129689	0.049702	0.0799809	6.08068e-06	0.576877	0.221082	0.355767	2.70478e-05	0.000131874	0.0005866	
606	0.144141	0.0940746	0.0494138	0.000652728	0.641162	0.418458	0.2198	0.00290343	0.00109067	0.0048515	
607	0.0864597	0.0784161	0.00798539	5.81853e-05	0.384586	0.348807	0.0355203	0.000258817	6.12364e-05	0.000272389	
608	0.0877139	0.0790344	0.00865191	2.75805e-05	0.390165	0.351557	0.038485	0.000122682	2.94023e-05	0.000130786	
609	0.0916519	0.0873643	0.00428761	0	0.407682	0.38861	0.0190719	0	0	0	
610	0.097694	0.080255	0.0171214	0.000317536	0.434558	0.356987	0.0761586	0.00141245	0.000403725	0.00179583	
611	0.0628748	0.0578816	0.00499322	0	0.279677	0.257466	0.0222106	0	0	0	
612	0.0945742	0.0908684	0.00369863	7.11075e-06	0.42068	0.404197	0.0164521	3.16297e-05	7.3364e-06	3.26334e-05	
613	0.0872817	0.0768444	0.0104014	3.5887e-05	0.388242	0.341816	0.0462672	0.000159631	4.36731e-05	0.000194265	
614	0.0949446	0.083844	0.0110733	2.73016e-05	0.422328	0.372951	0.0492558	0.000121442	3.50651e-05	0.000155975	
615	0.0920829	0.0869715	0.00511131	7.05029e-08	0.409599	0.386862	0.0227359	3.13608e-07	4.74016e-08	2.10849e-07	
616	0.100279	0.0891738	0.0108978	0.000208292	0.44606	0.396659	0.0484753	0.000926517	0.000219837	0.00097787	
617	0.118296	0.0918754	0.0262754	0.000145523	0.5262	0.408676	0.116877	0.000647311	0.000177452	0.000789337	
618	0.0614346	0.0560377	0.00539688	0	0.27327	0.249264	0.0240061	0	0	0	
619	0.136117	0.0990623	0.0369842	7.11679e-05	0.605472	0.440644	0.164511	0.000316566	7.9102e-05	0.000351858	
620	0.109816	0.0878812	0.0219257	9.4272e-06	0.48848	0.390909	0.0975291	4.19336e-05	1.18337e-05	5.26383e-05	
621	0.380575	0.186474	0.190592	0.00350827	1.69285	0.829469	0.847783	0.0156053	0.00368205	0.0163783	
622	0.0384288	0.0305372	0.0078728	1.88021e-05	0.170937	0.135834	0.0350194	8.3635e-05	2.10278e-05	9.35352e-05	
623	0.0839283	0.071966	0.0119262	3.61258e-05	0.373326	0.320116	0.0530498	0.000160693	4.47343e-05	0.000198985	
624	0.10842	0.0828312	0.025542	4.69859e-05	0.48227	0.368446	0.113615	0.000209	5.87354e-05	0.000261264	
625	0.0664335	0.0550661	0.0113674	0	0.295506	0.244942	0.050564	0	0	0	
626	0.0664293	0.0639256	0.00250371	0	0.295488	0.284351	0.0111369	0	0	0	
627	0.0902069	0.0792309	0.0109744	1.57727e-06	0.401254	0.352431	0.048816	7.01594e-06	2.78389e-06	1.23831e-05	
628	0.0606023	0.0602014	0.000400818	0	0.269568	0.267785	0.0017829	0	0	0	
629	0.231865	0.137825	0.0929621	0.00107811	1.03137	0.613069	0.41351	0.00479564	0.00117552	0.00522891	
630	0.212239	0.145801	0.0664359	2.45425e-06	0.944074	0.648545	0.295517	1.09169e-05	2.80986e-06	1.24987e-05	
631	0.11377	0.0959873	0.0177376	4.5679e-05	0.506069	0.426966	0.0788998	0.000203187	4.68138e-05	0.000208235	
632	0.043329	0.0433223	6.69597e-06	0	0.192734	0.192704	2.97847e-05	0	0	0	
633	0.0585477	0.0452284	0.0133184	8.65878e-07	0.260429	0.201183	0.0592425	3.85156e-06	1.55663e-06	6.92413e-06	
634	0.0427159	0.0420359	0.000680039	0	0.190007	0.186982	0.00302492	0	0	0	
635	0.0750025	0.0656593	0.00934311	1.48913e-07	0.333623	0.292062	0.0415596	6.62392e-07	2.23249e-07	9.93047e-07	
636	0.0928903	0.065107	0.0277832	0	0.41319	0.289606	0.123584	0	0	0	
637	0.0818834	0.0737567	0.00808971	3.69744e-05	0.36423	0.328081	0.0359843	0.000164467	4.72945e-05	0.000210373	
638	0.145369	0.0816787	0.0635745	0.000116007	0.646625	0.363319	0.282789	0.000516019	0.000154084	0.000685391	
639	0.158728	0.076261	0.0824176	4.93121e-05	0.706047	0.339221	0.366606	0.000219348	0.000107335	0.000477447	
640	0.087801	0.0806291	0.00713719	3.46812e-05	0.390552	0.358651	0.0317473	0.000154267	3.64929e-05	0.000162326	
641	0.075217	0.0751629	5.40673e-05	0	0.334577	0.334336	0.0002405	0	0	0	
642	0.0643201	0.0631828	0.00113731	0	0.286106	0.281047	0.00505895	0	0	0	
643	0.203289	0.142177	0.059883	0.00122857	0.904261	0.632427	0.266369	0.00546489	0.00180486	0.0080283	
644	0.103639	0.0825451	0.0210946	0	0.461006	0.367173	0.0938324	0	0	0	
645	0.0839735	0.0805364	0.0034339	3.25257e-06	0.373527	0.358238	0.0152745	1.44679e-05	5.15829e-06	2.29448e-05	
646	0.153717	0.0751241	0.0785337	5.9705e-05	0.683759	0.334163	0.34933	0.000265577	0.000113463	0.000504705	
647	0.206208	0.124056	0.0795005	0.00265205	0.917248	0.55182	0.35363	0.0117967	0.00278042	0.0123677	
648	0.144627	0.117495	0.0270348	9.7265e-05	0.643324	0.522637	0.120255	0.000432649	0.000112491	0.000500379	
649	0.0644525	0.0644519	6.00034e-07	0	0.286695	0.286692	2.66904e-06	0	0	0	
650	0.0731332	0.0731115	2.1612e-05	0	0.325307	0.325211	9.61336e-05	0	0	0	
651	0.104129	0.10168	0.00244912	0	0.463182	0.452288	0.010894	0	0	0	
652	0.109917	0.0826141	0.0269412	0.000362196	0.48893	0.36748	0.119838	0.0016111	0.000575405	0.00255949	
653	0.105307	0.0878168	0.0174882	2.20925e-06	0.468423	0.390623	0.0777904	9.8271e-06	1.13641e-05	5.05493e-05	
654	0.115385	0.0884155	0.0269018	6.84938e-05	0.513254	0.393285	0.119663	0.000304671	0.000104401	0.000464395	
655	0.122817	0.0812119	0.0406409	0.00096505	0.546313	0.361243	0.180777	0.00429269	0.0012045	0.00535782	
656	0.224046	0.118651	0.102405	0.0029897	0.996594	0.527778	0.455517	0.0132986	0.00497113	0.0221123	
657	0.120832	0.0802664	0.0405656	0	0.537479	0.357037	0.180442	0	0	0	
658	0.104781	0.0755071	0.0292219	5.21946e-05	0.466083	0.335867	0.129983	0.000232169	9.13947e-05	0.000406538	
659	0.125042	0.095982	0.0285444	0.000516119	0.556208	0.426943	0.126969	0.00229577	0.00062452	0.00277796	
660	0.154283	0.100687	0.0534337	0.000161891	0.686275	0.447873	0.237681	0.000720119	0.000338036	0.00150363	
661	0.173713	0.0986057	0.0745695	0.000538194	0.772704	0.438613	0.331697	0.00239397	0.000713378	0.00317321	
662	0.117819	0.0806721	0.0370542	9.34078e-05	0.524081	0.358842	0.164823	0.000415492	0.000199888	0.000889133	
663	0.110566	0.0805904	0.0297736	0.000201952	0.491815	0.358478	0.132438	0.000898317	0.000321173	0.00142863	
664	0.0975333	0.0875823	0.00994177	9.25636e-06	0.433843	0.38958	0.0442225	4.11737e-05	3.146e-05	0.000139939	
665	0.104102	0.0874767	0.0166226	3.15837e-06	0.463064	0.38911	0.0739402	1.40489e-05	5.93009e-06	2.63779e-05	
666	0.105368	0.0791892	0.0260533	0.000125745	0.468694	0.352245	0.115889	0.000559335	0.00017038	0.000757877	
667	0.163482	0.105145	0.0553916	0.00294491	0.727193	0.467704	0.24639	0.0130994	0.00364944	0.0162332	
668	0.102613	0.0833094	0.0192853	1.89766e-05	0.456441	0.370573	0.0857841	8.44109e-05	2.40267e-05	0.000106874	
669	0.0446653	0.0436435	0.0010218	0	0.198678	0.194133	0.00454512	0	0	0	
670	0.088529	0.0828846	0.00560119	4.33048e-05	0.393791	0.368683	0.0249149	0.000192626	4.32872e-05	0.000192548	
671	0.0537067	0.0508011	0.00290563	0	0.238895	0.225971	0.0129247	0	0	0	
672	0.150367	0.112318	0.037894	0.000155372	0.66886	0.49961	0.168558	0.00069112	0.000198649	0.000883623	
673	0.1398	0.101781	0.0372648	0.000753927	0.621852	0.452739	0.165759	0.00335358	0.00130076	0.00578599	
674	0.12767	0.0956497	0.0318786	0.000142497	0.5679	0.425465	0.141801	0.000633849	0.000230248	0.00102417	
675	0.113983	0.0814466	0.0324083	0.000128943	0.507018	0.362287	0.144157	0.000573559	0.000173847	0.000773301	
676	0.137128	0.110131	0.0267597	0.000236958	0.609968	0.489883	0.119031	0.00105403	0.00028701	0.00127666	
677	0.0967924	0.093729	0.00305292	1.05092e-05	0.430548	0.416921	0.0135798	4.67466e-05	1.08392e-05	4.82144e-05	
678	0.101614	0.0805673	0.0209994	4.73718e-05	0.451995	0.358376	0.0934088	0.000210717	6.13517e-05	0.000272902	
679	0.129408	0.0912832	0.0381033	2.16522e-05	0.575627	0.406041	0.169489	9.63124e-05	2.47793e-05	0.000110222	
680	0.128678	0.110751	0.0179265	0	0.572382	0.492641	0.0797403	0	0	0	
681	0.111114	0.0980656	0.0129915	5.71176e-05	0.494253	0.436211	0.0577885	0.000254068	5.77821e-05	0.000257023	
682	0.0996223	0.0979653	0.00165703	0	0.443135	0.435765	0.00737075	0	0	0	
683	0.100659	0.0914846	0.00917485	0	0.447749	0.406937	0.0408112	0	0	0	
684	0.115074	0.0945836	0.0204699	2.10271e-05	0.51187	0.420722	0.0910536	9.35321e-05	2.20403e-05	9.80389e-05	
685	0.196225	0.141214	0.0542721	0.000739249	0.872842	0.628142	0.241411	0.00328829	0.000741951	0.00330031	
686	0.111256	0.0908225	0.0199574	0.00047638	0.494885	0.403992	0.0887739	0.00211901	0.00090329	0.00401797	
687	0.0820211	0.0780907	0.00392083	9.6086e-06	0.364843	0.347359	0.0174404	4.27405e-05	1.18907e-05	5.28919e-05	
688	0.0644592	0.0644592	0	0	0.286724	0.286724	0	0	0	0	
689	0.0082783	0.00717595	0.00110234	0	0.0368231	0.0319197	0.00490341	0	0	0	
690	0.0614197	0.0600373	0.00137755	4.90523e-06	0.273204	0.267055	0.00612758	2.18192e-05	4.94402e-06	2.19918e-05	
691	0.105617	0.0984533	0.00709598	6.79875e-05	0.469802	0.437935	0.031564	0.000302419	7.32081e-05	0.000325641	
692	0.0731649	0.0731642	6.39304e-07	0	0.325448	0.325446	2.84372e-06	0	0	0	
693	0.0915334	0.0796002	0.0119288	4.31693e-06	0.407155	0.354074	0.0530615	1.92024e-05	6.67798e-06	2.97047e-05	
694	0.211362	0.154923	0.0553508	0.00108814	0.940171	0.689122	0.246209	0.00484023	0.00142057	0.00631894	
695	0.0950516	0.0795833	0.0154582	1.0083e-05	0.422804	0.353999	0.0687607	4.48511e-05	1.58787e-05	7.06312e-05	
696	0.218741	0.160281	0.0573644	0.00109554	0.972994	0.712955	0.255165	0.00487317	0.00146483	0.00651579	
697	0.156594	0.0830592	0.0723638	0.00117104	0.696555	0.36946	0.321885	0.00520901	0.00244469	0.0108743	
698	0.251293	0.196445	0.0544602	0.000387934	1.11779	0.873819	0.242247	0.00172559	0.000568025	0.00252666	
699	0.292836	0.185956	0.105494	0.00138528	1.30258	0.827164	0.469257	0.00616195	0.00375801	0.0167162	
700	0.0827919	0.0827919	0	0	0.368271	0.368271	0	0	0	0	
701	0.0826479	0.0826479	0	0	0.36763	0.36763	0	0	0	0	
702	0.115235	0.10659	0.00864016	4.17668e-06	0.512584	0.474133	0.0384328	1.85785e-05	5.90868e-06	2.62827e-05	
703	0.0922253	0.0879116	0.00431161	2.10056e-06	0.410232	0.391044	0.0191787	9.34363e-06	2.07761e-06	9.24154e-06	
704	0.0915419	0.0796855	0.0118504	5.93112e-06	0.407192	0.354453	0.0527127	2.63825e-05	7.48304e-06	3.32857e-05	
705	0.0969059	0.0883385	0.00856739	0	0.431052	0.392943	0.0381091	0	0	0	
706	0.249559	0.158653	0.0904783	0.000427883	1.11008	0.705716	0.402461	0.00190329	0.000643694	0.00286325	
707	0.08755	0.0804937	0.00705631	0	0.389436	0.358048	0.0313875	0	0	0	
708	0.0801615	0.0801615	0	0	0.35657	0.35657	0	0	0	0	
709	0.123163	0.103658	0.0192333	0.000272106	0.547851	0.461088	0.0855528	0.00121037	0.000275886	0.00122718	
710	0.165347	0.0962542	0.0690634	3.01023e-05	0.735492	0.428153	0.307204	0.000133899	7.21869e-05	0.000321098	
711	0.0968884	0.0808888	0.0159995	0	0.430974	0.359806	0.0711686	0	0	0	
712	0.0770938	0.0767665	0.000327296	0	0.342925	0.341469	0.00145586	0	0	0	
713	0.0903687	0.0786153	0.0117534	0	0.401974	0.349693	0.0522809	0	0	0	
714	0.0940054	0.0818845	0.0121208	0	0.41815	0.364235	0.0539155	0	0	0	
715	0.0708401	0.0702324	0.000607634	0	0.315107	0.312405	0.00270285	0	0	0	
716	0.078716	0.0751764	0.00353931	3.56164e-07	0.350141	0.334396	0.0157434	1.58427e-06	8.36995e-07	3.72308e-06	
717	0.0949309	0.088512	0.00641622	2.67429e-06	0.422267	0.393715	0.0285403	1.18956e-05	2.6516e-06	1.17947e-05	
718	0.116853	0.108427	0.00838559	4.02905e-05	0.519783	0.482304	0.0373004	0.000179218	4.41307e-05	0.0001963	
719	0.0707612	0.0630886	0.00763886	3.37643e-05	0.314756	0.280628	0.0339788	0.000150189	3.37414e-05	0.000150087	
720	0.0628637	0.062247	0.000616741	0	0.279627	0.276884	0.00274336	0	0	0	
721	0.126303	0.106601	0.0195014	0.000201008	0.561817	0.474178	0.0867453	0.000894115	0.000201641	0.000896934	
722	0.0815443	0.0810628	0.000481425	0	0.362721	0.36058	0.00214145	0	0	0	
723	0.111041	0.102309	0.00872806	3.78216e-06	0.493928	0.455088	0.0388237	1.68236e-05	3.75916e-06	1.67213e-05	
724	0.0811778	0.0806963	0.000481425	0	0.361091	0.35895	0.00214145	0	0	0	
725	0.0947017	0.0625482	0.0321535	0	0.421248	0.278224	0.143023	0	0	0	
726	0.0449975	0.0426433	0.00235425	0	0.200156	0.189684	0.010472	0	0	0	
727	0.089513	0.0889695	0.000543498	0	0.398167	0.39575	0.00241756	0	0	0	
728	0.101153	0.0854259	0.0156242	0.000103526	0.449947	0.379988	0.069499	0.000460501	0.000286048	0.00127238	
729	0.104727	0.0775999	0.0262536	0.000873543	0.465842	0.345176	0.11678	0.00388565	0.00087352	0.00388555	
730	0.110841	0.104886	0.00594971	5.5511e-06	0.49304	0.46655	0.0264652	2.46921e-05	1.1874e-05	5.28175e-05	
731	0.119667	0.0944389	0.0244793	0.000749069	0.532298	0.420079	0.108887	0.00333197	0.00076959	0.00342325	
732	0.0833746	0.0773718	0.00600273	0	0.370863	0.344162	0.0267011	0	0	0	
733	0.102353	0.0919713	0.0103581	2.3651e-05	0.455282	0.409103	0.0460746	0.000105203	3.21234e-05	0.00014289	
734	0.113286	0.106841	0.0064365	9.12815e-06	0.503917	0.475246	0.0286305	4.06034e-05	9.90374e-06	4.40534e-05	
735	0.0680949	0.0657265	0.00236841	0	0.302896	0.292361	0.010535	0	0	0	
736	0.0579868	0.0554926	0.0024942	0	0.257934	0.246839	0.0110946	0	0	0	
737	0.0939932	0.0796442	0.014349	0	0.418096	0.35427	0.0638267	0	0	0	
738	0.121271	0.11317	0.00806088	3.93517e-05	0.539433	0.503402	0.035856	0.000175042	4.14654e-05	0.000184444	
739	0.065505	0.0648273	0.000677742	0	0.291376	0.288362	0.0030147	0	0	0	
740	0.036704	0.0366945	9.44439e-06	0	0.163265	0.163223	4.20101e-05	0	0	0	
741	0.0908534	0.0863898	0.0044575	6.09074e-06	0.40413	0.384275	0.0198276	2.70925e-05	4.87129e-05	0.000216682	
742	0.145597	0.122949	0.0226221	2.53515e-05	0.647638	0.546899	0.100626	0.000112767	2.53284e-05	0.000112664	
743	0.0890291	0.0841762	0.00479758	5.52818e-05	0.396015	0.374429	0.0213404	0.000245902	5.52589e-05	0.0002458	
744	0.0562404	0.0553497	0.00089072	0	0.250166	0.246204	0.00396206	0	0	0	
745	0.12298	0.101727	0.0211787	7.49914e-05	0.547038	0.452498	0.0942063	0.000333573	7.93054e-05	0.000352762	
746	0.0818412	0.0751353	0.00670595	0	0.364042	0.334213	0.0298291	0	0	0	
747	0.0859941	0.0842347	0.00175941	0	0.382515	0.374689	0.00782616	0	0	0	
748	0.100891	0.0822154	0.0186222	5.35621e-05	0.448779	0.365707	0.0828345	0.000238252	7.06354e-05	0.000314197	
749	0.118787	0.11235	0.00643404	3.64775e-06	0.528386	0.49975	0.0286196	1.62258e-05	3.62489e-06	1.6124e-05	
750	0.0908041	0.0821154	0.00868871	0	0.403911	0.365262	0.0386487	0	0	0	
751	0.308148	0.151903	0.139649	0.0165962	1.37069	0.675689	0.621181	0.0738226	0.0199529	0.0887537	
752	0.0968487	0.0763561	0.0204885	4.02652e-06	0.430798	0.339644	0.0911363	1.79106e-05	5.69172e-06	2.53176e-05	
753	0.101174	0.0924858	0.00868871	0	0.45004	0.411391	0.0386487	0	0	0	
754	0.216937	0.176426	0.0404759	3.50393e-05	0.964971	0.784772	0.180043	0.00015586	4.95349e-05	0.000220339	
755	0.117683	0.0920126	0.0256677	3.53435e-06	0.523476	0.409286	0.114174	1.57213e-05	6.69592e-06	2.97844e-05	
756	0.202915	0.114	0.0889147	2.51699e-07	0.902598	0.50709	0.395506	1.1196e-06	6.35776e-07	2.82803e-06	
757	0.129241	0.0775068	0.0479214	0.00381317	0.574885	0.344762	0.213161	0.0169615	0.00419508	0.0186603	
758	0.210942	0.127764	0.0831212	5.66597e-05	0.938302	0.568314	0.369736	0.000252031	5.71497e-05	0.00025421	
759	0.119851	0.0712923	0.0484815	7.73185e-05	0.533116	0.317119	0.215653	0.000343924	0.00206386	0.00918038	
760	0.116235	0.0866638	0.0295718	0	0.517034	0.385494	0.13154	0	0	0	
761	0.122684	0.109813	0.0127335	0.00013737	0.545719	0.488467	0.056641	0.000611043	0.000139787	0.000621796	
762	0.0506251	0.0506251	0	0	0.225188	0.225188	0	0	0	0	
763	0.0553767	0.0539071	0.00146951	0	0.246324	0.239787	0.00653661	0	0	0	
764	0.0779528	0.0766295	0.00132328	0	0.346746	0.34086	0.00588618	0	0	0	
765	0.0870237	0.0837216	0.0032968	5.29894e-06	0.387095	0.372406	0.0146647	2.35705e-05	5.27613e-06	2.3469e-05	
766	0.0530297	0.0444516	0.00832404	0.000254133	0.235884	0.197727	0.0370266	0.00113042	0.00025411	0.00113032	
767	0.0510349	0.0430986	0.00787864	5.77235e-05	0.227011	0.191709	0.0350454	0.000256763	6.23788e-05	0.000277471	
768	0.0452551	0.0452551	0	0	0.201302	0.201302	0	0	0	0	
769	0.0788524	0.0524074	0.0260205	0.000424544	0.350748	0.233116	0.115743	0.00188844	0.000809171	0.00359932	
770	0.0793286	0.0564952	0.0228334	0	0.352866	0.251299	0.101566	0	0	0	
771	0.097314	0.0781519	0.0191534	8.72248e-06	0.432868	0.347632	0.0851973	3.87989e-05	1.85643e-05	8.25769e-05	
772	0.10313	0.10313	0	0	0.458741	0.458741	0	0	0	0	
773	0.106577	0.0904113	0.0161665	0	0.474075	0.402163	0.0719112	0	0	0	
774	0.0775303	0.0775303	0	0	0.344867	0.344867	0	0	0	0	
775	0.0755528	0.0755528	0	0	0.33607	0.33607	0	0	0	0	
776	0.0648149	0.0648149	0	0	0.288306	0.288306	0	0	0	0	
777	0.0742275	0.0742275	0	0	0.330175	0.330175	0	0	0	0	
778	0.0921596	0.0921596	0	0	0.40994	0.40994	0	0	0	0	
779	0.157884	0.110604	0.0472804	0	0.702295	0.491984	0.21031	0	0	0	
780	0.0488443	0.043429	0.00541522	0	0.217267	0.193179	0.0240877	0	0	0	
781	0.0596886	0.042431	0.0172575	0	0.265504	0.18874	0.0767643	0	0	0	
782	0.105277	0.0950489	0.0102286	0	0.468291	0.422792	0.0454988	0	0	0	
783	0.223569	0.134736	0.0854702	0.00336289	0.994473	0.599329	0.380185	0.0149586	0.01008	0.0448376	
784	0.0716729	0.0716729	0	0	0.318812	0.318812	0	0	0	0	
785	0.12633	0.075272	0.0510082	5.07286e-05	0.561939	0.334821	0.226892	0.000225649	7.20591e-05	0.00032053	
786	0.126819	0.0948229	0.0316778	0.000318428	0.564111	0.421787	0.140908	0.00141641	0.00110099	0.00489738	
787	0.196013	0.0839836	0.110187	0.00184247	0.871898	0.373572	0.49013	0.00819559	0.00489236	0.021762	
788	0.146437	0.0915634	0.0547668	0.00010772	0.651378	0.407288	0.243611	0.000479155	0.000182087	0.000809955	
789	0.102711	0.102711	0	0	0.456878	0.456878	0	0	0	0	
790	0.117295	0.0844957	0.0327805	1.90231e-05	0.521747	0.37585	0.145813	8.46178e-05	1.89996e-05	8.45135e-05	
791	0.126758	0.0872684	0.0394541	3.62445e-05	0.563843	0.388183	0.175498	0.000161221	3.62209e-05	0.000161116	
792	0.0927771	0.0825484	0.0102286	0	0.412687	0.367188	0.0454988	0	0	0	
793	0.237169	0.147556	0.0849191	0.00469431	1.05496	0.656354	0.377733	0.020881	0.00543942	0.0241954	
794	0.110169	0.0897438	0.0204261	0	0.490053	0.399194	0.0908587	0	0	0	
795	0.134774	0.105774	0.0289607	3.95423e-05	0.599498	0.4705	0.128821	0.00017589	6.2417e-05	0.00027764	
796	0.0939819	0.0939819	0	0	0.418046	0.418046	0	0	0	0	
797	0.0540705	0.0533694	0.000701133	0	0.240514	0.237395	0.00311875	0	0	0	
798	0.190875	0.104017	0.0865878	0.000270087	0.849044	0.462686	0.385156	0.00120138	0.000324697	0.0014443	
799	0.183303	0.129581	0.053592	0.000130024	0.815361	0.576397	0.238385	0.00057837	0.000171526	0.000762974	
800	0.201482	0.159098	0.0423823	1.89278e-06	0.896227	0.707695	0.188523	8.41938e-06	1.87017e-06	8.31881e-06	
801	0.154971	0.0854567	0.0689824	0.000532447	0.689337	0.380124	0.306844	0.0023684	0.000936171	0.00416423	
802	0.124285	0.0865343	0.0376588	9.24603e-05	0.552841	0.384918	0.167512	0.000411277	0.000107499	0.000478173	
803	0.0834796	0.0834796	0	0	0.37133	0.37133	0	0	0	0	
804	0.183958	0.151354	0.0318756	0.000728353	0.818278	0.67325	0.141787	0.00323982	0.000728432	0.00324018	
805	0.21311	0.144217	0.0667309	0.00216219	0.947947	0.6415	0.296829	0.00961778	0.00277542	0.0123455	
806	0.144621	0.107169	0.0369366	0.000515849	0.643299	0.476705	0.164299	0.00229457	0.000646524	0.00287584	
807	0.143774	0.1196	0.0241513	2.24823e-05	0.63953	0.532001	0.107429	0.000100004	3.54937e-05	0.000157881	
808	0.171051	0.15295	0.018095	6.31419e-06	0.760865	0.680348	0.0804894	2.80865e-05	9.35129e-06	4.1596e-05	
809	0.185409	0.112448	0.0727722	0.000188736	0.82473	0.500189	0.323702	0.000839527	0.000254114	0.00113034	
810	0.0782723	0.0781149	0.000157384	0	0.348167	0.347467	0.000700071	0	0	0	
811	0.122988	0.0973242	0.0256538	1.06456e-05	0.547073	0.432913	0.114112	4.73534e-05	2.48224e-05	0.000110414	
812	0.159834	0.112398	0.047037	0.000398832	0.710967	0.499965	0.209228	0.00177407	0.000456752	0.0020317	
813	0.0640909	0.0640909	0	0	0.285086	0.285086	0	0	0	0	
814	0.0941707	0.0816471	0.0125108	1.27384e-05	0.418886	0.363179	0.0556503	5.66626e-05	2.49571e-05	0.000111013	
815	0.145684	0.132888	0.0126343	0.000162305	0.648028	0.591106	0.0561995	0.000721958	0.000162959	0.000724869	
816	0.261333	0.156098	0.10449	0.000745224	1.16245	0.69435	0.464788	0.00331487	0.00196904	0.0087586	
817	0.153363	0.0973604	0.0558168	0.000186171	0.682184	0.433074	0.248282	0.000828118	0.000218195	0.000970566	
818	0.183139	0.124481	0.0584669	0.000190799	0.814633	0.553714	0.26007	0.000848703	0.000251778	0.00111995	
819	0.068063	0.0670757	0.000987272	0	0.302755	0.298363	0.00439153	0	0	0	
820	0.094346	0.0909126	0.00342905	4.36086e-06	0.419665	0.404393	0.0152529	1.93978e-05	5.81274e-06	2.58559e-05	
821	0.027692	0.0276096	8.24376e-05	0	0.123178	0.122812	0.000366695	0	0	0	
822	0.0925158	0.0844087	0.00810711	0	0.411524	0.375463	0.0360616	0	0	0	
823	0.0626803	0.059105	0.0035428	3.25366e-05	0.278811	0.262908	0.0157589	0.000144728	3.25139e-05	0.000144626	
824	0.11979	0.119761	2.84642e-05	0	0.532845	0.532718	0.000126613	0	0	0	
825	0.0786495	0.0786495	0	0	0.349845	0.349845	0	0	0	0	
826	0.117904	0.106242	0.0116619	0	0.524458	0.472584	0.0518742	0	0	0	
827	0.0842334	0.0842049	2.84642e-05	0	0.374683	0.374556	0.000126613	0	0	0	
828	0.156281	0.103752	0.0523787	0.000150177	0.695164	0.461508	0.232988	0.000668013	0.000201378	0.000895761	
829	0.13494	0.10165	0.0332903	0	0.600237	0.452156	0.14808	0	0	0	
830	0.162698	0.134041	0.0286565	0	0.723707	0.596238	0.127468	0	0	0	
831	0.101033	0.100734	0.000299596	0	0.449414	0.448081	0.00133265	0	0	0	
832	0.0854917	0.083924	0.0015676	0	0.38028	0.373307	0.00697296	0	0	0	
833	0.0895938	0.0884878	0.00110585	1.82316e-07	0.398527	0.393607	0.00491902	8.10972e-07	6.57886e-07	2.92638e-06	
834	0.0986777	0.0979846	0.000692759	4.39118e-07	0.438934	0.43585	0.0030815	1.95326e-06	4.5176e-07	2.0095e-06	
835	0.0994769	0.0966491	0.00282783	0	0.442489	0.42991	0.0125786	0	0	0	
836	0.14526	0.11625	0.0289936	1.56625e-05	0.646139	0.517101	0.128968	6.96696e-05	1.7767e-05	7.90304e-05	
837	0.128098	0.120194	0.00785972	4.45674e-05	0.569801	0.534642	0.0349612	0.000198242	4.65059e-05	0.000206865	
838	0.142561	0.0973255	0.0452079	2.7931e-05	0.634135	0.432919	0.201091	0.000124241	3.95374e-05	0.000175868	
839	0.204689	0.152353	0.0514543	0.000881619	0.910489	0.67769	0.228877	0.00392157	0.00108417	0.00482256	
840	0.109403	0.0766333	0.0327703	0	0.486644	0.340877	0.145767	0	0	0	
841	0.113811	0.0798849	0.0337673	0.000159098	0.50625	0.35534	0.150202	0.000707694	0.000438507	0.00195055	
842	0.103781	0.0978496	0.00593186	0	0.461636	0.43525	0.0263858	0	0	0	
843	0.139049	0.121303	0.0176077	0.000138401	0.618513	0.539575	0.078322	0.000615633	0.000153276	0.000681798	
844	0.129397	0.109816	0.0195606	1.9582e-05	0.575578	0.488482	0.0870086	8.71041e-05	1.95582e-05	8.69983e-05	
845	0.192054	0.13434	0.0563071	0.0014067	0.854288	0.597568	0.250463	0.00625724	0.00229836	0.0102234	
846	0.104618	0.0937493	0.0108687	0	0.465357	0.417011	0.048346	0	0	0	
847	0.123416	0.0955933	0.0278156	8.03082e-06	0.548978	0.425213	0.123728	3.57223e-05	8.86293e-06	3.94237e-05	
848	0.105624	0.102459	0.00316479	7.47472e-08	0.469833	0.455755	0.0140775	3.32487e-07	7.36953e-08	3.27808e-07	
849	0.100351	0.0965415	0.00380231	7.50342e-06	0.446378	0.429432	0.0169133	3.33764e-05	7.50139e-06	3.33673e-05	
850	0.0802473	0.0798834	0.000363902	0	0.356952	0.355334	0.00161869	0	0	0	
851	0.0643708	0.0643628	8.05112e-06	0	0.286331	0.286295	3.58126e-05	0	0	0	
852	0.0946775	0.0845487	0.0101079	2.09279e-05	0.42114	0.376086	0.0449615	9.30907e-05	2.76073e-05	0.000122801	
853	0.106556	0.103139	0.00341747	0	0.47398	0.458778	0.0152014	0	0	0	
854	0.102891	0.0942278	0.00864987	1.36105e-05	0.457676	0.41914	0.0384759	6.0542e-05	1.48313e-05	6.59721e-05	
855	0.111943	0.092929	0.0183805	0.000634246	0.497943	0.413363	0.0817596	0.00282122	0.000634223	0.00282112	
856	0.113423	0.103302	0.0101207	0	0.504526	0.459507	0.0450186	0	0	0	
857	0.0631622	0.0631622	0	0	0.280955	0.280955	0	0	0	0	
858	0.100646	0.0850862	0.0155472	1.28909e-05	0.44769	0.378476	0.0691566	5.73409e-05	2.58111e-05	0.000114811	
859	0.124367	0.111516	0.0128504	0	0.553204	0.496043	0.0571608	0	0	0	
860	0.0939152	0.0837944	0.0101207	0	0.417749	0.37273	0.0450186	0	0	0	
861	0.0859428	0.0859428	0	0	0.382287	0.382287	0	0	0	0	
862	0.111039	0.0785172	0.0325041	1.86311e-05	0.493923	0.349256	0.144583	8.28741e-05	1.86071e-05	8.27674e-05	
863	0.122606	0.114553	0.00805341	0	0.545373	0.50955	0.0358228	0	0	0	
864	0.108476	0.0947591	0.0137171	0	0.482519	0.421503	0.061016	0	0	0	
865	0.116965	0.116098	0.000866298	0	0.520279	0.516426	0.00385342	0	0	0	
866	0.0759274	0.0754503	0.000477175	0	0.337737	0.335614	0.00212255	0	0	0	
867	0.0859754	0.0859754	0	0	0.382432	0.382432	0	0	0	0	
868	0.105259	0.0992578	0.00595016	5.14509e-05	0.46821	0.441514	0.0264672	0.000228861	5.37429e-05	0.000239057	
869	0.0965515	0.0939582	0.00258987	3.45328e-06	0.429476	0.417941	0.0115201	1.53607e-05	3.7398e-06	1.66352e-05	
870	0.129725	0.125358	0.00436703	0	0.57704	0.557615	0.0194252	0	0	0	
871	0.107675	0.0982134	0.00944041	2.1526e-05	0.478956	0.436868	0.0419924	9.57513e-05	2.15067e-05	9.56654e-05	
872	0.0416208	0.0416208	0	0	0.185135	0.185135	0	0	0	0	
873	0.099745	0.0993183	0.000426722	0	0.443681	0.441783	0.00189812	0	0	0	
874	0.103568	0.0903421	0.0130638	0.000162689	0.460689	0.401856	0.0581101	0.000723669	0.000162666	0.000723568	
875	0.0813107	0.0810201	0.000290577	0	0.361682	0.36039	0.00129253	0	0	0	
876	0.0441999	0.0441999	0	0	0.196608	0.196608	0	0	0	0	
877	0.0989052	0.0871298	0.0117285	4.68699e-05	0.439945	0.387567	0.0521703	0.000208484	4.70502e-05	0.000209286	
878	0.0995995	0.0987964	0.000803085	0	0.443034	0.439461	0.00357225	0	0	0	
879	0.0867433	0.0867433	0	0	0.385847	0.385847	0	0	0	0	
880	0.0907022	0.0871936	0.00350855	0	0.403457	0.387851	0.0156065	0	0	0	
881	0.0814417	0.0788898	0.00253707	1.486e-05	0.362265	0.350914	0.0112853	6.60998e-05	1.4837e-05	6.59977e-05	
882	0.0922061	0.0889589	0.00324543	1.83627e-06	0.410147	0.395703	0.0144361	8.16802e-06	1.8133e-06	8.06586e-06	
883	0.0589402	0.0589402	0	0	0.262175	0.262175	0	0	0	0	
884	0.0783848	0.0783848	0	0	0.348668	0.348668	0	0	0	0	
885	0.0890434	0.0890434	0	0	0.396079	0.396079	0	0	0	0	
886	0.103138	0.101183	0.00195473	0	0.458774	0.450079	0.00869498	0	0	0	
887	0.0658671	0.0657629	0.000104255	0	0.292987	0.292523	0.000463744	0	0	0	
888	0.096316	0.096316	0	0	0.428429	0.428429	0	0	0	0	
889	0.0662007	0.0642837	0.00191703	0	0.294471	0.285944	0.00852729	0	0	0	
890	0.0959893	0.0911618	0.0048165	1.09417e-05	0.426975	0.405502	0.0214245	4.86707e-05	1.09188e-05	4.85686e-05	
891	0.0423032	0.0410581	0.00124509	0	0.188171	0.182633	0.00553838	0	0	0	
892	0.0582445	0.0582445	0	0	0.25908	0.25908	0	0	0	0	
893	0.0864453	0.0864453	0	0	0.384522	0.384522	0	0	0	0	
894	0.0836642	0.0833434	0.000320826	0	0.372151	0.370724	0.00142708	0	0	0	
895	0.0796286	0.0796286	0	0	0.3542	0.3542	0	0	0	0	
896	0.0787484	0.0784276	0.000320826	0	0.350285	0.348858	0.00142708	0	0	0	
897	0.0756461	0.0713477	0.00429071	7.70561e-06	0.336485	0.317366	0.0190857	3.42757e-05	7.74343e-06	3.4444e-05	
898	0.0727794	0.0727794	0	0	0.323734	0.323734	0	0	0	0	
899	0.099101	0.0952266	0.00387445	0	0.440817	0.423582	0.0172341	0	0	0	
900	0.0814766	0.0814766	0	0	0.36242	0.36242	0	0	0	0	
901	0.194213	0.111868	0.0807359	0.00160945	0.863893	0.497607	0.359126	0.00715911	0.00195247	0.0086849	
902	0.075504	0.0748769	0.000627153	0	0.335853	0.333064	0.00278967	0	0	0	
903	0.207407	0.115724	0.0914341	0.000249414	0.922582	0.514759	0.406713	0.00110943	0.000471295	0.00209639	
904	0.0680362	0.0675668	0.0004694	0	0.302635	0.300547	0.00208796	0	0	0	
905	0.158722	0.0925809	0.0661413	0	0.706021	0.411814	0.294206	0	0	0	
906	0.20854	0.130271	0.0777529	0.000515939	0.92762	0.579468	0.345857	0.00229498	0.00067203	0.00298929	
907	0.0801592	0.0801333	2.58369e-05	0	0.35656	0.356445	0.000114926	0	0	0	
908	0.111816	0.0990693	0.0127203	2.65356e-05	0.497376	0.440675	0.0565823	0.000118034	3.09328e-05	0.000137594	
909	0.106713	0.105317	0.00139517	0	0.474676	0.46847	0.00620596	0	0	0	
910	0.121357	0.0900281	0.0313298	0	0.539819	0.400459	0.139359	0	0	0	
911	0.125696	0.106462	0.0186953	0.000538459	0.559117	0.473562	0.0831599	0.00239515	0.000540487	0.00240417	
912	0.10525	0.095763	0.00948043	7.23956e-06	0.468171	0.425968	0.0421704	3.22027e-05	9.45869e-06	4.20737e-05	
913	0.114508	0.0985887	0.015797	0.000123196	0.509353	0.438537	0.0702677	0.000547997	0.000123173	0.000547896	
914	0.0766157	0.0766157	0	0	0.340798	0.340798	0	0	0	0	
915	0.12945	0.0916249	0.0377931	3.27148e-05	0.575817	0.407562	0.168109	0.00014552	3.35156e-05	0.000149082	
916	0.106746	0.106746	0	0	0.474825	0.474825	0	0	0	0	
917	0.114223	0.0924905	0.021733	0	0.508084	0.411412	0.0966719	0	0	0	
918	0.128301	0.08887	0.0383618	0.00107006	0.570706	0.395307	0.170639	0.00475982	0.00174633	0.00776797	
919	0.0903396	0.0861657	0.00417389	0	0.401844	0.383278	0.0185661	0	0	0	
920	0.115652	0.0857317	0.0298902	3.09972e-05	0.514442	0.381348	0.132956	0.00013788	8.41951e-05	0.000374513	
921	0.0382811	0.0382811	0	0	0.17028	0.17028	0	0	0	0	
922	0.019406	0.0191298	0.000276182	0	0.0863211	0.0850925	0.0012285	0	0	0	
923	0.0607807	0.0591553	0.00162253	2.8024e-06	0.270362	0.263132	0.00721726	1.24655e-05	2.77948e-06	1.23636e-05	
924	0.0597648	0.0516529	0.00811191	2.29728e-08	0.265843	0.22976	0.036083	1.02186e-07	4.62368e-06	2.05668e-05	
925	0.0466736	0.0448089	0.00186468	2.29152e-08	0.207611	0.199317	0.00829439	1.0193e-07	4.62368e-06	2.05668e-05	
926	0.0662415	0.0587933	0.00744815	0	0.294652	0.261522	0.0331305	0	0	0	
927	0.0783747	0.0772546	0.00112009	0	0.348623	0.34364	0.00498236	0	0	0	
928	0.104186	0.0951	0.00908594	0	0.463435	0.423019	0.0404156	0	0	0	
929	0.0436669	0.0429858	0.00068107	0	0.194237	0.191207	0.0030295	0	0	0	
930	0.0761213	0.0747463	0.00136872	6.28753e-06	0.338599	0.332483	0.00608829	2.79679e-05	6.26464e-06	2.78661e-05	
931	0.0935678	0.0825588	0.0109847	2.4223e-05	0.416204	0.367234	0.0488619	0.000107747	2.42002e-05	0.000107646	
932	0.0864096	0.0841201	0.00228954	0	0.384363	0.374179	0.0101842	0	0	0	
933	0.0477079	0.0477079	0	0	0.212212	0.212212	0	0	0	0	
934	0.0461553	0.0454551	0.000700181	0	0.205306	0.202191	0.00311451	0	0	0	
935	0.0931461	0.0777057	0.0154044	3.60417e-05	0.414328	0.345647	0.0685213	0.000160319	5.35856e-05	0.000238357	
936	0.0763187	0.0758067	0.000511982	0	0.339477	0.3372	0.00227737	0	0	0	
937	0.0618897	0.0618897	0	0	0.275295	0.275295	0	0	0	0	
938	0.0673278	0.0673278	0	0	0.299484	0.299484	0	0	0	0	
939	0.0729066	0.0729066	0	0	0.324299	0.324299	0	0	0	0	
940	0.0752419	0.0744913	0.000750561	0	0.334687	0.331349	0.00333861	0	0	0	
941	0.0687352	0.0687352	0	0	0.305744	0.305744	0	0	0	0	
942	0.0708456	0.0708456	0	0	0.315132	0.315132	0	0	0	0	
943	0.0802425	0.0802425	0	0	0.356931	0.356931	0	0	0	0	
944	0.0636255	0.0636255	0	0	0.283016	0.283016	0	0	0	0	
945	0.0633451	0.0633451	0	0	0.281769	0.281769	0	0	0	0	
946	0.0656428	0.0656428	0	0	0.291989	0.291989	0	0	0	0	
947	0.0958491	0.0958491	0	0	0.426351	0.426351	0	0	0	0	
948	0.0652386	0.0542795	0.010959	0	0.290191	0.241444	0.0487477	0	0	0	
949	0.0647646	0.0647646	0	0	0.288083	0.288083	0	0	0	0	
950	0.0861585	0.0861584	0	0	0.383246	0.383246	0	0	0	0	
951	0.116112	0.116112	0	0	0.516488	0.516488	0	0	0	0	
952	0.049551	0.049551	0	0	0.22041	0.22041	0	0	0	0	
953	0.0541117	0.0533611	0.000750561	0	0.240697	0.237358	0.00333861	0	0	0	
954	0.0870368	0.0864985	0.00053825	9.43498e-08	0.387153	0.384759	0.00239422	4.19682e-07	7.143e-08	3.17731e-07	
955	0.0891867	0.0891867	0	0	0.396716	0.396716	0	0	0	0	
956	0.0537665	0.0497565	0.00401004	0	0.239162	0.221324	0.0178373	0	0	0	
957	0.0790622	0.0790622	0	0	0.351681	0.351681	0	0	0	0	
958	0.0834319	0.0693885	0.0140433	0	0.371118	0.308651	0.062467	0	0	0	
959	0.0910358	0.0910358	0	0	0.404941	0.404941	0	0	0	0	
960	0.0567216	0.0567216	0	0	0.252306	0.252306	0	0	0	0	
961	0.0764946	0.0749963	0.00149829	0	0.34026	0.333595	0.00666465	0	0	0	
962	0.0980983	0.0980459	5.23989e-05	0	0.436356	0.436123	0.000233078	0	0	0	
963	0.145882	0.145829	5.23989e-05	0	0.648906	0.648673	0.000233078	0	0	0	
964	0.104837	0.104397	0.000440013	0	0.466332	0.464375	0.00195724	0	0	0	
965	0.150607	0.0962561	0.0543509	0	0.669924	0.428162	0.241761	0	0	0	
966	0.156043	0.101692	0.0543509	0	0.694103	0.452342	0.241761	0	0	0	
967	0.0444446	0.0443462	9.83802e-05	0	0.197696	0.197259	0.00043761	0	0	0	
968	0.0706844	0.0706844	0	0	0.314415	0.314415	0	0	0	0	
969	0.197402	0.177909	0.0194634	2.9677e-05	0.878078	0.79137	0.0865766	0.000132008	3.25428e-05	0.000144755	
970	0.19844	0.173705	0.0246529	8.21503e-05	0.882694	0.772669	0.10966	0.000365417	0.000105113	0.000467559	
