1	0.8582714955198767
2	0.6089449262340861
3	0.6027202995773439
4	0.5049942041680564
5	0.6869459154928702
6	0.630453774563345
7	0.6187266924238117
8	0.6763835861656343
9	0.6202653080270225
10	0.5133889094753324
11	0.5931278294617445
12	0.648177151017193
13	0.6770356128785768
14	0.6092899772317092
15	0.6424235611452938
16	0.5711371053047349
17	0.6132645411684755
18	0.5667190675407064
19	0.6125861075838843
20	0.5130028954643855
21	0.6032432410971345
22	0.624349148166426
23	0.6501708046926261
24	0.538285271709415
25	0.7171414922885662
26	0.6125241432505546
27	0.582547218744982
28	0.5258366709401173
29	0.6714386912841287
30	0.8139976025920733
31	0.7849674274638228
32	0.7862802881140764
33	0.5841310847505967
34	0.6576489081206066
35	0.5209575768786967
36	0.6010853941723022
37	0.6502683199038368
38	0.5908411424029902
39	0.6111571556027986
40	0.6703910450473103
41	0.6534929036505756
42	0.5737190716546083
43	0.4963114483146448
44	0.5362767142045173
45	0.4817836546648621
46	0.6155962661612221
47	0.7747982049344482
48	0.6152492078452849
49	0.8396577046481615
50	0.6512465537755847
51	0.6139552318901683
52	0.5825825909602614
53	0.6502248509681109
54	0.6356523687206208
55	0.6426515184811382
56	0.7063140043680924
57	0.6698604305728516
58	0.6377652223372688
59	0.7064615266465051
60	0.5725783927325183
61	0.6230119518885548
62	0.6450778884648003
63	0.6467490194633286
64	0.6566777199161955
65	0.6758977799368183
66	0.6704487101303145
67	0.7820837211021526
68	0.5963945595075164
69	0.7117608930093491
70	0.5831087789806553
71	0.44359437023985354
72	0.759325764097659
73	0.515432843809953
74	0.6870031180169223
75	0.7974505784294114
76	0.7903119911167892
77	0.6293268035031077
78	0.6605158343257066
79	0.7781827221862362
80	0.7436695885922431
81	0.6850822150372581
82	0.8437272570187059
83	0.7436483152122924
84	0.6518216190528962
85	0.6682881680553586
86	0.8036413625558511
87	0.5854931121575033
88	0.6004774119119848
89	0.5830299208158034
90	0.6606247763606814
91	0.6724634600232421
92	0.6086430493168329
93	0.6314776907390672
94	0.6155320894368087
95	0.762169635928152
96	0.8396610200220753
97	0.6468900025629076
98	0.6292582352421368
99	0.6662929614980618
100	0.6388682272851055
101	0.8002119668224246
102	0.6899148733619371
103	0.5704110447230725
104	0.6079990637195943
105	0.6185538387478493
106	0.7035186036355492
107	0.8068211245153663
108	0.6557919950219533
109	0.6926060783067673
110	0.6942755120518376
111	0.653480973805041
112	0.6486227644697885
113	0.6381666871144123
114	0.7422566695758395
115	0.6884760393740664
116	0.71238264466838
117	0.6555962080344453
118	0.6714874187524754
119	0.7098752894297423
120	0.6531279298591993
121	0.6116893792893106
122	0.8363792346400731
123	0.6889092404214503
124	0.6537793711376984
125	0.6772496605974843
126	0.6803574504982973
127	0.9219269152826509
128	0.7315737716241605
129	0.7236410157660248
130	0.6533857879248947
131	0.7435326089354284
132	0.6146124238722989
133	0.7010986904127949
134	0.651333694748563
135	0.5594374540754801
136	0.677610576545401
137	0.6730342548930712
138	0.6803422241098962
139	0.6863856460386861
140	0.7327953634648636
141	0.6423784880865742
142	0.6083550645630907
143	0.8286633950274684
144	0.661913359484634
145	0.6204225974780798
146	0.5210232709969912
147	0.5679406497863841
148	0.6916709501738431
149	0.6658615153463457
150	0.6054537732579476
151	0.7431581319292498
152	0.6133567851857896
153	0.7758446954991949
154	0.6585746924664448
155	0.6385295522667923
156	0.6485671896851237
157	0.6262988366668493
158	0.6779004259245354
159	0.6639106500247117
160	0.8318084033669779
161	0.8789713468001703
162	0.6471222098743883
163	0.5908174759470587
164	0.6315499086055167
165	0.715690806854063
166	0.658124582546336
167	0.6570982187562431
168	0.6602891209801242
169	0.6491608714149572
170	0.6951410097138193
171	0.9320519480357088
172	0.7370086006859062
173	0.7768264838535421
174	0.7097227142858908
175	0.6543297716100165
176	0.649510743924945
177	0.7942077299456828
178	0.6880746326200557
179	0.790384081594763
180	0.6717494507935783
181	0.7467118730983914
182	0.6650663838966037
183	0.7043853131211323
184	0.625794402847595
185	0.6061284859417272
186	0.7115594338669661
187	0.626684084037114
188	0.5991076159327859
189	0.674609580530893
190	0.5139749903881761
191	0.9742460347243399
192	0.5698532543355609
193	0.725813511088426
194	0.7339376494882968
195	0.6279079511012562
196	0.6306545458176898
197	0.4992580291908382
198	0.7131187703585012
199	0.7132353570277986
200	0.6229142149451087
201	0.6689702752334097
202	0.6862713264553486
203	0.6483706301145811
204	0.7714420948358853
205	0.6322146977795031
206	0.8149839494419848
207	0.48047445169283887
208	0.6611286391141922
209	0.65067204392365
210	0.710967386507806
211	0.6783945538335724
212	0.7192255633804484
213	0.8554938331701211
214	0.7175035192581513
215	0.847527597880093
216	0.6139722742333023
217	0.7913308216394974
218	0.6571511559276627
219	0.7690141001075409
220	0.6103570196934713
221	0.6458567178346202
222	0.4726938478549709
223	0.6558058879757909
224	0.8034145853530795
225	0.589879001669937
226	1.0
227	0.6045783187616319
228	0.5937465088373071
229	0.7419036043160693
230	0.6881166688946926
231	0.639379958587256
232	0.5775253399714786
233	0.5891199712291871
234	0.6806832311482846
235	0.7779676506839533
236	0.5421565145934739
237	0.45871995317998326
238	0.6305490640296195
239	0.7361247129610624
240	0.6346841782430281
241	0.7258614793448053
242	0.6165854831255426
243	0.6186208269534074
244	0.6282655887945601
245	0.6505215137834524
246	0.6311060669457307
247	0.6905080913877797
248	0.6098144401789086
249	0.5580626722798737
250	0.5445227027103512
251	0.697225306392309
252	0.5551528034611395
253	0.6596606611367307
254	0.5878132757127873
255	0.6211431682136542
256	0.6559474028659861
257	0.6285235374534405
258	0.6541707432646137
259	0.44876160766244344
260	0.43094243552250594
261	0.6991156435836668
262	0.703035728716091
263	0.441224372992092
264	0.7890863545699734
265	0.4391878150525917
266	0.6091845765275195
267	0.45017961930800665
268	0.6155814218414586
269	0.9545030272955979
270	0.6909955231778601
271	0.6133967536547517
272	0.6789476389246111
273	0.6383182253268058
274	0.6474475040927594
275	0.7031219782690433
276	0.6317517829677947
277	0.680048355612094
278	0.8109785252468422
279	0.5851247093226659
280	0.7344447770971272
281	0.6501587893065639
282	0.6008219177670067
283	0.6363954377242291
284	0.7011184377720133
285	0.6226138722733535
286	0.6039372730471418
287	0.5390308559259718
288	0.7901374217256086
289	0.5400417726966298
290	0.5536859011002997
291	0.7807289585590568
292	0.7200163469003933
293	0.45976384734712394
294	0.5206133614430454
295	0.8222820917806364
296	0.7250438762717533
297	0.8070779238317607
298	0.6353348502656476
299	0.5940608745557525
300	0.5839830096721997
301	0.5258992921696171
302	0.5551280958436937
303	0.6857126848659765
304	0.6512693933212986
305	0.4282599651390046
306	0.4850026682878102
307	0.6228664238238847
308	0.5793351311048104
309	0.7015952462667193
310	0.7981134780144031
311	0.5732394815434498
312	0.6526208759560287
313	0.6443610777767631
314	0.5860231051514868
315	0.6496757943197132
316	0.560149987652326
317	0.5840814371539561
318	0.737162463600493
319	0.7988173665423465
320	0.5815279174112168
321	0.6626756091686866
322	0.5918002352640042
323	0.6493198434599408
324	0.7459817467481719
325	0.6332927300941686
326	0.5620622240759577
327	0.5779256307756921
328	0.6350084719497031
329	0.6376650918476507
330	0.6264400202191831
331	0.7207410605252156
332	0.6544953069000918
333	0.661517902840248
334	0.6269443433216381
335	0.5980029806303011
336	0.6304981516760867
337	0.7049984903013812
338	0.6722648211669225
339	0.5851643308891065
340	0.6094663280830264
341	0.6809654662477876
342	0.5788936461712259
343	0.6262898494231208
344	0.6055446008068932
345	0.6501778413691038
346	0.6609794505717237
347	0.5793520786856544
348	0.610170649908073
349	0.5666279837620815
350	0.5816813304617784
351	0.6454922466208936
352	0.6028973853851701
353	0.5887924303572385
354	0.5933696474329022
355	0.60910997112885
356	0.6955890405336467
357	0.6930078459900372
358	0.6595131792801014
359	0.5895298228901881
360	0.6553156807555784
361	0.4570016328912732
362	0.6220364621223268
363	0.46704879814820355
364	0.7098758394747242
365	0.5933198233995154
366	0.6374845037873101
367	0.6830363667184659
368	0.5794064028960713
369	0.5964965371686561
370	0.6371943192253795
371	0.5928330082701684
372	0.5917920845983019
373	0.592373797027623
374	0.6785720277502097
375	0.7504920022833038
376	0.6618807388050503
377	0.6658308407744608
378	0.6777649819573827
379	0.5829378195848061
380	0.6041750168186263
381	0.5944968538985893
382	0.6788050522257484
383	0.5798501201927383
384	0.6327009307725399
385	0.6894237404779444
386	0.5937671029629135
387	0.6106929394110918
388	0.5838249451593182
389	0.7016284098823968
390	0.573828842971636
391	0.6357091457158136
392	0.4698041386668985
393	0.5985522218416199
394	0.6404815535646691
395	0.7825792271652339
396	0.5118247761767495
397	0.6699097584246573
398	0.6354635864809455
399	0.5897717229979293
400	0.7560982026741585
401	0.6676614906164833
402	0.607828230656657
403	0.6272578720827371
404	0.6615029324911021
405	0.6891417810753518
406	0.8853211906634405
407	0.6154624297695147
408	0.7521258298913881
409	0.63847515678653
410	0.6242844571555124
411	0.7216821836831163
412	0.7365972908708245
413	0.6377259840336615
414	0.7071551701863412
415	0.6392088123655424
416	0.6866343514483524
417	0.6523272481080788
418	0.5846629898223418
419	0.6736886567669786
420	0.610083168504452
421	0.618756703148156
422	0.600132471536083
423	0.49896109780478337
424	0.7011733752399311
425	0.5562061317240101
426	0.6964075110318618
427	0.6343680430036123
428	0.6467802702939298
429	0.626433559888974
430	0.971935299557738
431	0.8601665486482639
432	0.7063941476602573
433	0.6621740724967834
434	0.5987311736702775
435	0.8225639030936849
436	0.6190967729361285
437	0.6192740594398783
438	0.7618350964365017
439	0.7520558541093914
440	0.5972882191658151
441	0.5486883185371657
442	0.6500391085650907
443	0.7836216051004978
444	0.6932147785729174
445	0.626645410421535
446	0.635439641770238
447	0.7368745625698905
448	0.40886726419846625
449	0.8285113648614479
450	0.5946252536638252
451	0.7315574151456242
452	0.6673658166999525
453	0.6522614568022377
454	0.6300129992668205
455	0.6838938475196058
456	0.7057456667703608
457	0.6690435894587333
458	0.5927529626534084
459	0.6291120445769165
460	0.6164414821090668
461	0.617063112289128
462	0.6672125929080842
463	0.7293781933587299
464	0.5541999971956607
465	0.6067112836591225
466	0.6996008911469044
467	0.5959660926755834
468	0.6723846665236244
469	0.5847042396547558
470	0.6500946595829793
471	0.5931872154724134
472	0.6301325400463116
473	0.6645776997292505
474	0.5853497583659718
475	0.7101516649448096
476	0.7083906637517956
477	0.6572168692048118
478	0.5927036297128941
479	0.6595365475229145
480	0.6591883054489436
481	0.5813001703202699
482	0.6862665822019532
483	0.641639643005897
484	0.7206780214372666
485	0.6498337944679102
486	0.5964520028565385
487	0.6661699281727914
488	0.651658031547297
489	0.6606622743770131
490	0.635245794749475
491	0.589919095398596
492	0.6567259881865994
493	0.7046658184182618
494	0.7214958109459813
495	0.610769064731351
496	0.6315057894661017
497	0.5871651537890552
498	0.7703836024711564
499	0.8379002143317791
500	0.599046805976371
501	0.6941662167282339
502	0.635675335381101
503	0.6765193113651368
504	0.7281968333111162
505	0.5523429061280003
506	0.6591733271142255
507	0.837784911327367
508	0.6253710165966331
509	0.622334428610451
510	0.6839511264312969
511	0.5777757147634673
512	0.6264031220890862
513	0.6362730125817876
514	0.7553672899695152
515	0.5013803961101256
516	0.6269716794550994
517	0.6024877657705224
518	0.8319455579832284
519	0.4324494320787458
520	0.7371896742225812
521	0.6985527725877119
522	0.5898985697342378
523	0.5818027495601282
524	0.6861257267855253
525	0.6657425720867768
526	0.6714043288978531
527	0.5885096589302615
528	0.5977485465897832
529	0.6002204104536465
530	0.5993567863585849
531	0.6831899596320049
532	0.6101815954068192
533	0.7240860765190397
534	0.7101294269300835
535	0.5877441897174713
536	0.5412978537822487
537	0.5844815226617589
538	0.5982263526483187
539	0.6083875314133981
540	0.5964774157546
541	0.6048570445037119
542	0.8170666415891091
543	0.630844730093377
544	0.7510081751376482
545	0.5785522227942267
546	0.7203706796330668
547	0.5797114628556453
548	0.7023017936702075
549	0.6151640004823503
550	0.7301122595315747
551	0.6556574378110477
552	0.5685111201731383
553	0.902593437575374
554	0.6752996094011766
555	0.578385784635962
556	0.8160363744936246
557	0.5928655440045985
558	0.6585872062446586
559	0.5932566211076046
560	0.6144842893650746
561	0.643737123879838
562	0.4710418361304018
563	0.592352242399247
564	0.6022168196044299
565	0.6150557923407621
566	0.679629482507791
567	0.8462186526120654
568	0.7163368733902689
569	0.58118149060895
570	0.7301962033637358
571	0.6383042966189575
572	0.6591969563721983
573	0.6128867523042388
574	0.5962851094053285
575	0.6126691805954468
576	0.4925420268767789
577	0.70980840216656
578	0.6295839807697599
579	0.6234678117782309
580	0.5452705933016684
581	0.5787731536517177
582	0.6133670273273584
583	0.643244769133223
584	0.7554681677609004
585	0.5779983176980797
586	0.6133598809940309
587	0.6299330224045405
588	0.5492398481241844
589	0.698128815991897
590	0.6921840967907159
591	0.6542841678030966
592	0.6187415995360779
593	0.6476531354480923
594	0.5994170816087583
595	0.6471222725989795
596	0.6346469508648395
597	0.7931148190813773
598	0.6949194232908629
599	0.6455913971595951
600	0.6940536659244068
601	0.8128060505927894
602	0.6765378668174212
603	0.48150659072622914
604	0.6009944653454374
605	0.4701939978345374
606	0.6468839865236445
607	0.5905990629150463
608	0.5929228778980385
609	0.6233862029574446
610	0.5974839716318971
611	0.5074116470046833
612	0.6357650905656941
613	0.5846504223197464
614	0.6106974865560102
615	0.621983112441967
616	0.6298087326234957
617	0.6392779506584046
618	0.49926412879896714
619	0.6638106897941105
620	0.6252275177062623
621	0.9107519248674177
622	0.3685572262514976
623	0.5657880674327033
624	0.6069976714249642
625	0.49491678316456467
626	0.5332460460771479
627	0.593659614686128
628	0.5174801044194252
629	0.7829873878282191
630	0.8053233665810327
631	0.6534270112824784
632	0.438981207418336
633	0.4485345179522665
634	0.4324144422160921
635	0.5404285065692475
636	0.538150848309369
637	0.5727841305879308
638	0.6027601674491282
639	0.5824270448187514
640	0.5988749904786375
641	0.5782184924495675
642	0.5301388538106392
643	0.795253140159468
644	0.605948620724929
645	0.5985303217213251
646	0.5780691764681112
647	0.7428463295592763
648	0.722936430804834
649	0.535436595048606
650	0.5702734190090166
651	0.6725241659970882
652	0.6062018197716149
653	0.6249984430386597
654	0.6271251251030956
655	0.6010351665381563
656	0.7264836585475454
657	0.5975262772351722
658	0.5795409076912018
659	0.6534089747241506
660	0.6692337570083755
661	0.6622792360261349
662	0.5990346067732579
663	0.5987311279016203
664	0.6241634922519623
665	0.6237871804169105
666	0.593503118236954
667	0.6838889106667455
668	0.6087474830160164
669	0.4406057864649595
670	0.607193262528517
671	0.4753643318342997
672	0.7068312007844583
673	0.6728594324696654
674	0.6522769193034308
675	0.6019030057468093
676	0.6999165790919111
677	0.6456946202149249
678	0.5986451295473382
679	0.6372142401633445
680	0.7018844315054799
681	0.6604628674117192
682	0.6601251431173477
683	0.63791692171234
684	0.6486316338711219
685	0.7925545881510473
686	0.635604384137646
687	0.5893724338192036
688	0.5354667915803186
689	0.1786610268612595
690	0.5167739428162701
691	0.6617672723831629
692	0.5704788067448041
693	0.5950416063910003
694	0.8301339407489309
695	0.5949782337565924
696	0.8443670800755212
697	0.6078326836757663
698	0.9347832870181381
699	0.9094857959292257
700	0.6068539122566234
701	0.606325705040138
702	0.6885733156498072
703	0.6253356444543362
704	0.5953602336494327
705	0.6268521207283265
706	0.8400691288919966
707	0.5983716197996707
708	0.5971356137718257
709	0.6790348591526563
710	0.6543346228931622
711	0.5998384608198263
712	0.5843541498093566
713	0.5913487132234656
714	0.6035191789835682
715	0.5589321262497238
716	0.5782701946519446
717	0.6274674214069432
718	0.6944811885822728
719	0.5297434007084175
720	0.5261981879843728
721	0.6886059363805889
722	0.6004834384964957
723	0.6746021622313003
724	0.5991244922326516
725	0.5274697347937644
726	0.435527406258613
727	0.6290869684519576
728	0.6164317613475853
729	0.5875174949423102
730	0.6830448345668393
731	0.6481350738501734
732	0.5866533519584951
733	0.6396115947847494
734	0.6893811640464066
735	0.5407049114561612
736	0.49682992488709027
737	0.5952059266342533
738	0.7095083245498357
739	0.5369935698196294
740	0.40400896380561235
741	0.6198997021615247
742	0.7395263882905572
743	0.6119061472666708
744	0.4961895902219415
745	0.6726800862935627
746	0.5781121104773141
747	0.6121186324352831
748	0.6047371896905185
749	0.7069305259607758
750	0.6043694711186883
751	0.82200319947094
752	0.5827899187747471
753	0.6413979447392327
754	0.8858737605978655
755	0.6397550824773567
756	0.7121027195670615
757	0.5871647181780167
758	0.7538664100230609
759	0.5631337288470295
760	0.6208818480482974
761	0.6989042064963835
762	0.4745403477842153
763	0.4896811484951396
764	0.5838324861355498
765	0.6102515256536443
766	0.4446659346014027
767	0.4378463210411898
768	0.44866697696029345
769	0.48282125232683887
770	0.5012977629564324
771	0.5896032805278989
772	0.6773043471525467
773	0.6341638774717565
774	0.5872539954563359
775	0.5797161485920901
776	0.5369422727394668
777	0.5746090428817436
778	0.6402660642585303
779	0.7014160693854039
780	0.4395217418423124
781	0.4344423306175643
782	0.6502248865931013
783	0.7741637419319579
784	0.5646348540442806
785	0.5786378535219461
786	0.6494515119048025
787	0.6112057714557719
788	0.6381916106424927
789	0.6759276306811315
790	0.6130661256224673
791	0.6230440312909882
792	0.6059605320116411
793	0.810157086063078
794	0.6318183654960602
795	0.6859303994029836
796	0.6465651961202512
797	0.4872324587070035
798	0.6802109322153818
799	0.7592083012073781
800	0.8412466828989208
801	0.6165427407639515
802	0.6204180027632823
803	0.6093690899616432
804	0.8205184058995799
805	0.8009371920497508
806	0.6904383808661365
807	0.7293843991234434
808	0.8248321505127293
809	0.7072404247626058
810	0.5894636588482729
811	0.6579616747719182
812	0.7070823368546851
813	0.5339347920298796
814	0.6026434863664588
815	0.7688346540646888
816	0.8332769506806672
817	0.658083877773082
818	0.7441202118645636
819	0.5462266063711723
820	0.6359195351674871
821	0.35044552384305877
822	0.6127504091589229
823	0.5127459877195036
824	0.729875732036139
825	0.591477526636769
826	0.6874474734338215
827	0.6120105943483557
828	0.6793438607198993
829	0.6724261242867332
830	0.772164972355566
831	0.6693891583542237
832	0.610988887326586
833	0.6273816380500103
834	0.6601899863093236
835	0.6556755736480726
836	0.7190976349412462
837	0.7311922328846956
838	0.6579660780123822
839	0.8232195422417049
840	0.5838468043628182
841	0.5961046554835386
842	0.6597352200041691
843	0.7345582330232302
844	0.6989154436991102
845	0.7730253851969752
846	0.6457645186457658
847	0.6520842929986259
848	0.6750969751421272
849	0.6553107164262602
850	0.5960991425455774
851	0.5350661876688776
852	0.6132585161976295
853	0.6773319638874006
854	0.6474103044868853
855	0.6429331398205754
856	0.6778700158355615
857	0.5300526228386431
858	0.6152047411917237
859	0.7043033565903855
860	0.6105169758358496
861	0.6182937453431117
862	0.5909795451228406
863	0.7138281093450629
864	0.6492328748055085
865	0.71862805208676
866	0.579322651917903
867	0.6184108606537736
868	0.6644654044918933
869	0.6464836662939757
870	0.7467365543105837
871	0.6609604858322358
872	0.43027422102565055
873	0.6646679940883035
874	0.6339212634834084
875	0.6003250303868826
876	0.4434053935619724
877	0.6225489309984207
878	0.6629192819212791
879	0.6211665786324508
880	0.622776995125041
881	0.5923802401856094
882	0.6290495257376668
883	0.51203090701531
884	0.5904814289482797
885	0.6293481028588512
886	0.6708799615329869
887	0.5408546291487639
888	0.6545448850702569
889	0.5347374254893144
890	0.6367906071196454
891	0.4273559725154704
892	0.508999651179668
893	0.6200985681825707
894	0.6088714869839578
895	0.5951475172309256
896	0.5906423306998559
897	0.5633524764026837
898	0.5689765188067947
899	0.6508324717883902
900	0.6020140746033779
901	0.7054131346156799
902	0.5771171489727754
903	0.7174674918946057
904	0.5482223491494296
905	0.6417276809516932
906	0.7612285482131211
907	0.5970307558980402
908	0.6638341447576194
909	0.684449266046399
910	0.6328184336874122
911	0.6881586609197137
912	0.652662962762539
913	0.6622219491480166
914	0.5837797530681617
915	0.6384059904807529
916	0.6890755845751652
917	0.6414143098355796
918	0.6287349830079032
919	0.6190950923639745
920	0.6175341297220979
921	0.412650567051309
922	0.29170634420978014
923	0.5129643465823059
924	0.4793331760182027
925	0.4464495294874368
926	0.5113924349386167
927	0.5862089135260702
928	0.6503998430015572
929	0.4372732760073854
930	0.5766137918200761
931	0.6059990066832754
932	0.6117020293840939
933	0.4606650352324325
934	0.4496573872889731
935	0.5879177668616109
936	0.5806896129471157
937	0.5246859198003917
938	0.5472520642324946
939	0.5694734435042073
940	0.5756294248367976
941	0.5529421260924949
942	0.5613667444695025
943	0.5974372484473225
944	0.5319929159958903
945	0.5308191525983087
946	0.5403607380556869
947	0.6529561867880915
948	0.4913696195194197
949	0.5367339029516391
950	0.6190690386319315
951	0.7186710563327755
952	0.4694792114582028
953	0.48719476736195266
954	0.6202894210706345
955	0.6298545593702984
956	0.47045174462867
957	0.5930270919040926
958	0.5555638055319676
959	0.636350463433785
960	0.5023016081518465
961	0.5775773201925786
962	0.6603967460079342
963	0.8054024404088603
964	0.6814506455553683
965	0.6543412697441682
966	0.6725638652628861
967	0.4441386487960486
968	0.5607274670026621
969	0.8895898560439651
970	0.87901598952752
